/*--------------------------------*- C++ -*----------------------------------*\
  =========                 |
  \\      /  F ield         | OpenFOAM: The Open Source CFD Toolbox
   \\    /   O peration     | Website:  https://openfoam.org
    \\  /    A nd           | Version:  9
     \\/     M anipulation  |
\*---------------------------------------------------------------------------*/
FoamFile
{
    format      ascii;
    class       volScalarField;
    location    "19.5";
    object      p;
}
// * * * * * * * * * * * * * * * * * * * * * * * * * * * * * * * * * * * * * //

dimensions      [0 2 -2 0 0 0 0];

internalField   nonuniform List<scalar> 
8500
(
-0.308919
-0.313198
-0.314079
-0.315914
-0.318137
-0.318546
-0.322591
-0.319239
-0.326003
-0.319252
-0.30919
-0.313406
-0.314281
-0.316083
-0.31834
-0.31864
-0.322892
-0.31916
-0.32641
-0.319094
-0.309725
-0.313816
-0.314676
-0.316413
-0.318735
-0.318815
-0.323482
-0.318985
-0.327216
-0.318781
-0.310509
-0.314415
-0.315253
-0.316887
-0.319306
-0.31905
-0.324339
-0.318685
-0.328402
-0.318321
-0.311524
-0.315189
-0.31599
-0.317482
-0.320024
-0.319318
-0.325423
-0.318226
-0.329939
-0.31772
-0.312745
-0.316118
-0.316864
-0.318169
-0.320853
-0.319591
-0.326679
-0.317574
-0.331781
-0.316969
-0.314144
-0.317179
-0.317848
-0.318918
-0.321746
-0.319845
-0.328026
-0.316703
-0.333874
-0.316013
-0.315693
-0.318349
-0.318913
-0.3197
-0.32265
-0.320067
-0.329371
-0.315608
-0.336139
-0.314856
-0.317366
-0.319608
-0.320028
-0.320488
-0.323506
-0.320255
-0.330599
-0.314387
-0.338095
-0.313751
-0.319138
-0.320935
-0.321167
-0.321262
-0.32426
-0.320426
-0.33148
-0.313239
-0.339773
-0.312241
-0.320989
-0.322314
-0.322304
-0.322006
-0.324853
-0.320676
-0.331905
-0.312056
-0.341104
-0.310548
-0.322907
-0.323734
-0.323419
-0.322713
-0.325173
-0.32104
-0.331894
-0.310936
-0.341652
-0.309167
-0.324884
-0.32519
-0.324503
-0.323405
-0.325259
-0.321385
-0.331438
-0.310198
-0.340865
-0.308641
-0.326925
-0.326682
-0.325548
-0.324056
-0.325171
-0.321667
-0.330467
-0.310001
-0.338349
-0.308971
-0.329043
-0.328218
-0.326569
-0.324646
-0.324952
-0.321861
-0.329053
-0.310258
-0.3341
-0.3093
-0.331263
-0.329804
-0.327604
-0.325184
-0.324655
-0.321785
-0.327321
-0.31059
-0.328641
-0.308508
-0.333622
-0.331464
-0.328681
-0.325705
-0.324358
-0.321398
-0.325355
-0.310608
-0.322612
-0.306091
-0.336159
-0.33323
-0.329838
-0.326249
-0.324121
-0.320723
-0.32312
-0.310118
-0.316255
-0.302087
-0.338925
-0.335137
-0.331118
-0.32685
-0.323945
-0.319873
-0.320525
-0.309038
-0.309488
-0.296921
-0.341977
-0.337227
-0.332573
-0.327535
-0.323791
-0.318964
-0.317553
-0.307219
-0.302354
-0.29135
-0.345371
-0.33955
-0.334255
-0.328303
-0.323631
-0.318028
-0.31428
-0.304436
-0.295471
-0.285841
-0.349152
-0.342176
-0.336201
-0.329137
-0.323501
-0.316999
-0.310786
-0.300653
-0.289253
-0.279127
-0.353394
-0.345156
-0.338414
-0.330048
-0.323455
-0.315753
-0.307096
-0.296143
-0.282998
-0.27221
-0.358161
-0.348556
-0.340855
-0.331122
-0.323486
-0.314184
-0.303207
-0.291047
-0.276733
-0.265264
-0.363515
-0.352426
-0.343472
-0.332489
-0.323498
-0.312234
-0.299071
-0.285564
-0.270352
-0.25824
-0.369525
-0.356776
-0.346271
-0.33422
-0.323369
-0.309878
-0.29467
-0.279785
-0.263834
-0.251201
-0.376265
-0.361555
-0.349371
-0.336231
-0.322998
-0.307112
-0.289988
-0.273772
-0.257184
-0.24408
-0.383804
-0.366664
-0.352976
-0.338315
-0.32231
-0.303942
-0.285018
-0.267547
-0.250387
-0.236875
-0.392185
-0.371998
-0.357272
-0.340257
-0.321233
-0.300372
-0.279752
-0.261114
-0.24344
-0.229546
-0.401379
-0.3775
-0.362292
-0.341904
-0.319699
-0.296397
-0.27418
-0.254461
-0.236324
-0.222074
-0.411267
-0.383185
-0.367848
-0.343163
-0.317646
-0.291999
-0.268285
-0.247572
-0.229021
-0.214431
-0.421617
-0.389133
-0.373544
-0.343957
-0.315021
-0.287148
-0.262046
-0.240424
-0.221508
-0.206596
-0.432096
-0.395443
-0.378891
-0.344195
-0.311781
-0.281808
-0.255433
-0.232993
-0.213762
-0.198547
-0.442385
-0.402175
-0.383429
-0.343764
-0.307889
-0.275943
-0.248416
-0.225253
-0.205759
-0.190266
-0.452181
-0.409291
-0.386809
-0.342531
-0.303302
-0.269517
-0.240961
-0.217174
-0.197478
-0.181733
-0.461228
-0.416613
-0.388818
-0.34036
-0.297975
-0.2625
-0.233037
-0.208728
-0.188898
-0.172933
-0.469325
-0.423811
-0.389354
-0.337126
-0.291856
-0.254856
-0.224613
-0.199891
-0.179999
-0.163851
-0.476313
-0.430422
-0.388408
-0.332729
-0.284893
-0.246554
-0.215661
-0.190639
-0.170762
-0.154482
-0.482066
-0.435919
-0.386009
-0.327103
-0.277032
-0.237559
-0.206155
-0.180952
-0.161172
-0.144833
-0.486475
-0.439828
-0.382134
-0.3202
-0.268224
-0.227839
-0.196073
-0.170812
-0.151215
-0.13493
-0.48944
-0.441817
-0.376661
-0.311975
-0.258428
-0.217363
-0.185395
-0.160201
-0.140881
-0.124789
-0.490855
-0.441608
-0.369499
-0.302384
-0.247608
-0.206108
-0.174107
-0.149105
-0.130161
-0.114383
-0.490587
-0.439003
-0.360587
-0.291388
-0.235737
-0.194055
-0.162194
-0.137512
-0.119065
-0.103649
-0.488479
-0.433867
-0.349881
-0.278966
-0.222796
-0.181189
-0.149644
-0.125412
-0.107636
-0.0925082
-0.484343
-0.426112
-0.337329
-0.265116
-0.208771
-0.167495
-0.136444
-0.112807
-0.0959172
-0.0809461
-0.47797
-0.415681
-0.322895
-0.249842
-0.193649
-0.15297
-0.122599
-0.0997378
-0.0838815
-0.0691101
-0.469144
-0.402538
-0.306558
-0.233144
-0.177416
-0.137637
-0.10815
-0.0862888
-0.0714167
-0.0570732
-0.457654
-0.386668
-0.28831
-0.215019
-0.160082
-0.121559
-0.0931638
-0.0724284
-0.0585348
-0.0448379
-0.443305
-0.36807
-0.268145
-0.195489
-0.141736
-0.104788
-0.0775986
-0.0581697
-0.0452825
-0.0324101
-0.425939
-0.346763
-0.24605
-0.17464
-0.122521
-0.0872343
-0.061493
-0.0435268
-0.0317072
-0.0198039
-0.405439
-0.322808
-0.222028
-0.152627
-0.102376
-0.0689507
-0.0448866
-0.0285242
-0.0178513
-0.00704652
-0.381738
-0.296331
-0.196169
-0.129416
-0.081349
-0.0499964
-0.0278232
-0.0131946
-0.00375567
0.00582496
-0.354826
-0.26749
-0.168663
-0.104931
-0.0594987
-0.0304374
-0.0103506
0.00242247
0.01054
0.0187662
-0.324752
-0.236311
-0.139651
-0.0792859
-0.0368928
-0.0103439
0.0074769
0.0182831
0.0249993
0.0317327
-0.291637
-0.202565
-0.109498
-0.0526257
-0.0136056
0.0102093
0.0255987
0.0343419
0.0395912
0.0446805
-0.255655
-0.16655
-0.0781667
-0.0250993
0.010276
0.0311421
0.0439497
0.0505576
0.0542837
0.0575394
-0.216902
-0.128676
-0.0457132
0.00314718
0.0346517
0.0523694
0.0624649
0.0668962
0.0690214
0.0701357
-0.175362
-0.0895603
-0.0122684
0.0319712
0.0594106
0.0738014
0.0810821
0.0833245
0.0836919
0.0821328
-0.131511
-0.0493671
0.0219877
0.0612297
0.0844331
0.0953452
0.0997406
0.0997829
0.0981204
0.0932409
-0.0857104
-0.00828937
0.0568507
0.0907733
0.109593
0.116905
0.118372
0.116161
0.112144
0.103778
-0.0383399
0.0334351
0.0921009
0.120445
0.134761
0.138384
0.136893
0.132318
0.125708
0.115062
0.0101974
0.0755421
0.127509
0.150081
0.159801
0.159682
0.155204
0.148143
0.139017
0.126876
0.0594818
0.11775
0.16284
0.179512
0.184579
0.180692
0.173213
0.163604
0.152119
0.138734
0.109082
0.159766
0.197857
0.208562
0.208957
0.201306
0.190822
0.178654
0.164961
0.150457
0.158559
0.201291
0.232321
0.237057
0.232796
0.221414
0.207944
0.193246
0.177468
0.161865
0.207474
0.242025
0.265997
0.264818
0.255958
0.240905
0.224492
0.207323
0.189575
0.172861
0.255389
0.281667
0.298653
0.291671
0.278306
0.25967
0.240384
0.220823
0.201213
0.183365
0.301874
0.319925
0.33006
0.317444
0.299706
0.277605
0.255536
0.233683
0.212319
0.193318
0.346509
0.356521
0.360002
0.341968
0.320029
0.294604
0.26987
0.245839
0.222832
0.202671
0.388885
0.391192
0.38827
0.365083
0.339148
0.310569
0.283309
0.25723
0.232694
0.211381
0.428625
0.423683
0.414664
0.386632
0.356943
0.325407
0.29578
0.267796
0.241851
0.21941
0.465431
0.453706
0.438997
0.406472
0.373304
0.339029
0.307215
0.277483
0.250252
0.226724
0.499007
0.481003
0.461093
0.424464
0.388124
0.351354
0.317549
0.286238
0.257848
0.233291
0.529061
0.505358
0.48079
0.440487
0.40131
0.362308
0.326726
0.294013
0.264596
0.239087
0.555331
0.526585
0.497948
0.454431
0.412776
0.371824
0.334692
0.300763
0.270456
0.244089
0.577586
0.544524
0.51244
0.466201
0.422448
0.379845
0.341403
0.306449
0.275394
0.24828
0.59563
0.55904
0.524162
0.475714
0.430262
0.386321
0.346819
0.311039
0.27938
0.251646
0.609304
0.570023
0.533029
0.482908
0.436168
0.391214
0.350909
0.314505
0.282391
0.254177
0.618487
0.577391
0.538977
0.487731
0.440127
0.394492
0.353649
0.316828
0.284408
0.255866
0.623099
0.581089
0.541961
0.49015
0.442113
0.396137
0.355023
0.317993
0.28542
0.256712
0.623099
0.581089
0.541961
0.49015
0.442113
0.396137
0.355023
0.317993
0.28542
0.256712
0.618487
0.577391
0.538977
0.487731
0.440127
0.394492
0.353649
0.316828
0.284408
0.255866
0.609304
0.570023
0.533029
0.482908
0.436168
0.391214
0.350909
0.314505
0.282391
0.254177
0.59563
0.55904
0.524162
0.475714
0.430262
0.386321
0.346819
0.311039
0.27938
0.251646
0.577586
0.544524
0.51244
0.466201
0.422448
0.379845
0.341403
0.306449
0.275394
0.24828
0.555331
0.526585
0.497948
0.454431
0.412776
0.371824
0.334692
0.300763
0.270456
0.244089
0.529061
0.505358
0.48079
0.440487
0.40131
0.362308
0.326726
0.294013
0.264596
0.239087
0.499007
0.481003
0.461093
0.424464
0.388124
0.351354
0.317549
0.286238
0.257848
0.233291
0.465431
0.453706
0.438997
0.406472
0.373304
0.339029
0.307215
0.277483
0.250252
0.226724
0.428625
0.423683
0.414664
0.386632
0.356943
0.325407
0.29578
0.267796
0.241851
0.21941
0.388885
0.391192
0.38827
0.365083
0.339148
0.310569
0.283309
0.25723
0.232694
0.211381
0.346509
0.356521
0.360002
0.341968
0.320029
0.294604
0.26987
0.245839
0.222832
0.202671
0.301874
0.319925
0.33006
0.317444
0.299706
0.277605
0.255536
0.233683
0.212319
0.193318
0.255389
0.281667
0.298653
0.291671
0.278306
0.25967
0.240384
0.220823
0.201213
0.183365
0.207474
0.242025
0.265997
0.264818
0.255958
0.240905
0.224492
0.207323
0.189575
0.172861
0.158559
0.201291
0.232321
0.237057
0.232796
0.221414
0.207944
0.193246
0.177468
0.161865
0.109082
0.159766
0.197857
0.208562
0.208957
0.201306
0.190822
0.178654
0.164961
0.150457
0.0594818
0.11775
0.16284
0.179512
0.184579
0.180692
0.173213
0.163604
0.152119
0.138734
0.0101974
0.0755421
0.127509
0.150081
0.159801
0.159682
0.155204
0.148143
0.139017
0.126876
-0.0383399
0.0334351
0.0921009
0.120445
0.134761
0.138384
0.136893
0.132318
0.125708
0.115062
-0.0857104
-0.00828936
0.0568507
0.0907733
0.109593
0.116905
0.118372
0.116161
0.112144
0.103778
-0.131511
-0.0493671
0.0219877
0.0612297
0.0844332
0.0953452
0.0997406
0.0997829
0.0981204
0.0932409
-0.175362
-0.0895603
-0.0122684
0.0319712
0.0594106
0.0738015
0.0810821
0.0833245
0.0836919
0.0821328
-0.216902
-0.128676
-0.0457132
0.00314719
0.0346517
0.0523694
0.062465
0.0668962
0.0690214
0.0701357
-0.255655
-0.16655
-0.0781667
-0.0250993
0.010276
0.0311421
0.0439498
0.0505576
0.0542837
0.0575394
-0.291637
-0.202565
-0.109498
-0.0526257
-0.0136056
0.0102093
0.0255987
0.0343419
0.0395912
0.0446805
-0.324752
-0.236311
-0.139651
-0.0792859
-0.0368928
-0.0103439
0.00747691
0.0182831
0.0249993
0.0317327
-0.354826
-0.26749
-0.168663
-0.104931
-0.0594987
-0.0304374
-0.0103506
0.00242248
0.01054
0.0187663
-0.381738
-0.296331
-0.196169
-0.129416
-0.081349
-0.0499964
-0.0278232
-0.0131946
-0.00375566
0.00582497
-0.405439
-0.322808
-0.222028
-0.152627
-0.102376
-0.0689507
-0.0448866
-0.0285242
-0.0178513
-0.00704652
-0.425939
-0.346763
-0.24605
-0.17464
-0.122521
-0.0872343
-0.061493
-0.0435267
-0.0317072
-0.0198039
-0.443305
-0.368069
-0.268145
-0.195489
-0.141736
-0.104788
-0.0775986
-0.0581697
-0.0452825
-0.0324101
-0.457654
-0.386668
-0.28831
-0.215019
-0.160082
-0.121559
-0.0931638
-0.0724284
-0.0585348
-0.0448379
-0.469144
-0.402538
-0.306558
-0.233144
-0.177416
-0.137637
-0.10815
-0.0862887
-0.0714167
-0.0570731
-0.47797
-0.415681
-0.322895
-0.249842
-0.193649
-0.15297
-0.122599
-0.0997378
-0.0838815
-0.0691101
-0.484343
-0.426112
-0.337329
-0.265116
-0.208771
-0.167495
-0.136444
-0.112807
-0.0959172
-0.0809461
-0.488479
-0.433867
-0.349881
-0.278966
-0.222796
-0.181189
-0.149644
-0.125412
-0.107636
-0.0925081
-0.490587
-0.439003
-0.360587
-0.291388
-0.235737
-0.194055
-0.162194
-0.137512
-0.119065
-0.103649
-0.490855
-0.441608
-0.369499
-0.302384
-0.247608
-0.206108
-0.174107
-0.149105
-0.130161
-0.114383
-0.48944
-0.441817
-0.376661
-0.311975
-0.258428
-0.217363
-0.185395
-0.160201
-0.140881
-0.124789
-0.486475
-0.439828
-0.382134
-0.3202
-0.268224
-0.227839
-0.196073
-0.170812
-0.151215
-0.13493
-0.482066
-0.435919
-0.386009
-0.327103
-0.277032
-0.237559
-0.206155
-0.180952
-0.161172
-0.144833
-0.476313
-0.430422
-0.388408
-0.332729
-0.284893
-0.246554
-0.215661
-0.190639
-0.170762
-0.154482
-0.469325
-0.423811
-0.389354
-0.337126
-0.291856
-0.254856
-0.224613
-0.199891
-0.179999
-0.163851
-0.461228
-0.416613
-0.388818
-0.34036
-0.297975
-0.2625
-0.233037
-0.208728
-0.188898
-0.172933
-0.452181
-0.409291
-0.386809
-0.342531
-0.303302
-0.269517
-0.240961
-0.217174
-0.197478
-0.181733
-0.442385
-0.402175
-0.383429
-0.343764
-0.307889
-0.275943
-0.248416
-0.225253
-0.205759
-0.190266
-0.432096
-0.395443
-0.378891
-0.344195
-0.311781
-0.281808
-0.255433
-0.232993
-0.213762
-0.198547
-0.421617
-0.389133
-0.373544
-0.343957
-0.315021
-0.287148
-0.262046
-0.240424
-0.221508
-0.206596
-0.411267
-0.383185
-0.367848
-0.343163
-0.317646
-0.291999
-0.268285
-0.247572
-0.229021
-0.214431
-0.401379
-0.3775
-0.362292
-0.341904
-0.319699
-0.296397
-0.27418
-0.254461
-0.236324
-0.222074
-0.392185
-0.371998
-0.357272
-0.340257
-0.321233
-0.300372
-0.279752
-0.261114
-0.24344
-0.229546
-0.383804
-0.366664
-0.352976
-0.338315
-0.32231
-0.303942
-0.285018
-0.267547
-0.250387
-0.236875
-0.376265
-0.361555
-0.349371
-0.336231
-0.322998
-0.307112
-0.289988
-0.273772
-0.257184
-0.24408
-0.369525
-0.356776
-0.346271
-0.33422
-0.323369
-0.309878
-0.29467
-0.279785
-0.263834
-0.251201
-0.363515
-0.352426
-0.343472
-0.332489
-0.323498
-0.312234
-0.299071
-0.285564
-0.270352
-0.25824
-0.358161
-0.348556
-0.340855
-0.331122
-0.323486
-0.314184
-0.303207
-0.291047
-0.276733
-0.265264
-0.353394
-0.345156
-0.338414
-0.330048
-0.323455
-0.315753
-0.307096
-0.296143
-0.282998
-0.27221
-0.349152
-0.342176
-0.336201
-0.329137
-0.323501
-0.316999
-0.310786
-0.300653
-0.289253
-0.279127
-0.345371
-0.33955
-0.334255
-0.328303
-0.323631
-0.318028
-0.31428
-0.304436
-0.295471
-0.285841
-0.341977
-0.337227
-0.332573
-0.327535
-0.323791
-0.318964
-0.317553
-0.307219
-0.302354
-0.29135
-0.338925
-0.335137
-0.331118
-0.32685
-0.323945
-0.319873
-0.320525
-0.309038
-0.309488
-0.296921
-0.336159
-0.33323
-0.329838
-0.326249
-0.324121
-0.320723
-0.32312
-0.310118
-0.316255
-0.302087
-0.333622
-0.331464
-0.328681
-0.325705
-0.324358
-0.321398
-0.325355
-0.310608
-0.322613
-0.306091
-0.331263
-0.329804
-0.327604
-0.325184
-0.324655
-0.321785
-0.327321
-0.31059
-0.328641
-0.308508
-0.329043
-0.328218
-0.326569
-0.324646
-0.324952
-0.321861
-0.329053
-0.310258
-0.3341
-0.3093
-0.326925
-0.326682
-0.325548
-0.324056
-0.325171
-0.321667
-0.330467
-0.310002
-0.338349
-0.308971
-0.324884
-0.32519
-0.324503
-0.323405
-0.325259
-0.321385
-0.331438
-0.310198
-0.340865
-0.308641
-0.322907
-0.323734
-0.323419
-0.322713
-0.325173
-0.32104
-0.331894
-0.310936
-0.341652
-0.309167
-0.320989
-0.322314
-0.322304
-0.322006
-0.324853
-0.320676
-0.331905
-0.312056
-0.341104
-0.310548
-0.319138
-0.320935
-0.321167
-0.321262
-0.32426
-0.320426
-0.33148
-0.313239
-0.339773
-0.312241
-0.317366
-0.319608
-0.320028
-0.320488
-0.323506
-0.320255
-0.330599
-0.314387
-0.338095
-0.313751
-0.315693
-0.318349
-0.318913
-0.3197
-0.32265
-0.320067
-0.329371
-0.315608
-0.336139
-0.314856
-0.314144
-0.317179
-0.317848
-0.318918
-0.321746
-0.319845
-0.328026
-0.316703
-0.333874
-0.316013
-0.312745
-0.316118
-0.316864
-0.318169
-0.320853
-0.319591
-0.326679
-0.317574
-0.331781
-0.316969
-0.311524
-0.315189
-0.31599
-0.317482
-0.320024
-0.319318
-0.325423
-0.318226
-0.329939
-0.31772
-0.310509
-0.314415
-0.315253
-0.316887
-0.319306
-0.31905
-0.324339
-0.318685
-0.328402
-0.318321
-0.309725
-0.313816
-0.314676
-0.316413
-0.318735
-0.318815
-0.323482
-0.318985
-0.327216
-0.318781
-0.30919
-0.313406
-0.314281
-0.316083
-0.31834
-0.31864
-0.322892
-0.31916
-0.32641
-0.319094
-0.308919
-0.313198
-0.314079
-0.315914
-0.318137
-0.318546
-0.322591
-0.319239
-0.326003
-0.319252
-0.328026
-0.320637
-0.32504
-0.322058
-0.324386
-0.32363
-0.323651
-0.318838
-0.307225
-0.283769
-0.24652
-0.192433
-0.127866
-0.0664367
-0.0218266
0.00497632
0.0167097
0.0196339
0.0180177
0.0145597
0.0109283
0.00776538
0.00531731
0.0034123
0.00204952
0.00136849
0.000815347
0.000723003
0.000226542
0.000244586
-0.328233
-0.320708
-0.325062
-0.322098
-0.324431
-0.323743
-0.323848
-0.319173
-0.307711
-0.284412
-0.247335
-0.193333
-0.128692
-0.0670837
-0.0222948
0.00464914
0.0164829
0.0194762
0.0179099
0.014486
0.0108769
0.00773018
0.00529358
0.00339588
0.00203716
0.00135986
0.000809471
0.000719583
0.000224032
0.000242239
-0.328613
-0.320834
-0.325098
-0.322165
-0.324506
-0.323945
-0.324208
-0.319793
-0.30862
-0.285621
-0.248877
-0.195046
-0.130314
-0.068328
-0.0232272
0.00398894
0.0160222
0.0191552
0.0176905
0.0143363
0.010773
0.00765912
0.00524575
0.0033629
0.00201248
0.0013426
0.000797759
0.000712687
0.000219087
0.000237614
-0.329112
-0.320982
-0.325136
-0.322237
-0.324585
-0.32419
-0.324667
-0.320608
-0.309842
-0.287264
-0.250985
-0.197436
-0.132538
-0.0701926
-0.0246165
0.00298587
0.0153156
0.0186615
0.017353
0.0141067
0.0106145
0.00755105
0.00517312
0.00331307
0.00197562
0.00131675
0.000780282
0.000702209
0.00021185
0.000230839
-0.329656
-0.321113
-0.325158
-0.322287
-0.324638
-0.324428
-0.325151
-0.321517
-0.311233
-0.289168
-0.253487
-0.2003
-0.135317
-0.0725626
-0.026447
0.00162885
0.0143495
0.0179838
0.0168894
0.0137928
0.0103991
0.00740457
0.00507486
0.00324609
0.00192675
0.00128238
0.000757148
0.000688015
0.000202513
0.000222099
-0.330164
-0.321203
-0.325151
-0.322288
-0.324635
-0.32461
-0.32558
-0.322372
-0.312657
-0.291181
-0.256154
-0.203443
-0.13852
-0.0753892
-0.0287041
-8.70319e-05
0.0131124
0.0171122
0.0162927
0.01339
0.0101243
0.00721839
0.00495018
0.00316167
0.0018661
0.00123959
0.00072849
0.000669964
0.000191296
0.000211623
-0.330657
-0.321153
-0.325103
-0.322228
-0.324565
-0.324684
-0.325898
-0.323178
-0.313979
-0.293113
-0.258842
-0.206751
-0.142003
-0.0786038
-0.0313664
-0.00215571
0.011598
0.0160407
0.0155583
0.0128957
0.00978877
0.00699166
0.00479847
0.00305964
0.00179397
0.00118855
0.000694471
0.000647938
0.000178427
0.000199666
-0.330788
-0.321185
-0.324903
-0.322146
-0.324351
-0.324662
-0.326022
-0.323712
-0.315083
-0.294886
-0.261402
-0.210049
-0.145666
-0.0821415
-0.0344012
-0.00456904
0.00981102
0.0147697
0.0146853
0.0123088
0.00939203
0.00672417
0.00461952
0.00294004
0.00171071
0.00112953
0.000655282
0.000621859
0.000164114
0.0001865
-0.330622
-0.321141
-0.324582
-0.321994
-0.324032
-0.324478
-0.325938
-0.324013
-0.315911
-0.296373
-0.263722
-0.213239
-0.149412
-0.0859379
-0.0377704
-0.00730478
0.00776355
0.0133056
0.0136768
0.0116311
0.00893511
0.00641657
0.0044136
0.00280312
0.00161673
0.00106284
0.000611139
0.000591712
0.00014854
0.000172394
-0.330072
-0.321
-0.324127
-0.321739
-0.323592
-0.324119
-0.325634
-0.324003
-0.316399
-0.297513
-0.265719
-0.216228
-0.153163
-0.0899309
-0.0414293
-0.0103323
0.00547501
0.0116603
0.0125398
0.0108665
0.0084204
0.00607034
0.00418149
0.0026494
0.00151252
0.000988893
0.000562287
0.000557552
0.000131843
0.000157602
-0.328871
-0.320744
-0.323479
-0.321353
-0.323
-0.323572
-0.325064
-0.323665
-0.316514
-0.298254
-0.267325
-0.21895
-0.156853
-0.0940615
-0.0453293
-0.0136146
0.00297103
0.00985073
0.0112846
0.0100209
0.00785151
0.00568771
0.00392446
0.00247961
0.00139859
0.000908144
0.000508998
0.000519511
0.00011412
0.000142352
-0.326828
-0.320269
-0.322603
-0.320777
-0.322228
-0.322802
-0.324219
-0.322973
-0.316213
-0.298567
-0.268511
-0.221353
-0.160428
-0.098275
-0.0494199
-0.0171104
0.000281183
0.00789687
0.00992373
0.00910177
0.00723296
0.00527151
0.00364419
0.00229472
0.00127554
0.000821103
0.000451572
0.000477791
9.54312e-05
0.000126836
-0.323977
-0.319414
-0.321447
-0.319932
-0.321207
-0.321791
-0.323073
-0.321907
-0.315484
-0.298434
-0.269251
-0.223404
-0.163848
-0.102522
-0.0536509
-0.0207767
-0.0025631
0.00582021
0.00847101
0.0081175
0.00656987
0.00482493
0.00334265
0.00209582
0.00114397
0.000728304
0.000390327
0.000432652
7.58038e-05
0.00011121
-0.320686
-0.317957
-0.319906
-0.318763
-0.319899
-0.320444
-0.321588
-0.320448
-0.314311
-0.297849
-0.269553
-0.225081
-0.167082
-0.106759
-0.0579747
-0.0245714
-0.0055304
0.00364246
0.00694038
0.00707662
0.00586756
0.00435136
0.00302201
0.00188414
0.00100453
0.000630287
0.000325595
0.000384404
5.52454e-05
9.55904e-05
-0.317247
-0.315841
-0.317899
-0.317184
-0.318246
-0.318811
-0.319759
-0.318593
-0.3127
-0.296822
-0.269421
-0.226406
-0.17011
-0.11095
-0.0623475
-0.0284546
-0.00859076
0.00138425
0.00534534
0.00598725
0.00513122
0.00385413
0.00268446
0.00166091
0.000857869
0.00052758
0.000257718
0.000333391
3.37546e-05
8.00579e-05
-0.313473
-0.313111
-0.315352
-0.315133
-0.316182
-0.316658
-0.317521
-0.316324
-0.310654
-0.295368
-0.268891
-0.2274
-0.172921
-0.115063
-0.0667302
-0.032391
-0.0117183
-0.000936
0.00370007
0.00485748
0.00436571
0.00333635
0.0023321
0.00142738
0.000704656
0.000420698
0.000187043
0.000279984
1.1334e-05
6.46653e-05
-0.309518
-0.30974
-0.312248
-0.312608
-0.313757
-0.314406
-0.314996
-0.313726
-0.308246
-0.293556
-0.268027
-0.228105
-0.175527
-0.119083
-0.0710991
-0.036355
-0.0148894
-0.00329886
0.00201821
0.00369677
0.00357689
0.00280153
0.00196726
0.00118492
0.000545622
0.000310154
0.000113894
0.000224536
-1.20033e-05
4.94413e-05
-0.30534
-0.305813
-0.308575
-0.309516
-0.310781
-0.311345
-0.311934
-0.310673
-0.305415
-0.291368
-0.266853
-0.228574
-0.177929
-0.122974
-0.0753988
-0.0402923
-0.018066
-0.00568501
0.00030263
0.00250675
0.00276897
0.00225301
0.00159216
0.000934859
0.000381359
0.000196284
3.84709e-05
0.000167254
-3.62609e-05
3.43945e-05
-0.300992
-0.301574
-0.30466
-0.306273
-0.307819
-0.308662
-0.309059
-0.307658
-0.302549
-0.289088
-0.265537
-0.228814
-0.18011
-0.126691
-0.0796186
-0.0442313
-0.0212921
-0.00813021
-0.00146311
0.00126918
0.00192984
0.00168555
0.00120417
0.000675804
0.000211288
7.89751e-05
-3.91084e-05
0.000108358
-6.14658e-05
1.95312e-05
-0.29686
-0.296554
-0.299575
-0.301785
-0.303609
-0.304482
-0.30493
-0.303686
-0.298913
-0.286294
-0.264037
-0.229253
-0.182677
-0.130871
-0.0842587
-0.0484464
-0.0246575
-0.0106236
-0.00323532
3.56447e-05
0.001072
0.00110034
0.000803991
0.000408447
3.6526e-05
-4.05843e-05
-0.00011779
4.92386e-05
-8.74081e-05
4.92174e-06
-0.291653
-0.292676
-0.295811
-0.298524
-0.300681
-0.301934
-0.302392
-0.300854
-0.295948
-0.283442
-0.261491
-0.227449
-0.182081
-0.131585
-0.0859081
-0.0505149
-0.0266849
-0.0123698
-0.00461976
-0.00098479
0.00034865
0.000593009
0.000452983
0.00017114
-0.000122536
-0.000150873
-0.000190667
-3.66142e-06
-0.000111659
-8.30006e-06
-0.285929
-0.287736
-0.291045
-0.294206
-0.296559
-0.29776
-0.298087
-0.296484
-0.29131
-0.27874
-0.257044
-0.223881
-0.180069
-0.131391
-0.0870931
-0.0524078
-0.0286917
-0.0141553
-0.00605667
-0.00206918
-0.000434404
4.31421e-05
7.20813e-05
-8.60391e-05
-0.000289844
-0.000263889
-0.000263425
-5.7504e-05
-0.000135982
-2.07452e-05
-0.279921
-0.282332
-0.285851
-0.28947
-0.292101
-0.293454
-0.293751
-0.291868
-0.286401
-0.273796
-0.252406
-0.220177
-0.177954
-0.131103
-0.0882054
-0.0542686
-0.0307105
-0.0159814
-0.00754933
-0.0032113
-0.00126821
-0.000546121
-0.000338223
-0.000364117
-0.0004705
-0.000385196
-0.000341038
-0.000115193
-0.00016211
-3.36059e-05
-0.273647
-0.276678
-0.280416
-0.284452
-0.287367
-0.288858
-0.289083
-0.286985
-0.28127
-0.268684
-0.247662
-0.216419
-0.175809
-0.130795
-0.0893076
-0.0561346
-0.0327509
-0.017841
-0.00908065
-0.00438956
-0.00213233
-0.00115933
-0.000766478
-0.000655277
-0.000660455
-0.000512835
-0.000422731
-0.000175687
-0.000189763
-4.68439e-05
-0.267053
-0.270803
-0.274768
-0.279165
-0.282352
-0.283955
-0.284111
-0.281838
-0.275916
-0.263397
-0.242796
-0.212581
-0.173607
-0.130439
-0.0903803
-0.0579944
-0.0348078
-0.0197324
-0.0106493
-0.00560381
-0.00302733
-0.00179715
-0.00121321
-0.000959974
-0.000859942
-0.00064695
-0.000508568
-0.000238968
-0.000218997
-6.04607e-05
-0.260184
-0.264731
-0.268933
-0.27364
-0.277087
-0.278802
-0.278905
-0.276477
-0.270385
-0.257972
-0.237841
-0.208688
-0.171357
-0.130035
-0.0914135
-0.0598365
-0.0368724
-0.02165
-0.0122527
-0.00685372
-0.00395412
-0.00246073
-0.00167947
-0.00127906
-0.0010695
-0.00078786
-0.000598708
-0.000305101
-0.00024987
-7.4445e-05
-0.253116
-0.258495
-0.262947
-0.26792
-0.271616
-0.273447
-0.273508
-0.27095
-0.264726
-0.25246
-0.232839
-0.204769
-0.169078
-0.129585
-0.0924026
-0.0616526
-0.0389363
-0.023587
-0.0138864
-0.00813681
-0.00491146
-0.00314961
-0.00216515
-0.00161257
-0.00128923
-0.000935659
-0.000693219
-0.000374038
-0.00028239
-8.87725e-05
-0.245901
-0.25212
-0.256842
-0.262041
-0.265976
-0.267928
-0.267958
-0.2653
-0.258985
-0.246902
-0.227827
-0.200852
-0.166781
-0.129092
-0.0933432
-0.0634349
-0.0409912
-0.0255367
-0.0155457
-0.00944994
-0.00589754
-0.00386284
-0.00266975
-0.00196024
-0.00151909
-0.00109035
-0.000792121
-0.000445683
-0.000316542
-0.000103412
-0.238589
-0.245629
-0.25064
-0.256034
-0.260192
-0.262271
-0.262289
-0.259562
-0.253197
-0.241333
-0.222835
-0.196957
-0.16448
-0.128557
-0.0942309
-0.0651761
-0.0430292
-0.0274923
-0.0172254
-0.0107898
-0.00691037
-0.00459936
-0.00319269
-0.0023218
-0.00175896
-0.00125191
-0.000895417
-0.00051993
-0.000352299
-0.000118324
-0.231228
-0.239046
-0.244364
-0.249925
-0.25429
-0.256505
-0.256529
-0.253766
-0.247394
-0.235782
-0.217885
-0.193101
-0.162182
-0.127984
-0.0950622
-0.0668691
-0.0450426
-0.0294469
-0.0189204
-0.0121527
-0.00794772
-0.0053579
-0.00373328
-0.00269685
-0.0020087
-0.00142025
-0.00100308
-0.000596657
-0.000389618
-0.000133464
-0.223863
-0.232398
-0.238034
-0.243743
-0.248294
-0.250651
-0.250705
-0.247936
-0.241599
-0.23027
-0.212996
-0.189295
-0.159895
-0.127374
-0.0958339
-0.0685078
-0.047024
-0.0313936
-0.0206251
-0.0135349
-0.00900702
-0.00613692
-0.00429059
-0.00308485
-0.00226802
-0.00159524
-0.00111506
-0.000675719
-0.000428438
-0.000148776
-0.216541
-0.225713
-0.231675
-0.237514
-0.242229
-0.244732
-0.24484
-0.242098
-0.235835
-0.224818
-0.208183
-0.185553
-0.157626
-0.126728
-0.0965436
-0.0700865
-0.0489661
-0.0333252
-0.0223337
-0.0149319
-0.0100853
-0.00693457
-0.0048635
-0.00348511
-0.00253655
-0.00177665
-0.00123125
-0.000756948
-0.000468679
-0.000164201
-0.209305
-0.219022
-0.225311
-0.231268
-0.236122
-0.238773
-0.238956
-0.236272
-0.230122
-0.219443
-0.20346
-0.181882
-0.155381
-0.12605
-0.0971895
-0.0716
-0.0508621
-0.0352347
-0.0240399
-0.016339
-0.0111794
-0.00774865
-0.00545059
-0.00389672
-0.00281375
-0.00196416
-0.00135147
-0.000840146
-0.000510241
-0.00017967
-0.202199
-0.212358
-0.218967
-0.225033
-0.230001
-0.232797
-0.233078
-0.230481
-0.224478
-0.21416
-0.198837
-0.178291
-0.153165
-0.125341
-0.0977702
-0.0730436
-0.0527051
-0.0371148
-0.0257373
-0.017751
-0.0122852
-0.00857656
-0.00605016
-0.00431858
-0.00309896
-0.00215734
-0.0014755
-0.000925079
-0.000552998
-0.000195112
-0.195259
-0.205754
-0.212669
-0.218838
-0.223898
-0.226833
-0.227229
-0.224748
-0.218923
-0.208986
-0.194327
-0.174788
-0.150984
-0.124606
-0.0982853
-0.0744133
-0.0544886
-0.038958
-0.0274188
-0.0191622
-0.0133987
-0.00941526
-0.00666015
-0.00474929
-0.00339129
-0.00235563
-0.00160302
-0.00101147
-0.0005968
-0.000210453
-0.18852
-0.199247
-0.206444
-0.212712
-0.217842
-0.220908
-0.221435
-0.219094
-0.213477
-0.203935
-0.18994
-0.171382
-0.148844
-0.123847
-0.0987349
-0.0757053
-0.0562064
-0.0407568
-0.0290771
-0.0205663
-0.0145149
-0.0102612
-0.0072781
-0.00518719
-0.00368966
-0.00255833
-0.0017336
-0.001099
-0.000641464
-0.000225612
-0.182013
-0.192871
-0.200324
-0.206685
-0.211869
-0.215055
-0.215723
-0.213545
-0.208159
-0.199024
-0.185689
-0.16808
-0.146751
-0.123069
-0.0991198
-0.0769167
-0.0578523
-0.0425034
-0.0307044
-0.0219565
-0.0156283
-0.0111103
-0.00790111
-0.00563026
-0.00399273
-0.00276453
-0.00186672
-0.00118728
-0.000686772
-0.000240509
-0.175767
-0.186667
-0.194341
-0.200789
-0.206014
-0.209306
-0.210123
-0.208126
-0.202991
-0.194271
-0.181585
-0.164893
-0.144713
-0.122278
-0.0994416
-0.078045
-0.0594203
-0.04419
-0.0322925
-0.0233253
-0.0167328
-0.0119578
-0.00852578
-0.0060761
-0.00429889
-0.00297317
-0.00200169
-0.00127586
-0.000732464
-0.000255061
-0.169811
-0.180671
-0.188529
-0.195057
-0.200314
-0.203699
-0.204665
-0.202863
-0.197997
-0.189695
-0.177644
-0.16183
-0.142739
-0.121479
-0.0997028
-0.0790883
-0.0609048
-0.0458085
-0.0338325
-0.0246646
-0.0178216
-0.0127985
-0.00914815
-0.00652188
-0.0046062
-0.00318293
-0.00213771
-0.00136421
-0.000778234
-0.000269183
-0.16417
-0.174923
-0.182925
-0.189524
-0.194807
-0.198272
-0.199386
-0.197788
-0.193201
-0.185315
-0.17388
-0.158902
-0.140836
-0.12068
-0.0999067
-0.0800452
-0.0623004
-0.047351
-0.0353153
-0.0259655
-0.018887
-0.0136261
-0.00976369
-0.0069643
-0.00491237
-0.00339224
-0.00227378
-0.00145171
-0.000823724
-0.000282789
-0.158872
-0.169461
-0.177567
-0.184227
-0.189534
-0.193067
-0.194322
-0.192932
-0.188629
-0.181154
-0.17031
-0.156123
-0.139015
-0.119889
-0.100058
-0.0809152
-0.0636016
-0.0488092
-0.0367311
-0.0272184
-0.0199207
-0.0144339
-0.0103672
-0.00739955
-0.00521471
-0.00359928
-0.00240869
-0.00153765
-0.000868522
-0.00029579
-0.153941
-0.164323
-0.172495
-0.179208
-0.184536
-0.188127
-0.189514
-0.188329
-0.184311
-0.177236
-0.166954
-0.153508
-0.137289
-0.119115
-0.10016
-0.0816981
-0.0648034
-0.0501746
-0.0380699
-0.028413
-0.0209133
-0.0152141
-0.0109526
-0.00782324
-0.0055101
-0.00380187
-0.00254105
-0.0016212
-0.000912153
-0.000308094
-0.149404
-0.159548
-0.167752
-0.174507
-0.179855
-0.183496
-0.185004
-0.184018
-0.180277
-0.173586
-0.163832
-0.151072
-0.13567
-0.118368
-0.100221
-0.0823942
-0.0659008
-0.0514386
-0.0393207
-0.0295382
-0.0218547
-0.0159583
-0.0115134
-0.00823035
-0.00579494
-0.00399755
-0.00266919
-0.00170141
-0.00095408
-0.000319602
-0.145287
-0.155176
-0.163381
-0.17017
-0.175539
-0.179222
-0.180839
-0.180038
-0.176563
-0.170235
-0.160968
-0.148834
-0.134172
-0.117659
-0.100247
-0.0830042
-0.0668887
-0.052592
-0.0404718
-0.0305816
-0.0227336
-0.0166567
-0.0120419
-0.00861519
-0.00606511
-0.00418342
-0.00279121
-0.00177718
-0.000993699
-0.000330209
-0.141619
-0.151251
-0.159431
-0.166246
-0.171635
-0.175357
-0.17707
-0.176436
-0.173208
-0.167214
-0.158389
-0.146816
-0.132813
-0.117001
-0.100244
-0.0835293
-0.0677619
-0.0536248
-0.0415108
-0.0315301
-0.0235375
-0.0172987
-0.0125295
-0.00897134
-0.00631593
-0.00435624
-0.00290491
-0.00184727
-0.00103034
-0.0003398
-0.138433
-0.147816
-0.155953
-0.162788
-0.168198
-0.171953
-0.173745
-0.173261
-0.170254
-0.16456
-0.156126
-0.145044
-0.131613
-0.116408
-0.100221
-0.0839704
-0.0685147
-0.0545261
-0.0424239
-0.032369
-0.0242527
-0.0178725
-0.0129669
-0.00929158
-0.00654212
-0.00451229
-0.00300779
-0.00191029
-0.00106324
-0.000348246
-0.135767
-0.144925
-0.153009
-0.159857
-0.165289
-0.169074
-0.17093
-0.170571
-0.167754
-0.162317
-0.154215
-0.143544
-0.130592
-0.115895
-0.100187
-0.0843282
-0.0691402
-0.0552834
-0.0431958
-0.0330821
-0.0248638
-0.0183648
-0.0133433
-0.00956784
-0.00673774
-0.00464741
-0.00309703
-0.00196465
-0.00109158
-0.000355397
-0.133661
-0.142634
-0.150664
-0.157519
-0.162971
-0.166781
-0.168689
-0.168428
-0.165763
-0.160535
-0.152697
-0.142352
-0.129778
-0.11548
-0.100151
-0.0846026
-0.06963
-0.0558818
-0.0438089
-0.0336513
-0.0253537
-0.0187608
-0.0136469
-0.0097911
-0.00689618
-0.00475696
-0.00316949
-0.00200858
-0.00111445
-0.000361085
-0.132186
-0.141021
-0.149006
-0.155862
-0.16133
-0.16516
-0.167104
-0.166909
-0.164352
-0.159271
-0.151622
-0.141507
-0.129198
-0.115183
-0.100119
-0.0847917
-0.0699733
-0.0563038
-0.0442429
-0.0340557
-0.0257032
-0.019044
-0.0138644
-0.00995135
-0.0070101
-0.0048358
-0.0032217
-0.00204009
-0.00113083
-0.00036511
-0.131382
-0.140152
-0.148113
-0.154971
-0.160447
-0.16429
-0.166254
-0.166096
-0.163597
-0.158597
-0.151049
-0.141056
-0.128889
-0.115023
-0.100101
-0.0848913
-0.0701558
-0.0565287
-0.0444741
-0.0342718
-0.0258904
-0.019196
-0.0139813
-0.0100375
-0.00707143
-0.00487823
-0.00324986
-0.00205699
-0.00113959
-0.000367182
-0.12679
-0.136279
-0.145592
-0.154712
-0.163629
-0.172344
-0.180864
-0.1892
-0.197359
-0.20535
-0.213185
-0.220871
-0.22842
-0.235832
-0.243101
-0.250258
-0.257138
-0.264154
-0.270351
-0.278432
-0.12355
-0.132722
-0.14172
-0.15054
-0.159182
-0.167646
-0.17594
-0.184069
-0.192039
-0.199858
-0.207531
-0.215065
-0.22246
-0.229735
-0.236834
-0.243913
-0.250594
-0.2578
-0.263888
-0.272292
-0.120404
-0.129214
-0.137858
-0.146339
-0.15466
-0.16282
-0.170823
-0.178674
-0.186376
-0.193935
-0.201353
-0.208643
-0.215789
-0.22285
-0.229714
-0.236675
-0.243193
-0.250403
-0.256552
-0.264682
-0.117325
-0.125798
-0.134126
-0.142312
-0.150356
-0.158257
-0.166019
-0.173645
-0.181138
-0.188505
-0.195742
-0.202874
-0.209867
-0.216822
-0.223566
-0.230475
-0.236927
-0.244003
-0.250221
-0.257801
-0.114342
-0.122493
-0.130518
-0.138418
-0.146192
-0.153843
-0.161373
-0.168785
-0.17608
-0.183271
-0.190345
-0.197342
-0.204203
-0.21106
-0.217695
-0.2245
-0.230862
-0.237693
-0.243892
-0.250991
-0.111462
-0.119295
-0.127016
-0.134626
-0.142127
-0.149519
-0.156803
-0.163986
-0.171065
-0.178055
-0.184936
-0.191758
-0.198445
-0.205138
-0.211612
-0.218224
-0.224472
-0.231035
-0.23722
-0.244003
-0.108679
-0.116199
-0.123618
-0.130941
-0.138165
-0.145295
-0.152329
-0.159273
-0.166121
-0.172893
-0.179561
-0.186179
-0.192667
-0.199159
-0.205463
-0.211861
-0.218007
-0.224334
-0.230485
-0.237019
-0.105994
-0.113206
-0.120329
-0.127367
-0.134319
-0.141186
-0.147967
-0.154669
-0.161284
-0.167831
-0.174282
-0.180687
-0.186979
-0.193264
-0.199405
-0.205589
-0.211616
-0.217714
-0.223755
-0.230048
-0.103408
-0.110319
-0.117152
-0.123909
-0.13059
-0.137197
-0.143726
-0.150184
-0.156564
-0.162881
-0.169115
-0.175302
-0.181394
-0.187465
-0.19343
-0.199393
-0.205258
-0.211125
-0.217004
-0.223067
-0.10092
-0.107539
-0.114087
-0.120569
-0.126983
-0.133331
-0.139609
-0.145823
-0.151966
-0.158051
-0.164062
-0.170025
-0.175909
-0.181756
-0.187525
-0.193262
-0.198941
-0.204585
-0.210281
-0.216115
-0.0985299
-0.104865
-0.111136
-0.117349
-0.1235
-0.129592
-0.135621
-0.141591
-0.147497
-0.153348
-0.159133
-0.164867
-0.170536
-0.176157
-0.18172
-0.187234
-0.192713
-0.198137
-0.203632
-0.209233
-0.0962389
-0.102298
-0.108301
-0.11425
-0.120145
-0.125985
-0.131768
-0.137496
-0.143166
-0.148783
-0.15434
-0.159846
-0.165295
-0.170692
-0.176041
-0.181333
-0.186602
-0.191805
-0.197084
-0.202449
-0.094046
-0.0998394
-0.105582
-0.111275
-0.116919
-0.122513
-0.128054
-0.133545
-0.138981
-0.144365
-0.149696
-0.154974
-0.160201
-0.165375
-0.170505
-0.175575
-0.180625
-0.185606
-0.190663
-0.195794
-0.09195
-0.0974885
-0.102979
-0.108425
-0.113825
-0.119179
-0.124485
-0.129742
-0.134948
-0.140104
-0.145209
-0.150263
-0.155268
-0.160218
-0.165128
-0.169976
-0.174805
-0.179566
-0.184395
-0.189291
-0.0899536
-0.0952467
-0.100495
-0.105701
-0.110866
-0.115988
-0.121064
-0.126093
-0.131074
-0.136006
-0.140889
-0.145722
-0.150507
-0.155237
-0.159928
-0.164557
-0.169164
-0.173706
-0.178304
-0.182966
-0.0880579
-0.0931148
-0.0981302
-0.103107
-0.108044
-0.112941
-0.117794
-0.122603
-0.127365
-0.132079
-0.136746
-0.141362
-0.145931
-0.150446
-0.15492
-0.159333
-0.163721
-0.168045
-0.172415
-0.176841
-0.0862611
-0.0910921
-0.0958852
-0.100642
-0.105361
-0.110042
-0.114681
-0.119276
-0.123827
-0.12833
-0.132786
-0.137193
-0.141552
-0.145857
-0.150119
-0.154322
-0.158494
-0.162605
-0.16675
-0.170944
-0.0845642
-0.0891804
-0.0937615
-0.0983081
-0.102819
-0.107293
-0.111727
-0.116119
-0.120466
-0.124766
-0.12902
-0.133223
-0.137379
-0.141482
-0.145539
-0.149537
-0.153502
-0.157405
-0.161332
-0.165299
-0.0829676
-0.0873803
-0.0917605
-0.0961079
-0.100421
-0.104699
-0.108937
-0.113134
-0.117286
-0.121393
-0.125453
-0.129463
-0.133424
-0.137332
-0.141193
-0.144996
-0.14876
-0.152464
-0.156181
-0.159928
-0.0814722
-0.0856933
-0.089884
-0.0940434
-0.09817
-0.102261
-0.106315
-0.110327
-0.114295
-0.118218
-0.122094
-0.12592
-0.129697
-0.13342
-0.137095
-0.140711
-0.144285
-0.147799
-0.151317
-0.154853
-0.0800796
-0.0841212
-0.0881342
-0.0921172
-0.0960684
-0.0999851
-0.103864
-0.107703
-0.111499
-0.115249
-0.118952
-0.122605
-0.126208
-0.129757
-0.133256
-0.136697
-0.140092
-0.143428
-0.146757
-0.150096
-0.0787921
-0.0826668
-0.0865144
-0.0903331
-0.0941208
-0.0978748
-0.101592
-0.105269
-0.108903
-0.112492
-0.116034
-0.119526
-0.122967
-0.126355
-0.129691
-0.132968
-0.136198
-0.139368
-0.142522
-0.145676
-0.0776127
-0.0813334
-0.0850283
-0.0886952
-0.092332
-0.0959356
-0.0995029
-0.103031
-0.106516
-0.109957
-0.11335
-0.116694
-0.119986
-0.123225
-0.126412
-0.12954
-0.132618
-0.135636
-0.138631
-0.141614
-0.0765462
-0.0801263
-0.0836819
-0.0872103
-0.0907092
-0.0941757
-0.0976064
-0.100998
-0.104348
-0.107654
-0.110912
-0.114121
-0.117279
-0.120384
-0.123435
-0.126429
-0.12937
-0.132253
-0.135103
-0.137933
-0.0755967
-0.07905
-0.0824798
-0.0858834
-0.0892582
-0.0926012
-0.0959092
-0.099179
-0.102408
-0.105592
-0.10873
-0.11182
-0.114859
-0.117844
-0.120777
-0.123652
-0.126474
-0.129236
-0.131961
-0.134657
-0.0747747
-0.0781164
-0.0814354
-0.0847289
-0.0879941
-0.0912283
-0.0944283
-0.0975907
-0.100713
-0.103792
-0.106825
-0.10981
-0.112746
-0.115628
-0.118458
-0.121232
-0.123952
-0.126613
-0.129231
-0.131812
-0.0740815
-0.077326
-0.0805489
-0.0837472
-0.0869185
-0.0900598
-0.0931678
-0.0962394
-0.0992718
-0.102262
-0.105208
-0.108107
-0.110957
-0.113756
-0.116503
-0.119194
-0.121832
-0.124412
-0.126945
-0.129433
-0.0735462
-0.0767119
-0.0798562
-0.0829758
-0.0860685
-0.0891318
-0.0921629
-0.0951586
-0.0981164
-0.101034
-0.103908
-0.106737
-0.109518
-0.112251
-0.114932
-0.117561
-0.120136
-0.122656
-0.125126
-0.127547
-0.0731492
-0.0762526
-0.0793363
-0.0823978
-0.0854343
-0.0884429
-0.0914205
-0.0943643
-0.0972716
-0.10014
-0.102967
-0.10575
-0.108487
-0.111177
-0.113818
-0.116407
-0.118944
-0.121427
-0.123858
-0.126236
-0.0729679
-0.0760251
-0.0790609
-0.082073
-0.0850603
-0.0880211
-0.0909531
-0.0938538
-0.0967207
-0.0995516
-0.102344
-0.105097
-0.107808
-0.110475
-0.113097
-0.115672
-0.118199
-0.120676
-0.123105
-0.125482
0.0952604
0.0841976
0.0730558
0.0620346
0.050555
0.0388485
0.0271118
0.0153687
0.00363292
-0.00805939
-0.0196643
-0.0311508
-0.0424929
-0.0536657
-0.0646503
-0.0754887
-0.0864105
-0.0969823
-0.107183
-0.117107
0.0905689
0.0790351
0.0674602
0.0567109
0.0456605
0.0343947
0.023153
0.0119419
0.000752597
-0.0103854
-0.0214391
-0.032386
-0.0432079
-0.0538998
-0.0644666
-0.0748821
-0.0849326
-0.0948992
-0.104661
-0.1142
0.0848409
0.0735311
0.0619583
0.0516466
0.0411861
0.030431
0.0196913
0.00900788
-0.00164776
-0.0122559
-0.0227845
-0.033208
-0.0435075
-0.0536704
-0.0636842
-0.0735265
-0.083238
-0.0928457
-0.102244
-0.11142
0.078794
0.068037
0.0566115
0.0466532
0.036746
0.0264971
0.0162398
0.00606987
-0.00405666
-0.0141391
-0.0241481
-0.0340585
-0.0438551
-0.0535325
-0.0630851
-0.072499
-0.0817316
-0.0908848
-0.0998844
-0.108694
0.0726743
0.0625374
0.0513963
0.0417838
0.0324248
0.0227113
0.0129391
0.0032656
-0.00634923
-0.0159246
-0.0254361
-0.0348559
-0.0441701
-0.0533745
-0.0624618
-0.0714196
-0.080237
-0.0889851
-0.0976016
-0.106052
0.0665938
0.0570793
0.0463344
0.0370715
0.0282254
0.0190471
0.00975599
0.000558725
-0.00856356
-0.0176466
-0.0266757
-0.0356217
-0.0444711
-0.0532219
-0.0618692
-0.070405
-0.0788169
-0.0871666
-0.0954067
-0.103505
0.0606135
0.0516978
0.0414261
0.0325279
0.0241605
0.0155095
0.00669968
-0.00203625
-0.0106863
-0.0192945
-0.0278581
-0.0363493
-0.0447537
-0.0530701
-0.0612953
-0.0694234
-0.0774472
-0.0854174
-0.0932941
-0.101049
0.0547831
0.0464366
0.0366836
0.0281655
0.0202454
0.0121022
0.00376859
-0.00452007
-0.0127196
-0.0208725
-0.028988
-0.0370427
-0.0450214
-0.0529226
-0.0607446
-0.0684833
-0.076134
-0.0837386
-0.0912634
-0.0986834
0.0491396
0.0413295
0.0321158
0.0239887
0.0164888
0.00882838
0.000961613
-0.00689219
-0.0146615
-0.0223799
-0.0300655
-0.037702
-0.0452742
-0.0527792
-0.0602161
-0.0675821
-0.0748743
-0.082128
-0.0893132
-0.0964081
0.0437076
0.0364011
0.0277304
0.0200002
0.0128976
0.00569263
-0.00172155
-0.00915322
-0.0165116
-0.023817
-0.0310922
-0.0383288
-0.0455131
-0.0526407
-0.0597102
-0.06672
-0.0736684
-0.0805852
-0.0874429
-0.0942228
0.0385029
0.0316684
0.0235341
0.0162012
0.00947583
0.00269835
-0.00428126
-0.0113046
-0.0182703
-0.0251839
-0.0320689
-0.0389243
-0.0457391
-0.0525072
-0.0592265
-0.0658954
-0.0725137
-0.0791079
-0.0856509
-0.0921265
0.0335364
0.027144
0.0195319
0.0125926
0.00622584
-0.000151745
-0.00671754
-0.0133479
-0.0199383
-0.0264808
-0.0329961
-0.0394892
-0.0459524
-0.052379
-0.0587659
-0.0651115
-0.0714156
-0.0776997
-0.0839384
-0.0901194
0.0288158
0.0228362
0.0157275
0.00917429
0.00314858
-0.00285592
-0.0090305
-0.0152846
-0.0215171
-0.0277085
-0.0338748
-0.0400248
-0.0461542
-0.0522555
-0.0583236
-0.0643557
-0.0703535
-0.076347
-0.0822985
-0.0881988
0.0243459
0.018751
0.0121229
0.00594542
0.000243966
-0.00541322
-0.0112203
-0.0171164
-0.0230081
-0.0288675
-0.0347052
-0.0405317
-0.0463463
-0.0521428
-0.0579167
-0.063665
-0.0693833
-0.0750614
-0.0807257
-0.0863607
0.0201295
0.0148916
0.0087192
0.00290461
-0.00248894
-0.00782341
-0.0132871
-0.0188445
-0.0244128
-0.0299588
-0.0354874
-0.0410091
-0.0465254
-0.0520308
-0.0575197
-0.0629876
-0.0684289
-0.073834
-0.0792336
-0.0846133
0.0161676
0.0112601
0.00551641
4.98801e-05
-0.00505176
-0.0100868
-0.0152315
-0.0204704
-0.0257329
-0.0309834
-0.0362217
-0.041457
-0.0466918
-0.0519218
-0.057141
-0.062344
-0.0675257
-0.0726793
-0.077827
-0.0829589
0.0124598
0.00785702
0.00251387
-0.00262114
-0.0074467
-0.0122044
-0.017054
-0.0219951
-0.0269698
-0.0319426
-0.0369088
-0.0418756
-0.046846
-0.0518165
-0.0567811
-0.0617342
-0.066671
-0.0715864
-0.0764963
-0.0813926
0.00900487
0.00468188
-0.000289551
-0.0051111
-0.00967638
-0.0141776
-0.0187554
-0.0234199
-0.0281252
-0.0328376
-0.0375495
-0.0422655
-0.0469885
-0.0517155
-0.0564411
-0.0611594
-0.0658657
-0.0705558
-0.075241
-0.0799146
0.00580087
0.00173366
-0.0028953
-0.00742273
-0.0117437
-0.0160082
-0.0203368
-0.024746
-0.0292005
-0.0336701
-0.038145
-0.0426276
-0.04712
-0.0516195
-0.0561213
-0.0606195
-0.0651096
-0.0695873
-0.0740611
-0.0785248
0.00284554
-0.000989094
-0.00530494
-0.0095587
-0.0136516
-0.0176982
-0.0217994
-0.0259743
-0.0301971
-0.0344414
-0.0386966
-0.0429628
-0.0472411
-0.0515292
-0.0558224
-0.0601153
-0.064403
-0.0686817
-0.0729571
-0.0772239
0.000136609
-0.00348794
-0.00751994
-0.0115214
-0.015403
-0.01925
-0.0231445
-0.0271062
-0.0311164
-0.0351531
-0.0392055
-0.0432721
-0.0473528
-0.0514452
-0.0555451
-0.0596473
-0.0637468
-0.0678399
-0.0719302
-0.0760131
-0.00232785
-0.00576426
-0.00954147
-0.0133129
-0.0170003
-0.0206657
-0.0243736
-0.0281426
-0.0319595
-0.0358064
-0.0396731
-0.0435567
-0.0474561
-0.0513689
-0.0552908
-0.0592169
-0.0631425
-0.0670636
-0.0709823
-0.0748945
-0.00454903
-0.00781888
-0.0113701
-0.0149345
-0.0184457
-0.0219471
-0.0254881
-0.0290846
-0.0327275
-0.0364026
-0.0401007
-0.0438179
-0.0475523
-0.0513011
-0.0550604
-0.0588253
-0.0625913
-0.0663544
-0.0701154
-0.0738707
-0.00652697
-0.00965167
-0.0130056
-0.0163866
-0.0197404
-0.0230958
-0.026489
-0.029933
-0.0334214
-0.0369432
-0.04049
-0.0440578
-0.0476438
-0.0512451
-0.0548575
-0.0584767
-0.0620979
-0.0657171
-0.0693342
-0.0729462
-0.00825998
-0.0112611
-0.0144463
-0.0176683
-0.0208843
-0.024112
-0.0273767
-0.0306879
-0.0340413
-0.0374281
-0.0408413
-0.0442764
-0.0477304
-0.0511999
-0.0546811
-0.0581696
-0.0616611
-0.0651517
-0.0686405
-0.0721243
-0.00974391
-0.0126435
-0.0156889
-0.0187774
-0.0218765
-0.0249959
-0.028152
-0.0313511
-0.0345898
-0.0378614
-0.0411599
-0.044481
-0.0478211
-0.0511767
-0.0545441
-0.0579187
-0.0612962
-0.0646725
-0.0680462
-0.0714155
-0.0109712
-0.0137918
-0.0167267
-0.0197079
-0.0227117
-0.0257424
-0.0288093
-0.0319158
-0.0350593
-0.0382343
-0.0414357
-0.0446595
-0.047902
-0.0511597
-0.054429
-0.0577058
-0.0609863
-0.0642669
-0.0675455
-0.070819
-0.0119308
-0.0146973
-0.017553
-0.0204564
-0.023391
-0.0263571
-0.0293589
-0.0323975
-0.0354703
-0.0385728
-0.0417007
-0.04485
-0.048017
-0.0511981
-0.0543894
-0.0575868
-0.0607861
-0.063983
-0.0671759
-0.0703649
-0.012601
-0.0153368
-0.0181428
-0.0209948
-0.0238815
-0.0268013
-0.0297552
-0.032743
-0.0357622
-0.0388092
-0.0418803
-0.0449718
-0.0480803
-0.0512023
-0.0543344
-0.0574731
-0.060615
-0.0637568
-0.0668958
-0.0700285
-0.0129665
-0.0157062
-0.018508
-0.0213555
-0.0242386
-0.0271535
-0.0300991
-0.0330741
-0.0360757
-0.0391008
-0.0421459
-0.0452073
-0.0482819
-0.0513662
-0.0544569
-0.0575505
-0.0606433
-0.0637322
-0.0668154
-0.0698953
0.105059
0.106488
0.108662
0.111705
0.114992
0.118651
0.121939
0.125068
0.127102
0.128473
0.127951
0.12639
0.122093
0.116423
0.105918
0.104126
0.105448
0.107446
0.110228
0.11318
0.116411
0.119201
0.121734
0.123128
0.123739
0.122502
0.120053
0.115154
0.108486
0.0993655
0.103126
0.104334
0.106144
0.108648
0.111247
0.114034
0.116315
0.118246
0.119016
0.118905
0.117035
0.113829
0.108524
0.101402
0.092817
0.102052
0.10314
0.104753
0.106963
0.109196
0.111519
0.113282
0.114597
0.11475
0.113928
0.111464
0.107569
0.101904
0.0944736
0.0860197
0.100903
0.101866
0.103272
0.105177
0.107033
0.108881
0.110123
0.110821
0.110372
0.108865
0.105841
0.101346
0.095344
0.0877267
0.0793502
0.0996743
0.100507
0.1017
0.103288
0.104762
0.106125
0.106849
0.106936
0.105905
0.103752
0.100207
0.0952081
0.0889083
0.0812035
0.0729227
0.0983643
0.0990625
0.100036
0.101297
0.102381
0.103256
0.103464
0.102952
0.101362
0.098611
0.0945868
0.0891718
0.0826242
0.0748932
0.0667238
0.0969708
0.0975293
0.0982772
0.0992029
0.0998939
0.100277
0.099976
0.0988853
0.0967583
0.0934623
0.089001
0.0832468
0.0765038
0.0687807
0.0607359
0.0954921
0.0959066
0.0964245
0.097008
0.0973032
0.0971974
0.0963962
0.0947502
0.0921137
0.0883258
0.0834728
0.0774448
0.0705572
0.0628662
0.0549609
0.0939273
0.094194
0.094478
0.0947152
0.094614
0.094026
0.0927362
0.0905641
0.0874479
0.0832218
0.078025
0.0717789
0.0647951
0.0571585
0.049407
0.0922764
0.0923923
0.0924397
0.092329
0.0918328
0.0907738
0.0890099
0.0863447
0.0827824
0.0781698
0.0726783
0.0662637
0.0592277
0.051668
0.0440822
0.0905406
0.0905035
0.0903126
0.0898554
0.0889681
0.0874532
0.0852332
0.0821103
0.0781386
0.0731894
0.0674524
0.0609136
0.0538645
0.0464037
0.0389933
0.0887221
0.0885311
0.0881014
0.0873022
0.08603
0.084078
0.0814234
0.07788
0.0735386
0.0683002
0.062365
0.0557428
0.0487143
0.0413731
0.0341464
0.0868246
0.0864803
0.0858124
0.0846787
0.0830307
0.0806637
0.0775994
0.0736738
0.0690037
0.0635216
0.0574327
0.0507647
0.0437859
0.0365827
0.0295465
0.0848536
0.084358
0.0834541
0.0819963
0.0799846
0.0772272
0.0737814
0.0695122
0.0645552
0.0588727
0.0526711
0.0459912
0.039087
0.0320373
0.0251969
0.0828164
0.0821733
0.081037
0.0792681
0.0769078
0.0737868
0.0699903
0.0654164
0.0602137
0.0543718
0.0480948
0.0414332
0.0346248
0.0277408
0.0210997
0.0807227
0.0799373
0.078574
0.0765094
0.0738188
0.0703626
0.0662481
0.0614079
0.0559997
0.0500363
0.0437175
0.0371005
0.0304052
0.0236963
0.0172559
0.0785846
0.0776637
0.0760808
0.0737378
0.0707378
0.0669761
0.0625776
0.0575087
0.051933
0.0458832
0.0395521
0.0330018
0.0264336
0.0199056
0.0136653
0.0764169
0.0753687
0.0735757
0.0709731
0.0676871
0.0636504
0.0590024
0.053741
0.0480331
0.0419285
0.0356107
0.0291452
0.0227143
0.0163703
0.0103276
0.0742376
0.0730714
0.0710797
0.0682378
0.0646911
0.0604101
0.0555466
0.0501271
0.0443196
0.0381878
0.0319048
0.0255381
0.0192515
0.0130914
0.00724162
0.072068
0.0707939
0.068617
0.0655569
0.061776
0.0572814
0.0522354
0.0466896
0.0408118
0.0346765
0.0284458
0.0221879
0.0160489
0.01007
0.00440665
0.069933
0.0685616
0.0662149
0.0629584
0.0589704
0.0542924
0.049095
0.043452
0.0375293
0.0314099
0.025245
0.019102
0.0131107
0.00730746
0.00182212
0.0678612
0.0664035
0.0639039
0.0604732
0.0563051
0.0514725
0.0461529
0.0404385
0.0344924
0.0284042
0.022314
0.0162885
0.0104416
0.00480593
-0.000511723
0.0658855
0.0643525
0.0617179
0.0581354
0.0538138
0.0488538
0.0434381
0.0376744
0.0317225
0.0256764
0.0196661
0.0137564
0.00804773
0.00256888
-0.00259338
0.064043
0.0624457
0.0596946
0.0559827
0.051533
0.0464705
0.040982
0.0351873
0.0292428
0.0232454
0.0173157
0.0115168
0.00593696
0.000601651
-0.0044195
0.0623753
0.0607246
0.0578757
0.0540564
0.0495027
0.0443602
0.0388188
0.0330075
0.0270793
0.0211327
0.0152806
0.00958369
0.00411996
-0.00108771
-0.00598417
0.0609289
0.0592351
0.0563073
0.0524021
0.047767
0.0425645
0.0369864
0.031169
0.0252617
0.019364
0.013582
0.00797462
0.00261119
-0.00248754
-0.00727804
0.0597549
0.0580283
0.0550403
0.0510702
0.046375
0.04113
0.0355282
0.029711
0.0238249
0.0179699
0.0122466
0.00671252
0.00143025
-0.00358109
-0.00828716
0.0589098
0.0571605
0.0541308
0.0501166
0.0453814
0.0401092
0.0344938
0.0286798
0.0228113
0.0169887
0.0113085
0.00582743
0.000603317
-0.00434544
-0.00899032
0.058455
0.0566937
0.0536414
0.0496044
0.0448483
0.0395627
0.033941
0.0281302
0.0222721
0.0164679
0.0108114
0.00535928
0.000166448
-0.00474892
-0.00936274
0.117187
0.119334
0.122747
0.127805
0.133852
0.141161
0.149296
0.158402
0.168192
0.178761
0.189843
0.2015
0.213455
0.225784
0.238175
0.11712
0.119264
0.12267
0.127718
0.133751
0.141044
0.14915
0.158228
0.167977
0.178502
0.189525
0.201119
0.212993
0.225238
0.237514
0.116987
0.119123
0.122516
0.127545
0.13355
0.14081
0.14886
0.157882
0.167549
0.177986
0.18889
0.200357
0.212068
0.224145
0.236189
0.116788
0.118912
0.122286
0.127287
0.133247
0.140457
0.148426
0.157363
0.166909
0.177215
0.187941
0.199218
0.210681
0.222503
0.234199
0.116525
0.118633
0.121982
0.126944
0.132851
0.139993
0.147851
0.156677
0.16606
0.176192
0.18668
0.197703
0.208834
0.220313
0.231542
0.116197
0.118286
0.121604
0.126517
0.132348
0.139409
0.147136
0.155824
0.165006
0.174921
0.18511
0.195817
0.206529
0.217577
0.22822
0.115807
0.117873
0.121154
0.126013
0.131773
0.13872
0.146285
0.154808
0.163748
0.173406
0.183236
0.193563
0.203769
0.214299
0.22424
0.115356
0.117396
0.120635
0.125425
0.131061
0.137911
0.145302
0.153633
0.162292
0.17165
0.181061
0.190947
0.20056
0.210487
0.219608
0.114846
0.116857
0.120049
0.124774
0.130336
0.136996
0.14419
0.152302
0.160641
0.16966
0.178589
0.187976
0.196909
0.20615
0.214336
0.114279
0.116258
0.119398
0.124035
0.12945
0.135972
0.142953
0.150818
0.158801
0.167439
0.175827
0.184656
0.192821
0.2013
0.20844
0.113657
0.115601
0.118685
0.123231
0.128521
0.134856
0.141598
0.149185
0.156777
0.164993
0.17278
0.180997
0.188307
0.19595
0.201938
0.112983
0.114889
0.117912
0.122345
0.127491
0.133637
0.140126
0.147406
0.154575
0.162325
0.169455
0.177006
0.183375
0.190117
0.194849
0.112259
0.114126
0.117085
0.12141
0.126386
0.132328
0.138544
0.145487
0.152203
0.159442
0.165862
0.172692
0.178035
0.183818
0.187194
0.111487
0.113313
0.116211
0.12041
0.125204
0.130928
0.136855
0.143431
0.149666
0.156346
0.162009
0.168063
0.172298
0.177073
0.178994
0.110671
0.112455
0.115257
0.119331
0.123957
0.129444
0.135064
0.141242
0.14697
0.153042
0.157908
0.163124
0.166178
0.169904
0.170266
0.109812
0.111559
0.114307
0.118201
0.122644
0.127881
0.133177
0.13893
0.144125
0.149539
0.153573
0.15788
0.159691
0.162327
0.161021
0.108915
0.110608
0.113254
0.117017
0.121269
0.12624
0.131192
0.136491
0.141127
0.145831
0.14901
0.152329
0.152862
0.154355
0.151266
0.107983
0.109637
0.112179
0.115789
0.11984
0.124535
0.129131
0.133959
0.138011
0.141957
0.144246
0.146479
0.145711
0.145963
0.140981
0.107013
0.108615
0.111058
0.11451
0.118341
0.122731
0.126935
0.13125
0.134683
0.137839
0.139238
0.140313
0.138309
0.137125
0.130178
0.106023
0.107564
0.109919
0.113237
0.116877
0.121009
0.124852
0.128686
0.131473
0.133777
0.134151
0.133935
0.130545
0.127733
0.118794
0.106023
0.107564
0.109919
0.113237
0.116877
0.121009
0.124852
0.128686
0.131473
0.133777
0.134151
0.133935
0.130545
0.127733
0.118794
0.107013
0.108615
0.111058
0.11451
0.118341
0.122731
0.126935
0.13125
0.134683
0.137839
0.139238
0.140313
0.138309
0.137125
0.130178
0.107983
0.109637
0.112179
0.115789
0.11984
0.124535
0.129131
0.133959
0.138011
0.141957
0.144246
0.146479
0.145711
0.145963
0.140981
0.108915
0.110608
0.113254
0.117017
0.121269
0.12624
0.131192
0.136491
0.141127
0.145831
0.14901
0.152329
0.152862
0.154355
0.151266
0.109812
0.111559
0.114307
0.118201
0.122644
0.127881
0.133177
0.13893
0.144125
0.149539
0.153573
0.15788
0.159691
0.162327
0.161021
0.110671
0.112455
0.115257
0.119331
0.123957
0.129444
0.135064
0.141242
0.14697
0.153042
0.157908
0.163124
0.166178
0.169904
0.170266
0.111487
0.113313
0.116211
0.12041
0.125204
0.130928
0.136855
0.143431
0.149666
0.156346
0.162009
0.168063
0.172298
0.177073
0.178994
0.112259
0.114126
0.117085
0.12141
0.126386
0.132328
0.138544
0.145487
0.152203
0.159442
0.165862
0.172692
0.178035
0.183818
0.187194
0.112983
0.114889
0.117912
0.122345
0.127491
0.133637
0.140126
0.147406
0.154575
0.162325
0.169455
0.177006
0.183375
0.190117
0.194849
0.113657
0.115601
0.118685
0.123231
0.128521
0.134856
0.141598
0.149185
0.156777
0.164993
0.17278
0.180997
0.188307
0.19595
0.201938
0.114279
0.116258
0.119398
0.124035
0.12945
0.135972
0.142953
0.150818
0.158801
0.167439
0.175827
0.184656
0.192821
0.2013
0.20844
0.114846
0.116857
0.120049
0.124774
0.130336
0.136996
0.14419
0.152302
0.160641
0.16966
0.178589
0.187976
0.196909
0.20615
0.214336
0.115356
0.117396
0.120635
0.125425
0.131061
0.137911
0.145302
0.153633
0.162292
0.17165
0.181061
0.190947
0.20056
0.210487
0.219608
0.115807
0.117873
0.121154
0.126013
0.131773
0.13872
0.146285
0.154808
0.163748
0.173406
0.183236
0.193563
0.203769
0.214299
0.22424
0.116197
0.118286
0.121604
0.126517
0.132348
0.139409
0.147136
0.155824
0.165006
0.174921
0.18511
0.195817
0.206529
0.217577
0.22822
0.116525
0.118633
0.121982
0.126944
0.132851
0.139993
0.147851
0.156677
0.16606
0.176192
0.18668
0.197703
0.208834
0.220313
0.231542
0.116788
0.118912
0.122286
0.127287
0.133247
0.140457
0.148426
0.157363
0.166909
0.177215
0.187941
0.199218
0.210681
0.222503
0.234199
0.116987
0.119123
0.122516
0.127545
0.13355
0.14081
0.14886
0.157882
0.167549
0.177986
0.18889
0.200357
0.212068
0.224145
0.236189
0.11712
0.119264
0.12267
0.127718
0.133751
0.141044
0.14915
0.158228
0.167977
0.178502
0.189525
0.201119
0.212993
0.225238
0.237514
0.117187
0.119334
0.122747
0.127805
0.133852
0.141161
0.149296
0.158402
0.168192
0.178761
0.189843
0.2015
0.213455
0.225784
0.238175
0.058455
0.0566938
0.0536414
0.0496044
0.0448483
0.0395627
0.0339411
0.0281302
0.0222721
0.0164679
0.0108114
0.00535929
0.000166465
-0.00474891
-0.00936272
0.0589098
0.0571605
0.0541308
0.0501166
0.0453814
0.0401092
0.0344938
0.0286798
0.0228113
0.0169887
0.0113086
0.00582745
0.000603334
-0.00434542
-0.0089903
0.0597549
0.0580283
0.0550403
0.0510702
0.046375
0.04113
0.0355282
0.0297111
0.0238249
0.0179699
0.0122467
0.00671254
0.00143027
-0.00358107
-0.00828714
0.0609289
0.0592351
0.0563073
0.0524021
0.047767
0.0425645
0.0369864
0.031169
0.0252617
0.019364
0.013582
0.00797463
0.00261121
-0.00248753
-0.00727803
0.0623753
0.0607246
0.0578757
0.0540564
0.0495027
0.0443602
0.0388188
0.0330075
0.0270793
0.0211328
0.0152806
0.0095837
0.00411998
-0.0010877
-0.00598415
0.064043
0.0624458
0.0596946
0.0559827
0.051533
0.0464705
0.040982
0.0351873
0.0292428
0.0232454
0.0173157
0.0115168
0.00593697
0.000601667
-0.00441948
0.0658855
0.0643525
0.0617179
0.0581354
0.0538138
0.0488538
0.0434381
0.0376744
0.0317225
0.0256764
0.0196661
0.0137564
0.00804774
0.00256889
-0.00259336
0.0678612
0.0664035
0.0639039
0.0604732
0.0563051
0.0514725
0.0461529
0.0404385
0.0344924
0.0284042
0.0223141
0.0162885
0.0104416
0.00480595
-0.000511708
0.069933
0.0685616
0.0662149
0.0629584
0.0589704
0.0542924
0.049095
0.0434521
0.0375293
0.03141
0.025245
0.0191021
0.0131107
0.00730748
0.00182214
0.072068
0.0707939
0.0686171
0.0655569
0.061776
0.0572814
0.0522354
0.0466897
0.0408118
0.0346765
0.0284458
0.022188
0.0160489
0.01007
0.00440667
0.0742376
0.0730714
0.0710797
0.0682378
0.0646911
0.0604101
0.0555466
0.0501271
0.0443196
0.0381879
0.0319048
0.0255381
0.0192515
0.0130915
0.00724164
0.0764169
0.0753688
0.0735757
0.0709731
0.0676872
0.0636504
0.0590024
0.053741
0.0480332
0.0419286
0.0356107
0.0291452
0.0227144
0.0163703
0.0103276
0.0785846
0.0776637
0.0760809
0.0737378
0.0707378
0.0669761
0.0625776
0.0575088
0.051933
0.0458833
0.0395521
0.0330018
0.0264336
0.0199057
0.0136653
0.0807227
0.0799373
0.078574
0.0765094
0.0738188
0.0703626
0.0662481
0.0614079
0.0559997
0.0500364
0.0437175
0.0371005
0.0304053
0.0236963
0.0172559
0.0828164
0.0821733
0.081037
0.0792681
0.0769078
0.0737868
0.0699903
0.0654164
0.0602137
0.0543718
0.0480948
0.0414332
0.0346248
0.0277409
0.0210997
0.0848536
0.084358
0.0834541
0.0819963
0.0799846
0.0772272
0.0737814
0.0695122
0.0645552
0.0588727
0.0526712
0.0459912
0.039087
0.0320373
0.0251969
0.0868246
0.0864803
0.0858124
0.0846787
0.0830308
0.0806637
0.0775994
0.0736738
0.0690037
0.0635216
0.0574327
0.0507647
0.0437859
0.0365827
0.0295465
0.0887221
0.0885311
0.0881014
0.0873022
0.08603
0.084078
0.0814234
0.07788
0.0735386
0.0683002
0.062365
0.0557428
0.0487144
0.0413732
0.0341464
0.0905406
0.0905035
0.0903126
0.0898554
0.0889681
0.0874532
0.0852332
0.0821103
0.0781387
0.0731894
0.0674524
0.0609136
0.0538645
0.0464037
0.0389933
0.0922764
0.0923923
0.0924397
0.092329
0.0918328
0.0907738
0.0890099
0.0863447
0.0827824
0.0781698
0.0726784
0.0662637
0.0592277
0.051668
0.0440822
0.0939273
0.094194
0.094478
0.0947152
0.094614
0.094026
0.0927362
0.0905641
0.0874479
0.0832218
0.078025
0.0717789
0.0647952
0.0571585
0.049407
0.0954921
0.0959066
0.0964245
0.097008
0.0973032
0.0971974
0.0963962
0.0947502
0.0921137
0.0883258
0.0834729
0.0774448
0.0705572
0.0628662
0.0549609
0.0969708
0.0975293
0.0982773
0.0992029
0.0998939
0.100277
0.0999761
0.0988853
0.0967583
0.0934623
0.089001
0.0832468
0.0765038
0.0687807
0.0607359
0.0983644
0.0990625
0.100036
0.101297
0.102381
0.103256
0.103464
0.102952
0.101362
0.098611
0.0945868
0.0891718
0.0826242
0.0748932
0.0667238
0.0996743
0.100507
0.1017
0.103288
0.104762
0.106125
0.106849
0.106936
0.105905
0.103752
0.100207
0.0952081
0.0889083
0.0812035
0.0729227
0.100903
0.101866
0.103272
0.105177
0.107033
0.108881
0.110123
0.110821
0.110372
0.108865
0.105841
0.101346
0.095344
0.0877267
0.0793502
0.102052
0.10314
0.104753
0.106963
0.109196
0.111519
0.113282
0.114597
0.11475
0.113928
0.111464
0.107569
0.101904
0.0944737
0.0860197
0.103126
0.104334
0.106144
0.108648
0.111247
0.114034
0.116315
0.118246
0.119016
0.118905
0.117035
0.113829
0.108524
0.101402
0.092817
0.104126
0.105448
0.107446
0.110228
0.11318
0.116411
0.119201
0.121734
0.123128
0.123739
0.122502
0.120053
0.115154
0.108486
0.0993655
0.105059
0.106488
0.108662
0.111705
0.114992
0.118651
0.121939
0.125068
0.127102
0.128473
0.127951
0.12639
0.122093
0.116423
0.105918
-0.0129665
-0.0157062
-0.018508
-0.0213555
-0.0242386
-0.0271535
-0.0300991
-0.033074
-0.0360757
-0.0391008
-0.0421458
-0.0452073
-0.0482819
-0.0513662
-0.0544569
-0.0575504
-0.0606433
-0.0637322
-0.0668154
-0.0698953
-0.012601
-0.0153368
-0.0181428
-0.0209948
-0.0238815
-0.0268012
-0.0297552
-0.032743
-0.0357622
-0.0388092
-0.0418803
-0.0449718
-0.0480802
-0.0512023
-0.0543344
-0.0574731
-0.060615
-0.0637568
-0.0668958
-0.0700285
-0.0119308
-0.0146972
-0.017553
-0.0204564
-0.023391
-0.0263571
-0.0293589
-0.0323975
-0.0354703
-0.0385728
-0.0417007
-0.04485
-0.048017
-0.0511981
-0.0543894
-0.0575868
-0.060786
-0.063983
-0.0671758
-0.0703649
-0.0109712
-0.0137918
-0.0167266
-0.0197079
-0.0227117
-0.0257424
-0.0288093
-0.0319158
-0.0350592
-0.0382342
-0.0414357
-0.0446594
-0.047902
-0.0511597
-0.054429
-0.0577058
-0.0609863
-0.0642669
-0.0675455
-0.070819
-0.00974389
-0.0126435
-0.0156889
-0.0187774
-0.0218764
-0.0249958
-0.028152
-0.031351
-0.0345898
-0.0378614
-0.0411599
-0.0444809
-0.047821
-0.0511767
-0.054544
-0.0579187
-0.0612962
-0.0646725
-0.0680462
-0.0714155
-0.00825996
-0.0112611
-0.0144463
-0.0176683
-0.0208842
-0.0241119
-0.0273767
-0.0306879
-0.0340413
-0.0374281
-0.0408413
-0.0442764
-0.0477304
-0.0511999
-0.0546811
-0.0581696
-0.0616611
-0.0651517
-0.0686405
-0.0721243
-0.00652696
-0.00965166
-0.0130056
-0.0163866
-0.0197403
-0.0230957
-0.026489
-0.029933
-0.0334214
-0.0369432
-0.04049
-0.0440578
-0.0476438
-0.051245
-0.0548575
-0.0584766
-0.0620978
-0.0657171
-0.0693342
-0.0729462
-0.00454902
-0.00781886
-0.0113701
-0.0149345
-0.0184457
-0.0219471
-0.0254881
-0.0290845
-0.0327275
-0.0364026
-0.0401007
-0.0438179
-0.0475523
-0.0513011
-0.0550604
-0.0588253
-0.0625913
-0.0663544
-0.0701154
-0.0738707
-0.00232783
-0.00576424
-0.00954145
-0.0133129
-0.0170003
-0.0206657
-0.0243736
-0.0281426
-0.0319595
-0.0358064
-0.0396731
-0.0435567
-0.0474561
-0.0513689
-0.0552908
-0.0592169
-0.0631425
-0.0670636
-0.0709822
-0.0748945
0.000136623
-0.00348793
-0.00751992
-0.0115214
-0.015403
-0.01925
-0.0231445
-0.0271062
-0.0311164
-0.035153
-0.0392055
-0.0432721
-0.0473527
-0.0514452
-0.0555451
-0.0596472
-0.0637468
-0.0678399
-0.0719302
-0.0760131
0.00284555
-0.000989081
-0.00530492
-0.00955868
-0.0136516
-0.0176982
-0.0217993
-0.0259743
-0.0301971
-0.0344414
-0.0386966
-0.0429628
-0.0472411
-0.0515292
-0.0558224
-0.0601153
-0.064403
-0.0686817
-0.0729571
-0.0772239
0.00580088
0.00173367
-0.00289529
-0.00742272
-0.0117437
-0.0160082
-0.0203368
-0.0247459
-0.0292004
-0.03367
-0.038145
-0.0426276
-0.0471199
-0.0516195
-0.0561213
-0.0606195
-0.0651095
-0.0695873
-0.074061
-0.0785248
0.00900488
0.00468189
-0.000289539
-0.00511109
-0.00967637
-0.0141776
-0.0187554
-0.0234199
-0.0281251
-0.0328376
-0.0375495
-0.0422655
-0.0469885
-0.0517155
-0.056441
-0.0611594
-0.0658657
-0.0705558
-0.075241
-0.0799146
0.0124598
0.00785703
0.00251388
-0.00262113
-0.00744669
-0.0122044
-0.017054
-0.0219951
-0.0269698
-0.0319426
-0.0369087
-0.0418755
-0.046846
-0.0518164
-0.0567811
-0.0617342
-0.066671
-0.0715864
-0.0764962
-0.0813926
0.0161676
0.0112602
0.00551642
4.98926e-05
-0.00505175
-0.0100868
-0.0152315
-0.0204703
-0.0257328
-0.0309834
-0.0362217
-0.041457
-0.0466918
-0.0519218
-0.057141
-0.062344
-0.0675257
-0.0726792
-0.077827
-0.0829589
0.0201295
0.0148917
0.00871921
0.00290462
-0.00248892
-0.00782339
-0.0132871
-0.0188445
-0.0244128
-0.0299588
-0.0354874
-0.0410091
-0.0465254
-0.0520308
-0.0575197
-0.0629876
-0.0684289
-0.073834
-0.0792336
-0.0846133
0.0243459
0.018751
0.0121229
0.00594543
0.000243979
-0.00541321
-0.0112203
-0.0171163
-0.023008
-0.0288675
-0.0347052
-0.0405317
-0.0463463
-0.0521428
-0.0579167
-0.063665
-0.0693833
-0.0750614
-0.0807257
-0.0863607
0.0288158
0.0228362
0.0157275
0.0091743
0.00314859
-0.00285591
-0.00903049
-0.0152846
-0.0215171
-0.0277085
-0.0338748
-0.0400248
-0.0461542
-0.0522555
-0.0583236
-0.0643557
-0.0703535
-0.076347
-0.0822985
-0.0881987
0.0335364
0.027144
0.0195319
0.0125926
0.00622585
-0.000151733
-0.00671753
-0.0133478
-0.0199383
-0.0264808
-0.0329961
-0.0394892
-0.0459524
-0.052379
-0.0587659
-0.0651115
-0.0714156
-0.0776997
-0.0839383
-0.0901194
0.0385029
0.0316684
0.0235341
0.0162012
0.00947584
0.00269837
-0.00428125
-0.0113046
-0.0182702
-0.0251839
-0.0320689
-0.0389242
-0.045739
-0.0525072
-0.0592264
-0.0658954
-0.0725137
-0.0791078
-0.0856509
-0.0921264
0.0437076
0.0364011
0.0277304
0.0200002
0.0128976
0.00569264
-0.00172154
-0.00915321
-0.0165116
-0.023817
-0.0310922
-0.0383288
-0.0455131
-0.0526407
-0.0597102
-0.06672
-0.0736684
-0.0805852
-0.0874429
-0.0942227
0.0491396
0.0413295
0.0321158
0.0239887
0.0164888
0.0088284
0.000961624
-0.00689217
-0.0146615
-0.0223799
-0.0300655
-0.037702
-0.0452742
-0.0527792
-0.0602161
-0.0675821
-0.0748743
-0.082128
-0.0893132
-0.0964081
0.0547831
0.0464366
0.0366836
0.0281655
0.0202454
0.0121022
0.00376861
-0.00452006
-0.0127196
-0.0208725
-0.0289879
-0.0370427
-0.0450214
-0.0529226
-0.0607446
-0.0684833
-0.076134
-0.0837386
-0.0912634
-0.0986834
0.0606135
0.0516978
0.0414261
0.0325279
0.0241605
0.0155095
0.00669969
-0.00203623
-0.0106863
-0.0192945
-0.0278581
-0.0363493
-0.0447537
-0.0530701
-0.0612953
-0.0694234
-0.0774472
-0.0854173
-0.0932941
-0.101049
0.0665938
0.0570793
0.0463344
0.0370715
0.0282254
0.0190471
0.00975601
0.000558736
-0.00856355
-0.0176466
-0.0266757
-0.0356217
-0.044471
-0.0532219
-0.0618692
-0.0704049
-0.0788168
-0.0871666
-0.0954067
-0.103505
0.0726743
0.0625374
0.0513963
0.0417838
0.0324248
0.0227113
0.0129391
0.00326561
-0.00634922
-0.0159246
-0.0254361
-0.0348559
-0.0441701
-0.0533745
-0.0624618
-0.0714196
-0.080237
-0.0889851
-0.0976016
-0.106052
0.078794
0.068037
0.0566115
0.0466532
0.036746
0.0264971
0.0162398
0.00606988
-0.00405665
-0.0141391
-0.0241481
-0.0340585
-0.0438551
-0.0535325
-0.0630851
-0.072499
-0.0817316
-0.0908848
-0.0998844
-0.108694
0.0848409
0.0735311
0.0619583
0.0516466
0.0411861
0.030431
0.0196913
0.00900789
-0.00164775
-0.0122559
-0.0227844
-0.033208
-0.0435075
-0.0536704
-0.0636842
-0.0735265
-0.083238
-0.0928457
-0.102244
-0.11142
0.0905689
0.0790351
0.0674602
0.0567109
0.0456605
0.0343948
0.0231531
0.011942
0.000752606
-0.0103854
-0.0214391
-0.032386
-0.0432079
-0.0538998
-0.0644666
-0.0748821
-0.0849325
-0.0948992
-0.104661
-0.1142
0.0952604
0.0841976
0.0730558
0.0620346
0.050555
0.0388485
0.0271118
0.0153687
0.00363293
-0.00805939
-0.0196643
-0.0311508
-0.0424929
-0.0536657
-0.0646503
-0.0754887
-0.0864105
-0.0969823
-0.107183
-0.117107
-0.0729679
-0.0760251
-0.0790608
-0.082073
-0.0850603
-0.0880211
-0.0909531
-0.0938538
-0.0967207
-0.0995516
-0.102344
-0.105097
-0.107808
-0.110475
-0.113097
-0.115672
-0.118199
-0.120676
-0.123105
-0.125482
-0.0731492
-0.0762526
-0.0793362
-0.0823978
-0.0854343
-0.0884429
-0.0914205
-0.0943643
-0.0972716
-0.10014
-0.102967
-0.10575
-0.108487
-0.111177
-0.113818
-0.116407
-0.118944
-0.121427
-0.123858
-0.126236
-0.0735462
-0.0767119
-0.0798561
-0.0829758
-0.0860685
-0.0891318
-0.0921628
-0.0951586
-0.0981164
-0.101034
-0.103908
-0.106737
-0.109518
-0.112251
-0.114932
-0.11756
-0.120136
-0.122656
-0.125126
-0.127547
-0.0740815
-0.077326
-0.0805488
-0.0837472
-0.0869185
-0.0900597
-0.0931677
-0.0962394
-0.0992717
-0.102262
-0.105208
-0.108107
-0.110957
-0.113756
-0.116503
-0.119194
-0.121832
-0.124412
-0.126945
-0.129433
-0.0747747
-0.0781164
-0.0814354
-0.0847288
-0.0879941
-0.0912283
-0.0944283
-0.0975907
-0.100713
-0.103792
-0.106825
-0.10981
-0.112746
-0.115628
-0.118458
-0.121232
-0.123952
-0.126613
-0.129231
-0.131812
-0.0755967
-0.07905
-0.0824798
-0.0858834
-0.0892582
-0.0926012
-0.0959092
-0.099179
-0.102408
-0.105592
-0.10873
-0.11182
-0.114859
-0.117844
-0.120777
-0.123652
-0.126474
-0.129236
-0.131961
-0.134657
-0.0765462
-0.0801263
-0.0836818
-0.0872103
-0.0907092
-0.0941757
-0.0976064
-0.100998
-0.104348
-0.107654
-0.110912
-0.114121
-0.117279
-0.120384
-0.123435
-0.126429
-0.12937
-0.132253
-0.135103
-0.137933
-0.0776127
-0.0813333
-0.0850283
-0.0886952
-0.092332
-0.0959356
-0.0995029
-0.103031
-0.106516
-0.109957
-0.11335
-0.116694
-0.119986
-0.123225
-0.126412
-0.12954
-0.132618
-0.135636
-0.138631
-0.141614
-0.0787921
-0.0826668
-0.0865144
-0.0903331
-0.0941208
-0.0978747
-0.101592
-0.105269
-0.108903
-0.112492
-0.116034
-0.119526
-0.122967
-0.126355
-0.129691
-0.132968
-0.136198
-0.139368
-0.142522
-0.145676
-0.0800796
-0.0841212
-0.0881342
-0.0921172
-0.0960684
-0.0999851
-0.103864
-0.107703
-0.111499
-0.115249
-0.118952
-0.122605
-0.126208
-0.129757
-0.133256
-0.136697
-0.140092
-0.143428
-0.146757
-0.150095
-0.0814722
-0.0856933
-0.089884
-0.0940433
-0.09817
-0.102261
-0.106315
-0.110327
-0.114295
-0.118218
-0.122094
-0.12592
-0.129697
-0.13342
-0.137095
-0.140711
-0.144285
-0.147799
-0.151317
-0.154853
-0.0829675
-0.0873803
-0.0917605
-0.0961079
-0.100421
-0.104699
-0.108937
-0.113134
-0.117286
-0.121393
-0.125453
-0.129463
-0.133424
-0.137332
-0.141193
-0.144995
-0.14876
-0.152464
-0.156181
-0.159928
-0.0845641
-0.0891804
-0.0937615
-0.0983081
-0.102819
-0.107293
-0.111727
-0.116118
-0.120466
-0.124766
-0.12902
-0.133223
-0.137379
-0.141482
-0.145539
-0.149537
-0.153502
-0.157405
-0.161332
-0.165299
-0.0862611
-0.0910921
-0.0958851
-0.100642
-0.105361
-0.110042
-0.114681
-0.119276
-0.123827
-0.12833
-0.132786
-0.137193
-0.141552
-0.145857
-0.150119
-0.154322
-0.158494
-0.162605
-0.16675
-0.170944
-0.0880579
-0.0931148
-0.0981302
-0.103107
-0.108044
-0.112941
-0.117794
-0.122603
-0.127365
-0.132079
-0.136746
-0.141362
-0.145931
-0.150446
-0.15492
-0.159333
-0.163721
-0.168045
-0.172415
-0.176841
-0.0899536
-0.0952467
-0.100495
-0.105701
-0.110866
-0.115988
-0.121064
-0.126093
-0.131074
-0.136006
-0.140889
-0.145722
-0.150507
-0.155237
-0.159928
-0.164557
-0.169164
-0.173706
-0.178304
-0.182966
-0.09195
-0.0974885
-0.102979
-0.108425
-0.113825
-0.119179
-0.124485
-0.129742
-0.134948
-0.140104
-0.145209
-0.150263
-0.155268
-0.160218
-0.165128
-0.169976
-0.174805
-0.179566
-0.184395
-0.189291
-0.094046
-0.0998394
-0.105582
-0.111275
-0.116919
-0.122513
-0.128054
-0.133545
-0.138981
-0.144365
-0.149696
-0.154974
-0.160201
-0.165375
-0.170505
-0.175575
-0.180625
-0.185606
-0.190663
-0.195794
-0.0962389
-0.102298
-0.108301
-0.11425
-0.120145
-0.125985
-0.131768
-0.137496
-0.143166
-0.148783
-0.15434
-0.159846
-0.165295
-0.170692
-0.176041
-0.181333
-0.186602
-0.191805
-0.197084
-0.202449
-0.0985299
-0.104865
-0.111136
-0.117349
-0.1235
-0.129592
-0.135621
-0.141591
-0.147497
-0.153348
-0.159133
-0.164867
-0.170536
-0.176157
-0.18172
-0.187234
-0.192713
-0.198137
-0.203632
-0.209233
-0.10092
-0.107539
-0.114087
-0.120569
-0.126983
-0.133331
-0.139609
-0.145823
-0.151966
-0.158051
-0.164062
-0.170025
-0.175909
-0.181756
-0.187525
-0.193262
-0.198941
-0.204585
-0.210281
-0.216115
-0.103408
-0.110319
-0.117152
-0.123909
-0.13059
-0.137197
-0.143726
-0.150184
-0.156564
-0.162881
-0.169115
-0.175302
-0.181394
-0.187465
-0.19343
-0.199393
-0.205258
-0.211125
-0.217004
-0.223067
-0.105994
-0.113206
-0.120329
-0.127367
-0.134319
-0.141186
-0.147967
-0.154669
-0.161284
-0.167831
-0.174282
-0.180687
-0.186979
-0.193264
-0.199405
-0.205589
-0.211616
-0.217714
-0.223755
-0.230048
-0.108679
-0.116199
-0.123618
-0.130941
-0.138165
-0.145295
-0.152328
-0.159273
-0.166121
-0.172893
-0.179561
-0.186179
-0.192667
-0.199159
-0.205463
-0.211861
-0.218007
-0.224334
-0.230485
-0.237019
-0.111462
-0.119295
-0.127016
-0.134626
-0.142127
-0.149519
-0.156803
-0.163986
-0.171065
-0.178055
-0.184936
-0.191758
-0.198445
-0.205138
-0.211612
-0.218224
-0.224472
-0.231035
-0.23722
-0.244003
-0.114342
-0.122493
-0.130518
-0.138418
-0.146192
-0.153843
-0.161373
-0.168785
-0.17608
-0.183271
-0.190345
-0.197342
-0.204203
-0.21106
-0.217695
-0.2245
-0.230862
-0.237693
-0.243892
-0.250991
-0.117325
-0.125798
-0.134126
-0.142312
-0.150356
-0.158257
-0.166019
-0.173645
-0.181138
-0.188505
-0.195742
-0.202874
-0.209867
-0.216822
-0.223566
-0.230475
-0.236927
-0.244003
-0.250221
-0.257801
-0.120404
-0.129214
-0.137858
-0.146339
-0.15466
-0.16282
-0.170823
-0.178674
-0.186376
-0.193935
-0.201353
-0.208643
-0.215789
-0.22285
-0.229714
-0.236675
-0.243193
-0.250403
-0.256552
-0.264682
-0.12355
-0.132722
-0.14172
-0.15054
-0.159182
-0.167646
-0.17594
-0.184069
-0.192039
-0.199858
-0.207531
-0.215065
-0.22246
-0.229735
-0.236834
-0.243913
-0.250594
-0.2578
-0.263888
-0.272292
-0.12679
-0.136279
-0.145592
-0.154712
-0.163629
-0.172344
-0.180864
-0.1892
-0.197359
-0.20535
-0.213185
-0.220871
-0.22842
-0.235832
-0.243101
-0.250258
-0.257138
-0.264154
-0.270351
-0.278432
-0.131382
-0.140152
-0.148113
-0.154971
-0.160447
-0.16429
-0.166254
-0.166096
-0.163597
-0.158597
-0.151049
-0.141056
-0.128889
-0.115023
-0.100101
-0.0848913
-0.0701558
-0.0565287
-0.0444741
-0.0342718
-0.0258904
-0.019196
-0.0139813
-0.0100375
-0.00707143
-0.00487824
-0.00324986
-0.00205699
-0.00113959
-0.000367183
-0.132186
-0.141021
-0.149006
-0.155862
-0.161329
-0.16516
-0.167104
-0.166909
-0.164352
-0.159271
-0.151622
-0.141507
-0.129198
-0.115183
-0.100119
-0.0847917
-0.0699733
-0.0563038
-0.0442429
-0.0340557
-0.0257032
-0.019044
-0.0138644
-0.00995135
-0.0070101
-0.00483581
-0.0032217
-0.00204009
-0.00113084
-0.000365111
-0.133661
-0.142634
-0.150664
-0.157519
-0.162971
-0.166781
-0.168689
-0.168427
-0.165763
-0.160535
-0.152697
-0.142352
-0.129778
-0.11548
-0.100151
-0.0846026
-0.06963
-0.0558818
-0.0438089
-0.0336513
-0.0253537
-0.0187608
-0.0136469
-0.0097911
-0.00689618
-0.00475696
-0.00316949
-0.00200858
-0.00111445
-0.000361086
-0.135767
-0.144925
-0.153009
-0.159857
-0.165289
-0.169074
-0.17093
-0.170571
-0.167754
-0.162317
-0.154215
-0.143544
-0.130592
-0.115895
-0.100187
-0.0843282
-0.0691402
-0.0552834
-0.0431958
-0.0330821
-0.0248638
-0.0183648
-0.0133433
-0.00956784
-0.00673774
-0.00464741
-0.00309703
-0.00196465
-0.00109158
-0.000355398
-0.138432
-0.147816
-0.155953
-0.162788
-0.168198
-0.171953
-0.173745
-0.173261
-0.170254
-0.16456
-0.156126
-0.145044
-0.131613
-0.116408
-0.100221
-0.0839704
-0.0685147
-0.0545261
-0.0424239
-0.032369
-0.0242527
-0.0178725
-0.0129669
-0.00929158
-0.00654212
-0.00451229
-0.00300779
-0.00191029
-0.00106324
-0.000348247
-0.141619
-0.151251
-0.159431
-0.166246
-0.171635
-0.175357
-0.17707
-0.176436
-0.173208
-0.167214
-0.158389
-0.146816
-0.132813
-0.117001
-0.100244
-0.0835293
-0.0677619
-0.0536248
-0.0415108
-0.0315301
-0.0235375
-0.0172987
-0.0125295
-0.00897134
-0.00631593
-0.00435624
-0.00290491
-0.00184728
-0.00103034
-0.000339801
-0.145287
-0.155176
-0.163381
-0.17017
-0.175539
-0.179222
-0.180839
-0.180038
-0.176563
-0.170235
-0.160968
-0.148834
-0.134172
-0.117659
-0.100246
-0.0830042
-0.0668887
-0.052592
-0.0404718
-0.0305816
-0.0227336
-0.0166567
-0.0120419
-0.00861519
-0.00606511
-0.00418342
-0.00279121
-0.00177718
-0.000993699
-0.00033021
-0.149404
-0.159548
-0.167752
-0.174507
-0.179855
-0.183496
-0.185004
-0.184018
-0.180277
-0.173586
-0.163832
-0.151072
-0.13567
-0.118368
-0.100221
-0.0823942
-0.0659008
-0.0514386
-0.0393207
-0.0295382
-0.0218547
-0.0159583
-0.0115134
-0.00823035
-0.00579494
-0.00399755
-0.00266919
-0.00170141
-0.00095408
-0.000319603
-0.153941
-0.164323
-0.172495
-0.179208
-0.184536
-0.188127
-0.189514
-0.188329
-0.184311
-0.177236
-0.166954
-0.153508
-0.137289
-0.119115
-0.10016
-0.0816981
-0.0648034
-0.0501746
-0.0380699
-0.028413
-0.0209133
-0.0152141
-0.0109526
-0.00782324
-0.0055101
-0.00380188
-0.00254105
-0.00162121
-0.000912153
-0.000308095
-0.158872
-0.169461
-0.177567
-0.184227
-0.189534
-0.193067
-0.194322
-0.192932
-0.188629
-0.181154
-0.17031
-0.156123
-0.139015
-0.119889
-0.100058
-0.0809152
-0.0636016
-0.0488092
-0.0367311
-0.0272184
-0.0199207
-0.0144339
-0.0103672
-0.00739955
-0.00521471
-0.00359928
-0.00240869
-0.00153766
-0.000868522
-0.000295792
-0.16417
-0.174923
-0.182925
-0.189524
-0.194807
-0.198272
-0.199386
-0.197788
-0.193201
-0.185315
-0.17388
-0.158902
-0.140836
-0.12068
-0.0999067
-0.0800452
-0.0623004
-0.047351
-0.0353153
-0.0259655
-0.018887
-0.0136261
-0.00976369
-0.0069643
-0.00491237
-0.00339224
-0.00227378
-0.00145171
-0.000823724
-0.000282791
-0.169811
-0.180671
-0.188529
-0.195057
-0.200314
-0.203699
-0.204665
-0.202863
-0.197997
-0.189695
-0.177644
-0.16183
-0.142739
-0.121479
-0.0997028
-0.0790883
-0.0609048
-0.0458085
-0.0338325
-0.0246646
-0.0178216
-0.0127985
-0.00914816
-0.00652188
-0.00460621
-0.00318293
-0.00213772
-0.00136421
-0.000778233
-0.000269184
-0.175767
-0.186667
-0.194341
-0.200789
-0.206014
-0.209306
-0.210123
-0.208126
-0.202991
-0.194271
-0.181585
-0.164893
-0.144713
-0.122278
-0.0994416
-0.078045
-0.0594203
-0.04419
-0.0322925
-0.0233253
-0.0167328
-0.0119578
-0.00852578
-0.0060761
-0.00429889
-0.00297317
-0.00200169
-0.00127586
-0.000732463
-0.000255062
-0.182013
-0.192871
-0.200324
-0.206685
-0.211869
-0.215055
-0.215723
-0.213545
-0.208159
-0.199024
-0.185689
-0.16808
-0.146751
-0.123069
-0.0991198
-0.0769167
-0.0578523
-0.0425034
-0.0307044
-0.0219565
-0.0156283
-0.0111103
-0.00790111
-0.00563026
-0.00399273
-0.00276454
-0.00186672
-0.00118728
-0.000686772
-0.00024051
-0.18852
-0.199247
-0.206444
-0.212712
-0.217842
-0.220908
-0.221435
-0.219094
-0.213477
-0.203935
-0.18994
-0.171382
-0.148844
-0.123847
-0.0987349
-0.0757053
-0.0562064
-0.0407568
-0.0290771
-0.0205663
-0.0145149
-0.0102612
-0.0072781
-0.0051872
-0.00368966
-0.00255833
-0.0017336
-0.001099
-0.000641464
-0.000225613
-0.195259
-0.205754
-0.212669
-0.218838
-0.223898
-0.226833
-0.227229
-0.224748
-0.218923
-0.208986
-0.194327
-0.174788
-0.150984
-0.124606
-0.0982853
-0.0744133
-0.0544886
-0.038958
-0.0274188
-0.0191622
-0.0133987
-0.00941526
-0.00666015
-0.0047493
-0.00339129
-0.00235564
-0.00160302
-0.00101147
-0.0005968
-0.000210454
-0.202199
-0.212358
-0.218967
-0.225033
-0.230001
-0.232797
-0.233078
-0.230481
-0.224478
-0.21416
-0.198837
-0.178291
-0.153165
-0.125341
-0.0977702
-0.0730436
-0.0527051
-0.0371148
-0.0257373
-0.017751
-0.0122852
-0.00857656
-0.00605017
-0.00431858
-0.00309896
-0.00215734
-0.0014755
-0.000925083
-0.000552998
-0.000195114
-0.209305
-0.219022
-0.225311
-0.231268
-0.236122
-0.238773
-0.238956
-0.236272
-0.230122
-0.219443
-0.20346
-0.181882
-0.155381
-0.12605
-0.0971895
-0.0716
-0.0508621
-0.0352347
-0.0240399
-0.016339
-0.0111794
-0.00774865
-0.0054506
-0.00389673
-0.00281375
-0.00196416
-0.00135147
-0.00084015
-0.000510241
-0.000179671
-0.216541
-0.225713
-0.231675
-0.237514
-0.242229
-0.244732
-0.24484
-0.242098
-0.235835
-0.224818
-0.208183
-0.185553
-0.157626
-0.126728
-0.0965436
-0.0700865
-0.0489661
-0.0333252
-0.0223337
-0.0149319
-0.0100853
-0.00693457
-0.0048635
-0.00348511
-0.00253655
-0.00177665
-0.00123125
-0.000756952
-0.000468679
-0.000164202
-0.223863
-0.232398
-0.238034
-0.243743
-0.248294
-0.250651
-0.250705
-0.247936
-0.241599
-0.23027
-0.212996
-0.189295
-0.159895
-0.127374
-0.0958339
-0.0685078
-0.047024
-0.0313935
-0.0206251
-0.0135349
-0.00900702
-0.00613692
-0.0042906
-0.00308485
-0.00226802
-0.00159524
-0.00111506
-0.000675723
-0.000428438
-0.000148777
-0.231228
-0.239046
-0.244364
-0.249925
-0.25429
-0.256505
-0.256529
-0.253766
-0.247394
-0.235782
-0.217885
-0.193101
-0.162182
-0.127984
-0.0950622
-0.0668691
-0.0450426
-0.0294469
-0.0189204
-0.0121527
-0.00794772
-0.0053579
-0.00373328
-0.00269685
-0.0020087
-0.00142025
-0.00100308
-0.00059666
-0.000389618
-0.000133465
-0.238589
-0.245629
-0.25064
-0.256034
-0.260192
-0.262271
-0.262289
-0.259562
-0.253197
-0.241333
-0.222835
-0.196957
-0.16448
-0.128557
-0.0942309
-0.0651761
-0.0430292
-0.0274923
-0.0172254
-0.0107898
-0.00691037
-0.00459936
-0.00319269
-0.0023218
-0.00175896
-0.00125191
-0.000895417
-0.000519934
-0.0003523
-0.000118325
-0.245901
-0.25212
-0.256842
-0.262041
-0.265976
-0.267928
-0.267958
-0.2653
-0.258985
-0.246902
-0.227827
-0.200852
-0.166781
-0.129092
-0.0933432
-0.0634349
-0.0409912
-0.0255367
-0.0155457
-0.00944994
-0.00589754
-0.00386284
-0.00266975
-0.00196025
-0.00151909
-0.00109035
-0.000792121
-0.000445686
-0.000316543
-0.000103413
-0.253116
-0.258495
-0.262947
-0.26792
-0.271616
-0.273447
-0.273508
-0.27095
-0.264726
-0.25246
-0.232839
-0.204769
-0.169078
-0.129585
-0.0924026
-0.0616526
-0.0389363
-0.023587
-0.0138864
-0.00813681
-0.00491146
-0.00314961
-0.00216515
-0.00161257
-0.00128923
-0.000935661
-0.000693219
-0.000374041
-0.000282391
-8.87733e-05
-0.260184
-0.264731
-0.268933
-0.27364
-0.277086
-0.278802
-0.278905
-0.276477
-0.270385
-0.257972
-0.237841
-0.208688
-0.171357
-0.130035
-0.0914135
-0.0598365
-0.0368724
-0.02165
-0.0122527
-0.00685372
-0.00395412
-0.00246073
-0.00167947
-0.00127907
-0.0010695
-0.000787862
-0.000598708
-0.000305104
-0.000249871
-7.44457e-05
-0.267053
-0.270803
-0.274768
-0.279165
-0.282351
-0.283955
-0.284111
-0.281838
-0.275916
-0.263397
-0.242796
-0.212581
-0.173607
-0.13044
-0.0903803
-0.0579944
-0.0348078
-0.0197324
-0.0106493
-0.00560381
-0.00302733
-0.00179715
-0.00121321
-0.000959977
-0.000859942
-0.000646952
-0.000508568
-0.000238971
-0.000218998
-6.04613e-05
-0.273647
-0.276678
-0.280416
-0.284452
-0.287367
-0.288858
-0.289083
-0.286985
-0.28127
-0.268684
-0.247662
-0.216419
-0.175809
-0.130795
-0.0893076
-0.0561346
-0.0327508
-0.017841
-0.00908064
-0.00438956
-0.00213233
-0.00115933
-0.000766479
-0.00065528
-0.000660456
-0.000512837
-0.000422731
-0.00017569
-0.000189764
-4.68445e-05
-0.279921
-0.282332
-0.285851
-0.28947
-0.292101
-0.293454
-0.293751
-0.291868
-0.286401
-0.273796
-0.252406
-0.220178
-0.177954
-0.131103
-0.0882054
-0.0542686
-0.0307105
-0.0159813
-0.00754932
-0.0032113
-0.00126821
-0.000546122
-0.000338225
-0.00036412
-0.0004705
-0.000385198
-0.000341038
-0.000115196
-0.000162111
-3.36064e-05
-0.285929
-0.287736
-0.291045
-0.294206
-0.296559
-0.297759
-0.298087
-0.296484
-0.29131
-0.27874
-0.257044
-0.223881
-0.180069
-0.131391
-0.0870931
-0.0524078
-0.0286917
-0.0141553
-0.00605666
-0.00206918
-0.000434404
4.31409e-05
7.20794e-05
-8.60416e-05
-0.000289845
-0.000263891
-0.000263425
-5.75061e-05
-0.000135983
-2.07457e-05
-0.291653
-0.292676
-0.295811
-0.298524
-0.300681
-0.301934
-0.302392
-0.300854
-0.295948
-0.283442
-0.261492
-0.227449
-0.182081
-0.131585
-0.0859081
-0.0505149
-0.0266849
-0.0123698
-0.00461975
-0.000984786
0.00034865
0.000593008
0.000452981
0.000171137
-0.000122537
-0.000150875
-0.000190667
-3.6634e-06
-0.00011166
-8.30051e-06
-0.29686
-0.296554
-0.299575
-0.301785
-0.303609
-0.304482
-0.30493
-0.303686
-0.298913
-0.286294
-0.264038
-0.229253
-0.182677
-0.130871
-0.0842587
-0.0484464
-0.0246575
-0.0106236
-0.00323532
3.56486e-05
0.00107199
0.00110034
0.000803989
0.000408444
3.65253e-05
-4.05862e-05
-0.00011779
4.92368e-05
-8.7409e-05
4.92134e-06
-0.300992
-0.301574
-0.30466
-0.306273
-0.307819
-0.308662
-0.309059
-0.307658
-0.302549
-0.289088
-0.265538
-0.228815
-0.18011
-0.126691
-0.0796186
-0.0442313
-0.0212921
-0.0081302
-0.0014631
0.00126918
0.00192984
0.00168555
0.00120417
0.000675802
0.000211287
7.89733e-05
-3.91087e-05
0.000108356
-6.14668e-05
1.95309e-05
-0.30534
-0.305813
-0.308575
-0.309516
-0.310781
-0.311345
-0.311934
-0.310673
-0.305415
-0.291368
-0.266853
-0.228574
-0.177929
-0.122974
-0.0753988
-0.0402923
-0.018066
-0.005685
0.000302638
0.00250675
0.00276897
0.00225301
0.00159216
0.000934857
0.000381358
0.000196282
3.84707e-05
0.000167252
-3.62619e-05
3.43942e-05
-0.309518
-0.30974
-0.312248
-0.312608
-0.313757
-0.314405
-0.314996
-0.313726
-0.308246
-0.293556
-0.268027
-0.228105
-0.175527
-0.119083
-0.0710991
-0.0363549
-0.0148894
-0.00329885
0.00201822
0.00369677
0.00357689
0.00280153
0.00196725
0.00118492
0.000545622
0.000310153
0.000113894
0.000224534
-1.20043e-05
4.9441e-05
-0.313473
-0.313111
-0.315352
-0.315133
-0.316182
-0.316657
-0.317521
-0.316324
-0.310654
-0.295368
-0.268891
-0.2274
-0.172921
-0.115063
-0.0667302
-0.032391
-0.0117183
-0.000935987
0.00370007
0.00485749
0.0043657
0.00333635
0.00233209
0.00142738
0.000704656
0.000420697
0.000187042
0.000279983
1.1333e-05
6.46651e-05
-0.317247
-0.315841
-0.317899
-0.317184
-0.318246
-0.318811
-0.319759
-0.318593
-0.3127
-0.296822
-0.269421
-0.226406
-0.17011
-0.11095
-0.0623475
-0.0284546
-0.00859074
0.00138427
0.00534535
0.00598725
0.00513122
0.00385413
0.00268446
0.00166091
0.000857868
0.000527578
0.000257718
0.00033339
3.37536e-05
8.00578e-05
-0.320686
-0.317957
-0.319906
-0.318763
-0.319899
-0.320444
-0.321588
-0.320447
-0.314311
-0.297849
-0.269553
-0.225082
-0.167082
-0.106759
-0.0579747
-0.0245714
-0.00553038
0.00364248
0.00694039
0.00707663
0.00586756
0.00435135
0.00302201
0.00188413
0.00100452
0.000630285
0.000325595
0.000384403
5.52444e-05
9.55903e-05
-0.323977
-0.319414
-0.321447
-0.319932
-0.321207
-0.32179
-0.323073
-0.321907
-0.315484
-0.298434
-0.269251
-0.223404
-0.163848
-0.102522
-0.0536509
-0.0207767
-0.00256308
0.00582022
0.00847102
0.00811751
0.00656986
0.00482493
0.00334265
0.00209582
0.00114396
0.000728302
0.000390327
0.000432651
7.58028e-05
0.00011121
-0.326828
-0.320269
-0.322603
-0.320777
-0.322228
-0.322802
-0.324219
-0.322973
-0.316213
-0.298567
-0.268511
-0.221353
-0.160428
-0.098275
-0.0494199
-0.0171104
0.0002812
0.00789689
0.00992374
0.00910178
0.00723296
0.00527151
0.00364418
0.00229472
0.00127554
0.000821101
0.000451572
0.00047779
9.54302e-05
0.000126836
-0.328871
-0.320744
-0.323479
-0.321353
-0.323
-0.323572
-0.325064
-0.323665
-0.316514
-0.298254
-0.267325
-0.21895
-0.156853
-0.0940615
-0.0453293
-0.0136146
0.00297104
0.00985075
0.0112846
0.0100209
0.00785151
0.00568771
0.00392446
0.00247961
0.00139859
0.000908142
0.000508999
0.000519511
0.000114119
0.000142352
-0.330072
-0.321
-0.324127
-0.321739
-0.323592
-0.324119
-0.325634
-0.324003
-0.316399
-0.297513
-0.26572
-0.216228
-0.153163
-0.0899309
-0.0414293
-0.0103323
0.00547503
0.0116603
0.0125398
0.0108665
0.0084204
0.00607034
0.00418149
0.0026494
0.00151252
0.000988891
0.000562288
0.000557552
0.000131842
0.000157602
-0.330622
-0.321141
-0.324582
-0.321994
-0.324031
-0.324478
-0.325938
-0.324013
-0.315911
-0.296373
-0.263722
-0.213239
-0.149412
-0.0859379
-0.0377704
-0.00730476
0.00776357
0.0133056
0.0136768
0.0116311
0.00893511
0.00641657
0.0044136
0.00280312
0.00161673
0.00106284
0.00061114
0.000591711
0.000148539
0.000172394
-0.330788
-0.321185
-0.324903
-0.322146
-0.324351
-0.324662
-0.326022
-0.323712
-0.315083
-0.294886
-0.261402
-0.21005
-0.145666
-0.0821415
-0.0344012
-0.00456902
0.00981104
0.0147698
0.0146853
0.0123088
0.00939203
0.00672417
0.00461952
0.00294004
0.0017107
0.00112953
0.000655283
0.000621858
0.000164113
0.0001865
-0.330657
-0.321153
-0.325103
-0.322228
-0.324565
-0.324684
-0.325898
-0.323178
-0.313979
-0.293113
-0.258842
-0.206752
-0.142003
-0.0786038
-0.0313664
-0.00215569
0.011598
0.0160407
0.0155583
0.0128957
0.00978877
0.00699165
0.00479846
0.00305964
0.00179397
0.00118855
0.000694473
0.000647937
0.000178426
0.000199667
-0.330164
-0.321203
-0.325151
-0.322288
-0.324635
-0.32461
-0.32558
-0.322372
-0.312657
-0.291181
-0.256154
-0.203443
-0.13852
-0.0753892
-0.0287041
-8.70151e-05
0.0131124
0.0171122
0.0162927
0.01339
0.0101243
0.00721839
0.00495017
0.00316167
0.0018661
0.00123959
0.000728491
0.000669964
0.000191295
0.000211623
-0.329656
-0.321113
-0.325158
-0.322287
-0.324638
-0.324428
-0.325151
-0.321517
-0.311233
-0.289168
-0.253487
-0.2003
-0.135317
-0.0725626
-0.0264469
0.00162887
0.0143495
0.0179839
0.0168894
0.0137928
0.0103991
0.00740457
0.00507486
0.00324609
0.00192675
0.00128238
0.000757149
0.000688015
0.000202512
0.0002221
-0.329112
-0.320982
-0.325136
-0.322237
-0.324585
-0.32419
-0.324667
-0.320608
-0.309842
-0.287264
-0.250985
-0.197436
-0.132538
-0.0701926
-0.0246165
0.00298588
0.0153156
0.0186615
0.017353
0.0141067
0.0106145
0.00755105
0.00517311
0.00331307
0.00197562
0.00131675
0.000780284
0.00070221
0.000211849
0.000230839
-0.328613
-0.320834
-0.325098
-0.322165
-0.324506
-0.323945
-0.324208
-0.319793
-0.30862
-0.285621
-0.248878
-0.195046
-0.130314
-0.068328
-0.0232272
0.00398895
0.0160222
0.0191553
0.0176905
0.0143363
0.010773
0.00765912
0.00524574
0.0033629
0.00201248
0.0013426
0.000797761
0.000712688
0.000219086
0.000237614
-0.328233
-0.320708
-0.325062
-0.322098
-0.324431
-0.323743
-0.323848
-0.319173
-0.307711
-0.284412
-0.247335
-0.193333
-0.128692
-0.0670837
-0.0222948
0.00464915
0.0164829
0.0194762
0.0179099
0.014486
0.0108769
0.00773018
0.00529358
0.00339588
0.00203716
0.00135985
0.000809473
0.000719584
0.000224031
0.00024224
-0.328026
-0.320637
-0.32504
-0.322058
-0.324386
-0.32363
-0.323651
-0.318838
-0.307225
-0.283769
-0.24652
-0.192433
-0.127866
-0.0664367
-0.0218266
0.00497632
0.0167097
0.0196339
0.0180177
0.0145597
0.0109283
0.00776538
0.0053173
0.0034123
0.00204952
0.00136849
0.000815348
0.000723003
0.000226541
0.000244586
)
;

boundaryField
{
    inlet
    {
        type            zeroGradient;
    }
    outlet
    {
        type            fixedValue;
        value           uniform 0;
    }
    cylinder
    {
        type            zeroGradient;
    }
    top
    {
        type            symmetryPlane;
    }
    bottom
    {
        type            symmetryPlane;
    }
    defaultFaces
    {
        type            empty;
    }
}


// ************************************************************************* //
