/*--------------------------------*- C++ -*----------------------------------*\
  =========                 |
  \\      /  F ield         | OpenFOAM: The Open Source CFD Toolbox
   \\    /   O peration     | Website:  https://openfoam.org
    \\  /    A nd           | Version:  9
     \\/     M anipulation  |
\*---------------------------------------------------------------------------*/
FoamFile
{
    format      ascii;
    class       volScalarField;
    location    "37.5";
    object      p;
}
// * * * * * * * * * * * * * * * * * * * * * * * * * * * * * * * * * * * * * //

dimensions      [0 2 -2 0 0 0 0];

internalField   nonuniform List<scalar> 
8500
(
-0.295728
-0.299943
-0.300781
-0.30253
-0.304618
-0.304867
-0.308626
-0.305003
-0.311184
-0.30387
-0.295993
-0.300147
-0.300978
-0.302696
-0.304817
-0.304961
-0.308924
-0.304939
-0.311597
-0.303758
-0.296516
-0.300549
-0.301366
-0.303021
-0.305206
-0.305139
-0.30951
-0.304793
-0.312419
-0.30353
-0.297284
-0.301139
-0.301932
-0.303487
-0.305768
-0.30538
-0.310364
-0.304536
-0.313638
-0.303184
-0.298278
-0.3019
-0.302657
-0.304075
-0.306479
-0.305658
-0.311452
-0.304133
-0.31523
-0.302715
-0.299476
-0.302815
-0.303519
-0.304757
-0.307302
-0.305946
-0.312721
-0.303546
-0.317155
-0.302106
-0.300851
-0.303863
-0.304491
-0.305504
-0.308195
-0.306223
-0.314093
-0.302747
-0.319355
-0.301296
-0.302378
-0.305021
-0.305547
-0.306287
-0.309105
-0.306473
-0.315475
-0.301723
-0.32174
-0.300278
-0.304029
-0.306268
-0.306656
-0.30708
-0.309975
-0.306693
-0.316749
-0.300549
-0.323869
-0.299259
-0.305781
-0.307586
-0.307792
-0.307864
-0.310748
-0.306899
-0.317698
-0.299453
-0.325667
-0.297864
-0.307616
-0.308958
-0.308929
-0.308621
-0.311367
-0.307178
-0.318189
-0.298331
-0.327093
-0.296247
-0.309521
-0.310374
-0.310049
-0.309343
-0.311727
-0.307573
-0.318234
-0.297254
-0.327737
-0.294889
-0.311489
-0.311827
-0.311139
-0.310049
-0.311852
-0.307956
-0.317834
-0.296542
-0.327054
-0.294343
-0.313524
-0.313318
-0.312194
-0.310715
-0.311796
-0.308273
-0.316922
-0.296358
-0.32465
-0.294637
-0.315637
-0.314854
-0.313224
-0.311323
-0.311606
-0.308508
-0.31556
-0.296623
-0.320508
-0.294964
-0.317854
-0.31644
-0.314266
-0.311877
-0.311334
-0.308463
-0.313876
-0.296969
-0.315127
-0.294231
-0.320209
-0.3181
-0.31535
-0.312409
-0.311056
-0.308103
-0.311955
-0.297009
-0.309151
-0.291915
-0.322742
-0.319863
-0.31651
-0.312959
-0.310831
-0.307446
-0.309766
-0.296548
-0.302836
-0.288034
-0.325502
-0.321767
-0.31779
-0.313563
-0.310664
-0.306605
-0.307219
-0.295512
-0.296112
-0.283008
-0.328546
-0.32385
-0.31924
-0.314248
-0.310517
-0.305699
-0.304291
-0.293763
-0.289023
-0.277618
-0.331929
-0.326162
-0.320913
-0.315013
-0.310362
-0.304768
-0.301057
-0.291073
-0.282188
-0.27235
-0.335694
-0.328774
-0.322846
-0.315844
-0.310234
-0.303749
-0.297598
-0.287388
-0.276051
-0.265819
-0.339916
-0.331736
-0.325044
-0.316749
-0.310187
-0.302523
-0.293947
-0.282976
-0.269892
-0.25907
-0.344659
-0.335113
-0.327472
-0.317811
-0.310218
-0.300981
-0.290103
-0.277973
-0.263731
-0.252277
-0.349985
-0.338957
-0.330076
-0.319161
-0.310236
-0.299066
-0.286019
-0.272577
-0.257456
-0.245394
-0.355962
-0.34328
-0.332862
-0.320872
-0.310119
-0.29675
-0.281674
-0.266883
-0.251043
-0.238488
-0.362664
-0.348033
-0.335941
-0.322869
-0.309768
-0.294028
-0.277051
-0.260953
-0.244494
-0.231491
-0.370161
-0.35312
-0.339518
-0.32495
-0.309104
-0.290905
-0.272142
-0.254809
-0.237794
-0.224402
-0.378494
-0.358435
-0.343776
-0.326897
-0.308058
-0.287385
-0.266937
-0.248453
-0.230938
-0.217182
-0.387641
-0.36392
-0.348758
-0.328557
-0.30656
-0.283461
-0.261427
-0.241876
-0.223908
-0.209811
-0.397483
-0.369586
-0.354283
-0.329835
-0.304547
-0.279115
-0.255595
-0.235059
-0.216687
-0.202261
-0.407796
-0.375511
-0.359965
-0.330652
-0.301966
-0.274317
-0.249416
-0.227981
-0.209249
-0.194511
-0.418247
-0.381792
-0.365316
-0.330918
-0.298773
-0.269032
-0.242863
-0.220617
-0.201573
-0.186541
-0.428519
-0.388491
-0.369875
-0.330521
-0.294929
-0.263221
-0.235905
-0.212939
-0.193637
-0.17833
-0.438308
-0.395573
-0.373292
-0.329328
-0.290392
-0.256851
-0.228507
-0.20492
-0.185417
-0.169863
-0.447356
-0.402867
-0.375346
-0.327203
-0.285116
-0.249888
-0.220639
-0.196532
-0.176894
-0.161122
-0.45546
-0.410047
-0.375932
-0.324019
-0.27905
-0.242299
-0.212269
-0.187749
-0.168048
-0.152093
-0.462462
-0.416657
-0.375038
-0.319677
-0.272141
-0.23405
-0.20337
-0.178549
-0.158859
-0.142771
-0.468232
-0.422171
-0.37269
-0.314109
-0.264335
-0.225108
-0.193915
-0.168911
-0.149313
-0.133165
-0.472663
-0.426113
-0.368871
-0.307265
-0.255583
-0.21544
-0.183882
-0.158817
-0.139398
-0.1233
-0.475654
-0.428148
-0.363458
-0.299101
-0.245843
-0.205017
-0.173252
-0.148251
-0.129102
-0.113194
-0.477098
-0.427997
-0.35636
-0.289574
-0.235081
-0.193813
-0.162011
-0.137197
-0.118416
-0.102823
-0.476863
-0.425458
-0.347515
-0.278643
-0.223267
-0.181811
-0.150143
-0.125644
-0.107352
-0.0921261
-0.474794
-0.420397
-0.336878
-0.266286
-0.210384
-0.168995
-0.137636
-0.113583
-0.0959507
-0.0810242
-0.470703
-0.412721
-0.324399
-0.252502
-0.196417
-0.155351
-0.124479
-0.101015
-0.0842588
-0.0694945
-0.464383
-0.402374
-0.310039
-0.237295
-0.181353
-0.140874
-0.110677
-0.0879792
-0.0722514
-0.0576703
-0.455618
-0.38932
-0.293778
-0.220664
-0.165178
-0.125588
-0.0962715
-0.0745575
-0.0598161
-0.0456425
-0.444196
-0.373541
-0.275608
-0.202606
-0.1479
-0.109555
-0.0813253
-0.0607272
-0.0469616
-0.0334169
-0.429925
-0.355038
-0.255524
-0.183143
-0.129602
-0.0928338
-0.0657965
-0.0464981
-0.0337341
-0.021
-0.412644
-0.333829
-0.233513
-0.162362
-0.110439
-0.0753257
-0.0497261
-0.0318838
-0.0201815
-0.00840551
-0.392236
-0.309971
-0.209576
-0.140414
-0.0903477
-0.057086
-0.0331541
-0.0169088
-0.00634656
0.00434
-0.368635
-0.283592
-0.183796
-0.117273
-0.0693744
-0.0381743
-0.0161244
-0.00160564
0.00772932
0.0171998
-0.341828
-0.25486
-0.156363
-0.0928531
-0.0475771
-0.0186568
0.00131553
0.0139861
0.0220063
0.0301298
-0.311863
-0.223805
-0.127412
-0.0672723
-0.0250231
0.00139643
0.0191112
0.0298223
0.0364479
0.0430852
-0.278859
-0.190168
-0.0973368
-0.0406738
-0.00178683
0.0219103
0.0372022
0.0458577
0.0510229
0.0560225
-0.242994
-0.154252
-0.0660857
-0.0132076
0.0220453
0.042805
0.0555235
0.0620509
0.065699
0.0688711
-0.204366
-0.116468
-0.0337114
0.0149799
0.0463731
0.0639953
0.07401
0.0783678
0.0804208
0.0814576
-0.162942
-0.0774452
-0.000343842
0.0437464
0.0710856
0.0853915
0.0925996
0.094775
0.0950759
0.0934455
-0.119208
-0.0373446
0.0338376
0.0729488
0.0960634
0.106901
0.111231
0.111213
0.109489
0.104546
-0.0735225
0.00364286
0.0686286
0.102438
0.121181
0.128428
0.129837
0.127572
0.123499
0.115077
-0.0262643
0.04528
0.10381
0.132058
0.146307
0.149875
0.148333
0.14371
0.137051
0.126355
0.0221639
0.0873031
0.139152
0.161644
0.171308
0.171142
0.166622
0.159518
0.150349
0.138163
0.0713432
0.129431
0.17442
0.191026
0.196048
0.192123
0.184608
0.174962
0.16344
0.150014
0.120843
0.17137
0.209377
0.220031
0.22039
0.21271
0.202196
0.189996
0.17627
0.16173
0.170224
0.212823
0.243785
0.248482
0.244196
0.232792
0.219298
0.204574
0.188768
0.173131
0.219048
0.253488
0.277408
0.276203
0.267326
0.252258
0.235828
0.218637
0.200865
0.18412
0.266878
0.293067
0.310014
0.303018
0.289645
0.271001
0.251702
0.232125
0.212494
0.194618
0.313285
0.331266
0.341376
0.328756
0.311018
0.288914
0.266839
0.244973
0.223591
0.204565
0.357846
0.367807
0.371275
0.353247
0.331315
0.305894
0.281158
0.257118
0.234096
0.213913
0.400155
0.402428
0.399504
0.376332
0.350411
0.321842
0.294583
0.268498
0.243951
0.222618
0.439834
0.434873
0.425864
0.397855
0.368186
0.336663
0.307042
0.279056
0.253101
0.230643
0.476586
0.464855
0.450165
0.417669
0.384527
0.350271
0.318465
0.288734
0.261495
0.237952
0.510113
0.492115
0.472232
0.43564
0.39933
0.362582
0.32879
0.297482
0.269086
0.244516
0.540126
0.516438
0.491905
0.451644
0.412501
0.373525
0.337958
0.30525
0.275829
0.250309
0.566359
0.537638
0.509042
0.465572
0.423955
0.383031
0.345917
0.311994
0.281685
0.255308
0.588584
0.555554
0.523516
0.477328
0.433616
0.391044
0.352621
0.317676
0.28662
0.259497
0.606604
0.570052
0.535225
0.486831
0.441422
0.397514
0.358032
0.322262
0.290603
0.262861
0.62026
0.581021
0.544081
0.494016
0.447321
0.402402
0.362119
0.325726
0.293611
0.265391
0.629431
0.58838
0.550022
0.498833
0.451276
0.405677
0.364856
0.328046
0.295628
0.267079
0.634037
0.592074
0.553003
0.50125
0.45326
0.40732
0.366229
0.32921
0.296639
0.267924
0.634037
0.592074
0.553003
0.50125
0.45326
0.40732
0.366229
0.32921
0.296639
0.267924
0.629431
0.58838
0.550022
0.498833
0.451276
0.405677
0.364856
0.328046
0.295628
0.267079
0.62026
0.581021
0.544081
0.494016
0.447321
0.402402
0.362119
0.325726
0.293611
0.265391
0.606604
0.570052
0.535225
0.486831
0.441422
0.397514
0.358032
0.322262
0.290603
0.262861
0.588584
0.555554
0.523517
0.477328
0.433616
0.391044
0.352621
0.317676
0.28662
0.259497
0.566359
0.537638
0.509042
0.465572
0.423955
0.383031
0.345917
0.311994
0.281685
0.255308
0.540126
0.516438
0.491905
0.451645
0.412501
0.373525
0.337958
0.30525
0.275829
0.250309
0.510113
0.492115
0.472232
0.43564
0.39933
0.362582
0.32879
0.297482
0.269086
0.244516
0.476586
0.464855
0.450165
0.417669
0.384527
0.350271
0.318465
0.288734
0.261495
0.237952
0.439834
0.434874
0.425864
0.397855
0.368186
0.336663
0.307042
0.279056
0.253101
0.230643
0.400155
0.402428
0.399504
0.376332
0.350411
0.321842
0.294583
0.268498
0.243951
0.222618
0.357846
0.367807
0.371275
0.353247
0.331315
0.305894
0.281158
0.257118
0.234096
0.213913
0.313285
0.331266
0.341376
0.328756
0.311018
0.288914
0.266839
0.244973
0.223591
0.204565
0.266878
0.293067
0.310014
0.303018
0.289645
0.271001
0.251702
0.232125
0.212494
0.194618
0.219049
0.253488
0.277408
0.276203
0.267326
0.252258
0.235828
0.218638
0.200865
0.18412
0.170224
0.212823
0.243785
0.248482
0.244196
0.232792
0.219298
0.204574
0.188768
0.173131
0.120843
0.17137
0.209377
0.220031
0.22039
0.21271
0.202196
0.189996
0.17627
0.16173
0.0713433
0.129431
0.17442
0.191026
0.196048
0.192123
0.184608
0.174962
0.16344
0.150014
0.022164
0.0873032
0.139152
0.161644
0.171308
0.171142
0.166622
0.159518
0.150349
0.138163
-0.0262642
0.0452801
0.10381
0.132058
0.146307
0.149875
0.148333
0.14371
0.137051
0.126355
-0.0735224
0.00364294
0.0686287
0.102438
0.121181
0.128428
0.129837
0.127572
0.123499
0.115077
-0.119208
-0.0373445
0.0338377
0.0729489
0.0960634
0.106901
0.111231
0.111213
0.109489
0.104546
-0.162942
-0.0774451
-0.000343775
0.0437465
0.0710856
0.0853916
0.0925996
0.094775
0.0950759
0.0934455
-0.204366
-0.116468
-0.0337114
0.01498
0.0463731
0.0639953
0.07401
0.0783678
0.0804208
0.0814576
-0.242994
-0.154252
-0.0660856
-0.0132076
0.0220453
0.042805
0.0555235
0.0620509
0.065699
0.0688711
-0.278859
-0.190167
-0.0973367
-0.0406738
-0.00178679
0.0219103
0.0372022
0.0458577
0.0510229
0.0560225
-0.311862
-0.223805
-0.127412
-0.0672722
-0.0250231
0.00139646
0.0191112
0.0298223
0.0364479
0.0430852
-0.341828
-0.25486
-0.156362
-0.0928531
-0.047577
-0.0186568
0.00131556
0.0139861
0.0220063
0.0301297
-0.368635
-0.283592
-0.183796
-0.117273
-0.0693743
-0.0381743
-0.0161243
-0.00160563
0.00772932
0.0171998
-0.392236
-0.30997
-0.209575
-0.140414
-0.0903476
-0.057086
-0.0331541
-0.0169088
-0.00634655
0.00433998
-0.412644
-0.333828
-0.233513
-0.162362
-0.110439
-0.0753256
-0.0497261
-0.0318838
-0.0201815
-0.00840552
-0.429925
-0.355038
-0.255524
-0.183143
-0.129602
-0.0928337
-0.0657965
-0.0464981
-0.0337341
-0.0210001
-0.444196
-0.373541
-0.275608
-0.202606
-0.1479
-0.109555
-0.0813252
-0.0607271
-0.0469616
-0.0334169
-0.455617
-0.389319
-0.293778
-0.220664
-0.165178
-0.125588
-0.0962714
-0.0745575
-0.0598161
-0.0456425
-0.464382
-0.402374
-0.310039
-0.237295
-0.181353
-0.140874
-0.110677
-0.0879792
-0.0722514
-0.0576703
-0.470703
-0.412721
-0.324399
-0.252502
-0.196417
-0.15535
-0.124479
-0.101015
-0.0842588
-0.0694945
-0.474794
-0.420397
-0.336878
-0.266286
-0.210384
-0.168995
-0.137636
-0.113583
-0.0959507
-0.0810242
-0.476863
-0.425458
-0.347515
-0.278643
-0.223267
-0.181811
-0.150143
-0.125644
-0.107352
-0.0921261
-0.477097
-0.427997
-0.35636
-0.289574
-0.235081
-0.193813
-0.16201
-0.137197
-0.118416
-0.102823
-0.475654
-0.428148
-0.363458
-0.299101
-0.245843
-0.205017
-0.173252
-0.148251
-0.129102
-0.113194
-0.472663
-0.426113
-0.368871
-0.307265
-0.255583
-0.21544
-0.183882
-0.158817
-0.139398
-0.1233
-0.468232
-0.422171
-0.37269
-0.314109
-0.264335
-0.225108
-0.193915
-0.168911
-0.149313
-0.133165
-0.462462
-0.416657
-0.375038
-0.319677
-0.272141
-0.23405
-0.20337
-0.178549
-0.158859
-0.142771
-0.45546
-0.410047
-0.375932
-0.324019
-0.27905
-0.242299
-0.212269
-0.187749
-0.168048
-0.152093
-0.447355
-0.402867
-0.375345
-0.327202
-0.285116
-0.249888
-0.220639
-0.196532
-0.176894
-0.161122
-0.438307
-0.395573
-0.373292
-0.329328
-0.290392
-0.256851
-0.228507
-0.20492
-0.185417
-0.169863
-0.428519
-0.388491
-0.369875
-0.330521
-0.294929
-0.263221
-0.235905
-0.212939
-0.193636
-0.17833
-0.418247
-0.381792
-0.365316
-0.330918
-0.298773
-0.269032
-0.242863
-0.220616
-0.201573
-0.186541
-0.407796
-0.375511
-0.359965
-0.330651
-0.301966
-0.274317
-0.249416
-0.22798
-0.209249
-0.194511
-0.397483
-0.369586
-0.354283
-0.329834
-0.304547
-0.279115
-0.255595
-0.235059
-0.216686
-0.202261
-0.387641
-0.36392
-0.348758
-0.328557
-0.30656
-0.283461
-0.261427
-0.241876
-0.223908
-0.209811
-0.378494
-0.358435
-0.343776
-0.326897
-0.308058
-0.287385
-0.266937
-0.248453
-0.230938
-0.217182
-0.370161
-0.353119
-0.339518
-0.324949
-0.309104
-0.290905
-0.272141
-0.254809
-0.237793
-0.224402
-0.362664
-0.348033
-0.335941
-0.322869
-0.309768
-0.294028
-0.277051
-0.260953
-0.244494
-0.231491
-0.355962
-0.34328
-0.332862
-0.320872
-0.310119
-0.29675
-0.281674
-0.266883
-0.251043
-0.238487
-0.349985
-0.338957
-0.330076
-0.319161
-0.310235
-0.299066
-0.286019
-0.272577
-0.257456
-0.245394
-0.344659
-0.335113
-0.327472
-0.317811
-0.310217
-0.300981
-0.290103
-0.277972
-0.263731
-0.252277
-0.339916
-0.331736
-0.325044
-0.316749
-0.310187
-0.302523
-0.293947
-0.282976
-0.269891
-0.25907
-0.335693
-0.328774
-0.322846
-0.315843
-0.310234
-0.303749
-0.297598
-0.287388
-0.276051
-0.265819
-0.331929
-0.326162
-0.320913
-0.315013
-0.310362
-0.304768
-0.301056
-0.291072
-0.282188
-0.272349
-0.328546
-0.323849
-0.31924
-0.314248
-0.310517
-0.305699
-0.304291
-0.293763
-0.289023
-0.277617
-0.325502
-0.321767
-0.31779
-0.313563
-0.310664
-0.306605
-0.307219
-0.295512
-0.296112
-0.283008
-0.322742
-0.319863
-0.31651
-0.312959
-0.31083
-0.307446
-0.309766
-0.296547
-0.302836
-0.288034
-0.320208
-0.3181
-0.31535
-0.312409
-0.311055
-0.308102
-0.311954
-0.297008
-0.309151
-0.291914
-0.317853
-0.31644
-0.314266
-0.311876
-0.311334
-0.308463
-0.313875
-0.296969
-0.315127
-0.29423
-0.315636
-0.314853
-0.313224
-0.311322
-0.311606
-0.308508
-0.31556
-0.296623
-0.320508
-0.294964
-0.313524
-0.313318
-0.312194
-0.310715
-0.311795
-0.308273
-0.316921
-0.296358
-0.32465
-0.294636
-0.311489
-0.311827
-0.311139
-0.310048
-0.311851
-0.307956
-0.317834
-0.296541
-0.327053
-0.294342
-0.309521
-0.310374
-0.310048
-0.309343
-0.311727
-0.307573
-0.318234
-0.297253
-0.327736
-0.294888
-0.307616
-0.308958
-0.308929
-0.30862
-0.311367
-0.307177
-0.318188
-0.29833
-0.327092
-0.296247
-0.305781
-0.307586
-0.307791
-0.307863
-0.310748
-0.306899
-0.317698
-0.299453
-0.325667
-0.297863
-0.304029
-0.306268
-0.306656
-0.30708
-0.309974
-0.306693
-0.316749
-0.300549
-0.323868
-0.299258
-0.302378
-0.305021
-0.305547
-0.306286
-0.309104
-0.306473
-0.315475
-0.301723
-0.32174
-0.300277
-0.300851
-0.303863
-0.304491
-0.305503
-0.308195
-0.306222
-0.314093
-0.302746
-0.319355
-0.301296
-0.299476
-0.302815
-0.303519
-0.304757
-0.307302
-0.305946
-0.31272
-0.303546
-0.317155
-0.302105
-0.298278
-0.3019
-0.302657
-0.304075
-0.306478
-0.305658
-0.311452
-0.304132
-0.31523
-0.302715
-0.297284
-0.301139
-0.301932
-0.303487
-0.305768
-0.30538
-0.310364
-0.304536
-0.313638
-0.303183
-0.296516
-0.300549
-0.301366
-0.303021
-0.305206
-0.305139
-0.309509
-0.304793
-0.312419
-0.30353
-0.295993
-0.300147
-0.300978
-0.302696
-0.304817
-0.304961
-0.308924
-0.304938
-0.311597
-0.303757
-0.295728
-0.299943
-0.300781
-0.30253
-0.304618
-0.304867
-0.308626
-0.305003
-0.311184
-0.30387
-0.311219
-0.301609
-0.302543
-0.29451
-0.290217
-0.28138
-0.273335
-0.262415
-0.250949
-0.237255
-0.222391
-0.205782
-0.187887
-0.16909
-0.149573
-0.130475
-0.111898
-0.0950323
-0.0798896
-0.0667682
-0.0557565
-0.0460462
-0.0373231
-0.0283456
-0.0204937
-0.0129061
-0.00769647
-0.00291949
-0.00113086
0.00126914
-0.31146
-0.301747
-0.302644
-0.294632
-0.290319
-0.281495
-0.273448
-0.262535
-0.251071
-0.237382
-0.222519
-0.205911
-0.188012
-0.169211
-0.149684
-0.130576
-0.111986
-0.0951078
-0.0799557
-0.0668257
-0.0558106
-0.0461005
-0.0373783
-0.0283968
-0.0205384
-0.0129416
-0.00772426
-0.00293903
-0.0011445
0.00126292
-0.311912
-0.302002
-0.302838
-0.294863
-0.290521
-0.281719
-0.273668
-0.262769
-0.251309
-0.23763
-0.222769
-0.206164
-0.188259
-0.169448
-0.149904
-0.130775
-0.11216
-0.0952593
-0.0800886
-0.0669413
-0.0559185
-0.0462083
-0.0374871
-0.028498
-0.0206268
-0.0130123
-0.00777966
-0.00297823
-0.00117168
0.00125033
-0.312529
-0.302347
-0.30311
-0.295189
-0.290801
-0.282041
-0.273982
-0.263107
-0.251653
-0.237988
-0.223132
-0.20653
-0.188617
-0.169796
-0.150226
-0.131066
-0.112422
-0.0954864
-0.0802886
-0.0671157
-0.0560806
-0.0463684
-0.0376476
-0.0286471
-0.0207574
-0.0131174
-0.00786223
-0.00303724
-0.00121227
0.00123107
-0.31324
-0.302724
-0.303442
-0.295575
-0.291156
-0.282434
-0.274379
-0.263531
-0.252087
-0.238442
-0.223593
-0.207
-0.189079
-0.170241
-0.150641
-0.131449
-0.112765
-0.0957878
-0.0805563
-0.0673501
-0.056297
-0.0465793
-0.0378567
-0.0288412
-0.0209279
-0.013256
-0.00797137
-0.00311622
-0.00126603
0.00120472
-0.313962
-0.303115
-0.303789
-0.296012
-0.291549
-0.282895
-0.274825
-0.264027
-0.252594
-0.238978
-0.224141
-0.207553
-0.189622
-0.170772
-0.151148
-0.131915
-0.113188
-0.0961629
-0.0808921
-0.0676455
-0.056568
-0.0468393
-0.038111
-0.0290771
-0.0211356
-0.0134267
-0.00810634
-0.00321533
-0.0013327
0.00117086
-0.314666
-0.303387
-0.304155
-0.296422
-0.291974
-0.28336
-0.275331
-0.264556
-0.253158
-0.239566
-0.224743
-0.208176
-0.190244
-0.171381
-0.151729
-0.132457
-0.113687
-0.0966104
-0.0812965
-0.0680028
-0.0568934
-0.0471465
-0.0384072
-0.0293513
-0.0213778
-0.0136283
-0.00826632
-0.00333462
-0.00141195
0.0011291
-0.315087
-0.3037
-0.304396
-0.29686
-0.292342
-0.283865
-0.275808
-0.265132
-0.253736
-0.240204
-0.225395
-0.208851
-0.19092
-0.172052
-0.15238
-0.133071
-0.11426
-0.0971292
-0.0817693
-0.0684228
-0.0572731
-0.0474987
-0.0387416
-0.0296604
-0.0216517
-0.0138593
-0.00845037
-0.003474
-0.0015034
0.00107919
-0.31514
-0.303967
-0.304479
-0.297259
-0.292649
-0.284338
-0.276283
-0.265695
-0.254327
-0.240852
-0.226068
-0.209559
-0.191638
-0.172773
-0.153089
-0.133749
-0.114903
-0.0977179
-0.0823102
-0.0689052
-0.0577061
-0.047894
-0.039111
-0.0300012
-0.0219545
-0.0141181
-0.00865745
-0.00363315
-0.00160659
0.001021
-0.314802
-0.304085
-0.304421
-0.297542
-0.292883
-0.284745
-0.276704
-0.266229
-0.254895
-0.241496
-0.226746
-0.210282
-0.192384
-0.173532
-0.153848
-0.134485
-0.115612
-0.0983747
-0.0829182
-0.0694496
-0.0581913
-0.0483302
-0.0395123
-0.0303708
-0.0222838
-0.0144029
-0.00888639
-0.00381151
-0.001721
0.000954616
-0.313784
-0.304056
-0.304136
-0.297681
-0.292978
-0.285057
-0.277053
-0.266704
-0.255418
-0.242109
-0.227406
-0.211004
-0.193142
-0.174319
-0.15465
-0.135275
-0.116384
-0.0990974
-0.0835914
-0.0700543
-0.058727
-0.0488049
-0.0399426
-0.0307663
-0.0226371
-0.0147121
-0.00913585
-0.00400825
-0.00184599
0.000880338
-0.311899
-0.303771
-0.303582
-0.297614
-0.292925
-0.285212
-0.277283
-0.267083
-0.255869
-0.242668
-0.22803
-0.211707
-0.193899
-0.175121
-0.155485
-0.136113
-0.117215
-0.099883
-0.0843274
-0.070717
-0.0593107
-0.0493158
-0.0403994
-0.0311852
-0.023012
-0.0150437
-0.00940431
-0.00422225
-0.00198083
0.000798655
-0.309171
-0.303084
-0.302725
-0.297251
-0.292635
-0.285205
-0.27738
-0.267344
-0.256225
-0.24315
-0.228598
-0.212375
-0.194644
-0.175931
-0.156348
-0.136992
-0.1181
-0.100728
-0.0851225
-0.0714347
-0.0599398
-0.0498605
-0.0408804
-0.0316251
-0.0234062
-0.0153954
-0.00969009
-0.00445215
-0.00212468
0.000710232
-0.306
-0.301797
-0.301468
-0.296575
-0.292106
-0.28491
-0.277259
-0.267444
-0.256456
-0.243535
-0.229095
-0.212994
-0.195365
-0.176739
-0.157231
-0.137908
-0.119034
-0.101628
-0.0859728
-0.0722035
-0.0606109
-0.0504364
-0.0413833
-0.0320838
-0.0238175
-0.0157653
-0.00999135
-0.00469637
-0.00227662
0.00061587
-0.302616
-0.299847
-0.299754
-0.295508
-0.291296
-0.284471
-0.276975
-0.267383
-0.256547
-0.243807
-0.229507
-0.213554
-0.196053
-0.177539
-0.158129
-0.138856
-0.120012
-0.102579
-0.0868734
-0.0730189
-0.0613204
-0.0510408
-0.0419061
-0.0325594
-0.0242439
-0.0161509
-0.0103062
-0.00495319
-0.00243565
0.000516467
-0.298942
-0.297306
-0.297512
-0.293971
-0.290033
-0.283502
-0.276336
-0.267082
-0.256465
-0.243949
-0.229825
-0.214049
-0.196704
-0.178326
-0.159035
-0.13983
-0.12103
-0.103574
-0.087819
-0.0738763
-0.0620647
-0.0516714
-0.042447
-0.0330499
-0.0246834
-0.01655
-0.0106326
-0.00522078
-0.00260069
0.000412976
-0.295109
-0.294137
-0.294757
-0.292035
-0.288578
-0.282642
-0.275621
-0.266636
-0.256233
-0.24396
-0.23004
-0.21447
-0.19731
-0.179095
-0.159948
-0.140828
-0.122081
-0.104611
-0.0888051
-0.0747712
-0.0628399
-0.0523253
-0.043004
-0.0335531
-0.0251334
-0.01696
-0.0109683
-0.00549716
-0.00277069
0.000306333
-0.291062
-0.29043
-0.291416
-0.28948
-0.286467
-0.280957
-0.274293
-0.26584
-0.255789
-0.243831
-0.230165
-0.214836
-0.197889
-0.179854
-0.160866
-0.141844
-0.123159
-0.105676
-0.0898198
-0.0756931
-0.0636381
-0.0529971
-0.0435737
-0.0340665
-0.0255922
-0.017379
-0.0113121
-0.00578113
-0.00294493
0.000197317
-0.286845
-0.286449
-0.287937
-0.286911
-0.284509
-0.279612
-0.273403
-0.265063
-0.255248
-0.243573
-0.230164
-0.21509
-0.198379
-0.180553
-0.161752
-0.142851
-0.124246
-0.106765
-0.0908664
-0.0766492
-0.0644695
-0.0536972
-0.0441661
-0.0345983
-0.026066
-0.0178108
-0.0116654
-0.00607257
-0.00312271
8.68516e-05
-0.282882
-0.281671
-0.283203
-0.283015
-0.281299
-0.277086
-0.27113
-0.263726
-0.25446
-0.243247
-0.230213
-0.215476
-0.199053
-0.181459
-0.162844
-0.144055
-0.125508
-0.108
-0.0920222
-0.0776842
-0.0653507
-0.0544277
-0.0447724
-0.0351357
-0.0265383
-0.0182394
-0.0120146
-0.00636149
-0.0032993
-2.26486e-05
-0.277708
-0.27794
-0.279686
-0.280125
-0.278904
-0.275304
-0.270201
-0.262421
-0.253303
-0.242304
-0.229475
-0.214949
-0.198738
-0.181346
-0.162934
-0.144315
-0.125915
-0.108503
-0.0925784
-0.0782488
-0.0658779
-0.0548953
-0.0451778
-0.0355116
-0.0268853
-0.0185736
-0.0123016
-0.00660999
-0.00345662
-0.000121513
-0.272053
-0.273077
-0.275022
-0.275976
-0.275112
-0.271795
-0.266522
-0.259732
-0.251053
-0.240414
-0.227914
-0.213702
-0.197804
-0.180707
-0.162589
-0.144226
-0.126054
-0.108806
-0.0929857
-0.0787027
-0.0663197
-0.0552923
-0.0455205
-0.0358357
-0.0271908
-0.0188788
-0.0125668
-0.00684461
-0.00360291
-0.000215016
-0.266127
-0.267765
-0.269962
-0.271477
-0.271087
-0.268271
-0.263707
-0.257054
-0.248679
-0.23838
-0.226205
-0.212314
-0.196741
-0.179956
-0.16215
-0.144062
-0.126134
-0.109065
-0.0933627
-0.0791367
-0.0667481
-0.0556796
-0.0458545
-0.0361543
-0.0274933
-0.0191861
-0.0128359
-0.00708588
-0.0037529
-0.000311919
-0.259953
-0.262231
-0.264708
-0.26676
-0.266863
-0.264554
-0.260351
-0.254157
-0.246152
-0.23622
-0.224396
-0.21085
-0.195625
-0.17917
-0.161693
-0.143893
-0.12622
-0.109337
-0.0937564
-0.0795894
-0.0671947
-0.0560845
-0.0462042
-0.0364877
-0.027809
-0.0195062
-0.0131157
-0.00733685
-0.00390834
-0.000412239
-0.253481
-0.256506
-0.259279
-0.261824
-0.26242
-0.260596
-0.256818
-0.251066
-0.243458
-0.233917
-0.22247
-0.209295
-0.19444
-0.178336
-0.161206
-0.143709
-0.126303
-0.109616
-0.0941627
-0.0800581
-0.0676586
-0.0565068
-0.0465701
-0.0368366
-0.0281384
-0.0198395
-0.0134064
-0.00759763
-0.0040692
-0.000515699
-0.246757
-0.250613
-0.253701
-0.256697
-0.257783
-0.256446
-0.253118
-0.247809
-0.240613
-0.231482
-0.220433
-0.207647
-0.193183
-0.17745
-0.160683
-0.143503
-0.126376
-0.109894
-0.0945751
-0.0805376
-0.0681352
-0.0569431
-0.0469494
-0.0371988
-0.0284798
-0.0201845
-0.0137068
-0.00786734
-0.00423489
-0.00062183
-0.239853
-0.244581
-0.248008
-0.25142
-0.252993
-0.252148
-0.24927
-0.244412
-0.237641
-0.228933
-0.218299
-0.205919
-0.191862
-0.176515
-0.160125
-0.143276
-0.126438
-0.11017
-0.094991
-0.0810251
-0.0686225
-0.0573919
-0.0473413
-0.0375734
-0.0288322
-0.0205403
-0.0140162
-0.00814518
-0.00440492
-0.000730128
-0.232824
-0.238439
-0.24223
-0.246028
-0.24808
-0.247727
-0.2453
-0.240898
-0.234561
-0.226287
-0.216082
-0.204121
-0.190484
-0.175536
-0.159534
-0.143028
-0.126486
-0.110441
-0.0954083
-0.0815187
-0.0691188
-0.0578522
-0.0477451
-0.0379599
-0.0291952
-0.0209061
-0.0143338
-0.00843035
-0.00457879
-0.00084006
-0.225718
-0.232209
-0.23639
-0.240548
-0.243068
-0.243205
-0.241232
-0.237282
-0.231392
-0.22356
-0.213793
-0.202263
-0.189056
-0.174518
-0.158914
-0.142758
-0.126521
-0.110706
-0.0958246
-0.082016
-0.0696223
-0.0583225
-0.0481599
-0.0383575
-0.029568
-0.021281
-0.0146587
-0.00872198
-0.00475599
-0.000951069
-0.218584
-0.225915
-0.23051
-0.235004
-0.237975
-0.238601
-0.237083
-0.23359
-0.228148
-0.220764
-0.211444
-0.200352
-0.187584
-0.173465
-0.158265
-0.142468
-0.126541
-0.110962
-0.0962376
-0.0825147
-0.0701308
-0.0588014
-0.0485847
-0.0387654
-0.0299497
-0.021664
-0.0149899
-0.0090191
-0.00493595
-0.00106257
-0.211469
-0.219581
-0.224608
-0.229422
-0.232822
-0.233931
-0.232871
-0.229832
-0.224841
-0.21791
-0.209043
-0.198396
-0.186074
-0.17238
-0.157589
-0.142157
-0.126545
-0.111207
-0.096645
-0.0830125
-0.0706424
-0.0592872
-0.0490182
-0.0391823
-0.0303393
-0.0220539
-0.0153264
-0.00932069
-0.00511809
-0.00117397
-0.204415
-0.213235
-0.218706
-0.223825
-0.227629
-0.229211
-0.228609
-0.226023
-0.221485
-0.215009
-0.2066
-0.196403
-0.18453
-0.171266
-0.156889
-0.141826
-0.126533
-0.111441
-0.0970446
-0.0835071
-0.071155
-0.0597782
-0.0494592
-0.0396071
-0.0307357
-0.0224496
-0.0156672
-0.00962564
-0.00530183
-0.00128467
-0.197468
-0.206907
-0.212826
-0.218237
-0.222416
-0.224458
-0.224313
-0.222176
-0.218091
-0.212072
-0.204123
-0.194379
-0.182958
-0.170128
-0.156166
-0.141475
-0.126502
-0.111662
-0.0974345
-0.0839964
-0.0716665
-0.0602725
-0.049906
-0.0400383
-0.0311376
-0.0228496
-0.0160111
-0.00993281
-0.00548653
-0.00139409
-0.190668
-0.200627
-0.206989
-0.212682
-0.217207
-0.219691
-0.219997
-0.218307
-0.214672
-0.209109
-0.201621
-0.192332
-0.181364
-0.168968
-0.155422
-0.141105
-0.126454
-0.111867
-0.0978129
-0.0844782
-0.0721749
-0.0607683
-0.0503572
-0.0404745
-0.0315436
-0.0232525
-0.0163569
-0.010241
-0.00567156
-0.00150163
-0.184051
-0.194426
-0.201217
-0.207185
-0.212025
-0.214927
-0.21568
-0.214429
-0.21124
-0.206131
-0.199102
-0.190268
-0.179752
-0.167791
-0.154659
-0.140717
-0.126388
-0.112057
-0.098178
-0.0849505
-0.0726781
-0.0612635
-0.0508108
-0.0409138
-0.0319523
-0.0236568
-0.0167032
-0.0105488
-0.00585626
-0.00160675
-0.177649
-0.188337
-0.195536
-0.201769
-0.206896
-0.210189
-0.211378
-0.210561
-0.207811
-0.20315
-0.196578
-0.188196
-0.178129
-0.166602
-0.153882
-0.140312
-0.126304
-0.11223
-0.0985283
-0.0854113
-0.073174
-0.061756
-0.0512649
-0.0413545
-0.0323619
-0.0240608
-0.0170487
-0.010855
-0.00603993
-0.00170889
-0.171492
-0.182394
-0.189969
-0.196458
-0.201845
-0.205502
-0.20711
-0.206719
-0.2044
-0.20018
-0.194058
-0.186125
-0.176502
-0.165405
-0.153092
-0.139893
-0.126203
-0.112385
-0.0988623
-0.0858585
-0.0736604
-0.0622433
-0.0517174
-0.0417944
-0.0327705
-0.0244625
-0.0173918
-0.0111579
-0.00622182
-0.00180754
-0.165605
-0.176632
-0.184546
-0.191278
-0.196902
-0.200891
-0.2029
-0.202924
-0.201025
-0.197237
-0.191557
-0.184066
-0.174881
-0.164206
-0.152294
-0.139461
-0.126085
-0.112522
-0.0991788
-0.0862902
-0.074135
-0.062723
-0.0521658
-0.042231
-0.0331761
-0.02486
-0.0177309
-0.0114561
-0.0064011
-0.00190221
-0.160014
-0.171084
-0.179294
-0.186254
-0.192095
-0.196385
-0.198772
-0.199196
-0.197706
-0.194338
-0.189089
-0.18203
-0.173273
-0.163014
-0.151495
-0.13902
-0.125953
-0.112642
-0.0994765
-0.0867043
-0.0745953
-0.0631924
-0.0526075
-0.0426618
-0.0335764
-0.0252508
-0.0180641
-0.0117477
-0.00657686
-0.00199249
-0.154741
-0.165784
-0.174246
-0.181417
-0.187456
-0.192017
-0.194753
-0.195561
-0.194465
-0.191502
-0.18667
-0.180031
-0.171691
-0.161836
-0.150698
-0.138573
-0.125807
-0.112743
-0.0997542
-0.0870988
-0.0750388
-0.0636484
-0.0530396
-0.0430838
-0.0339686
-0.0256325
-0.0183894
-0.012031
-0.00674808
-0.00207794
-0.149808
-0.160766
-0.169433
-0.176796
-0.183017
-0.187818
-0.190874
-0.192044
-0.191326
-0.188751
-0.184319
-0.178085
-0.170146
-0.160681
-0.149912
-0.138126
-0.125651
-0.112827
-0.100011
-0.0874714
-0.0754627
-0.0640878
-0.0534587
-0.0434936
-0.0343498
-0.0260021
-0.0187044
-0.0123038
-0.00691358
-0.00215816
-0.145236
-0.156063
-0.164889
-0.172424
-0.17881
-0.183825
-0.187168
-0.188677
-0.188316
-0.186109
-0.182057
-0.17621
-0.168654
-0.159562
-0.149145
-0.137682
-0.125487
-0.112895
-0.100246
-0.0878201
-0.075864
-0.064507
-0.0538611
-0.0438877
-0.0347167
-0.0263565
-0.0190066
-0.0125641
-0.00707208
-0.00223276
-0.141046
-0.151708
-0.160649
-0.168336
-0.174872
-0.180074
-0.183673
-0.185491
-0.185465
-0.183603
-0.179908
-0.174424
-0.16723
-0.15849
-0.148406
-0.137249
-0.125319
-0.112947
-0.100458
-0.0881426
-0.0762395
-0.0649023
-0.0542429
-0.0442618
-0.0350655
-0.0266922
-0.019293
-0.0128093
-0.00722209
-0.00230135
-0.137258
-0.147735
-0.156752
-0.164569
-0.171239
-0.176605
-0.180428
-0.182524
-0.182805
-0.181263
-0.177897
-0.172751
-0.165892
-0.15748
-0.147705
-0.136834
-0.12515
-0.112984
-0.100647
-0.0884365
-0.0765857
-0.0652692
-0.0545996
-0.0446116
-0.035392
-0.0270053
-0.0195604
-0.0130369
-0.00736194
-0.0023635
-0.133895
-0.144178
-0.153238
-0.161164
-0.167953
-0.173461
-0.177475
-0.179816
-0.180373
-0.179122
-0.176055
-0.171214
-0.164661
-0.156548
-0.147055
-0.136444
-0.124987
-0.11301
-0.100813
-0.0886995
-0.0768987
-0.0656032
-0.054926
-0.0449319
-0.0356915
-0.0272916
-0.019805
-0.013244
-0.00748974
-0.00241879
-0.130983
-0.141076
-0.15015
-0.158166
-0.165058
-0.170688
-0.174862
-0.177411
-0.178209
-0.177215
-0.174413
-0.169842
-0.163559
-0.155712
-0.146469
-0.13609
-0.124834
-0.113025
-0.100954
-0.0889286
-0.0771743
-0.0658991
-0.0552167
-0.0452172
-0.0359586
-0.0275462
-0.0200227
-0.0134274
-0.00760338
-0.0024667
-0.128554
-0.138473
-0.147541
-0.155627
-0.162607
-0.168337
-0.172642
-0.17536
-0.176361
-0.175585
-0.173008
-0.168666
-0.162613
-0.154992
-0.145963
-0.135781
-0.124697
-0.113033
-0.10107
-0.0891209
-0.0774076
-0.066151
-0.0554654
-0.0454612
-0.0361875
-0.0277636
-0.0202089
-0.0135834
-0.00770045
-0.00250668
-0.126639
-0.136414
-0.145465
-0.153602
-0.160653
-0.166463
-0.170868
-0.173718
-0.174877
-0.174277
-0.171879
-0.16772
-0.161852
-0.154411
-0.145554
-0.135529
-0.124583
-0.113035
-0.10116
-0.0892727
-0.0775933
-0.0663523
-0.0556649
-0.045657
-0.0363714
-0.0279379
-0.0203584
-0.0137081
-0.00777825
-0.00253802
-0.125302
-0.134967
-0.144
-0.152168
-0.159269
-0.165136
-0.16961
-0.172549
-0.17382
-0.173343
-0.171073
-0.167045
-0.161306
-0.153994
-0.145259
-0.135348
-0.1245
-0.113035
-0.101222
-0.0893798
-0.0777251
-0.0664957
-0.0558075
-0.0457967
-0.0365028
-0.0280622
-0.0204651
-0.0137967
-0.00783369
-0.00255988
-0.12457
-0.134188
-0.143211
-0.151396
-0.158525
-0.164424
-0.168935
-0.171922
-0.173252
-0.172842
-0.170641
-0.166682
-0.161013
-0.153771
-0.145101
-0.13525
-0.124455
-0.113034
-0.101255
-0.0894368
-0.0777955
-0.0665724
-0.0558841
-0.0458715
-0.0365734
-0.0281287
-0.0205224
-0.013844
-0.00786337
-0.00257108
-0.115282
-0.12474
-0.134017
-0.143095
-0.151964
-0.160624
-0.169083
-0.177348
-0.185427
-0.193329
-0.201065
-0.208641
-0.216067
-0.223345
-0.230467
-0.237465
-0.244174
-0.251013
-0.257019
-0.264941
-0.112093
-0.121238
-0.130202
-0.138985
-0.147581
-0.155995
-0.16423
-0.172292
-0.180187
-0.187919
-0.195497
-0.202923
-0.210198
-0.217341
-0.224295
-0.231217
-0.237729
-0.244764
-0.250669
-0.258921
-0.108999
-0.117784
-0.126398
-0.134845
-0.143124
-0.151236
-0.159185
-0.166973
-0.174603
-0.182081
-0.189408
-0.196596
-0.203628
-0.210565
-0.217291
-0.224105
-0.230463
-0.237512
-0.243475
-0.251438
-0.105975
-0.114426
-0.122728
-0.130882
-0.138888
-0.146746
-0.154456
-0.162023
-0.169448
-0.176738
-0.183888
-0.190923
-0.197807
-0.204642
-0.211253
-0.21802
-0.224313
-0.231225
-0.237253
-0.244655
-0.103049
-0.111182
-0.119183
-0.127055
-0.134796
-0.142407
-0.149889
-0.157247
-0.164479
-0.171597
-0.178589
-0.185493
-0.19225
-0.198992
-0.205497
-0.212162
-0.218367
-0.225034
-0.231045
-0.237964
-0.100229
-0.108047
-0.115748
-0.123334
-0.130805
-0.138161
-0.145403
-0.152536
-0.159557
-0.166479
-0.173284
-0.180018
-0.186606
-0.193189
-0.199539
-0.206017
-0.212113
-0.218517
-0.22452
-0.231121
-0.0975089
-0.105017
-0.11242
-0.119722
-0.126922
-0.13402
-0.141016
-0.147915
-0.154711
-0.16142
-0.168018
-0.174554
-0.18095
-0.187339
-0.193525
-0.199795
-0.205796
-0.211969
-0.217944
-0.224295
-0.0948894
-0.102093
-0.109204
-0.116226
-0.123156
-0.129997
-0.136746
-0.143408
-0.149976
-0.156466
-0.162853
-0.169184
-0.175389
-0.181578
-0.187609
-0.193673
-0.199562
-0.205513
-0.211384
-0.217498
-0.092371
-0.0992785
-0.106103
-0.112849
-0.119513
-0.126098
-0.1326
-0.139024
-0.145363
-0.151631
-0.157806
-0.163926
-0.16994
-0.175923
-0.181785
-0.187636
-0.193372
-0.1991
-0.204819
-0.21071
-0.0899545
-0.0965732
-0.103118
-0.109593
-0.115995
-0.122326
-0.128582
-0.134768
-0.140877
-0.14692
-0.15288
-0.158783
-0.164597
-0.170365
-0.176041
-0.181675
-0.187235
-0.192749
-0.198295
-0.203965
-0.0876399
-0.0939782
-0.100251
-0.10646
-0.112605
-0.118686
-0.124699
-0.130647
-0.136526
-0.142341
-0.148083
-0.153767
-0.159374
-0.164925
-0.170405
-0.175826
-0.181197
-0.186503
-0.191859
-0.197306
-0.0854266
-0.0914934
-0.0975015
-0.103453
-0.109346
-0.115181
-0.120955
-0.126668
-0.132317
-0.137907
-0.14343
-0.148893
-0.15429
-0.159627
-0.164904
-0.170115
-0.175287
-0.180384
-0.185538
-0.19076
-0.0833153
-0.0891202
-0.0948723
-0.100573
-0.106221
-0.111816
-0.117354
-0.122836
-0.128259
-0.133625
-0.13893
-0.144175
-0.149361
-0.154484
-0.159554
-0.164555
-0.169522
-0.174411
-0.179355
-0.184357
-0.0813046
-0.0868581
-0.0923634
-0.0978216
-0.103232
-0.108593
-0.113902
-0.119158
-0.124359
-0.129504
-0.134593
-0.139623
-0.144598
-0.14951
-0.154372
-0.159164
-0.163924
-0.168606
-0.173338
-0.178121
-0.0793934
-0.084707
-0.089975
-0.0951996
-0.10038
-0.105515
-0.110601
-0.115637
-0.120621
-0.125552
-0.130428
-0.135247
-0.140013
-0.144717
-0.149373
-0.153959
-0.158512
-0.162991
-0.16751
-0.172073
-0.0775858
-0.0826686
-0.0877091
-0.0927092
-0.0976687
-0.102585
-0.107456
-0.112279
-0.117053
-0.121774
-0.126444
-0.131058
-0.135619
-0.14012
-0.144572
-0.148957
-0.153307
-0.157584
-0.161891
-0.166238
-0.0758816
-0.0807434
-0.0855664
-0.0903519
-0.0950994
-0.0998065
-0.10447
-0.109088
-0.113658
-0.118178
-0.122648
-0.127063
-0.131425
-0.13573
-0.139984
-0.144173
-0.148323
-0.152404
-0.156505
-0.160638
-0.0742779
-0.0789296
-0.083546
-0.0881274
-0.092673
-0.0971802
-0.101646
-0.106068
-0.110443
-0.11477
-0.119047
-0.12327
-0.127442
-0.131556
-0.13562
-0.13962
-0.143578
-0.14747
-0.151371
-0.155296
-0.0727767
-0.0772297
-0.0816503
-0.0860382
-0.0903921
-0.0947094
-0.098987
-0.103222
-0.107412
-0.111554
-0.115647
-0.119688
-0.123678
-0.127611
-0.131492
-0.135311
-0.139086
-0.142796
-0.146507
-0.150232
-0.0713774
-0.0756434
-0.0798796
-0.0840851
-0.0882582
-0.0923962
-0.0964959
-0.100554
-0.104569
-0.108537
-0.112456
-0.116325
-0.120142
-0.123903
-0.127612
-0.13126
-0.134861
-0.138399
-0.14193
-0.145465
-0.0700809
-0.0741719
-0.0782355
-0.08227
-0.0862736
-0.0902434
-0.0941764
-0.0980691
-0.101919
-0.105723
-0.10948
-0.113186
-0.116841
-0.120441
-0.123989
-0.127476
-0.130916
-0.134292
-0.137654
-0.141012
-0.0688885
-0.0728169
-0.0767199
-0.0805953
-0.0844412
-0.0882546
-0.0920322
-0.0957708
-0.0994675
-0.103119
-0.106725
-0.11028
-0.113785
-0.117236
-0.120634
-0.123973
-0.127263
-0.130491
-0.133697
-0.13689
-0.0678017
-0.0715803
-0.0753352
-0.0790639
-0.0827643
-0.0864334
-0.0900678
-0.0936642
-0.0972199
-0.100732
-0.104198
-0.107615
-0.110982
-0.114296
-0.117558
-0.120762
-0.123915
-0.127008
-0.130072
-0.133116
-0.066824
-0.070466
-0.0740857
-0.0776807
-0.0812483
-0.0847858
-0.0882897
-0.0917568
-0.0951842
-0.0985689
-0.101909
-0.105201
-0.108444
-0.111634
-0.114773
-0.117856
-0.120886
-0.123858
-0.126796
-0.129707
-0.0659576
-0.0694765
-0.0729744
-0.0764486
-0.0798968
-0.0833159
-0.0867026
-0.0900537
-0.0933663
-0.0966375
-0.0998649
-0.103046
-0.106179
-0.109261
-0.112292
-0.115268
-0.118192
-0.121059
-0.123887
-0.126681
-0.0652114
-0.0686218
-0.0720123
-0.0753802
-0.0787229
-0.0820376
-0.0853211
-0.0885702
-0.091782
-0.0949538
-0.0980832
-0.101168
-0.104205
-0.107193
-0.110132
-0.113017
-0.115851
-0.118629
-0.121364
-0.124061
-0.0645841
-0.0679
-0.0711971
-0.074473
-0.0777251
-0.0809505
-0.0841461
-0.0873089
-0.0904359
-0.0935245
-0.0965723
-0.0995768
-0.102536
-0.105448
-0.108312
-0.111124
-0.113886
-0.116594
-0.119257
-0.121876
-0.0641028
-0.0673419
-0.0705626
-0.0737621
-0.0769382
-0.0800884
-0.0832101
-0.0863003
-0.0893564
-0.0923758
-0.0953564
-0.0982958
-0.101192
-0.104044
-0.106849
-0.109605
-0.112313
-0.11497
-0.11758
-0.120146
-0.0637445
-0.0669224
-0.070084
-0.073227
-0.0763486
-0.0794461
-0.0825165
-0.0855571
-0.0885654
-0.0915388
-0.0944752
-0.0973725
-0.100229
-0.103042
-0.105811
-0.108533
-0.111209
-0.113835
-0.116415
-0.118947
-0.0635846
-0.0667166
-0.0698305
-0.0729243
-0.075997
-0.079047
-0.0820723
-0.0850703
-0.0880389
-0.090976
-0.0938795
-0.0967478
-0.0995792
-0.102372
-0.105125
-0.107836
-0.110505
-0.11313
-0.115712
-0.11825
0.106546
0.0954902
0.084352
0.0733364
0.0618633
0.0501636
0.0384337
0.0266979
0.01497
0.00328555
-0.00831122
-0.0197884
-0.0311175
-0.0422685
-0.0532149
-0.0640067
-0.0749972
-0.0855661
-0.0957346
-0.105627
0.10184
0.0903131
0.0787408
0.0679958
0.0569503
0.0456899
0.0344535
0.023248
0.0120646
0.000932744
-0.0101142
-0.0210534
-0.0318664
-0.0425486
-0.0531113
-0.0635353
-0.0735601
-0.0835133
-0.0932534
-0.102768
0.0960997
0.0847957
0.0732243
0.0629154
0.0524581
0.0417068
0.0309708
0.0202914
0.00963991
-0.000963637
-0.0114871
-0.0219053
-0.0321985
-0.0423524
-0.0523555
-0.0621818
-0.0718926
-0.0814969
-0.0908815
-0.100037
0.0900379
0.0792852
0.06786
0.0579035
0.0479979
0.037751
0.027496
0.0173285
0.00720442
-0.00287517
-0.012881
-0.0227884
-0.0325815
-0.0422543
-0.0518027
-0.0612128
-0.0704365
-0.079582
-0.0885699
-0.0973634
0.0839016
0.073768
0.0626257
0.053014
0.043655
0.0339417
0.0241703
0.0144975
0.00488344
-0.00469096
-0.0142013
-0.0236206
-0.0329339
-0.0421362
-0.0512206
-0.0601742
-0.0689862
-0.0777287
-0.0863369
-0.0947748
0.0778028
0.0682903
0.0575427
0.0482794
0.0394319
0.030252
0.0209599
0.0117619
0.00263862
-0.00644538
-0.0154755
-0.0244233
-0.0332742
-0.0420256
-0.0506727
-0.0592073
-0.0676156
-0.0759608
-0.0841948
-0.0922838
0.0718022
0.0628875
0.0526113
0.0437113
0.0353413
0.0266869
0.0178743
0.00913604
0.000483223
-0.00812784
-0.0166947
-0.02519
-0.0335983
-0.0419177
-0.050145
-0.0582739
-0.0662967
-0.0742646
-0.0821379
-0.0898869
0.0659494
0.0576028
0.0478436
0.0393223
0.0313983
0.0232499
0.0149118
0.00661906
-0.0015849
-0.00974268
-0.0178637
-0.0259248
-0.0339096
-0.0418161
-0.0496426
-0.0573847
-0.065037
-0.0726417
-0.0801657
-0.0875833
0.0602814
0.0524701
0.0432484
0.0351166
0.0276115
0.0199444
0.0120711
0.00421149
-0.00356398
-0.0112892
-0.0189827
-0.0266277
-0.0342082
-0.0417209
-0.0491646
-0.0565365
-0.0638332
-0.0710896
-0.0782769
-0.0853727
0.0548225
0.0475138
0.0388334
0.0310968
0.0239878
0.0167745
0.00935201
0.00191265
-0.00545367
-0.0127678
-0.0200531
-0.0273005
-0.0344954
-0.0416328
-0.0487116
-0.0557298
-0.0626854
-0.0696077
-0.0764708
-0.0832552
0.0495886
0.0427509
0.0346051
0.0272642
0.020531
0.0137438
0.006754
-0.000278934
-0.00725434
-0.0141787
-0.0210759
-0.0279442
-0.0347717
-0.0415521
-0.0482834
-0.0549642
-0.0615932
-0.0681954
-0.0747467
-0.0812302
0.0445905
0.0381938
0.0305687
0.0236196
0.0172436
0.0108548
0.00427706
-0.00236479
-0.00896685
-0.015522
-0.0220517
-0.0285599
-0.0350381
-0.041479
-0.0478794
-0.0542376
-0.0605536
-0.0668502
-0.0731029
-0.0792968
0.0398359
0.033851
0.0267276
0.0201627
0.0141264
0.00810929
0.00192104
-0.00434654
-0.0105925
-0.0167985
-0.0229812
-0.0291483
-0.0352949
-0.0414139
-0.0475013
-0.0535549
-0.0595745
-0.0655777
-0.0715415
-0.0774554
0.0353295
0.0297282
0.023084
0.016893
0.0111793
0.00550816
-0.000314241
-0.00622575
-0.012133
-0.0180091
-0.023865
-0.0297103
-0.0355429
-0.0413555
-0.0471418
-0.0528984
-0.0586271
-0.0643581
-0.0700524
-0.0757019
0.0310742
0.0258289
0.0196388
0.0138089
0.00840153
0.00305169
-0.00242903
-0.00800378
-0.0135897
-0.0191545
-0.0247035
-0.0302467
-0.0357848
-0.0413131
-0.046827
-0.0523228
-0.0577933
-0.0632136
-0.068632
-0.0740324
0.027071
0.022155
0.0163923
0.0109085
0.00579145
0.000739566
-0.00442371
-0.00968184
-0.0149641
-0.0202356
-0.0254964
-0.0307553
-0.0360142
-0.0412684
-0.046512
-0.0517395
-0.0569455
-0.0621243
-0.0672997
-0.0724597
0.0233198
0.0187072
0.0133438
0.00818977
0.00334704
-0.00142898
-0.00629871
-0.011261
-0.0162575
-0.0212533
-0.0262442
-0.0312368
-0.0362338
-0.0412316
-0.0462244
-0.0512065
-0.0561726
-0.061116
-0.0660552
-0.0709822
0.0198194
0.0154853
0.0104924
0.00565011
0.0010659
-0.00345513
-0.00805463
-0.0127421
-0.0174712
-0.0222089
-0.0269475
-0.0316915
-0.0364432
-0.0411999
-0.0459558
-0.0507054
-0.0554435
-0.0601657
-0.0648845
-0.069593
0.0165682
0.0124885
0.00783688
0.00328709
-0.00105455
-0.00534038
-0.0096922
-0.0141261
-0.0186064
-0.0231033
-0.027607
-0.0321197
-0.0366431
-0.0411748
-0.0457098
-0.0502423
-0.0547675
-0.059281
-0.063792
-0.0682943
0.0135642
0.00971565
0.00537609
0.00109844
-0.00301688
-0.00708643
-0.0112122
-0.0154136
-0.0196641
-0.0239376
-0.0282236
-0.0325219
-0.0368336
-0.0411563
-0.0454853
-0.0498153
-0.0541414
-0.0584594
-0.0627758
-0.0670852
0.0108056
0.00716565
0.00310898
-0.000917801
-0.00482342
-0.00869497
-0.0126156
-0.0166053
-0.0206451
-0.0247128
-0.028798
-0.0328987
-0.037015
-0.0411445
-0.0452829
-0.049425
-0.053566
-0.0577019
-0.0618369
-0.0659663
0.00829105
0.00483771
0.00103498
-0.00276302
-0.00647611
-0.0101675
-0.0139031
-0.0177016
-0.0215498
-0.0254296
-0.0293309
-0.0332506
-0.0371878
-0.04114
-0.045103
-0.0490719
-0.0530419
-0.0570092
-0.0609761
-0.0649387
0.00602011
0.00273174
-0.000845793
-0.0044378
-0.00797617
-0.0115051
-0.0150752
-0.0187027
-0.0223785
-0.0260883
-0.0298227
-0.033578
-0.0373523
-0.0411428
-0.0449455
-0.0487559
-0.0525693
-0.0563817
-0.0601944
-0.0640036
0.00399361
0.000848765
-0.00253212
-0.00594165
-0.00932388
-0.0127083
-0.0161321
-0.0196085
-0.0231313
-0.0266893
-0.0302743
-0.0338819
-0.0375098
-0.0411548
-0.0448132
-0.0484802
-0.0521515
-0.055823
-0.059495
-0.0631643
0.00221432
-0.000808556
-0.00402131
-0.00727264
-0.0105182
-0.0137763
-0.0170729
-0.0204179
-0.023807
-0.0272316
-0.0306844
-0.0341611
-0.0376587
-0.041174
-0.0447032
-0.0482419
-0.051786
-0.0553316
-0.0588781
-0.0624223
0.000687597
-0.00223529
-0.00530877
-0.00842721
-0.0115569
-0.0147079
-0.0178971
-0.0211313
-0.0244071
-0.0277178
-0.0310573
-0.0344215
-0.0378069
-0.0412102
-0.0446273
-0.0480542
-0.0514864
-0.05492
-0.0583539
-0.0617863
-0.000577482
-0.00342292
-0.00638625
-0.00939785
-0.0124332
-0.0154965
-0.0185977
-0.0217403
-0.0249219
-0.0281371
-0.0313808
-0.034649
-0.0379382
-0.041245
-0.0445657
-0.0478965
-0.0512336
-0.0545736
-0.0579145
-0.0612534
-0.00156832
-0.00436092
-0.00724565
-0.0101799
-0.0131466
-0.0161463
-0.0191834
-0.0222591
-0.025371
-0.0285148
-0.031686
-0.0348808
-0.0380957
-0.041327
-0.044571
-0.0478236
-0.0510807
-0.0543383
-0.0575951
-0.0608513
-0.0022612
-0.00502421
-0.00785956
-0.0107426
-0.0136619
-0.0166159
-0.0196058
-0.0226314
-0.0256904
-0.0287793
-0.0318943
-0.0350321
-0.0381891
-0.0413622
-0.0445479
-0.0477428
-0.0509438
-0.0541475
-0.0573516
-0.0605524
-0.00263934
-0.00540704
-0.00823869
-0.0111178
-0.0140341
-0.0169839
-0.0199661
-0.0229794
-0.0260214
-0.0290889
-0.0321784
-0.0352866
-0.0384101
-0.0415458
-0.0446903
-0.0478402
-0.0509922
-0.054143
-0.0572917
-0.0604402
0.116051
0.117484
0.119668
0.122723
0.126025
0.1297
0.133008
0.136155
0.13821
0.139602
0.139103
0.137564
0.133293
0.127648
0.117178
0.115116
0.116442
0.118449
0.121242
0.124209
0.127456
0.130264
0.132815
0.13423
0.134861
0.133646
0.131219
0.126345
0.119702
0.110611
0.114112
0.115324
0.117144
0.119658
0.122271
0.125073
0.127372
0.129321
0.13011
0.130019
0.128171
0.124986
0.119705
0.112607
0.104049
0.113035
0.114127
0.115748
0.117969
0.120215
0.122552
0.124332
0.125665
0.125836
0.125033
0.12259
0.118716
0.113074
0.105667
0.0972387
0.111882
0.112849
0.114263
0.116178
0.118047
0.119908
0.121166
0.121881
0.12145
0.119961
0.116957
0.112482
0.106501
0.0989063
0.0905538
0.11065
0.111486
0.112687
0.114284
0.115769
0.117146
0.117884
0.117986
0.116973
0.114837
0.111311
0.106331
0.100051
0.0923674
0.084109
0.109336
0.110037
0.111017
0.112287
0.113382
0.114269
0.11449
0.113994
0.112419
0.109685
0.105677
0.10028
0.0937508
0.0860396
0.0778909
0.107938
0.108499
0.109253
0.110187
0.110888
0.111282
0.110994
0.109916
0.107804
0.104523
0.100077
0.0943393
0.0876127
0.0799078
0.0718818
0.106454
0.106872
0.107395
0.107986
0.10829
0.108194
0.107404
0.10577
0.103146
0.0993722
0.0945328
0.0885196
0.0816466
0.0739718
0.0660836
0.104884
0.105154
0.105442
0.105686
0.105592
0.105013
0.103733
0.101572
0.0984666
0.0942526
0.0890675
0.0828345
0.0758632
0.0682408
0.0605044
0.103228
0.103346
0.103397
0.103292
0.102802
0.101751
0.0999952
0.0973392
0.093786
0.0891836
0.083702
0.0772981
0.0702726
0.0627247
0.0551519
0.101486
0.101451
0.101263
0.100811
0.0999282
0.0984196
0.0962059
0.0930905
0.089126
0.0841849
0.0784555
0.0719252
0.0648842
0.0574328
0.0500332
0.0996612
0.0994721
0.0990444
0.0982487
0.09698
0.0950329
0.0923828
0.0888449
0.0845085
0.0792759
0.073346
0.0667298
0.0597069
0.0523726
0.0451542
0.097757
0.0974142
0.0967474
0.095616
0.0939701
0.0916062
0.0885445
0.0846223
0.0799549
0.0744762
0.06839
0.0617253
0.0547494
0.0475503
0.0405199
0.095779
0.0952845
0.0943806
0.0929238
0.0909126
0.0881565
0.0847112
0.0804431
0.0754864
0.0698047
0.0636032
0.0569237
0.0500196
0.042971
0.0361336
0.0937345
0.0930919
0.0919546
0.0901854
0.0878239
0.0847022
0.080904
0.0763287
0.0711239
0.0652798
0.059
0.0523359
0.0455245
0.0386387
0.0319977
0.0916331
0.0908476
0.0894823
0.0874159
0.0847224
0.0812633
0.0771449
0.0723007
0.0668876
0.0609191
0.0545945
0.0479717
0.0412704
0.0345564
0.028113
0.0894869
0.0885654
0.0869795
0.0846331
0.0816283
0.0778615
0.0734568
0.0683811
0.0627975
0.0567396
0.0503995
0.0438402
0.0372627
0.0307264
0.0244798
0.087311
0.0862615
0.0844643
0.0818567
0.0785641
0.07452
0.0698631
0.0645921
0.0588735
0.0527575
0.0464274
0.0399495
0.033506
0.0271502
0.0210978
0.0851232
0.083955
0.081958
0.0791094
0.0755541
0.0712634
0.0663884
0.0609564
0.0551351
0.0489887
0.0426901
0.0363075
0.0300047
0.0238294
0.0179664
0.082945
0.0816681
0.0794848
0.0764163
0.0726249
0.0681181
0.063058
0.0574967
0.051602
0.0454486
0.039199
0.0329217
0.0267631
0.0207653
0.0150851
0.0808014
0.0794263
0.0770722
0.0738056
0.069805
0.0651123
0.0598983
0.0542368
0.048294
0.0421533
0.035966
0.0298001
0.0237856
0.0179599
0.012454
0.0787211
0.0772589
0.0747507
0.0713082
0.0671257
0.062276
0.0569369
0.0512011
0.0452318
0.039119
0.0330032
0.0269512
0.0210777
0.0154159
0.0100739
0.0767371
0.0751989
0.0725545
0.0689587
0.0646206
0.0596411
0.0542035
0.0484155
0.0424374
0.0363635
0.0303242
0.0243847
0.0186461
0.0131376
0.00794728
0.0748868
0.0732835
0.0705215
0.0667947
0.0623267
0.0572425
0.0517296
0.0459079
0.0399344
0.0339061
0.0279444
0.0221126
0.0164995
0.0111312
0.00607836
0.073212
0.0715544
0.0686937
0.0648581
0.0602843
0.0551182
0.04955
0.0437093
0.0377494
0.0317693
0.0258822
0.0201495
0.0146495
0.00940575
0.00447425
0.0717592
0.070058
0.0671175
0.0631947
0.058538
0.0533101
0.0477033
0.0418542
0.0359128
0.0299792
0.0241598
0.018514
0.0131118
0.00797416
0.00314561
0.0705801
0.0688455
0.0658439
0.0618553
0.0571373
0.0518653
0.0462332
0.0403826
0.0344605
0.0285676
0.0228049
0.0172303
0.011907
0.00685453
0.00210788
0.0697312
0.0679735
0.0649297
0.0608963
0.0561372
0.050837
0.0451901
0.0393414
0.0334356
0.0275736
0.0218526
0.0163295
0.0110628
0.00607121
0.00138395
0.0692743
0.0675046
0.0644378
0.060381
0.0556007
0.0502865
0.0446327
0.0387864
0.0328902
0.0270459
0.0213477
0.0158528
0.0106165
0.00565742
0.00100016
0.128213
0.130365
0.133787
0.138858
0.144919
0.152244
0.160395
0.169518
0.179323
0.189908
0.201005
0.212674
0.224641
0.236979
0.249379
0.128146
0.130294
0.13371
0.138771
0.144818
0.152126
0.160249
0.169344
0.179109
0.189649
0.200686
0.212293
0.224178
0.236433
0.248718
0.128013
0.130153
0.133556
0.138597
0.144617
0.151892
0.159958
0.168997
0.17868
0.189133
0.200052
0.211532
0.223254
0.235341
0.247393
0.127813
0.129942
0.133325
0.138338
0.144313
0.151539
0.159524
0.168478
0.17804
0.188362
0.199102
0.210392
0.221867
0.233699
0.245404
0.127549
0.129661
0.13302
0.137995
0.143916
0.151074
0.158948
0.167791
0.177191
0.187339
0.197841
0.208878
0.220021
0.23151
0.242748
0.12722
0.129314
0.132641
0.137568
0.143414
0.15049
0.158233
0.166938
0.176136
0.186067
0.196271
0.206991
0.217716
0.228774
0.239427
0.126829
0.1289
0.132191
0.137061
0.142834
0.149799
0.157381
0.165921
0.174878
0.184551
0.194397
0.204738
0.214956
0.225498
0.235448
0.126377
0.128422
0.13167
0.136473
0.142127
0.148989
0.156397
0.164745
0.173421
0.182796
0.192221
0.202122
0.211748
0.221687
0.230818
0.125866
0.127881
0.131083
0.13582
0.141395
0.148072
0.155283
0.163413
0.171769
0.180805
0.189749
0.199151
0.208097
0.217352
0.225548
0.125297
0.12728
0.13043
0.13508
0.140511
0.147048
0.154046
0.161928
0.169928
0.178583
0.186987
0.195832
0.204011
0.212503
0.219654
0.124674
0.126622
0.129716
0.134275
0.139579
0.145929
0.152689
0.160293
0.167903
0.176136
0.183939
0.192173
0.199497
0.207155
0.213154
0.123998
0.125909
0.128942
0.133385
0.138547
0.144709
0.151215
0.158514
0.165701
0.173468
0.180615
0.188182
0.194566
0.201323
0.206068
0.123271
0.125143
0.128113
0.132451
0.13744
0.143398
0.149632
0.156592
0.163326
0.170583
0.17702
0.183869
0.189227
0.195026
0.198415
0.122497
0.124329
0.127236
0.131446
0.136256
0.141996
0.147941
0.154535
0.160788
0.167487
0.173168
0.17924
0.183491
0.188284
0.190218
0.121679
0.123468
0.126281
0.130366
0.135007
0.14051
0.146149
0.152344
0.158091
0.164182
0.169066
0.174301
0.177372
0.181117
0.181493
0.120818
0.122569
0.125327
0.129233
0.133691
0.138945
0.144259
0.15003
0.155245
0.160677
0.164731
0.169057
0.170886
0.173543
0.172252
0.119918
0.121616
0.124272
0.128047
0.132315
0.137301
0.142272
0.147589
0.152245
0.156968
0.160167
0.163505
0.164059
0.165572
0.162501
0.118984
0.120643
0.123194
0.126817
0.130882
0.135594
0.140209
0.145055
0.149127
0.153093
0.155404
0.157656
0.15691
0.157183
0.15222
0.118011
0.119618
0.12207
0.125534
0.12938
0.133787
0.13801
0.142343
0.145797
0.148973
0.150394
0.151489
0.14951
0.148346
0.141422
0.117018
0.118564
0.120929
0.124259
0.127914
0.132063
0.135925
0.139779
0.142587
0.144912
0.145309
0.145114
0.14175
0.138958
0.13005
0.117018
0.118564
0.120929
0.124259
0.127914
0.132063
0.135925
0.139779
0.142587
0.144911
0.145309
0.145114
0.14175
0.138958
0.13005
0.118011
0.119618
0.12207
0.125534
0.12938
0.133787
0.13801
0.142343
0.145797
0.148973
0.150394
0.151489
0.14951
0.148346
0.141422
0.118984
0.120643
0.123194
0.126817
0.130882
0.135594
0.140208
0.145055
0.149127
0.153093
0.155404
0.157656
0.15691
0.157183
0.15222
0.119918
0.121616
0.124272
0.128047
0.132315
0.137301
0.142272
0.147589
0.152245
0.156968
0.160167
0.163505
0.164059
0.165572
0.162501
0.120818
0.122569
0.125327
0.129233
0.133691
0.138945
0.144259
0.15003
0.155245
0.160677
0.164731
0.169057
0.170886
0.173542
0.172252
0.121679
0.123468
0.126281
0.130366
0.135007
0.14051
0.146148
0.152344
0.158091
0.164182
0.169066
0.174301
0.177372
0.181117
0.181493
0.122497
0.124329
0.127236
0.131446
0.136256
0.141996
0.147941
0.154535
0.160788
0.167487
0.173168
0.17924
0.183491
0.188284
0.190218
0.123271
0.125143
0.128113
0.132451
0.13744
0.143398
0.149632
0.156592
0.163326
0.170583
0.17702
0.183869
0.189227
0.195026
0.198415
0.123998
0.125909
0.128942
0.133385
0.138547
0.144709
0.151215
0.158514
0.1657
0.173468
0.180615
0.188182
0.194566
0.201323
0.206068
0.124674
0.126622
0.129716
0.134275
0.139579
0.145929
0.152689
0.160293
0.167903
0.176136
0.183939
0.192173
0.199497
0.207155
0.213154
0.125297
0.12728
0.13043
0.135079
0.140511
0.147048
0.154046
0.161928
0.169928
0.178583
0.186987
0.195832
0.204011
0.212503
0.219654
0.125866
0.127881
0.131083
0.13582
0.141395
0.148072
0.155283
0.163413
0.171769
0.180805
0.189749
0.199151
0.208097
0.217352
0.225548
0.126377
0.128422
0.13167
0.136473
0.142127
0.148989
0.156397
0.164745
0.173421
0.182796
0.192221
0.202122
0.211748
0.221687
0.230818
0.126829
0.1289
0.132191
0.137061
0.142834
0.149799
0.157381
0.165921
0.174878
0.184551
0.194397
0.204738
0.214956
0.225498
0.235448
0.12722
0.129314
0.132641
0.137568
0.143414
0.15049
0.158233
0.166938
0.176136
0.186067
0.196271
0.206991
0.217716
0.228774
0.239427
0.127549
0.129661
0.13302
0.137995
0.143916
0.151074
0.158948
0.167791
0.177191
0.187339
0.197841
0.208878
0.220021
0.23151
0.242748
0.127813
0.129942
0.133325
0.138338
0.144313
0.151539
0.159524
0.168478
0.17804
0.188362
0.199102
0.210392
0.221867
0.233699
0.245404
0.128013
0.130153
0.133556
0.138597
0.144617
0.151892
0.159958
0.168997
0.17868
0.189133
0.200052
0.211532
0.223254
0.235341
0.247393
0.128146
0.130294
0.13371
0.138771
0.144818
0.152126
0.160249
0.169344
0.179109
0.189649
0.200686
0.212293
0.224178
0.236433
0.248718
0.128213
0.130365
0.133787
0.138858
0.144919
0.152244
0.160395
0.169518
0.179323
0.189908
0.201005
0.212674
0.224641
0.236979
0.249379
0.0692743
0.0675045
0.0644377
0.0603809
0.0556006
0.0502865
0.0446326
0.0387863
0.0328902
0.0270458
0.0213476
0.0158527
0.0106164
0.00565731
0.00100006
0.0697311
0.0679735
0.0649297
0.0608962
0.0561372
0.050837
0.04519
0.0393413
0.0334355
0.0275735
0.0218525
0.0163294
0.0110626
0.00607111
0.00138384
0.07058
0.0688455
0.0658439
0.0618552
0.0571372
0.0518652
0.0462331
0.0403825
0.0344605
0.0285675
0.0228048
0.0172302
0.0119069
0.00685443
0.00210778
0.0717591
0.0700579
0.0671174
0.0631946
0.058538
0.05331
0.0477032
0.0418541
0.0359127
0.0299791
0.0241597
0.0185139
0.0131117
0.00797406
0.0031455
0.0732119
0.0715544
0.0686937
0.064858
0.0602842
0.0551181
0.0495499
0.0437092
0.0377493
0.0317692
0.0258821
0.0201494
0.0146494
0.00940565
0.00447414
0.0748867
0.0732835
0.0705215
0.0667947
0.0623266
0.0572425
0.0517295
0.0459079
0.0399343
0.033906
0.0279443
0.0221125
0.0164994
0.0111311
0.00607826
0.0767371
0.0751988
0.0725544
0.0689586
0.0646205
0.059641
0.0542034
0.0484154
0.0424373
0.0363634
0.0303241
0.0243846
0.018646
0.0131375
0.00794719
0.078721
0.0772588
0.0747506
0.0713081
0.0671256
0.0622759
0.0569368
0.051201
0.0452318
0.0391189
0.0330031
0.0269511
0.0210776
0.0154158
0.0100738
0.0808013
0.0794263
0.0770721
0.0738055
0.069805
0.0651123
0.0598982
0.0542367
0.0482939
0.0421532
0.0359659
0.0298
0.0237855
0.0179598
0.0124539
0.082945
0.081668
0.0794848
0.0764163
0.0726248
0.0681181
0.0630579
0.0574967
0.0516019
0.0454486
0.039199
0.0329217
0.026763
0.0207652
0.015085
0.0851232
0.0839549
0.0819579
0.0791093
0.0755541
0.0712633
0.0663884
0.0609563
0.055135
0.0489886
0.04269
0.0363074
0.0300047
0.0238293
0.0179663
0.0873109
0.0862614
0.0844642
0.0818567
0.078564
0.0745199
0.0698631
0.0645921
0.0588734
0.0527575
0.0464274
0.0399494
0.033506
0.0271501
0.0210977
0.0894869
0.0885654
0.0869794
0.084633
0.0816283
0.0778615
0.0734567
0.068381
0.0627975
0.0567395
0.0503994
0.0438401
0.0372626
0.0307263
0.0244798
0.091633
0.0908476
0.0894823
0.0874159
0.0847223
0.0812633
0.0771449
0.0723007
0.0668875
0.060919
0.0545944
0.0479716
0.0412703
0.0345564
0.0281129
0.0937344
0.0930918
0.0919545
0.0901853
0.0878239
0.0847021
0.080904
0.0763287
0.0711238
0.0652797
0.059
0.0523358
0.0455244
0.0386386
0.0319976
0.095779
0.0952844
0.0943805
0.0929238
0.0909126
0.0881564
0.0847112
0.0804431
0.0754864
0.0698046
0.0636031
0.0569236
0.0500195
0.0429709
0.0361336
0.097757
0.0974142
0.0967473
0.095616
0.0939701
0.0916061
0.0885444
0.0846222
0.0799548
0.0744761
0.06839
0.0617252
0.0547494
0.0475502
0.0405198
0.0996611
0.099472
0.0990443
0.0982486
0.09698
0.0950328
0.0923827
0.0888449
0.0845084
0.0792759
0.073346
0.0667298
0.0597069
0.0523725
0.0451542
0.101486
0.101451
0.101263
0.10081
0.0999281
0.0984196
0.0962059
0.0930905
0.089126
0.0841848
0.0784555
0.0719251
0.0648841
0.0574328
0.0500331
0.103228
0.103346
0.103397
0.103292
0.102802
0.101751
0.0999951
0.0973392
0.0937859
0.0891836
0.0837019
0.0772981
0.0702726
0.0627247
0.0551519
0.104884
0.105154
0.105442
0.105686
0.105592
0.105013
0.103733
0.101572
0.0984666
0.0942525
0.0890675
0.0828344
0.0758632
0.0682407
0.0605043
0.106454
0.106872
0.107395
0.107986
0.10829
0.108194
0.107404
0.10577
0.103146
0.0993721
0.0945328
0.0885196
0.0816466
0.0739718
0.0660835
0.107938
0.108499
0.109253
0.110187
0.110888
0.111282
0.110994
0.109916
0.107804
0.104523
0.100077
0.0943393
0.0876126
0.0799077
0.0718818
0.109336
0.110037
0.111017
0.112287
0.113382
0.114269
0.11449
0.113994
0.112419
0.109684
0.105677
0.10028
0.0937507
0.0860396
0.0778908
0.11065
0.111486
0.112687
0.114284
0.115769
0.117146
0.117884
0.117986
0.116972
0.114837
0.111311
0.106331
0.100051
0.0923674
0.084109
0.111882
0.112849
0.114263
0.116178
0.118047
0.119908
0.121166
0.121881
0.12145
0.119961
0.116957
0.112482
0.106501
0.0989063
0.0905538
0.113035
0.114127
0.115748
0.117969
0.120215
0.122552
0.124332
0.125665
0.125836
0.125033
0.12259
0.118716
0.113074
0.105667
0.0972387
0.114112
0.115324
0.117144
0.119658
0.122271
0.125073
0.127372
0.129321
0.13011
0.130019
0.128171
0.124986
0.119705
0.112607
0.104049
0.115116
0.116442
0.118449
0.121242
0.124209
0.127456
0.130264
0.132815
0.13423
0.134861
0.133646
0.131219
0.126345
0.119702
0.110611
0.11605
0.117484
0.119668
0.122723
0.126025
0.1297
0.133008
0.136155
0.13821
0.139602
0.139103
0.137563
0.133293
0.127648
0.117178
-0.00263945
-0.00540715
-0.0082388
-0.0111179
-0.0140342
-0.016984
-0.0199662
-0.0229795
-0.0260216
-0.029089
-0.0321786
-0.0352867
-0.0384103
-0.0415459
-0.0446904
-0.0478404
-0.0509923
-0.0541431
-0.0572918
-0.0604403
-0.00226131
-0.00502432
-0.00785967
-0.0107427
-0.013662
-0.016616
-0.0196059
-0.0226315
-0.0256905
-0.0287794
-0.0318944
-0.0350322
-0.0381893
-0.0413623
-0.044548
-0.047743
-0.0509439
-0.0541476
-0.0573517
-0.0605525
-0.00156843
-0.00436103
-0.00724576
-0.01018
-0.0131467
-0.0161464
-0.0191835
-0.0222593
-0.0253712
-0.0285149
-0.0316861
-0.034881
-0.0380958
-0.0413271
-0.0445711
-0.0478237
-0.0510808
-0.0543384
-0.0575952
-0.0608515
-0.000577588
-0.00342302
-0.00638636
-0.00939796
-0.0124333
-0.0154966
-0.0185978
-0.0217404
-0.024922
-0.0281372
-0.0313809
-0.0346491
-0.0379383
-0.0412451
-0.0445658
-0.0478966
-0.0512337
-0.0545737
-0.0579146
-0.0612535
0.000687494
-0.00223539
-0.00530887
-0.00842731
-0.011557
-0.014708
-0.0178973
-0.0211314
-0.0244072
-0.0277179
-0.0310575
-0.0344217
-0.0378071
-0.0412103
-0.0446274
-0.0480543
-0.0514865
-0.0549201
-0.058354
-0.0617864
0.00221421
-0.000808659
-0.00402141
-0.00727274
-0.0105183
-0.0137764
-0.017073
-0.020418
-0.0238072
-0.0272317
-0.0306845
-0.0341612
-0.0376589
-0.0411741
-0.0447033
-0.048242
-0.0517861
-0.0553317
-0.0588782
-0.0624224
0.00399352
0.000848665
-0.00253222
-0.00594176
-0.00932398
-0.0127084
-0.0161322
-0.0196086
-0.0231314
-0.0266894
-0.0302744
-0.0338821
-0.0375099
-0.041155
-0.0448133
-0.0484803
-0.0521516
-0.0558231
-0.0594951
-0.0631644
0.00602001
0.00273164
-0.000845891
-0.0044379
-0.00797627
-0.0115052
-0.0150753
-0.0187028
-0.0223786
-0.0260884
-0.0298228
-0.0335781
-0.0373524
-0.0411429
-0.0449457
-0.048756
-0.0525694
-0.0563818
-0.0601945
-0.0640038
0.00829096
0.00483761
0.00103488
-0.00276311
-0.00647621
-0.0101676
-0.0139032
-0.0177017
-0.0215499
-0.0254297
-0.029331
-0.0332507
-0.0371879
-0.0411401
-0.0451031
-0.049072
-0.053042
-0.0570093
-0.0609762
-0.0649388
0.0108055
0.00716556
0.00310889
-0.000917893
-0.00482352
-0.00869507
-0.0126157
-0.0166054
-0.0206452
-0.0247129
-0.0287981
-0.0328988
-0.0370151
-0.0411446
-0.045283
-0.0494251
-0.0535661
-0.057702
-0.061837
-0.0659665
0.0135641
0.00971557
0.005376
0.00109835
-0.00301696
-0.00708652
-0.0112123
-0.0154137
-0.0196642
-0.0239377
-0.0282237
-0.032522
-0.0368337
-0.0411564
-0.0454854
-0.0498154
-0.0541415
-0.0584595
-0.0627759
-0.0670854
0.0165681
0.0124884
0.00783679
0.00328701
-0.00105464
-0.00534047
-0.00969229
-0.0141262
-0.0186065
-0.0231034
-0.0276071
-0.0321198
-0.0366432
-0.0411749
-0.0457099
-0.0502424
-0.0547676
-0.0592811
-0.0637921
-0.0682945
0.0198194
0.0154853
0.0104923
0.00565003
0.00106582
-0.00345521
-0.00805472
-0.0127422
-0.0174713
-0.0222089
-0.0269476
-0.0316915
-0.0364433
-0.0412
-0.0459559
-0.0507055
-0.0554436
-0.0601658
-0.0648846
-0.0695931
0.0233198
0.0187072
0.0133437
0.0081897
0.00334697
-0.00142905
-0.00629879
-0.0112611
-0.0162576
-0.0212534
-0.0262443
-0.0312369
-0.0362339
-0.0412317
-0.0462245
-0.0512066
-0.0561727
-0.0611161
-0.0660553
-0.0709823
0.027071
0.0221549
0.0163922
0.0109085
0.00579138
0.000739493
-0.00442378
-0.00968192
-0.0149642
-0.0202357
-0.0254965
-0.0307554
-0.0360142
-0.0412685
-0.0465121
-0.0517396
-0.0569455
-0.0621244
-0.0672998
-0.0724598
0.0310741
0.0258288
0.0196387
0.0138088
0.00840146
0.00305162
-0.0024291
-0.00800385
-0.0135898
-0.0191545
-0.0247036
-0.0302467
-0.0357849
-0.0413132
-0.0468271
-0.0523229
-0.0577934
-0.0632137
-0.0686321
-0.0740325
0.0353294
0.0297281
0.0230839
0.0168929
0.0111793
0.0055081
-0.000314306
-0.00622582
-0.0121331
-0.0180091
-0.0238651
-0.0297104
-0.035543
-0.0413555
-0.0471419
-0.0528984
-0.0586272
-0.0643582
-0.0700525
-0.075702
0.0398358
0.033851
0.0267275
0.0201627
0.0141263
0.00810923
0.00192098
-0.0043466
-0.0105926
-0.0167985
-0.0229812
-0.0291483
-0.0352949
-0.041414
-0.0475014
-0.053555
-0.0595746
-0.0655777
-0.0715415
-0.0774555
0.0445905
0.0381938
0.0305686
0.0236195
0.0172435
0.0108547
0.004277
-0.00236484
-0.00896691
-0.0155221
-0.0220518
-0.02856
-0.0350381
-0.0414791
-0.0478795
-0.0542377
-0.0605536
-0.0668503
-0.0731029
-0.0792968
0.0495885
0.0427509
0.0346051
0.0272642
0.020531
0.0137437
0.00675395
-0.000278988
-0.0072544
-0.0141787
-0.0210759
-0.0279443
-0.0347718
-0.0415522
-0.0482835
-0.0549643
-0.0615933
-0.0681955
-0.0747468
-0.0812303
0.0548225
0.0475137
0.0388333
0.0310967
0.0239877
0.0167745
0.00935196
0.0019126
-0.00545372
-0.0127679
-0.0200531
-0.0273005
-0.0344954
-0.0416329
-0.0487117
-0.0557299
-0.0626854
-0.0696077
-0.0764709
-0.0832552
0.0602814
0.0524701
0.0432483
0.0351165
0.0276115
0.0199443
0.0120711
0.00421144
-0.00356403
-0.0112893
-0.0189827
-0.0266277
-0.0342083
-0.0417209
-0.0491647
-0.0565366
-0.0638333
-0.0710897
-0.078277
-0.0853728
0.0659494
0.0576027
0.0478436
0.0393223
0.0313983
0.0232499
0.0149118
0.00661902
-0.00158495
-0.00974272
-0.0178637
-0.0259248
-0.0339096
-0.0418162
-0.0496426
-0.0573847
-0.065037
-0.0726417
-0.0801658
-0.0875833
0.0718022
0.0628875
0.0526112
0.0437113
0.0353413
0.0266868
0.0178743
0.009136
0.000483185
-0.00812788
-0.0166947
-0.0251901
-0.0335983
-0.0419177
-0.050145
-0.058274
-0.0662968
-0.0742647
-0.0821379
-0.0898869
0.0778028
0.0682903
0.0575426
0.0482793
0.0394319
0.030252
0.0209599
0.0117619
0.00263858
-0.00644542
-0.0154755
-0.0244234
-0.0332742
-0.0420256
-0.0506728
-0.0592073
-0.0676156
-0.0759609
-0.0841949
-0.0922839
0.0839016
0.0737679
0.0626257
0.0530139
0.043655
0.0339416
0.0241702
0.0144975
0.00488341
-0.00469099
-0.0142013
-0.0236206
-0.0329339
-0.0421362
-0.0512206
-0.0601742
-0.0689862
-0.0777287
-0.0863369
-0.0947749
0.0900379
0.0792852
0.06786
0.0579034
0.0479979
0.0377509
0.027496
0.0173284
0.00720439
-0.0028752
-0.012881
-0.0227884
-0.0325815
-0.0422543
-0.0518028
-0.0612128
-0.0704365
-0.079582
-0.08857
-0.0973634
0.0960997
0.0847957
0.0732243
0.0629154
0.0524581
0.0417067
0.0309708
0.0202913
0.00963988
-0.000963663
-0.0114871
-0.0219053
-0.0321985
-0.0423524
-0.0523555
-0.0621818
-0.0718926
-0.081497
-0.0908815
-0.100037
0.10184
0.0903131
0.0787408
0.0679958
0.0569503
0.0456898
0.0344535
0.023248
0.0120645
0.000932721
-0.0101142
-0.0210535
-0.0318664
-0.0425486
-0.0531113
-0.0635353
-0.0735601
-0.0835134
-0.0932534
-0.102768
0.106546
0.0954901
0.084352
0.0733364
0.0618633
0.0501635
0.0384337
0.0266979
0.01497
0.00328553
-0.00831124
-0.0197884
-0.0311175
-0.0422686
-0.0532149
-0.0640067
-0.0749972
-0.0855661
-0.0957346
-0.105627
-0.0635847
-0.0667167
-0.0698306
-0.0729244
-0.0759971
-0.0790471
-0.0820724
-0.0850705
-0.0880391
-0.0909761
-0.0938797
-0.096748
-0.0995793
-0.102372
-0.105125
-0.107836
-0.110505
-0.11313
-0.115712
-0.11825
-0.0637446
-0.0669225
-0.0700841
-0.0732271
-0.0763488
-0.0794462
-0.0825167
-0.0855573
-0.0885655
-0.0915389
-0.0944753
-0.0973726
-0.100229
-0.103042
-0.105811
-0.108534
-0.111209
-0.113836
-0.116415
-0.118947
-0.064103
-0.067342
-0.0705627
-0.0737622
-0.0769383
-0.0800886
-0.0832102
-0.0863004
-0.0893565
-0.092376
-0.0953565
-0.0982959
-0.101192
-0.104044
-0.106849
-0.109605
-0.112313
-0.11497
-0.117581
-0.120146
-0.0645843
-0.0679001
-0.0711973
-0.0744732
-0.0777253
-0.0809507
-0.0841463
-0.087309
-0.090436
-0.0935246
-0.0965724
-0.099577
-0.102536
-0.105448
-0.108312
-0.111124
-0.113886
-0.116594
-0.119257
-0.121877
-0.0652116
-0.0686219
-0.0720125
-0.0753803
-0.078723
-0.0820377
-0.0853212
-0.0885703
-0.0917822
-0.0949539
-0.0980833
-0.101168
-0.104205
-0.107194
-0.110132
-0.113017
-0.115851
-0.118629
-0.121364
-0.124062
-0.0659577
-0.0694766
-0.0729745
-0.0764488
-0.0798969
-0.083316
-0.0867027
-0.0900539
-0.0933664
-0.0966376
-0.099865
-0.103046
-0.106179
-0.109261
-0.112292
-0.115268
-0.118192
-0.121059
-0.123887
-0.126681
-0.0668241
-0.0704661
-0.0740859
-0.0776808
-0.0812485
-0.0847859
-0.0882898
-0.0917569
-0.0951843
-0.098569
-0.101909
-0.105201
-0.108444
-0.111635
-0.114773
-0.117856
-0.120887
-0.123859
-0.126796
-0.129707
-0.0678018
-0.0715804
-0.0753353
-0.079064
-0.0827644
-0.0864335
-0.0900679
-0.0936644
-0.09722
-0.100732
-0.104198
-0.107615
-0.110982
-0.114296
-0.117558
-0.120762
-0.123915
-0.127008
-0.130072
-0.133116
-0.0688886
-0.072817
-0.07672
-0.0805955
-0.0844414
-0.0882547
-0.0920324
-0.0957709
-0.0994676
-0.10312
-0.106725
-0.11028
-0.113785
-0.117236
-0.120634
-0.123973
-0.127263
-0.130491
-0.133697
-0.136891
-0.0700811
-0.0741721
-0.0782356
-0.0822701
-0.0862737
-0.0902436
-0.0941765
-0.0980692
-0.101919
-0.105723
-0.10948
-0.113186
-0.116841
-0.120441
-0.123989
-0.127477
-0.130916
-0.134293
-0.137654
-0.141012
-0.0713776
-0.0756435
-0.0798797
-0.0840852
-0.0882583
-0.0923963
-0.0964961
-0.100554
-0.104569
-0.108537
-0.112456
-0.116325
-0.120142
-0.123903
-0.127612
-0.13126
-0.134862
-0.138399
-0.14193
-0.145465
-0.0727768
-0.0772298
-0.0816504
-0.0860383
-0.0903922
-0.0947095
-0.0989871
-0.103222
-0.107412
-0.111554
-0.115648
-0.119689
-0.123678
-0.127611
-0.131492
-0.135312
-0.139087
-0.142796
-0.146507
-0.150232
-0.074278
-0.0789297
-0.0835461
-0.0881275
-0.0926731
-0.0971803
-0.101646
-0.106068
-0.110443
-0.11477
-0.119047
-0.12327
-0.127442
-0.131556
-0.13562
-0.13962
-0.143578
-0.14747
-0.151372
-0.155296
-0.0758817
-0.0807435
-0.0855665
-0.090352
-0.0950995
-0.0998066
-0.10447
-0.109088
-0.113659
-0.118178
-0.122648
-0.127063
-0.131426
-0.13573
-0.139984
-0.144173
-0.148323
-0.152405
-0.156506
-0.160638
-0.0775859
-0.0826687
-0.0877092
-0.0927093
-0.0976688
-0.102585
-0.107456
-0.112279
-0.117053
-0.121774
-0.126444
-0.131058
-0.135619
-0.14012
-0.144572
-0.148958
-0.153307
-0.157584
-0.161892
-0.166238
-0.0793935
-0.0847071
-0.0899751
-0.0951997
-0.10038
-0.105515
-0.110601
-0.115637
-0.120621
-0.125552
-0.130428
-0.135248
-0.140013
-0.144718
-0.149373
-0.153959
-0.158513
-0.162991
-0.16751
-0.172073
-0.0813047
-0.0868582
-0.0923635
-0.0978217
-0.103232
-0.108593
-0.113902
-0.119158
-0.124359
-0.129504
-0.134593
-0.139623
-0.144598
-0.14951
-0.154372
-0.159164
-0.163924
-0.168606
-0.173338
-0.178121
-0.0833154
-0.0891203
-0.0948724
-0.100573
-0.106221
-0.111816
-0.117354
-0.122836
-0.12826
-0.133625
-0.13893
-0.144175
-0.149361
-0.154484
-0.159555
-0.164555
-0.169522
-0.174411
-0.179355
-0.184357
-0.0854266
-0.0914935
-0.0975016
-0.103453
-0.109346
-0.115181
-0.120955
-0.126668
-0.132317
-0.137907
-0.14343
-0.148893
-0.15429
-0.159627
-0.164904
-0.170115
-0.175287
-0.180384
-0.185538
-0.19076
-0.0876399
-0.0939783
-0.100251
-0.10646
-0.112605
-0.118686
-0.124699
-0.130648
-0.136526
-0.142341
-0.148083
-0.153767
-0.159374
-0.164925
-0.170405
-0.175826
-0.181197
-0.186503
-0.191859
-0.197306
-0.0899546
-0.0965733
-0.103118
-0.109593
-0.115995
-0.122326
-0.128582
-0.134768
-0.140877
-0.14692
-0.15288
-0.158783
-0.164597
-0.170365
-0.176041
-0.181675
-0.187235
-0.192749
-0.198295
-0.203965
-0.0923711
-0.0992785
-0.106103
-0.112849
-0.119513
-0.126098
-0.1326
-0.139024
-0.145363
-0.151631
-0.157806
-0.163926
-0.16994
-0.175923
-0.181785
-0.187636
-0.193372
-0.1991
-0.204819
-0.21071
-0.0948894
-0.102093
-0.109204
-0.116226
-0.123156
-0.129997
-0.136746
-0.143408
-0.149976
-0.156466
-0.162853
-0.169184
-0.175389
-0.181578
-0.187609
-0.193673
-0.199562
-0.205513
-0.211384
-0.217498
-0.097509
-0.105017
-0.11242
-0.119722
-0.126922
-0.13402
-0.141016
-0.147915
-0.154711
-0.16142
-0.168018
-0.174554
-0.18095
-0.187339
-0.193525
-0.199795
-0.205796
-0.211969
-0.217944
-0.224295
-0.100229
-0.108047
-0.115748
-0.123334
-0.130805
-0.138161
-0.145403
-0.152536
-0.159557
-0.166479
-0.173284
-0.180018
-0.186606
-0.193189
-0.199539
-0.206017
-0.212113
-0.218517
-0.22452
-0.231121
-0.103049
-0.111182
-0.119183
-0.127055
-0.134796
-0.142407
-0.149889
-0.157247
-0.164479
-0.171597
-0.178589
-0.185493
-0.19225
-0.198992
-0.205497
-0.212162
-0.218366
-0.225034
-0.231045
-0.237964
-0.105975
-0.114426
-0.122728
-0.130882
-0.138888
-0.146746
-0.154456
-0.162023
-0.169448
-0.176738
-0.183888
-0.190923
-0.197807
-0.204642
-0.211253
-0.21802
-0.224313
-0.231225
-0.237252
-0.244655
-0.108999
-0.117784
-0.126398
-0.134845
-0.143124
-0.151236
-0.159185
-0.166973
-0.174603
-0.182081
-0.189408
-0.196596
-0.203628
-0.210565
-0.217291
-0.224105
-0.230463
-0.237512
-0.243475
-0.251438
-0.112093
-0.121238
-0.130202
-0.138985
-0.147581
-0.155995
-0.16423
-0.172292
-0.180187
-0.187919
-0.195496
-0.202923
-0.210198
-0.217341
-0.224295
-0.231217
-0.237729
-0.244764
-0.250669
-0.25892
-0.115282
-0.12474
-0.134017
-0.143095
-0.151964
-0.160624
-0.169083
-0.177348
-0.185427
-0.193329
-0.201065
-0.208641
-0.216067
-0.223345
-0.230466
-0.237465
-0.244174
-0.251013
-0.257019
-0.264941
-0.12457
-0.134188
-0.143211
-0.151396
-0.158525
-0.164424
-0.168935
-0.171922
-0.173252
-0.172842
-0.170641
-0.166682
-0.161013
-0.15377
-0.145101
-0.13525
-0.124455
-0.113034
-0.101256
-0.089437
-0.0777955
-0.0665722
-0.0558839
-0.0458713
-0.0365733
-0.0281287
-0.0205224
-0.0138441
-0.0078634
-0.00257109
-0.125302
-0.134967
-0.144
-0.152169
-0.159269
-0.165136
-0.16961
-0.172549
-0.17382
-0.173343
-0.171073
-0.167044
-0.161306
-0.153994
-0.145259
-0.135348
-0.1245
-0.113035
-0.101223
-0.08938
-0.077725
-0.0664955
-0.0558072
-0.0457965
-0.0365027
-0.0280622
-0.0204651
-0.0137968
-0.00783372
-0.00255989
-0.126639
-0.136414
-0.145466
-0.153603
-0.160653
-0.166463
-0.170868
-0.173718
-0.174877
-0.174276
-0.171879
-0.16772
-0.161851
-0.154411
-0.145553
-0.135529
-0.124584
-0.113035
-0.10116
-0.089273
-0.0775933
-0.0663521
-0.0556646
-0.0456568
-0.0363713
-0.027938
-0.0203585
-0.0137081
-0.00777828
-0.00253803
-0.128554
-0.138473
-0.147541
-0.155627
-0.162607
-0.168337
-0.172642
-0.17536
-0.17636
-0.175585
-0.173007
-0.168666
-0.162613
-0.154992
-0.145963
-0.135781
-0.124697
-0.113033
-0.10107
-0.0891211
-0.0774076
-0.0661507
-0.0554651
-0.0454611
-0.0361874
-0.0277637
-0.020209
-0.0135835
-0.00770049
-0.00250668
-0.130983
-0.141076
-0.15015
-0.158167
-0.165059
-0.170688
-0.174863
-0.177411
-0.178209
-0.177215
-0.174413
-0.169842
-0.163559
-0.155711
-0.146469
-0.13609
-0.124834
-0.113025
-0.100954
-0.0889289
-0.0771742
-0.0658988
-0.0552164
-0.045217
-0.0359586
-0.0275462
-0.0200228
-0.0134275
-0.00760342
-0.00246671
-0.133895
-0.144178
-0.153238
-0.161164
-0.167953
-0.173461
-0.177475
-0.179816
-0.180372
-0.179122
-0.176055
-0.171213
-0.16466
-0.156548
-0.147055
-0.136444
-0.124987
-0.11301
-0.100813
-0.0886998
-0.0768986
-0.0656029
-0.0549257
-0.0449317
-0.0356915
-0.0272917
-0.0198051
-0.0132441
-0.00748978
-0.00241879
-0.137258
-0.147735
-0.156752
-0.164569
-0.171239
-0.176605
-0.180428
-0.182524
-0.182805
-0.181263
-0.177897
-0.17275
-0.165891
-0.15748
-0.147705
-0.136834
-0.125151
-0.112985
-0.100648
-0.0884369
-0.0765856
-0.0652688
-0.0545992
-0.0446114
-0.035392
-0.0270054
-0.0195605
-0.013037
-0.00736197
-0.00236351
-0.141046
-0.151708
-0.16065
-0.168336
-0.174872
-0.180074
-0.183673
-0.185491
-0.185465
-0.183603
-0.179907
-0.174424
-0.167229
-0.15849
-0.148405
-0.137249
-0.125319
-0.112947
-0.100459
-0.088143
-0.0762394
-0.0649018
-0.0542425
-0.0442616
-0.0350655
-0.0266923
-0.0192931
-0.0128094
-0.00722212
-0.00230135
-0.145237
-0.156063
-0.164889
-0.172424
-0.178811
-0.183825
-0.187168
-0.188677
-0.188316
-0.186109
-0.182057
-0.176209
-0.168653
-0.159562
-0.149145
-0.137682
-0.125488
-0.112896
-0.100247
-0.0878205
-0.0758639
-0.0645065
-0.0538606
-0.0438874
-0.0347167
-0.0263566
-0.0190068
-0.0125642
-0.00707212
-0.00223276
-0.149809
-0.160766
-0.169433
-0.176796
-0.183017
-0.187818
-0.190874
-0.192045
-0.191326
-0.18875
-0.184318
-0.178085
-0.170145
-0.160681
-0.149912
-0.138126
-0.125652
-0.112829
-0.100012
-0.0874719
-0.0754625
-0.0640872
-0.0534581
-0.0434933
-0.0343498
-0.0260022
-0.0187046
-0.0123039
-0.00691362
-0.00215816
-0.154741
-0.165784
-0.174246
-0.181417
-0.187456
-0.192017
-0.194753
-0.195561
-0.194465
-0.191501
-0.186669
-0.18003
-0.17169
-0.161835
-0.150698
-0.138574
-0.125808
-0.112745
-0.0997553
-0.0870993
-0.0750386
-0.0636477
-0.0530389
-0.0430834
-0.0339686
-0.0256326
-0.0183896
-0.0120311
-0.00674811
-0.00207793
-0.160014
-0.171084
-0.179295
-0.186254
-0.192095
-0.196386
-0.198772
-0.199196
-0.197706
-0.194337
-0.189088
-0.182029
-0.173272
-0.163013
-0.151494
-0.13902
-0.125954
-0.112643
-0.0994778
-0.0867049
-0.074595
-0.0631916
-0.0526068
-0.0426614
-0.0335764
-0.025251
-0.0180643
-0.0117479
-0.0065769
-0.00199248
-0.165606
-0.176632
-0.184546
-0.191278
-0.196902
-0.200891
-0.202901
-0.202924
-0.201025
-0.197237
-0.191556
-0.184065
-0.174879
-0.164205
-0.152294
-0.139461
-0.126087
-0.112524
-0.0991803
-0.0862909
-0.0741346
-0.0627221
-0.052165
-0.0422306
-0.0331762
-0.0248602
-0.0177311
-0.0114562
-0.00640113
-0.00190221
-0.171492
-0.182395
-0.189969
-0.196459
-0.201845
-0.205502
-0.207111
-0.20672
-0.2044
-0.20018
-0.194058
-0.186124
-0.176501
-0.165403
-0.153091
-0.139893
-0.126204
-0.112387
-0.098864
-0.0858592
-0.07366
-0.0622423
-0.0517165
-0.0417939
-0.0327706
-0.0244628
-0.0173921
-0.0111581
-0.00622185
-0.00180753
-0.177649
-0.188337
-0.195536
-0.20177
-0.206896
-0.21019
-0.211378
-0.210562
-0.207811
-0.20315
-0.196577
-0.188194
-0.178127
-0.1666
-0.153881
-0.140312
-0.126306
-0.112232
-0.0985301
-0.085412
-0.0731735
-0.0617548
-0.0512639
-0.0413541
-0.0323619
-0.0240611
-0.017049
-0.0108551
-0.00603996
-0.00170887
-0.184051
-0.194426
-0.201218
-0.207185
-0.212026
-0.214928
-0.215681
-0.21443
-0.211241
-0.206131
-0.199101
-0.190266
-0.17975
-0.167789
-0.154658
-0.140717
-0.12639
-0.112059
-0.0981801
-0.0849513
-0.0726775
-0.0612622
-0.0508097
-0.0409134
-0.0319523
-0.0236571
-0.0167035
-0.010549
-0.00585629
-0.00160673
-0.190668
-0.200627
-0.206989
-0.212683
-0.217208
-0.219691
-0.219998
-0.218307
-0.214672
-0.209109
-0.20162
-0.19233
-0.181361
-0.168966
-0.155421
-0.141105
-0.126456
-0.11187
-0.0978152
-0.084479
-0.0721742
-0.0607668
-0.0503559
-0.040474
-0.0315437
-0.0232529
-0.0163572
-0.0102411
-0.00567158
-0.00150161
-0.197468
-0.206907
-0.212826
-0.218237
-0.222417
-0.224459
-0.224313
-0.222177
-0.218092
-0.212072
-0.204122
-0.194377
-0.182956
-0.170125
-0.156165
-0.141475
-0.126504
-0.111665
-0.0974371
-0.0839973
-0.0716656
-0.0602709
-0.0499047
-0.0400378
-0.0311377
-0.02285
-0.0160115
-0.00993298
-0.00548655
-0.00139406
-0.204415
-0.213235
-0.218707
-0.223825
-0.22763
-0.229212
-0.22861
-0.226024
-0.221486
-0.215009
-0.206599
-0.196401
-0.184527
-0.171263
-0.156888
-0.141826
-0.126535
-0.111445
-0.0970474
-0.083508
-0.071154
-0.0597763
-0.0494577
-0.0396065
-0.0307359
-0.02245
-0.0156676
-0.00962582
-0.00530184
-0.00128464
-0.211469
-0.219581
-0.224608
-0.229423
-0.232823
-0.233932
-0.232872
-0.229833
-0.224842
-0.21791
-0.209042
-0.198394
-0.186071
-0.172377
-0.157588
-0.142157
-0.126548
-0.111211
-0.0966481
-0.0830135
-0.0706413
-0.0592852
-0.0490167
-0.0391817
-0.0303395
-0.0220544
-0.0153268
-0.00932088
-0.0051181
-0.00117394
-0.218584
-0.225915
-0.23051
-0.235005
-0.237976
-0.238602
-0.237084
-0.233591
-0.228149
-0.220764
-0.211442
-0.200349
-0.187581
-0.173461
-0.158263
-0.142468
-0.126544
-0.110966
-0.096241
-0.0825158
-0.0701296
-0.0587992
-0.048583
-0.0387648
-0.02995
-0.0216646
-0.0149903
-0.0090193
-0.00493595
-0.00106253
-0.225718
-0.232209
-0.236391
-0.240548
-0.243068
-0.243207
-0.241233
-0.237284
-0.231393
-0.22356
-0.213792
-0.20226
-0.189052
-0.174515
-0.158912
-0.142759
-0.126524
-0.11071
-0.0958283
-0.0820171
-0.0696209
-0.0583201
-0.0481581
-0.0383569
-0.0295683
-0.0212816
-0.0146591
-0.00872218
-0.00475599
-0.000951024
-0.232824
-0.238439
-0.24223
-0.246028
-0.248081
-0.247728
-0.245302
-0.240899
-0.234563
-0.226288
-0.216081
-0.204118
-0.19048
-0.175532
-0.159532
-0.143028
-0.12649
-0.110446
-0.0954123
-0.0815199
-0.0691173
-0.0578495
-0.0477431
-0.0379592
-0.0291956
-0.0209067
-0.0143343
-0.00843056
-0.00457878
-0.000840011
-0.239853
-0.244581
-0.248008
-0.251421
-0.252994
-0.252149
-0.249272
-0.244414
-0.237642
-0.228933
-0.218298
-0.205916
-0.191857
-0.17651
-0.160122
-0.143277
-0.126441
-0.110175
-0.0949953
-0.0810264
-0.0686208
-0.0573891
-0.0473392
-0.0375727
-0.0288326
-0.020541
-0.0140168
-0.0081454
-0.00440491
-0.000730073
-0.246757
-0.250613
-0.253701
-0.256698
-0.257784
-0.256448
-0.25312
-0.247812
-0.240614
-0.231482
-0.220432
-0.207644
-0.193178
-0.177445
-0.16068
-0.143504
-0.12638
-0.1099
-0.0945798
-0.0805389
-0.0681333
-0.05694
-0.0469472
-0.0371981
-0.0284802
-0.0201852
-0.0137074
-0.00786757
-0.00423487
-0.00062177
-0.253481
-0.256506
-0.25928
-0.261825
-0.262421
-0.260597
-0.25682
-0.251068
-0.243459
-0.233918
-0.222469
-0.209291
-0.194434
-0.178331
-0.161203
-0.143709
-0.126308
-0.109622
-0.0941676
-0.0800596
-0.0676566
-0.0565035
-0.0465677
-0.0368359
-0.0281389
-0.0198403
-0.0134069
-0.00759786
-0.00406917
-0.000515634
-0.259953
-0.262231
-0.264708
-0.26676
-0.266864
-0.264555
-0.260353
-0.25416
-0.246154
-0.236221
-0.224394
-0.210846
-0.195619
-0.179164
-0.16169
-0.143893
-0.126225
-0.109344
-0.0937617
-0.0795908
-0.0671926
-0.0560811
-0.0462017
-0.036487
-0.0278096
-0.019507
-0.0131163
-0.00733709
-0.0039083
-0.000412169
-0.266127
-0.267764
-0.269962
-0.271478
-0.271088
-0.268273
-0.263709
-0.257057
-0.248681
-0.238381
-0.226203
-0.21231
-0.196735
-0.17995
-0.162146
-0.144062
-0.126139
-0.109072
-0.0933683
-0.0791383
-0.0667458
-0.055676
-0.0458518
-0.0361535
-0.0274939
-0.019187
-0.0128365
-0.00708612
-0.00375285
-0.000311845
-0.272053
-0.273077
-0.275023
-0.275977
-0.275113
-0.271797
-0.266525
-0.259735
-0.251055
-0.240415
-0.227913
-0.213698
-0.197798
-0.180701
-0.162585
-0.144227
-0.126059
-0.108813
-0.0929916
-0.0787043
-0.0663173
-0.0552885
-0.0455177
-0.0358349
-0.0271914
-0.0188797
-0.0125675
-0.00684485
-0.00360286
-0.000214936
-0.277708
-0.277939
-0.279686
-0.280126
-0.278905
-0.275306
-0.270204
-0.262425
-0.253306
-0.242305
-0.229474
-0.214944
-0.198732
-0.181339
-0.162929
-0.144315
-0.12592
-0.108511
-0.0925846
-0.0782504
-0.0658753
-0.0548912
-0.0451749
-0.0355108
-0.026886
-0.0185746
-0.0123023
-0.00661023
-0.00345656
-0.00012143
-0.282881
-0.281671
-0.283203
-0.283015
-0.2813
-0.277089
-0.271133
-0.26373
-0.254463
-0.243248
-0.230212
-0.215471
-0.199046
-0.181451
-0.162839
-0.144056
-0.125514
-0.108008
-0.0920286
-0.0776859
-0.0653481
-0.0544235
-0.0447694
-0.0351349
-0.026539
-0.0182404
-0.0120153
-0.00636174
-0.00329924
-2.25606e-05
-0.286845
-0.286448
-0.287936
-0.286911
-0.284511
-0.279615
-0.273406
-0.265067
-0.255251
-0.243574
-0.230162
-0.215084
-0.198371
-0.180545
-0.161747
-0.142851
-0.124252
-0.106774
-0.090873
-0.0766508
-0.0644665
-0.0536928
-0.0441631
-0.0345975
-0.0260667
-0.0178118
-0.0116661
-0.00607282
-0.00312265
8.69442e-05
-0.291061
-0.290429
-0.291416
-0.28948
-0.286468
-0.280959
-0.274297
-0.265844
-0.255792
-0.243832
-0.230162
-0.21483
-0.197881
-0.179846
-0.160861
-0.141844
-0.123165
-0.105685
-0.0898266
-0.0756946
-0.0636349
-0.0529925
-0.0435706
-0.0340658
-0.025593
-0.0173801
-0.0113128
-0.00578138
-0.00294486
0.000197414
-0.295109
-0.294137
-0.294757
-0.292036
-0.28858
-0.282645
-0.275625
-0.26664
-0.256237
-0.243961
-0.230038
-0.214465
-0.197302
-0.179087
-0.159943
-0.140829
-0.122088
-0.10462
-0.0888119
-0.0747726
-0.0628366
-0.0523205
-0.0430009
-0.0335524
-0.0251342
-0.0169611
-0.010969
-0.00549741
-0.00277061
0.000306434
-0.298941
-0.297306
-0.297512
-0.293971
-0.290035
-0.283505
-0.27634
-0.267086
-0.256468
-0.24395
-0.229822
-0.214043
-0.196695
-0.178318
-0.15903
-0.139831
-0.121037
-0.103584
-0.087826
-0.0738776
-0.0620611
-0.0516665
-0.0424438
-0.0330492
-0.0246842
-0.0165511
-0.0106333
-0.00522104
-0.00260061
0.000413081
-0.302616
-0.299846
-0.299754
-0.295509
-0.291298
-0.284474
-0.276979
-0.267387
-0.25655
-0.243808
-0.229505
-0.213547
-0.196044
-0.177531
-0.158124
-0.138857
-0.12002
-0.102589
-0.0868805
-0.0730202
-0.0613167
-0.0510359
-0.0419029
-0.0325587
-0.0242448
-0.016152
-0.0103069
-0.00495346
-0.00243556
0.000516574
-0.305999
-0.301796
-0.301468
-0.296576
-0.292108
-0.284913
-0.277263
-0.267448
-0.256459
-0.243536
-0.229093
-0.212987
-0.195356
-0.176731
-0.157226
-0.137909
-0.119041
-0.101638
-0.08598
-0.0722047
-0.0606071
-0.0504313
-0.04138
-0.0320832
-0.0238184
-0.0157664
-0.00999211
-0.00469663
-0.00227653
0.00061598
-0.309171
-0.303084
-0.302725
-0.297252
-0.292637
-0.285208
-0.277384
-0.267348
-0.256229
-0.243151
-0.228595
-0.212368
-0.194635
-0.175922
-0.156343
-0.136993
-0.118107
-0.100738
-0.0851297
-0.0714359
-0.059936
-0.0498554
-0.0408771
-0.0316244
-0.0234071
-0.0153966
-0.00969084
-0.00445241
-0.00212459
0.000710343
-0.311898
-0.303771
-0.303582
-0.297615
-0.292927
-0.285215
-0.277287
-0.267088
-0.255872
-0.242669
-0.228027
-0.2117
-0.19389
-0.175113
-0.155481
-0.136114
-0.117222
-0.099893
-0.0843345
-0.0707182
-0.0593069
-0.0493107
-0.0403962
-0.0311845
-0.0230128
-0.0150448
-0.00940506
-0.00422252
-0.00198074
0.000798766
-0.313783
-0.304055
-0.304136
-0.297682
-0.29298
-0.285061
-0.277057
-0.266708
-0.255421
-0.242109
-0.227403
-0.210997
-0.193133
-0.17431
-0.154645
-0.135277
-0.116391
-0.0991072
-0.0835985
-0.0700555
-0.0587233
-0.0487999
-0.0399394
-0.0307656
-0.0226379
-0.0147133
-0.00913659
-0.00400852
-0.0018459
0.000880448
-0.314801
-0.304084
-0.304421
-0.297543
-0.292885
-0.284748
-0.276708
-0.266233
-0.254898
-0.241497
-0.226743
-0.210276
-0.192375
-0.173524
-0.153844
-0.134487
-0.115619
-0.0983842
-0.0829251
-0.0694508
-0.0581877
-0.0483253
-0.0395092
-0.0303701
-0.0222846
-0.0144041
-0.00888711
-0.00381177
-0.00172092
0.000954723
-0.315139
-0.303966
-0.304479
-0.29726
-0.292651
-0.284341
-0.276287
-0.265699
-0.25433
-0.240853
-0.226066
-0.209553
-0.19163
-0.172765
-0.153084
-0.13375
-0.11491
-0.097727
-0.0823169
-0.0689064
-0.0577027
-0.0478894
-0.039108
-0.0300005
-0.0219553
-0.0141191
-0.00865814
-0.0036334
-0.00160652
0.0010211
-0.315086
-0.3037
-0.304396
-0.296861
-0.292344
-0.283868
-0.275811
-0.265135
-0.253739
-0.240205
-0.225393
-0.208845
-0.190912
-0.172045
-0.152375
-0.133072
-0.114266
-0.0971378
-0.0817756
-0.0684239
-0.0572699
-0.0474944
-0.0387388
-0.0296597
-0.0216524
-0.0138603
-0.00845101
-0.00347424
-0.00150333
0.00107929
-0.314665
-0.303386
-0.304155
-0.296422
-0.291976
-0.283363
-0.275335
-0.26456
-0.25316
-0.239567
-0.224741
-0.208171
-0.190237
-0.171374
-0.151725
-0.132458
-0.113693
-0.0966182
-0.0813023
-0.068004
-0.0568906
-0.0471425
-0.0384046
-0.0293506
-0.0213784
-0.0136292
-0.00826691
-0.00333485
-0.00141189
0.00112919
-0.313961
-0.303115
-0.303789
-0.296012
-0.291551
-0.282897
-0.274828
-0.26403
-0.252596
-0.238978
-0.224139
-0.207548
-0.189615
-0.170766
-0.151144
-0.131916
-0.113193
-0.0961699
-0.0808974
-0.0676466
-0.0565655
-0.0468358
-0.0381087
-0.0290765
-0.0211361
-0.0134275
-0.00810687
-0.00321554
-0.00133265
0.00117094
-0.313239
-0.302724
-0.303442
-0.295575
-0.291157
-0.282436
-0.274381
-0.263533
-0.252089
-0.238443
-0.223591
-0.206996
-0.189074
-0.170235
-0.150638
-0.13145
-0.112769
-0.0957938
-0.0805608
-0.0673511
-0.0562949
-0.0465763
-0.0378546
-0.0288407
-0.0209283
-0.0132567
-0.00797182
-0.0031164
-0.00126599
0.00120478
-0.312529
-0.302347
-0.30311
-0.29519
-0.290802
-0.282042
-0.273984
-0.263109
-0.251654
-0.237988
-0.223131
-0.206527
-0.188613
-0.169791
-0.150224
-0.131067
-0.112425
-0.0954912
-0.0802922
-0.0671165
-0.0560789
-0.0463659
-0.0376459
-0.0286466
-0.0207578
-0.013118
-0.00786259
-0.00303739
-0.00121223
0.00123112
-0.311912
-0.302002
-0.302838
-0.294863
-0.290522
-0.28172
-0.273669
-0.262771
-0.25131
-0.23763
-0.222768
-0.206161
-0.188256
-0.169445
-0.149902
-0.130776
-0.112163
-0.0952629
-0.0800913
-0.0669419
-0.0559173
-0.0462065
-0.0374859
-0.0284977
-0.0206271
-0.0130127
-0.00777993
-0.00297834
-0.00117166
0.00125038
-0.31146
-0.301747
-0.302644
-0.294632
-0.29032
-0.281496
-0.273449
-0.262536
-0.251071
-0.237382
-0.222518
-0.205909
-0.188011
-0.169209
-0.149683
-0.130576
-0.111988
-0.09511
-0.0799573
-0.0668261
-0.0558098
-0.0460994
-0.0373775
-0.0283966
-0.0205385
-0.0129418
-0.00772442
-0.0029391
-0.00114448
0.00126295
-0.311219
-0.301609
-0.302543
-0.29451
-0.290217
-0.28138
-0.273336
-0.262416
-0.250949
-0.237255
-0.222391
-0.205781
-0.187886
-0.169089
-0.149573
-0.130475
-0.111899
-0.095033
-0.0798902
-0.0667684
-0.0557563
-0.0460458
-0.0373229
-0.0283456
-0.0204938
-0.0129062
-0.00769653
-0.00291951
-0.00113086
0.00126914
)
;

boundaryField
{
    inlet
    {
        type            zeroGradient;
    }
    outlet
    {
        type            fixedValue;
        value           uniform 0;
    }
    cylinder
    {
        type            zeroGradient;
    }
    top
    {
        type            symmetryPlane;
    }
    bottom
    {
        type            symmetryPlane;
    }
    defaultFaces
    {
        type            empty;
    }
}


// ************************************************************************* //
