/*--------------------------------*- C++ -*----------------------------------*\
  =========                 |
  \\      /  F ield         | OpenFOAM: The Open Source CFD Toolbox
   \\    /   O peration     | Website:  https://openfoam.org
    \\  /    A nd           | Version:  9
     \\/     M anipulation  |
\*---------------------------------------------------------------------------*/
FoamFile
{
    format      ascii;
    class       volScalarField;
    location    "7.2";
    object      p;
}
// * * * * * * * * * * * * * * * * * * * * * * * * * * * * * * * * * * * * * //

dimensions      [0 2 -2 0 0 0 0];

internalField   nonuniform List<scalar> 
8500
(
-0.339173
-0.347435
-0.343367
-0.337517
-0.327944
-0.315865
-0.302372
-0.285767
-0.272297
-0.25161
-0.340056
-0.348027
-0.343886
-0.337939
-0.328316
-0.316185
-0.302676
-0.285924
-0.272628
-0.251299
-0.341814
-0.349206
-0.344917
-0.338777
-0.329051
-0.316822
-0.303296
-0.286286
-0.273228
-0.250679
-0.344426
-0.350958
-0.346448
-0.340018
-0.330135
-0.317761
-0.304227
-0.286836
-0.274083
-0.249762
-0.347867
-0.353265
-0.348459
-0.341642
-0.33155
-0.318975
-0.30529
-0.287644
-0.275211
-0.248569
-0.352102
-0.356105
-0.350926
-0.343626
-0.333269
-0.32046
-0.306596
-0.288564
-0.276583
-0.247128
-0.357091
-0.359448
-0.353823
-0.345944
-0.335262
-0.322175
-0.308125
-0.289583
-0.27816
-0.245474
-0.362789
-0.363268
-0.35712
-0.348565
-0.3375
-0.324084
-0.309827
-0.290695
-0.279897
-0.243654
-0.369145
-0.367532
-0.360787
-0.351461
-0.339955
-0.326157
-0.311666
-0.291886
-0.281741
-0.241724
-0.376121
-0.372197
-0.364794
-0.354604
-0.342598
-0.328367
-0.313607
-0.293142
-0.283632
-0.239749
-0.383693
-0.377218
-0.369105
-0.357966
-0.345401
-0.330689
-0.315616
-0.294453
-0.285501
-0.237804
-0.391722
-0.382628
-0.373697
-0.361525
-0.348343
-0.333103
-0.317664
-0.295814
-0.287275
-0.235971
-0.400226
-0.38835
-0.378544
-0.36526
-0.351404
-0.335592
-0.319722
-0.297224
-0.288874
-0.234334
-0.409159
-0.394357
-0.383625
-0.369158
-0.354571
-0.338143
-0.321768
-0.298687
-0.290215
-0.232973
-0.418473
-0.400628
-0.388921
-0.373205
-0.357835
-0.340749
-0.323779
-0.300203
-0.291214
-0.231982
-0.428128
-0.407141
-0.394418
-0.377395
-0.361188
-0.343403
-0.325739
-0.301773
-0.29179
-0.231457
-0.438086
-0.413875
-0.400102
-0.381721
-0.364628
-0.346096
-0.327632
-0.303396
-0.291837
-0.231359
-0.44831
-0.420809
-0.405961
-0.386177
-0.368149
-0.348821
-0.329453
-0.305078
-0.291202
-0.231378
-0.458762
-0.427921
-0.411981
-0.390758
-0.371744
-0.351561
-0.331203
-0.306833
-0.289815
-0.232204
-0.469401
-0.435189
-0.418149
-0.395454
-0.375402
-0.354292
-0.332874
-0.308581
-0.288062
-0.239313
-0.480185
-0.442588
-0.424446
-0.400249
-0.379102
-0.356977
-0.334422
-0.310049
-0.286671
-0.258909
-0.491065
-0.450087
-0.430849
-0.405123
-0.382815
-0.359567
-0.335783
-0.311025
-0.285099
-0.264199
-0.501984
-0.45765
-0.437326
-0.410042
-0.386498
-0.362006
-0.336889
-0.31139
-0.283271
-0.264678
-0.512878
-0.465236
-0.443837
-0.414967
-0.3901
-0.364229
-0.337668
-0.311115
-0.281196
-0.263145
-0.523673
-0.472794
-0.450334
-0.419841
-0.393555
-0.36616
-0.33804
-0.31018
-0.278743
-0.260044
-0.534284
-0.480262
-0.456753
-0.424598
-0.396783
-0.367717
-0.337921
-0.308562
-0.2758
-0.255742
-0.544615
-0.487571
-0.463022
-0.429158
-0.399695
-0.368809
-0.337229
-0.306234
-0.272294
-0.250551
-0.554558
-0.494639
-0.469054
-0.433428
-0.402187
-0.369339
-0.335881
-0.30317
-0.26817
-0.244664
-0.563991
-0.501372
-0.474748
-0.4373
-0.40415
-0.36921
-0.333798
-0.299344
-0.263388
-0.23819
-0.572783
-0.507666
-0.479992
-0.440658
-0.405466
-0.36832
-0.330908
-0.29473
-0.25792
-0.231186
-0.580792
-0.513406
-0.484663
-0.443373
-0.406013
-0.366572
-0.327146
-0.289304
-0.251747
-0.223673
-0.587864
-0.518466
-0.488624
-0.445312
-0.405667
-0.363873
-0.322453
-0.283046
-0.244859
-0.215654
-0.593839
-0.522709
-0.491733
-0.446335
-0.404306
-0.360133
-0.316778
-0.275938
-0.237247
-0.207122
-0.59855
-0.525993
-0.493838
-0.446297
-0.401811
-0.355274
-0.310081
-0.267967
-0.228911
-0.198066
-0.601824
-0.528167
-0.494784
-0.445058
-0.398071
-0.349225
-0.302328
-0.259123
-0.21985
-0.188476
-0.603488
-0.529076
-0.494413
-0.442479
-0.392983
-0.341927
-0.293494
-0.249401
-0.210067
-0.178344
-0.603367
-0.528562
-0.492567
-0.438425
-0.386453
-0.333331
-0.283563
-0.2388
-0.199567
-0.167664
-0.60129
-0.526468
-0.489094
-0.432774
-0.378404
-0.323399
-0.272525
-0.227322
-0.188358
-0.156434
-0.597093
-0.52264
-0.483847
-0.425414
-0.368767
-0.312105
-0.260378
-0.214974
-0.176448
-0.144658
-0.590618
-0.516927
-0.476691
-0.416245
-0.357493
-0.299436
-0.247127
-0.201765
-0.163851
-0.132343
-0.581719
-0.509188
-0.467501
-0.405186
-0.344544
-0.285386
-0.232785
-0.187711
-0.15058
-0.119501
-0.570266
-0.499295
-0.456169
-0.392173
-0.329901
-0.269965
-0.21737
-0.172829
-0.136654
-0.106146
-0.556143
-0.487131
-0.442607
-0.377158
-0.313557
-0.253189
-0.200907
-0.157142
-0.122088
-0.0922894
-0.539254
-0.472597
-0.426744
-0.360115
-0.295525
-0.235087
-0.183428
-0.140679
-0.106911
-0.0779143
-0.519527
-0.455613
-0.408532
-0.341038
-0.275828
-0.215697
-0.16497
-0.123468
-0.0911764
-0.0629971
-0.496911
-0.43612
-0.387947
-0.31994
-0.254506
-0.195066
-0.145569
-0.105517
-0.0749575
-0.0476401
-0.47138
-0.414082
-0.364989
-0.296854
-0.231615
-0.173248
-0.125262
-0.0868554
-0.0581906
-0.0320222
-0.442936
-0.38949
-0.339682
-0.271834
-0.207221
-0.1503
-0.104114
-0.067725
-0.0407961
-0.0160827
-0.411608
-0.362358
-0.312076
-0.244955
-0.181403
-0.126294
-0.0822441
-0.047986
-0.0229593
0.000172795
-0.377455
-0.332727
-0.282242
-0.216309
-0.154254
-0.10135
-0.0596405
-0.0277242
-0.00473196
0.016706
-0.340561
-0.300666
-0.25029
-0.186001
-0.125876
-0.075525
-0.0364065
-0.00700302
0.0138424
0.0334691
-0.301043
-0.266278
-0.216382
-0.154109
-0.096381
-0.0489137
-0.0126223
0.0141143
0.032714
0.0504087
-0.259048
-0.229713
-0.180658
-0.120745
-0.065893
-0.0216215
0.0116298
0.0355593
0.0518298
0.0674646
-0.21475
-0.191136
-0.142932
-0.0863394
-0.0345492
0.00624414
0.0362619
0.0572595
0.0711331
0.0845688
-0.168314
-0.15068
-0.103752
-0.0508124
-0.00248633
0.0345693
0.0611811
0.0791388
0.0905639
0.101645
-0.119906
-0.10855
-0.0633463
-0.01435
0.0301471
0.063236
0.0862907
0.101118
0.110063
0.118611
-0.0699803
-0.0648725
-0.0218462
0.0228448
0.0631982
0.0921221
0.11149
0.12312
0.129582
0.135367
-0.0186936
-0.0199669
0.0205299
0.0605757
0.0965107
0.121102
0.136676
0.145073
0.149086
0.151712
0.033688
0.0258992
0.0635421
0.0986425
0.129925
0.150045
0.161745
0.166909
0.168474
0.167307
0.0868516
0.0724599
0.106945
0.13684
0.163277
0.178822
0.186593
0.188539
0.187477
0.18187
0.140475
0.119433
0.150487
0.174959
0.196403
0.207302
0.21112
0.209843
0.205752
0.195798
0.194229
0.166525
0.19391
0.212791
0.229137
0.235353
0.235219
0.23071
0.223845
0.211319
0.247775
0.213435
0.236955
0.250126
0.261314
0.262845
0.258783
0.251036
0.241423
0.226963
0.300771
0.259861
0.27936
0.286756
0.292771
0.289649
0.281709
0.270748
0.258395
0.242178
0.35287
0.305496
0.320865
0.322475
0.323347
0.315638
0.303893
0.289775
0.27474
0.256817
0.403729
0.350037
0.361216
0.357081
0.352883
0.340688
0.325237
0.308041
0.290411
0.270828
0.453007
0.393184
0.400162
0.390379
0.381228
0.36468
0.345645
0.325472
0.305352
0.284156
0.50037
0.434644
0.43746
0.422177
0.408233
0.387497
0.365025
0.341998
0.319508
0.296745
0.545494
0.474135
0.472876
0.452296
0.433757
0.409028
0.383288
0.357549
0.332822
0.30855
0.588067
0.511384
0.506189
0.480561
0.457665
0.429168
0.400351
0.372059
0.345242
0.319528
0.627795
0.546135
0.537189
0.506809
0.47983
0.447816
0.416134
0.385468
0.356716
0.32964
0.664399
0.578144
0.565679
0.530889
0.500134
0.464881
0.430563
0.397715
0.367195
0.338851
0.697622
0.60719
0.59148
0.552661
0.518468
0.480275
0.443569
0.408746
0.376634
0.347128
0.727229
0.633068
0.614426
0.571998
0.534735
0.493922
0.455092
0.418513
0.38499
0.35444
0.75301
0.655599
0.634374
0.588788
0.548845
0.505752
0.465075
0.42697
0.392225
0.360759
0.774782
0.674622
0.651195
0.602933
0.560722
0.515705
0.473469
0.434078
0.398307
0.366063
0.79239
0.690004
0.664782
0.61435
0.570303
0.523729
0.480235
0.439805
0.403207
0.370331
0.805708
0.701636
0.675049
0.622971
0.577535
0.529784
0.485339
0.444124
0.406902
0.373547
0.81464
0.709437
0.681931
0.628747
0.582378
0.533838
0.488755
0.447015
0.409376
0.375697
0.819121
0.713352
0.685382
0.631644
0.584807
0.535871
0.490467
0.448464
0.410615
0.376775
0.819122
0.713352
0.685382
0.631644
0.584807
0.535871
0.490467
0.448464
0.410615
0.376775
0.81464
0.709437
0.681931
0.628747
0.582378
0.533838
0.488755
0.447015
0.409376
0.375697
0.805708
0.701636
0.675049
0.622971
0.577535
0.529784
0.485339
0.444124
0.406902
0.373547
0.79239
0.690004
0.664782
0.61435
0.570303
0.523729
0.480235
0.439805
0.403207
0.370331
0.774782
0.674622
0.651195
0.602933
0.560722
0.515705
0.473469
0.434078
0.398307
0.366063
0.75301
0.655599
0.634374
0.588788
0.548845
0.505752
0.465075
0.42697
0.392225
0.360759
0.727229
0.633069
0.614426
0.571998
0.534735
0.493922
0.455092
0.418513
0.38499
0.35444
0.697622
0.60719
0.59148
0.552661
0.518468
0.480275
0.443569
0.408746
0.376634
0.347128
0.664399
0.578144
0.565679
0.530889
0.500134
0.464881
0.430563
0.397715
0.367195
0.338851
0.627795
0.546135
0.537189
0.506809
0.47983
0.447816
0.416134
0.385468
0.356716
0.32964
0.588067
0.511384
0.506189
0.480561
0.457665
0.429168
0.400351
0.37206
0.345242
0.319528
0.545494
0.474135
0.472876
0.452296
0.433757
0.409028
0.383288
0.357549
0.332822
0.30855
0.50037
0.434644
0.43746
0.422178
0.408233
0.387497
0.365025
0.341998
0.319508
0.296745
0.453007
0.393184
0.400162
0.390379
0.381228
0.36468
0.345645
0.325472
0.305352
0.284156
0.40373
0.350037
0.361216
0.357081
0.352883
0.340688
0.325237
0.308041
0.290411
0.270828
0.35287
0.305496
0.320865
0.322475
0.323347
0.315638
0.303893
0.289775
0.27474
0.256817
0.300771
0.259861
0.27936
0.286756
0.292771
0.289649
0.281709
0.270748
0.258395
0.242178
0.247775
0.213435
0.236955
0.250126
0.261314
0.262845
0.258783
0.251036
0.241423
0.226963
0.194229
0.166525
0.19391
0.212791
0.229137
0.235353
0.235219
0.23071
0.223845
0.21132
0.140475
0.119433
0.150487
0.174959
0.196403
0.207302
0.21112
0.209843
0.205752
0.195798
0.0868517
0.0724599
0.106945
0.13684
0.163277
0.178823
0.186593
0.188539
0.187477
0.181871
0.0336881
0.0258993
0.0635421
0.0986426
0.129925
0.150045
0.161745
0.166909
0.168474
0.167307
-0.0186936
-0.0199669
0.02053
0.0605758
0.0965108
0.121102
0.136676
0.145073
0.149086
0.151712
-0.0699802
-0.0648724
-0.0218461
0.0228449
0.0631983
0.0921222
0.11149
0.12312
0.129582
0.135367
-0.119906
-0.10855
-0.0633463
-0.0143499
0.0301472
0.0632361
0.0862907
0.101118
0.110063
0.118612
-0.168314
-0.15068
-0.103752
-0.0508123
-0.00248625
0.0345694
0.0611812
0.0791389
0.090564
0.101645
-0.21475
-0.191136
-0.142932
-0.0863393
-0.0345491
0.00624421
0.0362619
0.0572596
0.0711332
0.0845689
-0.259048
-0.229713
-0.180658
-0.120744
-0.065893
-0.0216215
0.0116299
0.0355594
0.0518299
0.0674647
-0.301043
-0.266278
-0.216382
-0.154109
-0.0963809
-0.0489136
-0.0126222
0.0141144
0.0327141
0.0504088
-0.340561
-0.300666
-0.25029
-0.186001
-0.125876
-0.0755249
-0.0364064
-0.00700293
0.0138425
0.0334692
-0.377455
-0.332727
-0.282242
-0.216309
-0.154254
-0.10135
-0.0596404
-0.0277241
-0.00473186
0.0167061
-0.411608
-0.362358
-0.312076
-0.244955
-0.181403
-0.126293
-0.082244
-0.0479859
-0.0229592
0.000172902
-0.442935
-0.38949
-0.339682
-0.271834
-0.207221
-0.1503
-0.104114
-0.0677249
-0.040796
-0.0160826
-0.47138
-0.414082
-0.364989
-0.296854
-0.231615
-0.173248
-0.125262
-0.0868553
-0.0581905
-0.0320221
-0.496911
-0.43612
-0.387947
-0.319939
-0.254506
-0.195066
-0.145568
-0.105517
-0.0749574
-0.04764
-0.519527
-0.455613
-0.408532
-0.341038
-0.275828
-0.215697
-0.16497
-0.123468
-0.0911763
-0.062997
-0.539254
-0.472597
-0.426743
-0.360115
-0.295525
-0.235087
-0.183428
-0.140679
-0.106911
-0.0779142
-0.556142
-0.487131
-0.442607
-0.377158
-0.313557
-0.253189
-0.200907
-0.157142
-0.122088
-0.0922893
-0.570265
-0.499295
-0.456169
-0.392173
-0.329901
-0.269965
-0.21737
-0.172829
-0.136653
-0.106146
-0.581719
-0.509188
-0.467501
-0.405186
-0.344544
-0.285386
-0.232785
-0.187711
-0.15058
-0.119501
-0.590617
-0.516926
-0.476691
-0.416245
-0.357493
-0.299436
-0.247127
-0.201765
-0.163851
-0.132343
-0.597093
-0.522639
-0.483847
-0.425413
-0.368767
-0.312105
-0.260378
-0.214974
-0.176448
-0.144658
-0.60129
-0.526468
-0.489094
-0.432774
-0.378404
-0.323399
-0.272525
-0.227322
-0.188358
-0.156434
-0.603367
-0.528562
-0.492567
-0.438425
-0.386453
-0.333331
-0.283563
-0.2388
-0.199567
-0.167664
-0.603488
-0.529076
-0.494412
-0.442478
-0.392983
-0.341927
-0.293494
-0.249401
-0.210067
-0.178344
-0.601824
-0.528167
-0.494784
-0.445058
-0.398071
-0.349225
-0.302328
-0.259123
-0.21985
-0.188476
-0.59855
-0.525993
-0.493838
-0.446297
-0.401811
-0.355274
-0.310081
-0.267967
-0.228911
-0.198066
-0.593839
-0.522709
-0.491733
-0.446335
-0.404306
-0.360133
-0.316778
-0.275938
-0.237247
-0.207122
-0.587864
-0.518465
-0.488624
-0.445312
-0.405667
-0.363873
-0.322452
-0.283046
-0.244858
-0.215654
-0.580792
-0.513406
-0.484663
-0.443373
-0.406012
-0.366572
-0.327146
-0.289304
-0.251747
-0.223673
-0.572783
-0.507666
-0.479992
-0.440657
-0.405466
-0.36832
-0.330908
-0.29473
-0.25792
-0.231186
-0.563991
-0.501372
-0.474748
-0.4373
-0.40415
-0.36921
-0.333798
-0.299344
-0.263388
-0.23819
-0.554558
-0.494639
-0.469054
-0.433428
-0.402187
-0.369339
-0.335881
-0.30317
-0.26817
-0.244663
-0.544615
-0.487571
-0.463022
-0.429158
-0.399695
-0.368808
-0.337229
-0.306234
-0.272294
-0.250551
-0.534284
-0.480262
-0.456753
-0.424598
-0.396783
-0.367717
-0.337921
-0.308562
-0.2758
-0.255742
-0.523673
-0.472794
-0.450334
-0.419841
-0.393555
-0.36616
-0.338039
-0.31018
-0.278742
-0.260044
-0.512878
-0.465236
-0.443837
-0.414966
-0.3901
-0.364229
-0.337668
-0.311114
-0.281196
-0.263145
-0.501984
-0.45765
-0.437325
-0.410042
-0.386498
-0.362006
-0.336889
-0.31139
-0.283271
-0.264678
-0.491065
-0.450086
-0.430849
-0.405123
-0.382814
-0.359567
-0.335783
-0.311025
-0.285099
-0.264199
-0.480185
-0.442588
-0.424446
-0.400249
-0.379102
-0.356976
-0.334422
-0.310049
-0.286671
-0.258909
-0.469401
-0.435189
-0.418149
-0.395454
-0.375402
-0.354292
-0.332874
-0.308581
-0.288062
-0.239313
-0.458762
-0.427921
-0.411981
-0.390758
-0.371744
-0.351561
-0.331203
-0.306833
-0.289814
-0.232203
-0.44831
-0.420809
-0.405961
-0.386177
-0.368149
-0.348821
-0.329453
-0.305078
-0.291202
-0.231378
-0.438086
-0.413875
-0.400102
-0.381721
-0.364628
-0.346096
-0.327632
-0.303396
-0.291837
-0.231359
-0.428128
-0.407141
-0.394418
-0.377395
-0.361188
-0.343403
-0.325739
-0.301773
-0.29179
-0.231457
-0.418473
-0.400628
-0.388921
-0.373205
-0.357835
-0.340749
-0.323779
-0.300203
-0.291214
-0.231982
-0.409159
-0.394357
-0.383625
-0.369158
-0.354571
-0.338143
-0.321768
-0.298687
-0.290215
-0.232973
-0.400225
-0.38835
-0.378544
-0.36526
-0.351404
-0.335592
-0.319722
-0.297224
-0.288874
-0.234334
-0.391722
-0.382628
-0.373697
-0.361525
-0.348343
-0.333103
-0.317664
-0.295814
-0.287275
-0.235971
-0.383693
-0.377218
-0.369105
-0.357966
-0.345401
-0.330689
-0.315616
-0.294452
-0.285501
-0.237804
-0.376121
-0.372197
-0.364794
-0.354604
-0.342598
-0.328367
-0.313607
-0.293142
-0.283632
-0.239749
-0.369145
-0.367532
-0.360787
-0.351461
-0.339955
-0.326157
-0.311666
-0.291886
-0.281741
-0.241724
-0.362789
-0.363268
-0.35712
-0.348565
-0.3375
-0.324084
-0.309827
-0.290695
-0.279897
-0.243654
-0.357091
-0.359448
-0.353823
-0.345944
-0.335262
-0.322175
-0.308124
-0.289583
-0.27816
-0.245474
-0.352102
-0.356104
-0.350926
-0.343626
-0.333269
-0.32046
-0.306596
-0.288564
-0.276583
-0.247128
-0.347867
-0.353265
-0.348459
-0.341642
-0.33155
-0.318975
-0.305289
-0.287644
-0.275211
-0.248569
-0.344426
-0.350958
-0.346448
-0.340018
-0.330135
-0.317761
-0.304227
-0.286836
-0.274083
-0.249762
-0.341814
-0.349206
-0.344917
-0.338777
-0.329051
-0.316822
-0.303296
-0.286286
-0.273228
-0.250679
-0.340056
-0.348027
-0.343886
-0.337939
-0.328316
-0.316185
-0.302676
-0.285924
-0.272628
-0.251299
-0.339173
-0.347435
-0.343367
-0.337517
-0.327944
-0.315865
-0.302372
-0.285767
-0.272297
-0.25161
-0.244245
-0.237323
-0.229902
-0.222284
-0.214323
-0.206021
-0.1974
-0.188465
-0.179223
-0.169682
-0.159857
-0.149762
-0.13942
-0.128857
-0.118108
-0.107213
-0.0962247
-0.0852024
-0.0742362
-0.0633832
-0.0528482
-0.0425271
-0.0330979
-0.0235314
-0.0164837
-0.00704779
-0.00530348
0.00738461
-0.00372484
0.0230293
-0.244768
-0.237721
-0.230212
-0.22257
-0.21459
-0.206271
-0.19764
-0.188698
-0.179449
-0.169904
-0.160075
-0.149978
-0.139633
-0.129069
-0.118317
-0.10742
-0.0964297
-0.085404
-0.0744337
-0.0635751
-0.0530334
-0.042704
-0.0332646
-0.0236884
-0.0166244
-0.00718401
-0.00540583
0.00725964
-0.00375856
0.0228767
-0.245804
-0.238511
-0.230828
-0.223137
-0.215118
-0.206768
-0.198115
-0.189156
-0.179896
-0.170342
-0.160505
-0.150402
-0.140054
-0.129485
-0.11873
-0.107829
-0.0968339
-0.085802
-0.0748236
-0.0639542
-0.0533991
-0.0430535
-0.0335941
-0.0239988
-0.0169027
-0.00745363
-0.00560845
0.00701209
-0.00382513
0.0225742
-0.247333
-0.239682
-0.231742
-0.223977
-0.2159
-0.2075
-0.198813
-0.18983
-0.180551
-0.170983
-0.161136
-0.151025
-0.140669
-0.130095
-0.119335
-0.108429
-0.0974266
-0.0863857
-0.0753956
-0.0645107
-0.0539366
-0.0435675
-0.0340789
-0.0244561
-0.0173127
-0.00785118
-0.00590722
0.00664663
-0.00392284
0.0221267
-0.249316
-0.241222
-0.232939
-0.225076
-0.21692
-0.208453
-0.199719
-0.190703
-0.181399
-0.171811
-0.16195
-0.151827
-0.141463
-0.130882
-0.120116
-0.109203
-0.098192
-0.0871401
-0.0761355
-0.0652312
-0.0546329
-0.0442341
-0.0347084
-0.0250502
-0.0178459
-0.00836877
-0.00629624
0.00617002
-0.00404925
0.0215416
-0.2517
-0.243108
-0.234401
-0.226413
-0.218159
-0.209606
-0.200813
-0.191754
-0.182417
-0.172805
-0.162924
-0.152788
-0.142414
-0.131825
-0.121051
-0.11013
-0.0991108
-0.0880464
-0.0770254
-0.0660986
-0.0554723
-0.0450385
-0.0354689
-0.0257692
-0.0184917
-0.0089965
-0.00676807
0.00559076
-0.00420133
0.0208284
-0.254413
-0.245307
-0.236102
-0.227964
-0.219594
-0.210937
-0.20207
-0.192957
-0.183579
-0.173937
-0.164035
-0.153883
-0.143497
-0.132899
-0.122118
-0.11119
-0.100161
-0.0890831
-0.0780445
-0.0670934
-0.0564363
-0.045964
-0.0363451
-0.0265988
-0.0192377
-0.00972289
-0.00731402
0.00491878
-0.00437561
0.0199984
-0.257389
-0.247773
-0.238006
-0.229699
-0.221195
-0.212415
-0.20346
-0.194283
-0.184858
-0.175181
-0.165253
-0.155083
-0.144685
-0.134079
-0.123291
-0.112355
-0.101317
-0.090227
-0.0791707
-0.0681946
-0.0575051
-0.0469919
-0.0373198
-0.0275237
-0.0200703
-0.0105353
-0.00792458
0.004165
-0.00456834
0.0190646
-0.26056
-0.250451
-0.240071
-0.231577
-0.222927
-0.214007
-0.204951
-0.195701
-0.186221
-0.176504
-0.166549
-0.156361
-0.145951
-0.135336
-0.124543
-0.113601
-0.102556
-0.0914542
-0.0803811
-0.0693804
-0.0586583
-0.0481034
-0.0383757
-0.0285278
-0.0209756
-0.0114207
-0.00858974
0.00334097
-0.0047757
0.0180407
-0.263789
-0.253262
-0.242245
-0.233555
-0.224748
-0.215676
-0.206507
-0.197175
-0.187635
-0.177876
-0.167893
-0.157686
-0.147265
-0.136645
-0.125848
-0.114903
-0.103852
-0.092741
-0.081653
-0.0706292
-0.0598754
-0.0492794
-0.0394952
-0.0295952
-0.0219391
-0.0123657
-0.00929933
0.00245845
-0.00499393
0.0169416
-0.266947
-0.256116
-0.244466
-0.235578
-0.22661
-0.217377
-0.208089
-0.19867
-0.189067
-0.179265
-0.169254
-0.159031
-0.148601
-0.137978
-0.12718
-0.116235
-0.105182
-0.0940647
-0.0829647
-0.0719204
-0.0611371
-0.0505017
-0.0406613
-0.0307102
-0.0229472
-0.0133574
-0.0100434
0.00152907
-0.0052195
0.0157823
-0.2699
-0.258903
-0.246657
-0.237583
-0.228457
-0.219064
-0.209655
-0.200148
-0.190483
-0.180639
-0.170603
-0.160367
-0.149934
-0.139311
-0.128517
-0.117576
-0.106525
-0.0954047
-0.0842963
-0.0732349
-0.0624251
-0.0517532
-0.0418583
-0.0318582
-0.0239867
-0.0143833
-0.0108125
0.000564031
-0.00544924
0.0145779
-0.272509
-0.261496
-0.248735
-0.239499
-0.230228
-0.220684
-0.21116
-0.20157
-0.191848
-0.181968
-0.171913
-0.161671
-0.151239
-0.140623
-0.129838
-0.118905
-0.107861
-0.0967425
-0.0856301
-0.0745559
-0.0637233
-0.0530187
-0.0430718
-0.033026
-0.0250457
-0.0154322
-0.0115978
-0.000426149
-0.00568041
0.0133431
-0.274636
-0.263757
-0.250602
-0.241246
-0.231852
-0.222181
-0.212559
-0.202899
-0.19313
-0.183226
-0.17316
-0.162919
-0.152496
-0.141894
-0.131124
-0.120206
-0.109174
-0.0980625
-0.086951
-0.0758687
-0.0650178
-0.0542848
-0.0442892
-0.0342017
-0.0261134
-0.0164938
-0.0123915
-0.00143179
-0.00591077
0.0120919
-0.276153
-0.265536
-0.252153
-0.242737
-0.233258
-0.2235
-0.213809
-0.2041
-0.194303
-0.184386
-0.174323
-0.164094
-0.153689
-0.143108
-0.132361
-0.121464
-0.110449
-0.0993511
-0.0882459
-0.0771607
-0.0662964
-0.05554
-0.0454994
-0.0353747
-0.0271801
-0.0175588
-0.0131863
-0.00244396
-0.00613857
0.0108377
-0.276977
-0.266699
-0.25329
-0.243881
-0.234367
-0.224579
-0.21486
-0.205133
-0.195332
-0.185424
-0.175379
-0.165175
-0.154799
-0.14425
-0.133533
-0.122665
-0.111676
-0.100596
-0.089503
-0.0784206
-0.0675481
-0.0567737
-0.0466924
-0.0365358
-0.0282373
-0.0186189
-0.0139759
-0.00345471
-0.00636256
0.00959245
-0.277039
-0.267098
-0.253889
-0.244555
-0.235077
-0.225343
-0.21566
-0.205962
-0.196193
-0.186321
-0.176315
-0.166152
-0.15582
-0.145313
-0.134637
-0.123806
-0.112849
-0.101795
-0.0907199
-0.0796459
-0.0687702
-0.057983
-0.0478651
-0.0376813
-0.0292815
-0.0196702
-0.0147574
-0.00445883
-0.00658231
0.00836623
-0.275803
-0.2663
-0.253807
-0.244727
-0.235416
-0.22585
-0.216275
-0.206652
-0.196947
-0.187133
-0.177182
-0.167073
-0.156793
-0.146335
-0.135705
-0.124915
-0.113994
-0.102969
-0.091915
-0.0808522
-0.0699758
-0.0591786
-0.0490261
-0.0388179
-0.0303177
-0.0207153
-0.0155328
-0.00545566
-0.00679871
0.0071662
-0.274498
-0.26499
-0.253455
-0.244556
-0.235429
-0.226085
-0.216659
-0.207145
-0.197531
-0.187796
-0.177917
-0.167875
-0.157658
-0.14726
-0.136685
-0.125945
-0.115067
-0.104077
-0.0930506
-0.0820052
-0.071134
-0.0603326
-0.050151
-0.039924
-0.0313285
-0.0217393
-0.0162924
-0.00643526
-0.00701177
0.00600387
-0.274039
-0.261031
-0.250321
-0.241645
-0.233054
-0.224336
-0.2154
-0.206269
-0.196962
-0.187476
-0.177806
-0.167943
-0.157881
-0.147618
-0.137163
-0.126527
-0.115739
-0.104827
-0.0938641
-0.08287
-0.0720349
-0.0612606
-0.051077
-0.0408627
-0.0321959
-0.0226505
-0.0169667
-0.00734008
-0.00721427
0.00491316
-0.243158
-0.25231
-0.24907
-0.24098
-0.232663
-0.224134
-0.215296
-0.206243
-0.197006
-0.187586
-0.17798
-0.16818
-0.15818
-0.147979
-0.137582
-0.127002
-0.116267
-0.105402
-0.0944789
-0.0835193
-0.0727055
-0.0619547
-0.0517623
-0.0415746
-0.0328382
-0.023365
-0.0174715
-0.00807427
-0.00738133
0.00398917
-0.238677
-0.244033
-0.242275
-0.235345
-0.227982
-0.220221
-0.211983
-0.203419
-0.194594
-0.185531
-0.176237
-0.166715
-0.156969
-0.147
-0.136817
-0.126436
-0.115885
-0.10519
-0.0944241
-0.0836095
-0.072921
-0.0622891
-0.0521765
-0.0420878
-0.0333496
-0.0239919
-0.0179235
-0.00878588
-0.00750137
0.00310061
-0.232835
-0.236238
-0.234959
-0.228948
-0.222355
-0.21529
-0.207655
-0.199612
-0.191246
-0.182588
-0.17366
-0.164472
-0.155032
-0.145348
-0.135434
-0.125305
-0.114991
-0.104522
-0.0939665
-0.0833515
-0.0728416
-0.0623823
-0.0523984
-0.0424582
-0.0337566
-0.024557
-0.0183304
-0.00949436
-0.00759209
0.00219171
-0.227421
-0.229045
-0.227785
-0.222557
-0.21662
-0.210176
-0.203118
-0.195589
-0.187684
-0.179442
-0.170891
-0.16205
-0.152931
-0.143547
-0.133914
-0.12405
-0.113987
-0.103755
-0.0934213
-0.083017
-0.0726958
-0.0624196
-0.0525733
-0.0427918
-0.0341334
-0.0251022
-0.0187199
-0.0101952
-0.00767253
0.00128104
-0.221847
-0.221913
-0.220466
-0.215919
-0.210601
-0.204751
-0.198269
-0.19127
-0.183848
-0.176048
-0.167901
-0.159432
-0.150658
-0.141595
-0.132263
-0.122682
-0.112885
-0.102905
-0.0928064
-0.0826244
-0.072502
-0.0624177
-0.0527166
-0.0431006
-0.0344907
-0.0256328
-0.0190981
-0.0108873
-0.00774774
0.00037719
-0.215474
-0.214628
-0.212909
-0.208945
-0.204219
-0.198942
-0.193036
-0.186582
-0.179666
-0.172334
-0.16462
-0.156551
-0.14815
-0.139435
-0.130428
-0.121153
-0.111644
-0.101934
-0.0920881
-0.0821445
-0.0722355
-0.0623562
-0.0528121
-0.0433716
-0.0348196
-0.0261414
-0.0194615
-0.0115655
-0.00781902
-0.000510474
-0.208252
-0.207068
-0.205113
-0.201653
-0.197501
-0.192781
-0.187441
-0.181539
-0.175144
-0.168301
-0.161044
-0.153401
-0.145397
-0.137054
-0.128397
-0.11945
-0.11025
-0.100831
-0.0912558
-0.0815673
-0.0718872
-0.0622267
-0.0528526
-0.0435978
-0.0351146
-0.0266218
-0.0198074
-0.0122238
-0.00788876
-0.00137097
-0.200283
-0.199165
-0.19708
-0.194074
-0.190481
-0.186307
-0.181522
-0.176171
-0.170308
-0.163969
-0.157187
-0.149991
-0.142408
-0.13446
-0.126174
-0.117577
-0.108705
-0.0995955
-0.0903091
-0.0808918
-0.0714557
-0.0620272
-0.0528357
-0.0437764
-0.0353735
-0.0270701
-0.0201345
-0.0128561
-0.00796008
-0.00219295
-0.191688
-0.190898
-0.188818
-0.186241
-0.18319
-0.179555
-0.175316
-0.170513
-0.165184
-0.159359
-0.153067
-0.146336
-0.139191
-0.131658
-0.123763
-0.115535
-0.107011
-0.0982296
-0.0892487
-0.0801182
-0.0709406
-0.0617565
-0.0527603
-0.043905
-0.0355944
-0.0274828
-0.020442
-0.0134569
-0.00803611
-0.00296558
-0.182606
-0.182294
-0.180353
-0.178195
-0.175673
-0.172567
-0.168862
-0.164599
-0.159804
-0.154498
-0.148706
-0.142452
-0.135761
-0.12866
-0.121174
-0.113333
-0.105174
-0.0967363
-0.0880766
-0.0792475
-0.0703422
-0.0614142
-0.0526254
-0.0439818
-0.0357758
-0.0278567
-0.0207291
-0.014021
-0.00811913
-0.00367937
-0.173188
-0.173416
-0.17173
-0.169989
-0.167976
-0.165387
-0.162206
-0.158473
-0.154207
-0.149419
-0.14413
-0.138362
-0.132137
-0.12548
-0.118418
-0.110979
-0.1032
-0.095121
-0.086797
-0.0782824
-0.0696622
-0.0610011
-0.0524311
-0.044006
-0.035917
-0.0281893
-0.0209954
-0.0145437
-0.00821083
-0.00432614
-0.163584
-0.164352
-0.163007
-0.161681
-0.160156
-0.15807
-0.155398
-0.152181
-0.148434
-0.14416
-0.139374
-0.134095
-0.128342
-0.122139
-0.11551
-0.108485
-0.101099
-0.0933919
-0.085416
-0.0772276
-0.068904
-0.060519
-0.0521786
-0.0439775
-0.0360177
-0.0284789
-0.0212404
-0.0150217
-0.00831238
-0.00489926
-0.153936
-0.155203
-0.154253
-0.153338
-0.152273
-0.15067
-0.148489
-0.145772
-0.14253
-0.138761
-0.134473
-0.129681
-0.124403
-0.118659
-0.112471
-0.105869
-0.0988847
-0.0915592
-0.0839418
-0.0760893
-0.0680721
-0.0599713
-0.0518698
-0.043897
-0.0360782
-0.0287243
-0.0214639
-0.015452
-0.00842424
-0.00539415
-0.144372
-0.146072
-0.145542
-0.145026
-0.14439
-0.143245
-0.141534
-0.139297
-0.136542
-0.133264
-0.129465
-0.125155
-0.12035
-0.115065
-0.109322
-0.103147
-0.0965719
-0.0896354
-0.0823842
-0.0748752
-0.0671724
-0.059362
-0.0515077
-0.0437662
-0.0360993
-0.0289254
-0.0216658
-0.0158329
-0.00854604
-0.00580851
-0.135006
-0.137058
-0.136947
-0.136811
-0.136572
-0.135854
-0.134587
-0.132807
-0.130519
-0.127713
-0.12439
-0.120553
-0.116213
-0.111385
-0.106086
-0.10034
-0.0941773
-0.0876341
-0.0807543
-0.0735942
-0.0662116
-0.0586962
-0.0510957
-0.0435875
-0.0360824
-0.0290823
-0.0218459
-0.0161637
-0.00867658
-0.00614241
-0.125928
-0.128252
-0.128539
-0.128757
-0.128878
-0.128553
-0.127703
-0.126352
-0.124507
-0.122154
-0.119288
-0.11591
-0.112026
-0.107647
-0.102788
-0.09747
-0.0917193
-0.0855705
-0.0790647
-0.072256
-0.0651975
-0.0579799
-0.0506381
-0.0433636
-0.036029
-0.0291963
-0.022004
-0.0164446
-0.0088139
-0.00639826
-0.117212
-0.119731
-0.120381
-0.120924
-0.121368
-0.1214
-0.120932
-0.119983
-0.118553
-0.11663
-0.114201
-0.111265
-0.107823
-0.103883
-0.0994558
-0.0945593
-0.0892172
-0.0834611
-0.0773286
-0.0708717
-0.0641386
-0.0572195
-0.0501395
-0.0430981
-0.035941
-0.0292688
-0.0221399
-0.0166769
-0.00895539
-0.00658061
-0.108913
-0.11156
-0.112531
-0.113364
-0.114094
-0.114445
-0.114327
-0.113747
-0.112705
-0.111184
-0.10917
-0.106655
-0.103638
-0.100122
-0.0961156
-0.0916319
-0.0866916
-0.0813231
-0.0755605
-0.069453
-0.0630441
-0.0564223
-0.0496052
-0.0427949
-0.0358205
-0.0293021
-0.0222534
-0.016863
-0.009098
-0.00669589
-0.101071
-0.10379
-0.105038
-0.106125
-0.107105
-0.107738
-0.107934
-0.107692
-0.107007
-0.105861
-0.104235
-0.102118
-0.0995063
-0.0963975
-0.0927963
-0.088713
-0.0841643
-0.0791751
-0.073776
-0.0680125
-0.0619242
-0.0555963
-0.049041
-0.0424586
-0.0356703
-0.0292986
-0.0223444
-0.0170056
-0.00923847
-0.00675194
-0.0937156
-0.0964648
-0.0979442
-0.0992518
-0.100447
-0.101326
-0.101801
-0.101863
-0.101503
-0.100702
-0.0994365
-0.0976934
-0.0954631
-0.092741
-0.0895274
-0.085829
-0.0816585
-0.0770372
-0.0719919
-0.0665643
-0.0607902
-0.0547503
-0.0484535
-0.0420943
-0.0354932
-0.0292617
-0.0224128
-0.0171085
-0.00937355
-0.00675759
-0.0868709
-0.089617
-0.0912874
-0.0927823
-0.0941606
-0.0952508
-0.0959706
-0.0963044
-0.0962392
-0.0957505
-0.0948167
-0.0934195
-0.0915458
-0.0891872
-0.0863403
-0.0830079
-0.079199
-0.074931
-0.0702267
-0.0651238
-0.0596545
-0.0538945
-0.0478503
-0.0417081
-0.0352931
-0.0291949
-0.0224591
-0.0171757
-0.0095003
-0.00672217
-0.0805573
-0.0832766
-0.0851017
-0.0867534
-0.0882854
-0.0895554
-0.0904872
-0.0910597
-0.0912555
-0.0910497
-0.0904174
-0.0893371
-0.0877926
-0.0857719
-0.083268
-0.0802798
-0.0768126
-0.0728798
-0.0685005
-0.0637082
-0.0585313
-0.0530403
-0.0472403
-0.0413069
-0.0350742
-0.0291027
-0.0224844
-0.0172118
-0.00961625
-0.00665501
-0.074795
-0.077471
-0.0794192
-0.0812005
-0.0828598
-0.0842803
-0.0853931
-0.0861729
-0.0865988
-0.0866441
-0.086282
-0.0854885
-0.0842439
-0.0825331
-0.0803457
-0.077677
-0.0745285
-0.0709097
-0.0668361
-0.0623366
-0.0574367
-0.0522008
-0.0466336
-0.0408989
-0.0348423
-0.0289901
-0.0224904
-0.0172215
-0.00971967
-0.00656506
-0.0696056
-0.0722279
-0.0742725
-0.0761592
-0.0779221
-0.079467
-0.0807321
-0.0816892
-0.0823144
-0.0825795
-0.0824561
-0.0819178
-0.0809423
-0.0795115
-0.0776116
-0.0752346
-0.0723785
-0.0690492
-0.0652583
-0.0610307
-0.0563888
-0.0513911
-0.046042
-0.0404936
-0.0346038
-0.0288629
-0.0224795
-0.0172099
-0.00980962
-0.00646057
-0.065014
-0.0675775
-0.0696957
-0.0716668
-0.0735128
-0.0751584
-0.0765493
-0.0776553
-0.0784501
-0.0789041
-0.0789876
-0.0786723
-0.0779336
-0.0767505
-0.0751067
-0.0729908
-0.0703977
-0.0673296
-0.0637949
-0.0598147
-0.055408
-0.0506281
-0.0454794
-0.040102
-0.0343668
-0.0287279
-0.0224555
-0.0171821
-0.00988608
-0.00634892
-0.0610495
-0.0635538
-0.0657271
-0.0677642
-0.0696752
-0.0714007
-0.0728933
-0.0741216
-0.0750573
-0.0756696
-0.0759281
-0.0758027
-0.075267
-0.0742977
-0.0728758
-0.0709875
-0.0686244
-0.0657858
-0.0624771
-0.0587154
-0.0545175
-0.0499312
-0.0449613
-0.0397365
-0.0341405
-0.0285925
-0.0224226
-0.0171437
-0.00994983
-0.00623659
-0.0577497
-0.0601986
-0.0624113
-0.0644986
-0.066459
-0.0682459
-0.0698179
-0.0711434
-0.0721921
-0.0729326
-0.0733338
-0.0733645
-0.0729965
-0.0722048
-0.0709682
-0.0692705
-0.0671011
-0.0644563
-0.0613389
-0.0577631
-0.053743
-0.049322
-0.0445052
-0.0394112
-0.0339354
-0.0284652
-0.0223861
-0.0171002
-0.0100021
-0.00612921
-0.0551583
-0.0575605
-0.0598006
-0.0619246
-0.0639212
-0.0657532
-0.0673845
-0.0687832
-0.0699178
-0.0707557
-0.0712677
-0.0714194
-0.071182
-0.0705291
-0.0694381
-0.0678908
-0.0658745
-0.0633836
-0.0604185
-0.0569908
-0.0531129
-0.0488243
-0.0441305
-0.0391415
-0.0337633
-0.0283551
-0.0223518
-0.0170575
-0.0100445
-0.00603118
-0.0533451
-0.055711
-0.0579674
-0.0601149
-0.0621348
-0.0639964
-0.0656673
-0.0671158
-0.0683101
-0.069218
-0.0698031
-0.0700377
-0.0698911
-0.0693353
-0.0683464
-0.0669049
-0.0649967
-0.0626146
-0.0597575
-0.0564351
-0.0526584
-0.0484642
-0.0438585
-0.0389442
-0.0336369
-0.0282712
-0.0223269
-0.0170195
-0.0100829
-0.00594431
-0.0523664
-0.0547185
-0.0569863
-0.0591483
-0.0611818
-0.0630598
-0.0647519
-0.0662265
-0.0674514
-0.0683935
-0.0690199
-0.0692991
-0.0692006
-0.0686964
-0.0677616
-0.0663763
-0.0645257
-0.0622016
-0.0594022
-0.0561359
-0.0524136
-0.0482695
-0.0437119
-0.0388358
-0.0335704
-0.02822
-0.0223222
-0.0169826
-0.0101325
-0.00587033
-0.115651
-0.126814
-0.137488
-0.147657
-0.157306
-0.166422
-0.174992
-0.183002
-0.190447
-0.197321
-0.20363
-0.209393
-0.21465
-0.219472
-0.22398
-0.228368
-0.232933
-0.238019
-0.244631
-0.260375
-0.108836
-0.119505
-0.129725
-0.139482
-0.148764
-0.157562
-0.165867
-0.173676
-0.180991
-0.187823
-0.194197
-0.20016
-0.205788
-0.211203
-0.216591
-0.222223
-0.228508
-0.235865
-0.244717
-0.264736
-0.10228
-0.112484
-0.122295
-0.131702
-0.1407
-0.149281
-0.157447
-0.165199
-0.172547
-0.179512
-0.186124
-0.192433
-0.198511
-0.204463
-0.210433
-0.216614
-0.223289
-0.230661
-0.238521
-0.256971
-0.0959175
-0.105683
-0.115106
-0.124177
-0.132893
-0.141252
-0.149255
-0.156907
-0.16422
-0.171212
-0.177912
-0.18436
-0.190611
-0.19674
-0.202848
-0.209063
-0.215588
-0.222582
-0.229737
-0.246127
-0.0897542
-0.0990895
-0.108123
-0.11685
-0.125266
-0.133372
-0.141168
-0.148662
-0.155864
-0.16279
-0.169464
-0.175922
-0.182208
-0.188385
-0.194537
-0.200773
-0.207269
-0.214179
-0.221197
-0.235506
-0.0837978
-0.0927097
-0.101357
-0.109735
-0.117841
-0.125677
-0.133244
-0.140548
-0.147601
-0.154417
-0.161018
-0.167434
-0.173707
-0.179891
-0.186058
-0.192299
-0.198751
-0.205522
-0.21235
-0.224604
-0.0780489
-0.0865474
-0.0948135
-0.102844
-0.110636
-0.118192
-0.125515
-0.132609
-0.139486
-0.146158
-0.152645
-0.158973
-0.165177
-0.171301
-0.177401
-0.183547
-0.189839
-0.196348
-0.202921
-0.213405
-0.0725055
-0.0806018
-0.0884938
-0.0961787
-0.103655
-0.110925
-0.117989
-0.124854
-0.131529
-0.138024
-0.144356
-0.150546
-0.156622
-0.162619
-0.168579
-0.174557
-0.180626
-0.18684
-0.193146
-0.202148
-0.0671656
-0.0748713
-0.0823972
-0.0897406
-0.0969005
-0.103877
-0.110673
-0.117293
-0.123743
-0.130034
-0.136177
-0.14219
-0.148095
-0.153919
-0.159695
-0.165464
-0.171282
-0.177186
-0.183185
-0.190934
-0.0620274
-0.0693546
-0.076523
-0.08353
-0.0903742
-0.0970558
-0.103576
-0.109939
-0.116149
-0.122215
-0.128145
-0.133954
-0.139657
-0.145276
-0.150835
-0.156366
-0.161908
-0.167487
-0.173142
-0.179845
-0.0570897
-0.064051
-0.0708714
-0.0775481
-0.0840797
-0.0904656
-0.0967065
-0.102805
-0.108764
-0.11459
-0.12029
-0.125874
-0.131354
-0.136745
-0.142065
-0.147337
-0.152589
-0.157839
-0.163132
-0.168975
-0.0523516
-0.0589599
-0.0654426
-0.0717967
-0.0780203
-0.0841123
-0.0900726
-0.0959024
-0.101604
-0.107181
-0.112639
-0.117985
-0.123227
-0.128376
-0.133445
-0.138448
-0.143406
-0.148333
-0.153264
-0.158406
-0.047813
-0.0540817
-0.0602378
-0.066278
-0.0721998
-0.0780018
-0.0836831
-0.0892437
-0.0946849
-0.100009
-0.105219
-0.110319
-0.115316
-0.120216
-0.125027
-0.129761
-0.13443
-0.139045
-0.143625
-0.1482
-0.0434733
-0.0494167
-0.0552583
-0.0609945
-0.0666226
-0.0721405
-0.0775466
-0.0828403
-0.0880215
-0.0930913
-0.0980513
-0.102904
-0.107653
-0.112303
-0.116859
-0.121328
-0.125717
-0.130036
-0.134285
-0.138406
-0.0393366
-0.0449682
-0.0505073
-0.0559502
-0.0612937
-0.066535
-0.0716721
-0.0767035
-0.0816284
-0.0864466
-0.0911588
-0.0957659
-0.10027
-0.104673
-0.108979
-0.113191
-0.117313
-0.121354
-0.125299
-0.129055
-0.0354005
-0.0407361
-0.0459867
-0.0511485
-0.056218
-0.0611921
-0.0660682
-0.0708443
-0.075519
-0.0800912
-0.0845606
-0.0889272
-0.0931916
-0.097355
-0.101419
-0.105385
-0.109256
-0.113038
-0.116706
-0.120167
-0.0316715
-0.0367253
-0.0417008
-0.0465941
-0.0514011
-0.0561186
-0.0607434
-0.0652732
-0.0697059
-0.0740399
-0.0782741
-0.0824079
-0.086441
-0.0903735
-0.0942058
-0.0979387
-0.101574
-0.105116
-0.108534
-0.11175
-0.0281493
-0.0329373
-0.0376525
-0.0422909
-0.0468484
-0.0513211
-0.055706
-0.06
-0.0642008
-0.0683064
-0.0723151
-0.0762258
-0.0800375
-0.0837499
-0.0873628
-0.0908759
-0.0942908
-0.0976104
-0.100802
-0.10381
-0.0248374
-0.0293755
-0.0338457
-0.0382437
-0.0425652
-0.0468064
-0.0509637
-0.0550339
-0.0590145
-0.0629029
-0.0666974
-0.0703962
-0.0739983
-0.0775026
-0.0809087
-0.0842161
-0.0874257
-0.0905394
-0.0935263
-0.0963499
-0.0217392
-0.0260438
-0.0302847
-0.0344574
-0.0385575
-0.042581
-0.0465242
-0.0503838
-0.0541569
-0.0578409
-0.0614335
-0.0649331
-0.0683382
-0.0716475
-0.0748602
-0.0779759
-0.0809951
-0.0839188
-0.0867191
-0.0893768
-0.018859
-0.0229469
-0.0269746
-0.0309376
-0.0348314
-0.0386519
-0.0423954
-0.0460584
-0.0496378
-0.0531309
-0.0565354
-0.0598492
-0.0630709
-0.0661989
-0.0692325
-0.0721708
-0.0750143
-0.0777634
-0.0803938
-0.0828994
-0.016202
-0.0200902
-0.0239212
-0.0276906
-0.0313939
-0.0350268
-0.0385856
-0.0420667
-0.0454671
-0.0487838
-0.0520145
-0.055157
-0.0582096
-0.0611709
-0.0640398
-0.0668155
-0.0694984
-0.072088
-0.0745644
-0.0769303
-0.0137748
-0.0174805
-0.0211319
-0.0247242
-0.028253
-0.0317143
-0.0351041
-0.0384189
-0.0416555
-0.044811
-0.047883
-0.0508692
-0.0537679
-0.0565776
-0.059297
-0.0619255
-0.064463
-0.0669088
-0.069247
-0.0714853
-0.0115856
-0.0151265
-0.0186153
-0.0220475
-0.0254187
-0.0287247
-0.0319617
-0.0351262
-0.0382151
-0.0412253
-0.0441544
-0.0470002
-0.0497607
-0.0524345
-0.0550204
-0.0575174
-0.0599255
-0.0622437
-0.0644596
-0.0665833
-0.0096445
-0.0130386
-0.0163825
-0.019672
-0.0229027
-0.0260705
-0.0291716
-0.0322027
-0.0351603
-0.0380418
-0.0408446
-0.0435664
-0.0462054
-0.0487599
-0.0512288
-0.053611
-0.0559062
-0.0581135
-0.0602237
-0.0622467
-0.0079649
-0.0112305
-0.0144479
-0.0176126
-0.0207206
-0.0237678
-0.0267505
-0.0296655
-0.0325094
-0.0352794
-0.0379732
-0.0405883
-0.043123
-0.0455755
-0.0479446
-0.0502293
-0.0524291
-0.0545431
-0.0565648
-0.0585025
-0.00656192
-0.00971831
-0.012828
-0.0158869
-0.0188908
-0.0218361
-0.024719
-0.0275362
-0.0302848
-0.0329618
-0.0355649
-0.0380918
-0.0405406
-0.0429096
-0.0451975
-0.0474032
-0.0495261
-0.0515652
-0.0535164
-0.0553855
-0.00546141
-0.00852813
-0.0115495
-0.0145216
-0.0174405
-0.0203027
-0.0231045
-0.025843
-0.028515
-0.0311179
-0.0336492
-0.0361068
-0.0384888
-0.0407935
-0.0430194
-0.0451656
-0.0472311
-0.0492152
-0.0511153
-0.0529348
-0.00467895
-0.00767924
-0.0106356
-0.0135441
-0.0164012
-0.0192032
-0.021947
-0.0246294
-0.0272476
-0.0297989
-0.0322809
-0.0346914
-0.0370286
-0.0392908
-0.0414763
-0.0435841
-0.0456132
-0.0475627
-0.0494313
-0.0512198
-0.0042752
-0.00722502
-0.0101315
-0.0129915
-0.015802
-0.0185597
-0.0212616
-0.023905
-0.0264872
-0.0290057
-0.0314583
-0.0338428
-0.0361574
-0.0384003
-0.0405701
-0.0426653
-0.0446848
-0.0466277
-0.0484929
-0.0502801
0.173572
0.157346
0.141932
0.126856
0.111369
0.0957463
0.0801276
0.0645548
0.0490777
0.0337447
0.0185964
0.00366831
-0.0110077
-0.0254034
-0.0394932
-0.053113
-0.066476
-0.079412
-0.091926
-0.104014
0.168479
0.152062
0.136622
0.122071
0.107173
0.0921912
0.0772769
0.0624426
0.0477215
0.0331527
0.0187687
0.00459925
-0.00932729
-0.0229828
-0.0363491
-0.0492803
-0.0619976
-0.0742977
-0.0862099
-0.0977311
0.160707
0.14453
0.129425
0.11561
0.101535
0.0873851
0.0733354
0.059382
0.045543
0.0318506
0.0183322
0.00501261
-0.0080825
-0.0209267
-0.0335051
-0.0457147
-0.0577863
-0.0694367
-0.0807363
-0.0916922
0.152657
0.137324
0.122807
0.109728
0.0964682
0.0831196
0.069882
0.0567524
0.0437365
0.0308608
0.0181483
0.00561931
-0.00670465
-0.018798
-0.0306087
-0.0419296
-0.0535734
-0.0646581
-0.0753899
-0.0858155
0.144752
0.130425
0.116607
0.104237
0.0917687
0.0791981
0.0667366
0.0543897
0.0421534
0.0300486
0.0180946
0.00630767
-0.00529617
-0.016704
-0.0279393
-0.0391359
-0.0495684
-0.0600063
-0.0702079
-0.0801247
0.137115
0.123764
0.110692
0.0990092
0.0873062
0.0754969
0.0637866
0.0521919
0.0407029
0.0293345
0.0181034
0.00702279
-0.00389458
-0.0146353
-0.0251839
-0.0355451
-0.0455907
-0.0555148
-0.0652014
-0.0746271
0.129806
0.117385
0.105089
0.094079
0.0831112
0.0720396
0.061052
0.0501759
0.0393989
0.0287307
0.0181857
0.00777539
-0.00248926
-0.0125965
-0.0225332
-0.0323006
-0.0418076
-0.051195
-0.0603733
-0.0693232
0.122857
0.111319
0.0998074
0.0894571
0.0791922
0.0688301
0.0585349
0.0483429
0.0382419
0.0282375
0.0183421
0.0085658
-0.00108174
-0.0105905
-0.0199505
-0.029158
-0.0381496
-0.0470251
-0.0557169
-0.0642096
0.116291
0.105587
0.0948497
0.0851423
0.075546
0.0658614
0.056227
0.0466846
0.0372238
0.0278474
0.0185658
0.0093883
0.000323413
-0.00862001
-0.0174332
-0.0261104
-0.0346087
-0.0430011
-0.0512299
-0.0592842
0.110125
0.1002
0.0902164
0.0811313
0.0721686
0.0631272
0.0541206
0.045193
0.0363369
0.0275531
0.0188504
0.0102374
0.00172188
-0.0066884
-0.0149856
-0.0231635
-0.0311902
-0.0391239
-0.0469114
-0.0545454
0.104362
0.0951653
0.0859052
0.0774186
0.0690545
0.0606204
0.0522076
0.0438601
0.0355735
0.0273474
0.0191895
0.0111077
0.00310915
-0.00479899
-0.0126097
-0.0203164
-0.0278937
-0.0353926
-0.04276
-0.0499917
0.0990024
0.0904842
0.0819116
0.0739968
0.066196
0.0583325
0.0504791
0.0426772
0.0349252
0.0272227
0.0195763
0.0119934
0.00448061
-0.0029553
-0.0103079
-0.0175703
-0.0247201
-0.0318082
-0.0387755
-0.0456222
0.0940416
0.0861538
0.0782289
0.0708565
0.0635841
0.0562547
0.0489257
0.0416351
0.0343838
0.0271716
0.0200042
0.0128888
0.00583187
-0.00116024
-0.00808156
-0.014926
-0.021674
-0.0283733
-0.0349589
-0.0414371
0.0894716
0.0821681
0.0748484
0.0679873
0.0612085
0.0543768
0.0475375
0.0407246
0.0339407
0.0271861
0.0204664
0.0137881
0.00715773
0.000582126
-0.00593066
-0.0123654
-0.0186902
-0.0250615
-0.0313005
-0.0374332
0.0852818
0.0785185
0.0717601
0.0653774
0.0590581
0.0526884
0.0463045
0.0399361
0.0335872
0.0272587
0.0209558
0.0146845
0.00845066
0.00225962
-0.00388473
-0.00998624
-0.0160577
-0.0219394
-0.0278077
-0.033615
0.0814591
0.0751937
0.0689524
0.0630145
0.0571211
0.0511786
0.0452164
0.0392603
0.033315
0.0273823
0.021467
0.0155751
0.00971271
0.00388556
-0.00189994
-0.00763738
-0.0133229
-0.0189229
-0.024484
-0.0299819
0.0779886
0.0721811
0.0664126
0.0608856
0.0553851
0.049836
0.0442629
0.0386878
0.0331158
0.0275494
0.0219936
0.0164542
0.0109372
0.00544863
-5.56344e-06
-0.00541974
-0.0107893
-0.0160866
-0.0213433
-0.0265426
0.0748541
0.069466
0.0641274
0.0589771
0.0538374
0.0486492
0.0434334
0.0382089
0.0329809
0.0277526
0.0225289
0.0173157
0.0121189
0.00694451
0.00179851
-0.00331329
-0.00838525
-0.0133989
-0.0183723
-0.0232926
0.0720384
0.0670331
0.0620826
0.0572755
0.0524653
0.0476066
0.0427174
0.037814
0.0329017
0.0279841
0.0230661
0.0181536
0.0132524
0.00836858
0.00350805
-0.00132334
-0.0061197
-0.0108671
-0.015576
-0.0202358
0.0695238
0.0648663
0.0602638
0.0557671
0.0512559
0.0466964
0.0421043
0.0374935
0.0328695
0.0282359
0.023598
0.0189614
0.014332
0.00971574
0.00511845
0.000546024
-0.00399555
-0.00849492
-0.012958
-0.0173754
0.0672925
0.0629491
0.0586565
0.0544381
0.0501965
0.0459069
0.0415834
0.0372377
0.0328753
0.0285002
0.0241174
0.0197327
0.0153518
0.0109806
0.00662487
0.00229049
-0.00201654
-0.00628657
-0.0105223
-0.0147156
0.0653271
0.0612652
0.0572463
0.0532752
0.0492745
0.0452267
0.041144
0.0370368
0.0329102
0.0287684
0.0246166
0.0204603
0.0163052
0.0121571
0.00802169
0.00390478
-0.00018767
-0.00424716
-0.00827423
-0.0122615
0.0636111
0.0597989
0.056019
0.0522655
0.0484778
0.0446443
0.0407757
0.036881
0.032965
0.0290322
0.0250877
0.0211368
0.0171852
0.0132385
0.00930239
0.00538258
0.00148492
-0.00238294
-0.00621994
-0.0100194
0.0621291
0.0585354
0.0549615
0.0513965
0.0477947
0.0441488
0.0404681
0.0367603
0.0330303
0.0292825
0.0255219
0.0217538
0.0179837
0.014217
0.0104593
0.00671634
0.00299369
-0.000701587
-0.00436726
-0.00799734
0.0608677
0.0574613
0.0540616
0.0506568
0.0472141
0.0437295
0.0402109
0.036665
0.0330966
0.02951
0.0259102
0.0223023
0.0186917
0.0150836
0.0114836
0.00789706
0.00432958
0.000787615
-0.00272576
-0.00620511
0.0598158
0.056565
0.0533084
0.050036
0.0467258
0.0433761
0.0399938
0.0365847
0.0331534
0.0297042
0.026242
0.0227716
0.0192983
0.0158273
0.0123637
0.00891302
0.00548047
0.00207216
-0.00130808
-0.00465566
0.0589657
0.0558381
0.0526937
0.0495259
0.0463213
0.0430802
0.0398082
0.0365106
0.0331917
0.0298558
0.0265076
0.0231518
0.0197934
0.0164375
0.013089
0.00975318
0.00643505
0.00314016
-0.000127466
-0.00336329
0.058313
0.0552739
0.0522096
0.0491171
0.0459897
0.042829
0.0396399
0.0364268
0.0331941
0.0299459
0.0266867
0.0234212
0.0201541
0.0168901
0.0136341
0.010391
0.00716559
0.00396332
0.000789539
-0.00235378
0.0578636
0.0548779
0.0518624
0.0488172
0.04574
0.0426331
0.0395003
0.036346
0.0331739
0.0299883
0.0267933
0.0235934
0.0203931
0.0171969
0.0140094
0.0108353
0.00767917
0.00454539
0.00143776
-0.00163857
0.0576146
0.0546351
0.0516235
0.0485834
0.0455153
0.042422
0.0393072
0.0361751
0.0330295
0.0298744
0.0267139
0.023552
0.020393
0.0172409
0.0141001
0.0109746
0.00786862
0.00478676
0.00173638
-0.00128605
0.195604
0.196826
0.199408
0.202723
0.206546
0.210486
0.214173
0.217209
0.219163
0.219649
0.218202
0.214633
0.208199
0.199755
0.183286
0.19441
0.195521
0.197874
0.200862
0.204247
0.207636
0.210656
0.21291
0.213976
0.213489
0.211013
0.206401
0.198947
0.189638
0.173894
0.193141
0.194153
0.196283
0.198949
0.201911
0.204782
0.207194
0.208765
0.209093
0.207846
0.204632
0.199356
0.191403
0.181892
0.167109
0.191782
0.192685
0.194574
0.196896
0.199407
0.201729
0.2035
0.204356
0.203919
0.20189
0.197925
0.19198
0.183554
0.173744
0.159496
0.190327
0.191115
0.19275
0.194712
0.196755
0.198509
0.199627
0.199758
0.198556
0.195755
0.191067
0.184491
0.175651
0.165551
0.151771
0.188775
0.189443
0.190815
0.192407
0.193972
0.195155
0.19562
0.195042
0.193103
0.189579
0.184238
0.177118
0.167962
0.157669
0.144363
0.187124
0.187668
0.188769
0.189982
0.191064
0.191674
0.191495
0.190226
0.187589
0.183397
0.177477
0.1699
0.16052
0.150119
0.137276
0.185371
0.185787
0.186611
0.187438
0.188031
0.18807
0.187258
0.185325
0.182029
0.177226
0.170798
0.162846
0.153315
0.142877
0.130489
0.183514
0.183799
0.18434
0.184776
0.184879
0.184353
0.182925
0.180356
0.176446
0.171091
0.164226
0.155976
0.146361
0.135952
0.124015
0.181554
0.181704
0.181958
0.182
0.181616
0.180534
0.178511
0.175341
0.170866
0.16502
0.157789
0.149315
0.139678
0.12936
0.117873
0.179489
0.179503
0.179468
0.179117
0.17825
0.176627
0.174035
0.170303
0.165315
0.159042
0.151514
0.142886
0.133281
0.123111
0.112074
0.177323
0.1772
0.176875
0.176133
0.174794
0.172649
0.169517
0.165267
0.15982
0.153184
0.145424
0.136708
0.127187
0.117212
0.106623
0.175058
0.174798
0.174187
0.173059
0.171261
0.168617
0.16498
0.160257
0.154408
0.147472
0.139543
0.130798
0.121406
0.111667
0.101524
0.172701
0.172305
0.17141
0.169906
0.167666
0.16455
0.160447
0.1553
0.149105
0.141929
0.133892
0.125171
0.115946
0.106477
0.0967765
0.170258
0.169727
0.168557
0.166688
0.164027
0.160469
0.155941
0.15042
0.143936
0.13658
0.128487
0.119839
0.110815
0.101641
0.0923767
0.167741
0.167078
0.165641
0.163422
0.160365
0.156399
0.151489
0.145645
0.138926
0.131444
0.123346
0.11481
0.106015
0.0971548
0.0883185
0.16516
0.164369
0.162677
0.160128
0.1567
0.152363
0.147116
0.140999
0.134098
0.12654
0.118481
0.110093
0.101547
0.0930133
0.0845934
0.162532
0.161619
0.159685
0.156826
0.153058
0.148388
0.142848
0.136508
0.129475
0.121887
0.113904
0.105692
0.0974104
0.0892083
0.0811912
0.159876
0.158846
0.156687
0.15354
0.149465
0.144501
0.138713
0.132196
0.125076
0.117498
0.109623
0.101608
0.0936008
0.0857308
0.0781004
0.157214
0.156075
0.153708
0.150299
0.145948
0.14073
0.134737
0.128088
0.120921
0.113388
0.105646
0.0978426
0.0901137
0.0825708
0.0753086
0.154571
0.153331
0.150775
0.147131
0.142539
0.137105
0.130949
0.124207
0.117029
0.109569
0.101978
0.0943957
0.0869433
0.0797178
0.0728033
0.151978
0.150646
0.147922
0.144069
0.139269
0.133657
0.127375
0.120577
0.113417
0.106051
0.0986248
0.0912658
0.0840835
0.0771613
0.0705718
0.149469
0.148054
0.145182
0.14115
0.136174
0.130418
0.124045
0.11722
0.110102
0.102847
0.0955903
0.0884518
0.0815283
0.0748915
0.0686022
0.147083
0.145595
0.142596
0.138411
0.13329
0.127423
0.120989
0.11416
0.107103
0.0999658
0.0928797
0.0859533
0.0792728
0.0728995
0.0668837
0.144863
0.143313
0.140207
0.135895
0.130659
0.124709
0.118237
0.111425
0.104438
0.0974216
0.0904996
0.0837715
0.0773136
0.0711787
0.0654073
0.142859
0.141256
0.138063
0.13365
0.128324
0.122314
0.115825
0.109041
0.102128
0.0952289
0.088459
0.08191
0.0756501
0.0697248
0.0641662
0.141125
0.139478
0.136217
0.131726
0.126333
0.120284
0.11379
0.10704
0.1002
0.0934067
0.0867706
0.0803765
0.0742855
0.0685372
0.0631575
0.139719
0.138039
0.134728
0.13018
0.12474
0.118666
0.112176
0.105461
0.0986838
0.0919792
0.0854529
0.079184
0.0732282
0.0676205
0.0623819
0.138709
0.137004
0.133661
0.129076
0.123606
0.117518
0.111035
0.104347
0.0976181
0.0909791
0.0845324
0.0783532
0.0724938
0.0669861
0.0618481
0.138167
0.136447
0.133087
0.128484
0.122998
0.116905
0.110426
0.103755
0.0970527
0.0904497
0.0840461
0.0779152
0.072107
0.0666519
0.0615656
0.210799
0.212624
0.216795
0.222524
0.229752
0.238303
0.24801
0.258787
0.270521
0.283105
0.296419
0.310345
0.324747
0.339507
0.354422
0.210718
0.212539
0.216702
0.22242
0.229635
0.23816
0.247839
0.258579
0.270267
0.282792
0.296034
0.309873
0.324172
0.338813
0.353579
0.210556
0.21237
0.216518
0.222213
0.229399
0.237876
0.247498
0.258165
0.269758
0.282166
0.295265
0.308931
0.323022
0.337426
0.351894
0.210314
0.212117
0.216242
0.221903
0.229044
0.237451
0.246989
0.257544
0.268997
0.281231
0.294115
0.307522
0.321303
0.335353
0.349374
0.209992
0.211781
0.215875
0.221491
0.228572
0.236888
0.246312
0.25672
0.267987
0.279988
0.292586
0.30565
0.319019
0.332598
0.346027
0.209592
0.211363
0.21542
0.22098
0.227985
0.236188
0.24547
0.255696
0.26673
0.278443
0.290684
0.303321
0.316176
0.329172
0.341864
0.209115
0.210865
0.214877
0.22037
0.227283
0.235354
0.244467
0.254475
0.265232
0.276598
0.288415
0.300541
0.312783
0.325086
0.336899
0.208562
0.21029
0.21425
0.219665
0.226471
0.234389
0.243306
0.253061
0.263495
0.274461
0.285784
0.297319
0.308851
0.320352
0.331149
0.207936
0.209638
0.21354
0.21886
0.225549
0.233297
0.241991
0.251458
0.261527
0.272038
0.2828
0.293664
0.304389
0.314986
0.324632
0.207238
0.208914
0.212751
0.21797
0.22452
0.232081
0.240527
0.249673
0.259333
0.269335
0.27947
0.289587
0.299411
0.309004
0.317371
0.20647
0.208118
0.211888
0.217051
0.22339
0.230746
0.238918
0.24771
0.256919
0.266361
0.275805
0.285098
0.293931
0.302423
0.309388
0.205635
0.207255
0.210946
0.215973
0.222162
0.229296
0.23717
0.245576
0.254294
0.263125
0.271814
0.28021
0.287962
0.295264
0.300707
0.204736
0.206326
0.209926
0.214835
0.220844
0.227737
0.235288
0.243278
0.251464
0.259633
0.267508
0.274935
0.281519
0.287544
0.291353
0.203775
0.205337
0.208863
0.21362
0.21944
0.226073
0.233279
0.240822
0.248438
0.255898
0.262897
0.269285
0.274619
0.279284
0.281349
0.202754
0.204288
0.207748
0.212333
0.217953
0.22431
0.23115
0.238217
0.245227
0.25193
0.257997
0.263279
0.267281
0.270507
0.27072
0.201678
0.20318
0.206535
0.210979
0.216386
0.222451
0.228903
0.235466
0.241833
0.247734
0.252812
0.256922
0.259514
0.261219
0.259477
0.200549
0.202035
0.205272
0.20956
0.214741
0.220495
0.226535
0.232563
0.238246
0.243293
0.247322
0.250184
0.251281
0.251375
0.247577
0.199371
0.200838
0.20397
0.208099
0.21305
0.218485
0.2241
0.229573
0.234545
0.238701
0.24163
0.243182
0.242712
0.241106
0.23514
0.198147
0.199601
0.202644
0.206626
0.21136
0.216497
0.221713
0.226659
0.23095
0.234242
0.236097
0.236346
0.234301
0.230954
0.222776
0.196874
0.198275
0.201176
0.204947
0.209391
0.214143
0.218862
0.223176
0.226675
0.228989
0.229654
0.228484
0.224714
0.219403
0.2086
0.196874
0.198275
0.201177
0.204947
0.209391
0.214143
0.218862
0.223176
0.226675
0.228989
0.229654
0.228484
0.224714
0.219403
0.2086
0.198147
0.199602
0.202644
0.206626
0.211361
0.216497
0.221713
0.226659
0.23095
0.234242
0.236097
0.236346
0.234301
0.230954
0.222776
0.199371
0.200838
0.20397
0.208099
0.21305
0.218485
0.2241
0.229573
0.234545
0.238701
0.241631
0.243182
0.242712
0.241106
0.23514
0.200549
0.202035
0.205272
0.20956
0.214741
0.220495
0.226535
0.232563
0.238246
0.243293
0.247322
0.250184
0.251281
0.251375
0.247577
0.201678
0.20318
0.206535
0.210979
0.216387
0.222451
0.228903
0.235466
0.241833
0.247734
0.252812
0.256922
0.259514
0.261219
0.259477
0.202754
0.204288
0.207748
0.212334
0.217953
0.22431
0.23115
0.238217
0.245227
0.25193
0.257997
0.263279
0.267281
0.270507
0.27072
0.203775
0.205337
0.208863
0.21362
0.21944
0.226073
0.233279
0.240822
0.248438
0.255898
0.262897
0.269285
0.274619
0.279284
0.281349
0.204736
0.206326
0.209926
0.214835
0.220844
0.227737
0.235288
0.243278
0.251464
0.259634
0.267508
0.274935
0.281519
0.287544
0.291353
0.205635
0.207255
0.210946
0.215973
0.222162
0.229296
0.23717
0.245576
0.254294
0.263125
0.271814
0.28021
0.287962
0.295264
0.300707
0.20647
0.208118
0.211888
0.217051
0.22339
0.230746
0.238918
0.24771
0.256919
0.266361
0.275805
0.285098
0.293931
0.302423
0.309388
0.207238
0.208914
0.212751
0.21797
0.22452
0.232081
0.240527
0.249673
0.259333
0.269335
0.27947
0.289587
0.299412
0.309004
0.317371
0.207936
0.209638
0.21354
0.21886
0.225549
0.233297
0.241991
0.251458
0.261527
0.272038
0.2828
0.293664
0.304389
0.314986
0.324632
0.208563
0.21029
0.21425
0.219665
0.226471
0.234389
0.243306
0.253061
0.263495
0.274461
0.285784
0.297319
0.308851
0.320352
0.331149
0.209115
0.210865
0.214877
0.22037
0.227283
0.235354
0.244467
0.254475
0.265232
0.276598
0.288415
0.300541
0.312783
0.325086
0.336899
0.209592
0.211363
0.21542
0.22098
0.227985
0.236188
0.24547
0.255696
0.26673
0.278443
0.290684
0.303321
0.316176
0.329172
0.341864
0.209992
0.211781
0.215875
0.221492
0.228572
0.236888
0.246312
0.256721
0.267987
0.279988
0.292586
0.30565
0.319019
0.332598
0.346027
0.210314
0.212117
0.216242
0.221903
0.229044
0.237451
0.246989
0.257544
0.268997
0.281231
0.294115
0.307522
0.321303
0.335353
0.349374
0.210556
0.21237
0.216518
0.222213
0.229399
0.237876
0.247498
0.258165
0.269758
0.282166
0.295265
0.308931
0.323022
0.337426
0.351894
0.210718
0.21254
0.216702
0.22242
0.229635
0.23816
0.247839
0.258579
0.270267
0.282792
0.296034
0.309873
0.324172
0.338813
0.353579
0.210799
0.212624
0.216795
0.222524
0.229752
0.238303
0.24801
0.258787
0.270521
0.283105
0.296419
0.310345
0.324747
0.339507
0.354422
0.138167
0.136447
0.133087
0.128484
0.122998
0.116905
0.110426
0.103755
0.0970529
0.0904498
0.0840462
0.0779153
0.0721072
0.0666521
0.0615658
0.138709
0.137005
0.133661
0.129076
0.123606
0.117518
0.111035
0.104347
0.0976182
0.0909792
0.0845325
0.0783534
0.0724939
0.0669862
0.0618482
0.13972
0.138039
0.134728
0.13018
0.12474
0.118667
0.112176
0.105461
0.0986839
0.0919794
0.0854531
0.0791842
0.0732284
0.0676207
0.062382
0.141125
0.139478
0.136217
0.131726
0.126333
0.120284
0.11379
0.107041
0.1002
0.0934068
0.0867707
0.0803766
0.0742857
0.0685374
0.0631576
0.142859
0.141256
0.138063
0.13365
0.128324
0.122315
0.115825
0.109041
0.102129
0.0952291
0.0884591
0.0819102
0.0756503
0.0697249
0.0641664
0.144863
0.143313
0.140207
0.135895
0.130659
0.124709
0.118237
0.111425
0.104438
0.0974217
0.0904998
0.0837716
0.0773137
0.0711788
0.0654074
0.147083
0.145595
0.142596
0.138411
0.13329
0.127423
0.120989
0.114161
0.107103
0.099966
0.0928799
0.0859535
0.0792729
0.0728997
0.0668839
0.149469
0.148054
0.145182
0.14115
0.136174
0.130418
0.124045
0.11722
0.110103
0.102847
0.0955904
0.0884519
0.0815284
0.0748916
0.0686024
0.151978
0.150646
0.147922
0.14407
0.139269
0.133657
0.127375
0.120577
0.113417
0.106052
0.0986249
0.0912659
0.0840836
0.0771614
0.070572
0.154571
0.153331
0.150776
0.147131
0.142539
0.137105
0.130949
0.124207
0.117029
0.109569
0.101978
0.0943958
0.0869434
0.0797179
0.0728035
0.157214
0.156075
0.153708
0.150299
0.145948
0.14073
0.134737
0.128089
0.120921
0.113389
0.105646
0.0978428
0.0901138
0.082571
0.0753088
0.159876
0.158846
0.156687
0.153541
0.149465
0.144501
0.138713
0.132197
0.125076
0.117499
0.109623
0.101608
0.0936009
0.085731
0.0781005
0.162533
0.161619
0.159686
0.156826
0.153058
0.148388
0.142848
0.136508
0.129475
0.121887
0.113904
0.105692
0.0974105
0.0892084
0.0811913
0.16516
0.164369
0.162677
0.160128
0.156701
0.152363
0.147116
0.140999
0.134098
0.126541
0.118481
0.110093
0.101547
0.0930134
0.0845935
0.167741
0.167078
0.165641
0.163422
0.160365
0.156399
0.151489
0.145645
0.138926
0.131444
0.123346
0.114811
0.106015
0.0971549
0.0883186
0.170259
0.169727
0.168557
0.166688
0.164027
0.160469
0.155941
0.15042
0.143936
0.13658
0.128487
0.119839
0.110815
0.101641
0.0923769
0.172701
0.172305
0.17141
0.169906
0.167666
0.16455
0.160447
0.1553
0.149105
0.141929
0.133892
0.125171
0.115946
0.106477
0.0967766
0.175058
0.174798
0.174187
0.173059
0.171261
0.168617
0.164981
0.160257
0.154408
0.147472
0.139544
0.130798
0.121406
0.111667
0.101524
0.177323
0.1772
0.176876
0.176133
0.174794
0.172649
0.169518
0.165267
0.15982
0.153184
0.145424
0.136708
0.127187
0.117212
0.106623
0.179489
0.179504
0.179468
0.179117
0.178251
0.176628
0.174035
0.170303
0.165315
0.159042
0.151514
0.142886
0.133282
0.123111
0.112074
0.181554
0.181704
0.181958
0.182
0.181616
0.180534
0.178511
0.175341
0.170866
0.16502
0.157789
0.149315
0.139678
0.12936
0.117873
0.183515
0.183799
0.18434
0.184776
0.184879
0.184353
0.182925
0.180356
0.176446
0.171091
0.164226
0.155976
0.146361
0.135953
0.124016
0.185371
0.185787
0.186611
0.187438
0.188031
0.18807
0.187258
0.185325
0.182029
0.177226
0.170798
0.162846
0.153315
0.142877
0.130489
0.187124
0.187668
0.188769
0.189982
0.191064
0.191674
0.191495
0.190227
0.187589
0.183397
0.177477
0.1699
0.16052
0.150119
0.137276
0.188775
0.189443
0.190815
0.192407
0.193972
0.195155
0.19562
0.195042
0.193103
0.189579
0.184238
0.177118
0.167963
0.157669
0.144363
0.190327
0.191115
0.19275
0.194712
0.196755
0.19851
0.199627
0.199758
0.198556
0.195755
0.191068
0.184492
0.175651
0.165551
0.151771
0.191782
0.192685
0.194574
0.196896
0.199407
0.201729
0.203501
0.204356
0.203919
0.20189
0.197925
0.19198
0.183554
0.173744
0.159497
0.193141
0.194153
0.196283
0.198949
0.201911
0.204782
0.207194
0.208765
0.209093
0.207846
0.204632
0.199357
0.191403
0.181892
0.167109
0.19441
0.195521
0.197874
0.200862
0.204247
0.207636
0.210656
0.21291
0.213976
0.213489
0.211013
0.206401
0.198947
0.189638
0.173894
0.195604
0.196826
0.199408
0.202723
0.206546
0.210486
0.214173
0.217209
0.219163
0.219649
0.218202
0.214633
0.208199
0.199755
0.183286
0.0576147
0.0546352
0.0516237
0.0485836
0.0455155
0.0424221
0.0393074
0.0361753
0.0330297
0.0298746
0.026714
0.0235522
0.0203931
0.0172411
0.0141002
0.0109748
0.00786878
0.00478692
0.00173654
-0.00128589
0.0578638
0.0548781
0.0518625
0.0488173
0.0457402
0.0426332
0.0395005
0.0363461
0.0331741
0.0299884
0.0267934
0.0235935
0.0203932
0.017197
0.0140096
0.0108355
0.00767933
0.00454555
0.00143792
-0.00163841
0.0583132
0.0552741
0.0522097
0.0491172
0.0459899
0.0428292
0.03964
0.036427
0.0331942
0.029946
0.0266869
0.0234214
0.0201542
0.0168902
0.0136343
0.0103911
0.00716575
0.00396348
0.000789699
-0.00235362
0.0589659
0.0558383
0.0526938
0.049526
0.0463214
0.0430803
0.0398084
0.0365107
0.0331918
0.0298559
0.0265077
0.0231519
0.0197936
0.0164376
0.0130892
0.00975334
0.00643521
0.00314032
-0.000127306
-0.00336313
0.0598159
0.0565651
0.0533085
0.0500362
0.0467259
0.0433763
0.039994
0.0365849
0.0331536
0.0297044
0.0262421
0.0227718
0.0192985
0.0158274
0.0123639
0.00891318
0.00548063
0.00207232
-0.00130792
-0.0046555
0.0608679
0.0574614
0.0540617
0.050657
0.0472143
0.0437296
0.040211
0.0366652
0.0330967
0.0295102
0.0259104
0.0223025
0.0186918
0.0150838
0.0114837
0.00789722
0.00432974
0.000787772
-0.0027256
-0.00620496
0.0621293
0.0585356
0.0549617
0.0513967
0.0477948
0.0441489
0.0404682
0.0367605
0.0330305
0.0292827
0.0255221
0.021754
0.0179838
0.0142171
0.0104595
0.00671649
0.00299385
-0.00070143
-0.00436711
-0.00799719
0.0636112
0.0597991
0.0560192
0.0522656
0.0484779
0.0446445
0.0407759
0.0368811
0.0329651
0.0290324
0.0250878
0.021137
0.0171854
0.0132387
0.00930255
0.00538273
0.00148507
-0.00238279
-0.00621978
-0.0100193
0.0653273
0.0612653
0.0572464
0.0532754
0.0492746
0.0452268
0.0411442
0.037037
0.0329103
0.0287686
0.0246168
0.0204605
0.0163054
0.0121573
0.00802184
0.00390493
-0.000187516
-0.00424701
-0.00827407
-0.0122613
0.0672926
0.0629492
0.0586567
0.0544382
0.0501966
0.0459071
0.0415835
0.0372379
0.0328754
0.0285003
0.0241176
0.0197328
0.015352
0.0109807
0.00662502
0.00229065
-0.00201638
-0.00628642
-0.0105222
-0.0147155
0.0695239
0.0648664
0.060264
0.0557672
0.051256
0.0466965
0.0421044
0.0374937
0.0328696
0.0282361
0.0235982
0.0189616
0.0143322
0.00971589
0.0051186
0.000546175
-0.0039954
-0.00849477
-0.0129578
-0.0173753
0.0720385
0.0670332
0.0620828
0.0572757
0.0524654
0.0476067
0.0427176
0.0378142
0.0329019
0.0279842
0.0230662
0.0181537
0.0132526
0.00836873
0.0035082
-0.00132319
-0.00611955
-0.0108669
-0.0155758
-0.0202356
0.0748542
0.0694661
0.0641275
0.0589772
0.0538375
0.0486494
0.0434336
0.038209
0.032981
0.0277528
0.0225291
0.0173158
0.0121191
0.00694466
0.00179866
-0.00331315
-0.0083851
-0.0133988
-0.0183722
-0.0232924
0.0779887
0.0721812
0.0664128
0.0608857
0.0553852
0.0498362
0.044263
0.0386879
0.0331159
0.0275496
0.0219937
0.0164543
0.0109374
0.00544877
-5.41876e-06
-0.0054196
-0.0107892
-0.0160865
-0.0213432
-0.0265424
0.0814592
0.0751939
0.0689525
0.0630146
0.0571212
0.0511787
0.0452166
0.0392605
0.0333152
0.0273824
0.0214671
0.0155753
0.00971285
0.0038857
-0.00189979
-0.00763724
-0.0133228
-0.0189227
-0.0244838
-0.0299818
0.085282
0.0785186
0.0717602
0.0653775
0.0590583
0.0526885
0.0463046
0.0399363
0.0335873
0.0272589
0.0209559
0.0146846
0.00845079
0.00225976
-0.00388459
-0.00998609
-0.0160576
-0.0219393
-0.0278075
-0.0336149
0.0894718
0.0821682
0.0748486
0.0679874
0.0612087
0.0543769
0.0475376
0.0407247
0.0339408
0.0271863
0.0204665
0.0137882
0.00715787
0.000582264
-0.00593052
-0.0123653
-0.0186901
-0.0250614
-0.0313004
-0.0374331
0.0940417
0.0861539
0.078229
0.0708566
0.0635842
0.0562548
0.0489258
0.0416352
0.0343839
0.0271717
0.0200044
0.012889
0.00583201
-0.00116011
-0.00808142
-0.0149259
-0.0216738
-0.0283731
-0.0349588
-0.041437
0.0990025
0.0904843
0.0819117
0.0739969
0.0661961
0.0583327
0.0504792
0.0426773
0.0349254
0.0272229
0.0195764
0.0119935
0.00448074
-0.00295516
-0.0103078
-0.0175702
-0.02472
-0.0318081
-0.0387754
-0.0456221
0.104362
0.0951654
0.0859053
0.0774188
0.0690546
0.0606205
0.0522077
0.0438602
0.0355736
0.0273475
0.0191896
0.0111078
0.00310928
-0.00479886
-0.0126096
-0.0203163
-0.0278936
-0.0353925
-0.0427599
-0.0499915
0.110125
0.1002
0.0902165
0.0811314
0.0721688
0.0631273
0.0541207
0.0451931
0.036337
0.0275532
0.0188505
0.0102376
0.00172201
-0.00668827
-0.0149855
-0.0231634
-0.0311901
-0.0391237
-0.0469113
-0.0545453
0.116291
0.105587
0.0948498
0.0851424
0.0755461
0.0658615
0.0562271
0.0466847
0.0372239
0.0278475
0.0185659
0.00938843
0.00032354
-0.00861988
-0.017433
-0.0261102
-0.0346086
-0.043001
-0.0512298
-0.0592841
0.122857
0.111319
0.0998075
0.0894572
0.0791923
0.0688302
0.058535
0.0483431
0.0382421
0.0282376
0.0183422
0.00856593
-0.00108162
-0.0105904
-0.0199503
-0.0291578
-0.0381494
-0.047025
-0.0557168
-0.0642095
0.129806
0.117386
0.105089
0.0940791
0.0831113
0.0720397
0.0610521
0.050176
0.039399
0.0287308
0.0181858
0.00777552
-0.00248913
-0.0125964
-0.0225331
-0.0323005
-0.0418075
-0.0511949
-0.0603731
-0.0693231
0.137115
0.123764
0.110693
0.0990093
0.0873063
0.075497
0.0637867
0.052192
0.040703
0.0293346
0.0181035
0.00702291
-0.00389445
-0.0146352
-0.0251838
-0.035545
-0.0455906
-0.0555147
-0.0652013
-0.074627
0.144752
0.130425
0.116607
0.104237
0.0917688
0.0791982
0.0667368
0.0543898
0.0421535
0.0300487
0.0180947
0.00630779
-0.00529605
-0.0167038
-0.0279392
-0.0391358
-0.0495683
-0.0600062
-0.0702078
-0.0801245
0.152658
0.137324
0.122807
0.109728
0.0964683
0.0831197
0.0698821
0.0567525
0.0437366
0.0308609
0.0181484
0.00561943
-0.00670453
-0.0187979
-0.0306085
-0.0419295
-0.0535732
-0.064658
-0.0753898
-0.0858154
0.160708
0.14453
0.129425
0.11561
0.101535
0.0873852
0.0733355
0.0593822
0.0455431
0.0318507
0.0183323
0.00501272
-0.00808238
-0.0209266
-0.033505
-0.0457145
-0.0577862
-0.0694366
-0.0807362
-0.0916921
0.168479
0.152062
0.136622
0.122071
0.107173
0.0921913
0.077277
0.0624427
0.0477216
0.0331528
0.0187688
0.00459936
-0.00932718
-0.0229827
-0.036349
-0.0492802
-0.0619975
-0.0742976
-0.0862097
-0.097731
0.173572
0.157346
0.141932
0.126857
0.11137
0.0957464
0.0801277
0.0645549
0.0490778
0.0337448
0.0185965
0.00366842
-0.0110076
-0.0254033
-0.039493
-0.0531129
-0.0664759
-0.0794119
-0.0919259
-0.104014
-0.00427504
-0.00722486
-0.0101314
-0.0129914
-0.0158018
-0.0185595
-0.0212615
-0.0239049
-0.026487
-0.0290056
-0.0314581
-0.0338426
-0.0361572
-0.0384002
-0.0405699
-0.0426651
-0.0446847
-0.0466275
-0.0484928
-0.0502799
-0.00467878
-0.00767908
-0.0106354
-0.0135439
-0.016401
-0.0192031
-0.0219468
-0.0246292
-0.0272474
-0.0297987
-0.0322807
-0.0346913
-0.0370285
-0.0392906
-0.0414762
-0.043584
-0.0456131
-0.0475626
-0.0494311
-0.0512197
-0.00546125
-0.00852797
-0.0115494
-0.0145214
-0.0174404
-0.0203025
-0.0231044
-0.0258428
-0.0285148
-0.0311177
-0.033649
-0.0361067
-0.0384886
-0.0407933
-0.0430193
-0.0451655
-0.047231
-0.0492151
-0.0511152
-0.0529347
-0.00656176
-0.00971815
-0.0128279
-0.0158867
-0.0188907
-0.0218359
-0.0247188
-0.0275361
-0.0302846
-0.0329617
-0.0355648
-0.0380917
-0.0405405
-0.0429095
-0.0451974
-0.0474031
-0.049526
-0.0515651
-0.0535163
-0.0553854
-0.00796474
-0.0112303
-0.0144477
-0.0176124
-0.0207204
-0.0237676
-0.0267504
-0.0296653
-0.0325092
-0.0352793
-0.037973
-0.0405882
-0.0431228
-0.0455754
-0.0479445
-0.0502292
-0.052429
-0.0545429
-0.0565646
-0.0585024
-0.00964434
-0.0130384
-0.0163824
-0.0196719
-0.0229025
-0.0260703
-0.0291715
-0.0322025
-0.0351602
-0.0380417
-0.0408445
-0.0435663
-0.0462053
-0.0487598
-0.0512286
-0.0536108
-0.055906
-0.0581133
-0.0602235
-0.0622466
-0.0115854
-0.0151263
-0.0186152
-0.0220473
-0.0254185
-0.0287245
-0.0319616
-0.0351261
-0.0382149
-0.0412251
-0.0441542
-0.047
-0.0497606
-0.0524344
-0.0550203
-0.0575173
-0.0599254
-0.0622435
-0.0644595
-0.0665831
-0.0137746
-0.0174804
-0.0211317
-0.024724
-0.0282529
-0.0317141
-0.0351039
-0.0384187
-0.0416553
-0.0448108
-0.0478828
-0.0508691
-0.0537677
-0.0565774
-0.0592969
-0.0619253
-0.0644628
-0.0669087
-0.0692468
-0.0714851
-0.0162018
-0.02009
-0.0239211
-0.0276905
-0.0313937
-0.0350267
-0.0385855
-0.0420666
-0.0454669
-0.0487837
-0.0520143
-0.0551568
-0.0582094
-0.0611707
-0.0640396
-0.0668154
-0.0694982
-0.0720879
-0.0745643
-0.0769301
-0.0188588
-0.0229467
-0.0269744
-0.0309374
-0.0348312
-0.0386518
-0.0423953
-0.0460582
-0.0496376
-0.0531307
-0.0565352
-0.0598491
-0.0630707
-0.0661988
-0.0692323
-0.0721706
-0.0750142
-0.0777632
-0.0803936
-0.0828992
-0.0217391
-0.0260437
-0.0302846
-0.0344572
-0.0385574
-0.0425808
-0.046524
-0.0503837
-0.0541567
-0.0578407
-0.0614334
-0.064933
-0.068338
-0.0716473
-0.0748601
-0.0779758
-0.080995
-0.0839187
-0.086719
-0.0893766
-0.0248372
-0.0293753
-0.0338456
-0.0382436
-0.0425651
-0.0468062
-0.0509635
-0.0550338
-0.0590143
-0.0629028
-0.0666972
-0.0703961
-0.0739981
-0.0775025
-0.0809086
-0.0842159
-0.0874255
-0.0905393
-0.0935262
-0.0963498
-0.0281492
-0.0329371
-0.0376524
-0.0422908
-0.0468482
-0.051321
-0.0557058
-0.0599999
-0.0642007
-0.0683063
-0.072315
-0.0762256
-0.0800374
-0.0837498
-0.0873626
-0.0908758
-0.0942906
-0.0976102
-0.100802
-0.10381
-0.0316713
-0.0367252
-0.0417007
-0.0465939
-0.051401
-0.0561184
-0.0607433
-0.0652731
-0.0697058
-0.0740398
-0.078274
-0.0824078
-0.0864408
-0.0903733
-0.0942057
-0.0979385
-0.101574
-0.105116
-0.108534
-0.11175
-0.0354003
-0.040736
-0.0459865
-0.0511484
-0.0562179
-0.0611919
-0.066068
-0.0708442
-0.0755188
-0.080091
-0.0845604
-0.088927
-0.0931915
-0.0973549
-0.101419
-0.105385
-0.109256
-0.113038
-0.116706
-0.120167
-0.0393364
-0.044968
-0.0505071
-0.0559501
-0.0612936
-0.0665349
-0.0716719
-0.0767033
-0.0816282
-0.0864465
-0.0911586
-0.0957658
-0.10027
-0.104673
-0.108979
-0.113191
-0.117313
-0.121354
-0.125299
-0.129055
-0.0434732
-0.0494166
-0.0552582
-0.0609944
-0.0666225
-0.0721403
-0.0775465
-0.0828401
-0.0880214
-0.0930912
-0.0980512
-0.102904
-0.107653
-0.112303
-0.116859
-0.121328
-0.125717
-0.130036
-0.134285
-0.138406
-0.0478129
-0.0540815
-0.0602377
-0.0662778
-0.0721997
-0.0780017
-0.0836829
-0.0892436
-0.0946848
-0.100009
-0.105219
-0.110319
-0.115315
-0.120215
-0.125027
-0.129761
-0.13443
-0.139045
-0.143625
-0.1482
-0.0523514
-0.0589597
-0.0654425
-0.0717966
-0.0780202
-0.0841121
-0.0900725
-0.0959023
-0.101604
-0.107181
-0.112639
-0.117985
-0.123227
-0.128376
-0.133444
-0.138448
-0.143406
-0.148333
-0.153264
-0.158406
-0.0570896
-0.0640508
-0.0708712
-0.077548
-0.0840796
-0.0904654
-0.0967064
-0.102805
-0.108764
-0.11459
-0.12029
-0.125874
-0.131353
-0.136744
-0.142065
-0.147337
-0.152589
-0.157839
-0.163132
-0.168975
-0.0620273
-0.0693545
-0.0765229
-0.0835298
-0.0903741
-0.0970556
-0.103576
-0.109939
-0.116149
-0.122214
-0.128145
-0.133953
-0.139657
-0.145276
-0.150835
-0.156366
-0.161908
-0.167487
-0.173142
-0.179845
-0.0671655
-0.0748711
-0.082397
-0.0897405
-0.0969003
-0.103877
-0.110673
-0.117293
-0.123743
-0.130034
-0.136177
-0.14219
-0.148095
-0.153919
-0.159695
-0.165464
-0.171282
-0.177186
-0.183185
-0.190934
-0.0725054
-0.0806016
-0.0884937
-0.0961786
-0.103655
-0.110925
-0.117989
-0.124854
-0.131529
-0.138023
-0.144355
-0.150546
-0.156622
-0.162618
-0.168579
-0.174557
-0.180626
-0.18684
-0.193146
-0.202148
-0.0780488
-0.0865473
-0.0948133
-0.102843
-0.110636
-0.118192
-0.125515
-0.132609
-0.139486
-0.146158
-0.152645
-0.158973
-0.165177
-0.1713
-0.177401
-0.183547
-0.189839
-0.196348
-0.202921
-0.213405
-0.0837977
-0.0927096
-0.101357
-0.109735
-0.117841
-0.125677
-0.133244
-0.140548
-0.147601
-0.154417
-0.161017
-0.167434
-0.173707
-0.179891
-0.186058
-0.192298
-0.198751
-0.205522
-0.21235
-0.224604
-0.0897541
-0.0990893
-0.108123
-0.11685
-0.125266
-0.133371
-0.141168
-0.148662
-0.155863
-0.16279
-0.169464
-0.175922
-0.182208
-0.188385
-0.194537
-0.200773
-0.207269
-0.214179
-0.221197
-0.235506
-0.0959173
-0.105683
-0.115105
-0.124177
-0.132893
-0.141252
-0.149255
-0.156907
-0.16422
-0.171212
-0.177912
-0.18436
-0.19061
-0.19674
-0.202848
-0.209063
-0.215588
-0.222582
-0.229736
-0.246127
-0.10228
-0.112484
-0.122295
-0.131702
-0.140699
-0.149281
-0.157447
-0.165198
-0.172547
-0.179512
-0.186124
-0.192432
-0.198511
-0.204463
-0.210433
-0.216614
-0.223289
-0.23066
-0.238521
-0.256971
-0.108836
-0.119505
-0.129725
-0.139482
-0.148764
-0.157562
-0.165867
-0.173676
-0.180991
-0.187823
-0.194197
-0.200159
-0.205788
-0.211203
-0.216591
-0.222223
-0.228508
-0.235865
-0.244717
-0.264736
-0.115651
-0.126814
-0.137488
-0.147657
-0.157306
-0.166422
-0.174991
-0.183002
-0.190447
-0.197321
-0.20363
-0.209393
-0.21465
-0.219472
-0.22398
-0.228367
-0.232932
-0.238019
-0.244631
-0.260375
-0.0523663
-0.0547183
-0.0569862
-0.0591482
-0.0611817
-0.0630597
-0.0647518
-0.0662264
-0.0674513
-0.0683934
-0.0690198
-0.069299
-0.0692005
-0.0686963
-0.0677615
-0.0663763
-0.0645256
-0.0622015
-0.0594021
-0.0561358
-0.0524135
-0.0482694
-0.0437118
-0.0388357
-0.0335704
-0.02822
-0.0223221
-0.0169825
-0.0101325
-0.00587033
-0.053345
-0.0557109
-0.0579672
-0.0601148
-0.0621347
-0.0639963
-0.0656672
-0.0671157
-0.06831
-0.0692179
-0.069803
-0.0700376
-0.069891
-0.0693352
-0.0683463
-0.0669048
-0.0649967
-0.0626146
-0.0597575
-0.056435
-0.0526584
-0.0484642
-0.0438585
-0.0389441
-0.0336368
-0.0282712
-0.0223269
-0.0170195
-0.0100829
-0.00594431
-0.0551581
-0.0575603
-0.0598005
-0.0619245
-0.0639211
-0.0657531
-0.0673844
-0.068783
-0.0699176
-0.0707556
-0.0712676
-0.0714193
-0.0711819
-0.070529
-0.069438
-0.0678907
-0.0658744
-0.0633835
-0.0604184
-0.0569907
-0.0531128
-0.0488243
-0.0441305
-0.0391415
-0.0337633
-0.0283551
-0.0223518
-0.0170575
-0.0100445
-0.00603118
-0.0577496
-0.0601985
-0.0624112
-0.0644985
-0.0664589
-0.0682458
-0.0698178
-0.0711433
-0.072192
-0.0729325
-0.0733337
-0.0733644
-0.0729964
-0.0722047
-0.0709681
-0.0692704
-0.067101
-0.0644562
-0.0613389
-0.057763
-0.0537429
-0.049322
-0.0445051
-0.0394111
-0.0339354
-0.0284651
-0.0223861
-0.0171002
-0.0100021
-0.00612921
-0.0610494
-0.0635537
-0.0657269
-0.0677641
-0.0696751
-0.0714006
-0.0728931
-0.0741215
-0.0750572
-0.0756695
-0.075928
-0.0758026
-0.0752669
-0.0742976
-0.0728758
-0.0709874
-0.0686243
-0.0657858
-0.062477
-0.0587154
-0.0545175
-0.0499312
-0.0449612
-0.0397364
-0.0341404
-0.0285924
-0.0224225
-0.0171437
-0.00994982
-0.00623659
-0.0650138
-0.0675773
-0.0696956
-0.0716667
-0.0735126
-0.0751583
-0.0765492
-0.0776552
-0.07845
-0.078904
-0.0789875
-0.0786722
-0.0779335
-0.0767505
-0.0751066
-0.0729908
-0.0703976
-0.0673295
-0.0637949
-0.0598146
-0.055408
-0.0506281
-0.0454794
-0.0401019
-0.0343667
-0.0287278
-0.0224554
-0.0171821
-0.00988607
-0.00634892
-0.0696055
-0.0722278
-0.0742723
-0.0761591
-0.077922
-0.0794669
-0.080732
-0.081689
-0.0823143
-0.0825794
-0.082456
-0.0819177
-0.0809422
-0.0795114
-0.0776115
-0.0752346
-0.0723785
-0.0690491
-0.0652582
-0.0610307
-0.0563887
-0.051391
-0.046042
-0.0404936
-0.0346038
-0.0288629
-0.0224795
-0.0172098
-0.00980961
-0.00646057
-0.0747949
-0.0774709
-0.0794191
-0.0812004
-0.0828596
-0.0842802
-0.085393
-0.0861728
-0.0865987
-0.086644
-0.0862819
-0.0854884
-0.0842438
-0.082533
-0.0803457
-0.077677
-0.0745284
-0.0709097
-0.066836
-0.0623366
-0.0574367
-0.0522007
-0.0466335
-0.0408989
-0.0348422
-0.0289901
-0.0224903
-0.0172215
-0.00971966
-0.00656506
-0.0805572
-0.0832765
-0.0851016
-0.0867533
-0.0882853
-0.0895552
-0.0904871
-0.0910595
-0.0912554
-0.0910496
-0.0904173
-0.089337
-0.0877925
-0.0857718
-0.0832679
-0.0802797
-0.0768126
-0.0728798
-0.0685005
-0.0637081
-0.0585313
-0.0530402
-0.0472402
-0.0413069
-0.0350742
-0.0291027
-0.0224844
-0.0172118
-0.00961624
-0.00665501
-0.0868707
-0.0896169
-0.0912873
-0.0927822
-0.0941604
-0.0952506
-0.0959705
-0.0963043
-0.0962391
-0.0957504
-0.0948166
-0.0934194
-0.0915457
-0.0891871
-0.0863402
-0.0830078
-0.079199
-0.0749309
-0.0702266
-0.0651237
-0.0596544
-0.0538944
-0.0478503
-0.041708
-0.035293
-0.0291949
-0.0224591
-0.0171757
-0.00950029
-0.00672217
-0.0937155
-0.0964646
-0.097944
-0.0992517
-0.100447
-0.101325
-0.1018
-0.101863
-0.101503
-0.100702
-0.0994364
-0.0976933
-0.0954631
-0.0927409
-0.0895274
-0.0858289
-0.0816584
-0.0770372
-0.0719918
-0.0665642
-0.0607901
-0.0547502
-0.0484535
-0.0420943
-0.0354932
-0.0292616
-0.0224128
-0.0171085
-0.00937354
-0.00675759
-0.101071
-0.10379
-0.105038
-0.106125
-0.107105
-0.107738
-0.107934
-0.107692
-0.107007
-0.10586
-0.104235
-0.102118
-0.0995062
-0.0963974
-0.0927962
-0.0887129
-0.0841642
-0.0791751
-0.0737759
-0.0680124
-0.0619241
-0.0555962
-0.0490409
-0.0424585
-0.0356703
-0.0292986
-0.0223443
-0.0170056
-0.00923846
-0.00675193
-0.108913
-0.111559
-0.112531
-0.113364
-0.114094
-0.114445
-0.114327
-0.113747
-0.112705
-0.111184
-0.10917
-0.106655
-0.103638
-0.100122
-0.0961156
-0.0916319
-0.0866915
-0.081323
-0.0755604
-0.0694529
-0.063044
-0.0564223
-0.0496052
-0.0427949
-0.0358205
-0.029302
-0.0222534
-0.016863
-0.00909799
-0.00669588
-0.117212
-0.119731
-0.120381
-0.120923
-0.121368
-0.121399
-0.120932
-0.119983
-0.118553
-0.11663
-0.114201
-0.111265
-0.107823
-0.103883
-0.0994557
-0.0945592
-0.0892171
-0.083461
-0.0773285
-0.0708717
-0.0641385
-0.0572195
-0.0501395
-0.0430981
-0.0359409
-0.0292688
-0.0221399
-0.0166769
-0.00895538
-0.00658061
-0.125928
-0.128252
-0.128539
-0.128757
-0.128878
-0.128553
-0.127703
-0.126352
-0.124506
-0.122154
-0.119288
-0.11591
-0.112026
-0.107647
-0.102788
-0.09747
-0.0917192
-0.0855705
-0.0790646
-0.072256
-0.0651975
-0.0579799
-0.0506381
-0.0433636
-0.036029
-0.0291963
-0.022004
-0.0164446
-0.00881389
-0.00639825
-0.135006
-0.137058
-0.136947
-0.136811
-0.136571
-0.135854
-0.134587
-0.132807
-0.130518
-0.127713
-0.124389
-0.120553
-0.116213
-0.111385
-0.106086
-0.10034
-0.0941773
-0.087634
-0.0807543
-0.0735941
-0.0662116
-0.0586962
-0.0510957
-0.0435874
-0.0360824
-0.0290823
-0.0218459
-0.0161636
-0.00867658
-0.00614241
-0.144372
-0.146072
-0.145542
-0.145026
-0.14439
-0.143245
-0.141534
-0.139297
-0.136542
-0.133264
-0.129465
-0.125155
-0.12035
-0.115065
-0.109322
-0.103147
-0.0965718
-0.0896353
-0.0823841
-0.0748752
-0.0671723
-0.0593619
-0.0515077
-0.0437662
-0.0360993
-0.0289253
-0.0216658
-0.0158329
-0.00854603
-0.00580851
-0.153936
-0.155203
-0.154253
-0.153338
-0.152273
-0.15067
-0.148489
-0.145772
-0.14253
-0.13876
-0.134473
-0.129681
-0.124403
-0.118659
-0.112471
-0.105869
-0.0988846
-0.0915592
-0.0839417
-0.0760893
-0.0680721
-0.0599712
-0.0518698
-0.043897
-0.0360781
-0.0287243
-0.0214639
-0.015452
-0.00842423
-0.00539415
-0.163584
-0.164352
-0.163007
-0.161681
-0.160156
-0.15807
-0.155398
-0.152181
-0.148434
-0.14416
-0.139374
-0.134095
-0.128342
-0.122139
-0.11551
-0.108485
-0.101099
-0.0933918
-0.0854159
-0.0772276
-0.068904
-0.060519
-0.0521786
-0.0439774
-0.0360176
-0.0284789
-0.0212403
-0.0150217
-0.00831238
-0.00489926
-0.173188
-0.173416
-0.17173
-0.169989
-0.167976
-0.165386
-0.162206
-0.158473
-0.154207
-0.149419
-0.14413
-0.138362
-0.132137
-0.12548
-0.118417
-0.110979
-0.1032
-0.0951209
-0.086797
-0.0782824
-0.0696622
-0.061001
-0.0524311
-0.044006
-0.035917
-0.0281893
-0.0209953
-0.0145437
-0.00821083
-0.00432614
-0.182606
-0.182294
-0.180353
-0.178195
-0.175673
-0.172567
-0.168862
-0.164599
-0.159804
-0.154498
-0.148705
-0.142452
-0.135761
-0.12866
-0.121174
-0.113333
-0.105174
-0.0967362
-0.0880766
-0.0792475
-0.0703422
-0.0614142
-0.0526254
-0.0439818
-0.0357758
-0.0278567
-0.0207291
-0.014021
-0.00811912
-0.00367937
-0.191687
-0.190898
-0.188818
-0.186241
-0.18319
-0.179555
-0.175316
-0.170513
-0.165184
-0.159359
-0.153067
-0.146336
-0.139191
-0.131658
-0.123763
-0.115535
-0.107011
-0.0982296
-0.0892486
-0.0801182
-0.0709406
-0.0617565
-0.0527603
-0.043905
-0.0355943
-0.0274828
-0.020442
-0.0134569
-0.0080361
-0.00296558
-0.200283
-0.199165
-0.19708
-0.194074
-0.190481
-0.186307
-0.181522
-0.176171
-0.170308
-0.163969
-0.157187
-0.149991
-0.142407
-0.13446
-0.126173
-0.117577
-0.108705
-0.0995954
-0.090309
-0.0808918
-0.0714556
-0.0620271
-0.0528357
-0.0437764
-0.0353735
-0.0270701
-0.0201345
-0.0128561
-0.00796008
-0.00219295
-0.208252
-0.207068
-0.205113
-0.201653
-0.1975
-0.192781
-0.187441
-0.181539
-0.175144
-0.168301
-0.161044
-0.153401
-0.145397
-0.137054
-0.128397
-0.11945
-0.11025
-0.100831
-0.0912558
-0.0815672
-0.0718871
-0.0622267
-0.0528525
-0.0435978
-0.0351146
-0.0266218
-0.0198074
-0.0122238
-0.00788875
-0.00137097
-0.215474
-0.214627
-0.212909
-0.208945
-0.204219
-0.198942
-0.193035
-0.186582
-0.179666
-0.172334
-0.16462
-0.156551
-0.14815
-0.139435
-0.130428
-0.121153
-0.111644
-0.101934
-0.0920881
-0.0821444
-0.0722354
-0.0623562
-0.0528121
-0.0433715
-0.0348196
-0.0261413
-0.0194615
-0.0115655
-0.00781902
-0.000510472
-0.221847
-0.221913
-0.220466
-0.215919
-0.210601
-0.20475
-0.198269
-0.19127
-0.183848
-0.176048
-0.167901
-0.159432
-0.150658
-0.141595
-0.132263
-0.122682
-0.112885
-0.102905
-0.0928064
-0.0826243
-0.0725019
-0.0624177
-0.0527166
-0.0431005
-0.0344907
-0.0256328
-0.0190981
-0.0108873
-0.00774774
0.000377192
-0.227421
-0.229045
-0.227785
-0.222556
-0.21662
-0.210176
-0.203118
-0.195589
-0.187683
-0.179442
-0.170891
-0.16205
-0.152931
-0.143547
-0.133914
-0.12405
-0.113987
-0.103755
-0.0934212
-0.083017
-0.0726958
-0.0624196
-0.0525733
-0.0427918
-0.0341334
-0.0251022
-0.0187199
-0.0101952
-0.00767253
0.00128104
-0.232835
-0.236238
-0.234959
-0.228948
-0.222355
-0.21529
-0.207655
-0.199612
-0.191246
-0.182588
-0.17366
-0.164472
-0.155032
-0.145348
-0.135434
-0.125305
-0.114991
-0.104522
-0.0939664
-0.0833515
-0.0728415
-0.0623822
-0.0523983
-0.0424582
-0.0337565
-0.024557
-0.0183304
-0.00949436
-0.00759209
0.00219171
-0.238677
-0.244033
-0.242275
-0.235345
-0.227982
-0.220221
-0.211983
-0.203418
-0.194594
-0.185531
-0.176237
-0.166715
-0.156969
-0.146999
-0.136817
-0.126436
-0.115885
-0.10519
-0.0944241
-0.0836095
-0.072921
-0.0622891
-0.0521765
-0.0420878
-0.0333496
-0.0239919
-0.0179235
-0.00878587
-0.00750137
0.00310061
-0.243158
-0.25231
-0.24907
-0.24098
-0.232663
-0.224134
-0.215296
-0.206243
-0.197006
-0.187586
-0.17798
-0.16818
-0.15818
-0.147979
-0.137582
-0.127002
-0.116267
-0.105402
-0.0944789
-0.0835193
-0.0727055
-0.0619547
-0.0517623
-0.0415746
-0.0328382
-0.023365
-0.0174715
-0.00807426
-0.00738133
0.00398917
-0.274039
-0.261031
-0.250321
-0.241645
-0.233054
-0.224336
-0.2154
-0.206269
-0.196962
-0.187476
-0.177806
-0.167943
-0.157881
-0.147618
-0.137163
-0.126526
-0.115739
-0.104827
-0.093864
-0.08287
-0.0720349
-0.0612606
-0.0510769
-0.0408626
-0.0321959
-0.0226505
-0.0169666
-0.00734008
-0.00721426
0.00491316
-0.274498
-0.26499
-0.253455
-0.244556
-0.235429
-0.226085
-0.216659
-0.207145
-0.197531
-0.187796
-0.177917
-0.167875
-0.157658
-0.14726
-0.136685
-0.125945
-0.115067
-0.104077
-0.0930506
-0.0820052
-0.071134
-0.0603326
-0.050151
-0.039924
-0.0313284
-0.0217392
-0.0162924
-0.00643525
-0.00701177
0.00600387
-0.275803
-0.2663
-0.253807
-0.244727
-0.235416
-0.22585
-0.216274
-0.206652
-0.196947
-0.187133
-0.177182
-0.167073
-0.156793
-0.146335
-0.135705
-0.124915
-0.113994
-0.102969
-0.091915
-0.0808522
-0.0699758
-0.0591785
-0.0490261
-0.0388178
-0.0303177
-0.0207153
-0.0155328
-0.00545565
-0.00679871
0.0071662
-0.277038
-0.267098
-0.253889
-0.244555
-0.235077
-0.225343
-0.21566
-0.205962
-0.196193
-0.18632
-0.176315
-0.166152
-0.15582
-0.145313
-0.134637
-0.123806
-0.112849
-0.101795
-0.0907199
-0.0796459
-0.0687702
-0.0579829
-0.0478651
-0.0376813
-0.0292815
-0.0196702
-0.0147573
-0.00445883
-0.00658231
0.00836623
-0.276977
-0.266699
-0.25329
-0.243881
-0.234367
-0.224579
-0.21486
-0.205133
-0.195332
-0.185424
-0.175379
-0.165175
-0.154799
-0.14425
-0.133533
-0.122665
-0.111675
-0.100596
-0.089503
-0.0784206
-0.0675481
-0.0567737
-0.0466924
-0.0365358
-0.0282373
-0.0186189
-0.0139759
-0.00345471
-0.00636255
0.00959245
-0.276153
-0.265536
-0.252153
-0.242737
-0.233258
-0.2235
-0.213809
-0.2041
-0.194303
-0.184386
-0.174323
-0.164094
-0.153689
-0.143108
-0.132361
-0.121464
-0.110449
-0.0993511
-0.0882458
-0.0771606
-0.0662963
-0.0555399
-0.0454993
-0.0353747
-0.0271801
-0.0175588
-0.0131863
-0.00244396
-0.00613857
0.0108377
-0.274636
-0.263757
-0.250602
-0.241246
-0.231852
-0.222181
-0.212559
-0.202899
-0.19313
-0.183226
-0.17316
-0.162919
-0.152496
-0.141894
-0.131124
-0.120206
-0.109174
-0.0980625
-0.086951
-0.0758686
-0.0650178
-0.0542848
-0.0442892
-0.0342017
-0.0261134
-0.0164938
-0.0123914
-0.00143178
-0.00591076
0.0120919
-0.272509
-0.261496
-0.248735
-0.239499
-0.230228
-0.220684
-0.21116
-0.20157
-0.191848
-0.181968
-0.171913
-0.161671
-0.151239
-0.140623
-0.129838
-0.118905
-0.107861
-0.0967425
-0.0856301
-0.0745558
-0.0637233
-0.0530186
-0.0430718
-0.033026
-0.0250457
-0.0154322
-0.0115978
-0.000426144
-0.0056804
0.0133431
-0.2699
-0.258903
-0.246657
-0.237583
-0.228457
-0.219064
-0.209655
-0.200148
-0.190483
-0.180639
-0.170603
-0.160367
-0.149934
-0.139311
-0.128517
-0.117576
-0.106525
-0.0954047
-0.0842963
-0.0732349
-0.0624251
-0.0517531
-0.0418583
-0.0318582
-0.0239867
-0.0143833
-0.0108125
0.000564036
-0.00544923
0.0145779
-0.266947
-0.256116
-0.244466
-0.235578
-0.22661
-0.217377
-0.208089
-0.19867
-0.189067
-0.179265
-0.169254
-0.159031
-0.148601
-0.137978
-0.12718
-0.116235
-0.105182
-0.0940647
-0.0829647
-0.0719204
-0.0611371
-0.0505016
-0.0406613
-0.0307102
-0.0229472
-0.0133574
-0.0100434
0.00152907
-0.0052195
0.0157823
-0.263789
-0.253262
-0.242245
-0.233555
-0.224748
-0.215676
-0.206507
-0.197175
-0.187635
-0.177876
-0.167893
-0.157686
-0.147265
-0.136645
-0.125848
-0.114903
-0.103852
-0.0927409
-0.081653
-0.0706292
-0.0598754
-0.0492794
-0.0394952
-0.0295952
-0.0219391
-0.0123657
-0.00929932
0.00245845
-0.00499393
0.0169416
-0.26056
-0.250451
-0.240071
-0.231577
-0.222927
-0.214007
-0.204951
-0.195701
-0.186221
-0.176504
-0.166549
-0.156361
-0.145951
-0.135336
-0.124543
-0.113601
-0.102556
-0.0914542
-0.0803811
-0.0693804
-0.0586583
-0.0481034
-0.0383757
-0.0285278
-0.0209755
-0.0114207
-0.00858973
0.00334097
-0.0047757
0.0180407
-0.257389
-0.247773
-0.238006
-0.229699
-0.221195
-0.212415
-0.20346
-0.194283
-0.184858
-0.175181
-0.165253
-0.155083
-0.144685
-0.134079
-0.123291
-0.112355
-0.101317
-0.090227
-0.0791707
-0.0681946
-0.0575051
-0.0469919
-0.0373198
-0.0275237
-0.0200703
-0.0105353
-0.00792458
0.004165
-0.00456834
0.0190646
-0.254413
-0.245307
-0.236102
-0.227964
-0.219594
-0.210937
-0.20207
-0.192957
-0.183579
-0.173937
-0.164035
-0.153883
-0.143497
-0.132899
-0.122118
-0.11119
-0.100161
-0.0890831
-0.0780445
-0.0670934
-0.0564363
-0.0459639
-0.036345
-0.0265988
-0.0192377
-0.00972288
-0.00731402
0.00491878
-0.00437561
0.0199984
-0.2517
-0.243108
-0.234401
-0.226413
-0.218159
-0.209606
-0.200813
-0.191754
-0.182417
-0.172805
-0.162924
-0.152788
-0.142414
-0.131825
-0.121051
-0.11013
-0.0991108
-0.0880464
-0.0770254
-0.0660986
-0.0554723
-0.0450385
-0.0354689
-0.0257692
-0.0184917
-0.0089965
-0.00676806
0.00559076
-0.00420133
0.0208284
-0.249316
-0.241222
-0.232939
-0.225076
-0.21692
-0.208453
-0.199719
-0.190703
-0.181399
-0.171811
-0.16195
-0.151827
-0.141463
-0.130882
-0.120116
-0.109203
-0.098192
-0.0871401
-0.0761355
-0.0652312
-0.0546329
-0.044234
-0.0347084
-0.0250502
-0.0178459
-0.00836877
-0.00629624
0.00617002
-0.00404925
0.0215416
-0.247333
-0.239682
-0.231742
-0.223977
-0.2159
-0.2075
-0.198813
-0.18983
-0.180551
-0.170983
-0.161136
-0.151025
-0.140669
-0.130095
-0.119335
-0.108429
-0.0974266
-0.0863857
-0.0753956
-0.0645107
-0.0539366
-0.0435675
-0.0340789
-0.0244561
-0.0173127
-0.00785117
-0.00590722
0.00664663
-0.00392284
0.0221267
-0.245804
-0.238511
-0.230828
-0.223137
-0.215118
-0.206768
-0.198115
-0.189156
-0.179896
-0.170342
-0.160505
-0.150402
-0.140054
-0.129485
-0.11873
-0.107829
-0.0968339
-0.085802
-0.0748236
-0.0639541
-0.0533991
-0.0430535
-0.0335941
-0.0239988
-0.0169027
-0.00745363
-0.00560845
0.00701209
-0.00382513
0.0225742
-0.244768
-0.237721
-0.230212
-0.22257
-0.21459
-0.206271
-0.19764
-0.188698
-0.179449
-0.169904
-0.160075
-0.149978
-0.139633
-0.129069
-0.118317
-0.10742
-0.0964296
-0.085404
-0.0744337
-0.0635751
-0.0530334
-0.042704
-0.0332646
-0.0236884
-0.0166244
-0.00718401
-0.00540583
0.00725964
-0.00375856
0.0228767
-0.244245
-0.237323
-0.229902
-0.222284
-0.214323
-0.206021
-0.1974
-0.188465
-0.179223
-0.169682
-0.159857
-0.149762
-0.13942
-0.128857
-0.118108
-0.107213
-0.0962247
-0.0852024
-0.0742362
-0.0633832
-0.0528482
-0.0425271
-0.0330979
-0.0235314
-0.0164837
-0.00704779
-0.00530347
0.00738461
-0.00372484
0.0230293
)
;

boundaryField
{
    inlet
    {
        type            zeroGradient;
    }
    outlet
    {
        type            fixedValue;
        value           uniform 0;
    }
    cylinder
    {
        type            zeroGradient;
    }
    top
    {
        type            symmetryPlane;
    }
    bottom
    {
        type            symmetryPlane;
    }
    defaultFaces
    {
        type            empty;
    }
}


// ************************************************************************* //
