/*--------------------------------*- C++ -*----------------------------------*\
  =========                 |
  \\      /  F ield         | OpenFOAM: The Open Source CFD Toolbox
   \\    /   O peration     | Website:  https://openfoam.org
    \\  /    A nd           | Version:  9
     \\/     M anipulation  |
\*---------------------------------------------------------------------------*/
FoamFile
{
    format      ascii;
    class       volScalarField;
    location    "16.9";
    object      p;
}
// * * * * * * * * * * * * * * * * * * * * * * * * * * * * * * * * * * * * * //

dimensions      [0 2 -2 0 0 0 0];

internalField   nonuniform List<scalar> 
8500
(
-0.310829
-0.315194
-0.316142
-0.318108
-0.320547
-0.321236
-0.325751
-0.322932
-0.330663
-0.324967
-0.311109
-0.315407
-0.316349
-0.318281
-0.320754
-0.321327
-0.326052
-0.32283
-0.331058
-0.324751
-0.311659
-0.315825
-0.316754
-0.318617
-0.321157
-0.321495
-0.326642
-0.322609
-0.331835
-0.324328
-0.312465
-0.316438
-0.317343
-0.319098
-0.321735
-0.321716
-0.327493
-0.322241
-0.332964
-0.323713
-0.313506
-0.317226
-0.318094
-0.319698
-0.322459
-0.321961
-0.328561
-0.321692
-0.334406
-0.322923
-0.314756
-0.31817
-0.318981
-0.320387
-0.323288
-0.322199
-0.329781
-0.320933
-0.336105
-0.321955
-0.316184
-0.319245
-0.319977
-0.321133
-0.324173
-0.322408
-0.331074
-0.319944
-0.338009
-0.320766
-0.317761
-0.320429
-0.32105
-0.321905
-0.325058
-0.322575
-0.332345
-0.318728
-0.340038
-0.319391
-0.319459
-0.321697
-0.322169
-0.322677
-0.325886
-0.322699
-0.333484
-0.317411
-0.341713
-0.318121
-0.321251
-0.32303
-0.323305
-0.323427
-0.326602
-0.322798
-0.334247
-0.316163
-0.343174
-0.316397
-0.323118
-0.324413
-0.324435
-0.324143
-0.327151
-0.322986
-0.334562
-0.314867
-0.344329
-0.314551
-0.325045
-0.325833
-0.325538
-0.32482
-0.327402
-0.323289
-0.334458
-0.313648
-0.34474
-0.313079
-0.327027
-0.327286
-0.326606
-0.325488
-0.327425
-0.323562
-0.333911
-0.312832
-0.343834
-0.312523
-0.329068
-0.328773
-0.32763
-0.32611
-0.327285
-0.32378
-0.332857
-0.312583
-0.341206
-0.312867
-0.331182
-0.330303
-0.328632
-0.326671
-0.32702
-0.32392
-0.331366
-0.312812
-0.336855
-0.313218
-0.333398
-0.331882
-0.329652
-0.327186
-0.326684
-0.323804
-0.329568
-0.313132
-0.331314
-0.312412
-0.33575
-0.333536
-0.330716
-0.327689
-0.326358
-0.32339
-0.327546
-0.313147
-0.325232
-0.309917
-0.338282
-0.335298
-0.331862
-0.328221
-0.326102
-0.322701
-0.325264
-0.312649
-0.318841
-0.305791
-0.341044
-0.337204
-0.333138
-0.328817
-0.325916
-0.321849
-0.322631
-0.311546
-0.31205
-0.300472
-0.344095
-0.339296
-0.334594
-0.329502
-0.325756
-0.320946
-0.319633
-0.309677
-0.304898
-0.294696
-0.347492
-0.341624
-0.336281
-0.330273
-0.325595
-0.320019
-0.316343
-0.306823
-0.297995
-0.28891
-0.351279
-0.344259
-0.338237
-0.331113
-0.32547
-0.318996
-0.312838
-0.302963
-0.291713
-0.281968
-0.355532
-0.347253
-0.340462
-0.332035
-0.325432
-0.31775
-0.309136
-0.298377
-0.285374
-0.274848
-0.360314
-0.350669
-0.342916
-0.333122
-0.325471
-0.316176
-0.305229
-0.293209
-0.279011
-0.267723
-0.365687
-0.354558
-0.345544
-0.334508
-0.325489
-0.314215
-0.301068
-0.287655
-0.272527
-0.260537
-0.37172
-0.358928
-0.348356
-0.336258
-0.325361
-0.311842
-0.296635
-0.281807
-0.265908
-0.253349
-0.378486
-0.363725
-0.351472
-0.338285
-0.324987
-0.309056
-0.291916
-0.275726
-0.259159
-0.246092
-0.386056
-0.36885
-0.355101
-0.340378
-0.32429
-0.305862
-0.286906
-0.269435
-0.252268
-0.238761
-0.394469
-0.374197
-0.359424
-0.342322
-0.323201
-0.302265
-0.281597
-0.262935
-0.245232
-0.231317
-0.403697
-0.379712
-0.364472
-0.343967
-0.32165
-0.29826
-0.27598
-0.256218
-0.238033
-0.223739
-0.413617
-0.385411
-0.370051
-0.345219
-0.319576
-0.293829
-0.27004
-0.249267
-0.230652
-0.216
-0.423994
-0.391375
-0.375761
-0.346002
-0.316926
-0.288943
-0.263755
-0.242059
-0.223066
-0.208076
-0.434494
-0.397706
-0.381108
-0.346226
-0.313659
-0.283567
-0.257096
-0.234571
-0.215251
-0.199947
-0.444796
-0.404461
-0.385634
-0.345776
-0.309737
-0.277664
-0.250033
-0.226775
-0.207185
-0.191593
-0.454599
-0.411601
-0.388993
-0.34452
-0.305118
-0.2712
-0.242534
-0.218643
-0.198846
-0.182994
-0.463647
-0.418945
-0.390974
-0.342321
-0.299757
-0.264143
-0.234566
-0.210148
-0.190213
-0.174135
-0.471741
-0.426156
-0.39148
-0.339055
-0.293604
-0.256461
-0.226099
-0.201264
-0.181264
-0.164999
-0.478722
-0.432771
-0.390502
-0.334623
-0.286604
-0.24812
-0.217105
-0.191968
-0.171981
-0.155581
-0.484464
-0.438259
-0.38807
-0.32896
-0.278705
-0.239086
-0.207558
-0.182239
-0.162349
-0.14589
-0.48886
-0.442149
-0.38416
-0.322017
-0.269859
-0.229327
-0.197437
-0.172058
-0.152355
-0.135949
-0.491811
-0.444109
-0.378648
-0.313751
-0.260024
-0.218813
-0.186721
-0.16141
-0.141986
-0.125774
-0.493208
-0.443863
-0.371444
-0.304118
-0.249164
-0.20752
-0.175396
-0.150279
-0.131234
-0.115336
-0.49292
-0.441215
-0.362488
-0.293079
-0.237253
-0.195429
-0.163448
-0.138653
-0.120109
-0.104567
-0.490787
-0.436032
-0.351736
-0.280611
-0.224271
-0.182525
-0.150862
-0.126522
-0.108655
-0.09339
-0.486622
-0.428225
-0.339136
-0.266716
-0.210205
-0.168794
-0.137629
-0.113886
-0.096913
-0.0817962
-0.480216
-0.417738
-0.324652
-0.251398
-0.195042
-0.154234
-0.123755
-0.100786
-0.0848528
-0.0699459
-0.471351
-0.404537
-0.308264
-0.234654
-0.178768
-0.138866
-0.109279
-0.0873081
-0.0723625
-0.0578981
-0.459815
-0.388605
-0.289964
-0.216483
-0.161395
-0.122756
-0.0942626
-0.0734245
-0.0594567
-0.0456525
-0.445416
-0.369943
-0.269744
-0.196906
-0.143014
-0.10595
-0.0786675
-0.0591442
-0.0461827
-0.0332136
-0.427994
-0.348572
-0.247593
-0.17601
-0.123764
-0.0883635
-0.0625333
-0.0444803
-0.0325877
-0.0205963
-0.407431
-0.324551
-0.223514
-0.153952
-0.103581
-0.0700481
-0.0458997
-0.0294574
-0.0187139
-0.00782788
-0.383664
-0.298007
-0.197601
-0.130695
-0.0825154
-0.0510631
-0.0288103
-0.014108
-0.00460178
0.00505423
-0.356682
-0.269093
-0.170044
-0.106163
-0.0606278
-0.0314743
-0.0113129
0.0015282
0.00970924
0.0180057
-0.326535
-0.237833
-0.140986
-0.0804743
-0.0379852
-0.0113517
0.00653833
0.0174072
0.024183
0.0309818
-0.293344
-0.204014
-0.11078
-0.0537711
-0.0146623
0.0092297
0.0246829
0.0334838
0.0387885
0.0439388
-0.257283
-0.167929
-0.079395
-0.0262027
0.00925401
0.0301899
0.0430558
0.0497164
0.0534939
0.0568063
-0.218445
-0.129993
-0.0468877
0.00208479
0.0336634
0.0514436
0.061592
0.0660713
0.0682441
0.0694109
-0.176825
-0.0908133
-0.0133903
0.0309489
0.0584549
0.0729012
0.0802293
0.0825152
0.0829267
0.0814156
-0.132894
-0.0505564
0.020917
0.0602463
0.0835087
0.0944695
0.0989071
0.0989888
0.0973667
0.0925301
-0.0870142
-0.00941643
0.0558296
0.0898276
0.108699
0.116053
0.117557
0.115382
0.111401
0.103072
-0.0395663
0.0323682
0.0911273
0.119536
0.133895
0.137555
0.136095
0.131552
0.124974
0.114361
0.00904617
0.0745333
0.126581
0.149207
0.158963
0.158873
0.154424
0.14739
0.138292
0.12618
0.0584032
0.116797
0.161956
0.178671
0.183768
0.179904
0.172448
0.162863
0.151403
0.138043
0.108073
0.158866
0.197014
0.207753
0.20817
0.200537
0.190072
0.177924
0.164252
0.149772
0.157617
0.200441
0.231517
0.236277
0.232032
0.220663
0.207208
0.192526
0.176767
0.161185
0.206594
0.241221
0.26523
0.264067
0.255216
0.240171
0.22377
0.206613
0.188881
0.172186
0.254568
0.280908
0.297919
0.290946
0.277585
0.258953
0.239673
0.220123
0.200525
0.182694
0.301108
0.319207
0.329359
0.316743
0.299005
0.276902
0.254837
0.232991
0.211638
0.192652
0.345794
0.355841
0.35933
0.34129
0.319345
0.293915
0.269181
0.245155
0.222156
0.20201
0.388216
0.390547
0.387624
0.364426
0.33848
0.309893
0.28263
0.256553
0.232024
0.210724
0.427999
0.42307
0.414044
0.385995
0.35629
0.324742
0.29511
0.267126
0.241186
0.218756
0.464843
0.453121
0.438399
0.405851
0.372664
0.338375
0.306552
0.276819
0.249591
0.226072
0.498452
0.480443
0.460514
0.423858
0.387496
0.350709
0.316894
0.285579
0.257191
0.232643
0.528536
0.504821
0.480228
0.439895
0.400692
0.36167
0.326077
0.293359
0.263942
0.238441
0.554831
0.526067
0.4974
0.45385
0.412167
0.371193
0.334048
0.300112
0.269806
0.243445
0.577107
0.544022
0.511905
0.465629
0.421846
0.37922
0.340763
0.305802
0.274746
0.247637
0.595168
0.55855
0.523637
0.47515
0.429666
0.385701
0.346183
0.310395
0.278734
0.251004
0.608854
0.569543
0.532511
0.482349
0.435576
0.390597
0.350276
0.313863
0.281746
0.253536
0.618046
0.576917
0.538463
0.487176
0.439538
0.393877
0.353018
0.316187
0.283765
0.255227
0.622662
0.580618
0.54145
0.489597
0.441525
0.395523
0.354393
0.317352
0.284777
0.256072
0.622662
0.580618
0.54145
0.489597
0.441525
0.395523
0.354393
0.317352
0.284777
0.256072
0.618046
0.576917
0.538463
0.487176
0.439538
0.393877
0.353018
0.316187
0.283765
0.255227
0.608854
0.569543
0.532511
0.482349
0.435576
0.390597
0.350276
0.313863
0.281746
0.253536
0.595168
0.55855
0.523637
0.47515
0.429666
0.385701
0.346183
0.310395
0.278734
0.251004
0.577107
0.544022
0.511905
0.465629
0.421846
0.37922
0.340763
0.305802
0.274746
0.247637
0.554831
0.526067
0.4974
0.45385
0.412167
0.371193
0.334048
0.300112
0.269806
0.243445
0.528536
0.504821
0.480228
0.439895
0.400692
0.36167
0.326077
0.293359
0.263942
0.238441
0.498452
0.480443
0.460514
0.423858
0.387496
0.350709
0.316894
0.285579
0.257191
0.232643
0.464843
0.453121
0.438399
0.405851
0.372664
0.338375
0.306552
0.276819
0.249591
0.226072
0.427999
0.42307
0.414044
0.385995
0.35629
0.324742
0.29511
0.267126
0.241186
0.218756
0.388216
0.390547
0.387624
0.364426
0.33848
0.309893
0.28263
0.256553
0.232024
0.210724
0.345794
0.355841
0.35933
0.34129
0.319345
0.293915
0.269181
0.245155
0.222156
0.20201
0.301108
0.319207
0.329359
0.316743
0.299005
0.276902
0.254837
0.232991
0.211638
0.192652
0.254568
0.280908
0.297919
0.290946
0.277585
0.258953
0.239673
0.220123
0.200525
0.182694
0.206594
0.241221
0.26523
0.264067
0.255216
0.240171
0.22377
0.206613
0.188881
0.172186
0.157617
0.200441
0.231517
0.236277
0.232032
0.220663
0.207208
0.192526
0.176767
0.161185
0.108073
0.158866
0.197014
0.207753
0.20817
0.200537
0.190072
0.177924
0.164252
0.149772
0.0584032
0.116797
0.161956
0.178671
0.183768
0.179904
0.172448
0.162863
0.151403
0.138043
0.00904617
0.0745333
0.126581
0.149207
0.158963
0.158873
0.154424
0.14739
0.138292
0.12618
-0.0395663
0.0323682
0.0911273
0.119536
0.133895
0.137555
0.136095
0.131552
0.124974
0.114361
-0.0870142
-0.00941643
0.0558296
0.0898276
0.108699
0.116053
0.117557
0.115382
0.111401
0.103072
-0.132894
-0.0505563
0.0209171
0.0602463
0.0835087
0.0944695
0.0989071
0.0989888
0.0973667
0.0925301
-0.176825
-0.0908133
-0.0133903
0.0309489
0.0584549
0.0729012
0.0802293
0.0825152
0.0829267
0.0814156
-0.218445
-0.129993
-0.0468877
0.00208479
0.0336634
0.0514436
0.061592
0.0660713
0.0682441
0.0694109
-0.257283
-0.167929
-0.079395
-0.0262027
0.00925401
0.0301899
0.0430558
0.0497164
0.053494
0.0568063
-0.293344
-0.204014
-0.11078
-0.0537711
-0.0146623
0.00922971
0.0246829
0.0334838
0.0387885
0.0439388
-0.326535
-0.237833
-0.140986
-0.0804743
-0.0379852
-0.0113517
0.00653833
0.0174072
0.024183
0.0309818
-0.356682
-0.269093
-0.170044
-0.106163
-0.0606278
-0.0314743
-0.0113129
0.0015282
0.00970924
0.0180057
-0.383664
-0.298007
-0.197601
-0.130695
-0.0825154
-0.0510631
-0.0288103
-0.014108
-0.00460178
0.00505423
-0.407431
-0.324551
-0.223514
-0.153952
-0.103581
-0.0700481
-0.0458997
-0.0294574
-0.0187139
-0.00782788
-0.427994
-0.348572
-0.247593
-0.17601
-0.123764
-0.0883635
-0.0625333
-0.0444803
-0.0325877
-0.0205963
-0.445416
-0.369943
-0.269744
-0.196906
-0.143014
-0.10595
-0.0786675
-0.0591442
-0.0461827
-0.0332136
-0.459815
-0.388605
-0.289964
-0.216483
-0.161395
-0.122756
-0.0942626
-0.0734245
-0.0594567
-0.0456525
-0.471351
-0.404537
-0.308264
-0.234654
-0.178768
-0.138866
-0.109279
-0.0873081
-0.0723625
-0.0578981
-0.480216
-0.417738
-0.324652
-0.251398
-0.195042
-0.154234
-0.123755
-0.100786
-0.0848528
-0.0699459
-0.486622
-0.428225
-0.339136
-0.266716
-0.210205
-0.168794
-0.137629
-0.113886
-0.096913
-0.0817962
-0.490787
-0.436032
-0.351736
-0.280611
-0.224271
-0.182525
-0.150862
-0.126522
-0.108655
-0.09339
-0.49292
-0.441215
-0.362488
-0.293079
-0.237253
-0.195429
-0.163448
-0.138653
-0.120109
-0.104567
-0.493208
-0.443863
-0.371444
-0.304118
-0.249164
-0.20752
-0.175396
-0.150279
-0.131234
-0.115336
-0.491811
-0.444109
-0.378648
-0.313751
-0.260024
-0.218813
-0.186721
-0.16141
-0.141986
-0.125774
-0.48886
-0.442149
-0.38416
-0.322017
-0.269859
-0.229327
-0.197437
-0.172058
-0.152355
-0.135949
-0.484464
-0.438259
-0.38807
-0.32896
-0.278705
-0.239086
-0.207558
-0.182239
-0.162349
-0.14589
-0.478722
-0.432771
-0.390502
-0.334623
-0.286604
-0.24812
-0.217105
-0.191968
-0.171981
-0.155581
-0.471741
-0.426156
-0.39148
-0.339055
-0.293604
-0.256461
-0.226099
-0.201264
-0.181264
-0.164999
-0.463647
-0.418945
-0.390974
-0.342321
-0.299757
-0.264143
-0.234566
-0.210148
-0.190213
-0.174135
-0.454599
-0.411601
-0.388993
-0.34452
-0.305118
-0.2712
-0.242534
-0.218643
-0.198846
-0.182994
-0.444796
-0.404461
-0.385634
-0.345776
-0.309737
-0.277664
-0.250033
-0.226775
-0.207185
-0.191593
-0.434494
-0.397706
-0.381108
-0.346226
-0.313659
-0.283567
-0.257096
-0.234571
-0.215251
-0.199947
-0.423994
-0.391375
-0.375761
-0.346002
-0.316926
-0.288943
-0.263755
-0.242059
-0.223066
-0.208076
-0.413617
-0.385411
-0.370051
-0.345219
-0.319576
-0.293829
-0.27004
-0.249267
-0.230652
-0.216
-0.403697
-0.379712
-0.364472
-0.343966
-0.32165
-0.29826
-0.27598
-0.256218
-0.238033
-0.223739
-0.394469
-0.374197
-0.359424
-0.342322
-0.323201
-0.302265
-0.281597
-0.262935
-0.245232
-0.231317
-0.386056
-0.36885
-0.355101
-0.340378
-0.32429
-0.305862
-0.286906
-0.269435
-0.252268
-0.238761
-0.378486
-0.363725
-0.351472
-0.338285
-0.324987
-0.309056
-0.291916
-0.275726
-0.259159
-0.246092
-0.37172
-0.358928
-0.348356
-0.336258
-0.325361
-0.311842
-0.296635
-0.281807
-0.265908
-0.253349
-0.365687
-0.354558
-0.345544
-0.334508
-0.325489
-0.314215
-0.301068
-0.287655
-0.272527
-0.260537
-0.360314
-0.350669
-0.342916
-0.333122
-0.325471
-0.316176
-0.305229
-0.293209
-0.279011
-0.267723
-0.355532
-0.347253
-0.340462
-0.332035
-0.325432
-0.31775
-0.309136
-0.298377
-0.285374
-0.274848
-0.351279
-0.344259
-0.338237
-0.331113
-0.32547
-0.318996
-0.312838
-0.302963
-0.291713
-0.281968
-0.347492
-0.341624
-0.336281
-0.330273
-0.325595
-0.320019
-0.316343
-0.306823
-0.297995
-0.28891
-0.344095
-0.339296
-0.334594
-0.329502
-0.325756
-0.320946
-0.319633
-0.309677
-0.304898
-0.294696
-0.341044
-0.337204
-0.333138
-0.328817
-0.325916
-0.321849
-0.322631
-0.311546
-0.31205
-0.300472
-0.338282
-0.335298
-0.331862
-0.328221
-0.326102
-0.322701
-0.325264
-0.312649
-0.318841
-0.305791
-0.33575
-0.333536
-0.330716
-0.327689
-0.326358
-0.32339
-0.327546
-0.313147
-0.325232
-0.309917
-0.333398
-0.331882
-0.329652
-0.327186
-0.326684
-0.323804
-0.329568
-0.313132
-0.331314
-0.312412
-0.331182
-0.330303
-0.328632
-0.326671
-0.32702
-0.32392
-0.331366
-0.312812
-0.336855
-0.313218
-0.329068
-0.328773
-0.32763
-0.32611
-0.327285
-0.32378
-0.332857
-0.312583
-0.341206
-0.312867
-0.327027
-0.327286
-0.326606
-0.325488
-0.327425
-0.323562
-0.333911
-0.312832
-0.343834
-0.312523
-0.325045
-0.325833
-0.325538
-0.32482
-0.327402
-0.323288
-0.334458
-0.313648
-0.34474
-0.313079
-0.323118
-0.324413
-0.324435
-0.324143
-0.327151
-0.322986
-0.334562
-0.314867
-0.344329
-0.314551
-0.321251
-0.32303
-0.323305
-0.323427
-0.326602
-0.322798
-0.334247
-0.316163
-0.343174
-0.316397
-0.319459
-0.321697
-0.322169
-0.322677
-0.325886
-0.322699
-0.333484
-0.317411
-0.341713
-0.318121
-0.317761
-0.320429
-0.32105
-0.321905
-0.325058
-0.322575
-0.332345
-0.318728
-0.340038
-0.319391
-0.316184
-0.319245
-0.319977
-0.321133
-0.324173
-0.322408
-0.331074
-0.319944
-0.338009
-0.320766
-0.314756
-0.31817
-0.318981
-0.320387
-0.323288
-0.322199
-0.329781
-0.320933
-0.336105
-0.321955
-0.313506
-0.317226
-0.318094
-0.319698
-0.322459
-0.321961
-0.328561
-0.321692
-0.334406
-0.322923
-0.312465
-0.316438
-0.317343
-0.319098
-0.321735
-0.321716
-0.327493
-0.322241
-0.332964
-0.323713
-0.311659
-0.315825
-0.316754
-0.318617
-0.321157
-0.321495
-0.326642
-0.322609
-0.331835
-0.324328
-0.311109
-0.315407
-0.316349
-0.318281
-0.320754
-0.321327
-0.326052
-0.32283
-0.331058
-0.324751
-0.310829
-0.315194
-0.316142
-0.318108
-0.320547
-0.321236
-0.325751
-0.322932
-0.330663
-0.324967
-0.336153
-0.332283
-0.341224
-0.343715
-0.350576
-0.352073
-0.348722
-0.331943
-0.299858
-0.247962
-0.178362
-0.103087
-0.0415318
-0.000689613
0.0195363
0.0266435
0.0259598
0.0220264
0.017261
0.0127855
0.00898125
0.00600648
0.0039272
0.00254178
0.00157459
0.00087062
0.000378088
0.000285713
0.000153108
0.000339971
-0.336337
-0.332331
-0.341254
-0.343832
-0.350782
-0.352447
-0.349291
-0.332723
-0.300847
-0.249133
-0.17954
-0.104069
-0.0422494
-0.00119447
0.0191884
0.0264035
0.0257961
0.021914
0.0171844
0.0127341
0.00894614
0.00598126
0.00390915
0.00252961
0.00156668
0.000864764
0.000373191
0.000281271
0.000149638
0.00033778
-0.336661
-0.3324
-0.341292
-0.344026
-0.351146
-0.353122
-0.350328
-0.334164
-0.302706
-0.251349
-0.181781
-0.105965
-0.0436793
-0.00220782
0.0184832
0.0259144
0.0254622
0.0216854
0.0170291
0.0126302
0.00887529
0.00593066
0.00387303
0.00250522
0.00155083
0.000853105
0.00036355
0.000272559
0.000142872
0.000333425
-0.337051
-0.33244
-0.341299
-0.344231
-0.35158
-0.353976
-0.351699
-0.336094
-0.305219
-0.254372
-0.184945
-0.108644
-0.045779
-0.0037382
0.0174046
0.0251608
0.0249477
0.0213342
0.0167912
0.0124714
0.00876763
0.0058544
0.00381882
0.00246857
0.00152696
0.000835747
0.000349459
0.000259901
0.000133132
0.000326969
-0.337427
-0.332401
-0.341234
-0.344367
-0.351979
-0.354855
-0.353185
-0.33827
-0.308113
-0.257979
-0.188716
-0.11204
-0.0485063
-0.00578293
0.0159356
0.0241257
0.02424
0.0208528
0.0164662
0.0122551
0.00862186
0.00575219
0.00374656
0.00241958
0.00149496
0.000812833
0.000331314
0.000243739
0.000120859
0.000318501
-0.337677
-0.332236
-0.341038
-0.344374
-0.352232
-0.355625
-0.354593
-0.340478
-0.311177
-0.2618
-0.192949
-0.115993
-0.0518037
-0.00833474
0.0140648
0.0227956
0.0233286
0.0202348
0.0160503
0.0119787
0.00843682
0.00562386
0.00365636
0.00235825
0.00145477
0.000784534
0.000309565
0.000224594
0.000106569
0.000308145
-0.337893
-0.331876
-0.340744
-0.344149
-0.352286
-0.35613
-0.355861
-0.342483
-0.314088
-0.265703
-0.197432
-0.120377
-0.0556087
-0.0113743
0.0117896
0.0211658
0.0222081
0.0194766
0.0155409
0.0116408
0.00821173
0.00546944
0.00354848
0.00228467
0.00140633
0.000751038
0.000284673
0.000203015
9.0803e-05
0.000296054
-0.337592
-0.331556
-0.340122
-0.34382
-0.35199
-0.356339
-0.356643
-0.344172
-0.31676
-0.269436
-0.201978
-0.12507
-0.0598537
-0.0148748
0.00912721
0.0192409
0.0208801
0.0185786
0.0149381
0.011241
0.00794652
0.00528927
0.00342332
0.00219904
0.00134968
0.000712542
0.000257068
0.000179531
7.40829e-05
0.000282413
-0.337072
-0.331112
-0.339352
-0.343227
-0.351406
-0.356128
-0.35703
-0.345389
-0.318998
-0.272871
-0.206447
-0.129961
-0.0644662
-0.0187896
0.00610225
0.0170351
0.0193522
0.0175448
0.0142442
0.0107805
0.00764186
0.00508404
0.00328151
0.0021017
0.00128492
0.000669241
0.000227112
0.000154619
5.68712e-05
0.000267427
-0.336156
-0.33056
-0.338369
-0.342408
-0.350486
-0.355489
-0.356901
-0.346074
-0.320707
-0.275878
-0.210719
-0.134951
-0.0693712
-0.0230653
0.00275097
0.0145714
0.0176382
0.0163835
0.0134641
0.010262
0.00729924
0.00485478
0.00312384
0.00199316
0.00121226
0.000621334
0.000195089
0.000128674
3.95456e-05
0.000251324
-0.334633
-0.329896
-0.337174
-0.341328
-0.349233
-0.354426
-0.356223
-0.346172
-0.32183
-0.278376
-0.214704
-0.139953
-0.0744941
-0.0276414
-0.000882829
0.0118795
0.0157565
0.0151057
0.0126046
0.00968937
0.00692085
0.00460283
0.00295126
0.00187404
0.00113203
0.000569021
0.000161197
0.000101994
2.23841e-05
0.000234339
-0.332311
-0.329031
-0.335719
-0.339969
-0.347623
-0.352832
-0.354976
-0.345653
-0.322336
-0.280286
-0.21833
-0.144891
-0.079763
-0.0324548
-0.00475122
0.00899277
0.0137281
0.0137241
0.0116737
0.00906746
0.00650939
0.00432978
0.00276486
0.00174511
0.00104465
0.000512508
0.000125558
7.47831e-05
5.56329e-06
0.000216711
-0.329217
-0.327795
-0.333947
-0.338277
-0.345634
-0.350824
-0.35314
-0.344501
-0.322185
-0.281606
-0.221544
-0.149703
-0.0851109
-0.0374427
-0.00880525
0.00594607
0.0115764
0.0122521
0.0106801
0.00840157
0.00606793
0.00403736
0.00256578
0.00160719
0.00095062
0.000452013
8.82304e-05
4.71538e-05
-1.08344e-05
0.000198671
-0.325739
-0.325967
-0.331782
-0.336175
-0.343213
-0.348312
-0.350707
-0.342704
-0.321387
-0.282326
-0.224316
-0.154342
-0.0904776
-0.0425457
-0.0129978
0.00277353
0.00932401
0.010703
0.00963226
0.00769715
0.00559969
0.00372739
0.00235521
0.00146115
0.000850505
0.000387765
4.92362e-05
1.91465e-05
-2.68056e-05
0.000180439
-0.32207
-0.323493
-0.329119
-0.333595
-0.340308
-0.345264
-0.347697
-0.340288
-0.319974
-0.282489
-0.22663
-0.158767
-0.0958117
-0.0477098
-0.017285
-0.000493438
0.00698868
0.00908929
0.00853832
0.00695948
0.00510787
0.00340167
0.00213429
0.00130784
0.000744902
0.000320009
8.57546e-06
-9.25348e-06
-4.24083e-05
0.000162212
-0.318224
-0.320359
-0.325898
-0.330486
-0.336909
-0.341664
-0.34409
-0.337255
-0.317968
-0.282114
-0.228534
-0.162951
-0.101068
-0.0528875
-0.0216296
-0.00382879
0.00458799
0.00742368
0.00740531
0.00619313
0.00459535
0.00306187
0.0019041
0.00114808
0.000634422
0.000249009
-3.37472e-05
-3.80961e-05
-5.77437e-05
0.000144167
-0.314015
-0.316549
-0.322118
-0.326864
-0.33303
-0.337695
-0.34006
-0.333755
-0.315491
-0.281306
-0.230067
-0.166887
-0.106222
-0.0580505
-0.0260044
-0.00720826
0.00214217
0.0057204
0.00624231
0.00540327
0.00406516
0.00270969
0.00166573
0.000982742
0.000519751
0.000175089
-7.77086e-05
-6.74495e-05
-7.29341e-05
0.000126444
-0.309608
-0.312188
-0.317751
-0.322721
-0.328663
-0.332915
-0.335341
-0.32964
-0.312488
-0.280087
-0.231295
-0.170571
-0.111226
-0.0631334
-0.0303508
-0.0105936
-0.000333922
0.00397934
0.00505574
0.00459633
0.00352157
0.00234757
0.00142053
0.00081264
0.000401403
9.84617e-05
-0.000123333
-9.73845e-05
-8.80883e-05
0.000109154
-0.305053
-0.307458
-0.312966
-0.318201
-0.324142
-0.328878
-0.330877
-0.325604
-0.30943
-0.278688
-0.232172
-0.173932
-0.116002
-0.0681161
-0.034704
-0.0140376
-0.00287757
0.00217351
0.00381947
0.00376108
0.00295989
0.0019735
0.00116751
0.000637153
0.000278815
1.87676e-05
-0.000170745
-0.00012794
-0.0001033
9.24113e-05
-0.30066
-0.302049
-0.307381
-0.312784
-0.318498
-0.322158
-0.324846
-0.320368
-0.305617
-0.277086
-0.233441
-0.177811
-0.1214
-0.0736179
-0.0393737
-0.0176281
-0.00545906
0.000376735
0.00255685
0.00289028
0.00237044
0.00158127
0.000904039
0.000455898
0.000153218
-6.28851e-05
-0.000219374
-0.000159047
-0.000118854
7.645e-05
-0.295405
-0.297897
-0.303108
-0.308789
-0.314738
-0.319679
-0.32093
-0.316368
-0.301805
-0.273887
-0.231392
-0.177442
-0.1225
-0.0756643
-0.0417154
-0.0198323
-0.0073039
-0.00104268
0.00152731
0.0021644
0.00186948
0.00123666
0.000665021
0.00029098
4.21066e-05
-0.000135473
-0.000264301
-0.000188873
-0.000134317
6.252e-05
-0.289613
-0.292814
-0.298085
-0.303981
-0.309669
-0.312983
-0.314968
-0.31008
-0.295505
-0.268218
-0.227231
-0.17551
-0.122706
-0.0773145
-0.0439475
-0.0220635
-0.00922058
-0.00255089
0.000402105
0.00135251
0.00130056
0.000849698
0.000404513
0.000113928
-7.8466e-05
-0.000213999
-0.000310477
-0.000218042
-0.000147923
4.94565e-05
-0.283531
-0.287256
-0.2926
-0.298679
-0.304271
-0.308052
-0.308797
-0.303554
-0.289016
-0.262428
-0.222991
-0.173502
-0.122822
-0.0788923
-0.0461544
-0.0243142
-0.0111892
-0.00412504
-0.000788805
0.000484306
0.000687258
0.000430498
0.000122001
-7.81154e-05
-0.000209726
-0.000299604
-0.00036049
-0.000249032
-0.000161949
3.6047e-05
-0.27716
-0.281403
-0.286813
-0.293037
-0.298543
-0.301747
-0.302333
-0.296809
-0.282382
-0.256561
-0.21871
-0.17146
-0.122904
-0.0804464
-0.0483591
-0.0265836
-0.0131922
-0.00573855
-0.00201606
-0.000414164
5.01112e-05
-7.0489e-06
-0.00017414
-0.000279753
-0.000347507
-0.000389697
-0.000413538
-0.000281893
-0.000176894
2.24198e-05
-0.270437
-0.275294
-0.28077
-0.287091
-0.292494
-0.295549
-0.295611
-0.289848
-0.275591
-0.250593
-0.214359
-0.16935
-0.122923
-0.0819572
-0.050551
-0.0288673
-0.0152272
-0.00739056
-0.00328027
-0.00134433
-0.000612437
-0.000464015
-0.000484397
-0.00049121
-0.000491959
-0.000484434
-0.00046973
-0.000316756
-0.000192847
8.63041e-06
-0.263414
-0.26896
-0.27451
-0.280883
-0.286189
-0.288981
-0.28868
-0.282731
-0.268698
-0.244567
-0.209967
-0.167185
-0.122875
-0.0834133
-0.0527185
-0.0311566
-0.0172891
-0.00907927
-0.00458197
-0.00230779
-0.00130217
-0.000941864
-0.000809798
-0.000713206
-0.000643596
-0.000584158
-0.000529238
-0.000353715
-0.000209857
-5.27906e-06
-0.256167
-0.262435
-0.268073
-0.274461
-0.279677
-0.282261
-0.281617
-0.275527
-0.261766
-0.238534
-0.205566
-0.164978
-0.122763
-0.0848077
-0.0548519
-0.0334421
-0.0193709
-0.0108003
-0.00591881
-0.00330344
-0.00201866
-0.00144059
-0.00115051
-0.000945926
-0.000802519
-0.00068893
-0.00059212
-0.000392832
-0.000228001
-1.92621e-05
-0.24875
-0.255747
-0.261492
-0.267867
-0.273002
-0.275405
-0.27447
-0.268287
-0.254842
-0.232533
-0.201182
-0.162741
-0.122585
-0.0861341
-0.0569422
-0.0357151
-0.0214655
-0.0125488
-0.00728769
-0.00432945
-0.00276095
-0.00195977
-0.00150643
-0.00118936
-0.000968684
-0.000798719
-0.000658395
-0.00043415
-0.000247362
-3.32697e-05
-0.241213
-0.248922
-0.254794
-0.261137
-0.266198
-0.268451
-0.267279
-0.261055
-0.247966
-0.226593
-0.196833
-0.160482
-0.122343
-0.0873866
-0.0589808
-0.0379669
-0.0235656
-0.0143194
-0.00868526
-0.00538387
-0.00352797
-0.00249893
-0.00187738
-0.00144345
-0.00114203
-0.000913477
-0.000728058
-0.000477696
-0.000268006
-4.72532e-05
-0.233607
-0.241987
-0.248006
-0.254303
-0.259295
-0.261433
-0.26008
-0.253862
-0.241165
-0.220738
-0.192537
-0.158211
-0.122037
-0.0885603
-0.0609598
-0.040189
-0.025664
-0.0161067
-0.0101079
-0.0064645
-0.00431846
-0.00305743
-0.0022631
-0.00170808
-0.00132246
-0.00103313
-0.00080108
-0.000523466
-0.000289982
-6.11658e-05
-0.225979
-0.23497
-0.241153
-0.247396
-0.252323
-0.254378
-0.252902
-0.246738
-0.234465
-0.214985
-0.188304
-0.155933
-0.121668
-0.0896511
-0.0628718
-0.0423731
-0.0277529
-0.0179049
-0.0115516
-0.00756873
-0.00513085
-0.00363441
-0.00266313
-0.00198303
-0.00150982
-0.00115755
-0.000877399
-0.000571429
-0.000313322
-7.49625e-05
-0.218377
-0.227903
-0.234263
-0.24045
-0.245313
-0.247316
-0.245771
-0.239705
-0.227885
-0.20935
-0.184147
-0.153655
-0.121238
-0.0906557
-0.0647101
-0.0445112
-0.0298249
-0.0197076
-0.0130118
-0.00869355
-0.00596326
-0.00422873
-0.00307685
-0.00226795
-0.00170387
-0.00128656
-0.000956911
-0.000621521
-0.000338034
-8.85999e-05
-0.210849
-0.220821
-0.227365
-0.233497
-0.238296
-0.240273
-0.23871
-0.232785
-0.221441
-0.203845
-0.180072
-0.151383
-0.120749
-0.0915719
-0.0664685
-0.0465954
-0.0318718
-0.0215084
-0.0144834
-0.0098355
-0.00681338
-0.00483898
-0.00350342
-0.00256232
-0.00190427
-0.00141993
-0.00103947
-0.000673642
-0.000364105
-0.000102037
-0.203438
-0.213759
-0.220488
-0.22657
-0.231303
-0.233277
-0.231743
-0.225998
-0.215149
-0.198481
-0.17609
-0.149124
-0.120203
-0.0923982
-0.0681415
-0.0486183
-0.0338859
-0.0233
-0.0159611
-0.0109906
-0.00767851
-0.00546338
-0.00394172
-0.00286547
-0.00211058
-0.00155732
-0.00112488
-0.000727652
-0.000391489
-0.000115234
-0.196186
-0.206755
-0.213663
-0.219703
-0.22437
-0.226356
-0.224894
-0.219365
-0.209026
-0.193269
-0.172207
-0.146884
-0.119606
-0.0931339
-0.0697241
-0.0505723
-0.0358587
-0.0250749
-0.0174387
-0.0121543
-0.00855547
-0.0060998
-0.00439037
-0.00317651
-0.00232223
-0.00169834
-0.00121289
-0.000783367
-0.000420113
-0.000128154
-0.189129
-0.199846
-0.206921
-0.212929
-0.217529
-0.219542
-0.218186
-0.212905
-0.203085
-0.18822
-0.168434
-0.144671
-0.11896
-0.0937794
-0.071212
-0.0524504
-0.037782
-0.0268251
-0.0189094
-0.0133215
-0.00944052
-0.00674564
-0.00484764
-0.0034943
-0.00253846
-0.00184248
-0.00130317
-0.000840555
-0.000449868
-0.000140761
-0.182302
-0.193073
-0.200297
-0.206282
-0.210818
-0.212864
-0.211644
-0.206639
-0.197344
-0.183347
-0.164779
-0.142493
-0.118272
-0.0943361
-0.0726018
-0.054246
-0.0396473
-0.0285422
-0.020366
-0.0144863
-0.0103293
-0.00739782
-0.00531142
-0.00381744
-0.00275838
-0.00198909
-0.00139532
-0.00089893
-0.000480607
-0.000153019
-0.175738
-0.186476
-0.193828
-0.199797
-0.204273
-0.20636
-0.205294
-0.200588
-0.191818
-0.178661
-0.161251
-0.140359
-0.117549
-0.0948062
-0.0738907
-0.0559524
-0.041446
-0.0302171
-0.0218004
-0.0156422
-0.0112169
-0.00805273
-0.00577919
-0.00414422
-0.00298083
-0.0021374
-0.00148883
-0.000958149
-0.000512143
-0.000164894
-0.169466
-0.180098
-0.187551
-0.193509
-0.197934
-0.200063
-0.199167
-0.194774
-0.186527
-0.174177
-0.157863
-0.138279
-0.116798
-0.0951931
-0.0750768
-0.0575638
-0.0431696
-0.0318405
-0.0232039
-0.016782
-0.0120977
-0.00870614
-0.00624795
-0.00447257
-0.00320445
-0.00228648
-0.0015831
-0.0010178
-0.000544243
-0.000176349
-0.163518
-0.173981
-0.181506
-0.187458
-0.19184
-0.194013
-0.193293
-0.189221
-0.181489
-0.169909
-0.154627
-0.136264
-0.116028
-0.0955014
-0.076159
-0.0590743
-0.0448093
-0.0334026
-0.0245672
-0.0178976
-0.0129651
-0.00935319
-0.00671418
-0.00480003
-0.0034276
-0.00243522
-0.00167742
-0.00107741
-0.000576627
-0.000187345
-0.157922
-0.168166
-0.175733
-0.181682
-0.186032
-0.188249
-0.187705
-0.183956
-0.176726
-0.165876
-0.151557
-0.134327
-0.115249
-0.0957366
-0.077137
-0.0604785
-0.0463565
-0.0348929
-0.02588
-0.0189801
-0.0138121
-0.00998829
-0.00717377
-0.0051237
-0.00364832
-0.0025823
-0.00177092
-0.0011364
-0.000608962
-0.000197839
-0.152708
-0.162694
-0.170277
-0.176224
-0.180551
-0.182812
-0.18244
-0.179008
-0.17226
-0.162095
-0.148668
-0.132482
-0.114474
-0.0959055
-0.0780116
-0.0617714
-0.0478025
-0.0363008
-0.0271315
-0.0200198
-0.0146303
-0.0106051
-0.00762201
-0.00544023
-0.00386434
-0.00272619
-0.00186261
-0.00119413
-0.00064086
-0.000207777
-0.147904
-0.157608
-0.16518
-0.171127
-0.175441
-0.177746
-0.177536
-0.174408
-0.168117
-0.158589
-0.145979
-0.130744
-0.113713
-0.096016
-0.078784
-0.0629481
-0.0491384
-0.0376148
-0.0283098
-0.0210057
-0.0154108
-0.0111964
-0.00805349
-0.00574571
-0.00407299
-0.00286513
-0.00195133
-0.0012499
-0.000671888
-0.000217096
-0.143541
-0.152951
-0.16049
-0.166436
-0.170747
-0.173095
-0.173036
-0.170191
-0.164326
-0.155381
-0.143511
-0.129132
-0.112983
-0.096077
-0.0794562
-0.0640038
-0.0503548
-0.0388228
-0.0294021
-0.0219262
-0.0161435
-0.011754
-0.00846203
-0.00603569
-0.00427124
-0.00299708
-0.00203574
-0.00130286
-0.000701488
-0.000225718
-0.13965
-0.148767
-0.156256
-0.162203
-0.166518
-0.168909
-0.168985
-0.166397
-0.160919
-0.1525
-0.141287
-0.127664
-0.112297
-0.0960981
-0.0800305
-0.0649336
-0.0514419
-0.0399119
-0.0303947
-0.022768
-0.0168171
-0.012269
-0.00884069
-0.0063051
-0.00445558
-0.00311972
-0.00211431
-0.00135207
-0.000729123
-0.000233553
-0.136268
-0.145107
-0.152533
-0.158482
-0.162807
-0.165239
-0.165433
-0.16307
-0.157935
-0.149976
-0.139333
-0.126364
-0.111673
-0.0960897
-0.0805093
-0.0657325
-0.0523888
-0.040868
-0.0312721
-0.0235169
-0.0174191
-0.0127311
-0.00918163
-0.0065482
-0.00462207
-0.00323044
-0.00218534
-0.00139647
-0.000754164
-0.000240493
-0.133437
-0.142026
-0.149384
-0.155334
-0.159675
-0.162146
-0.162439
-0.160264
-0.155419
-0.147848
-0.137682
-0.125257
-0.11113
-0.0960629
-0.0808949
-0.0663941
-0.0531831
-0.0416753
-0.0320177
-0.0241566
-0.0179356
-0.013129
-0.00947607
-0.00675856
-0.00476625
-0.00332629
-0.00224689
-0.00143487
-0.000775904
-0.000246399
-0.1312
-0.139584
-0.146876
-0.152826
-0.157186
-0.159691
-0.160062
-0.158036
-0.153423
-0.14616
-0.13637
-0.124372
-0.110688
-0.0960284
-0.0811886
-0.0669107
-0.0538099
-0.042316
-0.0326125
-0.0246695
-0.0183512
-0.01345
-0.00971425
-0.00692901
-0.00488316
-0.00340398
-0.00229684
-0.00146597
-0.000793562
-0.000251112
-0.129633
-0.137865
-0.145104
-0.151053
-0.155428
-0.15796
-0.158384
-0.156461
-0.15201
-0.144965
-0.135441
-0.123742
-0.110369
-0.095997
-0.0813899
-0.067272
-0.0542514
-0.0427692
-0.0330351
-0.0250353
-0.0186484
-0.0136801
-0.00988535
-0.00705162
-0.0049673
-0.00345989
-0.00233281
-0.00148833
-0.000806285
-0.000254436
-0.128779
-0.136939
-0.144151
-0.150099
-0.154483
-0.157032
-0.157488
-0.155621
-0.151257
-0.144328
-0.134945
-0.123405
-0.110197
-0.0959781
-0.0814955
-0.0674637
-0.0544864
-0.0430105
-0.0332607
-0.0252312
-0.0188078
-0.0138038
-0.00997738
-0.00711761
-0.00501261
-0.00348997
-0.00235221
-0.0015003
-0.000813156
-0.000256092
-0.127726
-0.137248
-0.1466
-0.155765
-0.164732
-0.173505
-0.182092
-0.190502
-0.198746
-0.206833
-0.214775
-0.222582
-0.230264
-0.237826
-0.24526
-0.2526
-0.25968
-0.266911
-0.273341
-0.281636
-0.124451
-0.133654
-0.142688
-0.151551
-0.160241
-0.168761
-0.177118
-0.185319
-0.193371
-0.201282
-0.209061
-0.216713
-0.22424
-0.231663
-0.238927
-0.246186
-0.253065
-0.260481
-0.266786
-0.275399
-0.121269
-0.130108
-0.138786
-0.147307
-0.155673
-0.163885
-0.171948
-0.179867
-0.187647
-0.195294
-0.202812
-0.210214
-0.217485
-0.224687
-0.231705
-0.238835
-0.245537
-0.252944
-0.259307
-0.267658
-0.118152
-0.126652
-0.135011
-0.143234
-0.15132
-0.15927
-0.167089
-0.17478
-0.182346
-0.189797
-0.197129
-0.204368
-0.211481
-0.218569
-0.225461
-0.232533
-0.239165
-0.246436
-0.252874
-0.260678
-0.115129
-0.123303
-0.131356
-0.13929
-0.147104
-0.1548
-0.162382
-0.169855
-0.17722
-0.18449
-0.191655
-0.198753
-0.205729
-0.212714
-0.219491
-0.226454
-0.232994
-0.240017
-0.246429
-0.253747
-0.112205
-0.120059
-0.127805
-0.135446
-0.142982
-0.150416
-0.157749
-0.164988
-0.172131
-0.179195
-0.186161
-0.193079
-0.199873
-0.206688
-0.213298
-0.220061
-0.226478
-0.233223
-0.239613
-0.246611
-0.109377
-0.116915
-0.124356
-0.131705
-0.138961
-0.146129
-0.153206
-0.160202
-0.16711
-0.173949
-0.180696
-0.187403
-0.193992
-0.200597
-0.207029
-0.213568
-0.219873
-0.226373
-0.23272
-0.239463
-0.106644
-0.113871
-0.121012
-0.128072
-0.135052
-0.141952
-0.148773
-0.155521
-0.16219
-0.168798
-0.175321
-0.181808
-0.188192
-0.194582
-0.200841
-0.207158
-0.213333
-0.219594
-0.22582
-0.232313
-0.104006
-0.110929
-0.117776
-0.124553
-0.131257
-0.137892
-0.144455
-0.150954
-0.157381
-0.163754
-0.170051
-0.176312
-0.182489
-0.188655
-0.194728
-0.200812
-0.206816
-0.212834
-0.218885
-0.225136
-0.101464
-0.108091
-0.11465
-0.121147
-0.12758
-0.133951
-0.140257
-0.146506
-0.15269
-0.158823
-0.164891
-0.170918
-0.176878
-0.182811
-0.188678
-0.194524
-0.200328
-0.206109
-0.211964
-0.217974
-0.0990173
-0.105356
-0.111635
-0.117858
-0.124023
-0.130133
-0.136185
-0.142183
-0.148124
-0.154015
-0.159848
-0.165639
-0.171373
-0.177069
-0.182718
-0.188329
-0.19392
-0.199468
-0.205107
-0.210868
-0.0966664
-0.102726
-0.108732
-0.114687
-0.12059
-0.126443
-0.132243
-0.137993
-0.14369
-0.14934
-0.154937
-0.16049
-0.165994
-0.171455
-0.176879
-0.182255
-0.187621
-0.192932
-0.19834
-0.203849
-0.0944103
-0.100201
-0.105942
-0.111636
-0.117284
-0.122885
-0.128437
-0.133942
-0.139398
-0.144808
-0.150169
-0.155485
-0.160757
-0.165982
-0.171175
-0.176315
-0.181448
-0.186522
-0.19169
-0.196948
-0.092249
-0.0977808
-0.103266
-0.108707
-0.114106
-0.119462
-0.124772
-0.130037
-0.135255
-0.140427
-0.145555
-0.150635
-0.155675
-0.160666
-0.165625
-0.17053
-0.175427
-0.180264
-0.185186
-0.190192
-0.0901856
-0.0954673
-0.100705
-0.105903
-0.111061
-0.116178
-0.121252
-0.126281
-0.131267
-0.136207
-0.141103
-0.145953
-0.150761
-0.155521
-0.160247
-0.164919
-0.169579
-0.17418
-0.178853
-0.183606
-0.08822
-0.0932611
-0.0982617
-0.103224
-0.10815
-0.113036
-0.117881
-0.122683
-0.127441
-0.132155
-0.136825
-0.141448
-0.14603
-0.150562
-0.155058
-0.159501
-0.163925
-0.168293
-0.172719
-0.177218
-0.086351
-0.0911621
-0.0959356
-0.100673
-0.105375
-0.110039
-0.114663
-0.119245
-0.123785
-0.128279
-0.132729
-0.137133
-0.141493
-0.145803
-0.150075
-0.154292
-0.158486
-0.162624
-0.166808
-0.171055
-0.0845804
-0.0891725
-0.0937296
-0.0982525
-0.102741
-0.107192
-0.111604
-0.115975
-0.120303
-0.124587
-0.128825
-0.133016
-0.137162
-0.141258
-0.145312
-0.149311
-0.153282
-0.157196
-0.161144
-0.165144
-0.0829089
-0.0872934
-0.0916451
-0.0959639
-0.100249
-0.104498
-0.108708
-0.112878
-0.117004
-0.121085
-0.125121
-0.129108
-0.13305
-0.136939
-0.140785
-0.144574
-0.14833
-0.152029
-0.15575
-0.159512
-0.081338
-0.0855268
-0.0896847
-0.0938108
-0.0979038
-0.101961
-0.10598
-0.109958
-0.113893
-0.117783
-0.121626
-0.125421
-0.129167
-0.132861
-0.136508
-0.140098
-0.14365
-0.147144
-0.150648
-0.154182
-0.07987
-0.0838755
-0.0878515
-0.0917967
-0.0957093
-0.0995867
-0.103426
-0.107224
-0.110979
-0.114688
-0.118351
-0.121963
-0.125526
-0.129035
-0.132495
-0.135898
-0.139258
-0.142559
-0.145859
-0.149178
-0.0785082
-0.0823432
-0.0861499
-0.0899264
-0.0936708
-0.0973804
-0.101052
-0.104683
-0.10827
-0.111811
-0.115304
-0.118747
-0.122139
-0.125477
-0.128763
-0.131991
-0.135173
-0.138295
-0.141405
-0.144523
-0.0772566
-0.0809342
-0.0845844
-0.0882053
-0.0917943
-0.0953488
-0.0988655
-0.102341
-0.105773
-0.109159
-0.112497
-0.115784
-0.119019
-0.122199
-0.125326
-0.128394
-0.131412
-0.134371
-0.137307
-0.14024
-0.0761212
-0.079655
-0.0831626
-0.0866412
-0.0900885
-0.0935014
-0.0968769
-0.100212
-0.103503
-0.106747
-0.109944
-0.113089
-0.116182
-0.11922
-0.122203
-0.125127
-0.127998
-0.130809
-0.133589
-0.136354
-0.0751072
-0.0785115
-0.0818903
-0.0852408
-0.0885604
-0.0918461
-0.0950946
-0.0983028
-0.101468
-0.104586
-0.107657
-0.110676
-0.113643
-0.116554
-0.11941
-0.122208
-0.12495
-0.127632
-0.130275
-0.132892
-0.0742268
-0.0775171
-0.0807825
-0.08402
-0.0872271
-0.0904006
-0.0935375
-0.0966345
-0.0996887
-0.102697
-0.105658
-0.108567
-0.111425
-0.114227
-0.116974
-0.119663
-0.122295
-0.124866
-0.127393
-0.129884
-0.0734829
-0.0766741
-0.0798412
-0.0829814
-0.086092
-0.0891699
-0.0922119
-0.0952149
-0.0981759
-0.101092
-0.103961
-0.10678
-0.109548
-0.112261
-0.114919
-0.117519
-0.120063
-0.122546
-0.124979
-0.127368
-0.0729064
-0.0760172
-0.0791041
-0.0821638
-0.085194
-0.088192
-0.0911549
-0.0940797
-0.0969635
-0.0998037
-0.102598
-0.105344
-0.108039
-0.110682
-0.11327
-0.115803
-0.118279
-0.120696
-0.12306
-0.125373
-0.0724798
-0.0755274
-0.0785528
-0.0815533
-0.084526
-0.0874679
-0.0903759
-0.0932471
-0.0960786
-0.0988678
-0.101612
-0.10431
-0.106959
-0.109556
-0.112101
-0.11459
-0.117024
-0.1194
-0.121721
-0.123985
-0.0722823
-0.0752834
-0.0782607
-0.0812117
-0.0841351
-0.087029
-0.0898911
-0.0927188
-0.0955095
-0.0982609
-0.100971
-0.103637
-0.106258
-0.108831
-0.111356
-0.113829
-0.11625
-0.118618
-0.120932
-0.123192
0.0945624
0.0834937
0.0723481
0.0613218
0.0498362
0.0381234
0.02638
0.0146297
0.0028861
-0.00881437
-0.020428
-0.0319246
-0.0432799
-0.0544729
-0.0654899
-0.0763665
-0.0872439
-0.0978256
-0.108059
-0.118013
0.0898799
0.0783405
0.0667624
0.0560089
0.0449535
0.0336824
0.0224351
0.0112179
2.20183e-05
-0.0111231
-0.0221845
-0.0331404
-0.0439729
-0.0546769
-0.0652535
-0.075671
-0.0857383
-0.0957216
-0.105508
-0.115074
0.08416
0.0728451
0.0612699
0.0509548
0.0404905
0.0297312
0.0189868
0.0082985
-0.00236254
-0.0129767
-0.023512
-0.0339429
-0.044251
-0.0544249
-0.0644511
-0.0743088
-0.0840257
-0.0936435
-0.103061
-0.11226
0.0781227
0.0673614
0.0559344
0.0459735
0.0360636
0.0258115
0.0155505
0.00537677
-0.00475399
-0.0148412
-0.0248556
-0.0347716
-0.0445748
-0.05426
-0.0638207
-0.0732428
-0.0824863
-0.0916516
-0.100668
-0.109498
0.0720137
0.0618734
0.0507316
0.0411172
0.0317565
0.0220411
0.0122664
0.00259009
-0.00702774
-0.0166066
-0.026122
-0.0355457
-0.0448645
-0.0540747
-0.0631687
-0.0721345
-0.0809611
-0.0897197
-0.0983502
-0.106818
0.0659452
0.056428
0.0456835
0.0364195
0.0275727
0.0183938
0.00910133
-9.76167e-05
-0.00922168
-0.0183068
-0.0273381
-0.0362863
-0.0451384
-0.0538931
-0.0625451
-0.0710867
-0.0795066
-0.0878659
-0.0961178
-0.10423
0.0599782
0.0510606
0.0407905
0.031892
0.0235249
0.0148745
0.00606464
-0.00267181
-0.0113224
-0.0199312
-0.0284954
-0.036987
-0.0453924
-0.0537107
-0.0619389
-0.0700712
-0.078101
-0.0860791
-0.0939653
-0.101732
0.0541626
0.0458149
0.0360649
0.0275475
0.0196286
0.0114872
0.00315485
-0.00513311
-0.0133319
-0.0214839
-0.0295983
-0.0376517
-0.0456296
-0.0535309
-0.0613541
-0.0690951
-0.0767497
-0.0843603
-0.0918922
-0.0993213
0.0485356
0.0407251
0.0315154
0.0233902
0.0158924
0.00823501
0.000370869
-0.00748092
-0.0152482
-0.0229643
-0.030647
-0.0382805
-0.0458501
-0.0533534
-0.0607895
-0.0681557
-0.0754498
-0.0827072
-0.089897
-0.0969981
0.0431216
0.0358154
0.0271502
0.019423
0.0123234
0.00512265
-0.00228751
-0.00971578
-0.0170708
-0.0243724
-0.031643
-0.0388748
-0.0460548
-0.0531788
-0.0602455
-0.0672533
-0.0742011
-0.0811193
-0.087979
-0.094762
0.0379368
0.0311034
0.0229757
0.0156472
0.00892579
0.00215361
-0.00482059
-0.0118391
-0.0188
-0.0257083
-0.0325869
-0.0394358
-0.0462445
-0.0530072
-0.0597217
-0.0663866
-0.0730018
-0.0795949
-0.0861368
-0.0926121
0.032992
0.0266014
0.0189972
0.0120636
0.00570185
-0.000669345
-0.00722836
-0.0138523
-0.0204365
-0.0269721
-0.0334795
-0.0399643
-0.0464196
-0.0528387
-0.0592184
-0.0655569
-0.0718548
-0.0781357
-0.0843704
-0.0905482
0.0282949
0.022318
0.0152183
0.00867213
0.00265262
-0.0033444
-0.00951084
-0.0157571
-0.0219818
-0.0281646
-0.0343214
-0.0404616
-0.0465815
-0.0526739
-0.0587336
-0.0647575
-0.0707466
-0.0767278
-0.082671
-0.0885665
0.0238505
0.018259
0.0116412
0.0054721
-0.00022197
-0.00587057
-0.0116681
-0.0175548
-0.0234371
-0.0292863
-0.0351128
-0.0409279
-0.0467313
-0.0525174
-0.0582822
-0.0640225
-0.0697322
-0.0753878
-0.0810386
-0.0866663
0.0196614
0.0144278
0.00826684
0.00246206
-0.00292285
-0.0082476
-0.0137005
-0.0192469
-0.0248041
-0.0303382
-0.0358538
-0.0413621
-0.0468649
-0.0523566
-0.0578314
-0.0632844
-0.0687101
-0.0741028
-0.0794897
-0.084857
0.0157287
0.0108264
0.00509528
-0.00036001
-0.00545169
-0.0104759
-0.0156085
-0.0208348
-0.0260845
-0.0313213
-0.0365448
-0.0417648
-0.0469841
-0.0521984
-0.0574017
-0.0625885
-0.067754
-0.0728917
-0.0780226
-0.0831375
0.0120519
0.00745527
0.00212578
-0.00299657
-0.0078108
-0.0125564
-0.0173926
-0.0223196
-0.0272798
-0.0322371
-0.0371868
-0.0421364
-0.0470893
-0.0520417
-0.0569879
-0.0619221
-0.0668397
-0.0717363
-0.0766266
-0.0815028
0.00862971
0.00431384
-0.000642905
-0.00545039
-0.0100029
-0.0144908
-0.019054
-0.0237029
-0.0283919
-0.0330871
-0.0377808
-0.0424778
-0.0471812
-0.0518881
-0.0565929
-0.06129
-0.0659745
-0.0706426
-0.075305
-0.079955
0.00545992
0.0014009
-0.0032124
-0.00772443
-0.0120312
-0.0162811
-0.0205938
-0.0249859
-0.0294226
-0.0338732
-0.0383282
-0.04279
-0.0472608
-0.0517382
-0.0562168
-0.0606913
-0.0651568
-0.0696096
-0.0740572
-0.0784939
0.00254006
-0.00128524
-0.00558453
-0.00982162
-0.013899
-0.0179297
-0.0220136
-0.0261701
-0.0303735
-0.0345972
-0.0388308
-0.0430744
-0.0473292
-0.0515929
-0.0558608
-0.0601274
-0.064388
-0.0686386
-0.0728847
-0.0771211
-0.000132476
-0.0037465
-0.00776111
-0.0117448
-0.0156094
-0.0194392
-0.0233152
-0.0272571
-0.0312464
-0.0352609
-0.0392901
-0.0433323
-0.0473876
-0.0514537
-0.055526
-0.0595994
-0.0636692
-0.0677313
-0.0717893
-0.0758384
-0.00256005
-0.00598469
-0.00974377
-0.0134963
-0.0171655
-0.0208124
-0.0245006
-0.0282485
-0.032043
-0.0358663
-0.0397081
-0.0435657
-0.0474379
-0.0513222
-0.0552144
-0.0591095
-0.0630028
-0.0668902
-0.0707736
-0.074649
-0.00474442
-0.00800122
-0.0115337
-0.0150782
-0.01857
-0.0220517
-0.0255717
-0.0291458
-0.0327651
-0.0364151
-0.0400868
-0.0437764
-0.0474819
-0.0512004
-0.0549279
-0.0586596
-0.0623909
-0.0661177
-0.0698407
-0.0735561
-0.00668628
-0.00979665
-0.0131312
-0.0164916
-0.0198248
-0.0231592
-0.0265304
-0.0299509
-0.0334144
-0.0369097
-0.0404288
-0.0439674
-0.0475229
-0.051092
-0.0546708
-0.0582547
-0.061839
-0.0654196
-0.0689961
-0.0725656
-0.00838477
-0.0113703
-0.0145356
-0.0177363
-0.0209308
-0.0241364
-0.027378
-0.0306646
-0.0339919
-0.0373511
-0.0407352
-0.0441398
-0.0475617
-0.0509975
-0.0544433
-0.0578947
-0.0613473
-0.0647972
-0.068243
-0.0716819
-0.00983673
-0.0127194
-0.0157445
-0.0188112
-0.0218879
-0.0249843
-0.0281162
-0.0312896
-0.0345012
-0.0377442
-0.0410124
-0.0443017
-0.0476084
-0.0509289
-0.0542594
-0.0575953
-0.0609322
-0.0642659
-0.0675947
-0.0709169
-0.0110357
-0.0138383
-0.0167524
-0.0197114
-0.0226922
-0.025699
-0.0287408
-0.0318208
-0.0349362
-0.0380816
-0.0412519
-0.0444428
-0.0476508
-0.0508722
-0.0541033
-0.05734
-0.0605785
-0.0638148
-0.0670469
-0.0702716
-0.0119719
-0.0147193
-0.0175538
-0.0204347
-0.0233457
-0.0262872
-0.0292631
-0.0322743
-0.0353183
-0.0383904
-0.0414862
-0.0446018
-0.0477334
-0.0508773
-0.0540295
-0.0571858
-0.060342
-0.0634937
-0.0666387
-0.0697776
-0.0126251
-0.015341
-0.0181256
-0.0209547
-0.0238174
-0.0267121
-0.0296396
-0.0325995
-0.0355894
-0.0386054
-0.0416439
-0.0447012
-0.0477736
-0.0508578
-0.05395
-0.0570468
-0.0601447
-0.0632404
-0.0663308
-0.0694125
-0.0129811
-0.0157002
-0.0184802
-0.0213045
-0.0241632
-0.0270525
-0.0299712
-0.0329177
-0.0358896
-0.0388834
-0.0418955
-0.0449223
-0.0479605
-0.0510067
-0.0540574
-0.057109
-0.0601578
-0.0632005
-0.0662348
-0.0692633
0.104568
0.105994
0.108161
0.111196
0.114473
0.11812
0.121395
0.124511
0.12653
0.127887
0.127348
0.125771
0.121456
0.115768
0.105238
0.103638
0.104956
0.106948
0.109722
0.112663
0.115884
0.118661
0.121181
0.12256
0.123157
0.121904
0.119439
0.114522
0.107837
0.0986955
0.102639
0.103844
0.105649
0.108145
0.110734
0.11351
0.115779
0.117697
0.118453
0.118328
0.116443
0.113221
0.107899
0.100759
0.0921551
0.101568
0.102653
0.10426
0.106463
0.108686
0.110999
0.11275
0.114053
0.114192
0.113357
0.110878
0.106968
0.101286
0.093839
0.0853663
0.100421
0.101381
0.102782
0.10468
0.106527
0.108365
0.109596
0.110282
0.10982
0.1083
0.105262
0.100752
0.0947349
0.087101
0.0787069
0.0991953
0.100026
0.101213
0.102795
0.10426
0.105614
0.106327
0.106403
0.10536
0.103194
0.0996364
0.094623
0.0883086
0.080588
0.0722907
0.0978882
0.0985838
0.0995523
0.100807
0.101884
0.102749
0.102948
0.102426
0.100824
0.0980612
0.0940246
0.0885962
0.0820352
0.0742893
0.0661044
0.0964978
0.0970539
0.0977975
0.0987174
0.0994014
0.0997764
0.0994664
0.0983658
0.0962285
0.0929212
0.0884486
0.082682
0.0759266
0.0681898
0.0601306
0.0950224
0.0954347
0.0959488
0.096527
0.0968159
0.0967027
0.0958935
0.0942384
0.0915926
0.0877945
0.0829313
0.0768919
0.0699932
0.0622896
0.0543712
0.0934612
0.0937259
0.0940066
0.0942391
0.0941324
0.0935378
0.0922409
0.0900607
0.0869364
0.0827011
0.0774952
0.0712392
0.0642456
0.0565978
0.0488345
0.0918142
0.0919282
0.0919729
0.0918582
0.0913574
0.0902925
0.0885227
0.0858505
0.0822812
0.0776607
0.0721616
0.0657384
0.0586941
0.0511247
0.0435285
0.0900825
0.0900438
0.0898508
0.0893902
0.0884992
0.0869794
0.0847546
0.081626
0.0776487
0.072693
0.0669498
0.060404
0.0533481
0.0458794
0.0384601
0.0882684
0.088076
0.0876448
0.086843
0.0855681
0.0836123
0.0809542
0.0774064
0.0730608
0.0678175
0.0618778
0.0552503
0.0482168
0.0408695
0.0336355
0.0863756
0.0860301
0.0853615
0.0842259
0.0825763
0.0802067
0.0771402
0.0732117
0.068539
0.0630538
0.056962
0.0502906
0.0433086
0.0361012
0.0290595
0.0844095
0.0839131
0.083009
0.0815503
0.0795381
0.0767794
0.0733328
0.0690623
0.0641044
0.0584207
0.0522182
0.0455369
0.0386315
0.0315796
0.0247357
0.0823775
0.0817338
0.0805982
0.0788293
0.0764697
0.0733488
0.069553
0.0649795
0.0597778
0.0539366
0.0476607
0.041
0.0341925
0.0273086
0.020666
0.0802892
0.0795037
0.0781418
0.0760782
0.0733894
0.0699349
0.0658227
0.0609849
0.0555795
0.049619
0.0433034
0.0366895
0.0299975
0.0232909
0.0168512
0.0781567
0.0772362
0.0756554
0.0733145
0.0703177
0.0665592
0.0621648
0.0571001
0.0515293
0.0454846
0.039159
0.0326142
0.0260516
0.0195285
0.0132913
0.0759949
0.0749475
0.0731573
0.0705581
0.0672766
0.0632447
0.0586025
0.0533475
0.0476467
0.0415495
0.0352395
0.028782
0.0223593
0.0160226
0.00998555
0.0738215
0.0726567
0.0706686
0.0678312
0.0642904
0.0600159
0.0551601
0.0497491
0.0439509
0.037829
0.0315563
0.0252002
0.0189242
0.0127742
0.00693271
0.071658
0.0703857
0.0682133
0.0651589
0.0613853
0.0568991
0.0518627
0.0463275
0.0404613
0.0343382
0.0281204
0.0218757
0.01575
0.00978383
0.00413161
0.069529
0.0681601
0.0658187
0.0625691
0.0585898
0.0539219
0.0487361
0.043106
0.0371971
0.0310925
0.0249429
0.0188158
0.0128404
0.00705267
0.00158133
0.0674632
0.0660086
0.063515
0.0600925
0.0559346
0.0511139
0.0458078
0.0401083
0.0341784
0.0281074
0.0220352
0.016028
0.0101998
0.00458235
-0.000718415
0.0654933
0.063964
0.0613362
0.0577631
0.0534531
0.0485067
0.0431064
0.0373598
0.0314263
0.0253997
0.0194098
0.0135211
0.00783369
0.00237576
-0.00276673
0.0636563
0.0620633
0.0593198
0.0556184
0.0511816
0.0461343
0.0406631
0.0348875
0.0289636
0.0229879
0.017081
0.0113055
0.00574935
0.000437558
-0.00456104
0.0619937
0.0603477
0.0575073
0.0536995
0.0491599
0.0440342
0.0385116
0.0327213
0.0268157
0.020893
0.0150658
0.00939449
0.00395674
-0.00122502
-0.0060963
0.0605517
0.0588632
0.0559445
0.0520517
0.0474319
0.0422474
0.0366897
0.0308949
0.0250118
0.0191399
0.0133847
0.0078049
0.00246947
-0.00260121
-0.0073642
0.0593814
0.0576605
0.054682
0.0507251
0.0460461
0.0408202
0.0352401
0.0294469
0.0235864
0.0177586
0.0120637
0.00655884
0.00130623
-0.00367531
-0.00835191
0.058539
0.0567956
0.0537759
0.0497755
0.0450571
0.0398048
0.034212
0.0284229
0.0225811
0.0167868
0.0111361
0.00568541
0.000492172
-0.0044255
-0.00903952
0.0580856
0.0563304
0.0532883
0.0492654
0.0445265
0.0392613
0.0336626
0.0278772
0.0220464
0.0162711
0.0106447
0.00522359
6.22961e-05
-0.00482128
-0.00940341
0.116673
0.118817
0.122223
0.127273
0.13331
0.140608
0.148732
0.157827
0.167605
0.178164
0.189237
0.200885
0.212832
0.225155
0.237542
0.116606
0.118746
0.122146
0.127186
0.133209
0.14049
0.148586
0.157653
0.16739
0.177905
0.188918
0.200503
0.21237
0.224609
0.23688
0.116473
0.118606
0.121992
0.127013
0.133008
0.140257
0.148296
0.157306
0.166962
0.177389
0.188284
0.199742
0.211445
0.223515
0.235555
0.116275
0.118395
0.121763
0.126755
0.132705
0.139905
0.147862
0.156788
0.166323
0.176618
0.187334
0.198603
0.210058
0.221873
0.233564
0.116012
0.118116
0.121459
0.126412
0.13231
0.139441
0.147287
0.156102
0.165474
0.175596
0.186074
0.197088
0.208211
0.219683
0.230906
0.115685
0.11777
0.121081
0.125987
0.131807
0.138858
0.146573
0.15525
0.16442
0.174325
0.184504
0.195201
0.205905
0.216946
0.227584
0.115295
0.117358
0.120632
0.125483
0.131234
0.13817
0.145723
0.154234
0.163163
0.172809
0.18263
0.192947
0.203145
0.213667
0.223602
0.114845
0.116882
0.120114
0.124895
0.130519
0.137361
0.144741
0.15306
0.161707
0.171054
0.180454
0.190331
0.199936
0.209855
0.218968
0.114336
0.116344
0.119529
0.124246
0.129801
0.136447
0.143629
0.151729
0.160057
0.169064
0.177983
0.187359
0.196283
0.205517
0.213696
0.11377
0.115746
0.118879
0.123508
0.128912
0.135423
0.142393
0.150246
0.158217
0.166844
0.175221
0.18404
0.192196
0.200665
0.207798
0.11315
0.11509
0.118167
0.122705
0.127986
0.134309
0.141039
0.148614
0.156194
0.164398
0.172174
0.18038
0.187681
0.195314
0.201294
0.112477
0.11438
0.117396
0.121821
0.126955
0.133091
0.139567
0.146836
0.153993
0.161731
0.168849
0.176389
0.182748
0.189479
0.194203
0.111754
0.113618
0.11657
0.120886
0.125853
0.131783
0.137987
0.144918
0.151621
0.158848
0.165256
0.172075
0.177407
0.183178
0.186546
0.110983
0.112807
0.115697
0.119889
0.124672
0.130384
0.136299
0.142863
0.149084
0.155753
0.161403
0.167445
0.171669
0.176432
0.178343
0.110169
0.11195
0.114744
0.118811
0.123426
0.128902
0.134509
0.140675
0.14639
0.15245
0.157302
0.162506
0.165548
0.169261
0.169613
0.109312
0.111055
0.113797
0.117682
0.122114
0.12734
0.132623
0.138364
0.143546
0.148946
0.152967
0.157262
0.159059
0.161682
0.160366
0.108417
0.110107
0.112745
0.1165
0.120742
0.125701
0.13064
0.135927
0.140548
0.145239
0.148404
0.15171
0.152229
0.153708
0.150607
0.107486
0.109137
0.111672
0.115274
0.119314
0.123998
0.12858
0.133396
0.137433
0.141366
0.14364
0.145859
0.145077
0.145314
0.140318
0.106519
0.108118
0.110553
0.113996
0.117817
0.122196
0.126387
0.130688
0.134107
0.137249
0.138633
0.139693
0.137673
0.136474
0.129511
0.10553
0.107068
0.109416
0.112726
0.116355
0.120475
0.124304
0.128125
0.130896
0.133186
0.133544
0.133314
0.129906
0.12708
0.118119
0.10553
0.107068
0.109416
0.112726
0.116355
0.120475
0.124304
0.128125
0.130896
0.133186
0.133544
0.133314
0.129906
0.12708
0.118119
0.106519
0.108118
0.110553
0.113996
0.117817
0.122196
0.126387
0.130688
0.134107
0.137249
0.138633
0.139693
0.137673
0.136474
0.129511
0.107486
0.109137
0.111672
0.115274
0.119314
0.123998
0.12858
0.133396
0.137433
0.141366
0.14364
0.145859
0.145077
0.145314
0.140318
0.108417
0.110107
0.112745
0.1165
0.120742
0.125701
0.13064
0.135927
0.140548
0.145239
0.148404
0.15171
0.152229
0.153708
0.150607
0.109312
0.111055
0.113797
0.117682
0.122114
0.12734
0.132623
0.138364
0.143546
0.148946
0.152967
0.157262
0.159059
0.161682
0.160366
0.110169
0.11195
0.114744
0.118811
0.123426
0.128902
0.134509
0.140675
0.14639
0.15245
0.157302
0.162506
0.165548
0.169261
0.169613
0.110983
0.112807
0.115697
0.119889
0.124672
0.130384
0.136299
0.142863
0.149084
0.155753
0.161403
0.167445
0.171669
0.176432
0.178343
0.111754
0.113618
0.11657
0.120886
0.125853
0.131783
0.137987
0.144918
0.151621
0.158848
0.165256
0.172075
0.177407
0.183178
0.186546
0.112477
0.11438
0.117396
0.121821
0.126955
0.133091
0.139567
0.146836
0.153993
0.161731
0.168849
0.176389
0.182748
0.189479
0.194203
0.11315
0.11509
0.118167
0.122705
0.127986
0.134309
0.141039
0.148614
0.156194
0.164398
0.172174
0.18038
0.187681
0.195314
0.201294
0.11377
0.115746
0.118879
0.123508
0.128912
0.135423
0.142393
0.150246
0.158217
0.166844
0.175221
0.18404
0.192196
0.200665
0.207798
0.114336
0.116344
0.119529
0.124246
0.129801
0.136447
0.143629
0.151729
0.160057
0.169064
0.177983
0.187359
0.196283
0.205517
0.213696
0.114845
0.116882
0.120114
0.124895
0.130519
0.137361
0.144741
0.15306
0.161707
0.171054
0.180454
0.190331
0.199936
0.209855
0.218968
0.115295
0.117358
0.120632
0.125483
0.131234
0.13817
0.145723
0.154234
0.163163
0.172809
0.18263
0.192947
0.203145
0.213667
0.223602
0.115685
0.11777
0.121081
0.125987
0.131807
0.138858
0.146573
0.15525
0.16442
0.174325
0.184504
0.195201
0.205905
0.216946
0.227584
0.116012
0.118116
0.121459
0.126412
0.13231
0.139441
0.147287
0.156102
0.165474
0.175596
0.186074
0.197088
0.208211
0.219683
0.230906
0.116275
0.118395
0.121763
0.126755
0.132705
0.139905
0.147862
0.156788
0.166323
0.176618
0.187334
0.198603
0.210058
0.221873
0.233564
0.116473
0.118606
0.121992
0.127013
0.133008
0.140257
0.148296
0.157306
0.166962
0.177389
0.188284
0.199742
0.211445
0.223515
0.235555
0.116606
0.118746
0.122146
0.127186
0.133209
0.14049
0.148586
0.157653
0.16739
0.177905
0.188918
0.200503
0.21237
0.224609
0.23688
0.116673
0.118817
0.122223
0.127273
0.13331
0.140608
0.148732
0.157827
0.167605
0.178164
0.189237
0.200885
0.212832
0.225155
0.237542
0.0580856
0.0563304
0.0532883
0.0492654
0.0445265
0.0392613
0.0336626
0.0278772
0.0220464
0.0162711
0.0106447
0.00522359
6.22949e-05
-0.00482128
-0.00940341
0.058539
0.0567956
0.0537759
0.0497755
0.0450571
0.0398048
0.034212
0.0284229
0.0225811
0.0167868
0.0111361
0.00568541
0.000492171
-0.0044255
-0.00903952
0.0593814
0.0576605
0.054682
0.0507251
0.0460461
0.0408202
0.0352401
0.0294469
0.0235864
0.0177586
0.0120637
0.00655884
0.00130623
-0.00367531
-0.00835192
0.0605517
0.0588632
0.0559445
0.0520517
0.0474319
0.0422474
0.0366897
0.0308949
0.0250118
0.0191399
0.0133847
0.0078049
0.00246947
-0.00260121
-0.0073642
0.0619937
0.0603477
0.0575073
0.0536995
0.0491599
0.0440342
0.0385116
0.0327213
0.0268157
0.020893
0.0150658
0.00939449
0.00395674
-0.00122502
-0.0060963
0.0636563
0.0620633
0.0593198
0.0556184
0.0511816
0.0461343
0.0406631
0.0348875
0.0289636
0.0229879
0.017081
0.0113055
0.00574935
0.000437557
-0.00456104
0.0654933
0.063964
0.0613362
0.0577631
0.0534531
0.0485067
0.0431064
0.0373598
0.0314263
0.0253997
0.0194098
0.0135211
0.00783369
0.00237576
-0.00276674
0.0674632
0.0660086
0.063515
0.0600925
0.0559346
0.0511139
0.0458078
0.0401083
0.0341784
0.0281074
0.0220352
0.016028
0.0101998
0.00458235
-0.000718416
0.069529
0.0681601
0.0658187
0.0625691
0.0585898
0.0539219
0.0487361
0.043106
0.0371971
0.0310925
0.0249429
0.0188158
0.0128404
0.00705267
0.00158132
0.071658
0.0703857
0.0682133
0.0651589
0.0613853
0.0568991
0.0518627
0.0463275
0.0404613
0.0343382
0.0281204
0.0218757
0.01575
0.00978383
0.00413161
0.0738215
0.0726567
0.0706686
0.0678312
0.0642904
0.0600159
0.0551601
0.0497491
0.0439509
0.037829
0.0315563
0.0252002
0.0189242
0.0127742
0.00693271
0.0759949
0.0749475
0.0731573
0.0705581
0.0672766
0.0632447
0.0586025
0.0533475
0.0476467
0.0415495
0.0352395
0.028782
0.0223593
0.0160226
0.00998555
0.0781567
0.0772362
0.0756554
0.0733145
0.0703177
0.0665592
0.0621648
0.0571002
0.0515293
0.0454846
0.039159
0.0326142
0.0260516
0.0195285
0.0132913
0.0802892
0.0795037
0.0781418
0.0760782
0.0733894
0.0699349
0.0658227
0.0609849
0.0555795
0.049619
0.0433034
0.0366895
0.0299975
0.0232909
0.0168512
0.0823775
0.0817338
0.0805982
0.0788293
0.0764697
0.0733488
0.069553
0.0649795
0.0597778
0.0539366
0.0476607
0.041
0.0341925
0.0273086
0.020666
0.0844095
0.0839131
0.083009
0.0815503
0.0795381
0.0767794
0.0733328
0.0690623
0.0641044
0.0584207
0.0522182
0.0455369
0.0386315
0.0315796
0.0247357
0.0863756
0.0860301
0.0853615
0.0842259
0.0825763
0.0802067
0.0771402
0.0732117
0.068539
0.0630538
0.056962
0.0502906
0.0433086
0.0361012
0.0290595
0.0882684
0.088076
0.0876448
0.086843
0.0855681
0.0836123
0.0809542
0.0774064
0.0730608
0.0678175
0.0618778
0.0552503
0.0482168
0.0408695
0.0336355
0.0900825
0.0900438
0.0898508
0.0893902
0.0884992
0.0869794
0.0847546
0.081626
0.0776487
0.072693
0.0669498
0.060404
0.0533481
0.0458794
0.0384601
0.0918142
0.0919282
0.0919729
0.0918582
0.0913574
0.0902925
0.0885227
0.0858505
0.0822812
0.0776607
0.0721616
0.0657384
0.0586941
0.0511247
0.0435285
0.0934612
0.0937259
0.0940066
0.0942391
0.0941324
0.0935378
0.0922409
0.0900607
0.0869364
0.0827011
0.0774952
0.0712392
0.0642456
0.0565978
0.0488345
0.0950224
0.0954347
0.0959488
0.096527
0.0968159
0.0967027
0.0958935
0.0942384
0.0915926
0.0877945
0.0829313
0.0768919
0.0699932
0.0622896
0.0543712
0.0964978
0.0970539
0.0977975
0.0987174
0.0994014
0.0997764
0.0994664
0.0983658
0.0962285
0.0929212
0.0884486
0.082682
0.0759266
0.0681898
0.0601306
0.0978882
0.0985838
0.0995523
0.100807
0.101884
0.102749
0.102948
0.102426
0.100824
0.0980612
0.0940246
0.0885962
0.0820352
0.0742893
0.0661044
0.0991953
0.100026
0.101213
0.102795
0.10426
0.105614
0.106327
0.106403
0.10536
0.103194
0.0996364
0.094623
0.0883086
0.080588
0.0722907
0.100421
0.101381
0.102782
0.10468
0.106527
0.108365
0.109596
0.110282
0.10982
0.1083
0.105262
0.100752
0.0947349
0.087101
0.0787069
0.101568
0.102653
0.10426
0.106463
0.108686
0.110999
0.11275
0.114053
0.114192
0.113357
0.110878
0.106968
0.101286
0.093839
0.0853663
0.102639
0.103844
0.105649
0.108145
0.110734
0.11351
0.115779
0.117697
0.118453
0.118328
0.116443
0.113221
0.107899
0.100759
0.0921551
0.103638
0.104956
0.106948
0.109722
0.112663
0.115884
0.118661
0.121181
0.12256
0.123157
0.121904
0.119439
0.114522
0.107837
0.0986955
0.104568
0.105994
0.108161
0.111196
0.114473
0.11812
0.121395
0.124511
0.12653
0.127887
0.127348
0.125771
0.121456
0.115768
0.105238
-0.0129811
-0.0157002
-0.0184802
-0.0213045
-0.0241632
-0.0270525
-0.0299712
-0.0329177
-0.0358896
-0.0388834
-0.0418955
-0.0449223
-0.0479605
-0.0510067
-0.0540574
-0.057109
-0.0601578
-0.0632005
-0.0662348
-0.0692633
-0.0126251
-0.015341
-0.0181256
-0.0209547
-0.0238174
-0.0267121
-0.0296396
-0.0325995
-0.0355894
-0.0386055
-0.041644
-0.0447012
-0.0477736
-0.0508578
-0.05395
-0.0570468
-0.0601447
-0.0632404
-0.0663308
-0.0694125
-0.0119719
-0.0147193
-0.0175538
-0.0204347
-0.0233457
-0.0262872
-0.0292631
-0.0322743
-0.0353183
-0.0383904
-0.0414862
-0.0446018
-0.0477334
-0.0508773
-0.0540295
-0.0571858
-0.060342
-0.0634937
-0.0666387
-0.0697776
-0.0110357
-0.0138383
-0.0167524
-0.0197114
-0.0226922
-0.025699
-0.0287408
-0.0318208
-0.0349362
-0.0380816
-0.0412519
-0.0444428
-0.0476508
-0.0508722
-0.0541033
-0.0573401
-0.0605785
-0.0638148
-0.0670469
-0.0702716
-0.00983673
-0.0127194
-0.0157445
-0.0188112
-0.0218879
-0.0249843
-0.0281162
-0.0312896
-0.0345012
-0.0377442
-0.0410124
-0.0443017
-0.0476084
-0.0509289
-0.0542594
-0.0575953
-0.0609322
-0.0642659
-0.0675947
-0.0709169
-0.00838477
-0.0113703
-0.0145356
-0.0177363
-0.0209308
-0.0241364
-0.027378
-0.0306646
-0.0339919
-0.0373511
-0.0407352
-0.0441398
-0.0475617
-0.0509975
-0.0544433
-0.0578947
-0.0613473
-0.0647972
-0.068243
-0.0716819
-0.00668628
-0.00979665
-0.0131312
-0.0164916
-0.0198248
-0.0231592
-0.0265304
-0.0299509
-0.0334144
-0.0369097
-0.0404288
-0.0439674
-0.0475229
-0.051092
-0.0546708
-0.0582547
-0.061839
-0.0654196
-0.0689961
-0.0725656
-0.00474442
-0.00800122
-0.0115337
-0.0150782
-0.01857
-0.0220517
-0.0255717
-0.0291458
-0.0327651
-0.0364151
-0.0400868
-0.0437764
-0.0474819
-0.0512004
-0.0549279
-0.0586596
-0.0623909
-0.0661177
-0.0698407
-0.0735561
-0.00256005
-0.00598469
-0.00974377
-0.0134963
-0.0171655
-0.0208124
-0.0245006
-0.0282485
-0.032043
-0.0358663
-0.0397081
-0.0435657
-0.0474379
-0.0513222
-0.0552144
-0.0591095
-0.0630028
-0.0668902
-0.0707736
-0.074649
-0.000132477
-0.0037465
-0.00776112
-0.0117448
-0.0156094
-0.0194392
-0.0233152
-0.0272571
-0.0312464
-0.0352609
-0.0392901
-0.0433323
-0.0473876
-0.0514537
-0.055526
-0.0595994
-0.0636692
-0.0677313
-0.0717893
-0.0758384
0.00254006
-0.00128524
-0.00558453
-0.00982162
-0.013899
-0.0179297
-0.0220136
-0.0261701
-0.0303735
-0.0345972
-0.0388308
-0.0430744
-0.0473292
-0.0515929
-0.0558608
-0.0601274
-0.064388
-0.0686387
-0.0728847
-0.0771211
0.00545992
0.0014009
-0.0032124
-0.00772443
-0.0120312
-0.0162811
-0.0205938
-0.0249859
-0.0294226
-0.0338732
-0.0383282
-0.04279
-0.0472608
-0.0517382
-0.0562168
-0.0606913
-0.0651568
-0.0696096
-0.0740572
-0.0784939
0.00862971
0.00431384
-0.000642905
-0.00545039
-0.0100029
-0.0144908
-0.019054
-0.0237029
-0.0283919
-0.0330871
-0.0377808
-0.0424778
-0.0471812
-0.0518881
-0.0565929
-0.06129
-0.0659745
-0.0706426
-0.075305
-0.079955
0.0120519
0.00745527
0.00212578
-0.00299657
-0.0078108
-0.0125564
-0.0173926
-0.0223196
-0.0272798
-0.0322371
-0.0371868
-0.0421364
-0.0470893
-0.0520417
-0.0569879
-0.0619221
-0.0668397
-0.0717363
-0.0766266
-0.0815028
0.0157287
0.0108264
0.00509528
-0.000360009
-0.00545169
-0.0104759
-0.0156085
-0.0208348
-0.0260845
-0.0313213
-0.0365448
-0.0417648
-0.0469841
-0.0521984
-0.0574017
-0.0625885
-0.067754
-0.0728917
-0.0780226
-0.0831375
0.0196614
0.0144278
0.00826685
0.00246206
-0.00292285
-0.0082476
-0.0137005
-0.0192469
-0.0248041
-0.0303382
-0.0358538
-0.0413621
-0.0468649
-0.0523566
-0.0578314
-0.0632844
-0.0687101
-0.0741028
-0.0794897
-0.084857
0.0238505
0.018259
0.0116412
0.0054721
-0.000221969
-0.00587057
-0.0116681
-0.0175548
-0.0234371
-0.0292863
-0.0351128
-0.0409279
-0.0467313
-0.0525174
-0.0582822
-0.0640225
-0.0697322
-0.0753878
-0.0810386
-0.0866663
0.0282949
0.022318
0.0152183
0.00867213
0.00265262
-0.0033444
-0.00951084
-0.0157571
-0.0219818
-0.0281646
-0.0343214
-0.0404616
-0.0465815
-0.0526739
-0.0587336
-0.0647575
-0.0707466
-0.0767278
-0.082671
-0.0885665
0.032992
0.0266014
0.0189972
0.0120636
0.00570185
-0.000669344
-0.00722836
-0.0138523
-0.0204365
-0.0269721
-0.0334795
-0.0399643
-0.0464196
-0.0528387
-0.0592184
-0.0655569
-0.0718548
-0.0781357
-0.0843704
-0.0905482
0.0379368
0.0311034
0.0229757
0.0156472
0.00892579
0.00215361
-0.00482059
-0.0118391
-0.0188
-0.0257083
-0.0325869
-0.0394358
-0.0462445
-0.0530072
-0.0597217
-0.0663866
-0.0730018
-0.0795949
-0.0861367
-0.0926121
0.0431216
0.0358154
0.0271502
0.019423
0.0123234
0.00512265
-0.00228751
-0.00971578
-0.0170708
-0.0243724
-0.031643
-0.0388748
-0.0460548
-0.0531788
-0.0602455
-0.0672533
-0.0742011
-0.0811193
-0.087979
-0.094762
0.0485356
0.0407251
0.0315154
0.0233902
0.0158924
0.00823501
0.000370869
-0.00748092
-0.0152482
-0.0229643
-0.030647
-0.0382805
-0.0458501
-0.0533534
-0.0607895
-0.0681557
-0.0754498
-0.0827072
-0.089897
-0.0969981
0.0541626
0.0458149
0.0360649
0.0275475
0.0196286
0.0114872
0.00315485
-0.00513311
-0.0133319
-0.0214839
-0.0295983
-0.0376517
-0.0456296
-0.0535309
-0.0613541
-0.0690951
-0.0767497
-0.0843603
-0.0918922
-0.0993213
0.0599782
0.0510606
0.0407905
0.0318921
0.0235249
0.0148745
0.00606465
-0.0026718
-0.0113224
-0.0199312
-0.0284954
-0.036987
-0.0453924
-0.0537107
-0.0619389
-0.0700712
-0.078101
-0.0860791
-0.0939653
-0.101732
0.0659452
0.056428
0.0456835
0.0364195
0.0275727
0.0183938
0.00910133
-9.76157e-05
-0.00922168
-0.0183068
-0.0273381
-0.0362863
-0.0451384
-0.0538931
-0.0625451
-0.0710867
-0.0795066
-0.0878659
-0.0961178
-0.10423
0.0720137
0.0618734
0.0507316
0.0411172
0.0317565
0.0220411
0.0122664
0.00259009
-0.00702774
-0.0166066
-0.026122
-0.0355457
-0.0448645
-0.0540747
-0.0631687
-0.0721345
-0.0809611
-0.0897197
-0.0983502
-0.106818
0.0781227
0.0673614
0.0559344
0.0459735
0.0360636
0.0258115
0.0155505
0.00537677
-0.00475398
-0.0148412
-0.0248556
-0.0347716
-0.0445748
-0.05426
-0.0638207
-0.0732428
-0.0824863
-0.0916516
-0.100668
-0.109498
0.0841601
0.0728451
0.0612699
0.0509548
0.0404905
0.0297312
0.0189868
0.0082985
-0.00236254
-0.0129767
-0.023512
-0.0339429
-0.044251
-0.0544249
-0.0644511
-0.0743088
-0.0840257
-0.0936435
-0.103061
-0.11226
0.0898799
0.0783405
0.0667624
0.0560089
0.0449535
0.0336824
0.0224351
0.0112179
2.20194e-05
-0.0111231
-0.0221845
-0.0331404
-0.0439729
-0.0546769
-0.0652535
-0.075671
-0.0857383
-0.0957216
-0.105508
-0.115074
0.0945624
0.0834937
0.0723481
0.0613218
0.0498362
0.0381234
0.02638
0.0146297
0.0028861
-0.00881437
-0.020428
-0.0319246
-0.0432799
-0.0544729
-0.0654899
-0.0763665
-0.0872439
-0.0978256
-0.108059
-0.118013
-0.0722823
-0.0752834
-0.0782607
-0.0812117
-0.0841351
-0.087029
-0.0898911
-0.0927188
-0.0955095
-0.0982609
-0.100971
-0.103637
-0.106258
-0.108831
-0.111356
-0.113829
-0.11625
-0.118618
-0.120932
-0.123192
-0.0724799
-0.0755275
-0.0785528
-0.0815533
-0.084526
-0.0874679
-0.0903759
-0.0932471
-0.0960786
-0.0988678
-0.101612
-0.10431
-0.106959
-0.109556
-0.112101
-0.11459
-0.117024
-0.1194
-0.121721
-0.123985
-0.0729064
-0.0760172
-0.0791041
-0.0821638
-0.085194
-0.088192
-0.0911549
-0.0940797
-0.0969635
-0.0998037
-0.102598
-0.105344
-0.108039
-0.110682
-0.11327
-0.115803
-0.118279
-0.120696
-0.12306
-0.125373
-0.0734829
-0.0766741
-0.0798412
-0.0829814
-0.086092
-0.0891699
-0.0922119
-0.0952149
-0.0981759
-0.101092
-0.103961
-0.10678
-0.109548
-0.112261
-0.114919
-0.117519
-0.120063
-0.122546
-0.124979
-0.127368
-0.0742268
-0.0775171
-0.0807825
-0.08402
-0.0872271
-0.0904006
-0.0935375
-0.0966345
-0.0996887
-0.102697
-0.105658
-0.108567
-0.111425
-0.114227
-0.116974
-0.119663
-0.122295
-0.124866
-0.127393
-0.129884
-0.0751072
-0.0785115
-0.0818903
-0.0852408
-0.0885604
-0.0918461
-0.0950946
-0.0983028
-0.101468
-0.104586
-0.107657
-0.110676
-0.113643
-0.116554
-0.11941
-0.122208
-0.12495
-0.127632
-0.130275
-0.132892
-0.0761212
-0.079655
-0.0831626
-0.0866412
-0.0900885
-0.0935014
-0.0968769
-0.100212
-0.103503
-0.106747
-0.109944
-0.113089
-0.116182
-0.11922
-0.122203
-0.125127
-0.127998
-0.130809
-0.133589
-0.136354
-0.0772566
-0.0809342
-0.0845844
-0.0882053
-0.0917943
-0.0953488
-0.0988655
-0.102341
-0.105773
-0.109159
-0.112497
-0.115784
-0.119019
-0.122199
-0.125326
-0.128394
-0.131412
-0.134371
-0.137307
-0.14024
-0.0785082
-0.0823432
-0.0861499
-0.0899264
-0.0936708
-0.0973804
-0.101052
-0.104683
-0.10827
-0.111811
-0.115304
-0.118747
-0.122139
-0.125477
-0.128763
-0.131991
-0.135173
-0.138295
-0.141405
-0.144523
-0.07987
-0.0838755
-0.0878516
-0.0917967
-0.0957093
-0.0995867
-0.103426
-0.107224
-0.110979
-0.114688
-0.118351
-0.121963
-0.125526
-0.129035
-0.132495
-0.135898
-0.139258
-0.142559
-0.145859
-0.149178
-0.081338
-0.0855268
-0.0896847
-0.0938108
-0.0979038
-0.101961
-0.10598
-0.109958
-0.113893
-0.117783
-0.121626
-0.125421
-0.129167
-0.132861
-0.136508
-0.140098
-0.14365
-0.147144
-0.150648
-0.154182
-0.0829089
-0.0872934
-0.0916451
-0.0959639
-0.100249
-0.104498
-0.108708
-0.112878
-0.117004
-0.121085
-0.125121
-0.129108
-0.13305
-0.136939
-0.140785
-0.144574
-0.14833
-0.152029
-0.15575
-0.159512
-0.0845804
-0.0891725
-0.0937296
-0.0982525
-0.102741
-0.107192
-0.111604
-0.115975
-0.120303
-0.124587
-0.128825
-0.133016
-0.137162
-0.141258
-0.145312
-0.149311
-0.153282
-0.157196
-0.161144
-0.165144
-0.086351
-0.0911621
-0.0959356
-0.100673
-0.105375
-0.110039
-0.114663
-0.119245
-0.123785
-0.128279
-0.132729
-0.137133
-0.141493
-0.145803
-0.150075
-0.154292
-0.158486
-0.162624
-0.166808
-0.171055
-0.08822
-0.0932611
-0.0982617
-0.103224
-0.10815
-0.113036
-0.117881
-0.122683
-0.127441
-0.132155
-0.136825
-0.141448
-0.14603
-0.150562
-0.155058
-0.159501
-0.163925
-0.168293
-0.172719
-0.177218
-0.0901856
-0.0954673
-0.100705
-0.105903
-0.111061
-0.116178
-0.121252
-0.126281
-0.131267
-0.136207
-0.141103
-0.145953
-0.150761
-0.155521
-0.160247
-0.164919
-0.169579
-0.17418
-0.178853
-0.183606
-0.092249
-0.0977808
-0.103266
-0.108707
-0.114106
-0.119462
-0.124772
-0.130037
-0.135255
-0.140427
-0.145555
-0.150635
-0.155675
-0.160666
-0.165625
-0.17053
-0.175427
-0.180264
-0.185186
-0.190192
-0.0944103
-0.100201
-0.105942
-0.111636
-0.117284
-0.122885
-0.128437
-0.133942
-0.139398
-0.144808
-0.150169
-0.155485
-0.160757
-0.165982
-0.171175
-0.176315
-0.181448
-0.186522
-0.19169
-0.196948
-0.0966664
-0.102726
-0.108732
-0.114687
-0.12059
-0.126443
-0.132243
-0.137993
-0.14369
-0.14934
-0.154937
-0.16049
-0.165994
-0.171455
-0.176879
-0.182255
-0.187621
-0.192932
-0.19834
-0.203849
-0.0990173
-0.105356
-0.111635
-0.117858
-0.124023
-0.130133
-0.136185
-0.142183
-0.148124
-0.154015
-0.159848
-0.165639
-0.171373
-0.177069
-0.182718
-0.188329
-0.19392
-0.199468
-0.205107
-0.210868
-0.101464
-0.108091
-0.11465
-0.121147
-0.12758
-0.133951
-0.140257
-0.146506
-0.15269
-0.158823
-0.164891
-0.170918
-0.176878
-0.182811
-0.188678
-0.194524
-0.200328
-0.206109
-0.211964
-0.217974
-0.104006
-0.110929
-0.117776
-0.124553
-0.131257
-0.137892
-0.144455
-0.150954
-0.157381
-0.163754
-0.170051
-0.176312
-0.182489
-0.188655
-0.194728
-0.200812
-0.206816
-0.212834
-0.218885
-0.225136
-0.106644
-0.113871
-0.121012
-0.128072
-0.135052
-0.141952
-0.148773
-0.155521
-0.16219
-0.168798
-0.175321
-0.181808
-0.188192
-0.194582
-0.200841
-0.207158
-0.213333
-0.219594
-0.22582
-0.232313
-0.109377
-0.116915
-0.124356
-0.131705
-0.138961
-0.146129
-0.153206
-0.160202
-0.16711
-0.173949
-0.180696
-0.187403
-0.193992
-0.200597
-0.207029
-0.213568
-0.219873
-0.226373
-0.23272
-0.239463
-0.112205
-0.120059
-0.127805
-0.135446
-0.142982
-0.150416
-0.157749
-0.164988
-0.172131
-0.179195
-0.186161
-0.193079
-0.199873
-0.206688
-0.213298
-0.220061
-0.226478
-0.233223
-0.239613
-0.246611
-0.115129
-0.123303
-0.131356
-0.13929
-0.147104
-0.1548
-0.162382
-0.169855
-0.17722
-0.18449
-0.191655
-0.198753
-0.205729
-0.212714
-0.219491
-0.226454
-0.232994
-0.240017
-0.246429
-0.253747
-0.118152
-0.126652
-0.135011
-0.143234
-0.15132
-0.15927
-0.167089
-0.17478
-0.182346
-0.189797
-0.197129
-0.204368
-0.211481
-0.218569
-0.225461
-0.232533
-0.239165
-0.246436
-0.252874
-0.260678
-0.121269
-0.130108
-0.138786
-0.147307
-0.155673
-0.163885
-0.171948
-0.179867
-0.187647
-0.195294
-0.202812
-0.210214
-0.217485
-0.224687
-0.231705
-0.238835
-0.245537
-0.252944
-0.259307
-0.267658
-0.124451
-0.133654
-0.142688
-0.151551
-0.160241
-0.168761
-0.177118
-0.185319
-0.193371
-0.201282
-0.209061
-0.216713
-0.22424
-0.231663
-0.238927
-0.246186
-0.253065
-0.260481
-0.266786
-0.275399
-0.127726
-0.137248
-0.1466
-0.155765
-0.164732
-0.173505
-0.182092
-0.190502
-0.198746
-0.206833
-0.214775
-0.222582
-0.230264
-0.237826
-0.24526
-0.2526
-0.25968
-0.266911
-0.273341
-0.281636
-0.128779
-0.136939
-0.144151
-0.150099
-0.154483
-0.157032
-0.157488
-0.155621
-0.151257
-0.144328
-0.134945
-0.123405
-0.110197
-0.0959781
-0.0814955
-0.0674637
-0.0544864
-0.0430105
-0.0332607
-0.0252312
-0.0188078
-0.0138038
-0.00997738
-0.00711761
-0.00501261
-0.00348997
-0.00235221
-0.0015003
-0.000813155
-0.000256092
-0.129633
-0.137865
-0.145104
-0.151053
-0.155428
-0.15796
-0.158384
-0.156461
-0.15201
-0.144965
-0.135441
-0.123742
-0.110369
-0.095997
-0.0813899
-0.0672719
-0.0542514
-0.0427692
-0.0330351
-0.0250353
-0.0186484
-0.0136801
-0.00988535
-0.00705162
-0.0049673
-0.00345989
-0.00233281
-0.00148833
-0.000806285
-0.000254436
-0.1312
-0.139584
-0.146876
-0.152826
-0.157186
-0.159691
-0.160062
-0.158036
-0.153423
-0.14616
-0.13637
-0.124372
-0.110688
-0.0960284
-0.0811886
-0.0669107
-0.0538099
-0.042316
-0.0326125
-0.0246695
-0.0183512
-0.01345
-0.00971426
-0.00692901
-0.00488316
-0.00340398
-0.00229684
-0.00146597
-0.000793562
-0.000251112
-0.133437
-0.142026
-0.149384
-0.155334
-0.159675
-0.162146
-0.162439
-0.160264
-0.155419
-0.147848
-0.137682
-0.125257
-0.11113
-0.0960629
-0.0808949
-0.0663941
-0.0531831
-0.0416753
-0.0320177
-0.0241567
-0.0179357
-0.013129
-0.00947607
-0.00675856
-0.00476625
-0.00332629
-0.0022469
-0.00143487
-0.000775904
-0.000246399
-0.136268
-0.145107
-0.152533
-0.158482
-0.162807
-0.165239
-0.165433
-0.16307
-0.157935
-0.149976
-0.139333
-0.126364
-0.111673
-0.0960897
-0.0805093
-0.0657325
-0.0523888
-0.040868
-0.0312721
-0.0235169
-0.0174191
-0.0127311
-0.00918163
-0.0065482
-0.00462207
-0.00323044
-0.00218534
-0.00139647
-0.000754163
-0.000240493
-0.13965
-0.148767
-0.156256
-0.162203
-0.166518
-0.168909
-0.168985
-0.166397
-0.160919
-0.1525
-0.141287
-0.127664
-0.112297
-0.0960981
-0.0800305
-0.0649336
-0.0514419
-0.0399119
-0.0303947
-0.022768
-0.0168171
-0.012269
-0.00884069
-0.0063051
-0.00445558
-0.00311972
-0.00211431
-0.00135208
-0.000729123
-0.000233553
-0.143541
-0.152951
-0.16049
-0.166436
-0.170747
-0.173095
-0.173036
-0.170191
-0.164326
-0.155381
-0.143511
-0.129132
-0.112983
-0.096077
-0.0794562
-0.0640038
-0.0503548
-0.0388228
-0.0294021
-0.0219262
-0.0161435
-0.011754
-0.00846203
-0.00603569
-0.00427124
-0.00299708
-0.00203574
-0.00130286
-0.000701488
-0.000225718
-0.147904
-0.157608
-0.16518
-0.171127
-0.175441
-0.177746
-0.177536
-0.174408
-0.168117
-0.158589
-0.145979
-0.130744
-0.113713
-0.096016
-0.078784
-0.0629481
-0.0491384
-0.0376148
-0.0283098
-0.0210057
-0.0154108
-0.0111964
-0.00805349
-0.00574571
-0.00407299
-0.00286513
-0.00195133
-0.0012499
-0.000671889
-0.000217097
-0.152708
-0.162694
-0.170277
-0.176224
-0.180551
-0.182812
-0.18244
-0.179008
-0.17226
-0.162095
-0.148668
-0.132482
-0.114474
-0.0959055
-0.0780116
-0.0617714
-0.0478025
-0.0363008
-0.0271315
-0.0200198
-0.0146303
-0.0106051
-0.00762201
-0.00544023
-0.00386434
-0.00272619
-0.00186261
-0.00119413
-0.00064086
-0.000207778
-0.157922
-0.168166
-0.175733
-0.181682
-0.186032
-0.188249
-0.187705
-0.183956
-0.176726
-0.165876
-0.151557
-0.134327
-0.115249
-0.0957366
-0.077137
-0.0604785
-0.0463565
-0.0348929
-0.02588
-0.0189801
-0.0138121
-0.00998829
-0.00717377
-0.0051237
-0.00364832
-0.0025823
-0.00177092
-0.0011364
-0.000608962
-0.000197839
-0.163518
-0.173981
-0.181506
-0.187458
-0.19184
-0.194013
-0.193293
-0.189221
-0.181489
-0.169909
-0.154627
-0.136264
-0.116028
-0.0955014
-0.076159
-0.0590743
-0.0448093
-0.0334026
-0.0245672
-0.0178976
-0.0129651
-0.00935319
-0.00671418
-0.00480003
-0.0034276
-0.00243522
-0.00167742
-0.00107741
-0.000576627
-0.000187345
-0.169466
-0.180098
-0.187551
-0.193509
-0.197934
-0.200063
-0.199167
-0.194774
-0.186527
-0.174177
-0.157863
-0.138279
-0.116798
-0.0951931
-0.0750768
-0.0575638
-0.0431696
-0.0318405
-0.0232039
-0.016782
-0.0120977
-0.00870615
-0.00624795
-0.00447257
-0.00320445
-0.00228648
-0.0015831
-0.0010178
-0.000544243
-0.000176349
-0.175738
-0.186476
-0.193828
-0.199797
-0.204273
-0.20636
-0.205294
-0.200588
-0.191818
-0.178661
-0.161251
-0.140359
-0.117549
-0.0948062
-0.0738907
-0.0559524
-0.041446
-0.0302171
-0.0218004
-0.0156422
-0.0112169
-0.00805273
-0.00577919
-0.00414422
-0.00298083
-0.0021374
-0.00148883
-0.000958149
-0.000512143
-0.000164894
-0.182302
-0.193073
-0.200297
-0.206282
-0.210818
-0.212864
-0.211644
-0.206639
-0.197344
-0.183347
-0.164779
-0.142493
-0.118272
-0.0943361
-0.0726018
-0.054246
-0.0396473
-0.0285422
-0.020366
-0.0144863
-0.0103293
-0.00739782
-0.00531142
-0.00381744
-0.00275838
-0.00198909
-0.00139532
-0.00089893
-0.000480607
-0.000153019
-0.189129
-0.199846
-0.206921
-0.212929
-0.217529
-0.219542
-0.218186
-0.212905
-0.203085
-0.18822
-0.168434
-0.144671
-0.11896
-0.0937794
-0.071212
-0.0524504
-0.037782
-0.0268251
-0.0189094
-0.0133215
-0.00944052
-0.00674564
-0.00484764
-0.0034943
-0.00253847
-0.00184248
-0.00130317
-0.000840555
-0.000449867
-0.00014076
-0.196186
-0.206755
-0.213663
-0.219703
-0.22437
-0.226356
-0.224894
-0.219365
-0.209026
-0.193269
-0.172207
-0.146884
-0.119606
-0.0931339
-0.0697241
-0.0505723
-0.0358587
-0.0250749
-0.0174387
-0.0121543
-0.00855547
-0.0060998
-0.00439037
-0.00317651
-0.00232223
-0.00169835
-0.00121289
-0.000783367
-0.000420112
-0.000128154
-0.203438
-0.213759
-0.220488
-0.22657
-0.231303
-0.233277
-0.231743
-0.225998
-0.215149
-0.198481
-0.17609
-0.149124
-0.120203
-0.0923981
-0.0681415
-0.0486183
-0.0338859
-0.0233
-0.0159611
-0.0109906
-0.00767852
-0.00546338
-0.00394172
-0.00286547
-0.00211058
-0.00155732
-0.00112488
-0.000727652
-0.000391488
-0.000115234
-0.210849
-0.220821
-0.227365
-0.233497
-0.238296
-0.240273
-0.23871
-0.232785
-0.221441
-0.203845
-0.180072
-0.151383
-0.120749
-0.0915719
-0.0664685
-0.0465954
-0.0318718
-0.0215084
-0.0144835
-0.0098355
-0.00681338
-0.00483898
-0.00350341
-0.00256232
-0.00190427
-0.00141993
-0.00103947
-0.000673642
-0.000364104
-0.000102036
-0.218377
-0.227903
-0.234263
-0.24045
-0.245313
-0.247316
-0.245771
-0.239705
-0.227885
-0.20935
-0.184147
-0.153655
-0.121238
-0.0906557
-0.0647101
-0.0445112
-0.0298249
-0.0197076
-0.0130118
-0.00869355
-0.00596326
-0.00422873
-0.00307685
-0.00226795
-0.00170387
-0.00128656
-0.000956911
-0.000621521
-0.000338033
-8.85994e-05
-0.225979
-0.23497
-0.241153
-0.247396
-0.252323
-0.254378
-0.252902
-0.246738
-0.234465
-0.214985
-0.188304
-0.155933
-0.121668
-0.089651
-0.0628718
-0.0423731
-0.0277529
-0.0179049
-0.0115516
-0.00756873
-0.00513086
-0.00363441
-0.00266313
-0.00198303
-0.00150982
-0.00115755
-0.000877399
-0.000571429
-0.00031332
-7.4962e-05
-0.233607
-0.241987
-0.248006
-0.254303
-0.259295
-0.261433
-0.26008
-0.253862
-0.241165
-0.220738
-0.192537
-0.158211
-0.122037
-0.0885603
-0.0609598
-0.040189
-0.025664
-0.0161067
-0.0101079
-0.0064645
-0.00431846
-0.00305743
-0.0022631
-0.00170808
-0.00132246
-0.00103313
-0.00080108
-0.000523465
-0.00028998
-6.11653e-05
-0.241213
-0.248922
-0.254794
-0.261137
-0.266198
-0.268451
-0.267279
-0.261055
-0.247966
-0.226593
-0.196833
-0.160482
-0.122343
-0.0873866
-0.0589808
-0.0379669
-0.0235656
-0.0143194
-0.00868526
-0.00538387
-0.00352797
-0.00249893
-0.00187738
-0.00144345
-0.00114203
-0.000913477
-0.000728058
-0.000477695
-0.000268004
-4.72527e-05
-0.24875
-0.255747
-0.261492
-0.267867
-0.273002
-0.275405
-0.27447
-0.268287
-0.254842
-0.232533
-0.201182
-0.162741
-0.122585
-0.0861341
-0.0569422
-0.0357151
-0.0214655
-0.0125488
-0.00728769
-0.00432945
-0.00276095
-0.00195977
-0.00150643
-0.00118936
-0.000968683
-0.000798719
-0.000658395
-0.00043415
-0.00024736
-3.32692e-05
-0.256167
-0.262435
-0.268073
-0.274461
-0.279677
-0.282261
-0.281617
-0.275527
-0.261766
-0.238534
-0.205566
-0.164978
-0.122763
-0.0848077
-0.0548519
-0.0334421
-0.0193709
-0.0108003
-0.00591881
-0.00330344
-0.00201866
-0.00144059
-0.00115051
-0.000945926
-0.000802518
-0.00068893
-0.000592121
-0.000392831
-0.000228
-1.92617e-05
-0.263414
-0.26896
-0.27451
-0.280883
-0.286189
-0.288981
-0.28868
-0.282731
-0.268698
-0.244567
-0.209967
-0.167185
-0.122875
-0.0834132
-0.0527185
-0.0311565
-0.0172891
-0.00907927
-0.00458197
-0.00230779
-0.00130217
-0.000941864
-0.000809797
-0.000713205
-0.000643595
-0.000584158
-0.000529238
-0.000353714
-0.000209855
-5.27871e-06
-0.270437
-0.275294
-0.28077
-0.287091
-0.292494
-0.295549
-0.295611
-0.289848
-0.275591
-0.250593
-0.214359
-0.16935
-0.122923
-0.0819572
-0.050551
-0.0288673
-0.0152272
-0.00739056
-0.00328027
-0.00134433
-0.000612438
-0.000464014
-0.000484396
-0.000491209
-0.000491958
-0.000484434
-0.000469731
-0.000316755
-0.000192846
8.63072e-06
-0.27716
-0.281403
-0.286813
-0.293037
-0.298543
-0.301747
-0.302333
-0.296809
-0.282382
-0.256561
-0.21871
-0.17146
-0.122904
-0.0804464
-0.048359
-0.0265836
-0.0131922
-0.00573854
-0.00201606
-0.000414164
5.01109e-05
-7.04789e-06
-0.000174139
-0.000279753
-0.000347507
-0.000389697
-0.000413538
-0.000281892
-0.000176892
2.242e-05
-0.283531
-0.287256
-0.2926
-0.298679
-0.304271
-0.308052
-0.308797
-0.303554
-0.289016
-0.262428
-0.222991
-0.173502
-0.122822
-0.0788922
-0.0461544
-0.0243142
-0.0111892
-0.00412504
-0.000788806
0.000484306
0.000687258
0.000430499
0.000122002
-7.81151e-05
-0.000209725
-0.000299604
-0.000360491
-0.000249032
-0.000161947
3.60472e-05
-0.289612
-0.292814
-0.298085
-0.303981
-0.309669
-0.312983
-0.314968
-0.31008
-0.295505
-0.268218
-0.227231
-0.17551
-0.122706
-0.0773145
-0.0439475
-0.0220635
-0.00922057
-0.00255089
0.000402105
0.00135251
0.00130056
0.000849699
0.000404514
0.000113929
-7.84651e-05
-0.000213999
-0.000310478
-0.000218041
-0.000147922
4.94567e-05
-0.295405
-0.297897
-0.303108
-0.308789
-0.314738
-0.319679
-0.32093
-0.316368
-0.301805
-0.273887
-0.231392
-0.177442
-0.122499
-0.0756642
-0.0417154
-0.0198323
-0.0073039
-0.00104268
0.00152731
0.0021644
0.00186948
0.00123666
0.000665022
0.00029098
4.21075e-05
-0.000135473
-0.000264302
-0.000188872
-0.000134316
6.25201e-05
-0.30066
-0.302049
-0.307381
-0.312784
-0.318498
-0.322158
-0.324846
-0.320368
-0.305617
-0.277086
-0.233441
-0.177811
-0.1214
-0.0736179
-0.0393737
-0.0176281
-0.00545906
0.000376735
0.00255685
0.00289028
0.00237044
0.00158128
0.00090404
0.000455898
0.000153219
-6.28851e-05
-0.000219375
-0.000159046
-0.000118852
7.64501e-05
-0.305053
-0.307458
-0.312966
-0.318201
-0.324142
-0.328878
-0.330877
-0.325604
-0.309431
-0.278688
-0.232172
-0.173932
-0.116002
-0.0681161
-0.034704
-0.0140376
-0.00287756
0.00217351
0.00381946
0.00376108
0.00295989
0.0019735
0.00116752
0.000637153
0.000278816
1.87675e-05
-0.000170746
-0.00012794
-0.000103299
9.24114e-05
-0.309608
-0.312188
-0.317751
-0.322721
-0.328663
-0.332915
-0.335341
-0.32964
-0.312488
-0.280087
-0.231295
-0.170571
-0.111226
-0.0631334
-0.0303508
-0.0105936
-0.000333922
0.00397934
0.00505574
0.00459633
0.00352157
0.00234757
0.00142053
0.00081264
0.000401404
9.84616e-05
-0.000123334
-9.7384e-05
-8.80872e-05
0.000109154
-0.314015
-0.316549
-0.322118
-0.326864
-0.33303
-0.337695
-0.34006
-0.333755
-0.315491
-0.281306
-0.230067
-0.166887
-0.106222
-0.0580505
-0.0260044
-0.00720826
0.00214217
0.0057204
0.00624231
0.00540327
0.00406515
0.00270969
0.00166573
0.000982742
0.000519752
0.000175089
-7.77099e-05
-6.7449e-05
-7.2933e-05
0.000126444
-0.318224
-0.320359
-0.325898
-0.330486
-0.336909
-0.341664
-0.344091
-0.337255
-0.317968
-0.282114
-0.228534
-0.162951
-0.101068
-0.0528875
-0.0216295
-0.00382878
0.004588
0.00742368
0.00740531
0.00619313
0.00459535
0.00306187
0.0019041
0.00114808
0.000634423
0.000249009
-3.37486e-05
-3.80957e-05
-5.77427e-05
0.000144166
-0.32207
-0.323493
-0.329119
-0.333595
-0.340308
-0.345264
-0.347697
-0.340288
-0.319974
-0.282489
-0.22663
-0.158767
-0.0958116
-0.0477098
-0.017285
-0.000493434
0.00698868
0.00908929
0.00853832
0.00695948
0.00510787
0.00340167
0.00213429
0.00130784
0.000744903
0.000320008
8.57391e-06
-9.25309e-06
-4.24073e-05
0.000162212
-0.325739
-0.325967
-0.331782
-0.336175
-0.343213
-0.348312
-0.350708
-0.342704
-0.321387
-0.282326
-0.224316
-0.154342
-0.0904776
-0.0425456
-0.0129978
0.00277353
0.00932401
0.010703
0.00963226
0.00769715
0.00559969
0.00372739
0.00235521
0.00146114
0.000850506
0.000387765
4.92345e-05
1.91469e-05
-2.68046e-05
0.000180439
-0.329217
-0.327795
-0.333947
-0.338277
-0.345634
-0.350824
-0.35314
-0.344501
-0.322185
-0.281606
-0.221544
-0.149703
-0.0851108
-0.0374426
-0.00880524
0.00594607
0.0115764
0.0122521
0.0106801
0.00840157
0.00606793
0.00403736
0.00256578
0.00160719
0.000950621
0.000452013
8.82286e-05
4.71542e-05
-1.08334e-05
0.000198671
-0.332311
-0.329031
-0.335719
-0.339969
-0.347623
-0.352832
-0.354976
-0.345654
-0.322336
-0.280286
-0.21833
-0.144891
-0.079763
-0.0324548
-0.00475121
0.00899278
0.0137281
0.0137241
0.0116737
0.00906746
0.00650939
0.00432978
0.00276486
0.00174511
0.00104465
0.000512508
0.000125556
7.47834e-05
5.5643e-06
0.000216711
-0.334633
-0.329896
-0.337174
-0.341328
-0.349233
-0.354426
-0.356223
-0.346172
-0.32183
-0.278376
-0.214704
-0.139953
-0.0744941
-0.0276414
-0.00088282
0.0118795
0.0157565
0.0151057
0.0126046
0.00968937
0.00692085
0.00460283
0.00295126
0.00187404
0.00113203
0.000569021
0.000161195
0.000101995
2.23852e-05
0.000234339
-0.336156
-0.33056
-0.338369
-0.342408
-0.350486
-0.35549
-0.356901
-0.346074
-0.320707
-0.275878
-0.210719
-0.134951
-0.0693712
-0.0230653
0.00275098
0.0145714
0.0176382
0.0163835
0.0134641
0.010262
0.00729924
0.00485478
0.00312384
0.00199316
0.00121226
0.000621334
0.000195087
0.000128674
3.95467e-05
0.000251324
-0.337072
-0.331112
-0.339352
-0.343227
-0.351406
-0.356128
-0.35703
-0.34539
-0.318998
-0.272871
-0.206447
-0.129961
-0.0644661
-0.0187896
0.00610226
0.0170351
0.0193522
0.0175448
0.0142442
0.0107805
0.00764186
0.00508404
0.00328151
0.0021017
0.00128492
0.000669241
0.00022711
0.000154619
5.68724e-05
0.000267427
-0.337592
-0.331556
-0.340122
-0.34382
-0.35199
-0.356339
-0.356643
-0.344172
-0.316761
-0.269436
-0.201978
-0.12507
-0.0598537
-0.0148747
0.00912721
0.0192409
0.0208801
0.0185786
0.0149381
0.011241
0.00794652
0.00528927
0.00342332
0.00219904
0.00134968
0.000712542
0.000257065
0.000179531
7.40841e-05
0.000282412
-0.337893
-0.331876
-0.340744
-0.344149
-0.352286
-0.35613
-0.355861
-0.342483
-0.314088
-0.265703
-0.197432
-0.120377
-0.0556087
-0.0113743
0.0117896
0.0211658
0.0222081
0.0194766
0.0155409
0.0116408
0.00821173
0.00546944
0.00354848
0.00228467
0.00140633
0.000751038
0.000284671
0.000203015
9.08043e-05
0.000296054
-0.337677
-0.332236
-0.341038
-0.344374
-0.352232
-0.355625
-0.354593
-0.340478
-0.311177
-0.2618
-0.192949
-0.115993
-0.0518036
-0.00833473
0.0140648
0.0227956
0.0233286
0.0202347
0.0160503
0.0119787
0.00843681
0.00562386
0.00365636
0.00235825
0.00145477
0.000784534
0.000309562
0.000224595
0.00010657
0.000308144
-0.337427
-0.332401
-0.341234
-0.344367
-0.351979
-0.354855
-0.353185
-0.33827
-0.308113
-0.257979
-0.188716
-0.11204
-0.0485062
-0.00578292
0.0159357
0.0241257
0.02424
0.0208528
0.0164662
0.0122551
0.00862186
0.00575219
0.00374656
0.00241958
0.00149496
0.000812833
0.000331311
0.00024374
0.00012086
0.0003185
-0.337051
-0.33244
-0.341299
-0.344231
-0.35158
-0.353976
-0.3517
-0.336094
-0.305219
-0.254372
-0.184945
-0.108644
-0.045779
-0.0037382
0.0174046
0.0251608
0.0249477
0.0213342
0.0167912
0.0124714
0.00876763
0.0058544
0.00381882
0.00246856
0.00152696
0.000835747
0.000349457
0.000259901
0.000133134
0.000326968
-0.336661
-0.3324
-0.341292
-0.344026
-0.351146
-0.353122
-0.350328
-0.334164
-0.302706
-0.251349
-0.181781
-0.105965
-0.0436793
-0.00220782
0.0184832
0.0259144
0.0254622
0.0216854
0.0170291
0.0126302
0.00887529
0.00593066
0.00387303
0.00250522
0.00155083
0.000853105
0.000363547
0.00027256
0.000142874
0.000333424
-0.336337
-0.332331
-0.341254
-0.343832
-0.350782
-0.352447
-0.349291
-0.332723
-0.300847
-0.249133
-0.17954
-0.104069
-0.0422494
-0.00119447
0.0191884
0.0264035
0.0257961
0.021914
0.0171844
0.0127341
0.00894614
0.00598126
0.00390915
0.00252961
0.00156669
0.000864764
0.000373188
0.000281272
0.00014964
0.000337778
-0.336153
-0.332283
-0.341224
-0.343715
-0.350576
-0.352073
-0.348722
-0.331943
-0.299858
-0.247962
-0.178362
-0.103087
-0.0415318
-0.000689612
0.0195363
0.0266435
0.0259598
0.0220264
0.017261
0.0127855
0.00898125
0.00600648
0.0039272
0.00254178
0.00157459
0.000870621
0.000378087
0.000285714
0.000153109
0.00033997
)
;

boundaryField
{
    inlet
    {
        type            zeroGradient;
    }
    outlet
    {
        type            fixedValue;
        value           uniform 0;
    }
    cylinder
    {
        type            zeroGradient;
    }
    top
    {
        type            symmetryPlane;
    }
    bottom
    {
        type            symmetryPlane;
    }
    defaultFaces
    {
        type            empty;
    }
}


// ************************************************************************* //
