/*--------------------------------*- C++ -*----------------------------------*\
  =========                 |
  \\      /  F ield         | OpenFOAM: The Open Source CFD Toolbox
   \\    /   O peration     | Website:  https://openfoam.org
    \\  /    A nd           | Version:  9
     \\/     M anipulation  |
\*---------------------------------------------------------------------------*/
FoamFile
{
    format      ascii;
    class       volScalarField;
    location    "19.9";
    object      p;
}
// * * * * * * * * * * * * * * * * * * * * * * * * * * * * * * * * * * * * * //

dimensions      [0 2 -2 0 0 0 0];

internalField   nonuniform List<scalar> 
8500
(
-0.308661
-0.312933
-0.313809
-0.315633
-0.317839
-0.318225
-0.322233
-0.318837
-0.325522
-0.318683
-0.308931
-0.313141
-0.31401
-0.315802
-0.318041
-0.318319
-0.322533
-0.31876
-0.32593
-0.318531
-0.309465
-0.313549
-0.314405
-0.316131
-0.318436
-0.318495
-0.323123
-0.31859
-0.326739
-0.31823
-0.310248
-0.314148
-0.31498
-0.316604
-0.319006
-0.318731
-0.323981
-0.318296
-0.327932
-0.317787
-0.31126
-0.314921
-0.315716
-0.317199
-0.319724
-0.319001
-0.325067
-0.317845
-0.329478
-0.317205
-0.312478
-0.315848
-0.316589
-0.317886
-0.320552
-0.319276
-0.326326
-0.317202
-0.331333
-0.316475
-0.313875
-0.316907
-0.317572
-0.318635
-0.321446
-0.319534
-0.327678
-0.316342
-0.333444
-0.315542
-0.315422
-0.318077
-0.318636
-0.319417
-0.322351
-0.31976
-0.329029
-0.315257
-0.335728
-0.314407
-0.317093
-0.319334
-0.319751
-0.320207
-0.32321
-0.319953
-0.330264
-0.314043
-0.337709
-0.313316
-0.318863
-0.320661
-0.32089
-0.320982
-0.323967
-0.320129
-0.331154
-0.312902
-0.339404
-0.311823
-0.320713
-0.322039
-0.322027
-0.321728
-0.324563
-0.320384
-0.331589
-0.311729
-0.340748
-0.310142
-0.322629
-0.32346
-0.323143
-0.322437
-0.324888
-0.320753
-0.331585
-0.310615
-0.341306
-0.308767
-0.324606
-0.324916
-0.324229
-0.323132
-0.32498
-0.321104
-0.331135
-0.309883
-0.340528
-0.308242
-0.326647
-0.326408
-0.325274
-0.323784
-0.324895
-0.321391
-0.330172
-0.30969
-0.33802
-0.308569
-0.328764
-0.327944
-0.326297
-0.324377
-0.32468
-0.321589
-0.328763
-0.309949
-0.33378
-0.308895
-0.330985
-0.329531
-0.327333
-0.324917
-0.324386
-0.321517
-0.327036
-0.310282
-0.328326
-0.308104
-0.333344
-0.331191
-0.328412
-0.32544
-0.324092
-0.321132
-0.325075
-0.310302
-0.322301
-0.305692
-0.335881
-0.332957
-0.329569
-0.325984
-0.323856
-0.320459
-0.322844
-0.309813
-0.315946
-0.301697
-0.338648
-0.334864
-0.330849
-0.326586
-0.323681
-0.319609
-0.320252
-0.308735
-0.30918
-0.296542
-0.3417
-0.336954
-0.332305
-0.327271
-0.323527
-0.318699
-0.317283
-0.30692
-0.302048
-0.290985
-0.345093
-0.339277
-0.333986
-0.328038
-0.323367
-0.317763
-0.314012
-0.304144
-0.295168
-0.285497
-0.348873
-0.341901
-0.33593
-0.328872
-0.323237
-0.316734
-0.310519
-0.300368
-0.288956
-0.278802
-0.353113
-0.34488
-0.338142
-0.329783
-0.323191
-0.315489
-0.30683
-0.295865
-0.282709
-0.271901
-0.357879
-0.348278
-0.340582
-0.330855
-0.323221
-0.313921
-0.302944
-0.290776
-0.276453
-0.264971
-0.363231
-0.352146
-0.343198
-0.332221
-0.323233
-0.311973
-0.298811
-0.285298
-0.270081
-0.257961
-0.369239
-0.356495
-0.345996
-0.33395
-0.323104
-0.309618
-0.294414
-0.279526
-0.263574
-0.250935
-0.375975
-0.361272
-0.349094
-0.33596
-0.322734
-0.306854
-0.289735
-0.273519
-0.256932
-0.243827
-0.383512
-0.366378
-0.352698
-0.338043
-0.322047
-0.303687
-0.284769
-0.267302
-0.250144
-0.236633
-0.391889
-0.371711
-0.35699
-0.339984
-0.320972
-0.300121
-0.279508
-0.260875
-0.243206
-0.229316
-0.40108
-0.377212
-0.362007
-0.341632
-0.31944
-0.296149
-0.27394
-0.254228
-0.236098
-0.221854
-0.410964
-0.382896
-0.367561
-0.342892
-0.317389
-0.291755
-0.268051
-0.247345
-0.228803
-0.21422
-0.421311
-0.388842
-0.373256
-0.343687
-0.314767
-0.286907
-0.261816
-0.240203
-0.221297
-0.206394
-0.431788
-0.39515
-0.378603
-0.343928
-0.311531
-0.281571
-0.255208
-0.232779
-0.213557
-0.198353
-0.442076
-0.401879
-0.383142
-0.343499
-0.307642
-0.27571
-0.248196
-0.225044
-0.20556
-0.190079
-0.451871
-0.408992
-0.386525
-0.342268
-0.303058
-0.269289
-0.240746
-0.21697
-0.197286
-0.181553
-0.460918
-0.416312
-0.388536
-0.3401
-0.297735
-0.262275
-0.232826
-0.208529
-0.188712
-0.172759
-0.469015
-0.423509
-0.389076
-0.33687
-0.29162
-0.254636
-0.224406
-0.199697
-0.179817
-0.163682
-0.476004
-0.430119
-0.388134
-0.332477
-0.284661
-0.246338
-0.215459
-0.19045
-0.170585
-0.154317
-0.481758
-0.435618
-0.385739
-0.326855
-0.276804
-0.237348
-0.205957
-0.180767
-0.160999
-0.144673
-0.486168
-0.439529
-0.381867
-0.319956
-0.268
-0.227631
-0.195879
-0.170631
-0.151046
-0.134774
-0.489136
-0.441521
-0.376399
-0.311735
-0.258208
-0.21716
-0.185205
-0.160024
-0.140716
-0.124636
-0.490552
-0.441316
-0.369241
-0.302149
-0.247393
-0.205909
-0.173921
-0.148932
-0.129999
-0.114234
-0.490287
-0.438716
-0.360334
-0.291158
-0.235526
-0.19386
-0.162012
-0.137342
-0.118906
-0.103504
-0.488181
-0.433585
-0.349632
-0.27874
-0.222589
-0.180997
-0.149465
-0.125245
-0.107479
-0.0923663
-0.484048
-0.425836
-0.337086
-0.264895
-0.208568
-0.167307
-0.136269
-0.112643
-0.095763
-0.0808074
-0.477679
-0.415411
-0.322657
-0.249626
-0.193451
-0.152786
-0.122427
-0.0995777
-0.0837298
-0.0689729
-0.468858
-0.402274
-0.306326
-0.232933
-0.177222
-0.137457
-0.10798
-0.086132
-0.0712677
-0.0569371
-0.457372
-0.386411
-0.288083
-0.214814
-0.159892
-0.121382
-0.0929977
-0.0722741
-0.0583883
-0.044703
-0.443029
-0.367819
-0.267924
-0.195288
-0.14155
-0.104616
-0.0774358
-0.0580176
-0.0451383
-0.0322763
-0.425669
-0.34652
-0.245835
-0.174444
-0.122339
-0.0870651
-0.0613333
-0.0433768
-0.0315651
-0.0196713
-0.405176
-0.322572
-0.22182
-0.152436
-0.102198
-0.0687848
-0.0447299
-0.0283763
-0.017711
-0.00691508
-0.381482
-0.296102
-0.195967
-0.129231
-0.0811755
-0.0498338
-0.0276693
-0.0130488
-0.00361718
0.00595529
-0.354578
-0.267269
-0.168466
-0.10475
-0.0593293
-0.030278
-0.0101993
0.00256625
0.0106768
0.0188955
-0.324512
-0.236099
-0.139459
-0.07911
-0.0367273
-0.0101876
0.0076256
0.0184249
0.0251346
0.0318609
-0.291405
-0.202361
-0.109311
-0.0524544
-0.013444
0.0103625
0.0257449
0.0344819
0.0397251
0.0448078
-0.255432
-0.166353
-0.0779863
-0.0249326
0.0104339
0.0312924
0.0440936
0.0506957
0.0544162
0.0576657
-0.216688
-0.128486
-0.0455386
0.00330949
0.034806
0.0525168
0.0626066
0.0670326
0.0691525
0.0702612
-0.175156
-0.0893773
-0.0120996
0.0321292
0.0595614
0.0739461
0.0812216
0.0834592
0.0838218
0.0822575
-0.131314
-0.049191
0.022151
0.0613834
0.0845805
0.0954872
0.099878
0.099916
0.0982491
0.0933648
-0.085522
-0.00812002
0.0570086
0.090923
0.109737
0.117045
0.118508
0.116293
0.112271
0.103902
-0.0381598
0.0335979
0.0922536
0.120591
0.134902
0.138522
0.137026
0.132448
0.125835
0.115185
0.0103693
0.0756987
0.127657
0.150223
0.159939
0.159816
0.155336
0.148272
0.139143
0.126999
0.0596459
0.117901
0.162983
0.17965
0.184714
0.180824
0.173343
0.163731
0.152244
0.138855
0.109238
0.159911
0.197995
0.208697
0.209089
0.201436
0.19095
0.17878
0.165085
0.150578
0.158709
0.201431
0.232456
0.237188
0.232926
0.221542
0.208071
0.193371
0.177591
0.161985
0.207617
0.242159
0.266128
0.264947
0.256085
0.241031
0.224618
0.207447
0.189697
0.172981
0.255525
0.281796
0.298779
0.291797
0.278431
0.259795
0.240508
0.220946
0.201335
0.183484
0.302005
0.32005
0.330184
0.317567
0.29983
0.277728
0.255659
0.233805
0.21244
0.193437
0.346634
0.356642
0.360122
0.342089
0.32015
0.294726
0.269992
0.24596
0.222952
0.20279
0.389005
0.391309
0.388387
0.365201
0.339267
0.31069
0.28343
0.25735
0.232814
0.2115
0.42874
0.423797
0.414779
0.386749
0.357061
0.325526
0.2959
0.267916
0.24197
0.219528
0.465542
0.453817
0.43911
0.406586
0.37342
0.339147
0.307334
0.277602
0.25037
0.226841
0.499114
0.481111
0.461203
0.424577
0.388239
0.351471
0.317668
0.286357
0.257966
0.233409
0.529166
0.505463
0.480899
0.440599
0.401424
0.362424
0.326843
0.294131
0.264713
0.239204
0.555433
0.526689
0.498054
0.454542
0.412889
0.371939
0.334809
0.30088
0.270574
0.244206
0.577686
0.544626
0.512545
0.46631
0.42256
0.379959
0.34152
0.306566
0.275511
0.248397
0.595728
0.55914
0.524267
0.475823
0.430374
0.386436
0.346935
0.311156
0.279497
0.251762
0.6094
0.570122
0.533133
0.483015
0.436279
0.391328
0.351025
0.314622
0.282508
0.254293
0.618583
0.57749
0.53908
0.487838
0.440238
0.394606
0.353765
0.316945
0.284525
0.255983
0.623194
0.581187
0.542064
0.490258
0.442224
0.39625
0.355139
0.318109
0.285537
0.256828
0.623194
0.581187
0.542064
0.490258
0.442224
0.39625
0.355139
0.318109
0.285537
0.256828
0.618583
0.57749
0.53908
0.487838
0.440238
0.394606
0.353765
0.316945
0.284525
0.255983
0.6094
0.570122
0.533133
0.483015
0.436279
0.391328
0.351025
0.314622
0.282508
0.254293
0.595728
0.55914
0.524267
0.475823
0.430374
0.386436
0.346935
0.311156
0.279497
0.251762
0.577686
0.544626
0.512545
0.46631
0.42256
0.379959
0.34152
0.306566
0.275511
0.248397
0.555433
0.526689
0.498054
0.454542
0.412889
0.371939
0.334809
0.30088
0.270574
0.244206
0.529166
0.505463
0.480899
0.440599
0.401424
0.362424
0.326843
0.294131
0.264713
0.239204
0.499114
0.481111
0.461203
0.424577
0.388239
0.351471
0.317668
0.286357
0.257966
0.233409
0.465542
0.453817
0.43911
0.406586
0.37342
0.339147
0.307334
0.277602
0.25037
0.226841
0.42874
0.423797
0.414779
0.386749
0.357061
0.325526
0.2959
0.267916
0.24197
0.219528
0.389005
0.391309
0.388387
0.365201
0.339267
0.31069
0.28343
0.25735
0.232814
0.2115
0.346634
0.356642
0.360122
0.342089
0.32015
0.294726
0.269992
0.24596
0.222952
0.20279
0.302004
0.32005
0.330184
0.317567
0.29983
0.277728
0.255659
0.233805
0.21244
0.193437
0.255525
0.281796
0.298779
0.291797
0.278431
0.259795
0.240508
0.220946
0.201334
0.183484
0.207617
0.242159
0.266128
0.264947
0.256085
0.241031
0.224618
0.207447
0.189697
0.172981
0.158709
0.201431
0.232456
0.237188
0.232926
0.221542
0.208071
0.193371
0.177591
0.161985
0.109238
0.159911
0.197995
0.208697
0.209089
0.201436
0.19095
0.17878
0.165085
0.150578
0.0596459
0.117901
0.162983
0.17965
0.184714
0.180824
0.173343
0.163731
0.152244
0.138855
0.0103693
0.0756987
0.127657
0.150223
0.159939
0.159816
0.155336
0.148272
0.139143
0.126999
-0.0381598
0.0335979
0.0922536
0.120591
0.134902
0.138522
0.137026
0.132448
0.125835
0.115185
-0.085522
-0.00812004
0.0570086
0.0909229
0.109737
0.117045
0.118508
0.116293
0.112271
0.103902
-0.131314
-0.049191
0.0221509
0.0613834
0.0845805
0.0954872
0.099878
0.0999159
0.098249
0.0933648
-0.175156
-0.0893773
-0.0120996
0.0321292
0.0595613
0.0739461
0.0812216
0.0834591
0.0838218
0.0822575
-0.216688
-0.128486
-0.0455387
0.00330947
0.0348059
0.0525168
0.0626066
0.0670326
0.0691525
0.0702612
-0.255432
-0.166353
-0.0779863
-0.0249326
0.0104338
0.0312923
0.0440936
0.0506957
0.0544162
0.0576657
-0.291405
-0.202361
-0.109312
-0.0524545
-0.013444
0.0103625
0.0257449
0.0344818
0.0397251
0.0448077
-0.324512
-0.236099
-0.139459
-0.07911
-0.0367273
-0.0101876
0.00762558
0.0184249
0.0251346
0.0318609
-0.354578
-0.267269
-0.168466
-0.10475
-0.0593293
-0.0302781
-0.0101993
0.00256622
0.0106768
0.0188955
-0.381482
-0.296102
-0.195967
-0.129231
-0.0811755
-0.0498338
-0.0276693
-0.0130488
-0.0036172
0.00595526
-0.405176
-0.322572
-0.22182
-0.152436
-0.102198
-0.0687848
-0.0447299
-0.0283764
-0.0177111
-0.00691511
-0.425669
-0.34652
-0.245835
-0.174444
-0.122339
-0.0870651
-0.0613333
-0.0433768
-0.0315651
-0.0196713
-0.443029
-0.367819
-0.267924
-0.195288
-0.14155
-0.104616
-0.0774358
-0.0580176
-0.0451384
-0.0322763
-0.457372
-0.386411
-0.288083
-0.214814
-0.159892
-0.121382
-0.0929977
-0.0722741
-0.0583883
-0.044703
-0.468858
-0.402274
-0.306326
-0.232933
-0.177222
-0.137457
-0.10798
-0.086132
-0.0712677
-0.0569371
-0.477679
-0.415411
-0.322657
-0.249626
-0.193451
-0.152786
-0.122427
-0.0995778
-0.0837298
-0.0689729
-0.484048
-0.425836
-0.337086
-0.264895
-0.208568
-0.167307
-0.136269
-0.112643
-0.095763
-0.0808075
-0.488181
-0.433585
-0.349632
-0.27874
-0.222589
-0.180997
-0.149465
-0.125245
-0.107479
-0.0923663
-0.490287
-0.438716
-0.360334
-0.291158
-0.235526
-0.19386
-0.162012
-0.137342
-0.118906
-0.103504
-0.490552
-0.441316
-0.369241
-0.302149
-0.247393
-0.205909
-0.173921
-0.148932
-0.129999
-0.114234
-0.489136
-0.441521
-0.376399
-0.311735
-0.258208
-0.21716
-0.185205
-0.160024
-0.140716
-0.124636
-0.486168
-0.439529
-0.381867
-0.319956
-0.268
-0.227631
-0.195879
-0.170631
-0.151046
-0.134774
-0.481758
-0.435618
-0.385739
-0.326855
-0.276804
-0.237348
-0.205957
-0.180767
-0.160999
-0.144673
-0.476004
-0.43012
-0.388134
-0.332477
-0.284661
-0.246338
-0.215459
-0.19045
-0.170585
-0.154317
-0.469015
-0.423509
-0.389076
-0.33687
-0.29162
-0.254636
-0.224406
-0.199697
-0.179817
-0.163682
-0.460918
-0.416313
-0.388536
-0.3401
-0.297735
-0.262275
-0.232826
-0.208529
-0.188712
-0.172759
-0.451871
-0.408992
-0.386525
-0.342268
-0.303058
-0.269289
-0.240746
-0.21697
-0.197286
-0.181553
-0.442076
-0.401879
-0.383142
-0.343499
-0.307642
-0.27571
-0.248196
-0.225044
-0.205561
-0.190079
-0.431788
-0.39515
-0.378603
-0.343928
-0.311531
-0.281571
-0.255208
-0.232779
-0.213557
-0.198353
-0.421311
-0.388842
-0.373256
-0.343687
-0.314767
-0.286907
-0.261816
-0.240203
-0.221297
-0.206394
-0.410964
-0.382896
-0.367561
-0.342892
-0.317389
-0.291755
-0.268051
-0.247345
-0.228803
-0.21422
-0.40108
-0.377212
-0.362007
-0.341632
-0.31944
-0.296149
-0.27394
-0.254228
-0.236098
-0.221854
-0.391889
-0.371712
-0.35699
-0.339984
-0.320972
-0.300121
-0.279508
-0.260875
-0.243206
-0.229316
-0.383512
-0.366379
-0.352698
-0.338043
-0.322047
-0.303687
-0.284769
-0.267302
-0.250144
-0.236634
-0.375975
-0.361272
-0.349094
-0.33596
-0.322735
-0.306854
-0.289735
-0.273519
-0.256932
-0.243827
-0.369239
-0.356495
-0.345996
-0.33395
-0.323104
-0.309618
-0.294414
-0.279526
-0.263574
-0.250935
-0.363231
-0.352146
-0.343198
-0.332221
-0.323233
-0.311973
-0.298811
-0.285298
-0.270081
-0.257961
-0.357879
-0.348278
-0.340582
-0.330855
-0.323221
-0.313921
-0.302944
-0.290776
-0.276453
-0.264971
-0.353113
-0.34488
-0.338142
-0.329783
-0.323191
-0.315489
-0.30683
-0.295865
-0.28271
-0.271901
-0.348873
-0.341901
-0.33593
-0.328872
-0.323237
-0.316734
-0.310519
-0.300368
-0.288956
-0.278802
-0.345093
-0.339277
-0.333986
-0.328038
-0.323368
-0.317763
-0.314012
-0.304144
-0.295168
-0.285497
-0.3417
-0.336954
-0.332305
-0.327271
-0.323527
-0.318699
-0.317283
-0.30692
-0.302048
-0.290985
-0.338648
-0.334864
-0.330849
-0.326586
-0.323681
-0.319609
-0.320252
-0.308735
-0.30918
-0.296542
-0.335881
-0.332957
-0.329569
-0.325984
-0.323856
-0.320459
-0.322844
-0.309813
-0.315946
-0.301697
-0.333344
-0.331191
-0.328412
-0.32544
-0.324092
-0.321132
-0.325075
-0.310302
-0.322301
-0.305692
-0.330985
-0.329531
-0.327333
-0.324917
-0.324386
-0.321517
-0.327036
-0.310282
-0.328326
-0.308104
-0.328764
-0.327944
-0.326297
-0.324377
-0.32468
-0.321589
-0.328763
-0.309949
-0.33378
-0.308895
-0.326647
-0.326408
-0.325274
-0.323784
-0.324895
-0.321391
-0.330172
-0.30969
-0.33802
-0.308569
-0.324606
-0.324916
-0.324229
-0.323132
-0.32498
-0.321104
-0.331136
-0.309883
-0.340528
-0.308242
-0.322629
-0.32346
-0.323143
-0.322437
-0.324888
-0.320753
-0.331585
-0.310615
-0.341306
-0.308767
-0.320713
-0.322039
-0.322027
-0.321728
-0.324563
-0.320384
-0.331589
-0.311729
-0.340748
-0.310142
-0.318863
-0.320661
-0.32089
-0.320982
-0.323967
-0.320129
-0.331154
-0.312903
-0.339404
-0.311823
-0.317093
-0.319334
-0.319751
-0.320207
-0.32321
-0.319953
-0.330264
-0.314043
-0.337709
-0.313316
-0.315422
-0.318077
-0.318636
-0.319417
-0.322351
-0.31976
-0.329029
-0.315257
-0.335728
-0.314407
-0.313875
-0.316907
-0.317572
-0.318635
-0.321446
-0.319534
-0.327678
-0.316342
-0.333444
-0.315542
-0.312478
-0.315848
-0.316589
-0.317886
-0.320552
-0.319276
-0.326326
-0.317202
-0.331333
-0.316475
-0.31126
-0.314921
-0.315716
-0.317199
-0.319724
-0.319001
-0.325067
-0.317845
-0.329478
-0.317205
-0.310248
-0.314148
-0.31498
-0.316605
-0.319006
-0.318731
-0.323981
-0.318296
-0.327932
-0.317787
-0.309465
-0.313549
-0.314405
-0.316131
-0.318436
-0.318495
-0.323123
-0.31859
-0.326739
-0.31823
-0.308931
-0.313141
-0.31401
-0.315802
-0.318041
-0.318319
-0.322533
-0.31876
-0.32593
-0.318531
-0.308661
-0.312933
-0.313809
-0.315633
-0.317839
-0.318225
-0.322233
-0.318837
-0.325522
-0.318683
-0.327248
-0.319531
-0.323454
-0.319839
-0.32146
-0.320077
-0.319793
-0.315406
-0.305486
-0.284787
-0.251478
-0.202095
-0.140259
-0.0782471
-0.030592
-0.000411452
0.0139006
0.0184145
0.017657
0.0146224
0.0111235
0.0079478
0.00549013
0.00359555
0.00215199
0.00142008
0.000822183
0.00078116
0.000306475
0.000260245
-0.327458
-0.31961
-0.323481
-0.31988
-0.321497
-0.320172
-0.319958
-0.315693
-0.305916
-0.285366
-0.25222
-0.202949
-0.141076
-0.0789086
-0.0310777
-0.000752661
0.0136639
0.0182493
0.0175433
0.0145449
0.0110697
0.00791055
0.00546481
0.00357853
0.00213929
0.00141102
0.000815766
0.000777517
0.000304075
0.000258018
-0.327848
-0.319749
-0.323528
-0.319952
-0.321558
-0.320341
-0.32026
-0.316226
-0.306722
-0.286452
-0.253625
-0.204574
-0.142664
-0.0801865
-0.0320407
-0.00143968
0.0131837
0.0179133
0.0173119
0.0143877
0.0109609
0.00783536
0.00541376
0.00354426
0.00211393
0.00139292
0.000802995
0.000770166
0.00029932
0.00025362
-0.328362
-0.319919
-0.323583
-0.320033
-0.321625
-0.320547
-0.320644
-0.316922
-0.307802
-0.287927
-0.255545
-0.206825
-0.14488
-0.0820522
-0.0334672
-0.00248015
0.0124485
0.0173964
0.0169559
0.0141464
0.0107946
0.00772101
0.00533627
0.00349235
0.00207597
0.00136582
0.000783996
0.000758985
0.000292292
0.000247164
-0.328928
-0.320078
-0.323632
-0.320103
-0.32167
-0.320747
-0.321049
-0.317699
-0.309031
-0.289635
-0.257814
-0.209536
-0.147586
-0.0844281
-0.0353371
-0.00388244
0.0114451
0.0166872
0.0164672
0.0138159
0.0105684
0.00756605
0.00523146
0.00342231
0.00202551
0.00132979
0.000758946
0.000743822
0.000283102
0.000238808
-0.329466
-0.320206
-0.323661
-0.320139
-0.321672
-0.320895
-0.321405
-0.318431
-0.310282
-0.291434
-0.260237
-0.212464
-0.150705
-0.0872365
-0.0376293
-0.00564583
0.0101625
0.0157757
0.0158382
0.0133914
0.0102795
0.00736914
0.00509851
0.00333368
0.0019627
0.00128497
0.000728066
0.000724517
0.00027188
0.000228752
-0.329988
-0.320197
-0.323646
-0.320111
-0.321616
-0.320959
-0.32167
-0.31908
-0.311444
-0.293158
-0.262655
-0.215541
-0.154057
-0.0904055
-0.0403134
-0.00776435
0.00859534
0.014656
0.0150644
0.0128698
0.00992614
0.00712937
0.00493682
0.00322612
0.00188775
0.00123154
0.000691607
0.000700933
0.000258758
0.000217219
-0.330161
-0.32027
-0.323502
-0.320088
-0.321442
-0.320939
-0.321763
-0.319545
-0.312394
-0.29473
-0.26495
-0.218574
-0.157549
-0.0938643
-0.0433535
-0.0102273
0.00674902
0.0133289
0.014145
0.0122501
0.00950786
0.00684657
0.00474619
0.00309956
0.00180093
0.00116978
0.000649845
0.000672987
0.000243865
0.000204447
-0.330027
-0.320269
-0.323226
-0.319998
-0.321174
-0.32079
-0.321677
-0.319776
-0.313098
-0.296034
-0.267007
-0.221476
-0.161081
-0.0975459
-0.0467089
-0.0130107
0.004636
0.0118012
0.0130832
0.0115338
0.00902558
0.00652142
0.00452695
0.00295417
0.0017026
0.00110002
0.000603075
0.000640662
0.000227315
0.000190677
-0.329507
-0.320169
-0.322819
-0.319811
-0.320802
-0.320491
-0.32141
-0.319739
-0.313489
-0.297015
-0.268751
-0.224156
-0.164577
-0.101388
-0.0503338
-0.0160829
0.00227647
0.0100857
0.0118867
0.0107251
0.00848175
0.00615549
0.00427998
0.00279046
0.00159318
0.00102267
0.000551603
0.000604028
0.000209205
0.000176135
-0.328332
-0.31995
-0.322232
-0.319499
-0.320285
-0.320017
-0.320904
-0.319412
-0.313536
-0.297625
-0.270121
-0.226552
-0.167972
-0.105332
-0.0541801
-0.0194059
-0.000303091
0.00819991
0.0105665
0.0098304
0.00788017
0.00575114
0.00400669
0.00260923
0.00147318
0.000938198
0.000495747
0.000563237
0.000189617
0.000161028
-0.326309
-0.319506
-0.32141
-0.318998
-0.319599
-0.319344
-0.320154
-0.318766
-0.313202
-0.297834
-0.271089
-0.228616
-0.171217
-0.109326
-0.0581984
-0.0229381
-0.00307213
0.00616466
0.00913585
0.00885771
0.00722563
0.00531133
0.0037089
0.00241154
0.00134321
0.000847114
0.000435832
0.000518523
0.000168617
0.000145533
-0.323473
-0.318678
-0.320303
-0.318229
-0.3187
-0.318471
-0.319131
-0.317784
-0.312472
-0.297627
-0.271637
-0.230316
-0.174274
-0.113326
-0.0623403
-0.0266361
-0.00599815
0.00400252
0.00760948
0.00781594
0.00652359
0.00483944
0.00338876
0.00219865
0.00120389
0.000749948
0.000372185
0.00047019
0.000146265
0.000129797
-0.320196
-0.317247
-0.318811
-0.317141
-0.317512
-0.317243
-0.317793
-0.316441
-0.31133
-0.296992
-0.271759
-0.231646
-0.177116
-0.11729
-0.0665604
-0.0304576
-0.00904859
0.00173641
0.00600281
0.00671422
0.00577978
0.00433904
0.00304858
0.00197194
0.00105594
0.000647238
0.000305131
0.000418589
0.000122617
0.000113931
-0.316764
-0.315156
-0.316853
-0.315645
-0.315985
-0.315789
-0.316138
-0.314735
-0.309778
-0.295937
-0.271467
-0.232623
-0.179728
-0.121188
-0.0708173
-0.0343625
-0.0121923
-0.000611873
0.00433072
0.00556131
0.00499973
0.00381363
0.00269071
0.00173282
0.000900077
0.000539512
0.000234992
0.000364108
9.77351e-05
9.802e-05
-0.312997
-0.312455
-0.314356
-0.313678
-0.314049
-0.313761
-0.314084
-0.312641
-0.307818
-0.294474
-0.270793
-0.23327
-0.182108
-0.124991
-0.0750739
-0.0383151
-0.0154021
-0.00302322
0.00260568
0.00436641
0.00418879
0.00326653
0.0023174
0.00148272
0.00073704
0.000427292
0.000162084
0.00030716
7.16895e-05
8.21232e-05
-0.309057
-0.309112
-0.311309
-0.311247
-0.311777
-0.31174
-0.311765
-0.310238
-0.305516
-0.292666
-0.269796
-0.233636
-0.184271
-0.128689
-0.0793082
-0.0422902
-0.0186543
-0.00547794
0.00084123
0.00313952
0.00335342
0.00270151
0.00193115
0.0012232
0.00056767
0.000311105
8.66998e-05
0.000248124
4.45607e-05
6.62809e-05
-0.304893
-0.305213
-0.307686
-0.308238
-0.308929
-0.308828
-0.308911
-0.307397
-0.302811
-0.290495
-0.268495
-0.233762
-0.186237
-0.13225
-0.0834683
-0.0462335
-0.0219081
-0.00795385
-0.000955192
0.00188155
0.00249726
0.00212191
0.00153419
0.000955662
0.000392631
0.0001913
9.0229e-06
0.000187247
1.63973e-05
5.0514e-05
-0.300558
-0.301009
-0.303839
-0.305099
-0.306123
-0.30634
-0.306259
-0.30459
-0.300071
-0.288235
-0.267061
-0.233691
-0.187985
-0.135636
-0.087539
-0.050168
-0.0252057
-0.0104882
-0.00280249
0.000578458
0.0016071
0.00152177
0.00112369
0.000678621
0.000211247
6.77135e-05
-7.08352e-05
0.000124805
-1.27734e-05
3.48424e-05
-0.296446
-0.296018
-0.298803
-0.300692
-0.302053
-0.302368
-0.302356
-0.300867
-0.296591
-0.285457
-0.265403
-0.233744
-0.190099
-0.139448
-0.0920302
-0.0543933
-0.0286577
-0.0130819
-0.00465921
-0.000718382
0.000703004
0.000904517
0.000701286
0.000393357
2.49882e-05
-5.83383e-05
-0.000151989
6.21562e-05
-4.25822e-05
1.93697e-05
-0.291241
-0.292159
-0.295076
-0.297489
-0.29921
-0.299923
-0.299988
-0.298203
-0.293777
-0.282712
-0.262904
-0.231858
-0.189294
-0.139934
-0.0935086
-0.0563828
-0.0306779
-0.0148569
-0.0060879
-0.00178678
-5.77705e-05
0.000370931
0.000329982
0.000140527
-0.000143384
-0.000174248
-0.000227797
5.74349e-06
-7.01155e-05
5.34978e-06
-0.285522
-0.287223
-0.290325
-0.293199
-0.295153
-0.295874
-0.295823
-0.29407
-0.289392
-0.278224
-0.258584
-0.228235
-0.187045
-0.139441
-0.0944611
-0.0581537
-0.0326532
-0.016662
-0.00756297
-0.00291242
-0.000876755
-0.000205386
-6.98792e-05
-0.000132261
-0.00032121
-0.000293489
-0.000303031
-5.0941e-05
-9.77486e-05
-8.01925e-06
-0.279519
-0.281827
-0.28515
-0.288501
-0.290771
-0.291693
-0.291687
-0.289697
-0.284736
-0.273484
-0.254058
-0.224464
-0.184685
-0.13885
-0.0953364
-0.0598847
-0.0346334
-0.0185028
-0.00909079
-0.00409456
-0.00174705
-0.000822115
-0.000499772
-0.00042675
-0.000513253
-0.000421592
-0.00038313
-0.000111407
-0.000127382
-2.19233e-05
-0.273253
-0.276184
-0.27974
-0.283528
-0.28612
-0.287231
-0.287203
-0.285057
-0.279853
-0.268569
-0.249415
-0.220629
-0.182293
-0.13824
-0.0962015
-0.0616197
-0.0366333
-0.0203757
-0.0106569
-0.0053134
-0.00264849
-0.00146367
-0.000948408
-0.000734916
-0.000715029
-0.000556389
-0.000467508
-0.000174773
-0.000158634
-3.62762e-05
-0.266669
-0.270324
-0.274122
-0.278291
-0.281193
-0.282467
-0.282418
-0.280152
-0.274745
-0.263471
-0.244641
-0.21671
-0.179842
-0.137583
-0.0970361
-0.0633458
-0.0386471
-0.0222787
-0.0122598
-0.00656849
-0.0035815
-0.00213067
-0.00141625
-0.00105718
-0.000926781
-0.000698043
-0.000556264
-0.000241016
-0.000191536
-5.10775e-05
-0.259813
-0.264271
-0.26832
-0.272821
-0.27602
-0.277455
-0.277403
-0.275029
-0.269453
-0.258227
-0.239766
-0.212728
-0.177344
-0.136879
-0.0978311
-0.0650518
-0.0406655
-0.0242056
-0.0138965
-0.00785911
-0.00454673
-0.00282417
-0.0019043
-0.00139437
-0.00114907
-0.000846892
-0.000649565
-0.000310188
-0.000226136
-6.63155e-05
-0.25276
-0.258056
-0.262373
-0.267161
-0.270645
-0.272244
-0.272193
-0.269734
-0.264024
-0.252885
-0.234835
-0.208718
-0.174819
-0.136133
-0.0985832
-0.0667298
-0.04268
-0.0261495
-0.0155622
-0.0091825
-0.00554281
-0.00354363
-0.0024124
-0.00174649
-0.00138197
-0.00100302
-0.000747493
-0.000382246
-0.000262425
-8.19598e-05
-0.245564
-0.251705
-0.256308
-0.261345
-0.265102
-0.266866
-0.266828
-0.264307
-0.258503
-0.247486
-0.229884
-0.204706
-0.172282
-0.135351
-0.0992889
-0.0683727
-0.0446825
-0.0281033
-0.0172518
-0.0105353
-0.00656771
-0.00428798
-0.00294001
-0.00211326
-0.00162539
-0.0011664
-0.000850089
-0.000457106
-0.000300372
-9.79709e-05
-0.238271
-0.245242
-0.25015
-0.255404
-0.259417
-0.261352
-0.261339
-0.258781
-0.252924
-0.242065
-0.224942
-0.200714
-0.169745
-0.134534
-0.0999452
-0.0699733
-0.0466652
-0.0300601
-0.0189602
-0.011914
-0.00761927
-0.00505604
-0.00348652
-0.00249431
-0.0018792
-0.00133699
-0.000957372
-0.000534673
-0.000339931
-0.000114302
-0.230932
-0.23869
-0.24392
-0.249365
-0.253614
-0.255724
-0.255755
-0.253187
-0.247316
-0.236649
-0.220034
-0.19676
-0.167219
-0.133688
-0.100549
-0.0715254
-0.0486205
-0.0320129
-0.0206818
-0.0133148
-0.00869507
-0.00584641
-0.00405115
-0.00288923
-0.00214319
-0.0015147
-0.00106933
-0.000614838
-0.000381048
-0.000130898
-0.223593
-0.232075
-0.23764
-0.243253
-0.247717
-0.250006
-0.250099
-0.247549
-0.241703
-0.231262
-0.215178
-0.192858
-0.164712
-0.132813
-0.101098
-0.0730233
-0.0505412
-0.0339547
-0.0224109
-0.0147336
-0.00979237
-0.00665742
-0.00463293
-0.00329742
-0.00241705
-0.00169933
-0.00118591
-0.000697472
-0.00042365
-0.000147697
-0.216297
-0.225425
-0.231332
-0.237097
-0.241751
-0.244221
-0.244394
-0.24189
-0.236109
-0.225924
-0.21039
-0.189019
-0.162233
-0.131913
-0.101591
-0.0744617
-0.0524204
-0.0358785
-0.0241416
-0.0161658
-0.010908
-0.00748709
-0.00523064
-0.00371812
-0.00270034
-0.00189065
-0.00130701
-0.000782418
-0.000467646
-0.000164629
-0.20909
-0.218771
-0.225021
-0.230925
-0.235742
-0.238389
-0.238664
-0.236232
-0.230552
-0.22065
-0.205684
-0.185253
-0.159786
-0.130992
-0.102027
-0.0758361
-0.0542514
-0.0377772
-0.0258676
-0.0176065
-0.0120386
-0.00833308
-0.00584279
-0.00415037
-0.0029925
-0.00208828
-0.00143245
-0.00086949
-0.000512929
-0.000181617
-0.202013
-0.212147
-0.21873
-0.224763
-0.229718
-0.232538
-0.232931
-0.230597
-0.225051
-0.215459
-0.201073
-0.181569
-0.157378
-0.130051
-0.102404
-0.0771424
-0.0560278
-0.0396435
-0.0275822
-0.0190504
-0.01318
-0.00919264
-0.00646757
-0.00459298
-0.00329279
-0.00229177
-0.001562
-0.000958463
-0.000559367
-0.000198582
-0.195105
-0.205584
-0.212486
-0.218641
-0.223708
-0.226691
-0.227219
-0.225007
-0.219627
-0.210365
-0.196568
-0.177975
-0.155015
-0.129095
-0.102723
-0.078377
-0.0577435
-0.0414703
-0.0292784
-0.0204916
-0.0143279
-0.0100626
-0.00710281
-0.00504448
-0.00360027
-0.00250049
-0.00169531
-0.00104907
-0.000606804
-0.000215439
-0.188398
-0.199118
-0.206317
-0.212588
-0.217744
-0.220878
-0.221554
-0.219486
-0.214297
-0.205385
-0.192181
-0.17448
-0.152703
-0.128128
-0.102984
-0.079537
-0.0593926
-0.0432501
-0.0309488
-0.0219238
-0.0154772
-0.0109392
-0.00774595
-0.00550311
-0.00391379
-0.00271368
-0.00183195
-0.00114097
-0.000655051
-0.0002321
-0.181925
-0.192785
-0.200251
-0.206632
-0.211859
-0.21513
-0.215961
-0.214057
-0.209085
-0.200536
-0.187924
-0.171092
-0.150448
-0.127153
-0.10319
-0.0806199
-0.0609694
-0.0449756
-0.0325858
-0.0233399
-0.0166224
-0.0118183
-0.00839395
-0.00596677
-0.00423195
-0.00293041
-0.00197134
-0.0012338
-0.000703884
-0.000248473
-0.175713
-0.186623
-0.194322
-0.200804
-0.206088
-0.209481
-0.210473
-0.208747
-0.20401
-0.195836
-0.183812
-0.167822
-0.148259
-0.126178
-0.103342
-0.0816238
-0.0624685
-0.0466392
-0.0341811
-0.0247325
-0.017757
-0.0126949
-0.00904326
-0.00643293
-0.00455304
-0.00314953
-0.00211279
-0.00132707
-0.000753039
-0.000264466
-0.169791
-0.180669
-0.188562
-0.195137
-0.200467
-0.203966
-0.205114
-0.203583
-0.199098
-0.191304
-0.179858
-0.164679
-0.146142
-0.125207
-0.103442
-0.0825475
-0.0638846
-0.0482332
-0.035726
-0.0260934
-0.0188742
-0.0135635
-0.00968978
-0.00689866
-0.00487505
-0.00336964
-0.00225541
-0.00142025
-0.000802202
-0.000279985
-0.164184
-0.174963
-0.183009
-0.189666
-0.195035
-0.198624
-0.199925
-0.198595
-0.194374
-0.186961
-0.176079
-0.161676
-0.144108
-0.124249
-0.103496
-0.0833904
-0.0652128
-0.0497501
-0.0372117
-0.0274137
-0.0199662
-0.014418
-0.0103288
-0.00736053
-0.00519556
-0.00358913
-0.00239815
-0.00151269
-0.000851004
-0.000294932
-0.158919
-0.169541
-0.1777
-0.184429
-0.189831
-0.193497
-0.194943
-0.193817
-0.189864
-0.182829
-0.172492
-0.158826
-0.142167
-0.123311
-0.103506
-0.0841523
-0.0664486
-0.0511821
-0.0386285
-0.0286838
-0.0210245
-0.0152512
-0.0109549
-0.00781457
-0.0055118
-0.00380605
-0.00253975
-0.00160362
-0.000899018
-0.000309206
-0.154021
-0.164442
-0.172674
-0.179464
-0.184896
-0.188627
-0.190208
-0.189283
-0.185598
-0.178935
-0.169117
-0.156144
-0.14033
-0.122403
-0.10348
-0.0848339
-0.0675874
-0.0525212
-0.0399666
-0.0298935
-0.0220397
-0.0160553
-0.011562
-0.00825622
-0.00582051
-0.00401816
-0.00267872
-0.00169216
-0.000945754
-0.000322704
-0.149514
-0.159704
-0.167973
-0.174814
-0.180273
-0.18406
-0.185763
-0.18503
-0.181609
-0.175304
-0.165976
-0.153646
-0.13861
-0.121534
-0.103423
-0.085436
-0.0686251
-0.0537592
-0.0412154
-0.0310315
-0.0230016
-0.0168216
-0.0121431
-0.00868031
-0.00611796
-0.00422288
-0.00281331
-0.00177729
-0.000990648
-0.000335318
-0.145425
-0.155366
-0.163642
-0.170523
-0.176009
-0.179842
-0.181653
-0.181101
-0.177933
-0.171966
-0.163093
-0.151351
-0.137023
-0.120717
-0.103342
-0.0859603
-0.0695573
-0.0548874
-0.0423635
-0.0320859
-0.0238987
-0.0175402
-0.0126904
-0.00908095
-0.00639988
-0.00441721
-0.0029415
-0.00185783
-0.00103307
-0.000346932
-0.141784
-0.151472
-0.159728
-0.166639
-0.17215
-0.176025
-0.177931
-0.177542
-0.174608
-0.168954
-0.160495
-0.149283
-0.135585
-0.119963
-0.103246
-0.0864084
-0.0703796
-0.0558966
-0.0433988
-0.0330434
-0.0247186
-0.0182004
-0.0131952
-0.00945151
-0.00666142
-0.00459777
-0.00306099
-0.00193245
-0.00107229
-0.000357419
-0.138621
-0.148065
-0.156282
-0.163216
-0.168752
-0.172662
-0.174648
-0.174403
-0.171679
-0.166307
-0.158215
-0.147466
-0.134316
-0.119288
-0.103142
-0.0867824
-0.0710872
-0.0567762
-0.0443079
-0.0338895
-0.0254474
-0.0187899
-0.0136478
-0.00978453
-0.00689714
-0.00476072
-0.00316912
-0.00199963
-0.00110753
-0.00036664
-0.135975
-0.145198
-0.153364
-0.160315
-0.165875
-0.169817
-0.171868
-0.171742
-0.169197
-0.164069
-0.156289
-0.145929
-0.133239
-0.118708
-0.103041
-0.0870839
-0.0716743
-0.0575143
-0.0450759
-0.0346082
-0.0260697
-0.0192955
-0.0140371
-0.0100717
-0.00710088
-0.00490174
-0.00326294
-0.00205765
-0.00113789
-0.000374436
-0.133885
-0.142925
-0.151039
-0.158
-0.163582
-0.167551
-0.169652
-0.16962
-0.167221
-0.162288
-0.154758
-0.144708
-0.132381
-0.11824
-0.102951
-0.0873137
-0.0721333
-0.0580972
-0.0456857
-0.0351814
-0.0265683
-0.0197019
-0.0143509
-0.0103036
-0.00726582
-0.00501603
-0.00333913
-0.00210457
-0.0011624
-0.000380629
-0.132422
-0.141325
-0.149396
-0.156359
-0.161958
-0.165948
-0.168084
-0.168116
-0.165819
-0.161026
-0.153674
-0.143842
-0.13177
-0.117905
-0.102883
-0.0874715
-0.0724547
-0.058508
-0.0461171
-0.0355886
-0.0269239
-0.0199926
-0.0145758
-0.0104701
-0.00738438
-0.00509826
-0.00339402
-0.00213827
-0.00117996
-0.000385002
-0.131623
-0.140464
-0.148512
-0.155476
-0.161085
-0.165087
-0.167243
-0.167311
-0.165069
-0.160352
-0.153095
-0.14338
-0.131444
-0.117726
-0.102845
-0.0875543
-0.0726255
-0.058727
-0.0463469
-0.0358059
-0.0271142
-0.0201484
-0.0146966
-0.0105596
-0.00744819
-0.0051425
-0.00342363
-0.00215636
-0.00118935
-0.000387251
-0.126643
-0.136128
-0.145437
-0.154553
-0.163464
-0.172174
-0.180688
-0.189016
-0.197166
-0.205148
-0.212973
-0.220647
-0.228183
-0.235581
-0.242834
-0.249974
-0.256836
-0.263833
-0.270009
-0.278071
-0.123406
-0.132575
-0.141569
-0.150386
-0.159022
-0.167481
-0.175769
-0.18389
-0.191853
-0.199662
-0.207325
-0.214847
-0.22223
-0.22949
-0.236573
-0.243635
-0.250298
-0.257484
-0.263552
-0.271938
-0.120264
-0.129071
-0.137712
-0.146189
-0.154505
-0.16266
-0.170657
-0.178501
-0.186195
-0.193745
-0.201153
-0.208432
-0.215566
-0.222614
-0.229463
-0.236407
-0.242908
-0.2501
-0.256228
-0.264339
-0.11719
-0.12566
-0.133985
-0.142167
-0.150206
-0.158103
-0.165859
-0.173479
-0.180964
-0.188322
-0.195549
-0.202671
-0.209652
-0.216594
-0.223324
-0.230217
-0.236652
-0.243709
-0.249907
-0.257466
-0.114211
-0.122359
-0.130381
-0.138278
-0.146048
-0.153695
-0.161219
-0.168625
-0.175913
-0.183096
-0.190161
-0.197147
-0.203997
-0.210842
-0.217462
-0.224251
-0.230597
-0.237409
-0.243587
-0.250665
-0.111335
-0.119166
-0.126884
-0.134492
-0.141989
-0.149376
-0.156656
-0.163833
-0.170905
-0.177887
-0.184761
-0.191573
-0.198248
-0.204929
-0.211389
-0.217987
-0.224218
-0.230763
-0.236928
-0.243691
-0.108558
-0.116075
-0.123492
-0.130812
-0.138033
-0.145159
-0.152188
-0.159127
-0.16597
-0.172734
-0.179395
-0.186003
-0.192481
-0.198962
-0.205253
-0.211636
-0.217766
-0.224076
-0.230207
-0.236721
-0.105878
-0.113088
-0.120209
-0.127244
-0.134193
-0.141057
-0.147834
-0.154532
-0.161141
-0.167681
-0.174125
-0.180522
-0.186804
-0.193078
-0.199207
-0.205378
-0.21139
-0.217471
-0.223493
-0.229766
-0.103296
-0.110207
-0.117038
-0.123793
-0.130472
-0.137075
-0.143601
-0.150055
-0.15643
-0.162741
-0.168968
-0.175148
-0.181231
-0.187292
-0.193245
-0.199196
-0.205047
-0.210898
-0.21676
-0.222804
-0.100814
-0.107432
-0.11398
-0.12046
-0.126872
-0.133217
-0.139492
-0.145702
-0.151841
-0.157921
-0.163926
-0.169882
-0.175758
-0.181597
-0.187355
-0.19308
-0.198746
-0.204376
-0.210055
-0.215872
-0.0984304
-0.104765
-0.111036
-0.117247
-0.123397
-0.129486
-0.135513
-0.14148
-0.147383
-0.153229
-0.159009
-0.164737
-0.170398
-0.176012
-0.181565
-0.187069
-0.192536
-0.197947
-0.203428
-0.209011
-0.0961457
-0.102205
-0.108207
-0.114156
-0.120049
-0.125888
-0.131669
-0.137395
-0.143062
-0.148675
-0.154229
-0.159729
-0.165172
-0.170562
-0.175903
-0.181186
-0.186444
-0.191635
-0.196901
-0.20225
-0.0939595
-0.0997532
-0.105496
-0.111189
-0.116832
-0.122425
-0.127966
-0.133454
-0.138888
-0.14427
-0.149597
-0.154871
-0.160093
-0.16526
-0.170384
-0.175446
-0.180487
-0.185458
-0.190503
-0.195619
-0.0918706
-0.0974097
-0.102901
-0.108347
-0.113747
-0.119101
-0.124406
-0.129662
-0.134867
-0.140021
-0.145123
-0.150174
-0.155175
-0.160121
-0.165025
-0.169867
-0.174688
-0.17944
-0.184259
-0.189143
-0.0898813
-0.0951755
-0.100425
-0.105632
-0.110797
-0.115919
-0.120995
-0.126024
-0.131005
-0.135936
-0.140818
-0.145648
-0.15043
-0.155157
-0.159843
-0.164467
-0.169068
-0.173603
-0.178193
-0.182844
-0.087993
-0.0930515
-0.0980685
-0.103046
-0.107985
-0.112883
-0.117737
-0.122546
-0.127308
-0.132022
-0.136688
-0.141303
-0.145871
-0.150384
-0.154854
-0.159264
-0.163647
-0.167966
-0.172329
-0.176747
-0.086204
-0.0910371
-0.0958321
-0.10059
-0.105312
-0.109994
-0.114635
-0.119231
-0.123783
-0.128287
-0.132743
-0.137149
-0.141508
-0.145812
-0.150072
-0.154273
-0.158443
-0.16255
-0.166691
-0.170878
-0.0845149
-0.0891337
-0.0937173
-0.0982663
-0.10278
-0.107256
-0.111692
-0.116086
-0.120434
-0.124736
-0.128991
-0.133196
-0.137353
-0.141455
-0.145512
-0.14951
-0.153473
-0.157375
-0.161299
-0.165261
-0.0829264
-0.0873422
-0.0917254
-0.0960757
-0.100392
-0.104672
-0.108914
-0.113113
-0.117268
-0.121377
-0.12544
-0.129452
-0.133415
-0.137324
-0.141186
-0.14499
-0.148754
-0.152458
-0.156174
-0.159918
-0.0814393
-0.0856638
-0.0898579
-0.0940208
-0.098151
-0.102246
-0.106303
-0.110318
-0.11429
-0.118217
-0.122096
-0.125925
-0.129705
-0.133431
-0.137107
-0.140726
-0.144302
-0.147818
-0.151336
-0.154872
-0.0800549
-0.0841003
-0.0881172
-0.0921042
-0.0960595
-0.0999803
-0.103864
-0.107707
-0.111506
-0.115261
-0.118968
-0.122625
-0.126232
-0.129785
-0.133288
-0.136732
-0.140132
-0.14347
-0.146802
-0.150142
-0.0787755
-0.0826544
-0.0865064
-0.0903295
-0.0941219
-0.0978805
-0.101602
-0.105284
-0.108924
-0.112518
-0.116064
-0.119561
-0.123008
-0.126401
-0.129741
-0.133024
-0.136259
-0.139433
-0.142592
-0.145749
-0.077604
-0.0813293
-0.085029
-0.0887009
-0.0923427
-0.0959516
-0.0995243
-0.103058
-0.106549
-0.109995
-0.113394
-0.116744
-0.120043
-0.123288
-0.12648
-0.129615
-0.132699
-0.135724
-0.138724
-0.141712
-0.0765451
-0.0801302
-0.0836909
-0.0872247
-0.0907292
-0.0942014
-0.0976381
-0.101036
-0.104392
-0.107704
-0.110969
-0.114185
-0.11735
-0.120462
-0.123521
-0.126522
-0.129471
-0.13236
-0.135218
-0.138055
-0.0756027
-0.0790613
-0.0824966
-0.085906
-0.0892867
-0.092636
-0.0959504
-0.0992268
-0.102462
-0.105654
-0.1088
-0.111897
-0.114943
-0.117937
-0.120877
-0.123761
-0.126591
-0.129363
-0.132096
-0.1348
-0.0747872
-0.0781345
-0.0814593
-0.0847589
-0.0880305
-0.0912713
-0.0944781
-0.0976477
-0.100777
-0.103864
-0.106905
-0.109898
-0.112842
-0.115734
-0.118573
-0.121356
-0.124085
-0.126756
-0.129384
-0.131974
-0.0740996
-0.07735
-0.0805789
-0.0837836
-0.0869615
-0.0901097
-0.0932249
-0.0963041
-0.0993443
-0.102343
-0.105297
-0.108205
-0.111064
-0.113872
-0.116629
-0.119331
-0.121979
-0.124569
-0.127113
-0.129612
-0.073569
-0.0767407
-0.0798912
-0.0830174
-0.086117
-0.0891874
-0.0922259
-0.0952295
-0.0981954
-0.101121
-0.104004
-0.106842
-0.109633
-0.112375
-0.115067
-0.117706
-0.120293
-0.122824
-0.125306
-0.127739
-0.0731752
-0.0762847
-0.0793748
-0.082443
-0.0854866
-0.0885025
-0.0914878
-0.0944396
-0.0973552
-0.100232
-0.103068
-0.105861
-0.108608
-0.111308
-0.113959
-0.11656
-0.119109
-0.121603
-0.124047
-0.126438
-0.0729958
-0.0760591
-0.0791013
-0.0821202
-0.0851145
-0.0880827
-0.0910224
-0.0939311
-0.0968064
-0.0996461
-0.102448
-0.10521
-0.107931
-0.110609
-0.113242
-0.115828
-0.118367
-0.120856
-0.123298
-0.125689
0.0953829
0.0843209
0.0731794
0.0621588
0.0506798
0.038974
0.0272379
0.0154956
0.00376062
-0.00793085
-0.0195348
-0.0310203
-0.042361
-0.0535318
-0.0645131
-0.0753475
-0.0862738
-0.0968446
-0.107042
-0.116963
0.0906905
0.0791573
0.0675827
0.0568339
0.045784
0.0345188
0.0232777
0.0120672
0.000878521
-0.0102588
-0.0213116
-0.0322576
-0.0430785
-0.0537692
-0.0643351
-0.0747504
-0.0847988
-0.0947638
-0.104523
-0.114059
0.0849617
0.0736524
0.0620798
0.0517684
0.0413083
0.0305537
0.0198144
0.00913153
-0.00152356
-0.0121311
-0.022659
-0.0330818
-0.0433804
-0.0535422
-0.0635548
-0.0733953
-0.0831062
-0.092713
-0.10211
-0.111283
0.0789137
0.0681571
0.0567318
0.0467737
0.0368668
0.0266182
0.0163613
0.00619175
-0.00393436
-0.0140163
-0.0240247
-0.0339346
-0.0437305
-0.0534072
-0.062959
-0.072372
-0.0816034
-0.0907554
-0.0997534
-0.108561
0.0727928
0.0626563
0.0515152
0.0419029
0.032544
0.0228307
0.0130588
0.00338556
-0.00622898
-0.015804
-0.0253151
-0.0347346
-0.0440483
-0.0532522
-0.0623387
-0.0712957
-0.0801121
-0.0888591
-0.0974743
-0.105923
0.066711
0.0571967
0.0464518
0.037189
0.0283429
0.0191647
0.00987372
0.000676606
-0.00844552
-0.0175284
-0.0265572
-0.0355031
-0.0443522
-0.0531026
-0.0617495
-0.0702846
-0.0786957
-0.0870444
-0.0952833
-0.10338
0.0607293
0.0518138
0.0415418
0.0326436
0.0242762
0.0156251
0.00681527
-0.00192062
-0.0105707
-0.0191788
-0.0277423
-0.0362336
-0.0446379
-0.0529541
-0.0611791
-0.0693067
-0.0773298
-0.0852992
-0.093175
-0.100929
0.0548972
0.0465508
0.0367975
0.0282793
0.0203591
0.0122156
0.00388188
-0.00440688
-0.0126065
-0.0207595
-0.0288751
-0.03693
-0.0449088
-0.0528101
-0.060632
-0.0683705
-0.0760208
-0.0836248
-0.0911488
-0.0985679
0.049252
0.0414419
0.0322277
0.0241004
0.0166003
0.00893949
0.00107241
-0.00678162
-0.0145512
-0.0222698
-0.0299558
-0.0375926
-0.0451651
-0.0526703
-0.0601073
-0.0674733
-0.0747654
-0.0820187
-0.0892034
-0.0962976
0.043818
0.0365114
0.0278401
0.0201095
0.0130066
0.00580121
-0.00161343
-0.00904548
-0.0164043
-0.0237101
-0.0309858
-0.0382229
-0.0454078
-0.0525357
-0.0596055
-0.0666156
-0.073564
-0.0804806
-0.0873381
-0.0941177
0.0386111
0.0317765
0.0236414
0.0163081
0.00958226
0.0028042
-0.00417601
-0.0111999
-0.0181661
-0.0250803
-0.031966
-0.0388221
-0.0456375
-0.0524063
-0.0591261
-0.0657956
-0.0724142
-0.0790085
-0.0855515
-0.0920271
0.0336423
0.0272496
0.0196367
0.0126968
0.00632946
-4.88281e-05
-0.00661537
-0.0132464
-0.0198375
-0.0263808
-0.032897
-0.039391
-0.0458551
-0.0522824
-0.05867
-0.0650161
-0.0713207
-0.0776052
-0.0838444
-0.090026
0.0289191
0.0229393
0.0158295
0.00927556
0.00324918
-0.00275614
-0.00893161
-0.0151866
-0.0214199
-0.0276122
-0.0337796
-0.0399307
-0.0460611
-0.0521636
-0.0582329
-0.0642664
-0.0702656
-0.076259
-0.0822108
-0.0881117
0.0244465
0.0188512
0.012222
0.00604358
0.000341324
-0.0053168
-0.0111249
-0.017022
-0.0229147
-0.0287753
-0.0346141
-0.0404419
-0.0462576
-0.0520551
-0.0578297
-0.0635783
-0.069297
-0.0749789
-0.080645
-0.0862807
0.0202271
0.0149888
0.00881511
0.00299945
-0.00239503
-0.00773055
-0.0131955
-0.018754
-0.0243235
-0.0298708
-0.0354008
-0.040924
-0.0464417
-0.0519485
-0.0574391
-0.0629087
-0.0683519
-0.0737583
-0.0791591
-0.0845399
0.016262
0.0113541
0.00560895
0.000141205
-0.00496151
-0.00999777
-0.0151438
-0.020384
-0.0256478
-0.0308999
-0.0361397
-0.0413766
-0.0466132
-0.0518448
-0.0570657
-0.0622703
-0.0674537
-0.072609
-0.0777586
-0.0828923
0.0125509
0.00794748
0.00260285
-0.00253353
-0.00736032
-0.0121194
-0.0169704
-0.021913
-0.0268892
-0.0318637
-0.0368316
-0.0418003
-0.0467726
-0.051745
-0.0567116
-0.0616668
-0.0666056
-0.071523
-0.0764349
-0.0813334
0.00909246
0.0047687
-0.000204318
-0.00502739
-0.00959405
-0.0140967
-0.0186761
-0.0233423
-0.0280493
-0.0327636
-0.0374774
-0.0421955
-0.0469206
-0.0516497
-0.0563775
-0.0610981
-0.0658067
-0.0704991
-0.0751868
-0.0798629
0.00588478
0.00181667
-0.00281398
-0.00734307
-0.0116656
-0.0159316
-0.020262
-0.024673
-0.0291294
-0.033601
-0.0380781
-0.042563
-0.0470576
-0.0515596
-0.0560638
-0.0605646
-0.0650572
-0.0695377
-0.0740141
-0.0784808
0.00292562
-0.000910031
-0.00522766
-0.00948322
-0.0135778
-0.0176262
-0.0217291
-0.0259061
-0.030131
-0.0343775
-0.038635
-0.0429036
-0.0471844
-0.0514752
-0.0557711
-0.0600668
-0.0643574
-0.0686391
-0.0729176
-0.0771876
0.000212752
-0.00341294
-0.00744681
-0.0114502
-0.0153336
-0.0191825
-0.023079
-0.0270428
-0.0310553
-0.0350943
-0.0391493
-0.0432185
-0.0473019
-0.0513972
-0.0555
-0.0596052
-0.063708
-0.0678044
-0.0718981
-0.0759846
-0.00225569
-0.00569338
-0.00947255
-0.013246
-0.0169354
-0.0206028
-0.0243128
-0.0280841
-0.0319034
-0.0357529
-0.0396222
-0.0435086
-0.047411
-0.0513268
-0.0552519
-0.0591814
-0.0631104
-0.0670351
-0.0709576
-0.0748738
-0.00448086
-0.00775212
-0.0113054
-0.0148719
-0.0183853
-0.0218888
-0.025432
-0.0290309
-0.0326764
-0.0363542
-0.0400551
-0.0437753
-0.0475128
-0.051265
-0.0550276
-0.0587962
-0.0625659
-0.0663329
-0.070098
-0.0738576
-0.00646271
-0.00958896
-0.012945
-0.0163282
-0.0196842
-0.0230419
-0.0264375
-0.029884
-0.0333752
-0.0368998
-0.0404496
-0.0440206
-0.0476099
-0.0512146
-0.0548307
-0.0584536
-0.0620788
-0.0657022
-0.0693238
-0.0729404
-0.00819945
-0.0112023
-0.0143896
-0.017614
-0.0208322
-0.0240623
-0.0273296
-0.0306435
-0.0339997
-0.0373895
-0.0408058
-0.0442442
-0.0477017
-0.0511748
-0.0546598
-0.0581524
-0.0616481
-0.0651432
-0.0686366
-0.0721253
-0.00968686
-0.0125882
-0.0156359
-0.0187268
-0.0218282
-0.0249501
-0.0281089
-0.0313107
-0.0345524
-0.0378272
-0.041129
-0.0444534
-0.0477972
-0.0511566
-0.054528
-0.0579068
-0.0612887
-0.0646697
-0.0680482
-0.0714226
-0.0109172
-0.0137398
-0.0166769
-0.0196605
-0.0226669
-0.0257002
-0.0287698
-0.0318792
-0.0350257
-0.0382039
-0.0414087
-0.044636
-0.0478823
-0.051144
-0.0544174
-0.0576986
-0.0609837
-0.0642691
-0.0675528
-0.0708316
-0.0118794
-0.0146479
-0.0175059
-0.0204118
-0.023349
-0.0263177
-0.0293224
-0.032364
-0.0354398
-0.0385457
-0.0416771
-0.04483
-0.0480009
-0.0511861
-0.0543816
-0.0575835
-0.0607874
-0.0639893
-0.0671874
-0.0703819
-0.0125514
-0.0152894
-0.0180978
-0.0209522
-0.0238415
-0.026764
-0.0297208
-0.0327117
-0.0357341
-0.0387844
-0.041859
-0.0449543
-0.0480667
-0.0511928
-0.0543293
-0.0574726
-0.0606193
-0.0637661
-0.0669104
-0.0700487
-0.012918
-0.0156599
-0.018464
-0.0213141
-0.0241998
-0.0271175
-0.0300661
-0.0330441
-0.036049
-0.0390775
-0.0421261
-0.0451914
-0.0482699
-0.0513584
-0.0544535
-0.0575516
-0.0606493
-0.0637432
-0.0668318
-0.0699173
0.105159
0.106588
0.108763
0.111807
0.115096
0.118755
0.122045
0.125176
0.127211
0.128584
0.128063
0.126504
0.122209
0.116541
0.106039
0.104226
0.105548
0.107547
0.11033
0.113283
0.116515
0.119307
0.121841
0.123237
0.123849
0.122614
0.120166
0.115269
0.108603
0.0994851
0.103226
0.104434
0.106245
0.10875
0.11135
0.114137
0.11642
0.118352
0.119124
0.119014
0.117147
0.113942
0.108639
0.101518
0.0929357
0.102152
0.10324
0.104853
0.107064
0.109298
0.111622
0.113386
0.114703
0.114857
0.114037
0.111574
0.107681
0.102018
0.0945894
0.0861374
0.101002
0.101965
0.103372
0.105277
0.107135
0.108984
0.110227
0.110926
0.110479
0.108973
0.105951
0.101457
0.095457
0.0878414
0.0794669
0.0997732
0.100606
0.1018
0.103389
0.104863
0.106228
0.106952
0.10704
0.106011
0.103859
0.100316
0.0953185
0.0890202
0.0813171
0.0730381
0.0984629
0.0991613
0.100135
0.101397
0.102482
0.103357
0.103566
0.103056
0.101467
0.0987176
0.0946947
0.0892811
0.082735
0.0750056
0.0668378
0.097069
0.0976278
0.0983762
0.0993024
0.0999943
0.100378
0.100078
0.0989885
0.0968627
0.0935678
0.0891078
0.083355
0.0766133
0.0688917
0.0608484
0.0955899
0.0960047
0.096523
0.0971071
0.097403
0.097298
0.0964977
0.0948526
0.0922171
0.0884304
0.0835785
0.0775516
0.0706653
0.0629756
0.0550717
0.0940248
0.0942917
0.0945761
0.0948138
0.0947131
0.0941259
0.0928368
0.0906656
0.0875503
0.0833252
0.0781293
0.0718844
0.0649016
0.0572662
0.049516
0.0923735
0.0924895
0.0925373
0.092427
0.0919313
0.0908729
0.0891097
0.0864452
0.0828836
0.0782719
0.0727813
0.0663675
0.0593325
0.0517738
0.0441891
0.0906372
0.0906003
0.0904097
0.0899528
0.0890659
0.0875515
0.085332
0.0822097
0.0782387
0.0732901
0.0675538
0.0610157
0.0539674
0.0465074
0.039098
0.0888182
0.0886274
0.0881979
0.0873989
0.0861271
0.0841754
0.0815212
0.0779783
0.0736373
0.0683995
0.0624648
0.0558431
0.0488152
0.0414746
0.0342487
0.0869202
0.086576
0.0859083
0.0847748
0.083127
0.0807602
0.0776962
0.0737709
0.069101
0.0636193
0.0575307
0.050863
0.0438846
0.0366818
0.0296462
0.0849487
0.0844532
0.0835493
0.0820916
0.08008
0.0773227
0.073877
0.0696079
0.064651
0.0589687
0.0527672
0.0460874
0.0391833
0.0321338
0.0252938
0.082911
0.0822679
0.0811315
0.0793626
0.0770023
0.0738813
0.0700846
0.0655107
0.060308
0.0544659
0.0481888
0.0415271
0.0347186
0.0278346
0.0211936
0.0808167
0.0800313
0.0786679
0.0766031
0.0739123
0.0704559
0.0663412
0.0615008
0.0560922
0.0501285
0.0438094
0.037192
0.0304964
0.0237872
0.0173466
0.078678
0.0777571
0.0761739
0.0738307
0.0708303
0.0670683
0.0626694
0.0576
0.0520237
0.0459734
0.0396417
0.0330908
0.026522
0.0199935
0.0137528
0.0765097
0.0754614
0.073668
0.0710651
0.0677786
0.0637413
0.0590927
0.0538306
0.048122
0.0420166
0.0356979
0.0292315
0.0227998
0.016455
0.0104116
0.0743297
0.0731634
0.0711713
0.0683288
0.0647815
0.0604998
0.0556354
0.050215
0.0444066
0.0382737
0.0319896
0.0256217
0.0193339
0.0131728
0.00732207
0.0721595
0.0708851
0.0687078
0.065647
0.0618654
0.0573699
0.0523228
0.0467759
0.0408968
0.0347601
0.0285281
0.0222688
0.0161283
0.010148
0.00448344
0.0700237
0.0686521
0.0663049
0.0630476
0.0590587
0.0543795
0.0491809
0.0435365
0.0376123
0.0314913
0.0253247
0.0191801
0.013187
0.00738207
0.00189521
0.0679513
0.0664933
0.063993
0.0605614
0.0563923
0.0515584
0.0462373
0.0405212
0.0345734
0.0284834
0.0223913
0.0163637
0.0105148
0.00487716
-0.000442328
0.065975
0.0644416
0.0618062
0.0582227
0.0538999
0.0489384
0.0435211
0.0377555
0.0318016
0.0257534
0.0197408
0.0138289
0.00811792
0.0026368
-0.00252759
0.0641319
0.0625342
0.0597822
0.0560692
0.0516181
0.0465539
0.0410636
0.0352668
0.0293201
0.0233203
0.0173882
0.0115867
0.00600428
0.000666431
-0.00435716
0.0624637
0.0608124
0.0579626
0.0541421
0.0495868
0.0444425
0.038899
0.0330855
0.0271549
0.0212057
0.0153509
0.00965119
0.00418465
-0.00102584
-0.00592502
0.0610167
0.0593224
0.0563936
0.0524871
0.0478503
0.0426459
0.0370656
0.0312457
0.0253357
0.0194353
0.0136504
0.00804
0.00267354
-0.00242823
-0.00722172
0.0598424
0.0581152
0.0551261
0.0511546
0.0464576
0.0412105
0.0356064
0.0297867
0.0238978
0.0180398
0.0123135
0.00677617
0.00149068
-0.00352389
-0.00823316
0.058997
0.057247
0.0542163
0.0502006
0.0454635
0.0401892
0.0345713
0.0287547
0.0228833
0.0170576
0.0113742
0.00588981
0.000662348
-0.00428979
-0.00893802
0.058542
0.0567801
0.0537267
0.0496881
0.0449301
0.0396424
0.0340182
0.0282046
0.0223436
0.0165362
0.0108764
0.00542097
0.000224718
-0.00469411
-0.00931136
0.11729
0.119437
0.12285
0.12791
0.133958
0.141268
0.149404
0.158512
0.168302
0.178873
0.189956
0.201614
0.213569
0.225899
0.238291
0.117223
0.119367
0.122773
0.127823
0.133857
0.14115
0.149258
0.158338
0.168088
0.178614
0.189638
0.201232
0.213107
0.225353
0.23763
0.11709
0.119226
0.12262
0.12765
0.133656
0.140917
0.148968
0.157991
0.167659
0.178098
0.189003
0.200471
0.212182
0.22426
0.236305
0.116891
0.119015
0.12239
0.127391
0.133353
0.140564
0.148534
0.157473
0.16702
0.177327
0.188054
0.199332
0.210796
0.222618
0.234315
0.116627
0.118735
0.122085
0.127048
0.132957
0.1401
0.147959
0.156786
0.166171
0.176304
0.186793
0.197817
0.208949
0.220428
0.231658
0.1163
0.118388
0.121707
0.126622
0.132454
0.139516
0.147244
0.155933
0.165116
0.175033
0.185223
0.19593
0.206643
0.217692
0.228336
0.115909
0.117976
0.121257
0.126117
0.131878
0.138827
0.146393
0.154918
0.163859
0.173517
0.183349
0.193676
0.203884
0.214414
0.224356
0.115458
0.117498
0.120738
0.125529
0.131167
0.138018
0.14541
0.153742
0.162402
0.171762
0.181173
0.191061
0.200675
0.210603
0.219724
0.114948
0.116959
0.120152
0.124878
0.130441
0.137102
0.144297
0.152411
0.160752
0.169771
0.178702
0.188089
0.197023
0.206266
0.214453
0.114381
0.11636
0.119501
0.124139
0.129556
0.136079
0.143061
0.150927
0.158911
0.16755
0.175939
0.18477
0.192936
0.201416
0.208557
0.113759
0.115703
0.118788
0.123335
0.128627
0.134962
0.141705
0.149294
0.156887
0.165104
0.172892
0.181111
0.188422
0.196066
0.202055
0.113085
0.114992
0.118015
0.122448
0.127596
0.133743
0.140233
0.147515
0.154686
0.162437
0.169568
0.17712
0.18349
0.190233
0.194966
0.11236
0.114228
0.117188
0.121514
0.126491
0.132434
0.138651
0.145596
0.152313
0.159553
0.165974
0.172806
0.17815
0.183934
0.187311
0.111588
0.113415
0.116313
0.120513
0.125309
0.131034
0.136962
0.143539
0.149776
0.156458
0.162122
0.168177
0.172414
0.17719
0.179111
0.110772
0.112557
0.115359
0.119435
0.124061
0.12955
0.135171
0.141351
0.14708
0.153154
0.15802
0.163238
0.166293
0.170021
0.170384
0.109913
0.11166
0.11441
0.118304
0.122748
0.127986
0.133284
0.139038
0.144235
0.14965
0.153686
0.157994
0.159806
0.162444
0.161139
0.109016
0.11071
0.113356
0.11712
0.121374
0.126345
0.131299
0.136599
0.141237
0.145942
0.149122
0.152443
0.152978
0.154472
0.151384
0.108084
0.109738
0.112281
0.115892
0.119944
0.124641
0.129237
0.134067
0.13812
0.142068
0.144359
0.146593
0.145827
0.146081
0.141099
0.107114
0.108716
0.111159
0.114612
0.118444
0.122836
0.127042
0.131358
0.134792
0.13795
0.139351
0.140427
0.138425
0.137242
0.130297
0.106123
0.107665
0.110021
0.11334
0.116981
0.121114
0.124958
0.128794
0.131582
0.133888
0.134264
0.13405
0.130662
0.127851
0.118914
0.106123
0.107665
0.110021
0.11334
0.116981
0.121114
0.124958
0.128794
0.131582
0.133888
0.134264
0.13405
0.130662
0.127851
0.118914
0.107114
0.108716
0.111159
0.114612
0.118444
0.122836
0.127042
0.131358
0.134792
0.13795
0.139351
0.140427
0.138425
0.137242
0.130297
0.108084
0.109738
0.112281
0.115892
0.119944
0.12464
0.129237
0.134067
0.13812
0.142068
0.144359
0.146593
0.145827
0.146081
0.141099
0.109016
0.11071
0.113356
0.11712
0.121374
0.126345
0.131299
0.136599
0.141237
0.145942
0.149122
0.152443
0.152978
0.154472
0.151384
0.109913
0.11166
0.11441
0.118304
0.122748
0.127986
0.133283
0.139038
0.144235
0.14965
0.153686
0.157994
0.159806
0.162444
0.161139
0.110772
0.112557
0.115359
0.119435
0.124061
0.12955
0.135171
0.141351
0.14708
0.153154
0.15802
0.163238
0.166293
0.170021
0.170384
0.111588
0.113415
0.116313
0.120513
0.125309
0.131034
0.136962
0.143539
0.149776
0.156458
0.162122
0.168177
0.172414
0.17719
0.179111
0.11236
0.114228
0.117188
0.121514
0.126491
0.132434
0.138651
0.145596
0.152313
0.159553
0.165974
0.172806
0.17815
0.183934
0.187311
0.113085
0.114992
0.118015
0.122448
0.127596
0.133743
0.140233
0.147515
0.154686
0.162437
0.169568
0.17712
0.18349
0.190233
0.194966
0.113759
0.115703
0.118788
0.123335
0.128627
0.134962
0.141705
0.149294
0.156887
0.165104
0.172892
0.181111
0.188422
0.196066
0.202055
0.114381
0.11636
0.119501
0.124139
0.129556
0.136079
0.143061
0.150927
0.158911
0.16755
0.175939
0.18477
0.192936
0.201416
0.208557
0.114948
0.116959
0.120152
0.124878
0.130441
0.137102
0.144297
0.152411
0.160752
0.169771
0.178702
0.188089
0.197023
0.206266
0.214453
0.115458
0.117498
0.120738
0.125529
0.131167
0.138018
0.14541
0.153742
0.162402
0.171762
0.181173
0.191061
0.200675
0.210603
0.219724
0.115909
0.117976
0.121257
0.126117
0.131878
0.138827
0.146393
0.154918
0.163859
0.173517
0.183349
0.193676
0.203884
0.214414
0.224356
0.1163
0.118388
0.121707
0.126622
0.132454
0.139516
0.147244
0.155933
0.165116
0.175033
0.185223
0.19593
0.206643
0.217692
0.228336
0.116627
0.118735
0.122085
0.127048
0.132957
0.1401
0.147959
0.156786
0.166171
0.176304
0.186793
0.197817
0.208949
0.220428
0.231658
0.116891
0.119015
0.12239
0.127391
0.133353
0.140564
0.148534
0.157473
0.16702
0.177327
0.188054
0.199332
0.210796
0.222618
0.234315
0.11709
0.119226
0.12262
0.12765
0.133656
0.140917
0.148968
0.157991
0.167659
0.178098
0.189003
0.200471
0.212182
0.22426
0.236305
0.117223
0.119367
0.122773
0.127823
0.133857
0.14115
0.149258
0.158338
0.168088
0.178614
0.189638
0.201232
0.213107
0.225353
0.23763
0.11729
0.119437
0.12285
0.12791
0.133958
0.141268
0.149404
0.158512
0.168302
0.178873
0.189956
0.201614
0.213569
0.225899
0.238291
0.058542
0.0567801
0.0537266
0.0496881
0.0449301
0.0396424
0.0340182
0.0282046
0.0223435
0.0165362
0.0108764
0.00542094
0.000224685
-0.00469414
-0.0093114
0.058997
0.057247
0.0542162
0.0502006
0.0454635
0.0401891
0.0345713
0.0287547
0.0228833
0.0170575
0.0113742
0.00588978
0.000662314
-0.00428982
-0.00893805
0.0598424
0.0581152
0.0551261
0.0511546
0.0464576
0.0412105
0.0356064
0.0297867
0.0238977
0.0180398
0.0123134
0.00677614
0.00149065
-0.00352393
-0.0082332
0.0610167
0.0593224
0.0563936
0.0524871
0.0478503
0.0426459
0.0370656
0.0312457
0.0253357
0.0194353
0.0136504
0.00803997
0.00267351
-0.00242827
-0.00722176
0.0624637
0.0608124
0.0579626
0.0541421
0.0495868
0.0444425
0.038899
0.0330855
0.0271549
0.0212057
0.0153509
0.00965116
0.00418461
-0.00102587
-0.00592506
0.0641319
0.0625342
0.0597822
0.0560692
0.051618
0.0465539
0.0410635
0.0352668
0.0293201
0.0233202
0.0173881
0.0115867
0.00600425
0.000666398
-0.0043572
0.065975
0.0644416
0.0618062
0.0582227
0.0538999
0.0489384
0.043521
0.0377555
0.0318016
0.0257533
0.0197408
0.0138288
0.00811789
0.00263677
-0.00252763
0.0679513
0.0664933
0.063993
0.0605614
0.0563923
0.0515584
0.0462373
0.0405212
0.0345734
0.0284833
0.0223912
0.0163636
0.0105148
0.00487713
-0.00044236
0.0700237
0.0686521
0.0663049
0.0630475
0.0590586
0.0543795
0.0491809
0.0435365
0.0376123
0.0314913
0.0253246
0.01918
0.0131869
0.00738204
0.00189518
0.0721594
0.0708851
0.0687078
0.065647
0.0618653
0.0573699
0.0523228
0.0467759
0.0408968
0.0347601
0.028528
0.0222687
0.0161282
0.010148
0.00448341
0.0743297
0.0731634
0.0711713
0.0683288
0.0647815
0.0604998
0.0556354
0.050215
0.0444065
0.0382737
0.0319896
0.0256217
0.0193339
0.0131728
0.00732204
0.0765096
0.0754614
0.073668
0.0710651
0.0677786
0.0637413
0.0590927
0.0538306
0.048122
0.0420166
0.0356978
0.0292315
0.0227998
0.0164549
0.0104115
0.078678
0.077757
0.0761739
0.0738307
0.0708303
0.0670683
0.0626693
0.0576
0.0520237
0.0459734
0.0396416
0.0330907
0.0265219
0.0199934
0.0137528
0.0808167
0.0800313
0.0786678
0.0766031
0.0739123
0.0704559
0.0663412
0.0615007
0.0560922
0.0501285
0.0438093
0.037192
0.0304964
0.0237871
0.0173466
0.082911
0.0822679
0.0811315
0.0793626
0.0770023
0.0738812
0.0700846
0.0655107
0.0603079
0.0544659
0.0481888
0.0415271
0.0347186
0.0278346
0.0211936
0.0849487
0.0844532
0.0835493
0.0820916
0.0800799
0.0773227
0.0738769
0.0696079
0.064651
0.0589686
0.0527672
0.0460874
0.0391833
0.0321338
0.0252938
0.0869202
0.086576
0.0859083
0.0847747
0.083127
0.0807602
0.0776962
0.0737709
0.069101
0.0636193
0.0575307
0.050863
0.0438845
0.0366817
0.0296461
0.0888182
0.0886274
0.0881978
0.0873989
0.086127
0.0841754
0.0815212
0.0779783
0.0736373
0.0683994
0.0624647
0.0558431
0.0488152
0.0414746
0.0342487
0.0906372
0.0906003
0.0904096
0.0899528
0.0890659
0.0875515
0.085332
0.0822097
0.0782387
0.0732901
0.0675538
0.0610157
0.0539673
0.0465074
0.039098
0.0923735
0.0924895
0.0925373
0.092427
0.0919313
0.0908729
0.0891097
0.0864452
0.0828836
0.0782719
0.0727813
0.0663675
0.0593325
0.0517737
0.0441891
0.0940247
0.0942917
0.0945761
0.0948137
0.0947131
0.0941259
0.0928368
0.0906656
0.0875503
0.0833251
0.0781293
0.0718844
0.0649016
0.0572662
0.0495159
0.0955899
0.0960047
0.096523
0.097107
0.0974029
0.097298
0.0964977
0.0948526
0.0922171
0.0884304
0.0835785
0.0775516
0.0706653
0.0629756
0.0550717
0.097069
0.0976278
0.0983762
0.0993024
0.0999943
0.100378
0.100078
0.0989885
0.0968627
0.0935678
0.0891078
0.083355
0.0766133
0.0688917
0.0608483
0.0984629
0.0991613
0.100135
0.101397
0.102482
0.103357
0.103566
0.103056
0.101467
0.0987175
0.0946947
0.0892811
0.082735
0.0750055
0.0668378
0.0997732
0.100606
0.1018
0.103389
0.104863
0.106228
0.106952
0.10704
0.106011
0.103859
0.100316
0.0953185
0.0890202
0.0813171
0.0730381
0.101002
0.101965
0.103372
0.105277
0.107135
0.108984
0.110227
0.110926
0.110479
0.108973
0.105951
0.101457
0.095457
0.0878414
0.0794669
0.102152
0.10324
0.104853
0.107064
0.109298
0.111622
0.113386
0.114703
0.114857
0.114037
0.111574
0.107681
0.102018
0.0945893
0.0861374
0.103226
0.104434
0.106245
0.10875
0.11135
0.114137
0.11642
0.118352
0.119124
0.119014
0.117146
0.113942
0.108639
0.101518
0.0929357
0.104226
0.105548
0.107547
0.11033
0.113283
0.116515
0.119307
0.121841
0.123237
0.123849
0.122614
0.120166
0.115269
0.108603
0.0994851
0.105159
0.106588
0.108763
0.111807
0.115096
0.118755
0.122045
0.125176
0.127211
0.128584
0.128063
0.126504
0.122209
0.116541
0.106039
-0.012918
-0.0156599
-0.0184641
-0.0213141
-0.0241999
-0.0271176
-0.0300661
-0.0330441
-0.0360491
-0.0390776
-0.0421262
-0.0451914
-0.04827
-0.0513584
-0.0544535
-0.0575516
-0.0606493
-0.0637433
-0.0668319
-0.0699173
-0.0125515
-0.0152895
-0.0180978
-0.0209523
-0.0238415
-0.026764
-0.0297209
-0.0327117
-0.0357341
-0.0387845
-0.0418591
-0.0449543
-0.0480667
-0.0511929
-0.0543293
-0.0574726
-0.0606193
-0.0637662
-0.0669105
-0.0700487
-0.0118794
-0.0146479
-0.017506
-0.0204119
-0.023349
-0.0263178
-0.0293224
-0.032364
-0.0354399
-0.0385457
-0.0416771
-0.04483
-0.0480009
-0.0511861
-0.0543817
-0.0575835
-0.0607875
-0.0639894
-0.0671874
-0.070382
-0.0109173
-0.0137399
-0.0166769
-0.0196606
-0.0226669
-0.0257002
-0.0287698
-0.0318792
-0.0350257
-0.0382039
-0.0414087
-0.0446361
-0.0478823
-0.051144
-0.0544174
-0.0576986
-0.0609837
-0.0642692
-0.0675528
-0.0708316
-0.0096869
-0.0125883
-0.0156359
-0.0187268
-0.0218283
-0.0249502
-0.0281089
-0.0313108
-0.0345525
-0.0378272
-0.041129
-0.0444535
-0.0477972
-0.0511567
-0.054528
-0.0579068
-0.0612888
-0.0646697
-0.0680483
-0.0714227
-0.00819949
-0.0112023
-0.0143897
-0.017614
-0.0208322
-0.0240623
-0.0273296
-0.0306435
-0.0339997
-0.0373895
-0.0408058
-0.0442443
-0.0477017
-0.0511749
-0.0546599
-0.0581524
-0.0616481
-0.0651432
-0.0686366
-0.0721253
-0.00646274
-0.00958899
-0.012945
-0.0163283
-0.0196842
-0.0230419
-0.0264376
-0.0298841
-0.0333752
-0.0368998
-0.0404497
-0.0440206
-0.0476099
-0.0512146
-0.0548307
-0.0584537
-0.0620789
-0.0657023
-0.0693238
-0.0729404
-0.0044809
-0.00775215
-0.0113054
-0.014872
-0.0183853
-0.0218888
-0.0254321
-0.0290309
-0.0326764
-0.0363543
-0.0400552
-0.0437753
-0.0475129
-0.051265
-0.0550277
-0.0587962
-0.0625659
-0.0663329
-0.070098
-0.0738576
-0.00225572
-0.00569341
-0.00947258
-0.0132461
-0.0169355
-0.0206028
-0.0243129
-0.0280841
-0.0319035
-0.0357529
-0.0396223
-0.0435087
-0.047411
-0.0513268
-0.055252
-0.0591814
-0.0631105
-0.0670352
-0.0709576
-0.0748738
0.000212721
-0.00341297
-0.00744685
-0.0114503
-0.0153336
-0.0191826
-0.023079
-0.0270428
-0.0310553
-0.0350943
-0.0391493
-0.0432185
-0.0473019
-0.0513972
-0.0555001
-0.0596053
-0.063708
-0.0678044
-0.0718981
-0.0759846
0.00292558
-0.000910061
-0.00522769
-0.00948326
-0.0135778
-0.0176262
-0.0217292
-0.0259061
-0.030131
-0.0343775
-0.038635
-0.0429037
-0.0471845
-0.0514752
-0.0557711
-0.0600668
-0.0643575
-0.0686392
-0.0729176
-0.0771876
0.00588475
0.00181664
-0.00281401
-0.0073431
-0.0116656
-0.0159317
-0.020262
-0.024673
-0.0291294
-0.0336011
-0.0380782
-0.042563
-0.0470576
-0.0515596
-0.0560638
-0.0605646
-0.0650573
-0.0695377
-0.0740142
-0.0784808
0.00909244
0.00476867
-0.000204348
-0.00502742
-0.00959408
-0.0140967
-0.0186762
-0.0233423
-0.0280493
-0.0327636
-0.0374775
-0.0421955
-0.0469206
-0.0516498
-0.0563775
-0.0610981
-0.0658068
-0.0704991
-0.0751868
-0.0798629
0.0125509
0.00794745
0.00260282
-0.00253357
-0.00736035
-0.0121194
-0.0169704
-0.021913
-0.0268893
-0.0318637
-0.0368317
-0.0418003
-0.0467726
-0.051745
-0.0567117
-0.0616668
-0.0666057
-0.071523
-0.076435
-0.0813335
0.016262
0.011354
0.00560892
0.000141175
-0.00496154
-0.0099978
-0.0151438
-0.020384
-0.0256479
-0.0308999
-0.0361398
-0.0413767
-0.0466132
-0.0518448
-0.0570657
-0.0622704
-0.0674537
-0.072609
-0.0777587
-0.0828923
0.0202271
0.0149888
0.00881509
0.00299942
-0.00239506
-0.00773059
-0.0131955
-0.018754
-0.0243235
-0.0298709
-0.0354008
-0.040924
-0.0464417
-0.0519486
-0.0574391
-0.0629087
-0.068352
-0.0737583
-0.0791591
-0.0845399
0.0244465
0.0188511
0.0122219
0.00604355
0.000341294
-0.00531683
-0.0111249
-0.017022
-0.0229147
-0.0287753
-0.0346142
-0.0404419
-0.0462576
-0.0520551
-0.0578297
-0.0635783
-0.069297
-0.0749789
-0.0806451
-0.0862807
0.0289191
0.0229392
0.0158295
0.00927553
0.00324915
-0.00275617
-0.00893164
-0.0151866
-0.0214199
-0.0276122
-0.0337796
-0.0399307
-0.0460612
-0.0521636
-0.058233
-0.0642665
-0.0702656
-0.076259
-0.0822109
-0.0881118
0.0336423
0.0272496
0.0196367
0.0126968
0.00632943
-4.88575e-05
-0.0066154
-0.0132464
-0.0198375
-0.0263808
-0.032897
-0.039391
-0.0458551
-0.0522824
-0.05867
-0.0650161
-0.0713207
-0.0776052
-0.0838445
-0.090026
0.0386111
0.0317765
0.0236414
0.0163081
0.00958223
0.00280417
-0.00417604
-0.0111999
-0.0181661
-0.0250803
-0.031966
-0.0388221
-0.0456376
-0.0524063
-0.0591261
-0.0657956
-0.0724143
-0.0790085
-0.0855516
-0.0920271
0.0438179
0.0365114
0.0278401
0.0201095
0.0130066
0.00580118
-0.00161346
-0.00904551
-0.0164043
-0.0237101
-0.0309858
-0.038223
-0.0454078
-0.0525357
-0.0596056
-0.0666156
-0.0735641
-0.0804806
-0.0873382
-0.0941177
0.049252
0.0414419
0.0322277
0.0241004
0.0166002
0.00893946
0.00107238
-0.00678165
-0.0145512
-0.0222699
-0.0299558
-0.0375926
-0.0451651
-0.0526704
-0.0601074
-0.0674733
-0.0747654
-0.0820187
-0.0892034
-0.0962977
0.0548972
0.0465508
0.0367975
0.0282793
0.0203591
0.0122156
0.00388186
-0.00440691
-0.0126066
-0.0207595
-0.0288752
-0.0369301
-0.0449089
-0.0528101
-0.060632
-0.0683705
-0.0760208
-0.0836248
-0.0911488
-0.0985679
0.0607292
0.0518137
0.0415418
0.0326436
0.0242762
0.0156251
0.00681525
-0.00192065
-0.0105707
-0.0191788
-0.0277424
-0.0362336
-0.0446379
-0.0529541
-0.0611791
-0.0693067
-0.0773299
-0.0852993
-0.093175
-0.100929
0.066711
0.0571967
0.0464518
0.037189
0.0283429
0.0191647
0.00987369
0.000676578
-0.00844555
-0.0175284
-0.0265573
-0.0355031
-0.0443522
-0.0531026
-0.0617495
-0.0702846
-0.0786957
-0.0870445
-0.0952834
-0.10338
0.0727928
0.0626563
0.0515152
0.0419029
0.032544
0.0228307
0.0130588
0.00338553
-0.00622901
-0.015804
-0.0253151
-0.0347346
-0.0440483
-0.0532522
-0.0623388
-0.0712958
-0.0801122
-0.0888591
-0.0974743
-0.105923
0.0789137
0.0681571
0.0567318
0.0467737
0.0368668
0.0266182
0.0163612
0.00619172
-0.00393439
-0.0140163
-0.0240248
-0.0339346
-0.0437306
-0.0534072
-0.062959
-0.0723721
-0.0816035
-0.0907554
-0.0997534
-0.108561
0.0849616
0.0736524
0.0620798
0.0517684
0.0413083
0.0305537
0.0198144
0.0091315
-0.00152359
-0.0121311
-0.022659
-0.0330818
-0.0433805
-0.0535422
-0.0635548
-0.0733954
-0.0831062
-0.092713
-0.10211
-0.111283
0.0906905
0.0791573
0.0675827
0.0568338
0.0457839
0.0345188
0.0232776
0.0120672
0.000878495
-0.0102588
-0.0213116
-0.0322576
-0.0430785
-0.0537692
-0.0643351
-0.0747505
-0.0847988
-0.0947638
-0.104523
-0.114059
0.0953829
0.0843208
0.0731793
0.0621587
0.0506798
0.0389739
0.0272379
0.0154955
0.00376059
-0.00793088
-0.0195349
-0.0310203
-0.042361
-0.0535319
-0.0645132
-0.0753476
-0.0862738
-0.0968446
-0.107042
-0.116963
-0.0729958
-0.0760591
-0.0791013
-0.0821202
-0.0851145
-0.0880827
-0.0910224
-0.0939311
-0.0968065
-0.0996462
-0.102448
-0.105211
-0.107931
-0.110609
-0.113242
-0.115828
-0.118367
-0.120856
-0.123298
-0.125689
-0.0731753
-0.0762848
-0.0793749
-0.0824431
-0.0854866
-0.0885026
-0.0914879
-0.0944396
-0.0973553
-0.100232
-0.103068
-0.105861
-0.108608
-0.111308
-0.113959
-0.11656
-0.119109
-0.121603
-0.124047
-0.126438
-0.073569
-0.0767407
-0.0798912
-0.0830174
-0.086117
-0.0891875
-0.092226
-0.0952296
-0.0981955
-0.101121
-0.104004
-0.106842
-0.109633
-0.112376
-0.115067
-0.117706
-0.120293
-0.122824
-0.125306
-0.127739
-0.0740996
-0.07735
-0.0805789
-0.0837837
-0.0869616
-0.0901097
-0.093225
-0.0963041
-0.0993443
-0.102343
-0.105297
-0.108205
-0.111064
-0.113872
-0.116629
-0.119331
-0.121979
-0.124569
-0.127113
-0.129612
-0.0747873
-0.0781345
-0.0814594
-0.0847589
-0.0880305
-0.0912713
-0.0944781
-0.0976477
-0.100777
-0.103864
-0.106905
-0.109898
-0.112842
-0.115734
-0.118573
-0.121356
-0.124085
-0.126756
-0.129384
-0.131975
-0.0756027
-0.0790614
-0.0824967
-0.085906
-0.0892868
-0.092636
-0.0959505
-0.0992269
-0.102462
-0.105654
-0.1088
-0.111897
-0.114943
-0.117937
-0.120877
-0.123761
-0.126591
-0.129363
-0.132096
-0.1348
-0.0765452
-0.0801302
-0.0836909
-0.0872248
-0.0907292
-0.0942015
-0.0976381
-0.101036
-0.104392
-0.107704
-0.110969
-0.114185
-0.11735
-0.120462
-0.123521
-0.126522
-0.129471
-0.13236
-0.135218
-0.138055
-0.0776041
-0.0813293
-0.085029
-0.0887009
-0.0923428
-0.0959517
-0.0995244
-0.103058
-0.106549
-0.109995
-0.113394
-0.116744
-0.120043
-0.123288
-0.12648
-0.129615
-0.132699
-0.135724
-0.138724
-0.141712
-0.0787755
-0.0826544
-0.0865064
-0.0903296
-0.0941219
-0.0978806
-0.101602
-0.105284
-0.108924
-0.112518
-0.116064
-0.119561
-0.123008
-0.126401
-0.129741
-0.133024
-0.136259
-0.139433
-0.142592
-0.145749
-0.0800549
-0.0841003
-0.0881172
-0.0921042
-0.0960595
-0.0999803
-0.103864
-0.107707
-0.111506
-0.115261
-0.118968
-0.122625
-0.126232
-0.129785
-0.133288
-0.136732
-0.140132
-0.14347
-0.146802
-0.150142
-0.0814393
-0.0856638
-0.0898579
-0.0940208
-0.098151
-0.102246
-0.106303
-0.110318
-0.11429
-0.118217
-0.122096
-0.125925
-0.129705
-0.133431
-0.137107
-0.140726
-0.144302
-0.147818
-0.151336
-0.154872
-0.0829265
-0.0873422
-0.0917254
-0.0960758
-0.100392
-0.104672
-0.108914
-0.113113
-0.117268
-0.121377
-0.12544
-0.129452
-0.133415
-0.137324
-0.141186
-0.14499
-0.148754
-0.152458
-0.156174
-0.159918
-0.084515
-0.0891337
-0.0937174
-0.0982664
-0.10278
-0.107256
-0.111692
-0.116086
-0.120434
-0.124736
-0.128991
-0.133196
-0.137353
-0.141455
-0.145512
-0.14951
-0.153473
-0.157375
-0.161299
-0.165261
-0.086204
-0.0910371
-0.0958321
-0.10059
-0.105312
-0.109994
-0.114635
-0.119231
-0.123783
-0.128287
-0.132743
-0.137149
-0.141508
-0.145812
-0.150072
-0.154273
-0.158443
-0.16255
-0.166691
-0.170878
-0.087993
-0.0930515
-0.0980685
-0.103046
-0.107985
-0.112883
-0.117737
-0.122546
-0.127308
-0.132022
-0.136688
-0.141303
-0.145871
-0.150384
-0.154854
-0.159264
-0.163647
-0.167966
-0.172329
-0.176747
-0.0898814
-0.0951755
-0.100425
-0.105632
-0.110797
-0.115919
-0.120995
-0.126024
-0.131005
-0.135936
-0.140818
-0.145648
-0.15043
-0.155157
-0.159843
-0.164467
-0.169068
-0.173603
-0.178193
-0.182844
-0.0918706
-0.0974097
-0.102901
-0.108347
-0.113747
-0.119101
-0.124406
-0.129662
-0.134867
-0.140021
-0.145124
-0.150174
-0.155175
-0.160121
-0.165025
-0.169867
-0.174688
-0.17944
-0.184259
-0.189143
-0.0939595
-0.0997532
-0.105496
-0.111189
-0.116832
-0.122425
-0.127966
-0.133454
-0.138888
-0.14427
-0.149597
-0.154871
-0.160093
-0.16526
-0.170384
-0.175446
-0.180487
-0.185458
-0.190503
-0.195619
-0.0961457
-0.102205
-0.108207
-0.114156
-0.120049
-0.125888
-0.131669
-0.137395
-0.143063
-0.148675
-0.154229
-0.159729
-0.165172
-0.170562
-0.175903
-0.181186
-0.186444
-0.191635
-0.196901
-0.20225
-0.0984304
-0.104765
-0.111036
-0.117247
-0.123397
-0.129486
-0.135513
-0.14148
-0.147383
-0.153229
-0.159009
-0.164737
-0.170398
-0.176012
-0.181565
-0.187069
-0.192536
-0.197947
-0.203428
-0.209011
-0.100814
-0.107432
-0.11398
-0.12046
-0.126872
-0.133217
-0.139492
-0.145702
-0.151841
-0.157921
-0.163926
-0.169882
-0.175758
-0.181597
-0.187355
-0.19308
-0.198746
-0.204376
-0.210055
-0.215872
-0.103296
-0.110207
-0.117038
-0.123793
-0.130472
-0.137075
-0.143601
-0.150055
-0.15643
-0.162741
-0.168968
-0.175148
-0.181231
-0.187292
-0.193245
-0.199196
-0.205047
-0.210898
-0.21676
-0.222804
-0.105878
-0.113088
-0.120209
-0.127245
-0.134193
-0.141057
-0.147834
-0.154532
-0.161141
-0.167681
-0.174125
-0.180522
-0.186804
-0.193078
-0.199207
-0.205378
-0.21139
-0.217471
-0.223493
-0.229766
-0.108558
-0.116075
-0.123492
-0.130812
-0.138034
-0.145159
-0.152188
-0.159127
-0.16597
-0.172734
-0.179395
-0.186003
-0.192481
-0.198962
-0.205253
-0.211636
-0.217766
-0.224076
-0.230208
-0.236721
-0.111335
-0.119166
-0.126884
-0.134492
-0.141989
-0.149376
-0.156656
-0.163833
-0.170905
-0.177887
-0.184761
-0.191573
-0.198248
-0.204929
-0.211389
-0.217987
-0.224218
-0.230763
-0.236928
-0.243691
-0.114211
-0.122359
-0.130381
-0.138278
-0.146048
-0.153695
-0.161219
-0.168625
-0.175913
-0.183096
-0.190161
-0.197147
-0.203997
-0.210842
-0.217462
-0.224251
-0.230597
-0.237409
-0.243587
-0.250665
-0.11719
-0.12566
-0.133985
-0.142167
-0.150206
-0.158103
-0.165859
-0.173479
-0.180964
-0.188322
-0.195549
-0.202671
-0.209652
-0.216594
-0.223324
-0.230217
-0.236652
-0.243709
-0.249907
-0.257466
-0.120264
-0.129071
-0.137712
-0.146189
-0.154505
-0.16266
-0.170657
-0.178501
-0.186195
-0.193745
-0.201153
-0.208432
-0.215566
-0.222614
-0.229463
-0.236407
-0.242908
-0.2501
-0.256228
-0.264339
-0.123406
-0.132575
-0.141569
-0.150386
-0.159022
-0.167481
-0.175769
-0.18389
-0.191853
-0.199662
-0.207325
-0.214847
-0.22223
-0.22949
-0.236573
-0.243635
-0.250298
-0.257484
-0.263552
-0.271938
-0.126643
-0.136128
-0.145437
-0.154553
-0.163464
-0.172174
-0.180688
-0.189016
-0.197166
-0.205148
-0.212973
-0.220647
-0.228183
-0.235581
-0.242834
-0.249975
-0.256836
-0.263833
-0.270009
-0.278071
-0.131623
-0.140464
-0.148512
-0.155476
-0.161085
-0.165087
-0.167243
-0.167311
-0.165069
-0.160352
-0.153095
-0.14338
-0.131444
-0.117726
-0.102845
-0.0875543
-0.0726255
-0.058727
-0.0463469
-0.0358059
-0.0271142
-0.0201485
-0.0146966
-0.0105596
-0.00744819
-0.0051425
-0.00342363
-0.00215635
-0.00118934
-0.00038725
-0.132422
-0.141325
-0.149396
-0.156359
-0.161958
-0.165948
-0.168084
-0.168116
-0.165819
-0.161026
-0.153674
-0.143842
-0.13177
-0.117906
-0.102883
-0.0874715
-0.0724547
-0.058508
-0.0461171
-0.0355886
-0.0269239
-0.0199926
-0.0145758
-0.0104701
-0.00738438
-0.00509826
-0.00339402
-0.00213826
-0.00117996
-0.000385001
-0.133885
-0.142925
-0.151039
-0.158
-0.163582
-0.167551
-0.169652
-0.16962
-0.167221
-0.162288
-0.154758
-0.144708
-0.132381
-0.11824
-0.102951
-0.0873138
-0.0721333
-0.0580972
-0.0456857
-0.0351814
-0.0265683
-0.0197019
-0.0143509
-0.0103036
-0.00726582
-0.00501603
-0.00333912
-0.00210457
-0.0011624
-0.000380628
-0.135975
-0.145198
-0.153364
-0.160315
-0.165875
-0.169817
-0.171868
-0.171742
-0.169197
-0.164069
-0.156289
-0.14593
-0.133239
-0.118708
-0.103041
-0.0870839
-0.0716743
-0.0575144
-0.0450759
-0.0346082
-0.0260697
-0.0192955
-0.0140371
-0.0100717
-0.00710088
-0.00490174
-0.00326294
-0.00205764
-0.00113789
-0.000374435
-0.138621
-0.148065
-0.156282
-0.163217
-0.168752
-0.172662
-0.174648
-0.174403
-0.171679
-0.166307
-0.158215
-0.147466
-0.134316
-0.119288
-0.103142
-0.0867824
-0.0710872
-0.0567762
-0.0443079
-0.0338895
-0.0254474
-0.0187899
-0.0136478
-0.00978454
-0.00689714
-0.00476072
-0.00316912
-0.00199963
-0.00110753
-0.000366639
-0.141784
-0.151472
-0.159728
-0.166639
-0.17215
-0.176025
-0.177931
-0.177542
-0.174608
-0.168954
-0.160495
-0.149283
-0.135585
-0.119963
-0.103246
-0.0864084
-0.0703796
-0.0558966
-0.0433988
-0.0330434
-0.0247186
-0.0182004
-0.0131952
-0.00945151
-0.00666143
-0.00459777
-0.00306099
-0.00193245
-0.00107229
-0.000357418
-0.145425
-0.155366
-0.163642
-0.170523
-0.176009
-0.179842
-0.181653
-0.181102
-0.177933
-0.171966
-0.163093
-0.151351
-0.137023
-0.120717
-0.103342
-0.0859603
-0.0695573
-0.0548874
-0.0423635
-0.0320859
-0.0238987
-0.0175402
-0.0126904
-0.00908096
-0.00639988
-0.00441721
-0.0029415
-0.00185783
-0.00103306
-0.000346931
-0.149514
-0.159704
-0.167973
-0.174814
-0.180274
-0.18406
-0.185763
-0.18503
-0.181609
-0.175304
-0.165976
-0.153646
-0.13861
-0.121534
-0.103423
-0.085436
-0.0686251
-0.0537592
-0.0412154
-0.0310315
-0.0230016
-0.0168216
-0.0121431
-0.00868031
-0.00611796
-0.00422288
-0.00281331
-0.00177728
-0.000990647
-0.000335317
-0.154021
-0.164442
-0.172674
-0.179464
-0.184896
-0.188627
-0.190208
-0.189283
-0.185598
-0.178935
-0.169117
-0.156144
-0.14033
-0.122403
-0.10348
-0.0848339
-0.0675874
-0.0525212
-0.0399666
-0.0298935
-0.0220397
-0.0160553
-0.011562
-0.00825622
-0.00582051
-0.00401816
-0.00267872
-0.00169215
-0.000945753
-0.000322704
-0.158919
-0.169541
-0.1777
-0.184429
-0.189831
-0.193497
-0.194943
-0.193817
-0.189864
-0.182829
-0.172492
-0.158826
-0.142167
-0.123311
-0.103506
-0.0841523
-0.0664486
-0.0511821
-0.0386285
-0.0286838
-0.0210245
-0.0152512
-0.0109549
-0.00781457
-0.0055118
-0.00380605
-0.00253975
-0.00160361
-0.000899017
-0.000309205
-0.164184
-0.174963
-0.183009
-0.189666
-0.195035
-0.198625
-0.199925
-0.198595
-0.194374
-0.186961
-0.176079
-0.161676
-0.144109
-0.124249
-0.103496
-0.0833904
-0.0652129
-0.0497501
-0.0372117
-0.0274137
-0.0199662
-0.014418
-0.0103288
-0.00736053
-0.00519557
-0.00358912
-0.00239815
-0.00151269
-0.000851003
-0.000294931
-0.169791
-0.180669
-0.188562
-0.195137
-0.200467
-0.203966
-0.205114
-0.203583
-0.199098
-0.191304
-0.179858
-0.164679
-0.146143
-0.125208
-0.103442
-0.0825475
-0.0638846
-0.0482332
-0.035726
-0.0260934
-0.0188742
-0.0135635
-0.00968978
-0.00689867
-0.00487505
-0.00336964
-0.00225541
-0.00142025
-0.000802201
-0.000279985
-0.175713
-0.186623
-0.194322
-0.200804
-0.206088
-0.209481
-0.210473
-0.208747
-0.20401
-0.195836
-0.183812
-0.167822
-0.148259
-0.126178
-0.103342
-0.0816238
-0.0624685
-0.0466392
-0.0341811
-0.0247325
-0.017757
-0.0126949
-0.00904326
-0.00643293
-0.00455304
-0.00314953
-0.00211279
-0.00132707
-0.000753038
-0.000264466
-0.181925
-0.192785
-0.200251
-0.206632
-0.211859
-0.21513
-0.215961
-0.214057
-0.209085
-0.200536
-0.187925
-0.171092
-0.150448
-0.127153
-0.10319
-0.0806199
-0.0609694
-0.0449756
-0.0325858
-0.0233399
-0.0166224
-0.0118183
-0.00839395
-0.00596677
-0.00423195
-0.00293041
-0.00197135
-0.0012338
-0.000703884
-0.000248473
-0.188398
-0.199118
-0.206317
-0.212588
-0.217744
-0.220878
-0.221554
-0.219486
-0.214297
-0.205385
-0.192181
-0.17448
-0.152703
-0.128128
-0.102985
-0.079537
-0.0593926
-0.0432501
-0.0309489
-0.0219238
-0.0154772
-0.0109392
-0.00774595
-0.00550312
-0.00391379
-0.00271368
-0.00183195
-0.00114097
-0.00065505
-0.000232099
-0.195105
-0.205584
-0.212486
-0.218641
-0.223708
-0.226691
-0.227219
-0.225007
-0.219627
-0.210365
-0.196568
-0.177975
-0.155015
-0.129095
-0.102723
-0.0783771
-0.0577435
-0.0414703
-0.0292784
-0.0204916
-0.0143279
-0.0100626
-0.00710282
-0.00504448
-0.00360027
-0.00250049
-0.00169531
-0.00104906
-0.000606803
-0.000215439
-0.202013
-0.212147
-0.21873
-0.224763
-0.229718
-0.232538
-0.232931
-0.230597
-0.225051
-0.215459
-0.201073
-0.181569
-0.157378
-0.130051
-0.102404
-0.0771424
-0.0560278
-0.0396435
-0.0275822
-0.0190504
-0.01318
-0.00919264
-0.00646757
-0.00459298
-0.00329279
-0.00229176
-0.001562
-0.000958461
-0.000559366
-0.000198582
-0.20909
-0.218771
-0.225021
-0.230925
-0.235742
-0.238389
-0.238664
-0.236232
-0.230552
-0.22065
-0.205684
-0.185253
-0.159786
-0.130992
-0.102027
-0.0758362
-0.0542514
-0.0377772
-0.0258676
-0.0176065
-0.0120386
-0.00833308
-0.00584279
-0.00415037
-0.0029925
-0.00208828
-0.00143245
-0.000869489
-0.000512928
-0.000181617
-0.216297
-0.225425
-0.231332
-0.237097
-0.241751
-0.244221
-0.244394
-0.24189
-0.236109
-0.225924
-0.21039
-0.189019
-0.162233
-0.131913
-0.101591
-0.0744617
-0.0524204
-0.0358785
-0.0241416
-0.0161658
-0.010908
-0.00748709
-0.00523064
-0.00371812
-0.00270035
-0.00189065
-0.00130701
-0.000782417
-0.000467646
-0.000164628
-0.223593
-0.232075
-0.23764
-0.243253
-0.247717
-0.250006
-0.250099
-0.247549
-0.241703
-0.231262
-0.215178
-0.192858
-0.164713
-0.132813
-0.101098
-0.0730233
-0.0505412
-0.0339547
-0.0224109
-0.0147336
-0.00979237
-0.00665742
-0.00463293
-0.00329743
-0.00241705
-0.00169933
-0.00118591
-0.000697471
-0.000423649
-0.000147697
-0.230933
-0.23869
-0.24392
-0.249365
-0.253614
-0.255724
-0.255755
-0.253187
-0.247316
-0.236649
-0.220034
-0.19676
-0.167219
-0.133688
-0.100549
-0.0715254
-0.0486205
-0.0320129
-0.0206818
-0.0133148
-0.00869507
-0.00584641
-0.00405116
-0.00288923
-0.0021432
-0.0015147
-0.00106933
-0.000614837
-0.000381048
-0.000130898
-0.238271
-0.245242
-0.25015
-0.255404
-0.259417
-0.261352
-0.261339
-0.258781
-0.252924
-0.242065
-0.224942
-0.200714
-0.169745
-0.134534
-0.0999452
-0.0699733
-0.0466652
-0.0300601
-0.0189602
-0.011914
-0.00761927
-0.00505604
-0.00348652
-0.00249432
-0.00187921
-0.00133699
-0.000957373
-0.000534672
-0.000339931
-0.000114302
-0.245564
-0.251705
-0.256308
-0.261345
-0.265102
-0.266866
-0.266828
-0.264307
-0.258503
-0.247486
-0.229884
-0.204706
-0.172282
-0.135351
-0.099289
-0.0683727
-0.0446825
-0.0281033
-0.0172518
-0.0105353
-0.00656771
-0.00428798
-0.00294002
-0.00211326
-0.0016254
-0.0011664
-0.000850091
-0.000457104
-0.000300371
-9.79707e-05
-0.25276
-0.258056
-0.262373
-0.267161
-0.270645
-0.272244
-0.272193
-0.269734
-0.264024
-0.252885
-0.234835
-0.208718
-0.174819
-0.136133
-0.0985832
-0.0667299
-0.04268
-0.0261495
-0.0155622
-0.0091825
-0.00554281
-0.00354363
-0.0024124
-0.0017465
-0.00138197
-0.00100302
-0.000747495
-0.000382244
-0.000262425
-8.19596e-05
-0.259813
-0.264271
-0.26832
-0.272821
-0.27602
-0.277455
-0.277403
-0.275029
-0.269453
-0.258227
-0.239766
-0.212728
-0.177344
-0.136879
-0.0978311
-0.0650518
-0.0406655
-0.0242056
-0.0138965
-0.0078591
-0.00454673
-0.00282417
-0.0019043
-0.00139438
-0.00114907
-0.000846891
-0.000649567
-0.000310187
-0.000226135
-6.63153e-05
-0.266669
-0.270324
-0.274122
-0.278291
-0.281193
-0.282467
-0.282418
-0.280152
-0.274745
-0.263471
-0.244641
-0.21671
-0.179842
-0.137583
-0.0970361
-0.0633458
-0.0386471
-0.0222787
-0.0122598
-0.00656849
-0.0035815
-0.00213067
-0.00141625
-0.00105718
-0.000926784
-0.000698043
-0.000556266
-0.000241015
-0.000191536
-5.10773e-05
-0.273253
-0.276184
-0.27974
-0.283528
-0.28612
-0.287231
-0.287203
-0.285057
-0.279853
-0.268569
-0.249415
-0.220629
-0.182293
-0.13824
-0.0962015
-0.0616197
-0.0366333
-0.0203757
-0.0106569
-0.00531339
-0.00264849
-0.00146367
-0.000948409
-0.000734918
-0.000715032
-0.000556388
-0.00046751
-0.000174772
-0.000158633
-3.6276e-05
-0.27952
-0.281827
-0.28515
-0.288501
-0.290771
-0.291693
-0.291686
-0.289697
-0.284736
-0.273484
-0.254058
-0.224464
-0.184685
-0.13885
-0.0953364
-0.0598847
-0.0346334
-0.0185028
-0.00909078
-0.00409456
-0.00174705
-0.000822116
-0.000499773
-0.000426752
-0.000513255
-0.000421592
-0.000383132
-0.000111406
-0.000127381
-2.19231e-05
-0.285522
-0.287224
-0.290325
-0.293199
-0.295153
-0.295874
-0.295823
-0.29407
-0.289392
-0.278224
-0.258584
-0.228235
-0.187045
-0.139441
-0.0944611
-0.0581537
-0.0326532
-0.016662
-0.00756296
-0.00291242
-0.000876754
-0.000205387
-6.98807e-05
-0.000132263
-0.000321212
-0.000293489
-0.000303032
-5.09397e-05
-9.77479e-05
-8.01906e-06
-0.291241
-0.292159
-0.295076
-0.297489
-0.29921
-0.299923
-0.299988
-0.298203
-0.293777
-0.282712
-0.262904
-0.231858
-0.189294
-0.139934
-0.0935086
-0.0563828
-0.0306779
-0.0148569
-0.00608789
-0.00178677
-5.77693e-05
0.000370929
0.00032998
0.000140525
-0.000143387
-0.000174248
-0.000227799
5.74481e-06
-7.01148e-05
5.34996e-06
-0.296446
-0.296018
-0.298803
-0.300692
-0.302053
-0.302368
-0.302356
-0.300867
-0.296591
-0.285457
-0.265403
-0.233744
-0.190099
-0.139448
-0.0920302
-0.0543933
-0.0286577
-0.0130819
-0.0046592
-0.000718379
0.000703005
0.000904515
0.000701284
0.000393355
2.4986e-05
-5.8338e-05
-0.000151991
6.21576e-05
-4.25815e-05
1.93698e-05
-0.300558
-0.301009
-0.303839
-0.305099
-0.306123
-0.30634
-0.306259
-0.30459
-0.300071
-0.288235
-0.267061
-0.233691
-0.187985
-0.135636
-0.087539
-0.050168
-0.0252057
-0.0104882
-0.00280248
0.00057846
0.0016071
0.00152177
0.00112369
0.000678619
0.000211245
6.77139e-05
-7.08373e-05
0.000124806
-1.27727e-05
3.48425e-05
-0.304893
-0.305213
-0.307686
-0.308238
-0.308929
-0.308828
-0.308911
-0.307397
-0.302811
-0.290495
-0.268495
-0.233762
-0.186237
-0.13225
-0.0834683
-0.0462335
-0.0219081
-0.00795384
-0.000955185
0.00188155
0.00249726
0.00212191
0.00153418
0.00095566
0.000392629
0.000191301
9.02081e-06
0.000187248
1.6398e-05
5.05142e-05
-0.309057
-0.309112
-0.311309
-0.311247
-0.311777
-0.31174
-0.311765
-0.310238
-0.305516
-0.292666
-0.269796
-0.233636
-0.184271
-0.128689
-0.0793082
-0.0422902
-0.0186543
-0.00547793
0.000841237
0.00313953
0.00335342
0.0027015
0.00193114
0.00122319
0.000567668
0.000311106
8.66977e-05
0.000248125
4.45615e-05
6.6281e-05
-0.312997
-0.312455
-0.314356
-0.313678
-0.314049
-0.313761
-0.314084
-0.312641
-0.307818
-0.294474
-0.270793
-0.23327
-0.182109
-0.124991
-0.0750739
-0.0383151
-0.0154021
-0.00302322
0.00260568
0.00436641
0.00418879
0.00326653
0.0023174
0.00148272
0.000737038
0.000427292
0.000162082
0.000307161
7.16903e-05
8.21233e-05
-0.316764
-0.315156
-0.316853
-0.315645
-0.315985
-0.315788
-0.316138
-0.314735
-0.309778
-0.295937
-0.271467
-0.232623
-0.179728
-0.121188
-0.0708173
-0.0343624
-0.0121923
-0.000611863
0.00433073
0.00556131
0.00499973
0.00381363
0.00269071
0.00173282
0.000900075
0.000539513
0.00023499
0.00036411
9.7736e-05
9.80201e-05
-0.320196
-0.317247
-0.318811
-0.317141
-0.317512
-0.317243
-0.317793
-0.316441
-0.311329
-0.296992
-0.271759
-0.231646
-0.177116
-0.11729
-0.0665605
-0.0304576
-0.00904858
0.00173642
0.00600282
0.00671422
0.00577978
0.00433904
0.00304858
0.00197193
0.00105594
0.000647239
0.000305129
0.00041859
0.000122618
0.000113931
-0.323473
-0.318678
-0.320303
-0.318229
-0.3187
-0.318471
-0.319131
-0.317784
-0.312472
-0.297627
-0.271637
-0.230316
-0.174274
-0.113326
-0.0623403
-0.0266361
-0.00599814
0.00400253
0.00760949
0.00781595
0.00652359
0.00483944
0.00338876
0.00219865
0.00120389
0.000749949
0.000372182
0.000470191
0.000146266
0.000129797
-0.326309
-0.319506
-0.32141
-0.318998
-0.319599
-0.319344
-0.320154
-0.318766
-0.313202
-0.297835
-0.271089
-0.228616
-0.171217
-0.109327
-0.0581984
-0.0229381
-0.00307212
0.00616467
0.00913586
0.00885771
0.00722563
0.00531133
0.0037089
0.00241154
0.0013432
0.000847115
0.00043583
0.000518525
0.000168618
0.000145533
-0.328332
-0.31995
-0.322232
-0.319498
-0.320285
-0.320017
-0.320904
-0.319411
-0.313536
-0.297625
-0.270121
-0.226552
-0.167972
-0.105332
-0.0541801
-0.0194059
-0.000303077
0.00819992
0.0105665
0.0098304
0.00788017
0.00575114
0.00400669
0.00260922
0.00147318
0.000938199
0.000495745
0.000563238
0.000189618
0.000161028
-0.329507
-0.320169
-0.322819
-0.319811
-0.320802
-0.320491
-0.32141
-0.319739
-0.313488
-0.297015
-0.268751
-0.224156
-0.164577
-0.101388
-0.0503338
-0.0160829
0.00227648
0.0100857
0.0118867
0.0107251
0.00848175
0.00615549
0.00427998
0.00279045
0.00159318
0.00102267
0.000551601
0.000604029
0.000209207
0.000176135
-0.330027
-0.320269
-0.323226
-0.319998
-0.321174
-0.32079
-0.321677
-0.319776
-0.313098
-0.296034
-0.267007
-0.221476
-0.161081
-0.097546
-0.0467089
-0.0130107
0.00463601
0.0118013
0.0130832
0.0115338
0.00902558
0.00652142
0.00452695
0.00295416
0.00170259
0.00110002
0.000603073
0.000640663
0.000227317
0.000190676
-0.330161
-0.32027
-0.323502
-0.320088
-0.321442
-0.320938
-0.321763
-0.319545
-0.312394
-0.29473
-0.26495
-0.218574
-0.157549
-0.0938644
-0.0433535
-0.0102273
0.00674903
0.0133289
0.014145
0.0122501
0.00950786
0.00684657
0.00474619
0.00309955
0.00180093
0.00116978
0.000649843
0.000672988
0.000243867
0.000204447
-0.329988
-0.320197
-0.323646
-0.320111
-0.321616
-0.320959
-0.32167
-0.31908
-0.311444
-0.293159
-0.262656
-0.215541
-0.154057
-0.0904055
-0.0403134
-0.00776434
0.00859536
0.014656
0.0150644
0.0128698
0.00992614
0.00712937
0.00493682
0.00322612
0.00188775
0.00123154
0.000691605
0.000700934
0.00025876
0.000217218
-0.329466
-0.320206
-0.323661
-0.320139
-0.321672
-0.320895
-0.321405
-0.318431
-0.310282
-0.291434
-0.260237
-0.212464
-0.150705
-0.0872365
-0.0376293
-0.00564582
0.0101625
0.0157757
0.0158383
0.0133914
0.0102795
0.00736913
0.00509851
0.00333367
0.0019627
0.00128497
0.000728064
0.000724517
0.000271881
0.000228751
-0.328928
-0.320078
-0.323632
-0.320103
-0.32167
-0.320747
-0.321049
-0.317699
-0.309031
-0.289635
-0.257814
-0.209536
-0.147586
-0.0844281
-0.0353371
-0.00388243
0.0114451
0.0166872
0.0164672
0.0138159
0.0105684
0.00756605
0.00523146
0.00342231
0.00202551
0.00132979
0.000758945
0.000743822
0.000283104
0.000238807
-0.328362
-0.319919
-0.323583
-0.320033
-0.321624
-0.320547
-0.320644
-0.316922
-0.307802
-0.287927
-0.255545
-0.206825
-0.14488
-0.0820523
-0.0334672
-0.00248015
0.0124485
0.0173964
0.0169559
0.0141464
0.0107946
0.00772101
0.00533627
0.00349235
0.00207597
0.00136582
0.000783994
0.000758985
0.000292294
0.000247163
-0.327848
-0.319749
-0.323528
-0.319952
-0.321558
-0.32034
-0.32026
-0.316226
-0.306722
-0.286452
-0.253625
-0.204574
-0.142664
-0.0801866
-0.0320407
-0.00143967
0.0131837
0.0179133
0.0173119
0.0143877
0.0109609
0.00783536
0.00541376
0.00354426
0.00211393
0.00139292
0.000802993
0.000770166
0.000299322
0.000253619
-0.327458
-0.31961
-0.323481
-0.31988
-0.321497
-0.320172
-0.319958
-0.315693
-0.305916
-0.285366
-0.25222
-0.202949
-0.141076
-0.0789086
-0.0310777
-0.000752659
0.0136639
0.0182493
0.0175433
0.0145449
0.0110697
0.00791055
0.00546481
0.00357853
0.00213929
0.00141102
0.000815765
0.000777517
0.000304077
0.000258016
-0.327248
-0.319531
-0.323454
-0.319839
-0.32146
-0.320077
-0.319793
-0.315406
-0.305486
-0.284787
-0.251478
-0.202095
-0.140259
-0.0782471
-0.030592
-0.000411452
0.0139006
0.0184145
0.017657
0.0146224
0.0111235
0.0079478
0.00549013
0.00359555
0.00215199
0.00142008
0.000822182
0.00078116
0.000306477
0.000260244
)
;

boundaryField
{
    inlet
    {
        type            zeroGradient;
    }
    outlet
    {
        type            fixedValue;
        value           uniform 0;
    }
    cylinder
    {
        type            zeroGradient;
    }
    top
    {
        type            symmetryPlane;
    }
    bottom
    {
        type            symmetryPlane;
    }
    defaultFaces
    {
        type            empty;
    }
}


// ************************************************************************* //
