/*--------------------------------*- C++ -*----------------------------------*\
  =========                 |
  \\      /  F ield         | OpenFOAM: The Open Source CFD Toolbox
   \\    /   O peration     | Website:  https://openfoam.org
    \\  /    A nd           | Version:  9
     \\/     M anipulation  |
\*---------------------------------------------------------------------------*/
FoamFile
{
    format      ascii;
    class       volScalarField;
    location    "47.7";
    object      p;
}
// * * * * * * * * * * * * * * * * * * * * * * * * * * * * * * * * * * * * * //

dimensions      [0 2 -2 0 0 0 0];

internalField   nonuniform List<scalar> 
8500
(
-0.278913
-0.283127
-0.283962
-0.28571
-0.287795
-0.288041
-0.291793
-0.288169
-0.294339
-0.287025
-0.279178
-0.28333
-0.28416
-0.285876
-0.287993
-0.288135
-0.29209
-0.288104
-0.294752
-0.286911
-0.279701
-0.283732
-0.284547
-0.2862
-0.288381
-0.288312
-0.292675
-0.287958
-0.295572
-0.286683
-0.280468
-0.284321
-0.285113
-0.286666
-0.288943
-0.288552
-0.293528
-0.287702
-0.29679
-0.286337
-0.281461
-0.285082
-0.285837
-0.287253
-0.289653
-0.28883
-0.294616
-0.287299
-0.29838
-0.285868
-0.282658
-0.285996
-0.286698
-0.287934
-0.290475
-0.289118
-0.295883
-0.286712
-0.300303
-0.285258
-0.284032
-0.287043
-0.28767
-0.28868
-0.291367
-0.289395
-0.297254
-0.285914
-0.302502
-0.284449
-0.285557
-0.2882
-0.288725
-0.289463
-0.292277
-0.289645
-0.298636
-0.284891
-0.304886
-0.283431
-0.287207
-0.289447
-0.289833
-0.290256
-0.293147
-0.289865
-0.29991
-0.283718
-0.307017
-0.282412
-0.288959
-0.290764
-0.290968
-0.29104
-0.29392
-0.290071
-0.30086
-0.282622
-0.308817
-0.281017
-0.290793
-0.292136
-0.292105
-0.291796
-0.294539
-0.29035
-0.301352
-0.2815
-0.310245
-0.279401
-0.292697
-0.293551
-0.293225
-0.292519
-0.2949
-0.290745
-0.3014
-0.280422
-0.310894
-0.278041
-0.294664
-0.295003
-0.294316
-0.293225
-0.295026
-0.291129
-0.301001
-0.27971
-0.310218
-0.277492
-0.296698
-0.296494
-0.29537
-0.293891
-0.294971
-0.291448
-0.300091
-0.279524
-0.307823
-0.277785
-0.29881
-0.298029
-0.2964
-0.294499
-0.294782
-0.291682
-0.298732
-0.279789
-0.303689
-0.278117
-0.301026
-0.299615
-0.297442
-0.295054
-0.294511
-0.291639
-0.29705
-0.280136
-0.298314
-0.277393
-0.303381
-0.301274
-0.298526
-0.295586
-0.294233
-0.29128
-0.295131
-0.280179
-0.292343
-0.275089
-0.305913
-0.303037
-0.299686
-0.296136
-0.294008
-0.290625
-0.292946
-0.279722
-0.286033
-0.271222
-0.308673
-0.30494
-0.300965
-0.296741
-0.293842
-0.289785
-0.290402
-0.278692
-0.279315
-0.26621
-0.311716
-0.307023
-0.302416
-0.297425
-0.293696
-0.28888
-0.287478
-0.276949
-0.272233
-0.260833
-0.315097
-0.309334
-0.304087
-0.29819
-0.293542
-0.287949
-0.284248
-0.274267
-0.265405
-0.255581
-0.318861
-0.311945
-0.306019
-0.299021
-0.293414
-0.286932
-0.280793
-0.270591
-0.259275
-0.24906
-0.323081
-0.314905
-0.308217
-0.299926
-0.293367
-0.285709
-0.277147
-0.266187
-0.253123
-0.24232
-0.327823
-0.318281
-0.310643
-0.300987
-0.293398
-0.284171
-0.273307
-0.261191
-0.246969
-0.235534
-0.333147
-0.322123
-0.313247
-0.302336
-0.293417
-0.282259
-0.269228
-0.255802
-0.240701
-0.228658
-0.339122
-0.326444
-0.316032
-0.304047
-0.293303
-0.279947
-0.264888
-0.250114
-0.234295
-0.221758
-0.345821
-0.331195
-0.31911
-0.306043
-0.292953
-0.277229
-0.26027
-0.24419
-0.227751
-0.214768
-0.353314
-0.33628
-0.322685
-0.308124
-0.292292
-0.27411
-0.255365
-0.238051
-0.221056
-0.207684
-0.361645
-0.341595
-0.32694
-0.310072
-0.291249
-0.270594
-0.250166
-0.2317
-0.214205
-0.200469
-0.370788
-0.347078
-0.331919
-0.311734
-0.289754
-0.266674
-0.24466
-0.225128
-0.20718
-0.193101
-0.380627
-0.352743
-0.337443
-0.313013
-0.287745
-0.262332
-0.238832
-0.218315
-0.199962
-0.185555
-0.390937
-0.358666
-0.343124
-0.313832
-0.285168
-0.257539
-0.232657
-0.211241
-0.192528
-0.177809
-0.401387
-0.364945
-0.348476
-0.314101
-0.281978
-0.252258
-0.226108
-0.20388
-0.184856
-0.169841
-0.411658
-0.371642
-0.353037
-0.313707
-0.278138
-0.246451
-0.219154
-0.196207
-0.176922
-0.161633
-0.421446
-0.378723
-0.356457
-0.312517
-0.273605
-0.240085
-0.21176
-0.188191
-0.168705
-0.153168
-0.430494
-0.386015
-0.358514
-0.310395
-0.268333
-0.233125
-0.203895
-0.179806
-0.160185
-0.144429
-0.4386
-0.393194
-0.359104
-0.307216
-0.262271
-0.22554
-0.195528
-0.171026
-0.151341
-0.135402
-0.445603
-0.399804
-0.358214
-0.302878
-0.255365
-0.217295
-0.186632
-0.161828
-0.142154
-0.126081
-0.451375
-0.40532
-0.35587
-0.297314
-0.247563
-0.208356
-0.17718
-0.152193
-0.13261
-0.116477
-0.455807
-0.409264
-0.352055
-0.290474
-0.238815
-0.198692
-0.16715
-0.142101
-0.122696
-0.106613
-0.4588
-0.411303
-0.346647
-0.282315
-0.229079
-0.188271
-0.156523
-0.131537
-0.112402
-0.0965078
-0.460246
-0.411156
-0.339554
-0.272792
-0.218321
-0.177071
-0.145284
-0.120486
-0.101718
-0.0861379
-0.460014
-0.408622
-0.330714
-0.261866
-0.206511
-0.165072
-0.133419
-0.108935
-0.0906547
-0.075443
-0.457948
-0.403566
-0.320081
-0.249514
-0.193631
-0.152259
-0.120915
-0.0968754
-0.0792545
-0.0643429
-0.45386
-0.395897
-0.307607
-0.235734
-0.179668
-0.138618
-0.10776
-0.0843093
-0.0675637
-0.0528145
-0.447544
-0.385555
-0.293253
-0.220532
-0.164609
-0.124145
-0.0939613
-0.0712755
-0.0555576
-0.0409903
-0.438784
-0.372507
-0.276998
-0.203905
-0.148438
-0.108861
-0.0795581
-0.0578551
-0.0431238
-0.0289623
-0.427367
-0.356736
-0.258833
-0.185852
-0.131163
-0.0928317
-0.0646143
-0.0440264
-0.0302706
-0.0167367
-0.413102
-0.338239
-0.238754
-0.166394
-0.112869
-0.0761135
-0.0490877
-0.029799
-0.0170443
-0.00432004
-0.395827
-0.317037
-0.216749
-0.145617
-0.0937084
-0.0586083
-0.0330194
-0.0151863
-0.0034927
0.0082742
-0.375426
-0.293186
-0.192818
-0.123674
-0.073621
-0.0403715
-0.0164495
-0.000212854
0.0103412
0.0210193
-0.351832
-0.266814
-0.167044
-0.100537
-0.0526513
-0.0214626
0.000578243
0.0150888
0.0244161
0.0338788
-0.325032
-0.23809
-0.139616
-0.0761224
-0.0308576
-0.00194774
0.0180161
0.0306791
0.0386921
0.0468083
-0.295074
-0.207044
-0.110669
-0.0505459
-0.00830717
0.0181029
0.0358098
0.0465139
0.0531328
0.0597633
-0.262079
-0.173414
-0.0805993
-0.0239517
0.0149257
0.0386142
0.0538988
0.0625479
0.0677068
0.0727001
-0.226222
-0.137506
-0.0493538
0.00351042
0.0387545
0.0595064
0.0722183
0.0787397
0.0823821
0.0855483
-0.187603
-0.0997272
-0.0169851
0.031694
0.063079
0.0806942
0.090703
0.0950553
0.097103
0.0981343
-0.146187
-0.0607111
0.0163771
0.0604565
0.0877884
0.102088
0.109291
0.111461
0.111757
0.110122
-0.102461
-0.0206169
0.0505533
0.0896552
0.112763
0.123595
0.127921
0.127898
0.12617
0.121222
-0.0567834
0.0203643
0.0853394
0.119141
0.137877
0.14512
0.146525
0.144256
0.140178
0.131752
-0.00953299
0.0619955
0.120516
0.148757
0.163001
0.166565
0.16502
0.160393
0.15373
0.14303
0.0388877
0.104013
0.155853
0.178339
0.187999
0.18783
0.183307
0.176199
0.167027
0.154838
0.0880598
0.146135
0.191117
0.207718
0.212737
0.208809
0.201291
0.191642
0.180117
0.166688
0.137552
0.188069
0.22607
0.23672
0.237077
0.229394
0.218878
0.206676
0.192947
0.178404
0.186927
0.229517
0.260474
0.265169
0.26088
0.249474
0.235979
0.221252
0.205444
0.189804
0.235745
0.270178
0.294094
0.292887
0.284008
0.268939
0.252508
0.235315
0.217541
0.200793
0.28357
0.309752
0.326696
0.319699
0.306325
0.287681
0.268381
0.248802
0.229169
0.211291
0.32997
0.347947
0.358055
0.345434
0.327696
0.305592
0.283516
0.261649
0.240265
0.221238
0.374527
0.384484
0.387951
0.369924
0.347992
0.322571
0.297834
0.273793
0.25077
0.230586
0.416831
0.419102
0.416177
0.393006
0.367086
0.338517
0.311258
0.285173
0.260624
0.23929
0.456506
0.451544
0.442535
0.414527
0.384859
0.353338
0.323716
0.29573
0.269774
0.247315
0.493254
0.481523
0.466834
0.43434
0.401199
0.366944
0.335139
0.305408
0.278168
0.254624
0.526778
0.50878
0.488899
0.45231
0.416001
0.379255
0.345463
0.314155
0.285758
0.261188
0.556788
0.533101
0.508571
0.468312
0.429172
0.390196
0.35463
0.321922
0.292501
0.26698
0.583019
0.554299
0.525705
0.482239
0.440624
0.399702
0.362589
0.328666
0.298357
0.271979
0.605242
0.572214
0.540179
0.493994
0.450284
0.407714
0.369293
0.334348
0.303291
0.276168
0.62326
0.58671
0.551886
0.503496
0.45809
0.414184
0.374703
0.338933
0.307274
0.279532
0.636915
0.597678
0.560742
0.51068
0.463989
0.419071
0.378789
0.342397
0.310283
0.282061
0.646085
0.605037
0.566682
0.515498
0.467943
0.422346
0.381527
0.344717
0.312299
0.28375
0.650691
0.60873
0.569663
0.517914
0.469927
0.423989
0.3829
0.345881
0.31331
0.284595
0.650691
0.60873
0.569663
0.517914
0.469927
0.423989
0.3829
0.345881
0.31331
0.284595
0.646085
0.605037
0.566682
0.515497
0.467943
0.422346
0.381527
0.344717
0.312299
0.28375
0.636914
0.597678
0.560742
0.51068
0.463989
0.419071
0.378789
0.342397
0.310283
0.282061
0.62326
0.58671
0.551886
0.503496
0.45809
0.414184
0.374703
0.338933
0.307274
0.279532
0.605242
0.572214
0.540179
0.493994
0.450284
0.407714
0.369292
0.334347
0.303291
0.276168
0.583019
0.554299
0.525705
0.482239
0.440624
0.399702
0.362588
0.328666
0.298357
0.271979
0.556787
0.533101
0.50857
0.468312
0.429171
0.390196
0.35463
0.321922
0.292501
0.26698
0.526778
0.50878
0.488899
0.452309
0.416001
0.379255
0.345463
0.314155
0.285758
0.261188
0.493254
0.481522
0.466833
0.43434
0.401199
0.366944
0.335138
0.305408
0.278168
0.254624
0.456506
0.451544
0.442534
0.414527
0.384859
0.353337
0.323716
0.295729
0.269774
0.247314
0.41683
0.419101
0.416177
0.393006
0.367086
0.338517
0.311258
0.285173
0.260624
0.23929
0.374527
0.384483
0.387951
0.369923
0.347991
0.322571
0.297833
0.273793
0.25077
0.230585
0.32997
0.347946
0.358054
0.345434
0.327696
0.305592
0.283515
0.261648
0.240265
0.221238
0.283569
0.309751
0.326696
0.319699
0.306325
0.28768
0.26838
0.248801
0.229168
0.21129
0.235745
0.270177
0.294093
0.292886
0.284008
0.268939
0.252507
0.235315
0.21754
0.200793
0.186927
0.229516
0.260474
0.265168
0.26088
0.249474
0.235978
0.221252
0.205444
0.189804
0.137551
0.188068
0.226069
0.23672
0.237076
0.229394
0.218878
0.206675
0.192947
0.178404
0.0880588
0.146134
0.191116
0.207718
0.212737
0.208809
0.201291
0.191642
0.180117
0.166688
0.0388867
0.104012
0.155852
0.178339
0.187999
0.187829
0.183306
0.176199
0.167026
0.154837
-0.00953405
0.0619946
0.120515
0.148756
0.163
0.166565
0.165019
0.160392
0.153729
0.14303
-0.0567845
0.0203634
0.0853385
0.11914
0.137877
0.145119
0.146525
0.144255
0.140178
0.131752
-0.102462
-0.0206179
0.0505525
0.0896544
0.112763
0.123594
0.12792
0.127897
0.126169
0.121221
-0.146188
-0.0607122
0.0163762
0.0604557
0.0877877
0.102087
0.10929
0.111461
0.111757
0.110121
-0.187604
-0.0997283
-0.0169861
0.0316931
0.0630783
0.0806935
0.0907023
0.0950547
0.0971025
0.0981339
-0.226223
-0.137507
-0.0493548
0.00350953
0.0387537
0.0595056
0.0722176
0.0787391
0.0823815
0.0855478
-0.262081
-0.173415
-0.0806004
-0.0239526
0.0149249
0.0386134
0.0538981
0.0625473
0.0677063
0.0726996
-0.295076
-0.207046
-0.11067
-0.0505469
-0.00830804
0.0181021
0.0358091
0.0465132
0.0531322
0.0597628
-0.325033
-0.238091
-0.139617
-0.0761234
-0.0308585
-0.00194855
0.0180154
0.0306784
0.0386915
0.0468077
-0.351833
-0.266816
-0.167045
-0.100538
-0.0526523
-0.0214634
0.00057748
0.0150881
0.0244154
0.0338782
-0.375428
-0.293187
-0.192819
-0.123675
-0.073622
-0.0403724
-0.0164503
-0.000213571
0.0103405
0.0210188
-0.395829
-0.317038
-0.216751
-0.145618
-0.0937094
-0.0586092
-0.0330202
-0.0151871
-0.00349337
0.0082736
-0.413103
-0.338241
-0.238756
-0.166395
-0.11287
-0.0761144
-0.0490885
-0.0297997
-0.017045
-0.00432065
-0.427369
-0.356737
-0.258835
-0.185853
-0.131164
-0.0928326
-0.0646152
-0.0440272
-0.0302713
-0.0167373
-0.438785
-0.372509
-0.276999
-0.203906
-0.148439
-0.108862
-0.079559
-0.0578559
-0.0431245
-0.028963
-0.447546
-0.385557
-0.293254
-0.220533
-0.16461
-0.124146
-0.0939622
-0.0712763
-0.0555584
-0.0409909
-0.453862
-0.395898
-0.307609
-0.235736
-0.17967
-0.138619
-0.107761
-0.0843101
-0.0675645
-0.0528151
-0.45795
-0.403568
-0.320083
-0.249515
-0.193633
-0.15226
-0.120916
-0.0968762
-0.0792553
-0.0643436
-0.460016
-0.408624
-0.330715
-0.261868
-0.206512
-0.165073
-0.13342
-0.108936
-0.0906555
-0.0754437
-0.460248
-0.411158
-0.339555
-0.272793
-0.218322
-0.177072
-0.145285
-0.120487
-0.101719
-0.0861386
-0.458802
-0.411305
-0.346649
-0.282316
-0.229081
-0.188273
-0.156524
-0.131538
-0.112402
-0.0965085
-0.455809
-0.409266
-0.352056
-0.290475
-0.238816
-0.198693
-0.167151
-0.142102
-0.122697
-0.106614
-0.451376
-0.405322
-0.355872
-0.297315
-0.247564
-0.208358
-0.177181
-0.152194
-0.132611
-0.116478
-0.445605
-0.399806
-0.358215
-0.30288
-0.255367
-0.217296
-0.186633
-0.161829
-0.142155
-0.126082
-0.438602
-0.393195
-0.359106
-0.307217
-0.262272
-0.225541
-0.195529
-0.171027
-0.151342
-0.135403
-0.430496
-0.386017
-0.358515
-0.310397
-0.268334
-0.233127
-0.203896
-0.179807
-0.160186
-0.14443
-0.421448
-0.378725
-0.356459
-0.312519
-0.273606
-0.240086
-0.211761
-0.188192
-0.168706
-0.153169
-0.41166
-0.371644
-0.353039
-0.313708
-0.278139
-0.246453
-0.219155
-0.196208
-0.176923
-0.161634
-0.401389
-0.364947
-0.348477
-0.314103
-0.28198
-0.252259
-0.22611
-0.203882
-0.184857
-0.169842
-0.390939
-0.358668
-0.343126
-0.313834
-0.285169
-0.25754
-0.232659
-0.211242
-0.19253
-0.17781
-0.380629
-0.352745
-0.337445
-0.313015
-0.287747
-0.262334
-0.238833
-0.218316
-0.199963
-0.185556
-0.37079
-0.34708
-0.331921
-0.311736
-0.289756
-0.266676
-0.244662
-0.225129
-0.207181
-0.193102
-0.361647
-0.341597
-0.326942
-0.310074
-0.291251
-0.270596
-0.250168
-0.231702
-0.214207
-0.20047
-0.353316
-0.336282
-0.322686
-0.308125
-0.292294
-0.274112
-0.255367
-0.238053
-0.221058
-0.207685
-0.345822
-0.331197
-0.319112
-0.306045
-0.292955
-0.277231
-0.260272
-0.244192
-0.227753
-0.214769
-0.339124
-0.326446
-0.316033
-0.304048
-0.293305
-0.279949
-0.26489
-0.250116
-0.234297
-0.22176
-0.333149
-0.322125
-0.313249
-0.302338
-0.293419
-0.282261
-0.26923
-0.255804
-0.240703
-0.22866
-0.327825
-0.318282
-0.310645
-0.300989
-0.2934
-0.284173
-0.273309
-0.261193
-0.246972
-0.235536
-0.323083
-0.314907
-0.308219
-0.299928
-0.293369
-0.285711
-0.277149
-0.266189
-0.253125
-0.242322
-0.318863
-0.311946
-0.306021
-0.299022
-0.293416
-0.286935
-0.280796
-0.270593
-0.259278
-0.249062
-0.315099
-0.309336
-0.304089
-0.298192
-0.293544
-0.287952
-0.284251
-0.27427
-0.265407
-0.255583
-0.311718
-0.307024
-0.302417
-0.297427
-0.293698
-0.288882
-0.287481
-0.276953
-0.272236
-0.260836
-0.308675
-0.304942
-0.300967
-0.296743
-0.293844
-0.289788
-0.290405
-0.278695
-0.279319
-0.266212
-0.305915
-0.303039
-0.299688
-0.296138
-0.29401
-0.290628
-0.292949
-0.279725
-0.286037
-0.271225
-0.303383
-0.301276
-0.298528
-0.295588
-0.294235
-0.291283
-0.295134
-0.280183
-0.292348
-0.275093
-0.301028
-0.299617
-0.297444
-0.295056
-0.294514
-0.291642
-0.297053
-0.280141
-0.298319
-0.277397
-0.298812
-0.29803
-0.296402
-0.294501
-0.294785
-0.291685
-0.298736
-0.279794
-0.303694
-0.278122
-0.2967
-0.296496
-0.295372
-0.293893
-0.294973
-0.291451
-0.300095
-0.279529
-0.307828
-0.27779
-0.294666
-0.295005
-0.294317
-0.293227
-0.295028
-0.291132
-0.301005
-0.279714
-0.310223
-0.277498
-0.292698
-0.293552
-0.293226
-0.292521
-0.294903
-0.290748
-0.301404
-0.280427
-0.310899
-0.278046
-0.290795
-0.292137
-0.292107
-0.291798
-0.294542
-0.290352
-0.301356
-0.281504
-0.31025
-0.279407
-0.28896
-0.290765
-0.29097
-0.291041
-0.293923
-0.290074
-0.300863
-0.282626
-0.308822
-0.281022
-0.287209
-0.289448
-0.289835
-0.290258
-0.293149
-0.289868
-0.299913
-0.283721
-0.307021
-0.282417
-0.285559
-0.288201
-0.288726
-0.289465
-0.292279
-0.289647
-0.298639
-0.284895
-0.30489
-0.283436
-0.284033
-0.287044
-0.287671
-0.288682
-0.291369
-0.289397
-0.297257
-0.285917
-0.302506
-0.284453
-0.282659
-0.285997
-0.286699
-0.287935
-0.290477
-0.28912
-0.295885
-0.286715
-0.300306
-0.285262
-0.281462
-0.285082
-0.285838
-0.287254
-0.289654
-0.288832
-0.294617
-0.287301
-0.298383
-0.285871
-0.280468
-0.284321
-0.285113
-0.286667
-0.288944
-0.288554
-0.29353
-0.287704
-0.296792
-0.286339
-0.279701
-0.283732
-0.284548
-0.2862
-0.288382
-0.288313
-0.292676
-0.28796
-0.295574
-0.286685
-0.279178
-0.28333
-0.28416
-0.285876
-0.287993
-0.288135
-0.292091
-0.288105
-0.294753
-0.286912
-0.278914
-0.283127
-0.283963
-0.28571
-0.287795
-0.288041
-0.291793
-0.288169
-0.294339
-0.287025
-0.294361
-0.284743
-0.285668
-0.277628
-0.27333
-0.264498
-0.256464
-0.245583
-0.234166
-0.220587
-0.205836
-0.189492
-0.171762
-0.153438
-0.134049
-0.115572
-0.0969588
-0.0806416
-0.0653829
-0.0527091
-0.0420454
-0.0329927
-0.0264375
-0.019935
-0.0163832
-0.011201
-0.00922779
-0.00505922
-0.00375677
-0.00087915
-0.294601
-0.28488
-0.285769
-0.27775
-0.273432
-0.264615
-0.256578
-0.245704
-0.234288
-0.220711
-0.205959
-0.189613
-0.171878
-0.153551
-0.134155
-0.115672
-0.0970497
-0.080721
-0.0654508
-0.0527617
-0.0420869
-0.0330225
-0.0264627
-0.0199557
-0.0164039
-0.0112173
-0.00924069
-0.00506745
-0.00376307
-0.000886106
-0.295052
-0.285135
-0.285963
-0.277982
-0.273637
-0.26484
-0.256799
-0.245938
-0.234524
-0.220955
-0.206201
-0.189856
-0.172112
-0.153778
-0.134365
-0.115869
-0.0972242
-0.0808733
-0.0655818
-0.0528658
-0.0421726
-0.0330873
-0.0265175
-0.019999
-0.0164439
-0.011248
-0.00926525
-0.00508424
-0.00377633
-0.000900144
-0.295668
-0.285479
-0.286235
-0.278308
-0.273913
-0.265162
-0.257113
-0.246275
-0.234864
-0.221308
-0.206555
-0.190212
-0.172455
-0.154112
-0.134675
-0.116156
-0.0974848
-0.0810975
-0.0657757
-0.0530221
-0.0423035
-0.0331886
-0.026603
-0.0200661
-0.0165038
-0.0112939
-0.00930163
-0.00511006
-0.00379649
-0.000920909
-0.296378
-0.285856
-0.286566
-0.278694
-0.274276
-0.265557
-0.257509
-0.246697
-0.235295
-0.221755
-0.207004
-0.190667
-0.172899
-0.154545
-0.135077
-0.116528
-0.0978232
-0.0813923
-0.0660328
-0.053232
-0.0424813
-0.0333284
-0.0267206
-0.0201587
-0.0165841
-0.011356
-0.00935006
-0.00514553
-0.00382343
-0.000947885
-0.2971
-0.286246
-0.286913
-0.27913
-0.274662
-0.266016
-0.257955
-0.24719
-0.235797
-0.222283
-0.207539
-0.191208
-0.173423
-0.155059
-0.135568
-0.116983
-0.0982383
-0.0817562
-0.0663535
-0.053497
-0.0427078
-0.033509
-0.0268721
-0.0202787
-0.0166856
-0.0114353
-0.00941083
-0.00519135
-0.00385693
-0.000980422
-0.297805
-0.286519
-0.287279
-0.279542
-0.27509
-0.266482
-0.258459
-0.247718
-0.236356
-0.222864
-0.20813
-0.191815
-0.174027
-0.15565
-0.136132
-0.117512
-0.0987265
-0.0821883
-0.0667387
-0.0538192
-0.0429852
-0.0337331
-0.0270593
-0.0204281
-0.0168089
-0.0115333
-0.00948419
-0.00524825
-0.00389671
-0.00101776
-0.298228
-0.286832
-0.287522
-0.27998
-0.275458
-0.266987
-0.258936
-0.24829
-0.236929
-0.223494
-0.20877
-0.192476
-0.174684
-0.156303
-0.136763
-0.118108
-0.0992853
-0.0826874
-0.0671895
-0.0542005
-0.0433157
-0.0340031
-0.0272842
-0.020609
-0.0169549
-0.011651
-0.00957038
-0.00531683
-0.00394241
-0.00105906
-0.298282
-0.2871
-0.287605
-0.28038
-0.275765
-0.26746
-0.25941
-0.248852
-0.237516
-0.224136
-0.209432
-0.193171
-0.175384
-0.157006
-0.137453
-0.118767
-0.0999119
-0.083253
-0.0677067
-0.0546428
-0.0437014
-0.0343213
-0.0275483
-0.0208231
-0.0171242
-0.0117894
-0.00966954
-0.00539757
-0.00399355
-0.00110345
-0.297948
-0.287219
-0.287549
-0.280665
-0.276001
-0.267869
-0.259832
-0.249385
-0.238081
-0.224774
-0.2101
-0.193883
-0.176113
-0.157747
-0.138192
-0.119482
-0.100604
-0.0838844
-0.0682912
-0.0551478
-0.0441437
-0.0346894
-0.0278529
-0.0210716
-0.0173174
-0.0119492
-0.00978169
-0.00549073
-0.00404963
-0.00115006
-0.296935
-0.287192
-0.287266
-0.280806
-0.276095
-0.268183
-0.260181
-0.249861
-0.238602
-0.225384
-0.210753
-0.194595
-0.176857
-0.158516
-0.138975
-0.120249
-0.101358
-0.0845806
-0.0689428
-0.0557161
-0.0446436
-0.0351083
-0.0281986
-0.0213551
-0.0175347
-0.0121308
-0.00990673
-0.00559634
-0.00411008
-0.00119804
-0.295056
-0.286911
-0.286715
-0.280743
-0.276053
-0.26834
-0.260414
-0.250243
-0.239054
-0.225943
-0.211372
-0.195291
-0.177602
-0.159304
-0.139794
-0.121063
-0.102172
-0.0853401
-0.0696607
-0.0563476
-0.0452008
-0.0355781
-0.0285855
-0.0216738
-0.017776
-0.0123342
-0.0100444
-0.00571419
-0.00417433
-0.00124662
-0.292335
-0.286229
-0.285862
-0.280385
-0.275755
-0.268341
-0.260517
-0.250509
-0.239413
-0.226428
-0.211939
-0.195956
-0.178338
-0.1601
-0.140643
-0.12192
-0.103042
-0.0861606
-0.0704431
-0.0570409
-0.0458143
-0.0360979
-0.0290127
-0.0220271
-0.0180409
-0.0125589
-0.0101943
-0.00584384
-0.00424183
-0.00129511
-0.289169
-0.284951
-0.284612
-0.279718
-0.275253
-0.268045
-0.260401
-0.250616
-0.239649
-0.22682
-0.212437
-0.196576
-0.179055
-0.160898
-0.141514
-0.122814
-0.103965
-0.0870389
-0.0712868
-0.0577935
-0.0464817
-0.0366656
-0.0294786
-0.0224135
-0.0183286
-0.012804
-0.010356
-0.00598463
-0.00431206
-0.00134296
-0.285794
-0.283009
-0.282907
-0.278658
-0.274434
-0.267635
-0.260129
-0.250566
-0.239749
-0.227101
-0.212854
-0.19714
-0.179742
-0.16169
-0.142404
-0.123742
-0.104935
-0.0879712
-0.0721877
-0.0586018
-0.0471997
-0.0372784
-0.0299811
-0.0228313
-0.0186379
-0.0130685
-0.0105286
-0.00613576
-0.00438458
-0.00138971
-0.282127
-0.28048
-0.280676
-0.277133
-0.273194
-0.266644
-0.259499
-0.250278
-0.239678
-0.227256
-0.21318
-0.197642
-0.180395
-0.162471
-0.143306
-0.124698
-0.105947
-0.0889524
-0.0731406
-0.059461
-0.0479642
-0.0379328
-0.0305173
-0.023278
-0.0189674
-0.0133507
-0.0107116
-0.00629624
-0.00445897
-0.00143507
-0.278303
-0.277323
-0.277933
-0.275209
-0.271751
-0.265849
-0.258796
-0.249847
-0.239461
-0.227282
-0.213407
-0.198074
-0.181008
-0.163237
-0.144217
-0.12568
-0.106997
-0.0899785
-0.0741408
-0.0603666
-0.0487706
-0.0386245
-0.0310838
-0.0237506
-0.0193152
-0.0136489
-0.0109037
-0.00646494
-0.00453493
-0.00147889
-0.274265
-0.273629
-0.274606
-0.272669
-0.269653
-0.26414
-0.257491
-0.24907
-0.239033
-0.227171
-0.213546
-0.198453
-0.181596
-0.163996
-0.145137
-0.126683
-0.108077
-0.0910389
-0.0751763
-0.0613074
-0.0496093
-0.0393458
-0.0316752
-0.024245
-0.0196791
-0.013961
-0.0111045
-0.00664108
-0.00461239
-0.00152119
-0.270057
-0.269661
-0.27114
-0.270113
-0.267708
-0.262831
-0.256605
-0.248309
-0.238508
-0.226932
-0.213561
-0.19872
-0.182097
-0.164696
-0.146025
-0.127679
-0.109167
-0.0921238
-0.0762461
-0.0622863
-0.050487
-0.0401026
-0.0322976
-0.0247653
-0.0200623
-0.0142892
-0.0113147
-0.0068248
-0.00469139
-0.00156193
-0.2661
-0.264898
-0.266423
-0.266235
-0.264516
-0.260321
-0.254384
-0.246993
-0.23774
-0.226629
-0.21363
-0.199123
-0.182784
-0.165604
-0.147125
-0.128874
-0.11044
-0.0933626
-0.0774365
-0.0633578
-0.0514278
-0.0409051
-0.032947
-0.0253051
-0.020455
-0.0146241
-0.0115274
-0.00700962
-0.00476937
-0.00160024
-0.260934
-0.261174
-0.262915
-0.263355
-0.262129
-0.258542
-0.253421
-0.245712
-0.236603
-0.225704
-0.212913
-0.198615
-0.182491
-0.165506
-0.147232
-0.129139
-0.110861
-0.0938739
-0.0780202
-0.0639538
-0.0520058
-0.0414419
-0.0334095
-0.0257124
-0.0207645
-0.0148968
-0.0117074
-0.00716874
-0.00483801
-0.00163363
-0.255288
-0.256324
-0.258266
-0.259224
-0.258358
-0.255064
-0.249817
-0.243037
-0.234377
-0.223843
-0.211384
-0.197399
-0.181592
-0.164892
-0.146918
-0.129066
-0.111027
-0.0941951
-0.078469
-0.0644575
-0.0525199
-0.0419377
-0.0338407
-0.0261008
-0.021055
-0.0151577
-0.0118748
-0.00731905
-0.00490013
-0.00166265
-0.249372
-0.251026
-0.253221
-0.254742
-0.254352
-0.251558
-0.246985
-0.240389
-0.232033
-0.221841
-0.20971
-0.196044
-0.180568
-0.164169
-0.146514
-0.12892
-0.111139
-0.0944789
-0.0788953
-0.0649513
-0.0530324
-0.0424394
-0.0342791
-0.0265
-0.0213527
-0.0154277
-0.0120463
-0.0074745
-0.00496263
-0.00169078
-0.24321
-0.245506
-0.247982
-0.250042
-0.250145
-0.24786
-0.243668
-0.23752
-0.229537
-0.219714
-0.207939
-0.194616
-0.179492
-0.163413
-0.146095
-0.128772
-0.11126
-0.0947794
-0.0793434
-0.06547
-0.0535703
-0.0429661
-0.0347397
-0.0269197
-0.0216661
-0.0157122
-0.0122267
-0.0076379
-0.00502759
-0.00171895
-0.23675
-0.239795
-0.242568
-0.245124
-0.245722
-0.243926
-0.240159
-0.234456
-0.226874
-0.217445
-0.206053
-0.193096
-0.17835
-0.162612
-0.145648
-0.128613
-0.111382
-0.0950909
-0.0798095
-0.0660112
-0.0541323
-0.0435174
-0.0352226
-0.0273604
-0.0219959
-0.0160115
-0.0124166
-0.00780946
-0.00509536
-0.00174731
-0.230038
-0.233915
-0.237005
-0.240015
-0.241105
-0.239799
-0.236483
-0.23123
-0.224062
-0.215045
-0.204057
-0.191487
-0.177138
-0.161759
-0.145167
-0.128434
-0.111498
-0.0954064
-0.080287
-0.0665693
-0.0547138
-0.0440899
-0.0357252
-0.0278201
-0.0223407
-0.0163245
-0.0126153
-0.00798857
-0.00516582
-0.0017758
-0.223147
-0.227899
-0.231328
-0.234756
-0.236336
-0.235523
-0.232661
-0.227862
-0.221125
-0.212532
-0.201965
-0.189798
-0.175863
-0.16086
-0.144654
-0.128236
-0.111605
-0.0957233
-0.0807726
-0.0671415
-0.055312
-0.0446811
-0.0362455
-0.028297
-0.0226994
-0.0166504
-0.0128223
-0.00817466
-0.00523895
-0.00180443
-0.216131
-0.221771
-0.225566
-0.229382
-0.231444
-0.231126
-0.228719
-0.224376
-0.21808
-0.209923
-0.19979
-0.18804
-0.174533
-0.159918
-0.14411
-0.12802
-0.111702
-0.0960398
-0.0812639
-0.0677249
-0.0559243
-0.0452887
-0.0367816
-0.0287898
-0.0230712
-0.0169882
-0.0130373
-0.00836719
-0.00531483
-0.00183327
-0.209039
-0.215556
-0.219744
-0.223921
-0.226453
-0.226629
-0.224678
-0.220795
-0.214947
-0.207233
-0.197545
-0.186222
-0.173154
-0.158938
-0.143538
-0.127786
-0.111789
-0.0963537
-0.0817579
-0.0683169
-0.056548
-0.0459103
-0.0373317
-0.0292966
-0.0234549
-0.0173368
-0.0132598
-0.00856555
-0.00539347
-0.00186238
-0.201919
-0.209276
-0.21388
-0.218397
-0.221382
-0.222049
-0.220557
-0.217133
-0.211738
-0.204474
-0.19524
-0.184352
-0.171731
-0.157924
-0.142938
-0.127532
-0.111863
-0.0966626
-0.0822517
-0.0689143
-0.05718
-0.0465431
-0.0378934
-0.0298156
-0.0238493
-0.017695
-0.0134892
-0.00876905
-0.0054749
-0.00189179
-0.194817
-0.202958
-0.207995
-0.212834
-0.216251
-0.217403
-0.216373
-0.213406
-0.208468
-0.201658
-0.192884
-0.182438
-0.17027
-0.15688
-0.142313
-0.127261
-0.111923
-0.0969645
-0.0827425
-0.0695141
-0.0578175
-0.0471845
-0.0384646
-0.0303448
-0.0242531
-0.0180615
-0.0137249
-0.00897692
-0.00555908
-0.00192155
-0.187778
-0.196627
-0.20211
-0.207256
-0.21108
-0.212708
-0.21214
-0.209627
-0.205148
-0.198795
-0.190485
-0.180487
-0.168776
-0.155808
-0.141664
-0.126972
-0.111967
-0.0972575
-0.0832276
-0.0701136
-0.0584575
-0.0478317
-0.039043
-0.030882
-0.0246648
-0.018435
-0.0139663
-0.00918836
-0.00564596
-0.00195166
-0.180845
-0.190314
-0.196247
-0.201688
-0.20589
-0.20798
-0.207872
-0.205812
-0.201791
-0.195895
-0.188053
-0.178506
-0.167254
-0.154712
-0.140993
-0.126665
-0.111996
-0.0975396
-0.0837046
-0.0707099
-0.0590973
-0.0484821
-0.0396262
-0.0314252
-0.0250829
-0.0188139
-0.0142125
-0.00940251
-0.00573542
-0.00198211
-0.174059
-0.184049
-0.190427
-0.196153
-0.200704
-0.203236
-0.203586
-0.201974
-0.198408
-0.19297
-0.185595
-0.1765
-0.165709
-0.153596
-0.140301
-0.12634
-0.112008
-0.0978094
-0.0841712
-0.0713004
-0.059734
-0.0491327
-0.0402118
-0.031972
-0.0255058
-0.0191968
-0.0144627
-0.00961845
-0.00582731
-0.00201286
-0.167456
-0.177863
-0.184673
-0.190675
-0.195544
-0.198497
-0.199297
-0.198127
-0.195013
-0.190029
-0.18312
-0.174479
-0.164146
-0.152463
-0.139591
-0.125999
-0.112003
-0.0980654
-0.0846252
-0.0718824
-0.0603649
-0.0497809
-0.0407973
-0.0325202
-0.0259319
-0.0195818
-0.0147159
-0.00983523
-0.0059214
-0.00204383
-0.161069
-0.171789
-0.179009
-0.185278
-0.190437
-0.193784
-0.195023
-0.19429
-0.191619
-0.187085
-0.180638
-0.172449
-0.162572
-0.151318
-0.138865
-0.125644
-0.111981
-0.0983064
-0.0850646
-0.0724533
-0.0609873
-0.0504236
-0.0413801
-0.0330672
-0.0263591
-0.0199673
-0.0149712
-0.0100518
-0.00601739
-0.0020749
-0.154926
-0.165861
-0.17346
-0.179987
-0.185408
-0.189121
-0.190784
-0.190478
-0.188244
-0.184152
-0.178162
-0.17042
-0.160994
-0.150166
-0.138128
-0.125274
-0.111942
-0.0985312
-0.0854876
-0.0730104
-0.0615982
-0.0510579
-0.0419576
-0.0336104
-0.0267855
-0.0203513
-0.0152274
-0.0102671
-0.00611493
-0.00210593
-0.149053
-0.160112
-0.168053
-0.174825
-0.180487
-0.184533
-0.186601
-0.186712
-0.184903
-0.181245
-0.175702
-0.168401
-0.159419
-0.149012
-0.137382
-0.124893
-0.111886
-0.0987389
-0.0858923
-0.0735512
-0.0621947
-0.0516805
-0.0425267
-0.0341468
-0.027209
-0.0207318
-0.0154832
-0.0104798
-0.00621354
-0.00213676
-0.143475
-0.154578
-0.162818
-0.16982
-0.175702
-0.180051
-0.1825
-0.183013
-0.181618
-0.17838
-0.173274
-0.166406
-0.157857
-0.147864
-0.136632
-0.124503
-0.111815
-0.0989288
-0.086277
-0.0740727
-0.0627738
-0.0522879
-0.0430843
-0.0346735
-0.0276269
-0.0211063
-0.015737
-0.0106887
-0.00631266
-0.00216718
-0.138216
-0.149292
-0.157786
-0.165
-0.171084
-0.175705
-0.178507
-0.179406
-0.178409
-0.175578
-0.170893
-0.164447
-0.156319
-0.14673
-0.135886
-0.124108
-0.11173
-0.0991005
-0.0866399
-0.0745722
-0.0633321
-0.0528764
-0.0436269
-0.0351868
-0.0280365
-0.0214725
-0.0159872
-0.0108924
-0.00641161
-0.00219699
-0.133296
-0.144287
-0.152988
-0.160397
-0.166665
-0.171528
-0.174653
-0.175917
-0.175301
-0.17286
-0.16858
-0.162539
-0.154817
-0.145619
-0.135148
-0.123711
-0.111633
-0.0992536
-0.0869793
-0.0750467
-0.0638661
-0.0534419
-0.0441506
-0.035683
-0.0284347
-0.0218273
-0.0162319
-0.0110893
-0.00650954
-0.00222594
-0.128736
-0.139597
-0.148459
-0.156041
-0.162477
-0.167556
-0.170972
-0.172575
-0.172321
-0.17025
-0.166353
-0.1607
-0.153365
-0.144541
-0.134427
-0.123316
-0.111526
-0.0993882
-0.0872938
-0.075493
-0.0643721
-0.05398
-0.0446511
-0.0361578
-0.028818
-0.0221678
-0.0164688
-0.0112778
-0.00660547
-0.00225376
-0.124557
-0.135254
-0.144234
-0.151969
-0.158557
-0.163825
-0.167499
-0.169414
-0.169497
-0.167774
-0.164237
-0.158949
-0.151979
-0.143509
-0.133731
-0.122931
-0.111412
-0.0995046
-0.0875816
-0.075908
-0.064846
-0.0544859
-0.0451239
-0.0366067
-0.0291825
-0.0224903
-0.0166953
-0.011456
-0.0066982
-0.00228016
-0.12078
-0.131292
-0.14035
-0.148217
-0.15494
-0.160374
-0.164274
-0.166469
-0.166862
-0.165462
-0.162257
-0.157308
-0.150676
-0.142536
-0.133071
-0.122561
-0.111295
-0.0996033
-0.0878412
-0.0762882
-0.0652833
-0.0549545
-0.0455637
-0.0370246
-0.0295238
-0.0227912
-0.0169086
-0.0116219
-0.00678634
-0.00230481
-0.117427
-0.127746
-0.136847
-0.144825
-0.151669
-0.157247
-0.161341
-0.163781
-0.164453
-0.163345
-0.160443
-0.155801
-0.149477
-0.141638
-0.132459
-0.122213
-0.111178
-0.099685
-0.088071
-0.0766298
-0.065679
-0.0553799
-0.0459649
-0.0374057
-0.0298368
-0.0230662
-0.0171053
-0.0117735
-0.00686832
-0.00232735
-0.114524
-0.124653
-0.13377
-0.141839
-0.148788
-0.154489
-0.158745
-0.161395
-0.16231
-0.161461
-0.158825
-0.154455
-0.148405
-0.140832
-0.131907
-0.121896
-0.111067
-0.0997509
-0.0882694
-0.0769288
-0.0660277
-0.0557558
-0.0463209
-0.0377439
-0.0301162
-0.0233107
-0.0172817
-0.0119081
-0.00694236
-0.00234736
-0.112103
-0.122058
-0.13117
-0.139309
-0.146348
-0.15215
-0.156538
-0.15936
-0.160479
-0.15985
-0.157441
-0.153302
-0.147483
-0.140139
-0.131429
-0.121619
-0.110966
-0.0998021
-0.0884344
-0.0771808
-0.0663231
-0.0560751
-0.0466245
-0.0380323
-0.0303555
-0.0235197
-0.0174335
-0.012023
-0.00700647
-0.00236439
-0.110194
-0.120006
-0.129102
-0.137292
-0.144403
-0.150286
-0.154776
-0.15773
-0.15901
-0.158556
-0.156329
-0.152374
-0.146741
-0.139579
-0.131042
-0.121394
-0.110882
-0.0998397
-0.0885636
-0.0773804
-0.0665584
-0.0563299
-0.0468676
-0.038263
-0.0305478
-0.0236872
-0.0175559
-0.012115
-0.00705844
-0.00237792
-0.10886
-0.118564
-0.127642
-0.135864
-0.143025
-0.148966
-0.153525
-0.15657
-0.157962
-0.157633
-0.155535
-0.151711
-0.146209
-0.139178
-0.130764
-0.121231
-0.110819
-0.0998646
-0.0886542
-0.0775216
-0.0667254
-0.0565109
-0.0470408
-0.0384272
-0.0306852
-0.0238067
-0.0176436
-0.0121806
-0.00709586
-0.00238737
-0.108131
-0.117787
-0.126855
-0.135095
-0.142285
-0.148258
-0.152855
-0.155948
-0.1574
-0.157138
-0.155109
-0.151355
-0.145924
-0.138962
-0.130615
-0.121143
-0.110785
-0.0998774
-0.0887024
-0.077597
-0.0668149
-0.0566077
-0.0471336
-0.038515
-0.0307589
-0.0238706
-0.0176907
-0.0122155
-0.00711614
-0.00239206
-0.0986047
-0.108062
-0.117338
-0.126415
-0.135283
-0.143942
-0.152399
-0.160661
-0.168739
-0.176638
-0.184371
-0.191943
-0.199364
-0.206638
-0.213754
-0.220746
-0.227448
-0.23428
-0.240278
-0.248192
-0.0954191
-0.104563
-0.113528
-0.122309
-0.130905
-0.139317
-0.147551
-0.155611
-0.163504
-0.171235
-0.178809
-0.186232
-0.193504
-0.200642
-0.207591
-0.214508
-0.221014
-0.228043
-0.23394
-0.242186
-0.0923291
-0.101114
-0.109728
-0.118174
-0.126452
-0.134564
-0.142511
-0.150298
-0.157927
-0.165403
-0.172727
-0.179912
-0.186941
-0.193874
-0.200596
-0.207406
-0.213758
-0.220801
-0.226757
-0.234715
-0.089309
-0.0977602
-0.106062
-0.114216
-0.122221
-0.130078
-0.137788
-0.145354
-0.152778
-0.160066
-0.167214
-0.174246
-0.181128
-0.187959
-0.194567
-0.201329
-0.207617
-0.214524
-0.220544
-0.227942
-0.0863872
-0.0945197
-0.102521
-0.110393
-0.118134
-0.125745
-0.133227
-0.140583
-0.147815
-0.154931
-0.161922
-0.168824
-0.175578
-0.182317
-0.188819
-0.19548
-0.20168
-0.208343
-0.214347
-0.221261
-0.0835707
-0.091389
-0.0990908
-0.106678
-0.114148
-0.121504
-0.128746
-0.135879
-0.142898
-0.14982
-0.156624
-0.163356
-0.169942
-0.176523
-0.182869
-0.189344
-0.195435
-0.201836
-0.207833
-0.214429
-0.080855
-0.0883636
-0.0957679
-0.10307
-0.11027
-0.117369
-0.124364
-0.131263
-0.138059
-0.144768
-0.151364
-0.1579
-0.164294
-0.17068
-0.176864
-0.183131
-0.189128
-0.195298
-0.201267
-0.207614
-0.0782398
-0.0854448
-0.0925567
-0.099579
-0.10651
-0.113351
-0.1201
-0.126763
-0.13333
-0.139821
-0.146207
-0.152537
-0.158741
-0.164928
-0.170957
-0.177019
-0.182904
-0.188852
-0.194718
-0.200829
-0.0757259
-0.0826346
-0.0894604
-0.0962068
-0.102872
-0.109458
-0.11596
-0.122385
-0.128724
-0.134992
-0.141167
-0.147287
-0.1533
-0.159281
-0.165142
-0.170991
-0.176725
-0.18245
-0.188164
-0.194052
-0.073314
-0.079934
-0.0864803
-0.092956
-0.0993597
-0.105692
-0.111949
-0.118136
-0.124245
-0.130288
-0.136248
-0.142151
-0.147965
-0.153732
-0.159407
-0.165039
-0.170597
-0.17611
-0.181652
-0.18732
-0.071004
-0.0773439
-0.0836179
-0.0898288
-0.0959753
-0.102057
-0.108072
-0.114021
-0.1199
-0.125717
-0.131459
-0.137143
-0.14275
-0.148301
-0.15378
-0.1592
-0.16457
-0.169875
-0.175228
-0.180672
-0.0687954
-0.074864
-0.0808738
-0.0868269
-0.092722
-0.0985583
-0.104333
-0.110048
-0.115699
-0.121289
-0.126813
-0.132277
-0.137675
-0.143012
-0.148289
-0.153499
-0.15867
-0.163766
-0.168918
-0.174138
-0.066689
-0.0724958
-0.0782498
-0.0839524
-0.0896025
-0.0951988
-0.100739
-0.106223
-0.111648
-0.117014
-0.12232
-0.127567
-0.132754
-0.137878
-0.142948
-0.147949
-0.152915
-0.157804
-0.162747
-0.167748
-0.0646832
-0.0702388
-0.0757462
-0.0812065
-0.0866189
-0.0919818
-0.0972929
-0.102551
-0.107754
-0.112901
-0.117991
-0.123023
-0.127999
-0.132912
-0.137775
-0.142567
-0.147327
-0.152011
-0.156741
-0.161523
-0.0627767
-0.0680927
-0.073363
-0.0785899
-0.0837729
-0.08891
-0.0939986
-0.0990367
-0.104023
-0.108955
-0.113834
-0.118655
-0.123423
-0.128128
-0.132785
-0.137373
-0.141927
-0.146406
-0.150924
-0.155488
-0.0609739
-0.0660593
-0.0711023
-0.076105
-0.0810671
-0.0859863
-0.0908599
-0.0956853
-0.100461
-0.105185
-0.109857
-0.114473
-0.119037
-0.12354
-0.127994
-0.132381
-0.136731
-0.14101
-0.145318
-0.149665
-0.0592748
-0.0641393
-0.068965
-0.0737533
-0.0785036
-0.0832135
-0.0878802
-0.0925009
-0.0970739
-0.101597
-0.106068
-0.110486
-0.114851
-0.119158
-0.123414
-0.127606
-0.131758
-0.135841
-0.139943
-0.144077
-0.0576759
-0.0623305
-0.0669498
-0.0715342
-0.0760828
-0.0805931
-0.0850621
-0.0894868
-0.0938654
-0.098195
-0.102475
-0.106701
-0.110876
-0.114993
-0.11906
-0.123062
-0.127023
-0.130917
-0.13482
-0.138747
-0.0561797
-0.0606357
-0.0650594
-0.0694505
-0.0738076
-0.0781281
-0.0824091
-0.0866474
-0.0908407
-0.0949863
-0.0990829
-0.103127
-0.10712
-0.111056
-0.114941
-0.118763
-0.122541
-0.126254
-0.129967
-0.133694
-0.0547852
-0.0590544
-0.0632939
-0.0675027
-0.0716792
-0.0758207
-0.079924
-0.083986
-0.0880042
-0.0919757
-0.095899
-0.0997709
-0.103592
-0.107356
-0.111069
-0.114721
-0.118326
-0.121867
-0.1254
-0.128939
-0.0534935
-0.0575878
-0.0616548
-0.0656928
-0.0697
-0.0736735
-0.0776102
-0.0815068
-0.0853606
-0.0891687
-0.0929293
-0.0966395
-0.100299
-0.103903
-0.107455
-0.110946
-0.11439
-0.11777
-0.121136
-0.124497
-0.0523056
-0.0562375
-0.060144
-0.0640232
-0.0678729
-0.0716901
-0.0754717
-0.0792143
-0.0829152
-0.0865713
-0.0901808
-0.0937407
-0.09725
-0.100705
-0.104108
-0.107452
-0.110746
-0.113978
-0.117188
-0.120386
-0.0512232
-0.0550054
-0.058764
-0.0624966
-0.0662009
-0.069874
-0.0735125
-0.0771133
-0.0806733
-0.0841896
-0.0876601
-0.091082
-0.094454
-0.0977728
-0.101039
-0.104248
-0.107406
-0.110504
-0.113572
-0.116622
-0.0502496
-0.0538953
-0.0575189
-0.0611178
-0.0646895
-0.0682312
-0.0717394
-0.075211
-0.0786429
-0.0820323
-0.0853769
-0.0886738
-0.0919218
-0.0951176
-0.0982615
-0.101349
-0.104385
-0.107363
-0.110305
-0.113222
-0.0493871
-0.0529097
-0.0564116
-0.0598899
-0.0633423
-0.0667657
-0.0701569
-0.0735126
-0.0768299
-0.0801059
-0.0833383
-0.0865244
-0.0896626
-0.09275
-0.0957863
-0.0987678
-0.101698
-0.10457
-0.107404
-0.110205
-0.0486443
-0.0520585
-0.0554531
-0.0588252
-0.0621722
-0.0654913
-0.0687794
-0.0720332
-0.07525
-0.0784268
-0.0815613
-0.084651
-0.087694
-0.0906879
-0.0936319
-0.0965228
-0.0993625
-0.102147
-0.104888
-0.107592
-0.0480199
-0.0513397
-0.054641
-0.0579211
-0.0611776
-0.0644076
-0.0676079
-0.0707755
-0.0739075
-0.0770012
-0.0800543
-0.0830644
-0.0860295
-0.0889473
-0.0918167
-0.0946351
-0.0974031
-0.100118
-0.102787
-0.105413
-0.047541
-0.0507841
-0.0540089
-0.0572127
-0.0603933
-0.0635481
-0.0666745
-0.0697697
-0.0728309
-0.0758556
-0.0788416
-0.0817866
-0.0846887
-0.087546
-0.0903571
-0.0931198
-0.0958341
-0.0984976
-0.101115
-0.103687
-0.0471843
-0.0503663
-0.0535321
-0.0566794
-0.0598055
-0.0629077
-0.0659829
-0.0690285
-0.0720419
-0.0750206
-0.0779625
-0.0808655
-0.0837276
-0.086547
-0.0893221
-0.092051
-0.0947331
-0.0973664
-0.0999526
-0.102492
-0.0470254
-0.0501614
-0.0532795
-0.0563776
-0.0594548
-0.0625094
-0.0655395
-0.0685425
-0.0715163
-0.0744587
-0.0773678
-0.0802418
-0.083079
-0.0858778
-0.0886369
-0.0913547
-0.0940304
-0.0966624
-0.0992515
-0.101797
0.12322
0.112165
0.101027
0.0900114
0.0785386
0.066839
0.0551094
0.0433738
0.031646
0.0199617
0.00836505
-0.00311196
-0.0144408
-0.0255909
-0.0365351
-0.0473242
-0.0583208
-0.0688908
-0.0790582
-0.0889501
0.118514
0.106987
0.0954145
0.0846695
0.0736242
0.0623638
0.0511276
0.0399221
0.0287387
0.0176069
0.00655991
-0.00437929
-0.0151922
-0.0258744
-0.0364377
-0.0468634
-0.0568868
-0.0668402
-0.0765801
-0.0860943
0.112772
0.101468
0.0898968
0.0795879
0.0691306
0.0583792
0.0476433
0.0369637
0.0263122
0.0157086
0.005185
-0.00523337
-0.0155267
-0.0256806
-0.0356837
-0.0455095
-0.0552213
-0.0648265
-0.0742114
-0.0833672
0.106709
0.0959566
0.0845312
0.0745746
0.0646689
0.0544218
0.0441667
0.033999
0.0238747
0.0137949
0.00378889
-0.00611889
-0.0159123
-0.0255854
-0.0351344
-0.044545
-0.0537689
-0.062915
-0.0719033
-0.080697
0.100572
0.090438
0.0792955
0.0696835
0.0603244
0.0506108
0.0408391
0.0311661
0.0215517
0.0119769
0.00246618
-0.00695361
-0.0162674
-0.0254702
-0.0345552
-0.0435093
-0.0523218
-0.061065
-0.0696738
-0.0781122
0.0944715
0.0849589
0.0742109
0.0649473
0.0560995
0.0469192
0.0376268
0.0284284
0.0193046
0.0102201
0.00118952
-0.00775899
-0.0166105
-0.0253626
-0.0340105
-0.0425458
-0.0509547
-0.0593007
-0.0675354
-0.0756251
0.0884694
0.0795545
0.0692777
0.0603774
0.052007
0.0433521
0.0345391
0.0258003
0.0171469
0.0085352
-3.23475e-05
-0.00852847
-0.0169375
-0.0252578
-0.033486
-0.0416158
-0.0496394
-0.0576081
-0.0654823
-0.0732322
0.0826149
0.0742681
0.0645083
0.0559865
0.048062
0.039913
0.0315743
0.0232809
0.0150763
0.00691775
-0.00120408
-0.00926609
-0.0172519
-0.0251594
-0.0329869
-0.04073
-0.0483833
-0.055989
-0.0635141
-0.0709327
0.0769451
0.0691336
0.0599111
0.0517787
0.0442731
0.0366052
0.0287312
0.0208708
0.0130946
0.00536847
-0.00232593
-0.00997204
-0.0175537
-0.0250675
-0.0325123
-0.0398854
-0.0471833
-0.0544408
-0.0616294
-0.0687264
0.0714843
0.0641752
0.055494
0.0477567
0.040647
0.0334329
0.0260096
0.0185694
0.0112022
0.00388701
-0.00339936
-0.0106479
-0.0178441
-0.0249828
-0.0320629
-0.0390824
-0.0460392
-0.0529629
-0.0598274
-0.0666132
0.0662483
0.0594103
0.0512635
0.0439218
0.0371878
0.0303997
0.0234089
0.016375
0.00939862
0.00247321
-0.00442525
-0.0112949
-0.0181238
-0.0249056
-0.0316383
-0.0383206
-0.0449511
-0.0515548
-0.0581077
-0.0645928
0.061248
0.0548509
0.0472246
0.0402746
0.0338978
0.027508
0.0209292
0.0142863
0.00768312
0.00112675
-0.00540433
-0.011914
-0.0183936
-0.024836
-0.0312379
-0.0375976
-0.043915
-0.0502135
-0.0564681
-0.0626638
0.056491
0.0505056
0.043381
0.0368152
0.0307779
0.0247597
0.0185703
0.0123015
0.00605432
-0.000152923
-0.00633705
-0.0125057
-0.0186539
-0.0247746
-0.0308639
-0.0369196
-0.0429414
-0.0489462
-0.0549117
-0.0608273
0.0519822
0.0463803
0.0397348
0.0335427
0.027828
0.0221557
0.016332
0.0104192
0.00451063
-0.00136684
-0.00722433
-0.0130713
-0.0189054
-0.0247194
-0.0305069
-0.0362642
-0.0419939
-0.0477301
-0.0534276
-0.0590788
0.0477243
0.0424783
0.0362869
0.0304557
0.0250473
0.0196962
0.0142141
0.00863798
0.00305062
-0.00251569
-0.00806638
-0.0136113
-0.0191514
-0.0246818
-0.0301981
-0.0356967
-0.0411701
-0.0465907
-0.0520107
-0.0574134
0.0437184
0.0388016
0.0330375
0.0275524
0.0224341
0.0173809
0.0122162
0.0069566
0.00167281
-0.00360034
-0.00886295
-0.0141237
-0.0193845
-0.0246408
-0.0298863
-0.0351158
-0.0403236
-0.0455046
-0.0506825
-0.0558452
0.0399643
0.035351
0.029986
0.0248306
0.0199866
0.0152092
0.0103379
0.00537408
0.000375903
-0.00462169
-0.00961445
-0.014609
-0.0196081
-0.024608
-0.029603
-0.0345874
-0.0395559
-0.0445016
-0.0494431
-0.0543726
0.036461
0.0321261
0.0271316
0.0222878
0.0177022
0.0131797
0.00857865
0.00388949
-0.00084137
-0.00558084
-0.0103214
-0.0150675
-0.0198214
-0.0245802
-0.0293385
-0.0340903
-0.0388309
-0.0435556
-0.048277
-0.0529882
0.0332068
0.0291262
0.024473
0.0199216
0.0155785
0.0112911
0.00693768
0.00250203
-0.00198015
-0.00647891
-0.0109847
-0.0154995
-0.0200251
-0.0245592
-0.0290965
-0.0336315
-0.0381593
-0.0426754
-0.0471891
-0.0516943
0.0301998
0.0263502
0.022009
0.0177298
0.0136129
0.00954173
0.00541421
0.001211
-0.0030414
-0.00731692
-0.011605
-0.0159055
-0.0202195
-0.0245446
-0.0288761
-0.0332087
-0.0375374
-0.0418582
-0.0461775
-0.0504899
0.0274381
0.0237971
0.0197388
0.0157103
0.011803
0.00792984
0.00400742
1.58335e-05
-0.00402588
-0.00809574
-0.0121831
-0.0162861
-0.0204048
-0.0245367
-0.0286777
-0.0328225
-0.0369663
-0.0411051
-0.0452431
-0.0493756
0.0249206
0.0214661
0.0176617
0.0138619
0.0101471
0.00645401
0.00271659
-0.00108388
-0.00493408
-0.00881604
-0.0127196
-0.0166417
-0.0205813
-0.024536
-0.0285017
-0.0324734
-0.0364463
-0.0404165
-0.0443866
-0.0483524
0.0226467
0.0193571
0.0157778
0.012184
0.00864392
0.00511316
0.00154121
-0.00208827
-0.00576618
-0.00947815
-0.0132149
-0.0169726
-0.0207494
-0.0245425
-0.0283481
-0.0321613
-0.0359776
-0.0397931
-0.0436091
-0.0474217
0.0206173
0.0174712
0.0140886
0.0106772
0.0072932
0.00390694
0.000481208
-0.00299723
-0.00652221
-0.0100825
-0.0136698
-0.01728
-0.0209104
-0.0245581
-0.0282193
-0.0318893
-0.0355636
-0.0392383
-0.0429135
-0.0465863
0.0188354
0.0158111
0.0125966
0.00934347
0.00609608
0.00283611
-0.000462491
-0.0038096
-0.00720094
-0.0106278
-0.014083
-0.0175623
-0.0210625
-0.0245806
-0.0281126
-0.0316544
-0.0352016
-0.0387504
-0.0423003
-0.0458481
0.0173062
0.0143819
0.0113066
0.00818636
0.00505481
0.00190185
-0.00128942
-0.00452567
-0.0078037
-0.0111168
-0.0144588
-0.0178256
-0.0212137
-0.0246197
-0.0280398
-0.0314697
-0.0349051
-0.038342
-0.0417794
-0.0452154
0.016039
0.013192
0.0102269
0.0072135
0.00417627
0.00111095
-0.00199225
-0.00513708
-0.00832091
-0.0115385
-0.0147847
-0.0180555
-0.0213474
-0.0246571
-0.0279807
-0.0313147
-0.034655
-0.0379984
-0.0413428
-0.0446854
0.0150464
0.0122522
0.00936573
0.00642963
0.00346096
0.000459255
-0.00257992
-0.00565786
-0.00877206
-0.0119182
-0.015092
-0.0182895
-0.0215071
-0.0247413
-0.0279882
-0.031244
-0.0345043
-0.0377654
-0.0410257
-0.0442857
0.0143523
0.0115876
0.00875051
0.00586558
0.00294434
-1.1683e-05
-0.0030037
-0.00603152
-0.00909282
-0.0121841
-0.0153017
-0.0184422
-0.021602
-0.024778
-0.0279667
-0.0311648
-0.034369
-0.0375762
-0.0407838
-0.0439884
0.0139734
0.011204
0.00837061
0.00548961
0.00257134
-0.00038048
-0.00336483
-0.00638041
-0.00942479
-0.0124947
-0.0155868
-0.0186977
-0.021824
-0.0249626
-0.0281101
-0.0312632
-0.0344184
-0.0375726
-0.0407249
-0.0438771
0.132705
0.13414
0.136324
0.13938
0.142683
0.146359
0.149668
0.152817
0.154873
0.156266
0.155768
0.154231
0.149962
0.144319
0.133851
0.13177
0.133097
0.135105
0.137899
0.140866
0.144114
0.146924
0.149476
0.150893
0.151524
0.150311
0.147886
0.143013
0.136372
0.127282
0.130767
0.131979
0.133799
0.136314
0.138928
0.141731
0.144031
0.145981
0.146772
0.146682
0.144836
0.141652
0.136372
0.129276
0.12072
0.12969
0.130782
0.132403
0.134625
0.136872
0.13921
0.140991
0.142324
0.142497
0.141696
0.139254
0.135381
0.12974
0.122335
0.113908
0.128536
0.129503
0.130918
0.132833
0.134703
0.136566
0.137825
0.13854
0.13811
0.136622
0.13362
0.129146
0.123166
0.115573
0.107222
0.127304
0.128141
0.129341
0.130939
0.132425
0.133803
0.134542
0.134645
0.133632
0.131498
0.127973
0.122994
0.116715
0.109033
0.100776
0.125989
0.126691
0.127672
0.128942
0.130038
0.130925
0.131148
0.130652
0.129078
0.126345
0.122338
0.116943
0.110414
0.102704
0.0945566
0.124591
0.125153
0.125907
0.126841
0.127543
0.127938
0.12765
0.126574
0.124462
0.121182
0.116737
0.111
0.104275
0.0965709
0.088546
0.123107
0.123525
0.124048
0.12464
0.124944
0.124849
0.12406
0.122427
0.119804
0.11603
0.111192
0.10518
0.0983073
0.0906335
0.0827462
0.121537
0.121806
0.122095
0.122339
0.122246
0.121668
0.120388
0.118228
0.115123
0.11091
0.105725
0.099493
0.0925224
0.0849007
0.0771651
0.11988
0.119999
0.12005
0.119945
0.119456
0.118405
0.11665
0.113994
0.110441
0.10584
0.100358
0.0939552
0.0869302
0.0793829
0.0718108
0.118138
0.118103
0.117915
0.117463
0.116581
0.115073
0.112859
0.109744
0.10578
0.10084
0.0951106
0.0885807
0.08154
0.0740891
0.06669
0.116313
0.116124
0.115696
0.114901
0.113632
0.111685
0.109035
0.105498
0.101162
0.0959293
0.0899996
0.0833836
0.0763609
0.0690268
0.0618088
0.114408
0.114065
0.113399
0.112267
0.110621
0.108258
0.105196
0.101274
0.0966067
0.0911281
0.085042
0.0783773
0.0714014
0.0642024
0.0571721
0.11243
0.111935
0.111031
0.109574
0.107563
0.104807
0.101362
0.0970937
0.0921369
0.0864551
0.0802535
0.0735738
0.0666695
0.0596208
0.0527834
0.110385
0.109742
0.108605
0.106835
0.104474
0.101352
0.0975536
0.0929781
0.087773
0.0819286
0.0756486
0.068984
0.0621723
0.0552861
0.0486449
0.108283
0.107497
0.106132
0.104065
0.101371
0.0979121
0.0937934
0.0889488
0.0835352
0.0775663
0.0712411
0.0646178
0.0579159
0.0512014
0.0447576
0.106136
0.105214
0.103628
0.101282
0.0982765
0.0945093
0.090104
0.0850278
0.0794436
0.0733851
0.0670442
0.0604841
0.0539059
0.0473688
0.0411216
0.103959
0.10291
0.101112
0.0985044
0.0952114
0.0911667
0.0865092
0.0812375
0.0755181
0.0694012
0.0630702
0.0565913
0.0501468
0.04379
0.0377368
0.101771
0.100603
0.0986054
0.0957563
0.0922005
0.087909
0.0830333
0.0776003
0.0717781
0.0656305
0.0593309
0.0529471
0.0466431
0.0404666
0.0346026
0.0995924
0.0983152
0.0961316
0.0930625
0.0892703
0.0847627
0.0797016
0.0741393
0.0682433
0.0620887
0.0558378
0.0495591
0.043399
0.0373998
0.0317184
0.0974482
0.0960728
0.0937182
0.0904509
0.0864495
0.0817558
0.0765406
0.0708779
0.0649337
0.0587916
0.0526027
0.0464353
0.0404191
0.0345918
0.0290845
0.0953673
0.0939048
0.091396
0.0879528
0.0837692
0.0789184
0.0735781
0.0678408
0.06187
0.0557555
0.0496379
0.0435842
0.0377089
0.0320453
0.0267016
0.0933828
0.0918442
0.0891992
0.0856025
0.0812633
0.0762825
0.0708434
0.0650538
0.059074
0.0529982
0.046957
0.0410156
0.035275
0.0297645
0.0245724
0.091532
0.0899283
0.0871656
0.0834378
0.0789685
0.073883
0.0683685
0.062545
0.0565696
0.0505393
0.0445755
0.0387415
0.0331262
0.0277558
0.0227009
0.0898567
0.0881987
0.0853372
0.0815005
0.0769254
0.0717577
0.0661878
0.0603452
0.0543832
0.048401
0.0425117
0.0367766
0.0312744
0.0260283
0.0210946
0.0884035
0.0867018
0.0837604
0.0798366
0.0751785
0.0699488
0.0643402
0.058489
0.0525455
0.0466096
0.0407879
0.0351396
0.0297349
0.0245949
0.0197639
0.087224
0.085489
0.0824865
0.0784966
0.0737771
0.0685034
0.0628694
0.0570166
0.0510923
0.045197
0.0394318
0.0338546
0.0285288
0.0234738
0.0187246
0.0863749
0.0846167
0.081572
0.0775373
0.0727767
0.0674747
0.0618258
0.0559748
0.0500667
0.0442022
0.0384786
0.0329529
0.0276835
0.0226894
0.0179995
0.0859179
0.0841476
0.0810799
0.0770218
0.0722399
0.066924
0.061268
0.0554195
0.0495209
0.043674
0.0379733
0.0324757
0.0272367
0.022275
0.0176151
0.14487
0.147023
0.150445
0.155517
0.161579
0.168905
0.177057
0.186181
0.195988
0.206574
0.217671
0.229342
0.241309
0.253648
0.266048
0.144803
0.146952
0.150368
0.15543
0.161478
0.168787
0.176911
0.186007
0.195773
0.206315
0.217353
0.228961
0.240847
0.253102
0.265387
0.14467
0.14681
0.150214
0.155256
0.161277
0.168553
0.176621
0.18566
0.195345
0.205799
0.216718
0.228199
0.239922
0.25201
0.264063
0.144471
0.146599
0.149984
0.154997
0.160973
0.1682
0.176186
0.185141
0.194705
0.205027
0.215769
0.22706
0.238536
0.250369
0.262074
0.144206
0.146319
0.149678
0.154654
0.160576
0.167735
0.17561
0.184454
0.193855
0.204004
0.214508
0.225545
0.236689
0.248179
0.259418
0.143877
0.145971
0.149299
0.154226
0.160074
0.167151
0.174895
0.183601
0.1928
0.202733
0.212938
0.223659
0.234384
0.245444
0.256097
0.143486
0.145557
0.148849
0.15372
0.159494
0.16646
0.174043
0.182584
0.191542
0.201217
0.211063
0.221405
0.231625
0.242167
0.252118
0.143034
0.145079
0.148328
0.153132
0.158787
0.16565
0.173059
0.181408
0.190085
0.199461
0.208888
0.21879
0.228417
0.238357
0.247488
0.142523
0.144538
0.147741
0.152478
0.158054
0.164733
0.171945
0.180076
0.188433
0.19747
0.206416
0.215819
0.224766
0.234021
0.242218
0.141954
0.143938
0.147088
0.151738
0.157171
0.163709
0.170708
0.178591
0.186592
0.195248
0.203653
0.212499
0.220679
0.229173
0.236325
0.14133
0.143279
0.146373
0.150933
0.156238
0.16259
0.169351
0.176956
0.184567
0.192801
0.200606
0.20884
0.216166
0.223824
0.229825
0.140654
0.142566
0.145599
0.150043
0.155206
0.16137
0.167877
0.175176
0.182365
0.190133
0.197281
0.20485
0.211235
0.217993
0.222738
0.139928
0.1418
0.14477
0.149109
0.1541
0.160058
0.166293
0.173255
0.17999
0.187248
0.193687
0.200536
0.205896
0.211696
0.215086
0.139154
0.140985
0.143893
0.148104
0.152915
0.158656
0.164603
0.171197
0.177452
0.184152
0.189834
0.195907
0.20016
0.204954
0.206889
0.138335
0.140125
0.142938
0.147024
0.151665
0.15717
0.16281
0.169007
0.174755
0.180847
0.185732
0.190968
0.19404
0.197787
0.198165
0.137474
0.139226
0.141984
0.145891
0.15035
0.155604
0.16092
0.166692
0.171909
0.177342
0.181397
0.185725
0.187555
0.190213
0.188923
0.136574
0.138272
0.140929
0.144705
0.148973
0.153961
0.158933
0.164251
0.168909
0.173633
0.176833
0.180173
0.180728
0.182243
0.179172
0.135639
0.137299
0.139851
0.143474
0.147541
0.152254
0.156869
0.161717
0.165791
0.169758
0.17207
0.174323
0.173579
0.173853
0.168892
0.134666
0.136274
0.138726
0.142191
0.146038
0.150446
0.154671
0.159005
0.16246
0.165637
0.16706
0.168156
0.166179
0.165017
0.158094
0.133673
0.135219
0.137585
0.140916
0.144572
0.148722
0.152586
0.156441
0.15925
0.161576
0.161975
0.161782
0.158419
0.155629
0.146722
0.133673
0.135219
0.137585
0.140916
0.144572
0.148722
0.152586
0.156441
0.15925
0.161576
0.161975
0.161781
0.158418
0.155629
0.146722
0.134666
0.136274
0.138726
0.142191
0.146038
0.150446
0.154671
0.159005
0.16246
0.165637
0.16706
0.168156
0.166178
0.165016
0.158094
0.135639
0.137298
0.13985
0.143474
0.147541
0.152254
0.156869
0.161717
0.16579
0.169758
0.172069
0.174323
0.173579
0.173853
0.168891
0.136574
0.138272
0.140929
0.144705
0.148973
0.153961
0.158933
0.164251
0.168908
0.173632
0.176833
0.180173
0.180728
0.182242
0.179172
0.137474
0.139226
0.141984
0.145891
0.15035
0.155604
0.16092
0.166692
0.171909
0.177342
0.181397
0.185724
0.187555
0.190212
0.188923
0.138335
0.140125
0.142938
0.147024
0.151665
0.15717
0.16281
0.169007
0.174755
0.180847
0.185732
0.190968
0.19404
0.197787
0.198164
0.139154
0.140985
0.143893
0.148104
0.152915
0.158656
0.164602
0.171197
0.177452
0.184152
0.189834
0.195907
0.20016
0.204954
0.206889
0.139928
0.1418
0.14477
0.149109
0.154099
0.160058
0.166293
0.173255
0.17999
0.187248
0.193687
0.200536
0.205895
0.211696
0.215086
0.140654
0.142565
0.145599
0.150043
0.155206
0.16137
0.167877
0.175176
0.182364
0.190133
0.197281
0.20485
0.211235
0.217993
0.222738
0.14133
0.143279
0.146373
0.150933
0.156238
0.16259
0.16935
0.176956
0.184567
0.192801
0.200606
0.20884
0.216166
0.223824
0.229825
0.141954
0.143937
0.147088
0.151738
0.157171
0.163708
0.170708
0.178591
0.186592
0.195248
0.203653
0.212499
0.220679
0.229172
0.236325
0.142523
0.144538
0.147741
0.152478
0.158054
0.164733
0.171945
0.180076
0.188433
0.19747
0.206416
0.215818
0.224765
0.234021
0.242218
0.143034
0.145079
0.148328
0.153132
0.158787
0.16565
0.173059
0.181408
0.190085
0.199461
0.208887
0.218789
0.228417
0.238356
0.247488
0.143486
0.145557
0.148849
0.15372
0.159494
0.16646
0.174043
0.182584
0.191542
0.201217
0.211063
0.221405
0.231625
0.242167
0.252118
0.143877
0.145971
0.149299
0.154226
0.160074
0.167151
0.174895
0.183601
0.1928
0.202733
0.212938
0.223659
0.234384
0.245444
0.256097
0.144206
0.146319
0.149678
0.154653
0.160576
0.167735
0.17561
0.184454
0.193855
0.204004
0.214508
0.225545
0.236689
0.248179
0.259417
0.14447
0.146599
0.149984
0.154997
0.160973
0.1682
0.176186
0.185141
0.194705
0.205027
0.215769
0.22706
0.238536
0.250369
0.262073
0.14467
0.14681
0.150214
0.155256
0.161277
0.168553
0.176621
0.18566
0.195345
0.205799
0.216718
0.228199
0.239922
0.25201
0.264063
0.144803
0.146952
0.150368
0.15543
0.161478
0.168787
0.176911
0.186007
0.195773
0.206315
0.217353
0.228961
0.240847
0.253102
0.265387
0.14487
0.147023
0.150445
0.155517
0.161579
0.168905
0.177057
0.186181
0.195988
0.206574
0.217671
0.229342
0.241309
0.253648
0.266048
0.0859177
0.0841474
0.0810796
0.0770216
0.0722397
0.0669237
0.0612678
0.0554192
0.0495207
0.0436738
0.037973
0.0324754
0.0272365
0.0222748
0.0176149
0.0863747
0.0846165
0.0815718
0.077537
0.0727765
0.0674745
0.0618255
0.0559746
0.0500665
0.044202
0.0384784
0.0329526
0.0276833
0.0226891
0.0179993
0.0872238
0.0854888
0.0824863
0.0784964
0.0737769
0.0685032
0.0628691
0.0570164
0.0510921
0.0451967
0.0394315
0.0338544
0.0285285
0.0234735
0.0187244
0.0884033
0.0867016
0.0837602
0.0798363
0.0751782
0.0699486
0.0643399
0.0584888
0.0525453
0.0466094
0.0407876
0.0351394
0.0297347
0.0245947
0.0197637
0.0898564
0.0881985
0.085337
0.0815003
0.0769252
0.0717575
0.0661876
0.0603449
0.054383
0.0484007
0.0425114
0.0367764
0.0312741
0.0260281
0.0210943
0.0915318
0.0899281
0.0871654
0.0834376
0.0789683
0.0738827
0.0683682
0.0625448
0.0565693
0.050539
0.0445753
0.0387413
0.033126
0.0277556
0.0227007
0.0933826
0.091844
0.089199
0.0856022
0.081263
0.0762823
0.0708432
0.0650536
0.0590738
0.052998
0.0469568
0.0410154
0.0352747
0.0297643
0.0245721
0.0953671
0.0939046
0.0913958
0.0879526
0.083769
0.0789182
0.0735778
0.0678405
0.0618697
0.0557553
0.0496377
0.0435839
0.0377086
0.032045
0.0267014
0.0974479
0.0960726
0.093718
0.0904507
0.0864493
0.0817556
0.0765404
0.0708777
0.0649335
0.0587913
0.0526024
0.046435
0.0404189
0.0345915
0.0290842
0.0995922
0.098315
0.0961313
0.0930622
0.0892701
0.0847625
0.0797014
0.074139
0.068243
0.0620884
0.0558375
0.0495588
0.0433987
0.0373996
0.0317181
0.101771
0.100603
0.0986052
0.0957561
0.0922003
0.0879088
0.083033
0.0776001
0.0717778
0.0656303
0.0593306
0.0529468
0.0466428
0.0404663
0.0346023
0.103959
0.10291
0.101112
0.0985042
0.0952111
0.0911664
0.0865089
0.0812372
0.0755178
0.0694009
0.0630699
0.056591
0.0501465
0.0437897
0.0377365
0.106136
0.105214
0.103628
0.101281
0.0982762
0.0945091
0.0901038
0.0850276
0.0794434
0.0733848
0.067044
0.0604838
0.0539056
0.0473685
0.0411213
0.108282
0.107497
0.106132
0.104065
0.101371
0.0979119
0.0937931
0.0889485
0.0835349
0.077566
0.0712408
0.0646175
0.0579156
0.0512011
0.0447572
0.110384
0.109742
0.108604
0.106835
0.104474
0.101352
0.0975533
0.0929778
0.0877727
0.0819283
0.0756483
0.0689837
0.062172
0.0552858
0.0486446
0.112429
0.111935
0.111031
0.109574
0.107563
0.104807
0.101362
0.0970935
0.0921367
0.0864548
0.0802532
0.0735735
0.0666692
0.0596205
0.0527831
0.114408
0.114065
0.113398
0.112267
0.110621
0.108257
0.105196
0.101274
0.0966065
0.0911278
0.0850417
0.078377
0.0714011
0.064202
0.0571717
0.116312
0.116123
0.115696
0.1149
0.113632
0.111685
0.109035
0.105498
0.101161
0.095929
0.0899993
0.0833833
0.0763606
0.0690265
0.0618084
0.118138
0.118103
0.117915
0.117463
0.116581
0.115073
0.112859
0.109744
0.10578
0.100839
0.0951103
0.0885803
0.0815397
0.0740887
0.0666896
0.11988
0.119998
0.12005
0.119945
0.119455
0.118405
0.116649
0.113994
0.110441
0.105839
0.100358
0.0939549
0.0869298
0.0793826
0.0718104
0.121537
0.121806
0.122095
0.122339
0.122246
0.121668
0.120388
0.118227
0.115123
0.110909
0.105725
0.0994927
0.0925221
0.0849004
0.0771647
0.123107
0.123525
0.124048
0.124639
0.124944
0.124849
0.12406
0.122427
0.119803
0.11603
0.111192
0.105179
0.098307
0.0906331
0.0827458
0.124591
0.125153
0.125907
0.126841
0.127543
0.127938
0.12765
0.126574
0.124462
0.121182
0.116737
0.111
0.104274
0.0965705
0.0885457
0.125989
0.126691
0.127671
0.128942
0.130038
0.130925
0.131147
0.130652
0.129077
0.126344
0.122338
0.116942
0.110414
0.102704
0.0945562
0.127303
0.12814
0.129341
0.130939
0.132425
0.133803
0.134541
0.134645
0.133632
0.131498
0.127973
0.122994
0.116715
0.109033
0.100776
0.128536
0.129503
0.130918
0.132833
0.134703
0.136565
0.137824
0.13854
0.13811
0.136622
0.133619
0.129146
0.123166
0.115573
0.107222
0.129689
0.130782
0.132403
0.134625
0.136871
0.13921
0.140991
0.142324
0.142497
0.141696
0.139254
0.135381
0.12974
0.122335
0.113908
0.130766
0.131979
0.133799
0.136314
0.138928
0.141731
0.144031
0.145981
0.146772
0.146682
0.144835
0.141652
0.136372
0.129275
0.12072
0.13177
0.133097
0.135105
0.137899
0.140866
0.144114
0.146924
0.149476
0.150892
0.151524
0.150311
0.147885
0.143013
0.136371
0.127282
0.132705
0.134139
0.136324
0.13938
0.142683
0.146359
0.149667
0.152816
0.154873
0.156266
0.155768
0.15423
0.149961
0.144319
0.13385
0.0139732
0.0112038
0.00837041
0.00548942
0.00257116
-0.000380658
-0.003365
-0.00638058
-0.00942495
-0.0124949
-0.015587
-0.0186978
-0.0218241
-0.0249627
-0.0281102
-0.0312633
-0.0344185
-0.0375727
-0.0407249
-0.0438772
0.0143521
0.0115874
0.00875031
0.00586539
0.00294415
-1.18643e-05
-0.00300388
-0.00603169
-0.00909298
-0.0121843
-0.0153019
-0.0184423
-0.0216021
-0.0247781
-0.0279668
-0.0311649
-0.0343691
-0.0375763
-0.0407839
-0.0439885
0.0150462
0.012252
0.00936553
0.00642944
0.00346077
0.000459068
-0.0025801
-0.00565803
-0.00877222
-0.0119184
-0.0150921
-0.0182896
-0.0215072
-0.0247414
-0.0279884
-0.0312441
-0.0345044
-0.0377654
-0.0410258
-0.0442857
0.0160388
0.0131918
0.0102267
0.00721329
0.00417607
0.00111076
-0.00199244
-0.00513726
-0.00832108
-0.0115386
-0.0147849
-0.0180557
-0.0213476
-0.0246572
-0.0279808
-0.0313148
-0.0346551
-0.0379984
-0.0413429
-0.0446854
0.017306
0.0143816
0.0113064
0.00818615
0.0050546
0.00190165
-0.00128962
-0.00452586
-0.00780389
-0.0111169
-0.014459
-0.0178257
-0.0212138
-0.0246198
-0.0280399
-0.0314698
-0.0349052
-0.0383421
-0.0417794
-0.0452154
0.0188351
0.0158109
0.0125964
0.00934324
0.00609586
0.0028359
-0.000462696
-0.0038098
-0.00720113
-0.0106279
-0.0140832
-0.0175624
-0.0210627
-0.0245807
-0.0281127
-0.0316545
-0.0352017
-0.0387505
-0.0423004
-0.0458481
0.0206171
0.0174709
0.0140883
0.010677
0.00729297
0.00390672
0.000480991
-0.00299744
-0.00652241
-0.0100827
-0.01367
-0.0172801
-0.0209106
-0.0245583
-0.0282194
-0.0318894
-0.0355637
-0.0392384
-0.0429136
-0.0465864
0.0226464
0.0193568
0.0157776
0.0121838
0.00864368
0.00511293
0.00154098
-0.00208849
-0.0057664
-0.00947836
-0.0132151
-0.0169728
-0.0207496
-0.0245427
-0.0283482
-0.0321614
-0.0359778
-0.0397933
-0.0436092
-0.0474217
0.0249203
0.0214658
0.0176614
0.0138617
0.0101469
0.00645376
0.00271634
-0.00108411
-0.00493431
-0.00881626
-0.0127198
-0.0166419
-0.0205815
-0.0245362
-0.0285019
-0.0324735
-0.0364464
-0.0404167
-0.0443867
-0.0483525
0.0274378
0.0237968
0.0197385
0.01571
0.0118028
0.00792958
0.00400716
1.5582e-05
-0.00402613
-0.00809598
-0.0121833
-0.0162863
-0.020405
-0.0245369
-0.0286779
-0.0328227
-0.0369664
-0.0411052
-0.0452432
-0.0493757
0.0301995
0.0263499
0.0220087
0.0177295
0.0136126
0.00954145
0.00541394
0.00121074
-0.00304166
-0.00731717
-0.0116052
-0.0159058
-0.0202197
-0.0245448
-0.0288763
-0.0332089
-0.0375376
-0.0418584
-0.0461776
-0.05049
0.0332065
0.0291259
0.0244727
0.0199213
0.0155782
0.0112908
0.00693739
0.00250175
-0.00198043
-0.00647918
-0.010985
-0.0154997
-0.0200254
-0.0245594
-0.0290967
-0.0336317
-0.0381595
-0.0426756
-0.0471893
-0.0516945
0.0364607
0.0321257
0.0271312
0.0222875
0.0177019
0.0131794
0.00857835
0.00388919
-0.000841664
-0.00558113
-0.0103217
-0.0150677
-0.0198216
-0.0245805
-0.0293387
-0.0340906
-0.0388311
-0.0435558
-0.0482772
-0.0529883
0.039964
0.0353506
0.0299857
0.0248303
0.0199863
0.0152089
0.0103376
0.00537376
0.000375591
-0.00462199
-0.00961474
-0.0146093
-0.0196084
-0.0246083
-0.0296033
-0.0345877
-0.0395561
-0.0445018
-0.0494433
-0.0543728
0.043718
0.0388013
0.0330371
0.0275521
0.0224338
0.0173806
0.0122159
0.00695627
0.00167248
-0.00360066
-0.00886327
-0.014124
-0.0193848
-0.0246411
-0.0298866
-0.035116
-0.0403239
-0.0455049
-0.0506828
-0.0558454
0.0477239
0.0424779
0.0362865
0.0304554
0.0250469
0.0196958
0.0142138
0.00863763
0.00305027
-0.00251603
-0.00806672
-0.0136117
-0.0191518
-0.0246821
-0.0301984
-0.0356969
-0.0411703
-0.046591
-0.0520109
-0.0574136
0.0519818
0.0463799
0.0397344
0.0335423
0.0278276
0.0221553
0.0163317
0.0104189
0.00451027
-0.0013672
-0.00722469
-0.0130716
-0.0189058
-0.0247198
-0.0305072
-0.0362645
-0.0419943
-0.0477304
-0.0534279
-0.0590791
0.0564906
0.0505053
0.0433806
0.0368148
0.0307775
0.0247594
0.0185699
0.0123012
0.00605394
-0.000153302
-0.00633742
-0.0125061
-0.0186543
-0.024775
-0.0308642
-0.0369199
-0.0429417
-0.0489465
-0.054912
-0.0608276
0.0612476
0.0548505
0.0472243
0.0402742
0.0338974
0.0275076
0.0209288
0.0142859
0.00768272
0.00112635
-0.00540472
-0.0119144
-0.018394
-0.0248364
-0.0312383
-0.037598
-0.0439154
-0.0502138
-0.0564684
-0.0626641
0.0662479
0.0594099
0.0512631
0.0439214
0.0371874
0.0303993
0.0234085
0.0163746
0.0093982
0.00247279
-0.00442566
-0.0112953
-0.0181242
-0.024906
-0.0316387
-0.038321
-0.0449515
-0.0515551
-0.058108
-0.0645931
0.0714839
0.0641748
0.0554936
0.0477563
0.0406466
0.0334325
0.0260091
0.0185689
0.0112017
0.00388658
-0.00339979
-0.0106484
-0.0178445
-0.0249832
-0.0320633
-0.0390828
-0.0460396
-0.0529633
-0.0598278
-0.0666136
0.0769447
0.0691332
0.0599106
0.0517783
0.0442727
0.0366047
0.0287308
0.0208704
0.0130941
0.00536802
-0.00232638
-0.00997249
-0.0175541
-0.0250679
-0.0325128
-0.0398859
-0.0471837
-0.0544413
-0.0616298
-0.0687268
0.0826145
0.0742677
0.0645078
0.0559861
0.0480616
0.0399126
0.0315738
0.0232805
0.0150758
0.00691729
-0.00120455
-0.00926656
-0.0172524
-0.0251599
-0.0329874
-0.0407305
-0.0483838
-0.0559895
-0.0635146
-0.0709331
0.088469
0.0795541
0.0692773
0.060377
0.0520066
0.0433516
0.0345386
0.0257998
0.0171464
0.00853472
-3.28319e-05
-0.00852896
-0.016938
-0.0252583
-0.0334864
-0.0416163
-0.0496399
-0.0576086
-0.0654828
-0.0732327
0.094471
0.0849585
0.0742104
0.0649468
0.056099
0.0469187
0.0376263
0.0284279
0.0193041
0.0102196
0.00118901
-0.00775949
-0.016611
-0.0253631
-0.034011
-0.0425463
-0.0509552
-0.0593012
-0.067536
-0.0756256
0.100571
0.0904376
0.079295
0.0696831
0.0603239
0.0506103
0.0408386
0.0311656
0.0215512
0.0119764
0.00246566
-0.00695413
-0.0162679
-0.0254708
-0.0345557
-0.0435098
-0.0523223
-0.0610655
-0.0696743
-0.0781128
0.106709
0.0959562
0.0845307
0.0745741
0.0646684
0.0544213
0.0441662
0.0339985
0.0238742
0.0137944
0.00378836
-0.00611943
-0.0159129
-0.025586
-0.0351349
-0.0445455
-0.0537695
-0.0629155
-0.0719039
-0.0806975
0.112772
0.101468
0.0898963
0.0795875
0.0691302
0.0583787
0.0476428
0.0369632
0.0263117
0.015708
0.00518445
-0.00523392
-0.0155273
-0.0256812
-0.0356843
-0.0455101
-0.0552219
-0.0648271
-0.074212
-0.0833678
0.118513
0.106986
0.095414
0.0846691
0.0736237
0.0623633
0.051127
0.0399216
0.0287382
0.0176063
0.00655936
-0.00437985
-0.0151928
-0.025875
-0.0364383
-0.046864
-0.0568874
-0.0668408
-0.0765807
-0.0860949
0.12322
0.112164
0.101026
0.0900109
0.0785381
0.0668385
0.0551089
0.0433732
0.0316455
0.0199612
0.00836448
-0.00311254
-0.0144413
-0.0255915
-0.0365358
-0.0473249
-0.0583214
-0.0688914
-0.0790589
-0.0889508
-0.0470254
-0.0501614
-0.0532795
-0.0563776
-0.0594547
-0.0625094
-0.0655394
-0.0685425
-0.0715162
-0.0744586
-0.0773677
-0.0802416
-0.0830789
-0.0858777
-0.0886368
-0.0913545
-0.0940302
-0.0966622
-0.0992513
-0.101797
-0.0471844
-0.0503663
-0.0535321
-0.0566794
-0.0598055
-0.0629076
-0.0659829
-0.0690284
-0.0720418
-0.0750205
-0.0779624
-0.0808654
-0.0837275
-0.0865468
-0.0893219
-0.0920508
-0.0947329
-0.0973662
-0.0999524
-0.102492
-0.0475411
-0.0507841
-0.0540089
-0.0572127
-0.0603932
-0.0635481
-0.0666745
-0.0697696
-0.0728308
-0.0758555
-0.0788414
-0.0817864
-0.0846886
-0.0875459
-0.0903569
-0.0931196
-0.0958339
-0.0984974
-0.101114
-0.103687
-0.04802
-0.0513398
-0.054641
-0.0579211
-0.0611776
-0.0644075
-0.0676078
-0.0707754
-0.0739074
-0.0770011
-0.0800542
-0.0830643
-0.0860293
-0.0889471
-0.0918165
-0.0946349
-0.0974029
-0.100117
-0.102786
-0.105413
-0.0486443
-0.0520586
-0.0554531
-0.0588251
-0.0621721
-0.0654913
-0.0687793
-0.0720332
-0.0752499
-0.0784267
-0.0815612
-0.0846508
-0.0876939
-0.0906878
-0.0936317
-0.0965226
-0.0993623
-0.102147
-0.104888
-0.107592
-0.0493871
-0.0529098
-0.0564116
-0.0598899
-0.0633423
-0.0667656
-0.0701568
-0.0735125
-0.0768298
-0.0801058
-0.0833382
-0.0865243
-0.0896624
-0.0927498
-0.0957861
-0.0987675
-0.101697
-0.10457
-0.107403
-0.110204
-0.0502497
-0.0538954
-0.0575189
-0.0611178
-0.0646895
-0.0682311
-0.0717394
-0.0752109
-0.0786428
-0.0820322
-0.0853767
-0.0886737
-0.0919216
-0.0951174
-0.0982613
-0.101349
-0.104385
-0.107362
-0.110305
-0.113221
-0.0512232
-0.0550055
-0.058764
-0.0624966
-0.0662009
-0.0698739
-0.0735125
-0.0771132
-0.0806732
-0.0841895
-0.08766
-0.0910818
-0.0944538
-0.0977725
-0.101039
-0.104248
-0.107405
-0.110503
-0.113572
-0.116621
-0.0523056
-0.0562376
-0.0601441
-0.0640232
-0.0678729
-0.0716901
-0.0754717
-0.0792142
-0.0829151
-0.0865712
-0.0901807
-0.0937405
-0.0972498
-0.100705
-0.104108
-0.107451
-0.110745
-0.113978
-0.117187
-0.120386
-0.0534936
-0.0575879
-0.0616548
-0.0656928
-0.0697
-0.0736735
-0.0776102
-0.0815067
-0.0853605
-0.0891686
-0.0929292
-0.0966393
-0.100298
-0.103903
-0.107454
-0.110946
-0.114389
-0.11777
-0.121135
-0.124497
-0.0547853
-0.0590545
-0.063294
-0.0675027
-0.0716792
-0.0758207
-0.079924
-0.0839859
-0.0880041
-0.0919755
-0.0958988
-0.0997707
-0.103591
-0.107356
-0.111069
-0.11472
-0.118325
-0.121867
-0.1254
-0.128938
-0.0561798
-0.0606358
-0.0650595
-0.0694506
-0.0738077
-0.0781282
-0.0824091
-0.0866473
-0.0908406
-0.0949862
-0.0990828
-0.103127
-0.10712
-0.111056
-0.114941
-0.118763
-0.122541
-0.126254
-0.129967
-0.133694
-0.0576761
-0.0623306
-0.06695
-0.0715343
-0.0760829
-0.0805931
-0.0850621
-0.0894868
-0.0938653
-0.0981949
-0.102475
-0.106701
-0.110876
-0.114993
-0.119059
-0.123062
-0.127023
-0.130917
-0.13482
-0.138746
-0.0592749
-0.0641394
-0.0689651
-0.0737534
-0.0785037
-0.0832135
-0.0878802
-0.0925009
-0.0970738
-0.101596
-0.106068
-0.110486
-0.114851
-0.119158
-0.123414
-0.127606
-0.131758
-0.135841
-0.139943
-0.144076
-0.0609741
-0.0660595
-0.0711025
-0.0761052
-0.0810673
-0.0859864
-0.0908599
-0.0956854
-0.100461
-0.105185
-0.109857
-0.114473
-0.119037
-0.12354
-0.127993
-0.13238
-0.136731
-0.14101
-0.145317
-0.149664
-0.0627769
-0.0680929
-0.0733632
-0.0785901
-0.0837731
-0.0889101
-0.0939987
-0.0990368
-0.104023
-0.108955
-0.113834
-0.118655
-0.123422
-0.128128
-0.132785
-0.137373
-0.141926
-0.146406
-0.150924
-0.155488
-0.0646835
-0.070239
-0.0757464
-0.0812067
-0.0866191
-0.091982
-0.097293
-0.102551
-0.107754
-0.112901
-0.117991
-0.123023
-0.127999
-0.132912
-0.137774
-0.142567
-0.147327
-0.15201
-0.156741
-0.161523
-0.0666893
-0.072496
-0.0782501
-0.0839527
-0.0896027
-0.095199
-0.100739
-0.106223
-0.111648
-0.117014
-0.12232
-0.127567
-0.132754
-0.137878
-0.142948
-0.147949
-0.152915
-0.157804
-0.162747
-0.167747
-0.0687957
-0.0748643
-0.0808741
-0.0868272
-0.0927222
-0.0985586
-0.104333
-0.110048
-0.115699
-0.121289
-0.126813
-0.132277
-0.137675
-0.143012
-0.148289
-0.153499
-0.15867
-0.163766
-0.168917
-0.174138
-0.0710044
-0.0773442
-0.0836182
-0.0898291
-0.0959756
-0.102058
-0.108072
-0.114021
-0.1199
-0.125717
-0.131459
-0.137143
-0.14275
-0.148301
-0.15378
-0.1592
-0.16457
-0.169875
-0.175227
-0.180672
-0.0733143
-0.0799344
-0.0864807
-0.0929564
-0.09936
-0.105692
-0.111949
-0.118136
-0.124245
-0.130288
-0.136248
-0.142151
-0.147965
-0.153732
-0.159407
-0.165039
-0.170597
-0.17611
-0.181652
-0.187319
-0.0757264
-0.082635
-0.0894608
-0.0962072
-0.102873
-0.109458
-0.115961
-0.122385
-0.128724
-0.134992
-0.141167
-0.147287
-0.1533
-0.159281
-0.165142
-0.170991
-0.176725
-0.18245
-0.188164
-0.194052
-0.0782403
-0.0854452
-0.0925572
-0.0995794
-0.106511
-0.113352
-0.120101
-0.126763
-0.133331
-0.139821
-0.146207
-0.152537
-0.158741
-0.164928
-0.170957
-0.177019
-0.182905
-0.188852
-0.194719
-0.200829
-0.0808555
-0.0883641
-0.0957683
-0.103071
-0.110271
-0.117369
-0.124365
-0.131264
-0.138059
-0.144768
-0.151365
-0.1579
-0.164294
-0.170681
-0.176864
-0.183131
-0.189129
-0.195299
-0.201268
-0.207614
-0.0835712
-0.0913895
-0.0990913
-0.106678
-0.114149
-0.121505
-0.128747
-0.135879
-0.142899
-0.149821
-0.156624
-0.163357
-0.169942
-0.176523
-0.18287
-0.189344
-0.195436
-0.201836
-0.207834
-0.21443
-0.0863877
-0.0945203
-0.102522
-0.110394
-0.118135
-0.125745
-0.133227
-0.140584
-0.147815
-0.154932
-0.161922
-0.168824
-0.175579
-0.182318
-0.188819
-0.195481
-0.20168
-0.208344
-0.214348
-0.221262
-0.0893096
-0.0977608
-0.106063
-0.114217
-0.122222
-0.130079
-0.137789
-0.145355
-0.152778
-0.160066
-0.167214
-0.174247
-0.181128
-0.187959
-0.194567
-0.20133
-0.207618
-0.214525
-0.220545
-0.227943
-0.0923297
-0.101115
-0.109728
-0.118175
-0.126453
-0.134565
-0.142512
-0.150298
-0.157927
-0.165403
-0.172728
-0.179913
-0.186942
-0.193875
-0.200597
-0.207406
-0.213759
-0.220802
-0.226758
-0.234716
-0.0954198
-0.104564
-0.113528
-0.12231
-0.130906
-0.139318
-0.147552
-0.155612
-0.163505
-0.171235
-0.17881
-0.186233
-0.193505
-0.200643
-0.207592
-0.214509
-0.221015
-0.228044
-0.233941
-0.242187
-0.0986054
-0.108063
-0.117339
-0.126416
-0.135284
-0.143942
-0.152399
-0.160662
-0.168739
-0.176639
-0.184372
-0.191943
-0.199365
-0.206639
-0.213755
-0.220748
-0.227449
-0.234281
-0.240279
-0.248194
-0.108131
-0.117787
-0.126855
-0.135095
-0.142285
-0.148258
-0.152855
-0.155949
-0.157401
-0.15714
-0.155111
-0.151358
-0.145926
-0.138963
-0.130615
-0.121141
-0.110782
-0.0998739
-0.0886995
-0.0775958
-0.0668161
-0.0566105
-0.0471365
-0.0385163
-0.0307579
-0.0238681
-0.0176884
-0.0122144
-0.00711608
-0.00239222
-0.10886
-0.118563
-0.127641
-0.135864
-0.143025
-0.148966
-0.153526
-0.156571
-0.157964
-0.157635
-0.155537
-0.151714
-0.146211
-0.139179
-0.130765
-0.121229
-0.110816
-0.0998609
-0.0886512
-0.0775205
-0.0667267
-0.0565138
-0.0470438
-0.0384285
-0.0306841
-0.0238041
-0.0176411
-0.0121795
-0.00709583
-0.00238755
-0.110194
-0.120006
-0.129101
-0.137292
-0.144403
-0.150286
-0.154776
-0.15773
-0.159011
-0.158558
-0.156331
-0.152377
-0.146743
-0.139581
-0.131043
-0.121392
-0.110878
-0.0998357
-0.0885603
-0.0773792
-0.0665598
-0.0563331
-0.0468709
-0.0382644
-0.0305466
-0.0236845
-0.0175533
-0.0121139
-0.00705845
-0.00237812
-0.112103
-0.122058
-0.13117
-0.139309
-0.146347
-0.15215
-0.156538
-0.15936
-0.160481
-0.159852
-0.157443
-0.153305
-0.147486
-0.140141
-0.131429
-0.121617
-0.110963
-0.0997977
-0.0884307
-0.0771794
-0.0663247
-0.0560787
-0.0466281
-0.0380338
-0.0303542
-0.0235167
-0.0174308
-0.0120219
-0.00700655
-0.00236462
-0.114524
-0.124653
-0.13377
-0.141838
-0.148788
-0.154488
-0.158745
-0.161396
-0.162312
-0.161463
-0.158828
-0.154459
-0.148408
-0.140835
-0.131907
-0.121894
-0.111063
-0.0997459
-0.0882652
-0.0769273
-0.0660294
-0.0557599
-0.0463249
-0.0377456
-0.0301147
-0.0233075
-0.0172789
-0.011907
-0.00694253
-0.00234764
-0.117427
-0.127745
-0.136846
-0.144824
-0.151669
-0.157247
-0.161341
-0.163782
-0.164455
-0.163348
-0.160446
-0.155805
-0.149481
-0.141641
-0.132459
-0.12221
-0.111173
-0.0996793
-0.0880663
-0.0766281
-0.065681
-0.0553845
-0.0459695
-0.0374076
-0.0298351
-0.0230626
-0.0171023
-0.0117724
-0.00686861
-0.00232768
-0.120779
-0.131291
-0.140349
-0.148216
-0.15494
-0.160374
-0.164274
-0.16647
-0.166864
-0.165464
-0.162261
-0.157312
-0.150681
-0.142539
-0.133072
-0.122558
-0.111289
-0.0995966
-0.0878357
-0.0762862
-0.0652857
-0.0549598
-0.045569
-0.0370267
-0.0295218
-0.0227872
-0.0169053
-0.0116209
-0.00678677
-0.0023052
-0.124556
-0.135253
-0.144233
-0.151968
-0.158556
-0.163824
-0.167499
-0.169414
-0.169498
-0.167777
-0.164241
-0.158954
-0.151984
-0.143513
-0.133732
-0.122928
-0.111406
-0.0994969
-0.0875753
-0.0759058
-0.0648488
-0.0544921
-0.0451299
-0.0366091
-0.0291802
-0.0224858
-0.0166917
-0.0114549
-0.00669879
-0.00228061
-0.128735
-0.139596
-0.148458
-0.15604
-0.162476
-0.167555
-0.170971
-0.172576
-0.172322
-0.170253
-0.166358
-0.160706
-0.153371
-0.144545
-0.134428
-0.123313
-0.111519
-0.0993794
-0.0872865
-0.0754905
-0.0643754
-0.0539871
-0.0446579
-0.0361605
-0.0288153
-0.0221627
-0.0164648
-0.0112767
-0.00660625
-0.00225429
-0.133295
-0.144286
-0.152987
-0.160395
-0.166663
-0.171527
-0.174652
-0.175917
-0.175302
-0.172864
-0.168585
-0.162546
-0.154824
-0.145624
-0.135149
-0.123707
-0.111625
-0.0992434
-0.086971
-0.0750438
-0.06387
-0.05345
-0.0441583
-0.0356859
-0.0284316
-0.0218217
-0.0162276
-0.0110884
-0.00651054
-0.00222655
-0.138215
-0.149291
-0.157785
-0.164999
-0.171082
-0.175703
-0.178506
-0.179406
-0.17841
-0.175582
-0.170899
-0.164455
-0.156327
-0.146736
-0.135888
-0.124104
-0.111721
-0.0990888
-0.0866303
-0.074569
-0.0633366
-0.0528858
-0.0436356
-0.03519
-0.0280329
-0.0214661
-0.0159825
-0.0108916
-0.00641284
-0.0021977
-0.143475
-0.154577
-0.162817
-0.169818
-0.1757
-0.180049
-0.182498
-0.183013
-0.181619
-0.178384
-0.17328
-0.166415
-0.157866
-0.147872
-0.136635
-0.124499
-0.111804
-0.0989154
-0.0862661
-0.0740691
-0.062779
-0.0522986
-0.0430942
-0.034677
-0.0276228
-0.0210992
-0.0157319
-0.010688
-0.00631417
-0.00216799
-0.149052
-0.160111
-0.168051
-0.174823
-0.180485
-0.184531
-0.186599
-0.186711
-0.184904
-0.181248
-0.175709
-0.168411
-0.15943
-0.149021
-0.137385
-0.124889
-0.111874
-0.0987236
-0.08588
-0.0735471
-0.0622007
-0.0516926
-0.0425378
-0.0341506
-0.0272042
-0.0207238
-0.0154776
-0.0104792
-0.00621534
-0.00213767
-0.154925
-0.165859
-0.173458
-0.179984
-0.185406
-0.189118
-0.190781
-0.190476
-0.188244
-0.184156
-0.17817
-0.170431
-0.161006
-0.150176
-0.138132
-0.125269
-0.111928
-0.0985138
-0.0854736
-0.0730059
-0.061605
-0.0510716
-0.04197
-0.0336145
-0.0267802
-0.0203425
-0.0152214
-0.0102666
-0.00611706
-0.00210695
-0.161068
-0.171788
-0.179007
-0.185276
-0.190434
-0.19378
-0.19502
-0.194287
-0.19162
-0.187089
-0.180647
-0.172462
-0.162587
-0.15133
-0.13887
-0.125638
-0.111966
-0.0982868
-0.0850489
-0.0724482
-0.060995
-0.050439
-0.041394
-0.0330716
-0.026353
-0.0199575
-0.0149647
-0.0100515
-0.00601988
-0.00207604
-0.167456
-0.177862
-0.184671
-0.190672
-0.19554
-0.198493
-0.199293
-0.198124
-0.195013
-0.190033
-0.183129
-0.174493
-0.164163
-0.152477
-0.139596
-0.125993
-0.111986
-0.0980435
-0.0846076
-0.0718768
-0.0603737
-0.0497981
-0.0408126
-0.0325249
-0.025925
-0.019571
-0.0147089
-0.00983511
-0.00592426
-0.00204509
-0.174059
-0.184047
-0.190425
-0.196149
-0.200699
-0.203231
-0.203581
-0.20197
-0.198407
-0.192974
-0.185605
-0.176516
-0.165728
-0.153612
-0.140308
-0.126334
-0.111989
-0.0977849
-0.0841515
-0.0712943
-0.0597439
-0.0491519
-0.0402287
-0.0319771
-0.0254981
-0.0191849
-0.0144551
-0.00961856
-0.00583057
-0.00201425
-0.180845
-0.190313
-0.196245
-0.201684
-0.205885
-0.207974
-0.207866
-0.205807
-0.201789
-0.1959
-0.188064
-0.178523
-0.167275
-0.15473
-0.141
-0.126657
-0.111975
-0.0975124
-0.0836828
-0.0707032
-0.0591084
-0.0485033
-0.0396448
-0.0314306
-0.0250742
-0.018801
-0.0142044
-0.00940287
-0.00573911
-0.00198363
-0.187778
-0.196626
-0.202108
-0.207252
-0.211075
-0.212701
-0.212133
-0.209622
-0.205146
-0.198799
-0.190497
-0.180507
-0.1688
-0.155828
-0.141673
-0.126964
-0.111944
-0.0972273
-0.0832035
-0.0701063
-0.0584698
-0.0478552
-0.0390634
-0.0308877
-0.0246551
-0.0184209
-0.0139576
-0.00918899
-0.00565009
-0.00195331
-0.194817
-0.202956
-0.207992
-0.21283
-0.216245
-0.217395
-0.216365
-0.213399
-0.208465
-0.201662
-0.192897
-0.18246
-0.170296
-0.156902
-0.142323
-0.127253
-0.111897
-0.0969313
-0.082716
-0.0695061
-0.0578311
-0.0472102
-0.0384869
-0.0303508
-0.0242424
-0.0180462
-0.0137157
-0.00897784
-0.00556368
-0.00192334
-0.201919
-0.209275
-0.213877
-0.218393
-0.221375
-0.22204
-0.220548
-0.217125
-0.211734
-0.204478
-0.195254
-0.184376
-0.17176
-0.157949
-0.14295
-0.127523
-0.111835
-0.0966262
-0.0822227
-0.0689056
-0.057195
-0.0465712
-0.0379176
-0.029822
-0.0238376
-0.0176784
-0.0134794
-0.00877027
-0.00547997
-0.00189372
-0.209039
-0.215555
-0.219741
-0.223917
-0.226445
-0.226619
-0.224667
-0.220785
-0.214942
-0.207237
-0.197561
-0.186248
-0.173185
-0.158966
-0.14355
-0.127776
-0.111758
-0.0963139
-0.0817263
-0.0683075
-0.0565643
-0.0459408
-0.0373578
-0.0293033
-0.0234421
-0.0173189
-0.0132494
-0.00856709
-0.00539903
-0.00186445
-0.216131
-0.22177
-0.225564
-0.229378
-0.231436
-0.231116
-0.228707
-0.224366
-0.218075
-0.209927
-0.199807
-0.188069
-0.174568
-0.159948
-0.144124
-0.12801
-0.111669
-0.0959966
-0.0812296
-0.0677149
-0.0559421
-0.0453217
-0.0368098
-0.0287968
-0.0230573
-0.016969
-0.0130263
-0.00836904
-0.00532087
-0.00183548
-0.223148
-0.227898
-0.231325
-0.234751
-0.236327
-0.235512
-0.232648
-0.22785
-0.221118
-0.212536
-0.201982
-0.189829
-0.175901
-0.160893
-0.14467
-0.128226
-0.111569
-0.0956766
-0.0807355
-0.0671306
-0.0553312
-0.0447166
-0.0362756
-0.0283044
-0.0226845
-0.0166299
-0.0128108
-0.00817682
-0.00524548
-0.00180679
-0.230039
-0.233915
-0.237003
-0.240009
-0.241096
-0.239786
-0.236468
-0.231216
-0.224054
-0.215048
-0.204075
-0.19152
-0.177179
-0.161796
-0.145185
-0.128423
-0.111459
-0.0953561
-0.0802471
-0.0665577
-0.0547344
-0.044128
-0.0357574
-0.0278277
-0.0223246
-0.0163028
-0.0126032
-0.00799103
-0.00517282
-0.00177829
-0.236751
-0.239795
-0.242566
-0.245118
-0.245712
-0.243912
-0.240143
-0.234441
-0.226865
-0.217448
-0.206072
-0.193132
-0.178394
-0.162652
-0.145667
-0.128601
-0.111341
-0.0950371
-0.0797668
-0.0659987
-0.0541543
-0.043558
-0.0352568
-0.0273684
-0.0219788
-0.0159885
-0.0124039
-0.00781221
-0.00510283
-0.00174995
-0.243211
-0.245506
-0.247979
-0.250036
-0.250135
-0.247846
-0.24365
-0.237503
-0.229526
-0.219716
-0.207959
-0.194653
-0.17954
-0.163457
-0.146116
-0.12876
-0.111217
-0.0947221
-0.0792979
-0.0654567
-0.0535936
-0.043009
-0.0347759
-0.0269281
-0.021648
-0.015688
-0.0122135
-0.00764091
-0.0050355
-0.00172173
-0.249374
-0.251026
-0.253219
-0.254736
-0.254341
-0.251542
-0.246965
-0.240371
-0.23202
-0.221842
-0.209731
-0.196084
-0.180619
-0.164215
-0.146537
-0.128908
-0.111093
-0.0944182
-0.0788469
-0.0649372
-0.0530569
-0.0424847
-0.0343172
-0.0265087
-0.0213336
-0.0154024
-0.0120325
-0.00747774
-0.00497097
-0.00169369
-0.255289
-0.256325
-0.258264
-0.259218
-0.258347
-0.255048
-0.249797
-0.243016
-0.234363
-0.223844
-0.211405
-0.19744
-0.181646
-0.164941
-0.146943
-0.129053
-0.110979
-0.0941311
-0.0784179
-0.0644424
-0.0525455
-0.0419853
-0.0338807
-0.02611
-0.0210351
-0.0151312
-0.0118606
-0.00732251
-0.00490887
-0.00166569
-0.260936
-0.261175
-0.262914
-0.26335
-0.262117
-0.258524
-0.253396
-0.245689
-0.236588
-0.225704
-0.212935
-0.198658
-0.182548
-0.165558
-0.147259
-0.129127
-0.110811
-0.0938068
-0.0779664
-0.0639377
-0.0520324
-0.0414915
-0.0334513
-0.025722
-0.0207438
-0.0148693
-0.0116926
-0.00717237
-0.0048471
-0.0016368
-0.266103
-0.264899
-0.266421
-0.26623
-0.264505
-0.260303
-0.254363
-0.246969
-0.237723
-0.226627
-0.213651
-0.199168
-0.182843
-0.165659
-0.147154
-0.128862
-0.110388
-0.0932934
-0.0773808
-0.063341
-0.0514552
-0.0409563
-0.0329902
-0.025315
-0.0204337
-0.0145958
-0.0115122
-0.00701339
-0.0047788
-0.00160354
-0.27006
-0.269662
-0.271138
-0.270107
-0.267695
-0.26281
-0.256578
-0.248284
-0.238491
-0.226932
-0.213586
-0.198768
-0.182159
-0.164752
-0.146054
-0.127663
-0.109111
-0.092051
-0.0761889
-0.0622703
-0.0505167
-0.0401564
-0.0323421
-0.024775
-0.0200398
-0.0142598
-0.0112992
-0.00682879
-0.00470119
-0.00156536
-0.274268
-0.273631
-0.274604
-0.272662
-0.269638
-0.264118
-0.257465
-0.249043
-0.239015
-0.227172
-0.213572
-0.198504
-0.181661
-0.164055
-0.145166
-0.126666
-0.108018
-0.0909632
-0.0751176
-0.061292
-0.049641
-0.0394017
-0.031721
-0.0242545
-0.0196556
-0.0139307
-0.0110886
-0.00664525
-0.00462253
-0.00152475
-0.278307
-0.277325
-0.277931
-0.275202
-0.271735
-0.265825
-0.258767
-0.249819
-0.239443
-0.227284
-0.213435
-0.198129
-0.181076
-0.163297
-0.144245
-0.125661
-0.106935
-0.0899001
-0.0740808
-0.0603516
-0.048804
-0.0386823
-0.0311308
-0.02376
-0.0192909
-0.0136177
-0.0108875
-0.00646923
-0.00454535
-0.00148256
-0.282131
-0.280482
-0.280674
-0.277125
-0.273177
-0.266619
-0.25947
-0.250249
-0.23966
-0.227259
-0.21321
-0.197699
-0.180466
-0.162533
-0.143334
-0.124677
-0.105882
-0.0888717
-0.0730794
-0.0594463
-0.047999
-0.0379923
-0.0305653
-0.0232875
-0.0189426
-0.0133189
-0.010695
-0.00630056
-0.00446961
-0.00143885
-0.285797
-0.283011
-0.282905
-0.278649
-0.274417
-0.267609
-0.260098
-0.250536
-0.23973
-0.227104
-0.212885
-0.197198
-0.179814
-0.161753
-0.142432
-0.12372
-0.104868
-0.0878887
-0.0721256
-0.0585873
-0.0472355
-0.0373392
-0.0300298
-0.0228409
-0.0186126
-0.0130362
-0.0105118
-0.00614003
-0.00439536
-0.00139358
-0.289173
-0.284953
-0.28461
-0.279709
-0.275234
-0.268019
-0.260369
-0.250586
-0.23963
-0.226824
-0.212469
-0.196636
-0.179128
-0.160961
-0.141542
-0.122791
-0.103897
-0.0869553
-0.071224
-0.0577791
-0.0465181
-0.0367272
-0.0295279
-0.0224233
-0.0183032
-0.0127715
-0.0103389
-0.00598879
-0.0043229
-0.00134689
-0.29234
-0.286232
-0.28586
-0.280375
-0.275736
-0.268314
-0.260485
-0.250478
-0.239395
-0.226432
-0.211971
-0.196016
-0.178412
-0.160164
-0.140671
-0.121897
-0.102974
-0.0860764
-0.07038
-0.0570264
-0.0458507
-0.0361597
-0.0290622
-0.0220371
-0.0180158
-0.0125264
-0.0101772
-0.00584779
-0.00425262
-0.00129909
-0.295061
-0.286914
-0.286712
-0.280733
-0.276033
-0.268313
-0.260382
-0.250213
-0.239035
-0.225947
-0.211405
-0.195351
-0.177676
-0.159368
-0.139822
-0.12104
-0.102104
-0.0852563
-0.0695979
-0.0563329
-0.0452368
-0.0356396
-0.0286349
-0.0216842
-0.0177514
-0.0123021
-0.0100273
-0.00571786
-0.00418496
-0.0012506
-0.296939
-0.287195
-0.287263
-0.280796
-0.276076
-0.268156
-0.26015
-0.249831
-0.238584
-0.225389
-0.210785
-0.194654
-0.176929
-0.158579
-0.139003
-0.120227
-0.101292
-0.0844982
-0.0688807
-0.0557012
-0.0446785
-0.0351687
-0.0282474
-0.0213658
-0.0175109
-0.0120994
-0.00988974
-0.00559967
-0.00412043
-0.00120199
-0.297952
-0.287221
-0.287546
-0.280655
-0.275982
-0.267842
-0.259801
-0.249357
-0.238063
-0.224779
-0.210132
-0.19394
-0.176183
-0.157808
-0.138219
-0.119461
-0.10054
-0.0838044
-0.0682305
-0.0551327
-0.0441771
-0.0347478
-0.0279005
-0.0210824
-0.0172948
-0.0119188
-0.00976507
-0.00549368
-0.00405958
-0.00115392
-0.298287
-0.287102
-0.287602
-0.280371
-0.275747
-0.267435
-0.25938
-0.248824
-0.237499
-0.22414
-0.209462
-0.193225
-0.175452
-0.157064
-0.137479
-0.118747
-0.0998509
-0.0831765
-0.0676483
-0.0546277
-0.0437327
-0.034377
-0.027594
-0.0208341
-0.0171031
-0.0117605
-0.00965352
-0.0054001
-0.00400296
-0.00110717
-0.298232
-0.286834
-0.287519
-0.27997
-0.27544
-0.266963
-0.258908
-0.248265
-0.236914
-0.223498
-0.208798
-0.192527
-0.174747
-0.156358
-0.136788
-0.11809
-0.0992285
-0.0826156
-0.0671342
-0.0541855
-0.0433444
-0.0340551
-0.0273274
-0.0206199
-0.0169355
-0.011624
-0.00955523
-0.00531895
-0.00395113
-0.00106257
-0.297808
-0.286521
-0.287277
-0.279533
-0.275075
-0.266461
-0.258434
-0.247695
-0.236342
-0.222867
-0.208155
-0.191861
-0.174085
-0.155701
-0.136155
-0.117496
-0.0986749
-0.0821225
-0.0666876
-0.0538047
-0.0430109
-0.0337806
-0.0270991
-0.0204386
-0.0167915
-0.0115087
-0.0094702
-0.00524996
-0.00390463
-0.00102099
-0.297104
-0.286248
-0.286911
-0.279123
-0.274647
-0.265997
-0.257933
-0.24717
-0.235784
-0.222286
-0.207562
-0.191249
-0.173474
-0.155104
-0.135589
-0.11697
-0.0981928
-0.0816977
-0.0663077
-0.0534836
-0.0427301
-0.0335511
-0.0269077
-0.0202884
-0.0166705
-0.0114136
-0.0093983
-0.00519269
-0.00386389
-0.000983307
-0.296381
-0.285857
-0.286564
-0.278687
-0.274266
-0.26554
-0.25749
-0.246679
-0.235285
-0.221757
-0.207023
-0.190702
-0.172942
-0.154583
-0.135096
-0.116517
-0.0977847
-0.0813423
-0.0659934
-0.05322
-0.0424999
-0.0333642
-0.0267511
-0.0201673
-0.0165715
-0.0113375
-0.0093393
-0.00514653
-0.00382931
-0.000950357
-0.29567
-0.28548
-0.286233
-0.278303
-0.273902
-0.265149
-0.257097
-0.246261
-0.234856
-0.22131
-0.20657
-0.19024
-0.17249
-0.154143
-0.13469
-0.116147
-0.097454
-0.0810573
-0.0657438
-0.0530121
-0.0423182
-0.0332174
-0.0266277
-0.0200733
-0.0164939
-0.0112791
-0.00929292
-0.00511077
-0.00380119
-0.000922905
-0.295053
-0.285136
-0.285962
-0.277978
-0.273631
-0.264831
-0.256788
-0.245928
-0.234518
-0.220956
-0.206213
-0.189877
-0.172138
-0.1538
-0.134377
-0.115863
-0.0972016
-0.0808438
-0.0655582
-0.0528582
-0.0421832
-0.0331084
-0.0265357
-0.0200044
-0.0164367
-0.0112372
-0.00925884
-0.00508471
-0.00377976
-0.000901611
-0.294602
-0.28488
-0.285768
-0.277748
-0.273427
-0.264609
-0.256571
-0.245698
-0.234284
-0.220712
-0.205966
-0.189626
-0.171894
-0.153565
-0.134161
-0.115668
-0.097036
-0.0807029
-0.0654364
-0.052757
-0.0420933
-0.0330353
-0.0264738
-0.0199591
-0.0163995
-0.0112107
-0.00923677
-0.00506771
-0.00376515
-0.000887005
-0.294361
-0.284743
-0.285668
-0.277627
-0.273328
-0.264496
-0.256462
-0.245581
-0.234165
-0.220587
-0.205839
-0.189496
-0.171767
-0.153443
-0.134051
-0.115571
-0.0969543
-0.0806356
-0.065378
-0.0527074
-0.0420475
-0.0329969
-0.0264412
-0.0199361
-0.0163818
-0.0111988
-0.00922647
-0.0050593
-0.00375747
-0.000879455
)
;

boundaryField
{
    inlet
    {
        type            zeroGradient;
    }
    outlet
    {
        type            fixedValue;
        value           uniform 0;
    }
    cylinder
    {
        type            zeroGradient;
    }
    top
    {
        type            symmetryPlane;
    }
    bottom
    {
        type            symmetryPlane;
    }
    defaultFaces
    {
        type            empty;
    }
}


// ************************************************************************* //
