/*--------------------------------*- C++ -*----------------------------------*\
  =========                 |
  \\      /  F ield         | OpenFOAM: The Open Source CFD Toolbox
   \\    /   O peration     | Website:  https://openfoam.org
    \\  /    A nd           | Version:  9
     \\/     M anipulation  |
\*---------------------------------------------------------------------------*/
FoamFile
{
    format      ascii;
    class       volScalarField;
    location    "5.9";
    object      p;
}
// * * * * * * * * * * * * * * * * * * * * * * * * * * * * * * * * * * * * * //

dimensions      [0 2 -2 0 0 0 0];

internalField   nonuniform List<scalar> 
8500
(
-0.338753
-0.350997
-0.359948
-0.377303
-0.399364
-0.42532
-0.454973
-0.476728
-0.500594
-0.492751
-0.339855
-0.35182
-0.360797
-0.37815
-0.400339
-0.426356
-0.456724
-0.478335
-0.504142
-0.496403
-0.341985
-0.353401
-0.362414
-0.379739
-0.402156
-0.428224
-0.459952
-0.481145
-0.51058
-0.503024
-0.345005
-0.355616
-0.364648
-0.381876
-0.404577
-0.430559
-0.464136
-0.48447
-0.518754
-0.511405
-0.348725
-0.358299
-0.367296
-0.384299
-0.407273
-0.432904
-0.468567
-0.487505
-0.527213
-0.519991
-0.352926
-0.36126
-0.370126
-0.386714
-0.409862
-0.434802
-0.472433
-0.489471
-0.534451
-0.526904
-0.357382
-0.364309
-0.372899
-0.388832
-0.411946
-0.435861
-0.474965
-0.489764
-0.539161
-0.530972
-0.361879
-0.367275
-0.375399
-0.390403
-0.413172
-0.435812
-0.475534
-0.488247
-0.540081
-0.530943
-0.366232
-0.370018
-0.377453
-0.39125
-0.41325
-0.43459
-0.473581
-0.484939
-0.53753
-0.526724
-0.370296
-0.372444
-0.378952
-0.391303
-0.411905
-0.43219
-0.469515
-0.479695
-0.53178
-0.519146
-0.373972
-0.374507
-0.379836
-0.390521
-0.409345
-0.428418
-0.463683
-0.472938
-0.523243
-0.509433
-0.377207
-0.376204
-0.380134
-0.388928
-0.405751
-0.423485
-0.456415
-0.465465
-0.512133
-0.498331
-0.379996
-0.377568
-0.379931
-0.38667
-0.401339
-0.417739
-0.448134
-0.457528
-0.498872
-0.485878
-0.382373
-0.378662
-0.379355
-0.38397
-0.396424
-0.411539
-0.439489
-0.449217
-0.484145
-0.471681
-0.384411
-0.379573
-0.378567
-0.381079
-0.391378
-0.40522
-0.430814
-0.44049
-0.46863
-0.455575
-0.386212
-0.380398
-0.37774
-0.378261
-0.386562
-0.399154
-0.422285
-0.431356
-0.452671
-0.43793
-0.387908
-0.38125
-0.377053
-0.375761
-0.382284
-0.393527
-0.4139
-0.421893
-0.436284
-0.419412
-0.389652
-0.382244
-0.376679
-0.373784
-0.378705
-0.388458
-0.405596
-0.412111
-0.419311
-0.400579
-0.391607
-0.383501
-0.376775
-0.372473
-0.375842
-0.383992
-0.397355
-0.401906
-0.40167
-0.381888
-0.393937
-0.385138
-0.37747
-0.371867
-0.373637
-0.380087
-0.389208
-0.39116
-0.383806
-0.363992
-0.39679
-0.387265
-0.378841
-0.371904
-0.37206
-0.376556
-0.381165
-0.379919
-0.367141
-0.347628
-0.400284
-0.389975
-0.380881
-0.372487
-0.371091
-0.373129
-0.373208
-0.368401
-0.352295
-0.332733
-0.40451
-0.393332
-0.383476
-0.373589
-0.370605
-0.369571
-0.3653
-0.357001
-0.338562
-0.318622
-0.409543
-0.397362
-0.38646
-0.375258
-0.370349
-0.365747
-0.357426
-0.345843
-0.325783
-0.305616
-0.415437
-0.402044
-0.389729
-0.377496
-0.370047
-0.361608
-0.349563
-0.335042
-0.313793
-0.293337
-0.422239
-0.407247
-0.393335
-0.380125
-0.369501
-0.357142
-0.341709
-0.324606
-0.302434
-0.281793
-0.429992
-0.412828
-0.397469
-0.382833
-0.368586
-0.352355
-0.333853
-0.314512
-0.291613
-0.270792
-0.438716
-0.418636
-0.402331
-0.385323
-0.367216
-0.347256
-0.325984
-0.304706
-0.281215
-0.260255
-0.448373
-0.424579
-0.407981
-0.38741
-0.365323
-0.341845
-0.318081
-0.295124
-0.271155
-0.250066
-0.458831
-0.430672
-0.414234
-0.389003
-0.362852
-0.336106
-0.310112
-0.285699
-0.261342
-0.240139
-0.469884
-0.437015
-0.420672
-0.390041
-0.359766
-0.330015
-0.302037
-0.276363
-0.251698
-0.230391
-0.481133
-0.443744
-0.426759
-0.390453
-0.356042
-0.323537
-0.293807
-0.26705
-0.242147
-0.220753
-0.492258
-0.45096
-0.43199
-0.390142
-0.351658
-0.316637
-0.285373
-0.257699
-0.232622
-0.211161
-0.502936
-0.458666
-0.435987
-0.388987
-0.346591
-0.309277
-0.276684
-0.248249
-0.223065
-0.201559
-0.512895
-0.46671
-0.438524
-0.38686
-0.340809
-0.301425
-0.26769
-0.238643
-0.213423
-0.191899
-0.521921
-0.474766
-0.439507
-0.383644
-0.334268
-0.293042
-0.258344
-0.228826
-0.20365
-0.182136
-0.529849
-0.482355
-0.438946
-0.379245
-0.326922
-0.284091
-0.248602
-0.218754
-0.193703
-0.172234
-0.536552
-0.488907
-0.436896
-0.373604
-0.318718
-0.274532
-0.238423
-0.208383
-0.183543
-0.162168
-0.541924
-0.493899
-0.43336
-0.366681
-0.309607
-0.264324
-0.227771
-0.197677
-0.173136
-0.151933
-0.545874
-0.496966
-0.428216
-0.358437
-0.299545
-0.25343
-0.216612
-0.186603
-0.16245
-0.141538
-0.548304
-0.497806
-0.421371
-0.348831
-0.288494
-0.241817
-0.20492
-0.175131
-0.151457
-0.130977
-0.549095
-0.496205
-0.412763
-0.337825
-0.276422
-0.229457
-0.192668
-0.163236
-0.140147
-0.120185
-0.548094
-0.49202
-0.402349
-0.325391
-0.263304
-0.216326
-0.179834
-0.150895
-0.128547
-0.10907
-0.545115
-0.48516
-0.390078
-0.311527
-0.249123
-0.202405
-0.166398
-0.138096
-0.116707
-0.0975741
-0.539945
-0.475563
-0.375906
-0.296235
-0.233862
-0.187677
-0.152355
-0.124846
-0.104622
-0.0857588
-0.532356
-0.463191
-0.359807
-0.279511
-0.217502
-0.172149
-0.137728
-0.111196
-0.0921418
-0.0737658
-0.522118
-0.448021
-0.341769
-0.261351
-0.200036
-0.155865
-0.122551
-0.0971884
-0.07924
-0.0615842
-0.509013
-0.430046
-0.321784
-0.241764
-0.181513
-0.138889
-0.106807
-0.0828003
-0.0659597
-0.0492057
-0.492855
-0.409276
-0.299833
-0.220806
-0.162068
-0.121159
-0.0905132
-0.0680293
-0.0523447
-0.0366326
-0.473497
-0.385751
-0.275891
-0.198599
-0.14172
-0.102677
-0.0737047
-0.0528876
-0.0384322
-0.0238814
-0.450842
-0.359562
-0.250006
-0.175205
-0.120454
-0.0834908
-0.0564182
-0.0373994
-0.024257
-0.0109796
-0.424846
-0.33084
-0.222389
-0.150514
-0.0983241
-0.0636595
-0.0386941
-0.0215974
-0.0098545
0.00203497
-0.395525
-0.299668
-0.193173
-0.124579
-0.0753865
-0.0432475
-0.0205793
-0.00552086
0.00473848
0.0151187
-0.362963
-0.26596
-0.162591
-0.0975271
-0.0517087
-0.022324
-0.00212762
0.0107864
0.0194871
0.0282279
-0.327313
-0.229769
-0.130777
-0.0695047
-0.0273688
-0.000963568
0.0166004
0.0272792
0.0343614
0.0413193
-0.288717
-0.191418
-0.0977607
-0.0406574
-0.00245847
0.0207537
0.0355397
0.0439165
0.0493311
0.0543237
-0.247197
-0.151446
-0.063632
-0.0111283
0.0229186
0.042742
0.0546247
0.0606653
0.0643432
0.0670673
-0.202994
-0.110242
-0.0285448
0.0189413
0.0486485
0.0649107
0.0737934
0.077494
0.0792873
0.0792072
-0.156514
-0.0679986
0.00730965
0.0494067
0.0746093
0.0871656
0.0929848
0.0943438
0.093985
0.0904396
-0.108136
-0.024931
0.0437184
0.080116
0.100673
0.10941
0.11213
0.111101
0.108261
0.101075
-0.0582579
0.0187122
0.0804553
0.110909
0.126707
0.131546
0.131144
0.127619
0.122047
0.112453
-0.00729777
0.0626593
0.117286
0.14162
0.152576
0.153471
0.149928
0.143784
0.13557
0.124366
0.0443128
0.106623
0.153972
0.172075
0.178143
0.17508
0.168386
0.159567
0.148879
0.136338
0.096132
0.150306
0.190272
0.202099
0.203269
0.196262
0.18642
0.174921
0.16192
0.148182
0.147713
0.193405
0.225947
0.231512
0.227814
0.216907
0.203944
0.1898
0.17462
0.15971
0.19861
0.235617
0.260759
0.260137
0.25164
0.236903
0.22087
0.204148
0.186912
0.170822
0.24838
0.27664
0.294474
0.287798
0.274608
0.256141
0.237114
0.217902
0.198725
0.181437
0.296589
0.31618
0.326865
0.314321
0.296585
0.274514
0.252595
0.230999
0.209996
0.191495
0.342815
0.353956
0.357713
0.339539
0.31744
0.291919
0.267232
0.243375
0.220664
0.200945
0.386647
0.389706
0.386809
0.363288
0.337047
0.308256
0.280949
0.254968
0.230669
0.209746
0.427705
0.423178
0.413955
0.385415
0.355285
0.323432
0.293674
0.26572
0.239958
0.217857
0.465686
0.454086
0.438964
0.405772
0.372044
0.337358
0.305337
0.275575
0.248479
0.225246
0.500302
0.48217
0.461658
0.424225
0.387218
0.349953
0.315875
0.284479
0.256182
0.231881
0.531265
0.50721
0.481878
0.440651
0.400714
0.361143
0.325229
0.292385
0.263024
0.237736
0.558311
0.529023
0.499482
0.454939
0.412444
0.370862
0.333348
0.299248
0.268966
0.242789
0.581212
0.547449
0.514345
0.466994
0.422336
0.379051
0.340186
0.305029
0.273972
0.247023
0.599771
0.562352
0.526364
0.476737
0.430327
0.385663
0.345704
0.309694
0.278013
0.250423
0.613832
0.573625
0.535453
0.484101
0.436365
0.390656
0.349871
0.313217
0.281065
0.252979
0.623272
0.581186
0.541548
0.489038
0.440412
0.394002
0.352662
0.315578
0.28311
0.254686
0.628013
0.58498
0.544606
0.491515
0.442442
0.39568
0.354062
0.316762
0.284136
0.25554
0.628013
0.58498
0.544606
0.491515
0.442442
0.39568
0.354062
0.316762
0.284136
0.25554
0.623272
0.581186
0.541548
0.489038
0.440412
0.394002
0.352662
0.315578
0.28311
0.254686
0.613832
0.573625
0.535453
0.484101
0.436365
0.390656
0.349871
0.313217
0.281065
0.252979
0.599772
0.562352
0.526364
0.476737
0.430327
0.385663
0.345704
0.309694
0.278013
0.250423
0.581212
0.547449
0.514345
0.466994
0.422336
0.379051
0.340186
0.305029
0.273972
0.247023
0.558311
0.529023
0.499482
0.454939
0.412444
0.370862
0.333348
0.299248
0.268966
0.242789
0.531265
0.50721
0.481878
0.440651
0.400714
0.361143
0.325229
0.292385
0.263025
0.237736
0.500302
0.48217
0.461658
0.424225
0.387219
0.349953
0.315875
0.284479
0.256182
0.231881
0.465686
0.454086
0.438964
0.405772
0.372044
0.337358
0.305337
0.275575
0.248479
0.225246
0.427705
0.423178
0.413955
0.385415
0.355285
0.323432
0.293674
0.26572
0.239958
0.217858
0.386647
0.389706
0.386809
0.363288
0.337047
0.308256
0.280949
0.254968
0.230669
0.209746
0.342815
0.353956
0.357713
0.339539
0.31744
0.291919
0.267232
0.243375
0.220664
0.200945
0.296589
0.31618
0.326865
0.314321
0.296585
0.274514
0.252595
0.230999
0.209996
0.191495
0.24838
0.27664
0.294474
0.287798
0.274608
0.256141
0.237114
0.217902
0.198725
0.181437
0.19861
0.235617
0.260759
0.260138
0.25164
0.236903
0.22087
0.204148
0.186912
0.170822
0.147713
0.193405
0.225947
0.231512
0.227814
0.216907
0.203944
0.1898
0.174621
0.15971
0.0961321
0.150306
0.190272
0.202099
0.203269
0.196262
0.18642
0.174921
0.16192
0.148183
0.0443128
0.106623
0.153972
0.172075
0.178143
0.17508
0.168386
0.159567
0.148879
0.136338
-0.00729774
0.0626593
0.117286
0.14162
0.152576
0.153471
0.149928
0.143785
0.13557
0.124366
-0.0582578
0.0187122
0.0804553
0.110909
0.126707
0.131546
0.131144
0.127619
0.122047
0.112453
-0.108136
-0.024931
0.0437185
0.080116
0.100673
0.10941
0.11213
0.111101
0.108261
0.101075
-0.156514
-0.0679985
0.00730969
0.0494068
0.0746094
0.0871657
0.0929848
0.0943438
0.0939851
0.0904397
-0.202994
-0.110242
-0.0285448
0.0189414
0.0486486
0.0649108
0.0737934
0.077494
0.0792873
0.0792073
-0.247197
-0.151446
-0.063632
-0.0111282
0.0229187
0.0427421
0.0546248
0.0606654
0.0643433
0.0670673
-0.288717
-0.191418
-0.0977606
-0.0406573
-0.00245843
0.0207537
0.0355397
0.0439166
0.0493312
0.0543237
-0.327313
-0.229769
-0.130777
-0.0695046
-0.0273688
-0.000963518
0.0166005
0.0272793
0.0343615
0.0413194
-0.362963
-0.26596
-0.162591
-0.097527
-0.0517086
-0.0223239
-0.00212756
0.0107864
0.0194872
0.0282279
-0.395525
-0.299667
-0.193173
-0.124579
-0.0753864
-0.0432474
-0.0205793
-0.0055208
0.00473855
0.0151187
-0.424846
-0.33084
-0.222389
-0.150514
-0.098324
-0.0636595
-0.0386941
-0.0215973
-0.00985444
0.00203504
-0.450842
-0.359562
-0.250006
-0.175205
-0.120454
-0.0834907
-0.0564181
-0.0373993
-0.0242569
-0.0109795
-0.473497
-0.385751
-0.275891
-0.198598
-0.141719
-0.102677
-0.0737047
-0.0528875
-0.0384322
-0.0238813
-0.492855
-0.409276
-0.299833
-0.220806
-0.162068
-0.121159
-0.0905131
-0.0680292
-0.0523446
-0.0366326
-0.509013
-0.430046
-0.321784
-0.241764
-0.181513
-0.138889
-0.106807
-0.0828002
-0.0659596
-0.0492056
-0.522118
-0.448021
-0.341769
-0.261351
-0.200036
-0.155865
-0.122551
-0.0971884
-0.0792399
-0.0615841
-0.532356
-0.463191
-0.359807
-0.279511
-0.217502
-0.172149
-0.137728
-0.111196
-0.0921417
-0.0737657
-0.539945
-0.475563
-0.375905
-0.296235
-0.233862
-0.187677
-0.152355
-0.124846
-0.104622
-0.0857588
-0.545115
-0.48516
-0.390077
-0.311527
-0.249123
-0.202405
-0.166398
-0.138096
-0.116707
-0.097574
-0.548093
-0.49202
-0.402349
-0.325391
-0.263304
-0.216326
-0.179834
-0.150895
-0.128547
-0.10907
-0.549095
-0.496205
-0.412763
-0.337825
-0.276422
-0.229457
-0.192668
-0.163236
-0.140147
-0.120185
-0.548304
-0.497806
-0.421371
-0.348831
-0.288494
-0.241817
-0.20492
-0.175131
-0.151457
-0.130976
-0.545874
-0.496966
-0.428216
-0.358437
-0.299545
-0.25343
-0.216612
-0.186603
-0.16245
-0.141538
-0.541924
-0.493898
-0.433359
-0.366681
-0.309607
-0.264324
-0.227771
-0.197677
-0.173136
-0.151933
-0.536552
-0.488907
-0.436896
-0.373604
-0.318718
-0.274531
-0.238423
-0.208383
-0.183543
-0.162168
-0.529849
-0.482355
-0.438946
-0.379245
-0.326922
-0.284091
-0.248602
-0.218754
-0.193703
-0.172234
-0.521921
-0.474766
-0.439507
-0.383644
-0.334268
-0.293042
-0.258344
-0.228826
-0.20365
-0.182136
-0.512895
-0.46671
-0.438524
-0.38686
-0.340809
-0.301424
-0.26769
-0.238643
-0.213423
-0.191899
-0.502936
-0.458666
-0.435987
-0.388987
-0.346591
-0.309277
-0.276684
-0.248249
-0.223065
-0.201559
-0.492258
-0.45096
-0.43199
-0.390142
-0.351658
-0.316636
-0.285373
-0.257698
-0.232622
-0.211161
-0.481133
-0.443744
-0.426759
-0.390453
-0.356042
-0.323537
-0.293807
-0.26705
-0.242147
-0.220753
-0.469884
-0.437015
-0.420672
-0.390041
-0.359766
-0.330015
-0.302036
-0.276363
-0.251698
-0.230391
-0.458831
-0.430672
-0.414234
-0.389003
-0.362852
-0.336106
-0.310112
-0.285699
-0.261342
-0.240139
-0.448373
-0.424579
-0.407981
-0.38741
-0.365323
-0.341844
-0.318081
-0.295124
-0.271155
-0.250065
-0.438716
-0.418635
-0.402331
-0.385322
-0.367216
-0.347256
-0.325984
-0.304706
-0.281215
-0.260255
-0.429991
-0.412828
-0.397469
-0.382833
-0.368586
-0.352355
-0.333853
-0.314512
-0.291613
-0.270792
-0.422239
-0.407247
-0.393335
-0.380125
-0.369501
-0.357142
-0.341709
-0.324606
-0.302433
-0.281793
-0.415437
-0.402044
-0.389729
-0.377496
-0.370047
-0.361608
-0.349563
-0.335042
-0.313793
-0.293337
-0.409543
-0.397362
-0.38646
-0.375258
-0.370349
-0.365747
-0.357426
-0.345843
-0.325783
-0.305616
-0.40451
-0.393332
-0.383476
-0.373589
-0.370605
-0.369571
-0.3653
-0.357001
-0.338562
-0.318622
-0.400284
-0.389974
-0.380881
-0.372487
-0.371091
-0.373129
-0.373208
-0.368401
-0.352295
-0.332733
-0.39679
-0.387265
-0.378841
-0.371904
-0.37206
-0.376556
-0.381165
-0.379919
-0.367141
-0.347628
-0.393937
-0.385138
-0.37747
-0.371867
-0.373637
-0.380087
-0.389208
-0.39116
-0.383806
-0.363992
-0.391607
-0.383501
-0.376775
-0.372473
-0.375842
-0.383992
-0.397355
-0.401906
-0.40167
-0.381888
-0.389652
-0.382244
-0.376679
-0.373784
-0.378705
-0.388458
-0.405596
-0.412111
-0.419311
-0.400579
-0.387908
-0.38125
-0.377053
-0.375761
-0.382284
-0.393527
-0.4139
-0.421892
-0.436284
-0.419412
-0.386212
-0.380398
-0.37774
-0.378261
-0.386562
-0.399154
-0.422285
-0.431356
-0.452671
-0.43793
-0.384411
-0.379573
-0.378567
-0.381079
-0.391378
-0.40522
-0.430814
-0.44049
-0.46863
-0.455575
-0.382373
-0.378662
-0.379355
-0.38397
-0.396424
-0.411539
-0.439489
-0.449217
-0.484145
-0.471681
-0.379996
-0.377568
-0.379931
-0.38667
-0.401339
-0.417739
-0.448134
-0.457528
-0.498872
-0.485878
-0.377207
-0.376204
-0.380134
-0.388928
-0.405751
-0.423485
-0.456415
-0.465465
-0.512133
-0.498331
-0.373972
-0.374507
-0.379836
-0.390521
-0.409345
-0.428418
-0.463683
-0.472938
-0.523243
-0.509433
-0.370296
-0.372444
-0.378952
-0.391303
-0.411905
-0.43219
-0.469515
-0.479695
-0.53178
-0.519146
-0.366232
-0.370018
-0.377453
-0.39125
-0.41325
-0.43459
-0.473581
-0.484939
-0.53753
-0.526724
-0.361879
-0.367275
-0.375399
-0.390403
-0.413172
-0.435812
-0.475534
-0.488247
-0.540081
-0.530943
-0.357382
-0.364309
-0.372898
-0.388832
-0.411946
-0.435861
-0.474965
-0.489764
-0.539161
-0.530972
-0.352926
-0.36126
-0.370126
-0.386714
-0.409862
-0.434802
-0.472433
-0.489471
-0.534451
-0.526904
-0.348725
-0.358299
-0.367296
-0.384299
-0.407273
-0.432904
-0.468567
-0.487505
-0.527213
-0.519991
-0.345005
-0.355616
-0.364648
-0.381876
-0.404577
-0.430558
-0.464136
-0.48447
-0.518754
-0.511405
-0.341985
-0.353401
-0.362414
-0.379739
-0.402156
-0.428224
-0.459952
-0.481145
-0.51058
-0.503024
-0.339855
-0.35182
-0.360797
-0.37815
-0.400339
-0.426356
-0.456724
-0.478335
-0.504142
-0.496403
-0.338753
-0.350997
-0.359948
-0.377303
-0.399364
-0.42532
-0.454973
-0.476728
-0.500594
-0.492751
-0.472044
-0.371562
-0.247699
-0.116728
-0.0250624
0.0342276
0.0572194
0.0632791
0.0585678
0.0501698
0.0411366
0.0327775
0.0254842
0.0193113
0.0142516
0.0102651
0.00724511
0.00502825
0.00343954
0.00231571
0.00153972
0.00100575
0.00064512
0.00040608
0.000250297
0.000150826
8.81158e-05
4.93329e-05
2.43219e-05
7.64742e-06
-0.476973
-0.376871
-0.252115
-0.120023
-0.0274216
0.0326252
0.0561411
0.0625151
0.0580492
0.0498086
0.0408865
0.0326078
0.0253736
0.0192427
0.0142109
0.0102416
0.00723166
0.00502038
0.00343473
0.00231279
0.00153782
0.00100453
0.000644326
0.00040557
0.000249973
0.000150624
8.79929e-05
4.92612e-05
2.42863e-05
7.63622e-06
-0.485795
-0.386524
-0.26044
-0.126369
-0.0320476
0.0294128
0.0539724
0.0609793
0.0570105
0.0490901
0.0403912
0.0322731
0.0251554
0.019107
0.0141303
0.0101951
0.00720485
0.00500469
0.00342513
0.00230695
0.00153401
0.00100208
0.00064274
0.000404551
0.000249325
0.000150219
8.77475e-05
4.9119e-05
2.42146e-05
7.61275e-06
-0.497062
-0.398834
-0.271914
-0.135285
-0.038738
0.0246268
0.0507068
0.0586676
0.0554497
0.0480204
0.0396611
0.0317814
0.0248348
0.0189072
0.014011
0.0101259
0.00716489
0.00498124
0.00341077
0.00229821
0.00152829
0.000998409
0.00064036
0.000403023
0.000248354
0.000149612
8.73796e-05
4.89058e-05
2.4107e-05
7.57764e-06
-0.50867
-0.412388
-0.285305
-0.146237
-0.0472369
0.0183218
0.0463622
0.0555906
0.0533667
0.0466144
0.0387094
0.0311436
0.0244189
0.0186469
0.0138549
0.0100348
0.00711207
0.00495014
0.0033917
0.0022866
0.00152068
0.000993519
0.000637189
0.000400988
0.000247059
0.000148804
8.68894e-05
4.86217e-05
2.39637e-05
7.53096e-06
-0.519846
-0.42499
-0.29932
-0.158786
-0.0572043
0.0106717
0.0409485
0.0517819
0.050788
0.0448896
0.0375516
0.0303719
0.0239157
0.0183307
0.013664
0.00992277
0.00704675
0.00491152
0.00336799
0.00227214
0.00151115
0.00098741
0.000633226
0.000398444
0.000245442
0.000147794
8.62773e-05
4.8267e-05
2.37848e-05
7.47276e-06
-0.527178
-0.436884
-0.313145
-0.172151
-0.0683088
0.00184513
0.0345938
0.0472917
0.0477467
0.0428692
0.0362054
0.029479
0.0233337
0.0179634
0.0134407
0.00979084
0.00696935
0.00486555
0.0033397
0.00225509
0.00149973
0.000980083
0.000628473
0.000395394
0.000243503
0.000146584
8.55437e-05
4.78419e-05
2.35704e-05
7.40311e-06
-0.530696
-0.446208
-0.325753
-0.18577
-0.0801705
-0.00792576
0.0274358
0.042194
0.0442898
0.0405819
0.0346898
0.0284776
0.0226809
0.0175496
0.0131876
0.00964009
0.00688031
0.00481238
0.00330695
0.00223488
0.00148639
0.000971541
0.000622931
0.000391839
0.000241244
0.000145174
8.46891e-05
4.73469e-05
2.33206e-05
7.32211e-06
-0.528965
-0.452772
-0.33655
-0.199079
-0.0924358
-0.0183902
0.0196229
0.0365836
0.0404724
0.0380588
0.0330238
0.0273797
0.021965
0.017094
0.0129069
0.00947162
0.00678008
0.00475219
0.0032698
0.00221178
0.00147115
0.000961787
0.0006166
0.000387779
0.000238664
0.000143565
8.3714e-05
4.67821e-05
2.30356e-05
7.22987e-06
-0.522417
-0.455752
-0.345101
-0.211618
-0.104778
-0.0293012
0.0113136
0.0305615
0.0363515
0.0353315
0.0312263
0.0261964
0.0211927
0.0166006
0.0126008
0.00928648
0.00666911
0.00468514
0.00322839
0.0021928
0.00145394
0.000950821
0.000609481
0.000383216
0.000235766
0.000141758
8.26191e-05
4.61481e-05
2.27156e-05
7.12652e-06
-0.511541
-0.455083
-0.351135
-0.223042
-0.11692
-0.0404302
0.0026601
0.0242257
0.03198
0.0324289
0.0293141
0.0249377
0.0203701
0.0160729
0.0122713
0.00908562
0.00654782
0.00461139
0.00318275
0.00215939
0.00143479
0.000938638
0.000601576
0.000378152
0.00023255
0.000139754
8.14051e-05
4.54454e-05
2.23608e-05
7.01219e-06
-0.49728
-0.451108
-0.354369
-0.233053
-0.128634
-0.0515776
-0.00619961
0.0176676
0.0274243
0.0293746
0.0273019
0.0236119
0.0195021
0.0155139
0.0119201
0.00886989
0.00641658
0.0045311
0.00313269
0.00212564
0.00141404
0.000925248
0.000592883
0.000372589
0.000229018
0.000137553
8.00728e-05
4.46745e-05
2.19714e-05
6.88704e-06
-0.480723
-0.443769
-0.355207
-0.241462
-0.139739
-0.0625798
-0.0151473
0.0109648
0.0227286
0.0261901
0.0252016
0.022226
0.0185928
0.0149261
0.0115486
0.00864003
0.00627574
0.0044444
0.00307842
0.00209133
0.00139136
0.000910621
0.000583404
0.000366526
0.00022517
0.000135158
7.86232e-05
4.38359e-05
2.15478e-05
6.75126e-06
-0.462724
-0.433708
-0.353866
-0.248128
-0.150089
-0.0733081
-0.0240866
0.00417704
0.0179095
0.0228976
0.0230228
0.0207854
0.0176454
0.0143114
0.0111579
0.00839666
0.0061256
0.00435143
0.00302004
0.00205319
0.00136762
0.000894802
0.000573136
0.000359966
0.000221009
0.000132569
7.7057e-05
4.29304e-05
2.10901e-05
6.60504e-06
-0.444147
-0.421487
-0.350756
-0.253256
-0.159569
-0.0836656
-0.0329433
-0.0026485
0.0130018
0.019513
0.0207718
0.0192945
0.0166626
0.0136715
0.0107491
0.0081403
0.00596641
0.00425231
0.00295758
0.00201298
0.00134262
0.000877591
0.000562062
0.000352903
0.000216534
0.000129787
7.53751e-05
4.19585e-05
2.05988e-05
6.44856e-06
-0.425745
-0.407713
-0.346043
-0.25705
-0.168111
-0.0935758
-0.041657
-0.00947205
0.00803361
0.0160481
0.0184504
0.0177544
0.0156458
0.0130075
0.010323
0.00787154
0.00579851
0.00414724
0.00289111
0.00197057
0.00131541
0.000860003
0.000550275
0.000345343
0.000211747
0.000126813
7.35785e-05
4.0921e-05
2.00742e-05
6.28207e-06
-0.408398
-0.393529
-0.340543
-0.259767
-0.175734
-0.10298
-0.0501934
-0.0162801
0.00301878
0.0125426
0.0160717
0.0161691
0.0145948
0.0123191
0.00987928
0.00759016
0.00562175
0.0040361
0.0028206
0.00192522
0.00128422
0.000838337
0.000537595
0.000337322
0.000206656
0.00012365
7.16699e-05
3.98198e-05
1.95172e-05
6.10593e-06
-0.392253
-0.378593
-0.333713
-0.261498
-0.182562
-0.111928
-0.0585481
-0.0230202
-0.00198419
0.0090004
0.0136432
0.0145584
0.0135226
0.0116127
0.00942142
0.00729805
0.00543713
0.00391938
0.00274619
0.00187717
0.00125389
0.000820881
0.000522628
0.00032871
0.000201226
0.000120291
6.96479e-05
3.86553e-05
1.89285e-05
5.92058e-06
-0.378775
-0.365898
-0.327546
-0.262406
-0.188148
-0.119871
-0.0663383
-0.0295632
-0.00701845
0.00532639
0.0110367
0.0128511
0.0124113
0.0108879
0.00895321
0.00699946
0.00524829
0.0037999
0.00267001
0.00182806
0.00122175
0.00079754
0.000512156
0.000318872
0.000195305
0.00011669
6.7488e-05
3.74145e-05
1.8303e-05
5.72535e-06
-0.365312
-0.350603
-0.319332
-0.263418
-0.195216
-0.12924
-0.0756126
-0.0371612
-0.0126278
0.00144356
0.00841298
0.0110019
0.01116
0.0100573
0.00840827
0.00664603
0.00502121
0.0036547
0.00257718
0.00176853
0.00118345
0.0007736
0.000495571
0.000310563
0.000189471
0.000112886
6.51682e-05
3.60802e-05
1.76318e-05
5.5178e-06
-0.357399
-0.341365
-0.310442
-0.257818
-0.192938
-0.129686
-0.0775897
-0.0397973
-0.0152543
-0.000856218
0.00660334
0.0097006
0.0102526
0.00944413
0.00800756
0.00639023
0.00485881
0.00355031
0.00250858
0.00172247
0.00115222
0.000752459
0.000481212
0.000300447
0.000183422
0.000109257
6.30003e-05
3.48286e-05
1.69923e-05
5.31767e-06
-0.338818
-0.324012
-0.295289
-0.247375
-0.187516
-0.128394
-0.0789154
-0.0423193
-0.018016
-0.00334967
0.00456041
0.00811715
0.00906725
0.00858113
0.00739446
0.00596493
0.00457035
0.00335838
0.00238287
0.00164116
0.00110028
0.000719686
0.000460737
0.000287803
0.000175825
0.000104771
6.0427e-05
3.34117e-05
1.63021e-05
5.10565e-06
-0.324188
-0.308631
-0.281423
-0.237657
-0.182377
-0.127081
-0.0801045
-0.0447334
-0.0207339
-0.00586441
0.0024534
0.00645147
0.00780246
0.00764879
0.00672458
0.0054955
0.00424908
0.00314299
0.00224094
0.00154897
0.00104123
0.000682411
0.000437458
0.000273611
0.00016725
9.97122e-05
5.75341e-05
3.18275e-05
1.55347e-05
4.87046e-06
-0.308683
-0.293581
-0.267996
-0.228115
-0.177225
-0.125636
-0.0811377
-0.0470261
-0.0233844
-0.00836194
0.000333952
0.00476251
0.00651236
0.0066934
0.00603571
0.00501122
0.00391649
0.00291914
0.00209282
0.00145234
0.000979066
0.000643009
0.000412762
0.000258464
0.000158092
9.43053e-05
5.44371e-05
3.01282e-05
1.47096e-05
4.61741e-06
-0.293284
-0.278936
-0.254947
-0.218681
-0.172004
-0.12402
-0.0819884
-0.0491829
-0.0259623
-0.0108389
-0.00179732
0.00304628
0.00519005
0.00570722
0.00532035
0.00450556
0.00356745
0.00268313
0.001936
0.00134969
0.000912854
0.000600938
0.000386355
0.00024222
0.000148272
8.85049e-05
5.11121e-05
2.83022e-05
1.38223e-05
4.34509e-06
-0.278129
-0.264755
-0.242328
-0.209404
-0.166745
-0.122245
-0.0826534
-0.0511938
-0.0284566
-0.0132868
-0.0039365
0.0013023
0.00383264
0.00468625
0.00457433
0.00397477
0.0031989
0.00243262
0.00176885
0.0012399
0.000841861
0.000555743
0.000357963
0.000224738
0.000137701
8.22575e-05
4.75298e-05
2.63347e-05
1.28663e-05
4.0516e-06
-0.263289
-0.251043
-0.23016
-0.200312
-0.161464
-0.120318
-0.0831306
-0.0530494
-0.0308548
-0.0156944
-0.00607524
-0.000463984
0.00244328
0.00363206
0.00379821
0.00341886
0.00281057
0.00216729
0.00159102
0.0011227
0.000765868
0.000507264
0.000327478
0.000205948
0.000126333
7.55358e-05
4.36744e-05
2.4217e-05
1.18372e-05
3.73575e-06
-0.248794
-0.237801
-0.218447
-0.191427
-0.156174
-0.118248
-0.0834192
-0.0547415
-0.0331455
-0.0180505
-0.00820452
-0.00224613
0.00102613
0.00254703
0.00299322
0.00283834
0.00240259
0.00188704
0.00140234
0.000997909
0.000684729
0.000455391
0.000294819
0.000185796
0.000114133
6.83184e-05
3.95332e-05
2.1942e-05
1.07314e-05
3.39654e-06
-0.234701
-0.225033
-0.207189
-0.182767
-0.150887
-0.116043
-0.0835199
-0.0562635
-0.0353182
-0.0203443
-0.0103152
-0.00403755
-0.000414586
0.00143359
0.00216054
0.00223363
0.00197496
0.0015917
0.00120261
0.000865319
0.000598276
0.000399999
0.0002599
0.000164223
0.000101065
6.05833e-05
3.50932e-05
1.95025e-05
9.54559e-06
3.033e-06
-0.221062
-0.212741
-0.196387
-0.174351
-0.145618
-0.113715
-0.0834359
-0.0576103
-0.0373634
-0.0225651
-0.0123981
-0.00583129
-0.00187422
0.000294514
0.00130164
0.00160537
0.00152785
0.0012812
0.000991646
0.000724759
0.00050636
0.000340977
0.000222642
0.000141178
8.70958e-05
5.23101e-05
3.03423e-05
1.68917e-05
8.27631e-06
2.64424e-06
-0.207917
-0.200927
-0.186039
-0.166195
-0.140382
-0.111273
-0.0831718
-0.0587788
-0.0392726
-0.0247028
-0.0144437
-0.0076199
-0.00334755
-0.000866873
0.000418434
0.000954547
0.00106167
0.000955641
0.000769412
0.000576129
0.00040888
0.00027824
0.000182982
0.000116617
7.21968e-05
4.34814e-05
2.52704e-05
1.41039e-05
6.92083e-06
2.22959e-06
-0.195301
-0.189594
-0.17614
-0.158314
-0.135193
-0.108731
-0.0827342
-0.0597675
-0.0410386
-0.0267477
-0.0164424
-0.00939551
-0.00482878
-0.00204669
-0.000486677
0.000282521
0.000577118
0.000615327
0.000535994
0.000419421
0.000305793
0.00021174
0.00014088
9.05106e-05
5.63483e-05
3.40845e-05
1.98696e-05
1.11348e-05
5.47701e-06
1.78854e-06
-0.183244
-0.178742
-0.166686
-0.150718
-0.130068
-0.106102
-0.0821315
-0.0605768
-0.0426557
-0.0286906
-0.0183848
-0.0111499
-0.00631156
-0.00324047
-0.00141078
-0.000408927
7.52071e-05
0.000260785
0.000291642
0.000254732
0.000197121
0.000141472
9.63226e-05
6.28462e-05
3.95401e-05
2.41126e-05
1.41356e-05
7.98201e-06
3.94363e-06
1.32093e-06
-0.171769
-0.168375
-0.157671
-0.143417
-0.125025
-0.1034
-0.0813737
-0.0612095
-0.0441196
-0.0305234
-0.0202616
-0.0128744
-0.00778901
-0.00444315
-0.0023504
-0.00111755
-0.000442687
-0.000107185
3.67913e-05
8.22874e-05
8.29742e-05
6.74866e-05
4.93296e-05
3.36315e-05
2.17747e-05
1.35662e-05
8.06833e-06
4.64524e-06
2.32058e-06
8.26921e-07
-0.160891
-0.158495
-0.149092
-0.136421
-0.120081
-0.100642
-0.0804725
-0.06167
-0.045428
-0.0322388
-0.0220636
-0.0145605
-0.00925376
-0.00564908
-0.0033015
-0.00184061
-0.000974786
-0.000487481
-0.0002279
-9.75351e-05
-3.64352e-05
-1.01e-05
-3.58264e-08
2.90072e-06
3.07037e-06
2.45522e-06
1.67297e-06
1.12734e-06
6.09226e-07
3.07136e-07
-0.150622
-0.14911
-0.140945
-0.129736
-0.115258
-0.0978455
-0.0794418
-0.0619654
-0.0465801
-0.033831
-0.0237824
-0.0161991
-0.010698
-0.00685198
-0.00425939
-0.0025748
-0.00151886
-0.00087865
-0.000501519
-0.000284177
-0.000160774
-9.10909e-05
-5.16594e-05
-2.92799e-05
-1.6535e-05
-9.19892e-06
-5.03854e-06
-2.56519e-06
-1.18731e-06
-2.37259e-07
-0.14097
-0.140226
-0.133232
-0.123369
-0.110576
-0.0950315
-0.0782969
-0.0621044
-0.0475773
-0.0352953
-0.02541
-0.0177816
-0.0121135
-0.00804501
-0.00521877
-0.00331623
-0.00207217
-0.00127885
-0.00078286
-0.000476871
-0.000289563
-0.000175194
-0.000105365
-6.28053e-05
-3.69798e-05
-2.13606e-05
-1.20461e-05
-6.4214e-06
-3.06368e-06
-8.04443e-07
-0.131943
-0.131852
-0.125952
-0.117329
-0.106055
-0.0922214
-0.0770554
-0.0620982
-0.0484227
-0.0366288
-0.0269394
-0.0192993
-0.0134918
-0.00922074
-0.00617367
-0.00406038
-0.00263145
-0.0016858
-0.00107038
-0.000674609
-0.000422158
-0.000262003
-0.000160903
-9.75241e-05
-5.8174e-05
-3.39771e-05
-1.93199e-05
-1.04249e-05
-5.01192e-06
-1.39181e-06
-0.123542
-0.123995
-0.11911
-0.111624
-0.101718
-0.0894389
-0.0757368
-0.0619599
-0.0491216
-0.0378301
-0.0283645
-0.0207438
-0.0148242
-0.0103712
-0.00711747
-0.00480205
-0.00319284
-0.00209673
-0.00136218
-0.000876107
-0.00055772
-0.000350983
-0.000217939
-0.000133231
-7.9994e-05
-4.69757e-05
-2.68182e-05
-1.45528e-05
-7.02088e-06
-1.99584e-06
-0.115772
-0.116666
-0.112709
-0.106262
-0.0975839
-0.086709
-0.0743624
-0.0617045
-0.0496815
-0.0388996
-0.0296802
-0.022107
-0.0161017
-0.0114881
-0.00804286
-0.00553537
-0.00375183
-0.00250834
-0.00165591
-0.00107977
-0.000695189
-0.000441447
-0.000276037
-0.000169656
-0.000102277
-6.02599e-05
-3.44857e-05
-1.87746e-05
-9.0757e-06
-2.61195e-06
-0.108628
-0.109875
-0.106758
-0.101255
-0.0936752
-0.0840584
-0.0729557
-0.0613493
-0.0501118
-0.0398393
-0.0308828
-0.0233815
-0.0173154
-0.0125622
-0.00894184
-0.00625372
-0.00430323
-0.00291675
-0.0019488
-0.00128366
-0.000833257
-0.000532536
-0.00033465
-0.000206457
-0.000124814
-7.37059e-05
-4.22511e-05
-2.30512e-05
-1.11572e-05
-3.23429e-06
-0.102134
-0.103632
-0.101267
-0.0966157
-0.0900135
-0.0815152
-0.071542
-0.0609136
-0.0504243
-0.0406528
-0.0319698
-0.0245603
-0.0184562
-0.0135844
-0.00980573
-0.00694968
-0.00484111
-0.00331745
-0.00223752
-0.00148545
-0.000970337
-0.000623199
-0.000393101
-0.000243209
-0.000147345
-8.71587e-05
-5.00251e-05
-2.73332e-05
-1.32414e-05
-3.85564e-06
-0.096249
-0.0979475
-0.0962457
-0.0923586
-0.0866213
-0.0791086
-0.0701489
-0.0604188
-0.0506324
-0.0413454
-0.0329397
-0.025637
-0.0195149
-0.0145445
-0.0106251
-0.00761503
-0.00535878
-0.00370523
-0.00251824
-0.0016824
-0.00110453
-0.000712173
-0.000450569
-0.000279394
-0.000169552
-0.000100428
-5.76975e-05
-3.15599e-05
-1.52987e-05
-4.46721e-06
-0.0910107
-0.092841
-0.091713
-0.0885028
-0.0835234
-0.0768693
-0.0688057
-0.0598883
-0.0507515
-0.0419239
-0.0337921
-0.0266056
-0.0204822
-0.0154322
-0.0113898
-0.0082407
-0.00584866
-0.00407417
-0.0027865
-0.00187128
-0.00123362
-0.000797959
-0.000506078
-0.000314394
-0.000191054
-0.000113286
-6.51358e-05
-3.56581e-05
-1.72932e-05
-5.05846e-06
-0.0864181
-0.0883309
-0.087689
-0.0850702
-0.0807466
-0.0748294
-0.0675437
-0.0593473
-0.0507986
-0.0423963
-0.034527
-0.0274606
-0.0213487
-0.0162364
-0.0120887
-0.00881666
-0.00630233
-0.00441754
-0.00303722
-0.00204842
-0.00135501
-0.000878808
-0.000558481
-0.000347479
-0.000211399
-0.00012546
-7.21829e-05
-3.95412e-05
-1.91828e-05
-5.61701e-06
-0.0824849
-0.0844409
-0.0842001
-0.0820881
-0.0783211
-0.0730229
-0.0663961
-0.0588228
-0.0507919
-0.0427715
-0.035145
-0.0281962
-0.0221045
-0.0169452
-0.0127097
-0.00933186
-0.00671037
-0.00472782
-0.00326463
-0.00220959
-0.00146575
-0.000952709
-0.000606457
-0.000377805
-0.000230065
-0.000136637
-7.86557e-05
-4.31081e-05
-2.09181e-05
-6.1285e-06
-0.0792373
-0.0812071
-0.0812834
-0.0795915
-0.0762822
-0.0714868
-0.0653984
-0.0583433
-0.0507508
-0.0430591
-0.0356462
-0.0288061
-0.0227387
-0.0175455
-0.0132398
-0.00977414
-0.00706237
-0.00499658
-0.00346229
-0.00235006
-0.00156248
-0.00101738
-0.0006485
-0.000404409
-0.000246453
-0.000146456
-8.4345e-05
-4.62432e-05
-2.24428e-05
-6.57661e-06
-0.0766956
-0.0786656
-0.0789817
-0.077621
-0.0746691
-0.0702608
-0.0645877
-0.0579383
-0.0506945
-0.0432676
-0.0360302
-0.0292825
-0.0232393
-0.018023
-0.0136641
-0.01013
-0.00734677
-0.00521449
-0.00362301
-0.00246455
-0.00164147
-0.00107027
-0.000682926
-0.000426214
-0.000259895
-0.000154514
-8.90156e-05
-4.88166e-05
-2.36938e-05
-6.94313e-06
-0.0749354
-0.0768903
-0.0773628
-0.0762342
-0.073532
-0.0693904
-0.0640043
-0.0576388
-0.0506421
-0.0434046
-0.0362946
-0.0296153
-0.0235918
-0.0183613
-0.0139665
-0.0103846
-0.00755083
-0.00537129
-0.00373893
-0.00254728
-0.00169863
-0.0011086
-0.000707897
-0.000442042
-0.000269659
-0.00016037
-9.24111e-05
-5.06871e-05
-2.46021e-05
-7.20826e-06
-0.0739808
-0.0759374
-0.0764971
-0.0754953
-0.0729268
-0.0689254
-0.0636899
-0.0574746
-0.0506098
-0.0434743
-0.0364332
-0.0297915
-0.0237791
-0.0185417
-0.0141282
-0.0105211
-0.0076605
-0.0054557
-0.00380141
-0.00259192
-0.0017295
-0.0011293
-0.000721392
-0.000450598
-0.000274937
-0.000163536
-9.42466e-05
-5.1697e-05
-2.50907e-05
-7.34833e-06
-0.130567
-0.140289
-0.14991
-0.159428
-0.168846
-0.178184
-0.187472
-0.196741
-0.206032
-0.215383
-0.224846
-0.234466
-0.244314
-0.254424
-0.264889
-0.275734
-0.286966
-0.298856
-0.310735
-0.32518
-0.126097
-0.135412
-0.144614
-0.153716
-0.162728
-0.171666
-0.180556
-0.189423
-0.198298
-0.207212
-0.216208
-0.225314
-0.234585
-0.244053
-0.253753
-0.263796
-0.273982
-0.285004
-0.295639
-0.308844
-0.121699
-0.130571
-0.13933
-0.147993
-0.156572
-0.16508
-0.173536
-0.181959
-0.190375
-0.198807
-0.207285
-0.215837
-0.224492
-0.23331
-0.242253
-0.251562
-0.260877
-0.271102
-0.281097
-0.293337
-0.117343
-0.125794
-0.134143
-0.142408
-0.150597
-0.158721
-0.166795
-0.174836
-0.182865
-0.190904
-0.198972
-0.207107
-0.215312
-0.223685
-0.23213
-0.240962
-0.249775
-0.259392
-0.268981
-0.280066
-0.113055
-0.121098
-0.129048
-0.136922
-0.144727
-0.152473
-0.160171
-0.167839
-0.175491
-0.183152
-0.190831
-0.198576
-0.206366
-0.214322
-0.222315
-0.230651
-0.238958
-0.24782
-0.256759
-0.266686
-0.108843
-0.116483
-0.124037
-0.13152
-0.138938
-0.1463
-0.153615
-0.160898
-0.16816
-0.175425
-0.182693
-0.190015
-0.197357
-0.204835
-0.212323
-0.22006
-0.227794
-0.235868
-0.24419
-0.253269
-0.104704
-0.111949
-0.119111
-0.126207
-0.133242
-0.140222
-0.147155
-0.154052
-0.160921
-0.167784
-0.174636
-0.181524
-0.188413
-0.195399
-0.202391
-0.209546
-0.216759
-0.224174
-0.231948
-0.24029
-0.100643
-0.1075
-0.11428
-0.120996
-0.127654
-0.134258
-0.140812
-0.147328
-0.15381
-0.160276
-0.166723
-0.173186
-0.179643
-0.186158
-0.192692
-0.199319
-0.206043
-0.212858
-0.22004
-0.227656
-0.0966626
-0.103143
-0.109549
-0.115894
-0.122182
-0.128417
-0.1346
-0.140741
-0.146843
-0.152921
-0.158972
-0.165022
-0.171063
-0.177128
-0.183216
-0.189338
-0.195559
-0.201793
-0.208377
-0.21532
-0.0927685
-0.0988829
-0.104926
-0.110909
-0.116837
-0.122709
-0.128529
-0.134304
-0.140034
-0.145732
-0.151398
-0.157046
-0.162679
-0.168307
-0.173954
-0.179591
-0.185319
-0.191018
-0.197041
-0.203369
-0.0889649
-0.0947251
-0.100416
-0.106049
-0.111626
-0.117147
-0.122614
-0.128031
-0.133401
-0.138729
-0.14402
-0.149278
-0.154516
-0.159726
-0.164946
-0.170131
-0.175391
-0.180599
-0.186091
-0.191842
-0.0852563
-0.0906755
-0.0960278
-0.101322
-0.106561
-0.111742
-0.116867
-0.121938
-0.126958
-0.131929
-0.136858
-0.141743
-0.146599
-0.151414
-0.156226
-0.160988
-0.165803
-0.17055
-0.175537
-0.180755
-0.0816482
-0.0867404
-0.0917675
-0.096737
-0.101649
-0.106503
-0.111299
-0.116037
-0.120721
-0.12535
-0.129931
-0.13446
-0.138952
-0.143391
-0.147815
-0.152177
-0.15657
-0.160887
-0.165403
-0.170128
-0.0781461
-0.0829265
-0.0876432
-0.0923015
-0.0969017
-0.101442
-0.105923
-0.110343
-0.114705
-0.119008
-0.123256
-0.127446
-0.131591
-0.135675
-0.139731
-0.143719
-0.147716
-0.151635
-0.155712
-0.159981
-0.0747527
-0.079238
-0.0836604
-0.0880231
-0.0923263
-0.0965687
-0.100749
-0.104867
-0.108922
-0.112915
-0.116848
-0.120718
-0.124535
-0.128286
-0.131997
-0.135635
-0.139263
-0.142812
-0.146482
-0.150327
-0.0714795
-0.0756872
-0.0798301
-0.0839118
-0.0879333
-0.091893
-0.0957891
-0.0996202
-0.103386
-0.107086
-0.110723
-0.114291
-0.1178
-0.121239
-0.124628
-0.12794
-0.131227
-0.134434
-0.137731
-0.141183
-0.0683356
-0.0722789
-0.0761577
-0.079975
-0.0837313
-0.0874247
-0.0910531
-0.0946146
-0.0981088
-0.101534
-0.104892
-0.108179
-0.111401
-0.114549
-0.117639
-0.120651
-0.123624
-0.126515
-0.12947
-0.132561
-0.0653283
-0.0690219
-0.0726526
-0.076222
-0.0797297
-0.0831735
-0.0865511
-0.0898605
-0.0931007
-0.0962698
-0.0993684
-0.102394
-0.10535
-0.108229
-0.111045
-0.113779
-0.116465
-0.119069
-0.121714
-0.124474
-0.0624628
-0.0659239
-0.0693234
-0.0726616
-0.0759376
-0.079149
-0.0822934
-0.0853684
-0.0883728
-0.0913046
-0.0941637
-0.0969475
-0.0996586
-0.102292
-0.104855
-0.107337
-0.109762
-0.112105
-0.114469
-0.116928
-0.0597487
-0.0629943
-0.0661793
-0.0693032
-0.0723646
-0.075361
-0.0782898
-0.0811486
-0.0839357
-0.0866491
-0.0892883
-0.091851
-0.0943384
-0.0967467
-0.0990818
-0.101334
-0.103524
-0.105632
-0.107743
-0.10993
-0.0571954
-0.0602424
-0.0632299
-0.0661566
-0.0690207
-0.0718196
-0.0745508
-0.0772115
-0.0797999
-0.082314
-0.0847529
-0.0871145
-0.0893994
-0.0916043
-0.0937336
-0.0957801
-0.0977587
-0.0996569
-0.101543
-0.103486
-0.0548134
-0.0576788
-0.0604858
-0.0632325
-0.0659167
-0.0685359
-0.0710872
-0.073568
-0.0759764
-0.0783102
-0.0805684
-0.0827489
-0.0848518
-0.0868746
-0.0888201
-0.0906832
-0.0924752
-0.0941878
-0.0958764
-0.0976031
-0.0526145
-0.0553154
-0.0579589
-0.0605427
-0.0630645
-0.0655214
-0.0679108
-0.07023
-0.0724768
-0.0746493
-0.076746
-0.0787651
-0.0807064
-0.0825677
-0.0843509
-0.0860523
-0.0876801
-0.0892291
-0.0907429
-0.0922756
-0.0506122
-0.0531657
-0.0556629
-0.0581011
-0.0604778
-0.0627902
-0.0650355
-0.0672112
-0.069315
-0.0713449
-0.0732993
-0.0751766
-0.0769762
-0.0786964
-0.0803382
-0.0818989
-0.0833847
-0.0847924
-0.0861555
-0.0875198
-0.0488208
-0.051244
-0.053612
-0.0559219
-0.0581709
-0.0603565
-0.0624757
-0.064526
-0.0665052
-0.0684111
-0.0702424
-0.0719972
-0.0736749
-0.075274
-0.076795
-0.0782359
-0.0796012
-0.0808891
-0.0821246
-0.0833442
-0.0472604
-0.0495708
-0.0518272
-0.0540263
-0.0561655
-0.058242
-0.060253
-0.0621961
-0.0640691
-0.0658697
-0.0675966
-0.0692481
-0.0708233
-0.072321
-0.0737412
-0.0750826
-0.076348
-0.0775368
-0.0786665
-0.0797642
-0.045946
-0.0481611
-0.0503232
-0.0524293
-0.0544766
-0.0564623
-0.0583837
-0.0602384
-0.062024
-0.0637387
-0.0653807
-0.0669485
-0.0684412
-0.0698576
-0.0711974
-0.0724598
-0.0736464
-0.074757
-0.0758031
-0.0768031
-0.0449158
-0.0470546
-0.0491414
-0.0511728
-0.0531461
-0.0550587
-0.0569083
-0.0586923
-0.0604087
-0.0620554
-0.0636309
-0.0651336
-0.0665626
-0.0679167
-0.0691955
-0.0703982
-0.0715256
-0.0725776
-0.0735607
-0.0744852
-0.0441736
-0.0462553
-0.0482862
-0.0502638
-0.0521851
-0.0540471
-0.0558473
-0.0575833
-0.0592529
-0.0608542
-0.0623856
-0.0638456
-0.065233
-0.0665469
-0.0677866
-0.0689515
-0.0700418
-0.0710573
-0.0720011
-0.0728772
-0.0438035
-0.0458457
-0.0478375
-0.0497758
-0.0516583
-0.0534831
-0.055248
-0.0569508
-0.0585894
-0.060162
-0.0616669
-0.0631026
-0.064468
-0.0657619
-0.0669836
-0.0681322
-0.0692076
-0.0702092
-0.071138
-0.0719945
0.0928587
0.0816836
0.0705109
0.0594269
0.0478717
0.0360935
0.0242901
0.0124821
0.000690126
-0.0110399
-0.0226723
-0.0341835
-0.0455558
-0.0567729
-0.0678213
-0.0787044
-0.0894764
-0.100204
-0.110598
-0.120696
0.0884642
0.0768359
0.0652568
0.0544764
0.0433865
0.0320839
0.0208129
0.00958074
-0.0016197
-0.0127561
-0.0237932
-0.0347103
-0.0454984
-0.0561505
-0.066662
-0.0770236
-0.0871956
-0.097211
-0.10703
-0.116646
0.083014
0.0716288
0.0600806
0.0497692
0.0393078
0.0285527
0.0178191
0.00715293
-0.00347529
-0.0140421
-0.0245059
-0.0348506
-0.0450713
-0.0551598
-0.0651038
-0.0748896
-0.0845261
-0.0941233
-0.103509
-0.112687
0.0772923
0.0664913
0.0551193
0.0451857
0.0353133
0.0251017
0.0148844
0.00476755
-0.00529175
-0.0152895
-0.0251874
-0.0349714
-0.0446407
-0.0541913
-0.0636145
-0.0728996
-0.0820345
-0.0911021
-0.100014
-0.108758
0.0715325
0.0613771
0.0503203
0.0407566
0.0314662
0.0218304
0.012134
0.00254848
-0.00695992
-0.0164054
-0.0257597
-0.0350079
-0.0441498
-0.0531843
-0.0621071
-0.0709158
-0.079606
-0.0881117
-0.0965633
-0.104886
0.065848
0.0563404
0.0457156
0.0365278
0.0277807
0.0187199
0.0095415
0.000466031
-0.00851136
-0.0174195
-0.0262465
-0.0349775
-0.0436107
-0.0521458
-0.0605786
-0.0689021
-0.0771027
-0.08517
-0.0931827
-0.101083
0.0603021
0.0514176
0.0413028
0.0325082
0.0242675
0.0157717
0.00711294
-0.00146683
-0.0099336
-0.0183227
-0.0266404
-0.0348745
-0.0430195
-0.0510746
-0.0590368
-0.0668994
-0.0746545
-0.0822866
-0.0898655
-0.0973478
0.0549468
0.0466547
0.0370956
0.0287117
0.0209444
0.0129914
0.00484764
-0.00324943
-0.0112271
-0.0191186
-0.0269463
-0.0347029
-0.0423799
-0.0499744
-0.0574844
-0.0649036
-0.0722255
-0.0794415
-0.0866047
-0.0936805
0.0498204
0.0420866
0.0331024
0.025142
0.0178203
0.0103822
0.00274349
-0.00488198
-0.0123909
-0.0198074
-0.0271654
-0.0344642
-0.041693
-0.0488469
-0.0559237
-0.0629185
-0.0698261
-0.0766405
-0.0834029
-0.0900847
0.0449474
0.0377382
0.0293313
0.0218011
0.0149022
0.00794892
0.000799786
-0.0063654
-0.013425
-0.0203904
-0.0273003
-0.0341611
-0.0409617
-0.0476948
-0.0543577
-0.0609465
-0.0674567
-0.0738843
-0.0802613
-0.0865628
0.0403434
0.0336267
0.0257883
0.0186894
0.0121934
0.00569468
-0.000984637
-0.00770252
-0.0143317
-0.0208694
-0.0273539
-0.0337968
-0.0401888
-0.0465208
-0.0527889
-0.0589898
-0.0651198
-0.0711757
-0.0771826
-0.0831183
0.0360187
0.0297638
0.0224778
0.0158064
0.00969513
0.00362156
-0.00261086
-0.00889685
-0.0151141
-0.0212471
-0.027329
-0.0333749
-0.0393778
-0.045328
-0.0512203
-0.0570514
-0.0628182
-0.0685179
-0.0741704
-0.0797552
0.0319793
0.0261569
0.0194019
0.0131501
0.00740659
0.0017299
-0.00408047
-0.00995277
-0.0157768
-0.0215274
-0.0272295
-0.0328993
-0.0385328
-0.0441202
-0.0496555
-0.0551349
-0.060555
-0.0659135
-0.0712283
-0.076478
0.028228
0.0228096
0.0165606
0.0107172
0.00532528
1.89617e-05
-0.00539539
-0.0108753
-0.0163258
-0.021715
-0.0270594
-0.0323744
-0.0376581
-0.0429016
-0.0480983
-0.0532439
-0.0583357
-0.0633721
-0.0683636
-0.0732921
0.0247646
0.0197225
0.0139518
0.00850278
0.0034473
-0.00151338
-0.00655919
-0.0116702
-0.0167672
-0.0218156
-0.026824
-0.0318053
-0.0367593
-0.0416784
-0.0465547
-0.0513813
-0.0561524
-0.0608647
-0.0655688
-0.0701978
0.0215864
0.0168942
0.0115721
0.006501
0.00176648
-0.00287223
-0.00757685
-0.0123434
-0.0171079
-0.0218357
-0.0265288
-0.0311973
-0.0358421
-0.0404571
-0.0450361
-0.0495753
-0.0540717
-0.0585206
-0.0628795
-0.0672055
0.018689
0.0143209
0.00941677
0.00470474
0.000274789
-0.00406466
-0.00845469
-0.0129016
-0.017355
-0.021782
-0.0261801
-0.030556
-0.0349107
-0.0392391
-0.0435343
-0.0477907
-0.0520025
-0.0561629
-0.0602663
-0.0643276
0.0160656
0.0119971
0.00747935
0.0031055
-0.00103727
-0.00509936
-0.00920034
-0.0133522
-0.0175161
-0.0216623
-0.0257851
-0.0298882
-0.033972
-0.0380322
-0.0420623
-0.0460565
-0.0500092
-0.0539149
-0.0577658
-0.061573
0.013708
0.00991542
0.00575201
0.00169359
-0.00218042
-0.00598637
-0.00982268
-0.0137037
-0.0175997
-0.021485
-0.025352
-0.0292018
-0.0330341
-0.0368448
-0.0406279
-0.0443775
-0.048088
-0.051754
-0.0553699
-0.0589419
0.0116064
0.00806663
0.0042255
0.00045833
-0.00316632
-0.00673683
-0.0103317
-0.0139652
-0.017615
-0.0212595
-0.0248901
-0.0285059
-0.0321058
-0.0356858
-0.0392403
-0.0427635
-0.0462499
-0.0496943
-0.0530916
-0.0564452
0.00974942
0.00644012
0.00288933
-0.000612029
-0.0040075
-0.00736276
-0.0107385
-0.0141472
-0.0175723
-0.0209959
-0.0244095
-0.0278105
-0.0311969
-0.0345649
-0.0379091
-0.041224
-0.0445041
-0.0477442
-0.0509397
-0.054092
0.00812477
0.00502393
0.00173194
-0.00152995
-0.00471704
-0.0078769
-0.0110548
-0.0142608
-0.0174824
-0.0207053
-0.023921
-0.0271262
-0.0303181
-0.0334928
-0.036645
-0.0397695
-0.042861
-0.0459143
-0.048925
-0.0518931
0.00671925
0.00380504
0.000740917
-0.00230836
-0.00530838
-0.00829257
-0.0112934
-0.0143181
-0.0173574
-0.0203995
-0.0234367
-0.0264651
-0.0294812
-0.032481
-0.0354595
-0.0384116
-0.0413321
-0.044216
-0.047059
-0.0498601
0.0055193
0.0027698
-9.67427e-05
-0.00296036
-0.0057951
-0.0086234
-0.0114675
-0.014332
-0.0172098
-0.0200912
-0.0229694
-0.02584
-0.0286991
-0.0315427
-0.0343658
-0.0371636
-0.0399309
-0.042663
-0.0453555
-0.0480066
0.00451152
0.00190439
-0.000794221
-0.00349909
-0.00619074
-0.00888327
-0.0115909
-0.0143162
-0.0170531
-0.019794
-0.0225326
-0.0252644
-0.0279853
-0.0306911
-0.0333771
-0.0360385
-0.0386704
-0.0412682
-0.0438277
-0.0463467
0.00368339
0.00119556
-0.00136433
-0.00393732
-0.00650864
-0.00908612
-0.0116781
-0.0142852
-0.0169026
-0.0195236
-0.0221429
-0.0247557
-0.027358
-0.0299453
-0.0325133
-0.0350571
-0.0375721
-0.0400536
-0.0424972
-0.0449006
0.00302412
0.000631403
-0.00181885
-0.00428682
-0.00676097
-0.00924459
-0.0117417
-0.0142517
-0.0167701
-0.0192916
-0.0218111
-0.0243241
-0.0268265
-0.0293139
-0.031782
-0.0342263
-0.0366425
-0.0390263
-0.0413737
-0.0436817
0.00252572
0.000201995
-0.00216872
-0.00456001
-0.00696254
-0.00937642
-0.0118027
-0.0142397
-0.0166834
-0.0191291
-0.0215721
-0.024008
-0.0264327
-0.028842
-0.0312314
-0.0335968
-0.0359335
-0.0382373
-0.0405037
-0.0427304
0.00218595
-9.57199e-05
-0.00241598
-0.00475684
-0.00711045
-0.00947519
-0.0118505
-0.0142342
-0.0166229
-0.0190123
-0.021398
-0.0237761
-0.0261425
-0.0284932
-0.030824
-0.033131
-0.0354102
-0.0376577
-0.0398701
-0.0420437
0.0020027
-0.000271997
-0.00258265
-0.00491457
-0.00725913
-0.00961284
-0.0119738
-0.0143396
-0.0167067
-0.0190712
-0.0214291
-0.0237763
-0.026109
-0.0284235
-0.030716
-0.0329825
-0.0352193
-0.0374227
-0.0395891
-0.0417163
0.108187
0.109522
0.111522
0.114343
0.117344
0.120698
0.123632
0.126407
0.128046
0.129035
0.128082
0.126104
0.121325
0.115166
0.104
0.107309
0.108539
0.11037
0.112938
0.115614
0.118551
0.120999
0.123189
0.1242
0.124436
0.122783
0.119929
0.11457
0.107441
0.0977746
0.106366
0.107486
0.109137
0.111436
0.113773
0.116277
0.118231
0.119831
0.120233
0.11976
0.117495
0.113894
0.108158
0.100587
0.0915013
0.105356
0.106359
0.107821
0.109837
0.111821
0.113875
0.115327
0.116326
0.116131
0.114961
0.112124
0.107848
0.101781
0.0939163
0.0849943
0.104274
0.105156
0.106422
0.108143
0.109767
0.111359
0.11231
0.112707
0.111934
0.110094
0.106724
0.101865
0.095492
0.0874637
0.0786575
0.103119
0.103875
0.104939
0.106354
0.107612
0.108736
0.10919
0.108994
0.107664
0.105198
0.101335
0.0959951
0.0893572
0.0812723
0.0726012
0.101888
0.102514
0.10337
0.10447
0.105358
0.106009
0.105972
0.105197
0.103335
0.100295
0.0959836
0.090256
0.0834058
0.0753306
0.0668096
0.10058
0.10107
0.101714
0.102492
0.103007
0.103186
0.102665
0.101334
0.0989655
0.0954068
0.0906921
0.0846586
0.0776506
0.0696234
0.0612666
0.0991926
0.0995438
0.0999716
0.100422
0.100563
0.100274
0.0992807
0.0974202
0.0945742
0.0905551
0.0854848
0.0792152
0.0721027
0.0641511
0.0559755
0.0977259
0.0979345
0.0981433
0.0982637
0.0980315
0.0972828
0.095831
0.0934736
0.0901824
0.0857605
0.0803849
0.0739394
0.0667735
0.0589231
0.0509451
0.0961798
0.0962434
0.0962313
0.0960213
0.095419
0.0942246
0.0923303
0.0895124
0.0858118
0.081043
0.0754141
0.0688456
0.0616732
0.0539492
0.0461828
0.0945557
0.0944727
0.0942388
0.0937016
0.0927343
0.0911119
0.088795
0.0855555
0.0814846
0.0764222
0.0705919
0.0639481
0.0568109
0.0492378
0.041695
0.0928557
0.0926262
0.0921706
0.0913123
0.0899875
0.0879589
0.0852425
0.081622
0.0772227
0.0719176
0.065936
0.0592604
0.0521948
0.0447953
0.0374864
0.0910837
0.0907091
0.0900329
0.0888632
0.0871911
0.0847809
0.0816917
0.0777314
0.0730474
0.0675479
0.0614621
0.0547945
0.0478317
0.040626
0.0335599
0.0892449
0.0887284
0.0878341
0.0863651
0.084359
0.0815943
0.0781624
0.0739038
0.0689792
0.0633309
0.0571843
0.0505607
0.0437274
0.0367324
0.0299162
0.0873465
0.0866929
0.0855844
0.083831
0.0815072
0.0784171
0.074675
0.0701592
0.0650375
0.0592834
0.0531154
0.0465674
0.0398862
0.0331153
0.0265539
0.0853975
0.0846133
0.0832964
0.0812755
0.0786533
0.0752681
0.0712505
0.0665177
0.061241
0.0554207
0.0492662
0.0428212
0.0363105
0.0297734
0.0234697
0.0834095
0.0825027
0.0809849
0.0787151
0.0758166
0.0721674
0.06791
0.0629991
0.0576069
0.0517565
0.0456462
0.0393268
0.0330011
0.0267041
0.0206585
0.0813964
0.0803763
0.0786673
0.0761683
0.0730179
0.0691363
0.0646748
0.0596229
0.0541517
0.0483032
0.0422631
0.0360875
0.029957
0.023903
0.0181136
0.0793751
0.0782516
0.0763633
0.0736557
0.0702797
0.0661971
0.0615663
0.0564081
0.0508909
0.0450719
0.0391235
0.033105
0.0271761
0.0213643
0.0158269
0.0773654
0.0761492
0.0740955
0.0712005
0.0676257
0.063373
0.0586062
0.0533732
0.047839
0.0420724
0.0362325
0.0303799
0.0246547
0.0190813
0.013789
0.0753905
0.0740922
0.0718887
0.0688277
0.0650814
0.0606882
0.0558162
0.0505365
0.0450098
0.0393137
0.0335941
0.0279118
0.0223886
0.0170462
0.0119894
0.0734767
0.0721071
0.0697708
0.0665653
0.0626738
0.0581678
0.0532187
0.0479164
0.042417
0.0368044
0.031212
0.0256997
0.0203729
0.0152508
0.0104173
0.0716542
0.0702236
0.0677722
0.0644434
0.0604322
0.0558386
0.0508367
0.0455315
0.0400742
0.0345531
0.0290898
0.0237427
0.0186028
0.0136871
0.00906168
0.0699568
0.0684753
0.0659266
0.062495
0.0583877
0.0537288
0.0486944
0.0434013
0.037996
0.0325689
0.0272318
0.0220407
0.0170741
0.0123473
0.00791178
0.0684224
0.0668995
0.064271
0.0607563
0.0565742
0.0518689
0.0468182
0.0415473
0.0361982
0.0308627
0.0256436
0.0205947
0.015784
0.0112253
0.00695812
0.0670931
0.0655375
0.0628462
0.0592669
0.0550289
0.0502927
0.0452371
0.0399934
0.0346996
0.0294478
0.0243336
0.0194086
0.0147321
0.0103169
0.00619314
0.0660153
0.0644352
0.0616971
0.0580705
0.0537931
0.0490379
0.0439844
0.0387679
0.0335231
0.0283418
0.0233142
0.01849
0.0139218
0.0096216
0.00561252
0.0652399
0.063643
0.0608733
0.0572153
0.0529129
0.0481477
0.0430991
0.037905
0.0326975
0.0275685
0.0226038
0.0178523
0.0133616
0.0091436
0.00521668
0.0648227
0.0632171
0.0604304
0.0567564
0.0524414
0.047672
0.0426273
0.0374467
0.0322603
0.02716
0.0222296
0.0175174
0.0130685
0.00889468
0.00501114
0.119661
0.121716
0.124943
0.129767
0.135532
0.142533
0.150356
0.159139
0.16861
0.178875
0.189676
0.201076
0.212808
0.224945
0.237183
0.119598
0.121649
0.124869
0.129683
0.135434
0.142417
0.150213
0.158968
0.168398
0.178618
0.189358
0.200695
0.212344
0.224396
0.236517
0.119472
0.121515
0.124722
0.129517
0.13524
0.142193
0.149928
0.158625
0.167974
0.178105
0.188725
0.199933
0.211417
0.223297
0.235183
0.119283
0.121314
0.124503
0.129269
0.134949
0.141851
0.149502
0.158115
0.167341
0.177338
0.187779
0.198793
0.210026
0.221646
0.233179
0.119033
0.121048
0.124211
0.128939
0.134562
0.141398
0.148939
0.157439
0.166501
0.176322
0.186521
0.197277
0.208174
0.219444
0.230504
0.118722
0.120718
0.12385
0.12853
0.134086
0.140837
0.148239
0.156599
0.165458
0.175058
0.184956
0.195389
0.205863
0.216693
0.22716
0.118352
0.120325
0.12342
0.128043
0.133508
0.140161
0.147406
0.155599
0.164213
0.173552
0.183087
0.193134
0.203096
0.213397
0.223154
0.117924
0.119871
0.122923
0.127483
0.132864
0.139385
0.146444
0.154442
0.162773
0.171808
0.180918
0.190517
0.199879
0.209565
0.218493
0.11744
0.119359
0.122363
0.126844
0.132088
0.138494
0.145355
0.153132
0.161139
0.16983
0.178454
0.187544
0.196219
0.205206
0.213189
0.116903
0.118789
0.12174
0.126152
0.131309
0.137503
0.144144
0.151672
0.159319
0.167624
0.175701
0.184224
0.192124
0.20033
0.207257
0.116314
0.118165
0.121059
0.125366
0.130367
0.13641
0.142816
0.150066
0.157316
0.165194
0.172664
0.180564
0.1876
0.194953
0.200717
0.115675
0.117488
0.120322
0.124548
0.129396
0.13523
0.141376
0.148318
0.155138
0.162546
0.16935
0.176574
0.182659
0.189089
0.193587
0.114989
0.116763
0.119526
0.123592
0.128321
0.133956
0.139827
0.14643
0.152791
0.159684
0.165767
0.172261
0.177308
0.182759
0.185889
0.114259
0.115991
0.118703
0.122702
0.127181
0.132596
0.138175
0.144409
0.150281
0.156613
0.161927
0.167636
0.17156
0.175982
0.177643
0.113486
0.115176
0.11779
0.121628
0.125971
0.131155
0.136424
0.142258
0.147616
0.153336
0.157839
0.162702
0.165426
0.168779
0.168867
0.112675
0.114324
0.116885
0.120562
0.124708
0.129637
0.134578
0.139986
0.144803
0.14986
0.153517
0.157465
0.158922
0.16117
0.15957
0.111827
0.113427
0.115888
0.119422
0.123381
0.128044
0.132639
0.13759
0.141841
0.146184
0.148971
0.151925
0.152075
0.153168
0.149757
0.110946
0.112499
0.114863
0.118247
0.122003
0.126389
0.130624
0.1351
0.138759
0.142338
0.14422
0.146081
0.144899
0.144749
0.139398
0.110031
0.111538
0.113797
0.117022
0.12056
0.124641
0.128485
0.132446
0.135485
0.13827
0.139251
0.139942
0.137487
0.135896
0.128513
0.109095
0.11054
0.112714
0.115803
0.119147
0.122963
0.126437
0.129906
0.132283
0.134201
0.134141
0.133532
0.129664
0.12646
0.11694
0.109095
0.11054
0.112714
0.115803
0.119147
0.122963
0.126437
0.129906
0.132283
0.134201
0.134141
0.133532
0.129664
0.126461
0.11694
0.110031
0.111538
0.113797
0.117022
0.12056
0.124641
0.128485
0.132446
0.135485
0.13827
0.139251
0.139942
0.137487
0.135896
0.128513
0.110946
0.112499
0.114863
0.118247
0.122003
0.126389
0.130624
0.1351
0.138759
0.142338
0.14422
0.146081
0.144899
0.144749
0.139398
0.111827
0.113427
0.115888
0.119422
0.123381
0.128044
0.132639
0.13759
0.141841
0.146184
0.148971
0.151925
0.152075
0.153168
0.149757
0.112675
0.114324
0.116885
0.120562
0.124708
0.129637
0.134578
0.139986
0.144803
0.14986
0.153517
0.157465
0.158922
0.16117
0.15957
0.113486
0.115176
0.11779
0.121628
0.125971
0.131155
0.136424
0.142258
0.147616
0.153336
0.157839
0.162702
0.165426
0.168779
0.168867
0.114259
0.115991
0.118703
0.122702
0.127181
0.132596
0.138175
0.144409
0.150281
0.156613
0.161927
0.167636
0.17156
0.175982
0.177643
0.114989
0.116763
0.119526
0.123592
0.128322
0.133956
0.139827
0.14643
0.152791
0.159684
0.165767
0.172261
0.177308
0.182759
0.185889
0.115675
0.117488
0.120323
0.124548
0.129396
0.13523
0.141376
0.148318
0.155138
0.162546
0.16935
0.176574
0.182659
0.189089
0.193587
0.116314
0.118165
0.121059
0.125366
0.130367
0.13641
0.142816
0.150066
0.157316
0.165194
0.172664
0.180564
0.1876
0.194953
0.200717
0.116903
0.118789
0.12174
0.126152
0.131309
0.137503
0.144144
0.151672
0.159319
0.167624
0.175701
0.184224
0.192124
0.20033
0.207257
0.117441
0.119359
0.122363
0.126844
0.132088
0.138495
0.145356
0.153132
0.161139
0.16983
0.178454
0.187544
0.196219
0.205206
0.213189
0.117924
0.119871
0.122923
0.127483
0.132864
0.139385
0.146444
0.154442
0.162773
0.171808
0.180918
0.190517
0.199879
0.209565
0.218493
0.118352
0.120325
0.12342
0.128043
0.133508
0.140161
0.147406
0.155599
0.164213
0.173552
0.183087
0.193134
0.203096
0.213397
0.223154
0.118722
0.120718
0.12385
0.12853
0.134086
0.140837
0.148239
0.156599
0.165458
0.175058
0.184956
0.195389
0.205863
0.216693
0.22716
0.119033
0.121048
0.124211
0.128939
0.134562
0.141398
0.148939
0.157439
0.166501
0.176322
0.186521
0.197277
0.208174
0.219444
0.230504
0.119283
0.121314
0.124503
0.129269
0.134949
0.141851
0.149502
0.158115
0.167341
0.177338
0.187779
0.198793
0.210026
0.221646
0.233179
0.119472
0.121515
0.124722
0.129517
0.13524
0.142193
0.149928
0.158625
0.167974
0.178105
0.188725
0.199933
0.211417
0.223297
0.235183
0.119598
0.121649
0.124869
0.129683
0.135434
0.142417
0.150213
0.158968
0.168398
0.178618
0.189358
0.200695
0.212344
0.224396
0.236517
0.119661
0.121716
0.124943
0.129767
0.135532
0.142533
0.150356
0.159139
0.16861
0.178875
0.189676
0.201076
0.212808
0.224945
0.237183
0.0648228
0.0632172
0.0604305
0.0567565
0.0524415
0.0476721
0.0426274
0.0374468
0.0322604
0.0271602
0.0222297
0.0175176
0.0130686
0.00889481
0.00501127
0.06524
0.0636431
0.0608734
0.0572154
0.052913
0.0481478
0.0430992
0.0379051
0.0326977
0.0275686
0.0226039
0.0178524
0.0133617
0.00914373
0.00521682
0.0660154
0.0644352
0.0616972
0.0580705
0.0537932
0.049038
0.0439845
0.038768
0.0335232
0.0283419
0.0233143
0.0184901
0.0139219
0.00962173
0.00561265
0.0670932
0.0655375
0.0628463
0.059267
0.055029
0.0502928
0.0452372
0.0399936
0.0346997
0.0294479
0.0243337
0.0194088
0.0147322
0.010317
0.00619327
0.0684225
0.0668995
0.0642711
0.0607564
0.0565743
0.051869
0.0468183
0.0415474
0.0361983
0.0308628
0.0256437
0.0205949
0.0157841
0.0112254
0.00695825
0.0699569
0.0684754
0.0659267
0.0624951
0.0583878
0.0537289
0.0486945
0.0434014
0.0379961
0.032569
0.0272319
0.0220408
0.0170742
0.0123474
0.00791191
0.0716542
0.0702237
0.0677723
0.0644435
0.0604323
0.0558387
0.0508368
0.0455316
0.0400743
0.0345532
0.0290899
0.0237429
0.0186029
0.0136872
0.00906181
0.0734768
0.0721071
0.0697709
0.0665654
0.0626739
0.0581679
0.0532188
0.0479165
0.0424171
0.0368045
0.0312121
0.0256998
0.020373
0.0152509
0.0104175
0.0753906
0.0740922
0.0718888
0.0688278
0.0650815
0.0606883
0.0558163
0.0505366
0.0450099
0.0393138
0.0335942
0.0279119
0.0223887
0.0170463
0.0119895
0.0773655
0.0761492
0.0740956
0.0712005
0.0676258
0.0633731
0.0586063
0.0533733
0.0478391
0.0420725
0.0362326
0.03038
0.0246548
0.0190814
0.0137891
0.0793752
0.0782517
0.0763634
0.0736558
0.0702798
0.0661972
0.0615664
0.0564082
0.050891
0.045072
0.0391237
0.0331051
0.0271762
0.0213645
0.015827
0.0813965
0.0803763
0.0786674
0.0761683
0.073018
0.0691364
0.0646749
0.059623
0.0541518
0.0483033
0.0422633
0.0360876
0.0299571
0.0239031
0.0181137
0.0834095
0.0825028
0.080985
0.0787152
0.0758166
0.0721675
0.0679101
0.0629992
0.057607
0.0517566
0.0456463
0.0393269
0.0330012
0.0267042
0.0206586
0.0853976
0.0846134
0.0832965
0.0812756
0.0786533
0.0752681
0.0712506
0.0665178
0.0612411
0.0554208
0.0492663
0.0428213
0.0363106
0.0297735
0.0234698
0.0873466
0.0866929
0.0855845
0.0838311
0.0815073
0.0784172
0.0746751
0.0701593
0.0650376
0.0592835
0.0531155
0.0465675
0.0398863
0.0331154
0.026554
0.089245
0.0887284
0.0878342
0.0863652
0.0843591
0.0815944
0.0781625
0.0739039
0.0689792
0.063331
0.0571844
0.0505608
0.0437275
0.0367325
0.0299163
0.0910838
0.0907091
0.090033
0.0888632
0.0871912
0.0847809
0.0816918
0.0777315
0.0730475
0.067548
0.0614622
0.0547946
0.0478318
0.0406261
0.03356
0.0928558
0.0926262
0.0921706
0.0913124
0.0899876
0.087959
0.0852425
0.0816221
0.0772228
0.0719177
0.0659361
0.0592605
0.0521948
0.0447954
0.0374865
0.0945557
0.0944727
0.0942389
0.0937016
0.0927343
0.091112
0.088795
0.0855556
0.0814847
0.0764223
0.070592
0.0639482
0.056811
0.0492379
0.0416951
0.0961799
0.0962434
0.0962314
0.0960214
0.0954191
0.0942246
0.0923304
0.0895125
0.0858119
0.081043
0.0754142
0.0688457
0.0616733
0.0539493
0.0461829
0.0977259
0.0979346
0.0981434
0.0982638
0.0980315
0.0972828
0.095831
0.0934737
0.0901825
0.0857606
0.080385
0.0739395
0.0667736
0.0589231
0.0509451
0.0991927
0.0995439
0.0999716
0.100422
0.100563
0.100274
0.0992808
0.0974203
0.0945743
0.0905552
0.0854848
0.0792153
0.0721028
0.0641512
0.0559756
0.10058
0.10107
0.101714
0.102492
0.103007
0.103186
0.102665
0.101334
0.0989656
0.0954069
0.0906921
0.0846587
0.0776507
0.0696234
0.0612667
0.101888
0.102514
0.10337
0.10447
0.105358
0.10601
0.105972
0.105198
0.103335
0.100295
0.0959836
0.090256
0.0834059
0.0753307
0.0668097
0.103119
0.103875
0.104939
0.106354
0.107612
0.108736
0.10919
0.108994
0.107664
0.105198
0.101335
0.0959952
0.0893573
0.0812724
0.0726013
0.104274
0.105156
0.106423
0.108143
0.109767
0.111359
0.11231
0.112707
0.111934
0.110094
0.106724
0.101865
0.095492
0.0874638
0.0786576
0.105356
0.106359
0.107822
0.109837
0.111821
0.113875
0.115327
0.116326
0.116131
0.114961
0.112124
0.107848
0.101781
0.0939164
0.0849943
0.106366
0.107486
0.109138
0.111436
0.113773
0.116277
0.118231
0.119831
0.120234
0.11976
0.117495
0.113894
0.108158
0.100587
0.0915013
0.107309
0.108539
0.11037
0.112938
0.115615
0.118551
0.120999
0.123189
0.1242
0.124436
0.122783
0.119929
0.11457
0.107441
0.0977747
0.108187
0.109522
0.111522
0.114343
0.117344
0.120698
0.123632
0.126407
0.128046
0.129035
0.128082
0.126104
0.121325
0.115166
0.104
0.00200283
-0.000271862
-0.00258251
-0.00491443
-0.00725899
-0.0096127
-0.0119737
-0.0143395
-0.0167066
-0.0190711
-0.0214289
-0.0237762
-0.0261089
-0.0284234
-0.0307158
-0.0329824
-0.0352192
-0.0374226
-0.039589
-0.0417162
0.00218608
-9.55852e-05
-0.00241585
-0.00475671
-0.00711031
-0.00947506
-0.0118503
-0.0142341
-0.0166228
-0.0190121
-0.0213979
-0.023776
-0.0261424
-0.028493
-0.0308239
-0.0331308
-0.03541
-0.0376576
-0.03987
-0.0420435
0.00252585
0.000202129
-0.00216859
-0.00455987
-0.0069624
-0.00937628
-0.0118025
-0.0142395
-0.0166833
-0.019129
-0.0215719
-0.0240079
-0.0264326
-0.0288418
-0.0312313
-0.0335967
-0.0359334
-0.0382371
-0.0405036
-0.0427303
0.00302426
0.000631535
-0.00181872
-0.00428668
-0.00676084
-0.00924446
-0.0117416
-0.0142515
-0.01677
-0.0192915
-0.021811
-0.024324
-0.0268263
-0.0293137
-0.0317818
-0.0342262
-0.0366423
-0.0390261
-0.0413735
-0.0436816
0.00368352
0.00119569
-0.0013642
-0.00393718
-0.0065085
-0.00908599
-0.011678
-0.0142851
-0.0169024
-0.0195235
-0.0221427
-0.0247556
-0.0273578
-0.0299452
-0.0325132
-0.035057
-0.037572
-0.0400535
-0.0424971
-0.0449005
0.00451165
0.00190452
-0.000794091
-0.00349896
-0.00619061
-0.00888313
-0.0115908
-0.0143161
-0.017053
-0.0197939
-0.0225325
-0.0252643
-0.0279852
-0.030691
-0.033377
-0.0360383
-0.0386702
-0.0412681
-0.0438276
-0.0463466
0.00551942
0.00276993
-9.66152e-05
-0.00296023
-0.00579497
-0.00862327
-0.0114673
-0.0143319
-0.0172097
-0.0200911
-0.0229693
-0.0258399
-0.028699
-0.0315425
-0.0343657
-0.0371635
-0.0399308
-0.0426629
-0.0453553
-0.0480065
0.00671937
0.00380517
0.000741042
-0.00230823
-0.00530825
-0.00829244
-0.0112932
-0.014318
-0.0173572
-0.0203993
-0.0234366
-0.026465
-0.0294811
-0.0324809
-0.0354594
-0.0384115
-0.0413319
-0.0442159
-0.0470588
-0.04986
0.00812489
0.00502405
0.00173207
-0.00152983
-0.00471691
-0.00787678
-0.0110547
-0.0142606
-0.0174823
-0.0207052
-0.0239209
-0.0271261
-0.030318
-0.0334926
-0.0366449
-0.0397694
-0.0428608
-0.0459142
-0.0489248
-0.051893
0.00974954
0.00644024
0.00288945
-0.000611909
-0.00400738
-0.00736264
-0.0107383
-0.014147
-0.0175722
-0.0209958
-0.0244093
-0.0278103
-0.0311968
-0.0345648
-0.037909
-0.0412239
-0.0445039
-0.0477441
-0.0509395
-0.0540919
0.0116065
0.00806674
0.00422561
0.000458448
-0.0031662
-0.00673671
-0.0103316
-0.0139651
-0.0176149
-0.0212594
-0.02489
-0.0285058
-0.0321057
-0.0356857
-0.0392402
-0.0427634
-0.0462498
-0.0496942
-0.0530915
-0.0564451
0.0137081
0.00991553
0.00575213
0.0016937
-0.0021803
-0.00598626
-0.00982256
-0.0137035
-0.0175995
-0.0214849
-0.0253519
-0.0292017
-0.033034
-0.0368447
-0.0406278
-0.0443774
-0.0480879
-0.0517538
-0.0553698
-0.0589418
0.0160657
0.0119972
0.00747946
0.00310561
-0.00103716
-0.00509925
-0.00920022
-0.0133521
-0.017516
-0.0216622
-0.025785
-0.0298881
-0.0339719
-0.0380321
-0.0420622
-0.0460564
-0.0500091
-0.0539148
-0.0577657
-0.0615729
0.0186891
0.014321
0.00941688
0.00470485
0.000274897
-0.00406455
-0.00845458
-0.0129015
-0.0173549
-0.0217819
-0.02618
-0.0305559
-0.0349106
-0.0392389
-0.0435342
-0.0477906
-0.0520024
-0.0561628
-0.0602662
-0.0643275
0.0215865
0.0168943
0.0115722
0.00650111
0.00176658
-0.00287212
-0.00757674
-0.0123433
-0.0171078
-0.0218356
-0.0265287
-0.0311972
-0.035842
-0.040457
-0.045036
-0.0495752
-0.0540716
-0.0585205
-0.0628794
-0.0672054
0.0247647
0.0197226
0.0139519
0.00850288
0.0034474
-0.00151328
-0.00655908
-0.0116701
-0.0167671
-0.0218155
-0.0268239
-0.0318052
-0.0367592
-0.0416783
-0.0465546
-0.0513812
-0.0561523
-0.0608646
-0.0655687
-0.0701977
0.0282281
0.0228097
0.0165607
0.0107173
0.00532538
1.90619e-05
-0.00539529
-0.0108752
-0.0163257
-0.0217149
-0.0270593
-0.0323743
-0.037658
-0.0429015
-0.0480982
-0.0532437
-0.0583356
-0.063372
-0.0683635
-0.073292
0.0319794
0.026157
0.019402
0.0131502
0.00740668
0.00173
-0.00408037
-0.00995267
-0.0157767
-0.0215273
-0.0272294
-0.0328992
-0.0385327
-0.0441201
-0.0496554
-0.0551348
-0.0605549
-0.0659134
-0.0712282
-0.0764779
0.0360188
0.0297639
0.0224779
0.0158065
0.00969522
0.00362165
-0.00261076
-0.00889675
-0.015114
-0.021247
-0.0273289
-0.0333748
-0.0393777
-0.0453279
-0.0512202
-0.0570513
-0.0628181
-0.0685178
-0.0741703
-0.0797551
0.0403435
0.0336268
0.0257884
0.0186895
0.0121935
0.00569478
-0.000984545
-0.00770243
-0.0143316
-0.0208693
-0.0273538
-0.0337967
-0.0401887
-0.0465207
-0.0527888
-0.0589897
-0.0651198
-0.0711756
-0.0771825
-0.0831182
0.0449475
0.0377383
0.0293314
0.0218011
0.0149023
0.00794901
0.000799876
-0.00636531
-0.0134249
-0.0203903
-0.0273002
-0.034161
-0.0409616
-0.0476947
-0.0543576
-0.0609464
-0.0674566
-0.0738842
-0.0802612
-0.0865627
0.0498205
0.0420867
0.0331025
0.025142
0.0178204
0.0103823
0.00274357
-0.0048819
-0.0123908
-0.0198073
-0.0271653
-0.0344641
-0.041693
-0.0488469
-0.0559237
-0.0629185
-0.069826
-0.0766404
-0.0834028
-0.0900846
0.0549469
0.0466548
0.0370957
0.0287118
0.0209445
0.0129915
0.00484773
-0.00324934
-0.0112271
-0.0191185
-0.0269462
-0.0347029
-0.0423798
-0.0499744
-0.0574843
-0.0649035
-0.0722254
-0.0794414
-0.0866046
-0.0936805
0.0603022
0.0514177
0.0413029
0.0325082
0.0242676
0.0157718
0.00711302
-0.00146675
-0.00993351
-0.0183226
-0.0266403
-0.0348744
-0.0430194
-0.0510745
-0.0590367
-0.0668993
-0.0746544
-0.0822865
-0.0898654
-0.0973477
0.0658481
0.0563405
0.0457156
0.0365279
0.0277808
0.01872
0.00954158
0.000466112
-0.00851128
-0.0174194
-0.0262464
-0.0349774
-0.0436106
-0.0521457
-0.0605785
-0.068902
-0.0771026
-0.0851699
-0.0931826
-0.101083
0.0715325
0.0613772
0.0503204
0.0407567
0.0314663
0.0218305
0.0121341
0.00254856
-0.00695984
-0.0164054
-0.0257596
-0.0350078
-0.0441497
-0.0531842
-0.062107
-0.0709157
-0.0796059
-0.0881116
-0.0965632
-0.104886
0.0772924
0.0664914
0.0551194
0.0451857
0.0353134
0.0251018
0.0148844
0.00476763
-0.00529167
-0.0152894
-0.0251873
-0.0349714
-0.0446406
-0.0541913
-0.0636144
-0.0728995
-0.0820344
-0.091102
-0.100014
-0.108758
0.0830141
0.0716288
0.0600807
0.0497692
0.0393079
0.0285527
0.0178191
0.007153
-0.00347521
-0.014042
-0.0245058
-0.0348505
-0.0450712
-0.0551598
-0.0651037
-0.0748895
-0.0845261
-0.0941232
-0.103509
-0.112687
0.0884643
0.076836
0.0652569
0.0544765
0.0433866
0.032084
0.020813
0.00958081
-0.00161962
-0.0127561
-0.0237931
-0.0347102
-0.0454983
-0.0561505
-0.0666619
-0.0770235
-0.0871955
-0.0972109
-0.10703
-0.116646
0.0928587
0.0816836
0.070511
0.0594269
0.0478717
0.0360935
0.0242902
0.0124822
0.000690199
-0.0110398
-0.0226722
-0.0341834
-0.0455557
-0.0567729
-0.0678212
-0.0787043
-0.0894763
-0.100204
-0.110598
-0.120696
-0.0438033
-0.0458455
-0.0478374
-0.0497756
-0.0516582
-0.053483
-0.0552479
-0.0569507
-0.0585893
-0.0601619
-0.0616668
-0.0631025
-0.0644679
-0.0657618
-0.0669835
-0.0681321
-0.0692075
-0.0702091
-0.0711379
-0.0719944
-0.0441735
-0.0462551
-0.0482861
-0.0502637
-0.052185
-0.054047
-0.0558472
-0.0575832
-0.0592528
-0.0608541
-0.0623854
-0.0638454
-0.0652329
-0.0665468
-0.0677865
-0.0689514
-0.0700417
-0.0710572
-0.072001
-0.0728771
-0.0449157
-0.0470545
-0.0491413
-0.0511727
-0.0531459
-0.0550586
-0.0569082
-0.0586922
-0.0604086
-0.0620553
-0.0636307
-0.0651335
-0.0665625
-0.0679165
-0.0691953
-0.0703981
-0.0715255
-0.0725775
-0.0735606
-0.0744851
-0.0459459
-0.0481609
-0.050323
-0.0524291
-0.0544764
-0.0564621
-0.0583836
-0.0602383
-0.0620239
-0.0637386
-0.0653806
-0.0669484
-0.0684411
-0.0698574
-0.0711973
-0.0724597
-0.0736463
-0.0747569
-0.075803
-0.076803
-0.0472602
-0.0495706
-0.051827
-0.0540262
-0.0561654
-0.0582418
-0.0602529
-0.062196
-0.0640689
-0.0658696
-0.0675965
-0.069248
-0.0708232
-0.0723208
-0.073741
-0.0750825
-0.0763479
-0.0775367
-0.0786664
-0.0797641
-0.0488207
-0.0512439
-0.0536119
-0.0559217
-0.0581708
-0.0603563
-0.0624756
-0.0645259
-0.066505
-0.068411
-0.0702422
-0.0719971
-0.0736748
-0.0752739
-0.0767949
-0.0782358
-0.079601
-0.080889
-0.0821245
-0.0833441
-0.050612
-0.0531655
-0.0556628
-0.058101
-0.0604776
-0.06279
-0.0650354
-0.0672111
-0.0693149
-0.0713447
-0.0732992
-0.0751765
-0.0769761
-0.0786963
-0.0803381
-0.0818988
-0.0833845
-0.0847923
-0.0861554
-0.0875197
-0.0526143
-0.0553153
-0.0579588
-0.0605426
-0.0630644
-0.0655213
-0.0679107
-0.0702298
-0.0724767
-0.0746492
-0.0767459
-0.078765
-0.0807063
-0.0825676
-0.0843508
-0.0860521
-0.0876799
-0.089229
-0.0907428
-0.0922755
-0.0548133
-0.0576787
-0.0604857
-0.0632324
-0.0659166
-0.0685357
-0.071087
-0.0735679
-0.0759763
-0.0783101
-0.0805683
-0.0827488
-0.0848517
-0.0868745
-0.08882
-0.0906831
-0.0924751
-0.0941877
-0.0958763
-0.097603
-0.0571953
-0.0602422
-0.0632297
-0.0661564
-0.0690206
-0.0718195
-0.0745506
-0.0772114
-0.0797998
-0.0823139
-0.0847528
-0.0871144
-0.0893993
-0.0916042
-0.0937335
-0.09578
-0.0977586
-0.0996568
-0.101543
-0.103486
-0.0597486
-0.0629941
-0.0661792
-0.0693031
-0.0723645
-0.0753609
-0.0782897
-0.0811485
-0.0839356
-0.086649
-0.0892882
-0.0918508
-0.0943383
-0.0967466
-0.0990817
-0.101334
-0.103524
-0.105632
-0.107743
-0.10993
-0.0624626
-0.0659238
-0.0693233
-0.0726615
-0.0759375
-0.0791489
-0.0822933
-0.0853683
-0.0883727
-0.0913045
-0.0941636
-0.0969474
-0.0996585
-0.102292
-0.104855
-0.107337
-0.109762
-0.112105
-0.114469
-0.116928
-0.0653282
-0.0690218
-0.0726525
-0.0762219
-0.0797295
-0.0831734
-0.086551
-0.0898604
-0.0931006
-0.0962697
-0.0993683
-0.102394
-0.105349
-0.108229
-0.111044
-0.113779
-0.116465
-0.119069
-0.121714
-0.124474
-0.0683354
-0.0722787
-0.0761576
-0.0799749
-0.0837312
-0.0874246
-0.091053
-0.0946145
-0.0981087
-0.101534
-0.104892
-0.108179
-0.1114
-0.114549
-0.117639
-0.120651
-0.123624
-0.126515
-0.12947
-0.132561
-0.0714794
-0.0756871
-0.07983
-0.0839117
-0.0879332
-0.0918929
-0.095789
-0.0996201
-0.103386
-0.107086
-0.110722
-0.114291
-0.1178
-0.121239
-0.124628
-0.12794
-0.131227
-0.134434
-0.13773
-0.141183
-0.0747526
-0.0792379
-0.0836603
-0.088023
-0.0923262
-0.0965686
-0.100749
-0.104867
-0.108922
-0.112915
-0.116848
-0.120718
-0.124535
-0.128286
-0.131996
-0.135635
-0.139263
-0.142812
-0.146482
-0.150327
-0.078146
-0.0829264
-0.0876431
-0.0923014
-0.0969016
-0.101442
-0.105923
-0.110343
-0.114705
-0.119007
-0.123256
-0.127446
-0.131591
-0.135675
-0.139731
-0.143719
-0.147716
-0.151635
-0.155712
-0.159981
-0.0816481
-0.0867403
-0.0917674
-0.0967369
-0.101649
-0.106503
-0.111299
-0.116037
-0.120721
-0.12535
-0.129931
-0.13446
-0.138951
-0.143391
-0.147815
-0.152177
-0.15657
-0.160887
-0.165403
-0.170128
-0.0852562
-0.0906754
-0.0960277
-0.101322
-0.10656
-0.111742
-0.116867
-0.121938
-0.126958
-0.131929
-0.136858
-0.141743
-0.146599
-0.151414
-0.156226
-0.160988
-0.165803
-0.170549
-0.175537
-0.180755
-0.0889648
-0.094725
-0.100416
-0.106049
-0.111626
-0.117147
-0.122614
-0.128031
-0.133401
-0.138729
-0.14402
-0.149278
-0.154516
-0.159726
-0.164946
-0.170131
-0.175391
-0.180599
-0.186091
-0.191842
-0.0927685
-0.0988828
-0.104926
-0.110909
-0.116837
-0.122709
-0.128529
-0.134303
-0.140034
-0.145732
-0.151398
-0.157046
-0.162679
-0.168307
-0.173954
-0.179591
-0.185319
-0.191018
-0.197041
-0.203369
-0.0966625
-0.103143
-0.109549
-0.115894
-0.122182
-0.128417
-0.1346
-0.140741
-0.146843
-0.152921
-0.158972
-0.165022
-0.171063
-0.177128
-0.183216
-0.189337
-0.195559
-0.201793
-0.208377
-0.21532
-0.100642
-0.1075
-0.11428
-0.120996
-0.127654
-0.134258
-0.140812
-0.147328
-0.15381
-0.160276
-0.166722
-0.173186
-0.179643
-0.186158
-0.192692
-0.199319
-0.206043
-0.212858
-0.22004
-0.227655
-0.104704
-0.111949
-0.119111
-0.126207
-0.133242
-0.140222
-0.147155
-0.154052
-0.160921
-0.167784
-0.174636
-0.181524
-0.188413
-0.195399
-0.202391
-0.209546
-0.216759
-0.224174
-0.231948
-0.24029
-0.108843
-0.116483
-0.124037
-0.13152
-0.138938
-0.1463
-0.153615
-0.160898
-0.16816
-0.175425
-0.182693
-0.190015
-0.197357
-0.204835
-0.212323
-0.22006
-0.227794
-0.235868
-0.24419
-0.253269
-0.113055
-0.121098
-0.129048
-0.136922
-0.144727
-0.152473
-0.160171
-0.167839
-0.175491
-0.183152
-0.190831
-0.198576
-0.206366
-0.214322
-0.222315
-0.230651
-0.238958
-0.24782
-0.256759
-0.266686
-0.117343
-0.125794
-0.134143
-0.142408
-0.150597
-0.158721
-0.166795
-0.174836
-0.182865
-0.190903
-0.198972
-0.207107
-0.215312
-0.223685
-0.23213
-0.240962
-0.249775
-0.259392
-0.268981
-0.280066
-0.121699
-0.130571
-0.13933
-0.147993
-0.156572
-0.16508
-0.173536
-0.181959
-0.190375
-0.198807
-0.207285
-0.215837
-0.224492
-0.233309
-0.242253
-0.251562
-0.260877
-0.271102
-0.281097
-0.293337
-0.126097
-0.135412
-0.144614
-0.153716
-0.162727
-0.171666
-0.180556
-0.189422
-0.198298
-0.207212
-0.216208
-0.225314
-0.234585
-0.244052
-0.253753
-0.263796
-0.273982
-0.285004
-0.295638
-0.308844
-0.130567
-0.140289
-0.14991
-0.159428
-0.168846
-0.178184
-0.187472
-0.196741
-0.206032
-0.215382
-0.224846
-0.234466
-0.244314
-0.254424
-0.264889
-0.275734
-0.286966
-0.298855
-0.310735
-0.32518
-0.0739806
-0.0759373
-0.076497
-0.0754953
-0.0729267
-0.0689253
-0.0636899
-0.0574746
-0.0506097
-0.0434742
-0.0364332
-0.0297915
-0.0237791
-0.0185417
-0.0141282
-0.0105211
-0.00766048
-0.00545568
-0.0038014
-0.0025919
-0.00172949
-0.00112929
-0.000721385
-0.000450592
-0.000274932
-0.000163532
-9.42437e-05
-5.16949e-05
-2.50895e-05
-7.34781e-06
-0.0749353
-0.0768902
-0.0773627
-0.0762341
-0.073532
-0.0693903
-0.0640043
-0.0576388
-0.050642
-0.0434046
-0.0362945
-0.0296153
-0.0235918
-0.0183613
-0.0139664
-0.0103845
-0.00755081
-0.00537127
-0.00373891
-0.00254727
-0.00169862
-0.00110859
-0.000707889
-0.000442037
-0.000269654
-0.000160367
-9.24083e-05
-5.0685e-05
-2.4601e-05
-7.20774e-06
-0.0766955
-0.0786655
-0.0789816
-0.0776209
-0.074669
-0.0702607
-0.0645876
-0.0579382
-0.0506945
-0.0432675
-0.0360302
-0.0292824
-0.0232392
-0.0180229
-0.0136641
-0.01013
-0.00734675
-0.00521447
-0.003623
-0.00246454
-0.00164146
-0.00107026
-0.000682919
-0.000426208
-0.000259891
-0.000154511
-8.90128e-05
-4.88145e-05
-2.36926e-05
-6.94263e-06
-0.0792372
-0.081207
-0.0812833
-0.0795914
-0.0762821
-0.0714867
-0.0653984
-0.0583432
-0.0507508
-0.043059
-0.0356462
-0.0288061
-0.0227387
-0.0175454
-0.0132397
-0.00977411
-0.00706235
-0.00499656
-0.00346227
-0.00235004
-0.00156247
-0.00101737
-0.000648492
-0.000404403
-0.000246449
-0.000146453
-8.43422e-05
-4.62411e-05
-2.24417e-05
-6.57612e-06
-0.0824848
-0.0844408
-0.0842
-0.082088
-0.0783211
-0.0730228
-0.0663961
-0.0588227
-0.0507919
-0.0427715
-0.0351449
-0.0281962
-0.0221044
-0.0169451
-0.0127097
-0.00933184
-0.00671035
-0.0047278
-0.00326462
-0.00220958
-0.00146574
-0.0009527
-0.00060645
-0.000377799
-0.00023006
-0.000136634
-7.8653e-05
-4.3106e-05
-2.0917e-05
-6.12803e-06
-0.086418
-0.0883308
-0.0876889
-0.0850701
-0.0807466
-0.0748293
-0.0675436
-0.0593472
-0.0507985
-0.0423962
-0.034527
-0.0274606
-0.0213487
-0.0162364
-0.0120887
-0.00881664
-0.00630231
-0.00441753
-0.00303721
-0.0020484
-0.001355
-0.0008788
-0.000558474
-0.000347473
-0.000211395
-0.000125457
-7.21802e-05
-3.95392e-05
-1.91817e-05
-5.61655e-06
-0.0910106
-0.092841
-0.0917129
-0.0885027
-0.0835233
-0.0768692
-0.0688056
-0.0598882
-0.0507515
-0.0419238
-0.0337921
-0.0266056
-0.0204822
-0.0154322
-0.0113898
-0.00824068
-0.00584865
-0.00407415
-0.00278649
-0.00187127
-0.00123361
-0.000797951
-0.000506071
-0.000314389
-0.000191049
-0.000113282
-6.51332e-05
-3.56562e-05
-1.72922e-05
-5.05803e-06
-0.0962489
-0.0979475
-0.0962456
-0.0923586
-0.0866213
-0.0791086
-0.0701489
-0.0604187
-0.0506324
-0.0413454
-0.0329397
-0.0256369
-0.0195148
-0.0145445
-0.0106251
-0.00761501
-0.00535876
-0.00370522
-0.00251823
-0.00168238
-0.00110452
-0.000712165
-0.000450562
-0.000279389
-0.000169548
-0.000100425
-5.76949e-05
-3.1558e-05
-1.52977e-05
-4.4668e-06
-0.102134
-0.103632
-0.101267
-0.0966156
-0.0900134
-0.0815152
-0.071542
-0.0609136
-0.0504242
-0.0406528
-0.0319698
-0.0245603
-0.0184561
-0.0135843
-0.00980571
-0.00694966
-0.0048411
-0.00331743
-0.00223751
-0.00148544
-0.000970328
-0.000623191
-0.000393094
-0.000243203
-0.000147341
-8.71554e-05
-5.00226e-05
-2.73314e-05
-1.32405e-05
-3.85525e-06
-0.108628
-0.109874
-0.106758
-0.101255
-0.0936752
-0.0840584
-0.0729556
-0.0613493
-0.0501118
-0.0398392
-0.0308828
-0.0233815
-0.0173154
-0.0125622
-0.00894182
-0.0062537
-0.00430321
-0.00291674
-0.00194878
-0.00128365
-0.000833248
-0.000532528
-0.000334644
-0.000206451
-0.00012481
-7.37027e-05
-4.22487e-05
-2.30495e-05
-1.11563e-05
-3.23392e-06
-0.115771
-0.116666
-0.112709
-0.106262
-0.0975839
-0.0867089
-0.0743623
-0.0617045
-0.0496814
-0.0388995
-0.0296802
-0.022107
-0.0161017
-0.011488
-0.00804283
-0.00553535
-0.00375181
-0.00250833
-0.0016559
-0.00107976
-0.00069518
-0.000441439
-0.000276031
-0.00016965
-0.000102273
-6.02567e-05
-3.44833e-05
-1.8773e-05
-9.07484e-06
-2.6116e-06
-0.123542
-0.123995
-0.119109
-0.111624
-0.101718
-0.0894388
-0.0757367
-0.0619599
-0.0491216
-0.03783
-0.0283644
-0.0207437
-0.0148241
-0.0103712
-0.00711745
-0.00480203
-0.00319282
-0.00209671
-0.00136217
-0.000876097
-0.000557711
-0.000350976
-0.000217933
-0.000133226
-7.99901e-05
-4.69726e-05
-2.68159e-05
-1.45512e-05
-7.02005e-06
-1.99552e-06
-0.131943
-0.131851
-0.125952
-0.117329
-0.106055
-0.0922214
-0.0770553
-0.0620982
-0.0484227
-0.0366288
-0.0269394
-0.0192993
-0.0134918
-0.00922072
-0.00617365
-0.00406036
-0.00263144
-0.00168578
-0.00107037
-0.000674599
-0.000422149
-0.000261996
-0.000160897
-9.75192e-05
-5.81702e-05
-3.3974e-05
-1.93177e-05
-1.04234e-05
-5.01113e-06
-1.39151e-06
-0.14097
-0.140226
-0.133232
-0.123369
-0.110576
-0.0950315
-0.0782968
-0.0621044
-0.0475773
-0.0352953
-0.02541
-0.0177816
-0.0121135
-0.00804498
-0.00521875
-0.00331621
-0.00207216
-0.00127884
-0.000782848
-0.000476861
-0.000289555
-0.000175187
-0.000105359
-6.28004e-05
-3.69761e-05
-2.13576e-05
-1.2044e-05
-6.41994e-06
-3.06293e-06
-8.04162e-07
-0.150622
-0.14911
-0.140945
-0.129736
-0.115258
-0.0978455
-0.0794417
-0.0619653
-0.0465801
-0.033831
-0.0237823
-0.0161991
-0.010698
-0.00685196
-0.00425937
-0.00257478
-0.00151884
-0.000878637
-0.000501508
-0.000284168
-0.000160765
-9.10842e-05
-5.16538e-05
-2.92752e-05
-1.65314e-05
-9.19606e-06
-5.0365e-06
-2.56379e-06
-1.18659e-06
-2.37e-07
-0.16089
-0.158495
-0.149092
-0.136421
-0.120081
-0.100642
-0.0804725
-0.06167
-0.045428
-0.0322388
-0.0220635
-0.0145604
-0.00925374
-0.00564905
-0.00330148
-0.0018406
-0.000974771
-0.000487468
-0.000227889
-9.7526e-05
-3.64271e-05
-1.00935e-05
-3.04283e-08
2.90529e-06
3.07383e-06
2.45799e-06
1.67494e-06
1.12869e-06
6.09913e-07
3.07374e-07
-0.171769
-0.168375
-0.157671
-0.143417
-0.125025
-0.1034
-0.0813736
-0.0612094
-0.0441196
-0.0305233
-0.0202615
-0.0128744
-0.00778898
-0.00444313
-0.00235038
-0.00111754
-0.000442673
-0.000107173
3.6802e-05
8.22962e-05
8.2982e-05
6.74928e-05
4.93348e-05
3.36359e-05
2.1778e-05
1.35689e-05
8.07023e-06
4.64653e-06
2.32124e-06
8.27139e-07
-0.183244
-0.178742
-0.166686
-0.150718
-0.130068
-0.106102
-0.0821315
-0.0605768
-0.0426557
-0.0286906
-0.0183848
-0.0111498
-0.00631153
-0.00324045
-0.00141076
-0.000408911
7.52211e-05
0.000260797
0.000291652
0.000254741
0.000197128
0.000141478
9.63277e-05
6.28505e-05
3.95433e-05
2.41152e-05
1.41375e-05
7.98324e-06
3.94425e-06
1.32113e-06
-0.195301
-0.189594
-0.17614
-0.158314
-0.135193
-0.108731
-0.0827342
-0.0597674
-0.0410386
-0.0267477
-0.0164424
-0.00939549
-0.00482875
-0.00204667
-0.000486659
0.000282537
0.000577131
0.000615338
0.000536004
0.00041943
0.0003058
0.000211745
0.000140885
9.05148e-05
5.63514e-05
3.4087e-05
1.98714e-05
1.1136e-05
5.4776e-06
1.78872e-06
-0.207917
-0.200927
-0.186039
-0.166195
-0.140382
-0.111273
-0.0831717
-0.0587788
-0.0392726
-0.0247028
-0.0144437
-0.00761988
-0.00334753
-0.000866854
0.000418451
0.000954562
0.00106168
0.000955653
0.000769421
0.000576137
0.000408888
0.000278245
0.000182987
0.000116621
7.21998e-05
4.34838e-05
2.52721e-05
1.41051e-05
6.92138e-06
2.22975e-06
-0.221062
-0.212741
-0.196387
-0.174351
-0.145618
-0.113715
-0.0834358
-0.0576103
-0.0373634
-0.0225651
-0.0123981
-0.00583127
-0.0018742
0.000294533
0.00130166
0.00160539
0.00152786
0.00128121
0.000991655
0.000724766
0.000506367
0.000340982
0.000222646
0.000141182
8.70987e-05
5.23124e-05
3.0344e-05
1.68928e-05
8.27684e-06
2.64439e-06
-0.2347
-0.225033
-0.207189
-0.182767
-0.150887
-0.116043
-0.0835199
-0.0562634
-0.0353182
-0.0203443
-0.0103152
-0.00403753
-0.000414565
0.00143361
0.00216056
0.00223364
0.00197497
0.00159171
0.00120262
0.000865327
0.000598282
0.000400004
0.000259904
0.000164227
0.000101068
6.05856e-05
3.50948e-05
1.95036e-05
9.54608e-06
3.03312e-06
-0.248794
-0.237801
-0.218447
-0.191427
-0.156174
-0.118248
-0.0834191
-0.0547415
-0.0331455
-0.0180505
-0.0082045
-0.00224611
0.00102615
0.00254705
0.00299324
0.00283835
0.0024026
0.00188705
0.00140235
0.000997916
0.000684735
0.000455396
0.000294823
0.0001858
0.000114136
6.83205e-05
3.95347e-05
2.1943e-05
1.07319e-05
3.39665e-06
-0.263289
-0.251043
-0.23016
-0.200312
-0.161464
-0.120318
-0.0831306
-0.0530494
-0.0308548
-0.0156944
-0.00607522
-0.000463962
0.0024433
0.00363207
0.00379823
0.00341887
0.00281059
0.0021673
0.00159102
0.00112271
0.000765874
0.000507269
0.000327482
0.000205952
0.000126336
7.55378e-05
4.36758e-05
2.4218e-05
1.18376e-05
3.73584e-06
-0.278129
-0.264755
-0.242328
-0.209404
-0.166745
-0.122245
-0.0826533
-0.0511938
-0.0284565
-0.0132868
-0.00393647
0.00130232
0.00383266
0.00468627
0.00457434
0.00397478
0.00319891
0.00243263
0.00176885
0.00123991
0.000841867
0.000555747
0.000357967
0.000224741
0.000137704
8.22595e-05
4.75312e-05
2.63356e-05
1.28667e-05
4.05167e-06
-0.293284
-0.278936
-0.254947
-0.218681
-0.172004
-0.12402
-0.0819884
-0.0491829
-0.0259623
-0.0108389
-0.0017973
0.0030463
0.00519007
0.00570724
0.00532037
0.00450558
0.00356746
0.00268313
0.00193601
0.0013497
0.00091286
0.000600943
0.000386359
0.000242223
0.000148275
8.85068e-05
5.11134e-05
2.8303e-05
1.38227e-05
4.34515e-06
-0.308683
-0.293581
-0.267996
-0.228115
-0.177225
-0.125636
-0.0811377
-0.0470261
-0.0233844
-0.00836192
0.000333974
0.00476253
0.00651238
0.00669342
0.00603572
0.00501123
0.0039165
0.00291915
0.00209282
0.00145234
0.000979072
0.000643013
0.000412765
0.000258467
0.000158094
9.43072e-05
5.44384e-05
3.0129e-05
1.47099e-05
4.61746e-06
-0.324188
-0.308631
-0.281423
-0.237657
-0.182377
-0.127081
-0.0801044
-0.0447334
-0.0207339
-0.00586439
0.00245342
0.00645149
0.00780248
0.0076488
0.00672459
0.00549551
0.00424909
0.003143
0.00224095
0.00154897
0.00104123
0.000682415
0.000437462
0.000273614
0.000167252
9.9714e-05
5.75353e-05
3.18283e-05
1.5535e-05
4.87049e-06
-0.338818
-0.324011
-0.295289
-0.247375
-0.187516
-0.128394
-0.0789154
-0.0423193
-0.018016
-0.00334965
0.00456043
0.00811717
0.00906726
0.00858114
0.00739448
0.00596494
0.00457036
0.00335839
0.00238288
0.00164116
0.00110028
0.00071969
0.000460741
0.000287806
0.000175827
0.000104773
6.04281e-05
3.34125e-05
1.63024e-05
5.10566e-06
-0.357399
-0.341365
-0.310442
-0.257818
-0.192938
-0.129686
-0.0775896
-0.0397973
-0.0152542
-0.000856196
0.00660336
0.00970061
0.0102527
0.00944414
0.00800757
0.00639024
0.00485882
0.00355032
0.00250859
0.00172247
0.00115223
0.000752463
0.000481215
0.00030045
0.000183424
0.000109258
6.30014e-05
3.48294e-05
1.69925e-05
5.31767e-06
-0.365312
-0.350603
-0.319332
-0.263418
-0.195216
-0.12924
-0.0756125
-0.0371611
-0.0126277
0.00144358
0.008413
0.0110019
0.01116
0.0100573
0.00840828
0.00664604
0.00502122
0.00365471
0.00257718
0.00176854
0.00118346
0.000773604
0.000495574
0.000310566
0.000189473
0.000112887
6.51693e-05
3.6081e-05
1.7632e-05
5.51779e-06
-0.378775
-0.365898
-0.327546
-0.262406
-0.188148
-0.119871
-0.0663383
-0.0295631
-0.00701843
0.00532641
0.0110367
0.0128511
0.0124113
0.0108879
0.00895323
0.00699947
0.00524829
0.00379991
0.00267001
0.00182807
0.00122176
0.000797543
0.000512159
0.000318874
0.000195307
0.000116691
6.7489e-05
3.74153e-05
1.83032e-05
5.72531e-06
-0.392253
-0.378593
-0.333713
-0.261498
-0.182562
-0.111928
-0.0585481
-0.0230201
-0.00198417
0.00900042
0.0136432
0.0145584
0.0135226
0.0116127
0.00942143
0.00729806
0.00543714
0.00391938
0.0027462
0.00187718
0.0012539
0.000820884
0.000522631
0.000328712
0.000201228
0.000120292
6.96489e-05
3.8656e-05
1.89286e-05
5.92053e-06
-0.408398
-0.393529
-0.340543
-0.259767
-0.175734
-0.10298
-0.0501934
-0.0162801
0.0030188
0.0125426
0.0160717
0.0161691
0.0145948
0.0123191
0.00987929
0.00759016
0.00562175
0.0040361
0.0028206
0.00192522
0.00128423
0.00083834
0.000537598
0.000337325
0.000206657
0.000123651
7.16708e-05
3.98206e-05
1.95173e-05
6.10585e-06
-0.425745
-0.407713
-0.346042
-0.25705
-0.168111
-0.0935757
-0.041657
-0.00947203
0.00803363
0.0160481
0.0184504
0.0177545
0.0156458
0.0130075
0.010323
0.00787154
0.00579852
0.00414724
0.00289112
0.00197058
0.00131542
0.000860006
0.000550277
0.000345345
0.000211748
0.000126814
7.35794e-05
4.09217e-05
2.00743e-05
6.28196e-06
-0.444147
-0.421487
-0.350756
-0.253256
-0.159569
-0.0836655
-0.0329433
-0.00264848
0.0130018
0.019513
0.0207719
0.0192945
0.0166626
0.0136715
0.0107491
0.00814031
0.00596642
0.00425232
0.00295759
0.00201298
0.00134263
0.000877594
0.000562064
0.000352906
0.000216535
0.000129788
7.53758e-05
4.19592e-05
2.05988e-05
6.44843e-06
-0.462724
-0.433708
-0.353866
-0.248128
-0.150089
-0.0733081
-0.0240866
0.00417706
0.0179096
0.0228976
0.0230228
0.0207854
0.0176454
0.0143114
0.0111579
0.00839666
0.0061256
0.00435143
0.00302005
0.0020532
0.00136762
0.000894804
0.000573138
0.000359968
0.00022101
0.00013257
7.70577e-05
4.29311e-05
2.10901e-05
6.60487e-06
-0.480723
-0.443769
-0.355207
-0.241462
-0.139739
-0.0625798
-0.0151473
0.0109648
0.0227287
0.0261901
0.0252016
0.022226
0.0185928
0.0149261
0.0115486
0.00864004
0.00627575
0.0044444
0.00307842
0.00209133
0.00139136
0.000910623
0.000583406
0.000366528
0.000225171
0.000135159
7.86239e-05
4.38367e-05
2.15477e-05
6.75107e-06
-0.49728
-0.451108
-0.354369
-0.233053
-0.128634
-0.0515776
-0.00619959
0.0176676
0.0274243
0.0293746
0.0273019
0.0236119
0.0195021
0.0155139
0.0119201
0.0088699
0.00641659
0.0045311
0.0031327
0.00212564
0.00141404
0.00092525
0.000592885
0.00037259
0.000229018
0.000137554
8.00735e-05
4.46752e-05
2.19713e-05
6.88681e-06
-0.511541
-0.455083
-0.351135
-0.223042
-0.11692
-0.0404302
0.00266012
0.0242257
0.03198
0.032429
0.0293141
0.0249377
0.0203701
0.0160729
0.0122713
0.00908563
0.00654782
0.0046114
0.00318275
0.00215939
0.00143479
0.00093864
0.000601577
0.000378154
0.00023255
0.000139755
8.14057e-05
4.54461e-05
2.23606e-05
7.01192e-06
-0.522417
-0.455752
-0.345101
-0.211618
-0.104778
-0.0293012
0.0113136
0.0305615
0.0363515
0.0353315
0.0312263
0.0261964
0.0211927
0.0166006
0.0126008
0.00928648
0.00666912
0.00468514
0.0032284
0.0021928
0.00145394
0.000950822
0.000609483
0.000383218
0.000235766
0.000141759
8.26196e-05
4.61489e-05
2.27154e-05
7.1262e-06
-0.528965
-0.452772
-0.33655
-0.199079
-0.0924358
-0.0183902
0.0196229
0.0365836
0.0404725
0.0380588
0.0330239
0.0273797
0.021965
0.017094
0.0129069
0.00947163
0.00678008
0.00475219
0.0032698
0.00221178
0.00147115
0.000961789
0.000616601
0.00038778
0.000238665
0.000143566
8.37145e-05
4.67829e-05
2.30354e-05
7.22951e-06
-0.530696
-0.446208
-0.325753
-0.18577
-0.0801705
-0.00792574
0.0274358
0.042194
0.0442898
0.0405819
0.0346898
0.0284776
0.0226809
0.0175496
0.0131876
0.00964009
0.00688031
0.00481238
0.00330695
0.00223488
0.00148639
0.000971543
0.000622932
0.00039184
0.000241244
0.000145175
8.46896e-05
4.73476e-05
2.33203e-05
7.32169e-06
-0.527178
-0.436884
-0.313145
-0.172151
-0.0683088
0.00184514
0.0345938
0.0472917
0.0477468
0.0428692
0.0362054
0.029479
0.0233337
0.0179634
0.0134407
0.00979084
0.00696935
0.00486555
0.00333971
0.00225509
0.00149973
0.000980084
0.000628474
0.000395395
0.000243503
0.000146585
8.55442e-05
4.78427e-05
2.357e-05
7.40263e-06
-0.519846
-0.42499
-0.29932
-0.158786
-0.0572043
0.0106717
0.0409485
0.051782
0.050788
0.0448896
0.0375516
0.0303719
0.0239157
0.0183307
0.013664
0.00992278
0.00704676
0.00491152
0.00336799
0.00227215
0.00151116
0.00098741
0.000633227
0.000398445
0.000245442
0.000147795
8.62778e-05
4.82678e-05
2.37844e-05
7.4722e-06
-0.50867
-0.412388
-0.285305
-0.146237
-0.0472369
0.0183218
0.0463622
0.0555906
0.0533667
0.0466144
0.0387094
0.0311437
0.0244189
0.0186469
0.0138549
0.0100348
0.00711207
0.00495014
0.0033917
0.00228661
0.00152068
0.00099352
0.00063719
0.000400989
0.000247059
0.000148804
8.68898e-05
4.86226e-05
2.39633e-05
7.53032e-06
-0.497062
-0.398834
-0.271914
-0.135285
-0.038738
0.0246268
0.0507068
0.0586676
0.0554497
0.0480204
0.0396611
0.0317814
0.0248348
0.0189072
0.014011
0.0101259
0.00716489
0.00498124
0.00341077
0.00229821
0.00152829
0.00099841
0.000640361
0.000403024
0.000248353
0.000149612
8.738e-05
4.89067e-05
2.41065e-05
7.57691e-06
-0.485795
-0.386524
-0.26044
-0.126369
-0.0320476
0.0294128
0.0539724
0.0609793
0.0570105
0.0490901
0.0403912
0.0322731
0.0251554
0.019107
0.0141303
0.0101951
0.00720485
0.00500469
0.00342513
0.00230695
0.00153401
0.00100208
0.00064274
0.000404552
0.000249325
0.000150219
8.77479e-05
4.912e-05
2.4214e-05
7.61191e-06
-0.476973
-0.376871
-0.252115
-0.120023
-0.0274216
0.0326252
0.0561411
0.0625151
0.0580492
0.0498086
0.0408865
0.0326078
0.0253736
0.0192427
0.0142109
0.0102416
0.00723166
0.00502038
0.00343473
0.00231279
0.00153782
0.00100453
0.000644327
0.00040557
0.000249972
0.000150624
8.79933e-05
4.92623e-05
2.42857e-05
7.63526e-06
-0.472044
-0.371562
-0.247699
-0.116728
-0.0250624
0.0342276
0.0572194
0.0632791
0.0585678
0.0501698
0.0411366
0.0327775
0.0254842
0.0193113
0.0142516
0.0102651
0.00724511
0.00502825
0.00343954
0.00231571
0.00153972
0.00100575
0.00064512
0.00040608
0.000250296
0.000150826
8.8116e-05
4.93335e-05
2.43215e-05
7.64695e-06
)
;

boundaryField
{
    inlet
    {
        type            zeroGradient;
    }
    outlet
    {
        type            fixedValue;
        value           uniform 0;
    }
    cylinder
    {
        type            zeroGradient;
    }
    top
    {
        type            symmetryPlane;
    }
    bottom
    {
        type            symmetryPlane;
    }
    defaultFaces
    {
        type            empty;
    }
}


// ************************************************************************* //
