/*--------------------------------*- C++ -*----------------------------------*\
  =========                 |
  \\      /  F ield         | OpenFOAM: The Open Source CFD Toolbox
   \\    /   O peration     | Website:  https://openfoam.org
    \\  /    A nd           | Version:  7
     \\/     M anipulation  |
\*---------------------------------------------------------------------------*/
FoamFile
{
    version     2.0;
    format      ascii;
    class       volScalarField;
    location    "2.1";
    object      p;
}
// * * * * * * * * * * * * * * * * * * * * * * * * * * * * * * * * * * * * * //

dimensions      [1 -1 -2 0 0 0 0];

internalField   nonuniform List<scalar> 
6300
(
1
1
1
1
1
1
1
1
1
1
1
1
1
1
1
4.49427
10.2899
10.6901
10.8219
10.9917
11.1432
11.2838
11.4094
11.5242
11.6292
11.7254
11.8117
11.8838
11.9392
11.9787
1
1
1
1
1
1
1
1
1
1
1
1
1
1
1
4.37198
10.213
10.6759
10.81
10.9795
11.1298
11.2683
11.3913
11.5031
11.6043
11.6962
11.7782
11.8468
11.8994
11.9378
1
1
1
1
1
1
1
1
1
1
1
1
1
1
1
4.10548
10.1078
10.6471
10.781
10.9512
11.101
11.2389
11.3614
11.4719
11.5707
11.6578
11.7332
11.795
11.8408
11.8754
1
1
1
1
1
1
1
1
1
1
1
1
1
1
1
3.72228
9.93492
10.6097
10.7397
10.9071
11.0522
11.1858
11.3049
11.4127
11.5088
11.5924
11.6632
11.72
11.7599
11.7908
1
1
1
1
1
1
1
1
1
1
1
1
1
1
1
3.23873
9.64592
10.555
10.6826
10.8494
10.9906
11.1201
11.2351
11.3378
11.4275
11.503
11.5647
11.6136
11.6462
11.6744
1
1
1
1
1
1
1
1
1
1
1
1
1
1
1
2.70443
9.23839
10.5121
10.6269
10.787
10.9206
11.044
11.1523
11.2474
11.3298
11.3972
11.4492
11.4844
11.498
11.5078
1
1
1
1
1
1
1
1
1
1
1
1
1
1
1
2.09911
8.63072
10.4684
10.5728
10.7257
10.8456
10.9558
11.0519
11.134
11.2016
11.2494
11.2746
11.2883
11.2862
11.3056
1
1
1
1
1
1
1
1
1
1
1
1
1
1
1
1.48528
7.86987
10.4672
10.4891
10.6242
10.7377
10.8443
10.9303
10.9968
11.0459
11.0743
11.0821
11.0807
11.0436
10.9723
1
1
1
1
1
1
1
1
1
1
1
1
1
1
1
1.03807
6.88438
10.4252
10.4342
10.544
10.6346
10.7098
10.7678
10.8129
10.8413
10.8358
10.7939
10.701
10.5814
10.4939
1
1
1
1
1
1
1
1
1
1
1
1
1
1
1
1.00022
5.59057
10.0038
10.2059
10.3361
10.4383
10.5077
10.552
10.5799
10.5777
10.5311
10.4413
10.3034
10.1229
10.0561
1
1
1
1
1
1
1
1
1
1
1
1
1
1
1
0.999999
4.23106
9.57963
10.1389
10.2449
10.322
10.3548
10.3611
10.3493
10.3023
10.2112
10.0371
9.72016
8.9058
6.98268
1
1
1
1
1
1
1
1
1
1
1
1
1
1
1
1
2.8102
8.85765
10.0258
10.1171
10.179
10.1928
10.1698
10.1141
10.018
9.85925
9.57917
9.05814
8.18503
6.09312
1
1
1
1
1
1
1
1
1
1
1
1
1
1
1
1
1.52919
7.88593
10.0783
10.0357
10.0319
10.0043
9.94857
9.85442
9.71543
9.49323
9.146
8.53248
7.61341
5.69149
1
1
1
1
1
1
1
1
1
1
1
1
1
1
1
1
1.0319
6.40814
9.72094
9.74776
9.77144
9.76093
9.70218
9.5879
9.41645
9.15194
8.75307
8.14488
7.16843
5.6279
1
1
1
1
1
1
1
1
1
1
1
1
1
1
1
1
1
4.41344
9.31274
9.61025
9.61819
9.59246
9.51031
9.36563
9.15656
8.85717
8.42602
7.82938
6.89334
5.68572
1
1
1
1
1
1
1
1
1
1
1
1
1
1
1
1
0.999992
2.40012
8.47727
9.51016
9.49363
9.44796
9.329
9.1514
8.90926
8.58839
8.1587
7.58238
6.73693
5.7699
1
1
1
1
1
1
1
1
1
1
1
1
1
1
1
1
0.999998
1.16889
6.86242
9.44657
9.35973
9.27608
9.1345
8.94246
8.69082
8.36401
7.94191
7.38691
6.64934
5.85002
1
1
1
1
1
1
1
1
1
1
1
1
1
1
1
1
1
1.00226
4.59555
8.94905
9.16639
9.09504
8.95156
8.75826
8.49545
8.18125
7.75683
7.23034
6.59716
5.90973
1
1
1
1
1
1
1
1
1
1
1
1
1
1
1
1
1
0.999984
2.17271
8.14989
9.13267
8.94493
8.78114
8.59009
8.33317
8.00955
7.61269
7.13071
6.58266
5.97892
1
1
1
1
1
1
1
1
1
1
1
1
1
1
1
1
1
0.999996
1.10785
6.30383
8.87603
8.70014
8.58957
8.41493
8.17383
7.86634
7.49231
7.05724
6.56851
6.02915
1
1
1
1
1
1
1
1
1
1
1
1
1
1
1
1
1
0.999999
1.00076
3.49328
8.17722
8.56591
8.4951
8.33565
8.08788
7.78038
7.41465
7.00534
6.55311
6.06883
1
1
1
1
1
1
1
1
1
1
1
1
1
1
1
1
1
1
0.999997
1.39769
6.85644
8.63093
8.44289
8.24087
7.97882
7.6776
7.33448
6.9534
6.53612
6.09987
1
1
1
1
1
1
1
1
1
1
1
1
1
1
1
1
1
1
0.999999
1.01301
4.27854
8.07468
8.26347
8.09631
7.86957
7.59456
7.27406
6.91373
6.52791
6.12975
1
1
1
1
1
1
1
1
1
1
1
1
1
1
1
1
1
1
1
0.999996
1.66167
6.88454
8.30742
8.0426
7.80791
7.53317
7.22074
6.87588
6.51626
6.14817
1
1
1
1
1
1
1
1
1
1
1
1
1
1
1
1
1
1
1
0.999998
1.03444
4.46872
7.88012
7.89786
7.70541
7.45119
7.15318
6.83338
6.502
6.15947
1
1
1
1
1
1
1
1
1
1
1
1
1
1
1
1
1
1
1
1
1.00011
1.75574
6.60106
7.91265
7.67126
7.41143
7.11903
6.81998
6.51008
6.18551
1
1
1
1
1
1
1
1
1
1
1
1
1
1
1
1
1
1
1
1
1
1.04301
4.06751
7.5081
7.58645
7.33537
7.06785
6.79143
6.50433
6.20486
1
1
1
1
1
1
1
1
1
1
1
1
1
1
1
1
1
1
1
1
1
1.00026
1.61264
6.02904
7.58769
7.3023
7.06872
6.80759
6.53061
6.24329
1
1
1
1
1
1
1
1
1
1
1
1
1
1
1
1
1
1
1
1
1
1
1.02859
3.1478
6.93138
7.27888
7.04913
6.80153
6.53448
6.25646
1
1
1
1
1
1
1
1
1
1
1
1
1
1
1
1
1
1
1
1
1
1
1.00021
1.31693
5.09992
7.32046
7.07034
6.82414
6.55399
6.28356
1
1
1
1
1
1
1
1
1
1
1
1
1
1
1
1
1
1
1
1
1
1
1
1.00867
2.25076
6.23266
7.05843
6.7833
6.53805
6.28713
1
1
1
1
1
1
1
1
1
1
1
1
1
1
1
1
1
1
1
1
1
1
1
1.00005
1.1105
3.75708
6.69568
6.80483
6.58438
6.33984
1
1
1
1
1
1
1
1
1
1
1
1
1
1
1
1
1
1
1
1
1
1
1
1
1.0017
1.52715
5.06584
6.79107
6.62749
6.38225
1
1
1
1
1
1
1
1
1
1
1
1
1
1
1
1
1
1
1
1
1
1
1
1
1.00001
1.02276
2.33329
5.8498
6.61566
6.41666
1
1
1
1
1
1
1
1
1
1
1
1
1
1
1
1
1
1
1
1
1
1
1
1
1
1.00021
1.12749
3.40781
6.15413
6.46108
1
1
1
1
1
1
1
1
1
1
1
1
1
1
1
1
1
1
1
1
1
1
1
1
1
1
1.0024
1.41117
4.39579
6.27875
1
1
1
1
1
1
1
1
1
1
1
1
1
1
1
1
1
1
1
1
1
1
1
1
1
1
1.00001
1.01566
1.91764
5.06062
1
1
1
1
1
1
1
1
1
1
1
1
1
1
1
1
1
1
1
1
1
1
1
1
1
1
1
1.00014
1.06544
2.5459
1
1
1
1
1
1
1
1
1
1
1
1
1
1
1
1
1
1
1
1
1
1
1
1
1
1
1
1
1.001
1.17818
1
1
1
1
1
1
1
1
1
1
1
1
1
1
1
1
1
1
1
1
1
1
1
1
1
1
1
1
1
1.00432
1
1
1
1
1
1
1
1
1
1
1
1
1
1
1
1
1
1
1
1
1
1
1
1
1
1
1
1
1
1.00003
1
1
1
1
1
1
1
1
1
1
1
1
1
1
1
1
1
1
1
1
1
1
1
1
1
1
1
1
1
1
1
1
1
1
1
1
1
1
1
1
1
1
1
1
1
1
1
1
1
1
1
1
1
1
1
1
1
1
1
1
1
1
1
1
1
1
1
1
1
1
1
1
1
1
1
1
1
1
1
1
1
1
1
1
1
1
1
1
1
1
1
1
1
1
1
1
1
1
1
1
1
1
1
1
1
1
1
1
1
1
1
1
1
1
1
1
1
1
1
1
1
1
1
1
1
1
1
1
1
1
1
1
1
1
1
1
1
1
1
1
1
1
1
1
1
1
1
1
1
1
1
1
1
1
1
1
1
1
1
1
1
1
1
1
1
1
1
1
1
1
1
1
1
1
1
1
1
1
1
1
1
1
1
1
1
1
1
1
1
1
1
1
1
1
1
1
1
1
1
1
1
1
1
1
1
1
1
1
1
1
1
1
1
1
1
1
1
1
1
1
1
1
1
1
1
1
1
1
1
1
1
1
1
1
1
1
1
1
1
1
1
1
1
1
1
1
1
1
1
1
1
1
1
1
1
1
1
1
1
1
1
1
1
1
1
1
1
1
1
1
1.47001
0.380786
0.137542
0.124696
0.157899
0.185606
0.251981
0.350538
0.467899
0.577906
0.685349
0.805639
0.906926
1.04219
1.10751
1.10724
1.10667
1.0996
1.12728
1.16232
1.21841
1.24748
1.23174
1.21565
1.20787
1.22912
1.25251
1.27891
1.29409
1.28279
1.26875
1.25702
1.26394
1.28265
1.31058
1.32624
1.32342
1.31415
1.30056
1.29588
1.29717
1.30451
1.315
1.31568
1.30987
1.2994
1.28976
1.28481
1.28645
1.34002
1.64936
2.76279
4.90314
6.70495
6.88488
6.42049
6.05499
5.92954
5.87363
5.74455
5.62537
5.51651
5.40835
5.31371
5.21547
5.11583
5.01027
4.91494
4.83261
4.77705
4.74091
4.67113
4.5912
4.49877
4.37427
4.2371
4.14142
4.08026
4.03566
4.01661
4.00293
3.96677
3.91773
3.84363
3.72763
3.6281
3.57773
3.54078
3.50922
3.48138
3.44756
3.4076
3.34359
3.23703
3.15248
3.11427
3.08408
3.05819
3.04156
3.02014
2.98679
2.94677
2.87842
2.77773
2.71652
2.68825
2.66291
2.64233
2.6329
2.61214
2.58246
2.55031
2.50084
2.41802
2.35166
2.32379
2.30445
2.28541
2.27863
2.25744
2.61805
1.29484
0.751635
0.583233
0.518525
0.447202
0.410099
0.414603
0.420769
0.440785
0.494277
0.558951
0.627962
0.728667
0.853014
0.908583
0.947089
0.988706
1.03639
1.09018
1.14831
1.20772
1.2278
1.23056
1.22944
1.22257
1.22496
1.23447
1.25833
1.2787
1.28396
1.28084
1.27153
1.27222
1.2793
1.29557
1.31142
1.31677
1.31511
1.30417
1.29116
1.28804
1.29154
1.30357
1.31345
1.30977
1.29519
1.28381
1.33128
1.6728
2.30385
2.82826
3.55766
5.03946
5.90956
6.08987
5.97068
5.89774
5.79238
5.68433
5.59455
5.49516
5.39759
5.31563
5.22748
5.13157
5.02738
4.91514
4.81934
4.74371
4.69148
4.64525
4.57862
4.50169
4.41125
4.30227
4.18734
4.10337
4.05173
4.0142
3.9786
3.94135
3.89709
3.83404
3.74379
3.64456
3.57248
3.52883
3.49416
3.46342
3.43374
3.39784
3.34433
3.26009
3.16854
3.11511
3.0827
3.05379
3.03078
3.01182
2.98305
2.94494
2.88796
2.80429
2.72602
2.68415
2.65736
2.63429
2.61653
2.59997
2.57524
2.54576
2.50446
2.44247
2.37214
2.32865
2.30642
2.28838
2.2766
2.24816
3.46772
2.26722
1.51585
1.05959
0.869631
0.735933
0.632217
0.593685
0.54407
0.487802
0.498687
0.537346
0.573335
0.593107
0.658053
0.757604
0.81818
0.87918
0.95009
1.01696
1.08544
1.15277
1.21508
1.25492
1.27158
1.26424
1.24376
1.23612
1.24009
1.25815
1.27962
1.29396
1.2999
1.29122
1.27672
1.27577
1.28588
1.30485
1.32076
1.32289
1.31695
1.29957
1.28727
1.28754
1.29553
1.30604
1.32135
1.3888
1.7554
2.47669
2.89411
2.99062
3.0792
3.51553
4.54345
5.6561
5.97651
6.02076
5.81008
5.70873
5.60356
5.487
5.39073
5.31341
5.22937
5.14478
5.05628
4.95709
4.84674
4.73833
4.65556
4.58471
4.51687
4.45543
4.39599
4.33403
4.26342
4.17603
4.08812
4.02204
3.96734
3.91336
3.85354
3.79174
3.73159
3.66781
3.59531
3.5295
3.4838
3.44612
3.40694
3.36272
3.31516
3.26259
3.19984
3.13046
3.08004
3.04861
3.02039
2.99225
2.96003
2.92196
2.87765
2.82509
2.76499
2.70251
2.65712
2.63028
2.60674
2.58155
2.55189
2.51844
2.48433
2.45048
2.40783
2.35471
2.3135
2.28746
2.26858
2.23462
4.03651
2.95892
2.2199
1.72894
1.35466
1.0694
0.907215
0.873888
0.834968
0.747626
0.659973
0.62494
0.594793
0.588365
0.597529
0.637007
0.684949
0.740353
0.814305
0.888787
0.957591
1.02725
1.09977
1.15224
1.20566
1.24419
1.25079
1.24772
1.25098
1.26095
1.28715
1.30965
1.31082
1.30003
1.27829
1.26261
1.26437
1.27514
1.29547
1.31065
1.3119
1.30685
1.29525
1.28543
1.28576
1.30502
1.42124
1.79164
2.59311
3.012
3.10627
3.09021
3.05422
3.03565
3.24992
4.09209
5.03867
5.58749
5.67263
5.75516
5.65
5.52691
5.38753
5.27093
5.18574
5.1188
5.05188
4.97371
4.87619
4.75638
4.64332
4.56039
4.49389
4.43546
4.38541
4.33775
4.28397
4.21524
4.11621
4.01625
3.94765
3.88886
3.82916
3.77475
3.72814
3.68132
3.62219
3.5446
3.47444
3.42693
3.38409
3.33969
3.29841
3.26087
3.21998
3.16512
3.09361
3.03664
3.00328
2.97292
2.93902
2.90014
2.86026
2.82386
2.78766
2.74304
2.68507
2.63034
2.59303
2.5616
2.5297
2.49762
2.47103
2.44804
2.42245
2.38679
2.33777
2.2917
2.26478
2.224
4.50076
3.57873
2.74858
2.24159
1.90624
1.57739
1.27056
1.12149
1.05056
0.986152
0.907915
0.816272
0.719255
0.645252
0.636713
0.647623
0.684488
0.716296
0.726515
0.738716
0.758383
0.800806
0.88355
0.987247
1.08921
1.16645
1.19604
1.20182
1.20399
1.21865
1.24852
1.28663
1.305
1.30712
1.3021
1.28551
1.26973
1.26841
1.27298
1.28448
1.29647
1.30041
1.29971
1.29657
1.30776
1.42224
1.93968
2.55513
3.12198
3.17213
3.13963
3.08916
3.04352
3.01262
2.99189
3.09621
3.56951
4.45374
5.15223
5.50934
5.54897
5.52494
5.40788
5.26445
5.17183
5.09717
5.03034
4.96679
4.88761
4.77641
4.64222
4.54089
4.47639
4.42037
4.37912
4.33943
4.28794
4.22668
4.1343
4.00598
3.90351
3.84629
3.80319
3.7663
3.72965
3.69068
3.64303
3.57058
3.47157
3.39429
3.34977
3.31554
3.28551
3.25594
3.2254
3.18902
3.13432
3.0586
2.98977
2.94176
2.90305
2.86898
2.8399
2.81367
2.78774
2.75759
2.7122
2.64422
2.58244
2.54527
2.51634
2.49013
2.46659
2.44439
2.42193
2.39549
2.35774
2.3038
2.25991
2.20976
4.80717
4.02249
3.29716
2.71554
2.30699
1.99249
1.73436
1.52404
1.29226
1.17263
1.12996
1.05462
0.961671
0.85406
0.79126
0.764098
0.752278
0.75018
0.745088
0.733452
0.712913
0.709884
0.728959
0.781287
0.85265
0.946085
1.04906
1.11795
1.15456
1.18061
1.21036
1.24397
1.27417
1.28574
1.28961
1.29077
1.28094
1.26693
1.26559
1.27348
1.29159
1.30566
1.31047
1.3306
1.44485
2.01184
2.73921
3.06358
3.20468
3.16915
3.12313
3.08131
3.04058
3.00731
2.97971
2.94908
2.96036
3.18499
3.81962
4.67451
5.15632
5.35708
5.32822
5.24272
5.18261
5.0973
5.02056
4.94594
4.86942
4.77818
4.65813
4.53339
4.45701
4.40357
4.36164
4.32021
4.26932
4.2122
4.13805
4.02427
3.89627
3.82775
3.78864
3.75546
3.72633
3.69151
3.65102
3.59299
3.49695
3.38968
3.33448
3.30287
3.27435
3.25004
3.22438
3.19378
3.15504
3.08595
2.98587
2.91438
2.87653
2.84962
2.82918
2.81118
2.78613
2.75905
2.72495
2.66945
2.59311
2.53717
2.50562
2.48097
2.45872
2.43792
2.41724
2.39419
2.36434
2.3171
2.25897
2.19268
5.06433
4.37971
3.70131
3.17593
2.75235
2.32794
2.05797
1.87772
1.65163
1.4242
1.31329
1.22708
1.13544
1.05943
0.994449
0.922552
0.853513
0.813847
0.78859
0.775233
0.76927
0.76101
0.747152
0.732455
0.736224
0.755923
0.816233
0.90685
1.01105
1.11047
1.14984
1.16752
1.18881
1.22411
1.26255
1.27715
1.28183
1.27653
1.26568
1.26505
1.2701
1.28866
1.33363
1.52456
2.04555
2.89736
3.13423
3.17911
3.17584
3.15885
3.10251
3.06566
3.02983
2.98418
2.94903
2.91029
2.88535
2.86566
2.94777
3.31335
4.02626
4.70239
5.09876
5.10697
5.10613
5.07323
5.00556
4.93638
4.85346
4.77097
4.67318
4.55636
4.439
4.36414
4.30906
4.27053
4.23928
4.1857
4.1251
4.0439
3.92767
3.8288
3.78193
3.7457
3.71435
3.68032
3.63941
3.58737
3.51066
3.40653
3.33408
3.29923
3.26944
3.24577
3.22381
3.19312
3.15665
3.09028
2.97516
2.89159
2.85898
2.83422
2.81526
2.80386
2.7846
2.75921
2.73206
2.6934
2.62235
2.54234
2.49787
2.47126
2.44803
2.42616
2.40537
2.38399
2.35814
2.31322
2.24769
2.18104
5.24662
4.63975
4.02425
3.52339
3.10756
2.68202
2.37265
2.14818
1.93042
1.70642
1.55607
1.43023
1.29583
1.22038
1.17684
1.11583
1.03085
0.954737
0.899607
0.879066
0.868785
0.846531
0.811154
0.772754
0.74335
0.744024
0.749888
0.767313
0.811277
0.8788
0.954141
1.02549
1.06791
1.11064
1.16168
1.22555
1.2664
1.27695
1.28023
1.26424
1.26
1.2883
1.57543
2.21625
2.8886
3.23982
3.21321
3.1921
3.15901
3.14379
3.09692
3.05205
3.01456
2.96587
2.91097
2.87387
2.8521
2.83359
2.82008
2.81946
2.96891
3.40073
4.11354
4.65148
4.93793
4.97828
4.97189
4.94041
4.85603
4.77111
4.68103
4.58597
4.45809
4.33986
4.27717
4.22947
4.19915
4.16121
4.10983
4.05539
3.9798
3.87135
3.77806
3.72832
3.68764
3.64852
3.60785
3.5653
3.51396
3.44027
3.35411
3.30219
3.26853
3.23704
3.211
3.18273
3.1439
3.08103
2.98126
2.88894
2.85004
2.82574
2.80507
2.79655
2.79101
2.77132
2.7456
2.70594
2.63569
2.54229
2.48936
2.46414
2.44147
2.41947
2.39701
2.37243
2.34205
2.29525
2.23091
2.1764
5.3978
4.84038
4.28216
3.82029
3.40314
2.98077
2.6729
2.41899
2.16573
1.94927
1.79872
1.65812
1.50235
1.38298
1.31257
1.2573
1.19755
1.13756
1.06461
0.979603
0.935652
0.91284
0.884821
0.857244
0.83501
0.803436
0.771963
0.767639
0.771503
0.784552
0.80702
0.84027
0.885333
0.948043
1.01861
1.08589
1.14905
1.22815
1.26185
1.25549
1.2881
1.56689
2.39306
2.94424
3.2597
3.23837
3.19222
3.15548
3.11902
3.09405
3.08508
3.04598
2.99537
2.93687
2.8771
2.84341
2.82593
2.81235
2.79665
2.77359
2.7432
2.75836
2.95905
3.4633
4.09394
4.54544
4.77101
4.85778
4.84604
4.78246
4.70071
4.61726
4.50579
4.36363
4.25591
4.2001
4.15352
4.12452
4.09551
4.05166
4.00065
3.91656
3.79755
3.72375
3.6771
3.6319
3.58663
3.54253
3.49917
3.44824
3.37585
3.305
3.2617
3.2263
3.19017
3.1504
3.10631
3.05753
2.9948
2.91394
2.85436
2.82745
2.80662
2.79115
2.77084
2.74505
2.71577
2.68244
2.62971
2.54947
2.47413
2.43746
2.41928
2.40184
2.3829
2.36083
2.33318
2.29759
2.25609
2.19568
5.50826
4.99681
4.492
4.05226
3.64029
3.2437
2.93977
2.68188
2.40028
2.17184
2.00505
1.8589
1.71725
1.60645
1.49643
1.36678
1.30571
1.27702
1.22934
1.16095
1.06778
0.995636
0.971298
0.955626
0.936249
0.903434
0.857256
0.807585
0.783732
0.782731
0.786165
0.791791
0.801816
0.815384
0.849354
0.903256
0.965401
1.04986
1.12936
1.21615
1.53729
2.37122
3.01591
3.20669
3.3147
3.26303
3.20118
3.14907
3.09414
3.06903
3.05553
3.02758
2.97873
2.91723
2.85329
2.81245
2.79352
2.77793
2.76748
2.75321
2.71483
2.69871
2.65267
2.69136
2.90993
3.4444
4.0166
4.49189
4.63226
4.69091
4.69576
4.63778
4.54698
4.41561
4.26248
4.17398
4.12411
4.0914
4.07494
4.03832
3.99217
3.92989
3.82964
3.7317
3.66962
3.61964
3.57298
3.52835
3.4839
3.43439
3.36862
3.28938
3.2371
3.20151
3.16462
3.12413
3.08302
3.04508
3.00578
2.95285
2.8791
2.82351
2.79796
2.77441
2.74813
2.71972
2.68876
2.65404
2.6114
2.5529
2.47731
2.4251
2.40168
2.38379
2.36739
2.35167
2.3352
2.31704
2.29586
2.23389
5.59306
5.11905
4.66448
4.24839
3.85401
3.48202
3.16731
2.8999
2.63056
2.41378
2.23498
2.04213
1.87293
1.77672
1.68302
1.57703
1.46871
1.35883
1.30942
1.28049
1.22919
1.15624
1.07212
1.02341
1.00112
0.976819
0.944521
0.908928
0.876623
0.837264
0.803154
0.795768
0.798091
0.812596
0.814664
0.815581
0.829322
0.873739
0.939128
1.30111
2.06103
2.86095
3.02106
3.14808
3.20124
3.15829
3.11439
3.09641
3.07215
3.04706
3.03237
3.00253
2.95734
2.90396
2.84725
2.79208
2.7536
2.73143
2.71518
2.70737
2.69666
2.66988
2.6315
2.57827
2.51878
2.58304
2.87459
3.42976
3.99428
4.37779
4.52803
4.5544
4.53067
4.43927
4.29419
4.1797
4.11714
4.07448
4.04647
4.00873
3.96312
3.91092
3.83513
3.73965
3.6613
3.60748
3.56363
3.52248
3.48014
3.43129
3.3659
3.27779
3.2008
3.15827
3.12622
3.09694
3.07055
3.04429
3.01596
2.9807
2.92261
2.83593
2.76891
2.73846
2.71543
2.68932
2.65968
2.62739
2.59397
2.55567
2.50022
2.43042
2.38885
2.37038
2.35573
2.34411
2.34157
2.33326
2.31729
2.25818
5.6618
5.22067
4.80719
4.41744
4.02925
3.68433
3.38835
3.10541
2.83211
2.61682
2.43199
2.24861
2.08184
1.9356
1.79951
1.71578
1.64243
1.54771
1.4275
1.33958
1.31375
1.27809
1.22083
1.14768
1.07914
1.04466
1.02391
1.00461
0.982188
0.946088
0.890543
0.835587
0.815673
0.816728
0.818191
0.817514
0.818659
0.838628
1.12484
1.76728
2.33517
2.62931
2.74881
2.80676
2.85456
2.93415
2.9792
2.99389
3.00115
3.0101
3.00041
2.95359
2.91421
2.87772
2.83335
2.77957
2.71446
2.67139
2.65493
2.64512
2.65726
2.64523
2.60701
2.55954
2.50086
2.43221
2.41851
2.51863
2.87163
3.41675
3.94087
4.24861
4.36257
4.34232
4.2738
4.20521
4.14439
4.08779
4.0305
3.97687
3.92557
3.87212
3.81025
3.73609
3.65745
3.59588
3.55127
3.51251
3.47304
3.42793
3.36996
3.28553
3.18542
3.12538
3.09396
3.06975
3.05302
3.03868
3.01546
2.98678
2.94675
2.87221
2.76952
2.70221
2.66938
2.64671
2.62589
2.60395
2.58178
2.55835
2.52539
2.46633
2.3972
2.36747
2.3551
2.35146
2.35305
2.34133
2.32374
2.26003
5.71724
5.31208
4.9316
4.55357
4.18864
3.87239
3.57274
3.28086
3.02914
2.82067
2.61544
2.4054
2.24966
2.12001
1.98785
1.83908
1.74733
1.67898
1.58574
1.4814
1.39437
1.34562
1.31532
1.27526
1.22012
1.14774
1.08336
1.06278
1.05109
1.02565
0.988884
0.951536
0.904646
0.851624
0.833838
0.831375
0.85996
1.07756
1.74746
2.17973
2.34751
2.37201
2.37675
2.40704
2.45005
2.50192
2.57343
2.67237
2.77287
2.82359
2.84184
2.85159
2.85957
2.83857
2.8037
2.7553
2.68206
2.62902
2.60962
2.5945
2.60341
2.60559
2.5713
2.53647
2.49619
2.43422
2.36575
2.32803
2.35124
2.4829
2.84478
3.34217
3.84107
4.06389
4.09873
4.14792
4.13967
4.09679
4.02215
3.95485
3.89998
3.84141
3.78325
3.72435
3.65479
3.58574
3.53587
3.4963
3.45603
3.41248
3.36307
3.29694
3.20185
3.11484
3.07584
3.0505
3.02978
3.01676
2.99859
2.9735
2.94055
2.88556
2.79148
2.69034
2.63681
2.60838
2.5889
2.57846
2.56719
2.55061
2.53283
2.50571
2.45581
2.39081
2.34877
2.32706
2.30706
2.28676
2.27154
2.22313
5.76251
5.3904
5.03347
4.66951
4.33474
4.03233
3.73709
3.44744
3.21162
2.98947
2.78524
2.58503
2.41365
2.26481
2.13447
2.00231
1.89176
1.78151
1.68842
1.61418
1.53546
1.44415
1.37365
1.35156
1.32195
1.27097
1.21688
1.15736
1.10219
1.07064
1.05404
1.0385
1.00664
0.950156
0.900135
0.912788
1.11902
1.77351
2.31137
2.42077
2.39296
2.34451
2.32111
2.29585
2.26563
2.23308
2.21191
2.22896
2.29665
2.38505
2.48193
2.58295
2.66418
2.70827
2.71108
2.68225
2.63292
2.59855
2.57423
2.55861
2.54481
2.54083
2.52203
2.50807
2.48046
2.43111
2.36956
2.29872
2.2749
2.25685
2.28623
2.42207
2.76747
3.27115
3.60836
3.90568
3.98119
3.99658
3.97009
3.93526
3.88131
3.8309
3.76965
3.70308
3.63503
3.57139
3.52197
3.48003
3.43828
3.39413
3.34778
3.29543
3.22511
3.13441
3.06778
3.03738
3.01154
2.9849
2.95975
2.93535
2.9069
2.86839
2.80853
2.7178
2.62758
2.58697
2.57016
2.55762
2.54993
2.54243
2.53121
2.51645
2.48904
2.43094
2.3561
2.30738
2.27696
2.24699
2.2203
2.17162
5.80908
5.4638
5.11923
4.78251
4.47549
4.17642
3.87647
3.61195
3.38031
3.15702
2.93718
2.74574
2.57847
2.42032
2.26967
2.13731
2.02835
1.91286
1.79525
1.71508
1.65765
1.5828
1.49373
1.42194
1.37314
1.34475
1.31831
1.27645
1.21897
1.14538
1.08811
1.07468
1.06279
1.02971
1.04415
1.27532
1.92268
2.53026
2.60365
2.53275
2.44251
2.37518
2.34222
2.31459
2.28219
2.24264
2.19774
2.14422
2.11197
2.10161
2.12138
2.17458
2.24773
2.33482
2.40966
2.45034
2.48904
2.50836
2.49652
2.47043
2.45697
2.46014
2.47766
2.47606
2.44292
2.40914
2.36843
2.30818
2.24628
2.2075
2.19369
2.18332
2.21907
2.36878
2.6766
3.10029
3.45594
3.71587
3.82263
3.82443
3.83228
3.80925
3.75495
3.68234
3.60518
3.54721
3.50231
3.46034
3.422
3.38196
3.33622
3.28786
3.23414
3.16278
3.07558
3.01675
2.98495
2.95631
2.92866
2.90115
2.87232
2.84104
2.80398
2.74995
2.66941
2.59464
2.56269
2.54519
2.53098
2.5223
2.51647
2.50229
2.48212
2.44603
2.37701
2.29553
2.24539
2.21279
2.18551
2.13976
5.86001
5.53336
5.19741
4.88711
4.59618
4.30013
4.00904
3.76617
3.52801
3.30142
3.0827
2.90414
2.72303
2.5608
2.40023
2.27564
2.15372
2.04299
1.92664
1.82956
1.7546
1.68775
1.62073
1.55197
1.48292
1.40383
1.36002
1.34014
1.30764
1.25098
1.17974
1.13234
1.10938
1.13597
1.38713
2.12831
2.7709
2.85007
2.75517
2.62611
2.52522
2.48045
2.44475
2.40852
2.36665
2.32327
2.268
2.18472
2.10695
2.07948
2.05914
2.04451
2.03628
2.04005
2.05666
2.08757
2.12751
2.16466
2.20606
2.26195
2.30927
2.3303
2.34587
2.34611
2.36887
2.37071
2.34921
2.30597
2.236
2.18078
2.15839
2.14082
2.13268
2.11369
2.13672
2.24551
2.52209
2.87377
3.25221
3.48976
3.68083
3.71106
3.70204
3.65839
3.58533
3.52667
3.4783
3.43519
3.39906
3.36429
3.3245
3.28348
3.24088
3.18599
3.10474
3.00892
2.95281
2.92363
2.89762
2.87154
2.84483
2.81824
2.79152
2.76001
2.71037
2.6339
2.56414
2.53091
2.51226
2.49833
2.49204
2.48069
2.4623
2.43507
2.38659
2.30002
2.21945
2.17991
2.15643
2.12027
5.89923
5.58637
5.27472
4.98304
4.69531
4.40454
4.1468
3.90282
3.6634
3.42587
3.23099
3.04277
2.86368
2.68935
2.54148
2.40766
2.27531
2.1577
2.05699
1.96907
1.87641
1.77454
1.69772
1.65215
1.59379
1.51785
1.45027
1.39126
1.34606
1.31359
1.27284
1.22337
1.24288
1.52632
2.27699
3.02341
3.07263
2.95524
2.83857
2.7512
2.67325
2.61788
2.5651
2.51002
2.45502
2.40294
2.3495
2.28516
2.20221
2.12812
2.07497
2.03869
2.01266
1.99236
1.97738
1.96082
1.93499
1.89352
1.89119
1.911
1.95664
2.01481
2.08007
2.13943
2.18149
2.22767
2.2425
2.23377
2.19965
2.16934
2.1509
2.1256
2.08773
2.0573
2.04254
2.02379
2.03745
2.10762
2.33621
2.67393
3.07311
3.35668
3.52282
3.55029
3.54057
3.51499
3.46177
3.40057
3.36349
3.33837
3.3132
3.27677
3.23736
3.18873
3.12212
3.03241
2.94785
2.89891
2.87138
2.84855
2.82519
2.80085
2.77641
2.74985
2.71366
2.65563
2.58224
2.53097
2.50445
2.48211
2.45713
2.43638
2.422
2.40684
2.37404
2.30883
2.22283
2.16032
2.13696
2.11069
5.94922
5.64556
5.35236
5.07054
4.7822
4.50545
4.26613
4.02567
3.77975
3.553
3.36539
3.17358
2.99455
2.81567
2.67784
2.53383
2.40657
2.27553
2.17689
2.08223
1.98957
1.89587
1.80548
1.73432
1.66511
1.60383
1.55215
1.49341
1.42043
1.36204
1.33001
1.36451
1.70642
2.51747
3.20833
3.29016
3.20073
3.08493
2.99777
2.91971
2.82854
2.73949
2.66504
2.60137
2.54622
2.49681
2.44599
2.38448
2.30372
2.21054
2.13592
2.08915
2.05276
2.01624
1.97929
1.94128
1.90226
1.86284
1.82504
1.80501
1.78707
1.77658
1.7865
1.82549
1.86569
1.91103
1.96449
2.00915
2.06982
2.09638
2.08178
2.04921
2.03123
2.02017
2.0059
1.98869
1.9642
1.93179
1.93562
2.00179
2.19049
2.52956
2.89832
3.17988
3.33331
3.39834
3.38393
3.34599
3.33241
3.32555
3.309
3.2778
3.2412
3.18633
3.12031
3.04312
2.95376
2.88301
2.84956
2.82927
2.81507
2.79521
2.76736
2.73302
2.69004
2.63666
2.57648
2.52726
2.49596
2.46759
2.43782
2.41169
2.38484
2.35027
2.31544
2.28168
2.23537
2.1802
2.14421
2.1091
5.97132
5.68844
5.41388
5.13699
4.85529
4.60292
4.36631
4.1294
3.88614
3.6849
3.4881
3.29913
3.10481
2.95098
2.80569
2.66035
2.51815
2.39481
2.29971
2.19118
2.08627
1.98747
1.91688
1.83866
1.763
1.67732
1.61735
1.5733
1.51665
1.45162
1.48767
1.8951
2.80551
3.44414
3.51719
3.42002
3.31244
3.22745
3.1449
3.04675
2.93651
2.8387
2.76543
2.70329
2.64488
2.58674
2.52794
2.46741
2.39733
2.31193
2.2305
2.16986
2.12197
2.08
2.04018
1.99865
1.94765
1.8873
1.82304
1.77749
1.74983
1.73595
1.72654
1.70828
1.68327
1.666
1.67638
1.70169
1.74417
1.80813
1.85974
1.91043
1.9319
1.9188
1.89726
1.89093
1.89658
1.89603
1.88007
1.86416
1.86085
1.91074
2.06673
2.36998
2.6909
3.00515
3.15852
3.19836
3.21102
3.22063
3.25028
3.27653
3.25104
3.19913
3.13621
3.05963
2.9599
2.85972
2.8292
2.81995
2.80657
2.78311
2.75822
2.73014
2.69072
2.62789
2.55144
2.50109
2.47147
2.44405
2.4202
2.39633
2.36312
2.31812
2.2744
2.24398
2.22343
2.20028
2.17567
2.12761
6.00786
5.73837
5.47664
5.20997
4.94389
4.70036
4.46424
4.22679
4.00498
3.80836
3.60909
3.4125
3.22349
3.07823
2.92372
2.78212
2.62755
2.51712
2.40685
2.29752
2.18645
2.08951
2.01369
1.92909
1.8547
1.77392
1.70023
1.64103
1.59325
1.65889
2.14371
3.14511
3.77264
3.78287
3.65971
3.52577
3.42136
3.33366
3.24832
3.15564
3.05202
2.94964
2.8679
2.79931
2.73395
2.66744
2.59779
2.52701
2.45746
2.38593
2.31378
2.24995
2.1962
2.14737
2.10104
2.0554
2.00664
1.95645
1.89881
1.82468
1.76391
1.73076
1.70483
1.68291
1.66278
1.64054
1.60867
1.5847
1.56696
1.56398
1.57697
1.60754
1.65304
1.69903
1.73121
1.75367
1.76712
1.78305
1.79885
1.80511
1.79526
1.77771
1.78349
1.82376
1.94971
2.17991
2.47548
2.77017
2.93301
2.99629
3.07868
3.14032
3.17959
3.1799
3.15009
3.09012
3.00302
2.90355
2.80975
2.75603
2.73267
2.73084
2.73557
2.71458
2.6855
2.64416
2.57808
2.48848
2.43473
2.41931
2.40687
2.38442
2.35247
2.3125
2.27343
2.23801
2.21235
2.19725
2.18389
2.14637
6.03382
5.77935
5.52135
5.26647
5.02949
4.7918
4.54908
4.30977
4.11353
3.91532
3.71972
3.51036
3.34383
3.18915
3.0364
2.88271
2.74022
2.63225
2.5109
2.39938
2.27589
2.1941
2.11063
2.02537
1.93464
1.85096
1.78966
1.7375
1.8312
2.45649
3.50147
4.10195
4.07817
3.91719
3.74591
3.62046
3.52193
3.43504
3.35277
3.26981
3.18014
3.07917
2.97829
2.88928
2.80957
2.73443
2.6629
2.59455
2.52771
2.45987
2.3878
2.31433
2.24827
2.19266
2.14338
2.09673
2.05455
2.01596
1.97259
1.9142
1.83971
1.76711
1.71514
1.68276
1.65878
1.63716
1.61232
1.58144
1.55069
1.51866
1.4928
1.47692
1.46844
1.47321
1.48771
1.51965
1.55227
1.57914
1.61068
1.63962
1.66625
1.68678
1.69886
1.69914
1.70132
1.72761
1.82449
2.00324
2.25077
2.52199
2.7385
2.8569
3.00478
3.06876
3.07435
3.05806
3.02284
2.94704
2.8417
2.74754
2.70079
2.67835
2.66224
2.65387
2.64144
2.62719
2.59428
2.52248
2.44162
2.3897
2.35275
2.32323
2.30303
2.29081
2.27585
2.25679
2.23034
2.19587
2.1736
2.13925
6.09491
5.84811
5.59459
5.34735
5.11262
4.87973
4.63814
4.41381
4.21193
4.01298
3.81438
3.62042
3.46172
3.29565
3.14361
2.97882
2.85816
2.73776
2.61694
2.49475
2.37758
2.29763
2.20459
2.11804
2.01782
1.93465
1.88972
2.02363
2.77875
3.96419
4.43768
4.30708
4.1158
3.97661
3.85115
3.74471
3.65612
3.56985
3.48024
3.38647
3.28179
3.16833
3.05856
2.96305
2.88234
2.8104
2.74136
2.67183
2.60108
2.52914
2.45336
2.37514
2.30422
2.24345
2.19144
2.14638
2.10559
2.06584
2.02433
1.97615
1.91105
1.83208
1.76767
1.72006
1.68076
1.653
1.62847
1.60404
1.5732
1.52965
1.4844
1.44982
1.42555
1.41519
1.41041
1.40116
1.3872
1.38879
1.39726
1.40735
1.43222
1.46906
1.50418
1.55005
1.60118
1.60835
1.61172
1.64227
1.71763
1.84064
2.04912
2.28964
2.56819
2.77328
2.88965
2.93446
2.92403
2.89496
2.85806
2.79625
2.7117
2.65809
2.64234
2.62655
2.60211
2.57515
2.55476
2.5283
2.46741
2.38476
2.32753
2.29955
2.28233
2.26646
2.25914
2.24935
2.23394
2.20669
2.17637
2.13111
6.14402
5.89734
5.64784
5.41073
5.17832
4.94535
4.71329
4.50734
4.3014
4.10314
3.89852
3.73059
3.56272
3.40087
3.23622
3.08423
2.9675
2.83596
2.71808
2.58169
2.4854
2.39433
2.29893
2.19789
2.09895
2.04793
2.25087
3.1437
4.28396
4.73171
4.64981
4.44361
4.23874
4.10339
3.99062
3.88622
3.79081
3.69599
3.59011
3.47124
3.35005
3.23769
3.13803
3.04978
2.9688
2.89224
2.8181
2.74377
2.66711
2.58845
2.50668
2.42312
2.35124
2.2934
2.24183
2.19388
2.149
2.10656
2.06525
2.02182
1.96703
1.90009
1.83421
1.77855
1.73071
1.69336
1.6639
1.63556
1.6065
1.57305
1.52759
1.46688
1.42228
1.39589
1.37807
1.36856
1.36344
1.35131
1.32413
1.28758
1.26926
1.27263
1.29309
1.32654
1.37534
1.44604
1.4799
1.48939
1.49784
1.5152
1.56297
1.67239
1.84675
2.12887
2.39947
2.68012
2.73825
2.74436
2.75358
2.73915
2.70511
2.67785
2.65471
2.62555
2.59758
2.56949
2.53154
2.4855
2.44177
2.38578
2.33937
2.31431
2.29229
2.26574
2.23723
2.22357
2.21733
2.20123
2.17759
2.12661
6.17191
5.93298
5.69951
5.4667
5.234
5.00563
4.80019
4.59602
4.39168
4.1832
3.99953
3.83584
3.66314
3.50271
3.3283
3.19914
3.06666
2.93741
2.80973
2.68129
2.59082
2.48682
2.38237
2.27641
2.2347
2.50958
3.61861
4.70381
5.13453
5.03869
4.80349
4.55997
4.38146
4.2474
4.12717
4.01539
3.90718
3.79605
3.67533
3.54729
3.42534
3.3196
3.22681
3.14204
3.06101
2.97957
2.89612
2.81134
2.72702
2.64367
2.56002
2.47686
2.40613
2.34924
2.29647
2.24378
2.18966
2.13275
2.07445
2.02283
1.98327
1.94416
1.90012
1.8521
1.79502
1.73319
1.6867
1.65216
1.6211
1.59345
1.56329
1.52104
1.46963
1.417
1.38065
1.36455
1.35344
1.34044
1.32318
1.29619
1.25097
1.21294
1.20097
1.20249
1.21396
1.23899
1.27238
1.30691
1.31659
1.3175
1.32857
1.35596
1.40437
1.51935
1.71462
2.0018
2.25515
2.46791
2.55355
2.57758
2.60218
2.60625
2.6048
2.61361
2.61241
2.58768
2.54372
2.48333
2.40075
2.34978
2.33587
2.32037
2.29886
2.27047
2.23713
2.20336
2.17825
2.16998
2.16421
2.11905
6.23353
5.97755
5.75327
5.53224
5.30443
5.08653
4.88465
4.68246
4.47874
4.27385
4.10262
3.92626
3.76185
3.58773
3.43593
3.30359
3.16039
3.03587
2.89334
2.78767
2.68562
2.56727
2.46242
2.43304
2.79129
4.09067
5.28866
5.39526
5.27593
5.04016
4.82762
4.65091
4.51453
4.38497
4.26007
4.13351
4.00737
3.88097
3.75429
3.63262
3.51943
3.41416
3.31391
3.21546
3.11989
3.03001
2.94589
2.86601
2.78764
2.70647
2.62105
2.53575
2.46024
2.39757
2.34232
2.28998
2.237
2.17994
2.11716
2.05063
1.99328
1.95539
1.92503
1.8904
1.84833
1.80061
1.74789
1.69027
1.63799
1.59968
1.56944
1.54383
1.51343
1.46734
1.4177
1.38223
1.35931
1.34457
1.3318
1.31111
1.27301
1.21953
1.18898
1.17831
1.1705
1.16504
1.16359
1.16613
1.16807
1.16447
1.15383
1.15879
1.18006
1.21449
1.28153
1.41228
1.6034
1.82361
2.02094
2.21661
2.39876
2.43362
2.4612
2.4891
2.51572
2.53777
2.52855
2.49338
2.42662
2.36136
2.31199
2.29494
2.28639
2.26742
2.23481
2.19083
2.15218
2.13869
2.12712
2.08714
6.2902
6.05177
5.81689
5.59526
5.37482
5.16965
4.96472
4.76151
4.5512
4.36809
4.1915
4.01703
3.8462
3.67697
3.54255
3.39419
3.25922
3.11902
2.9896
2.88892
2.76249
2.64756
2.65885
3.16823
4.5244
5.7591
5.84718
5.66395
5.39627
5.13781
4.933
4.77935
4.64735
4.51601
4.38283
4.24609
4.10643
3.97335
3.85087
3.737
3.62392
3.5056
3.3848
3.26919
3.16563
3.07589
2.99728
2.92493
2.85245
2.77363
2.68608
2.5945
2.50939
2.43713
2.37468
2.31789
2.26398
2.21042
2.15545
2.09679
2.03483
1.97718
1.92773
1.88655
1.85379
1.82289
1.7844
1.73509
1.67971
1.63228
1.59756
1.57035
1.54819
1.51542
1.4719
1.42483
1.38318
1.3534
1.33302
1.31791
1.29881
1.25959
1.20848
1.17706
1.16295
1.15455
1.14755
1.13753
1.12542
1.10626
1.07099
1.05464
1.05586
1.06525
1.08446
1.12074
1.1899
1.28076
1.40615
1.55556
1.76438
1.9817
2.2061
2.29771
2.35554
2.40711
2.42001
2.42164
2.41566
2.38735
2.33741
2.29256
2.25027
2.21764
2.19879
2.17829
2.14515
2.10806
2.09051
2.05803
6.21911
6.1195
5.88937
5.6566
5.44774
5.24574
5.04194
4.83211
4.63629
4.45857
4.27685
4.10571
3.92419
3.78016
3.63401
3.48789
3.35355
3.2033
3.0935
2.97059
2.83701
2.89493
3.63609
5.21884
6.12128
6.10805
5.91692
5.72099
5.53865
5.348
5.14552
4.94546
4.77855
4.6341
4.49163
4.34682
4.20492
4.07163
3.94744
3.8274
3.7065
3.58141
3.45297
3.33042
3.22545
3.13759
3.05878
2.98316
2.90621
2.8241
2.73493
2.64248
2.55525
2.47984
2.41572
2.35876
2.30508
2.25171
2.19731
2.14105
2.08157
2.02054
1.96099
1.90364
1.85324
1.81506
1.78812
1.76483
1.73336
1.69147
1.63735
1.57814
1.53765
1.52179
1.50246
1.47022
1.43282
1.39518
1.35875
1.32645
1.297
1.26745
1.2292
1.19507
1.17699
1.1629
1.14759
1.1314
1.11524
1.09385
1.05954
1.02732
1.01723
1.01202
1.01084
1.01521
1.02993
1.04926
1.07527
1.10867
1.17631
1.31355
1.52224
1.76971
2.01919
2.21384
2.24849
2.27565
2.29989
2.31509
2.31548
2.29649
2.25
2.20753
2.1755
2.1394
2.1075
2.07063
2.04884
2.02443
5.46211
6.10916
5.9674
5.72362
5.51692
5.31632
5.10921
4.90362
4.72415
4.54057
4.36535
4.18064
4.02096
3.87667
3.71967
3.58183
3.42775
3.29979
3.18197
3.04824
3.14919
4.12528
5.93413
6.67921
6.67386
6.35709
6.03423
5.82282
5.67843
5.50331
5.29801
5.09551
4.90528
4.7338
4.57867
4.43297
4.29524
4.16477
4.03823
3.91124
3.78069
3.6479
3.51908
3.40144
3.29951
3.21004
3.12597
3.04208
2.95508
2.86513
2.77454
2.6856
2.60066
2.52282
2.45409
2.39349
2.33789
2.28366
2.22835
2.17144
2.11314
2.0558
2.00044
1.94261
1.88412
1.83505
1.79507
1.7686
1.7519
1.7284
1.68353
1.61699
1.54862
1.50694
1.48722
1.47306
1.45729
1.43284
1.3962
1.35343
1.31253
1.27244
1.23322
1.20465
1.18626
1.17112
1.15636
1.14043
1.12095
1.09561
1.05916
1.02382
1.00881
1.00116
0.996128
0.992859
0.987081
0.981775
0.977006
0.968956
0.960811
0.969443
1.01742
1.14067
1.33661
1.5941
1.87068
2.05385
2.09842
2.13383
2.19791
2.23282
2.2305
2.212
2.17166
2.13187
2.0993
2.06119
2.03129
2.00229
3.20703
5.65511
6.00825
5.81754
5.59175
5.38648
5.17667
4.98803
4.80807
4.62834
4.44569
4.26621
4.12002
3.9605
3.81649
3.66218
3.51221
3.39357
3.27336
3.45014
4.69236
6.69548
7.18042
6.93659
6.73859
6.48846
6.23732
6.02026
5.81664
5.60472
5.39179
5.19365
5.0113
4.83786
4.66939
4.51246
4.36973
4.23595
4.10636
3.97806
3.85026
3.72311
3.59868
3.48133
3.3735
3.27337
3.1776
3.08365
2.99138
2.90279
2.81699
2.73101
2.64417
2.56153
2.48982
2.42853
2.37186
2.31458
2.25532
2.19566
2.13372
2.06887
2.01053
1.96241
1.91453
1.8702
1.83136
1.79287
1.75712
1.72241
1.68287
1.63242
1.57206
1.52354
1.49288
1.47028
1.4541
1.44011
1.42083
1.38359
1.32644
1.27708
1.25358
1.23848
1.22164
1.20106
1.1773
1.15336
1.12945
1.10371
1.07273
1.03431
1.00831
0.997726
0.990268
0.983566
0.975976
0.966539
0.956294
0.945004
0.924523
0.891773
0.884803
0.892805
0.928673
1.01973
1.18639
1.40131
1.65872
1.81203
1.92785
2.03787
2.11546
2.14282
2.1369
2.11236
2.07143
2.05316
2.04036
2.00308
1.37067
3.80614
5.69727
5.88122
5.69907
5.45573
5.24618
5.0706
4.89002
4.70903
4.51705
4.36332
4.20598
4.0497
3.9019
3.72703
3.60501
3.50552
3.82082
5.38883
7.26453
7.86628
7.67606
7.19538
6.8391
6.60476
6.38394
6.15936
5.92313
5.69496
5.49172
5.30746
5.1325
4.95714
4.7782
4.60242
4.44068
4.29555
4.16237
4.03671
3.91632
3.79795
3.67787
3.55473
3.43165
3.31557
3.21005
3.11296
3.02523
2.94737
2.87251
2.79242
2.70072
2.59919
2.50767
2.44062
2.38965
2.3424
2.29483
2.24685
2.19301
2.12482
2.04174
1.96407
1.91005
1.87589
1.84715
1.81539
1.78126
1.74764
1.70751
1.65377
1.59273
1.54255
1.50796
1.48313
1.46241
1.44263
1.42349
1.39804
1.34256
1.27979
1.262
1.25199
1.23974
1.22391
1.20521
1.18592
1.16389
1.12858
1.07091
1.0284
1.01431
1.00244
0.991339
0.982071
0.972189
0.95982
0.946909
0.93436
0.915031
0.887071
0.861512
0.854599
0.852043
0.855714
0.873178
0.924517
1.02644
1.19146
1.37531
1.59106
1.76716
1.92831
2.03315
2.01926
1.99497
1.99455
1.98684
1.9863
1.01414
1.63817
4.26655
5.68673
5.7579
5.5535
5.32588
5.1495
4.974
4.78156
4.60752
4.45476
4.28858
4.14166
3.96086
3.81098
3.75638
4.24235
6.24488
8.04628
8.14733
7.94577
7.71158
7.40366
7.0824
6.80319
6.53052
6.24504
5.99675
5.78041
5.58648
5.40979
5.2383
5.06497
4.88218
4.69053
4.50815
4.35059
4.21531
4.09334
3.97813
3.86494
3.74886
3.62474
3.49
3.3522
3.23097
3.13612
3.06053
2.99383
2.92702
2.85287
2.76356
2.65292
2.53549
2.44283
2.37914
2.33479
2.30002
2.26727
2.22873
2.17042
2.08561
1.99595
1.92656
1.87734
1.84495
1.81549
1.78339
1.75396
1.72413
1.68387
1.62882
1.57209
1.53157
1.50486
1.48253
1.45967
1.43353
1.40061
1.35596
1.30202
1.26669
1.25028
1.23758
1.22578
1.21361
1.19983
1.18016
1.14347
1.09005
1.05092
1.02749
1.01115
0.997308
0.98377
0.972129
0.9606
0.946594
0.932737
0.918224
0.890066
0.855058
0.841875
0.838407
0.838618
0.836228
0.829929
0.828548
0.846111
0.888703
0.990809
1.15483
1.36203
1.61769
1.75701
1.8466
1.89673
1.896
1.9087
1.00013
1.03615
1.95836
4.57822
5.62677
5.63649
5.43331
5.23057
5.04387
4.85568
4.70122
4.53306
4.38782
4.20227
4.02641
4.0239
4.85819
7.07612
8.94906
9.11726
8.59068
8.02226
7.7255
7.51804
7.26779
6.98772
6.69739
6.38615
6.08572
5.86538
5.67905
5.49983
5.32405
5.14837
4.96588
4.7724
4.5806
4.41245
4.27197
4.14806
4.03131
3.91699
3.80112
3.67765
3.54037
3.39474
3.26583
3.17032
3.09796
3.03358
2.96812
2.89387
2.80043
2.67854
2.54893
2.45888
2.40524
2.36317
2.32356
2.28411
2.24128
2.18768
2.11442
2.0254
1.94646
1.89406
1.86372
1.83817
1.80894
1.7743
1.73465
1.68766
1.63308
1.57849
1.53606
1.5085
1.48802
1.46834
1.44468
1.4119
1.36752
1.31822
1.28301
1.26853
1.25673
1.24179
1.22376
1.20316
1.17768
1.14495
1.10216
1.05713
1.03511
1.0255
1.01494
1.00276
0.991419
0.977318
0.958795
0.935015
0.907947
0.879926
0.851455
0.835586
0.830962
0.8289
0.825503
0.819536
0.812608
0.803618
0.783829
0.780331
0.796723
0.857318
0.983968
1.19306
1.38335
1.55051
1.6803
1.7916
1
1.00046
1.0763
2.28091
4.77303
5.55609
5.52655
5.34181
5.10571
4.93813
4.78019
4.62367
4.45935
4.25391
4.33747
5.53164
8.1249
9.55805
9.40499
9.14437
8.73041
8.23333
7.86259
7.63004
7.39443
7.13263
6.85018
6.53614
6.21686
5.96255
5.76259
5.58056
5.40233
5.2226
5.03589
4.83928
4.64307
4.46839
4.32283
4.19651
4.07899
3.96469
3.84896
3.72434
3.58299
3.43129
3.3002
3.20523
3.13175
3.06649
3.00224
2.93022
2.83671
2.7097
2.57273
2.48287
2.43124
2.38786
2.34566
2.30421
2.26088
2.20856
2.13694
2.05087
1.97296
1.91602
1.88141
1.85471
1.82716
1.79329
1.75158
1.7086
1.65448
1.59281
1.54843
1.52171
1.4993
1.47466
1.44636
1.41838
1.39036
1.34609
1.29749
1.27292
1.25916
1.24492
1.22863
1.21028
1.18893
1.15787
1.10366
1.05449
1.04147
1.0347
1.0253
1.01568
1.00602
0.990457
0.968227
0.941718
0.912862
0.887662
0.865071
0.84278
0.833087
0.827631
0.822321
0.816573
0.807734
0.791791
0.771097
0.752938
0.747361
0.746729
0.753427
0.78865
0.866614
0.991004
1.14685
1.41983
1
1
1.00133
1.13402
2.57392
4.88955
5.47211
5.43223
5.21722
5.02762
4.86263
4.7137
4.52244
4.72357
6.49211
9.03131
10.3014
10.3499
9.65491
9.18751
8.81978
8.41379
8.03884
7.73772
7.48044
7.23319
6.96958
6.66705
6.3411
6.06148
5.84389
5.65408
5.47291
5.29113
5.10209
4.90332
4.70447
4.52417
4.3713
4.23903
4.1182
4.00269
3.88803
3.76679
3.62746
3.47383
3.34042
3.24249
3.1624
3.08813
3.01614
2.94168
2.85404
2.74217
2.62106
2.52972
2.46834
2.41671
2.36711
2.3187
2.26754
2.20121
2.11918
2.04461
1.9944
1.95518
1.91467
1.87226
1.83443
1.80522
1.77857
1.73786
1.67663
1.60223
1.55436
1.53012
1.51089
1.49042
1.46683
1.43365
1.38078
1.32847
1.29944
1.28182
1.2653
1.2478
1.22891
1.20833
1.18517
1.15337
1.10476
1.07978
1.07427
1.06579
1.05114
1.03181
1.01144
0.99235
0.970668
0.94744
0.92766
0.90852
0.880455
0.851873
0.838954
0.833189
0.827561
0.818953
0.804837
0.78285
0.75724
0.740842
0.735175
0.731766
0.729434
0.727649
0.724686
0.727938
0.749897
0.895378
1
1
1.00001
1.0031
1.20321
2.83317
4.94625
5.39218
5.32634
5.13589
4.9524
4.79875
5.18441
7.52586
10.4103
10.6827
10.558
10.4257
9.89752
9.36498
8.95728
8.56381
8.20031
7.87899
7.59249
7.32298
7.04909
6.75314
6.44168
6.15836
5.92516
5.72377
5.5356
5.3487
5.15599
4.95471
4.75294
4.57031
4.41585
4.28243
4.15969
4.04166
3.92509
3.80481
3.66659
3.5092
3.37137
3.27254
3.19018
3.10988
3.02915
2.9478
2.86181
2.76717
2.6621
2.5636
2.49198
2.43923
2.39074
2.33835
2.27883
2.20792
2.13052
2.05962
2.00535
1.96624
1.93234
1.89942
1.86371
1.82014
1.76251
1.69672
1.64339
1.60683
1.57348
1.54791
1.52713
1.50418
1.47466
1.43085
1.37502
1.32651
1.3009
1.28333
1.26741
1.25239
1.23741
1.22064
1.19703
1.15956
1.11868
1.08425
1.06098
1.0486
1.03786
1.02597
1.01176
0.994323
0.976972
0.959524
0.936554
0.90973
0.894329
0.878895
0.863985
0.853437
0.84271
0.827496
0.808257
0.784159
0.756739
0.740443
0.733959
0.728703
0.723948
0.719903
0.71452
0.704894
0.683813
0.685762
1
1
1
1.00002
1.00581
1.28418
3.05012
4.94341
5.31432
5.22403
5.06899
5.79411
8.4526
11.3573
11.8296
11.2163
10.6726
10.4521
10.077
9.53901
9.06071
8.66418
8.31236
8.00499
7.71268
7.41598
7.11295
6.80939
6.51397
6.2418
6.00199
5.78672
5.5848
5.3852
5.18041
4.97608
4.78026
4.60068
4.44793
4.31722
4.19972
4.08401
3.95646
3.81326
3.66781
3.52639
3.39676
3.29481
3.21478
3.13765
3.05219
2.96546
2.8761
2.78084
2.68807
2.60527
2.53119
2.46117
2.39273
2.32556
2.26169
2.20479
2.1473
2.08672
2.03259
1.98667
1.94465
1.90454
1.86326
1.81745
1.76278
1.69822
1.63796
1.61333
1.60269
1.58933
1.56733
1.53839
1.49946
1.43958
1.37861
1.35004
1.3303
1.31355
1.29792
1.28252
1.26524
1.24266
1.21235
1.18121
1.14857
1.10723
1.06271
1.03924
1.03352
1.0315
1.02541
1.01324
0.999715
0.983237
0.959597
0.927423
0.891276
0.866429
0.851855
0.842784
0.837025
0.8318
0.822258
0.802043
0.773177
0.754952
0.747009
0.740906
0.735319
0.729543
0.722369
0.710897
0.686948
0.660965
1
1
1
1
1.00004
1.01038
1.36169
3.19847
4.94115
5.18619
6.45072
9.82594
11.7619
12.4542
12.1611
11.5268
10.8871
10.496
10.123
9.66484
9.2285
8.84746
8.49652
8.16289
7.84108
7.53418
7.23382
6.92989
6.62815
6.34887
6.11307
5.90723
5.70737
5.49742
5.27408
5.0442
4.83184
4.65041
4.49548
4.35818
4.23055
4.1068
3.98563
3.85413
3.70505
3.56412
3.44087
3.32939
3.23181
3.16133
3.10423
3.03383
2.94557
2.84606
2.7424
2.64616
2.56261
2.48482
2.41254
2.34492
2.27413
2.20175
2.14505
2.10052
2.05589
2.01123
1.97002
1.92826
1.87659
1.81498
1.75746
1.70628
1.66124
1.6315
1.60379
1.57504
1.54799
1.51779
1.48018
1.437
1.39029
1.34087
1.31201
1.29454
1.27813
1.26128
1.24362
1.22509
1.20525
1.17946
1.14169
1.09291
1.05433
1.04034
1.03357
1.02496
1.01382
1.0029
0.990146
0.972951
0.947094
0.912207
0.880427
0.859549
0.849265
0.844712
0.839913
0.831131
0.816073
0.792339
0.76363
0.747589
0.739801
0.733359
0.72723
0.720821
0.713159
0.701032
0.678117
0.651652
1
1
1
1
1
1.00009
1.01492
1.44674
3.08383
5.78507
11.1897
13.1172
12.9464
12.6148
12.2838
11.7669
11.1439
10.6237
10.2054
9.77362
9.33774
8.92253
8.54746
8.19783
7.86033
7.53376
7.2187
6.91597
6.63016
6.36981
6.12984
5.89929
5.67117
5.44447
5.21658
4.99523
4.8065
4.66509
4.54522
4.42437
4.29177
4.14853
3.99316
3.82604
3.66435
3.53542
3.44744
3.36898
3.28544
3.19506
3.09103
2.98643
2.89072
2.7987
2.70703
2.62052
2.54736
2.48986
2.43908
2.38181
2.30832
2.22971
2.16196
2.10314
2.05278
2.00864
1.96862
1.92842
1.88282
1.82973
1.76794
1.70362
1.66041
1.63046
1.60143
1.57355
1.54722
1.52007
1.48945
1.45074
1.3959
1.3417
1.31241
1.29432
1.27722
1.25956
1.24179
1.22498
1.20758
1.18373
1.14552
1.09166
1.05585
1.04396
1.03437
1.02397
1.01409
1.0041
0.992467
0.975995
0.947948
0.908368
0.874873
0.859526
0.854586
0.849897
0.843088
0.833358
0.818561
0.79374
0.764586
0.749571
0.742049
0.735529
0.729037
0.72224
0.714199
0.701075
0.677853
0.649961
1
1
1
1
1
1
1.00017
1.01806
1.59095
8.88452
14.25
13.6697
12.9836
12.4314
12.0518
11.6712
11.1375
10.6211
10.2023
9.81776
9.42155
9.00608
8.60214
8.22255
7.86991
7.5432
7.2359
6.9438
6.66831
6.41135
6.16766
5.93066
5.69262
5.44864
5.21011
5.00481
4.84189
4.69959
4.55804
4.41591
4.27237
4.12339
3.96641
3.8099
3.67326
3.56782
3.47413
3.37935
3.28651
3.18845
3.08166
2.9738
2.87002
2.77768
2.69907
2.63155
2.57158
2.51414
2.45236
2.37948
2.31134
2.25777
2.19448
2.13396
2.08501
2.04431
2.00762
1.97117
1.92993
1.87639
1.80369
1.72988
1.68376
1.65505
1.63094
1.60836
1.58622
1.56234
1.53221
1.48766
1.42553
1.36831
1.33611
1.3162
1.29851
1.28172
1.26625
1.25111
1.23345
1.20815
1.16579
1.11056
1.07867
1.06516
1.05491
1.04586
1.03708
1.02753
1.01547
0.99586
0.959903
0.913156
0.887874
0.881147
0.876002
0.869572
0.861887
0.851954
0.836258
0.809624
0.780801
0.767006
0.759699
0.752906
0.745874
0.738458
0.729618
0.714955
0.690744
0.659593
1
1
1
1
1
1
1
1.00016
2.06824
10.3502
13.9074
13.6892
13.3385
12.8757
12.4022
11.9307
11.3478
10.794
10.335
9.93276
9.51529
9.08587
8.65349
8.23822
7.86837
7.54024
7.23921
6.95801
6.69421
6.4453
6.20475
5.96158
5.7057
5.44455
5.21124
5.02427
4.8647
4.71401
4.56622
4.42046
4.27191
4.11414
3.9515
3.80416
3.68488
3.58221
3.48447
3.38986
3.29598
3.19711
3.08766
2.96557
2.8466
2.75507
2.69025
2.6366
2.58371
2.52487
2.45791
2.38939
2.31738
2.22846
2.14709
2.08654
2.04024
2.0011
1.96657
1.9328
1.89319
1.83994
1.76735
1.69208
1.64471
1.61646
1.59356
1.57321
1.55337
1.53042
1.49993
1.45561
1.39431
1.33584
1.30389
1.28538
1.26875
1.25281
1.23799
1.22323
1.20607
1.18144
1.14007
1.08813
1.05717
1.04288
1.03251
1.02331
1.01451
1.00555
0.994567
0.975989
0.939409
0.892065
0.869185
0.862012
0.856563
0.850925
0.844254
0.83493
0.819501
0.79296
0.764855
0.75167
0.744662
0.738055
0.730926
0.72365
0.714877
0.699926
0.675832
0.645346
)
;

boundaryField
{
    inlet
    {
        type            fixedValue;
        value           uniform 1;
    }
    outlet
    {
        type            zeroGradient;
    }
    bottom
    {
        type            symmetryPlane;
    }
    top
    {
        type            symmetryPlane;
    }
    obstacle
    {
        type            zeroGradient;
    }
    defaultFaces
    {
        type            empty;
    }
}


// ************************************************************************* //
