/*--------------------------------*- C++ -*----------------------------------*\
  =========                 |
  \\      /  F ield         | OpenFOAM: The Open Source CFD Toolbox
   \\    /   O peration     | Website:  https://openfoam.org
    \\  /    A nd           | Version:  9
     \\/     M anipulation  |
\*---------------------------------------------------------------------------*/
FoamFile
{
    format      ascii;
    class       volScalarField;
    location    "4.5";
    object      p;
}
// * * * * * * * * * * * * * * * * * * * * * * * * * * * * * * * * * * * * * //

dimensions      [0 2 -2 0 0 0 0];

internalField   nonuniform List<scalar> 
8500
(
-0.357783
-0.366941
-0.362651
-0.356423
-0.346043
-0.332744
-0.317526
-0.298491
-0.282211
-0.257152
-0.358756
-0.367588
-0.363223
-0.356898
-0.346476
-0.333142
-0.317932
-0.298772
-0.282715
-0.257
-0.36069
-0.368875
-0.364358
-0.35784
-0.347331
-0.33393
-0.318742
-0.299358
-0.283681
-0.256693
-0.36356
-0.370785
-0.36604
-0.35923
-0.34859
-0.335085
-0.319939
-0.300297
-0.285018
-0.256238
-0.367333
-0.373296
-0.368246
-0.361046
-0.350226
-0.336575
-0.321386
-0.301552
-0.286754
-0.255653
-0.371964
-0.376378
-0.370946
-0.363256
-0.352205
-0.338379
-0.323116
-0.303011
-0.288836
-0.254957
-0.377402
-0.38
-0.374106
-0.365828
-0.354487
-0.34045
-0.325106
-0.304632
-0.291187
-0.254174
-0.38359
-0.384126
-0.377689
-0.368723
-0.357036
-0.34274
-0.327298
-0.306387
-0.293726
-0.253334
-0.390467
-0.388717
-0.38166
-0.371908
-0.359814
-0.345207
-0.329641
-0.308241
-0.296371
-0.252471
-0.397979
-0.393727
-0.385985
-0.375349
-0.362787
-0.347816
-0.332086
-0.310165
-0.299033
-0.251625
-0.406086
-0.399112
-0.390623
-0.379014
-0.365923
-0.350536
-0.334589
-0.312134
-0.301622
-0.250838
-0.414676
-0.404873
-0.395545
-0.382878
-0.369195
-0.353341
-0.337113
-0.314128
-0.304046
-0.250155
-0.423726
-0.410955
-0.400725
-0.38692
-0.372584
-0.356211
-0.339622
-0.316132
-0.306213
-0.249619
-0.433188
-0.417324
-0.40614
-0.391124
-0.376076
-0.359132
-0.34209
-0.318136
-0.308033
-0.249268
-0.443014
-0.423958
-0.411771
-0.39548
-0.379661
-0.362094
-0.34449
-0.320131
-0.309422
-0.24915
-0.453161
-0.430833
-0.417604
-0.399981
-0.383334
-0.365089
-0.346804
-0.322104
-0.310296
-0.249316
-0.46359
-0.437926
-0.423625
-0.404621
-0.387089
-0.368107
-0.349012
-0.324044
-0.310556
-0.249688
-0.474262
-0.445216
-0.429823
-0.409395
-0.390924
-0.371136
-0.351104
-0.325949
-0.310049
-0.249962
-0.48514
-0.452683
-0.436184
-0.414297
-0.394827
-0.374156
-0.353076
-0.327821
-0.308701
-0.250829
-0.496185
-0.460303
-0.442695
-0.419316
-0.398786
-0.377139
-0.354913
-0.32958
-0.306898
-0.257303
-0.507353
-0.468051
-0.449335
-0.424434
-0.402774
-0.380042
-0.356569
-0.330967
-0.305344
-0.275269
-0.518595
-0.475894
-0.456079
-0.429626
-0.406757
-0.382811
-0.357978
-0.331788
-0.303522
-0.279966
-0.529855
-0.483795
-0.462893
-0.434855
-0.410689
-0.385386
-0.359067
-0.331934
-0.301352
-0.279988
-0.541067
-0.49171
-0.469733
-0.440075
-0.414508
-0.387695
-0.359765
-0.331381
-0.298867
-0.277963
-0.552156
-0.499585
-0.476545
-0.445224
-0.418145
-0.38966
-0.359995
-0.330117
-0.295965
-0.274381
-0.563035
-0.507355
-0.483262
-0.450229
-0.421512
-0.391196
-0.359676
-0.328128
-0.292557
-0.269629
-0.573604
-0.514946
-0.489804
-0.455004
-0.424515
-0.39221
-0.35873
-0.325397
-0.288581
-0.264017
-0.583752
-0.522272
-0.496079
-0.459448
-0.427047
-0.392607
-0.357081
-0.321908
-0.283997
-0.257737
-0.593355
-0.529234
-0.501981
-0.463449
-0.428994
-0.392289
-0.354658
-0.317643
-0.278771
-0.2509
-0.602277
-0.535724
-0.507393
-0.466886
-0.430238
-0.39116
-0.351395
-0.312585
-0.272883
-0.243561
-0.610372
-0.541622
-0.512184
-0.469626
-0.430654
-0.389124
-0.347234
-0.306718
-0.266316
-0.235743
-0.617484
-0.546797
-0.516216
-0.471532
-0.430121
-0.386095
-0.342123
-0.300026
-0.259062
-0.227448
-0.623449
-0.55111
-0.51934
-0.472461
-0.428518
-0.381987
-0.336019
-0.292496
-0.251113
-0.218669
-0.628097
-0.554412
-0.521403
-0.472271
-0.425729
-0.376729
-0.328886
-0.284117
-0.242468
-0.209394
-0.631253
-0.556551
-0.522245
-0.470818
-0.421647
-0.370255
-0.320694
-0.274883
-0.233124
-0.19961
-0.632743
-0.557369
-0.521709
-0.467967
-0.416172
-0.362511
-0.311423
-0.264789
-0.223082
-0.189306
-0.632389
-0.556707
-0.519637
-0.463585
-0.409217
-0.353452
-0.30106
-0.253833
-0.212345
-0.178476
-0.630023
-0.554405
-0.515875
-0.457553
-0.400708
-0.343047
-0.289596
-0.242018
-0.200917
-0.167115
-0.625477
-0.550309
-0.51028
-0.449761
-0.390582
-0.331273
-0.277033
-0.229349
-0.188806
-0.155223
-0.618596
-0.54427
-0.502717
-0.440117
-0.378795
-0.318119
-0.263375
-0.215835
-0.176021
-0.142804
-0.609237
-0.536147
-0.493066
-0.428543
-0.365314
-0.303584
-0.248636
-0.20149
-0.162576
-0.12987
-0.59727
-0.525814
-0.481223
-0.414978
-0.350123
-0.287679
-0.232834
-0.18633
-0.148484
-0.116435
-0.582582
-0.513156
-0.467101
-0.399382
-0.333222
-0.270423
-0.215996
-0.170375
-0.133761
-0.102506
-0.565082
-0.498077
-0.450637
-0.381734
-0.314625
-0.251847
-0.198151
-0.153651
-0.118437
-0.0880519
-0.544699
-0.480502
-0.431787
-0.362031
-0.29436
-0.23199
-0.179335
-0.13619
-0.102586
-0.0730255
-0.521388
-0.460375
-0.410532
-0.340292
-0.272471
-0.2109
-0.159587
-0.118013
-0.0862818
-0.0575871
-0.495127
-0.437666
-0.386879
-0.316556
-0.249015
-0.188632
-0.138954
-0.0991649
-0.0693043
-0.0419454
-0.465923
-0.412369
-0.360855
-0.29088
-0.224061
-0.165247
-0.1175
-0.0797852
-0.0517763
-0.0259564
-0.43381
-0.384505
-0.332517
-0.263342
-0.19769
-0.140817
-0.0953017
-0.0598328
-0.0338141
-0.00964392
-0.398851
-0.35412
-0.301945
-0.234039
-0.169996
-0.115455
-0.0723907
-0.0393642
-0.0154632
0.00694799
-0.361136
-0.321287
-0.269253
-0.203078
-0.141082
-0.0892228
-0.0488608
-0.0184417
0.00323187
0.0237708
-0.320785
-0.286118
-0.234575
-0.170559
-0.111069
-0.0622178
-0.0247904
0.00287055
0.0222215
0.0407707
-0.277955
-0.24877
-0.198011
-0.136638
-0.0800809
-0.0345442
-0.000261821
0.0245041
0.0414529
0.0578874
-0.232822
-0.209414
-0.159587
-0.101573
-0.0482501
-0.00631033
0.0246368
0.0463865
0.0608697
0.0750525
-0.185539
-0.168152
-0.119725
-0.0654241
-0.0157174
0.0223698
0.0498128
0.0684417
0.0804118
0.0921892
-0.136283
-0.125256
-0.0786212
-0.0283699
0.0173691
0.0513777
0.0751693
0.0905908
0.10002
0.109216
-0.0855777
-0.0807846
-0.0364369
0.00939478
0.0508561
0.0805911
0.100606
0.112756
0.119647
0.126032
-0.0335068
-0.0351131
0.00660223
0.0476734
0.0845868
0.109884
0.126018
0.134866
0.139259
0.142441
0.0196473
0.0114945
0.0502554
0.0862647
0.1184
0.139126
0.151303
0.156854
0.158759
0.158096
0.0735602
0.058774
0.0942756
0.124963
0.152133
0.168187
0.176357
0.178629
0.177869
0.172687
0.127907
0.106441
0.138409
0.163558
0.185621
0.196936
0.201079
0.200072
0.19623
0.186576
0.182355
0.154198
0.182397
0.201841
0.218697
0.225242
0.225363
0.22107
0.214409
0.202094
0.236566
0.201745
0.225978
0.239603
0.251197
0.252974
0.249102
0.241518
0.232067
0.217758
0.290194
0.248775
0.268889
0.276633
0.282957
0.280003
0.272191
0.261346
0.249115
0.233004
0.342892
0.294981
0.310871
0.312728
0.313816
0.306203
0.294529
0.280481
0.265531
0.247679
0.394315
0.34006
0.351668
0.347685
0.343618
0.33145
0.316016
0.298849
0.281269
0.26173
0.44412
0.38371
0.391029
0.381308
0.372208
0.355624
0.336558
0.316374
0.296273
0.275098
0.491973
0.425638
0.428711
0.413407
0.399439
0.37861
0.356061
0.332988
0.310488
0.287728
0.53755
0.46556
0.464481
0.443801
0.425171
0.400296
0.374438
0.34862
0.323858
0.299571
0.580538
0.503205
0.498117
0.472317
0.449268
0.420577
0.391605
0.363205
0.336329
0.310586
0.620643
0.538314
0.529408
0.498793
0.471604
0.439353
0.407481
0.37668
0.34785
0.320732
0.657586
0.570646
0.55816
0.523076
0.492061
0.456531
0.421995
0.388988
0.358371
0.329975
0.691109
0.599978
0.584192
0.545028
0.51053
0.472027
0.435076
0.400073
0.367847
0.338279
0.720979
0.626106
0.607341
0.564522
0.526914
0.485762
0.446664
0.409887
0.376236
0.345616
0.746985
0.64885
0.627461
0.581445
0.541125
0.497667
0.456702
0.418384
0.3835
0.351957
0.768945
0.668051
0.644425
0.595701
0.553086
0.507683
0.465143
0.425526
0.389606
0.357278
0.786702
0.683575
0.658126
0.607206
0.562734
0.515757
0.471946
0.43128
0.394526
0.36156
0.800131
0.695314
0.668479
0.615894
0.570015
0.521849
0.477077
0.435619
0.398235
0.364786
0.809138
0.703186
0.675417
0.621714
0.574891
0.525928
0.480512
0.438523
0.400718
0.366944
0.813657
0.707136
0.678897
0.624632
0.577336
0.527973
0.482234
0.439979
0.401963
0.368025
0.813657
0.707136
0.678897
0.624632
0.577336
0.527973
0.482234
0.439979
0.401963
0.368025
0.809138
0.703186
0.675417
0.621714
0.574891
0.525928
0.480512
0.438523
0.400718
0.366944
0.800131
0.695314
0.668479
0.615894
0.570015
0.521849
0.477077
0.435619
0.398235
0.364786
0.786702
0.683575
0.658126
0.607206
0.562734
0.515757
0.471946
0.43128
0.394526
0.36156
0.768945
0.668051
0.644425
0.595701
0.553086
0.507683
0.465143
0.425526
0.389606
0.357278
0.746985
0.64885
0.627461
0.581445
0.541125
0.497667
0.456702
0.418384
0.3835
0.351957
0.720979
0.626106
0.607341
0.564522
0.526914
0.485762
0.446664
0.409887
0.376236
0.345616
0.691109
0.599978
0.584192
0.545028
0.51053
0.472027
0.435076
0.400073
0.367847
0.338279
0.657586
0.570646
0.55816
0.523076
0.492061
0.456531
0.421995
0.388988
0.358371
0.329975
0.620643
0.538314
0.529408
0.498793
0.471604
0.439353
0.407481
0.37668
0.34785
0.320732
0.580538
0.503205
0.498117
0.472317
0.449268
0.420577
0.391605
0.363205
0.336329
0.310586
0.53755
0.46556
0.464481
0.443801
0.425171
0.400296
0.374438
0.34862
0.323858
0.299571
0.491973
0.425638
0.428711
0.413407
0.399439
0.37861
0.356061
0.332988
0.310488
0.287728
0.44412
0.38371
0.391029
0.381308
0.372208
0.355624
0.336558
0.316374
0.296273
0.275098
0.394315
0.34006
0.351668
0.347685
0.343618
0.33145
0.316016
0.298849
0.281269
0.26173
0.342892
0.294981
0.310871
0.312728
0.313816
0.306203
0.294529
0.280481
0.265531
0.247679
0.290194
0.248775
0.268889
0.276633
0.282957
0.280003
0.272191
0.261346
0.249115
0.233004
0.236566
0.201745
0.225978
0.239603
0.251197
0.252974
0.249102
0.241518
0.232067
0.217758
0.182355
0.154198
0.182397
0.201841
0.218697
0.225242
0.225363
0.22107
0.214409
0.202094
0.127907
0.106441
0.138409
0.163558
0.185621
0.196936
0.201079
0.200072
0.19623
0.186576
0.0735602
0.058774
0.0942756
0.124963
0.152133
0.168187
0.176357
0.178629
0.177869
0.172687
0.0196473
0.0114945
0.0502554
0.0862647
0.1184
0.139126
0.151303
0.156854
0.158759
0.158096
-0.0335068
-0.0351132
0.00660223
0.0476734
0.0845868
0.109884
0.126018
0.134866
0.139259
0.142441
-0.0855777
-0.0807846
-0.0364369
0.00939478
0.0508561
0.0805911
0.100606
0.112756
0.119647
0.126032
-0.136283
-0.125256
-0.0786212
-0.0283699
0.0173691
0.0513777
0.0751693
0.0905908
0.10002
0.109216
-0.185539
-0.168152
-0.119725
-0.0654241
-0.0157174
0.0223698
0.0498128
0.0684417
0.0804118
0.0921892
-0.232822
-0.209414
-0.159587
-0.101573
-0.0482501
-0.00631033
0.0246368
0.0463865
0.0608697
0.0750525
-0.277955
-0.24877
-0.198011
-0.136638
-0.0800809
-0.0345442
-0.000261823
0.0245041
0.0414529
0.0578874
-0.320785
-0.286118
-0.234575
-0.170559
-0.111069
-0.0622178
-0.0247904
0.00287055
0.0222215
0.0407707
-0.361136
-0.321287
-0.269253
-0.203078
-0.141082
-0.0892228
-0.0488608
-0.0184417
0.00323187
0.0237708
-0.398851
-0.35412
-0.301945
-0.234039
-0.169996
-0.115455
-0.0723907
-0.0393642
-0.0154632
0.00694798
-0.43381
-0.384505
-0.332517
-0.263342
-0.19769
-0.140817
-0.0953017
-0.0598328
-0.0338141
-0.00964392
-0.465923
-0.412369
-0.360855
-0.29088
-0.224061
-0.165247
-0.1175
-0.0797852
-0.0517763
-0.0259564
-0.495127
-0.437666
-0.386879
-0.316556
-0.249015
-0.188632
-0.138954
-0.0991649
-0.0693043
-0.0419454
-0.521388
-0.460375
-0.410532
-0.340292
-0.272471
-0.2109
-0.159587
-0.118013
-0.0862818
-0.0575871
-0.544699
-0.480502
-0.431787
-0.362031
-0.29436
-0.23199
-0.179335
-0.13619
-0.102586
-0.0730255
-0.565082
-0.498077
-0.450637
-0.381734
-0.314625
-0.251847
-0.198151
-0.153651
-0.118437
-0.0880519
-0.582582
-0.513156
-0.467101
-0.399382
-0.333222
-0.270423
-0.215996
-0.170375
-0.133761
-0.102506
-0.59727
-0.525814
-0.481223
-0.414978
-0.350123
-0.287679
-0.232834
-0.18633
-0.148484
-0.116435
-0.609237
-0.536147
-0.493066
-0.428543
-0.365314
-0.303584
-0.248636
-0.20149
-0.162576
-0.12987
-0.618596
-0.54427
-0.502717
-0.440117
-0.378795
-0.318119
-0.263375
-0.215835
-0.176021
-0.142804
-0.625477
-0.550309
-0.51028
-0.449761
-0.390582
-0.331273
-0.277033
-0.229349
-0.188806
-0.155223
-0.630023
-0.554405
-0.515875
-0.457553
-0.400708
-0.343047
-0.289596
-0.242018
-0.200917
-0.167115
-0.632389
-0.556707
-0.519637
-0.463585
-0.409217
-0.353452
-0.30106
-0.253833
-0.212345
-0.178476
-0.632743
-0.557369
-0.521709
-0.467967
-0.416172
-0.362511
-0.311423
-0.264789
-0.223082
-0.189306
-0.631253
-0.556551
-0.522245
-0.470818
-0.421647
-0.370255
-0.320694
-0.274883
-0.233124
-0.19961
-0.628097
-0.554412
-0.521403
-0.472271
-0.425729
-0.376729
-0.328886
-0.284117
-0.242468
-0.209394
-0.623449
-0.55111
-0.51934
-0.472461
-0.428518
-0.381987
-0.336019
-0.292496
-0.251113
-0.218669
-0.617484
-0.546797
-0.516216
-0.471532
-0.430121
-0.386095
-0.342123
-0.300026
-0.259062
-0.227448
-0.610372
-0.541622
-0.512184
-0.469626
-0.430654
-0.389124
-0.347234
-0.306718
-0.266316
-0.235743
-0.602277
-0.535724
-0.507393
-0.466886
-0.430238
-0.39116
-0.351395
-0.312585
-0.272883
-0.243561
-0.593355
-0.529234
-0.501981
-0.463449
-0.428994
-0.392289
-0.354658
-0.317643
-0.278771
-0.2509
-0.583752
-0.522272
-0.496079
-0.459448
-0.427047
-0.392607
-0.357081
-0.321908
-0.283997
-0.257737
-0.573604
-0.514946
-0.489804
-0.455004
-0.424515
-0.39221
-0.35873
-0.325397
-0.288581
-0.264017
-0.563035
-0.507355
-0.483262
-0.450229
-0.421512
-0.391196
-0.359676
-0.328128
-0.292557
-0.269629
-0.552156
-0.499585
-0.476545
-0.445224
-0.418145
-0.38966
-0.359995
-0.330117
-0.295965
-0.274381
-0.541067
-0.49171
-0.469733
-0.440075
-0.414508
-0.387695
-0.359765
-0.331381
-0.298867
-0.277963
-0.529855
-0.483795
-0.462893
-0.434855
-0.410689
-0.385386
-0.359067
-0.331934
-0.301352
-0.279988
-0.518595
-0.475894
-0.456079
-0.429626
-0.406757
-0.382811
-0.357978
-0.331788
-0.303522
-0.279966
-0.507353
-0.468051
-0.449335
-0.424434
-0.402774
-0.380042
-0.356569
-0.330967
-0.305344
-0.275269
-0.496185
-0.460303
-0.442695
-0.419316
-0.398786
-0.377139
-0.354913
-0.32958
-0.306898
-0.257303
-0.48514
-0.452683
-0.436184
-0.414297
-0.394827
-0.374156
-0.353076
-0.327821
-0.308701
-0.250829
-0.474262
-0.445216
-0.429823
-0.409395
-0.390924
-0.371136
-0.351104
-0.325949
-0.310049
-0.249962
-0.46359
-0.437926
-0.423625
-0.404621
-0.387089
-0.368107
-0.349012
-0.324044
-0.310556
-0.249688
-0.453161
-0.430833
-0.417604
-0.399981
-0.383334
-0.365089
-0.346804
-0.322104
-0.310296
-0.249316
-0.443014
-0.423958
-0.411771
-0.39548
-0.379661
-0.362094
-0.34449
-0.320131
-0.309422
-0.24915
-0.433188
-0.417324
-0.40614
-0.391124
-0.376076
-0.359132
-0.34209
-0.318136
-0.308033
-0.249268
-0.423726
-0.410955
-0.400725
-0.38692
-0.372584
-0.356211
-0.339622
-0.316132
-0.306213
-0.249619
-0.414676
-0.404873
-0.395545
-0.382878
-0.369195
-0.353341
-0.337113
-0.314128
-0.304046
-0.250155
-0.406086
-0.399112
-0.390623
-0.379014
-0.365923
-0.350536
-0.334589
-0.312134
-0.301622
-0.250838
-0.397979
-0.393727
-0.385985
-0.375349
-0.362787
-0.347816
-0.332086
-0.310165
-0.299033
-0.251625
-0.390467
-0.388717
-0.38166
-0.371908
-0.359814
-0.345207
-0.329641
-0.308241
-0.296371
-0.252471
-0.38359
-0.384126
-0.377689
-0.368723
-0.357036
-0.34274
-0.327298
-0.306387
-0.293726
-0.253334
-0.377402
-0.38
-0.374106
-0.365828
-0.354487
-0.34045
-0.325106
-0.304632
-0.291187
-0.254174
-0.371964
-0.376378
-0.370946
-0.363256
-0.352205
-0.338379
-0.323116
-0.303011
-0.288836
-0.254957
-0.367333
-0.373296
-0.368246
-0.361046
-0.350226
-0.336575
-0.321386
-0.301552
-0.286754
-0.255653
-0.36356
-0.370785
-0.36604
-0.35923
-0.34859
-0.335085
-0.319939
-0.300297
-0.285018
-0.256238
-0.36069
-0.368875
-0.364358
-0.35784
-0.347331
-0.33393
-0.318742
-0.299358
-0.283681
-0.256693
-0.358756
-0.367588
-0.363223
-0.356898
-0.346476
-0.333142
-0.317932
-0.298772
-0.282715
-0.257
-0.357783
-0.366941
-0.362651
-0.356423
-0.346043
-0.332744
-0.317526
-0.298491
-0.282211
-0.257152
-0.247053
-0.23776
-0.227603
-0.216891
-0.205427
-0.193187
-0.180187
-0.166438
-0.15198
-0.136887
-0.12128
-0.105328
-0.0892509
-0.0733193
-0.0578415
-0.0431488
-0.0295745
-0.0174244
-0.00696369
0.00163971
0.00824779
0.0129585
0.0156675
0.0169973
0.016348
0.0157115
0.0121943
0.0120257
0.00453012
0.00938076
-0.247879
-0.238456
-0.228212
-0.217489
-0.206017
-0.193774
-0.180774
-0.167025
-0.152565
-0.137468
-0.121853
-0.105888
-0.0897947
-0.0738412
-0.0583368
-0.0436131
-0.030004
-0.0178159
-0.00731464
0.00133086
0.0079815
0.0127341
0.015483
0.0168494
0.0162333
0.0156232
0.0121327
0.0119748
0.00451111
0.00933631
-0.249505
-0.239825
-0.229412
-0.218664
-0.207178
-0.194926
-0.181924
-0.168176
-0.153713
-0.138609
-0.122979
-0.106991
-0.090864
-0.0748683
-0.0593124
-0.0445286
-0.0308516
-0.018589
-0.00800841
0.000719765
0.00745412
0.0122893
0.0151171
0.0165557
0.0160053
0.0154476
0.0120103
0.0118736
0.00447324
0.00924805
-0.251868
-0.241827
-0.231162
-0.220375
-0.208867
-0.1966
-0.183596
-0.169848
-0.155381
-0.140266
-0.124616
-0.108596
-0.0924234
-0.0763682
-0.0607392
-0.0458694
-0.0320949
-0.0197249
-0.00902926
-0.000180778
0.00667577
0.0116319
0.0145754
0.0161203
0.015667
0.0151866
0.0118281
0.0117229
0.00441683
0.0091173
-0.254877
-0.244405
-0.233407
-0.222567
-0.211027
-0.198737
-0.185728
-0.171979
-0.157509
-0.142382
-0.126708
-0.11065
-0.0944226
-0.078295
-0.062576
-0.0475993
-0.0337025
-0.0211967
-0.0103548
-0.00135247
0.00566101
0.010773
0.0138664
0.0155494
0.0152225
0.0148432
0.0115881
0.0115243
0.00434232
0.00894592
-0.258415
-0.247483
-0.236078
-0.225166
-0.213585
-0.201264
-0.188245
-0.174494
-0.160021
-0.144883
-0.129186
-0.113087
-0.0968002
-0.0805925
-0.0647722
-0.0496734
-0.0356352
-0.0229711
-0.011957
-0.00277248
0.00442803
0.00972686
0.0130005
0.0148504
0.0146772
0.0144208
0.0112926
0.0112796
0.00425032
0.00873636
-0.26234
-0.25097
-0.239091
-0.228089
-0.216458
-0.204096
-0.191062
-0.17731
-0.162834
-0.147688
-0.13197
-0.115833
-0.0994874
-0.0831975
-0.0672707
-0.052041
-0.037849
-0.0250101
-0.0138041
-0.0044146
0.00299785
0.00850969
0.0119902
0.0140324
0.0140373
0.013924
0.0109444
0.0109909
0.00414154
0.0084915
-0.266501
-0.254752
-0.242352
-0.231245
-0.219557
-0.207144
-0.194091
-0.180335
-0.165861
-0.150711
-0.134978
-0.11881
-0.102411
-0.0860432
-0.0700111
-0.0546484
-0.0402965
-0.0272732
-0.0158617
-0.00625042
0.0013934
0.0071395
0.010849
0.0131055
0.01331
0.0133577
0.0105467
0.0106608
0.0040168
0.00821463
-0.270772
-0.258707
-0.245758
-0.234538
-0.222786
-0.210315
-0.197238
-0.18348
-0.169011
-0.153866
-0.138129
-0.12194
-0.105499
-0.0890626
-0.0729326
-0.0574412
-0.0429301
-0.0297187
-0.0180945
-0.00825053
-0.000361406
0.00563521
0.00959152
0.0120803
0.012503
0.0127273
0.0101031
0.0102921
0.00387703
0.0079093
-0.274995
-0.262703
-0.249202
-0.237867
-0.226051
-0.213517
-0.200415
-0.186657
-0.1722
-0.15707
-0.141342
-0.125148
-0.108681
-0.0921911
-0.0759764
-0.0603665
-0.0457027
-0.032306
-0.0204676
-0.0103856
-0.00224246
0.00401605
0.00823263
0.0109681
0.0116244
0.0120384
0.00961733
0.0098879
0.00372321
0.00757929
-0.278988
-0.266595
-0.252576
-0.241131
-0.229257
-0.216661
-0.203536
-0.189784
-0.175349
-0.160247
-0.144546
-0.128366
-0.111893
-0.0953693
-0.079088
-0.0633751
-0.0485705
-0.0349963
-0.0229474
-0.0126271
-0.00422619
0.00230103
0.00678725
0.00978003
0.0106825
0.0112971
0.00909338
0.0094513
0.00355639
0.0072285
-0.282594
-0.270236
-0.255765
-0.244232
-0.23231
-0.219661
-0.206521
-0.192785
-0.178385
-0.16333
-0.147676
-0.131533
-0.115078
-0.0985442
-0.0822186
-0.0664222
-0.0514933
-0.037754
-0.0255028
-0.0149484
-0.00629016
0.000508497
0.00526991
0.00852734
0.00968555
0.0105094
0.00853527
0.00898561
0.00337767
0.00686082
-0.285673
-0.273479
-0.258658
-0.247073
-0.23512
-0.222438
-0.209299
-0.195595
-0.181249
-0.166262
-0.150678
-0.134598
-0.118187
-0.10167
-0.0853258
-0.0694692
-0.0544356
-0.0405472
-0.0281056
-0.0173251
-0.00841366
-0.00134445
0.00369436
0.00722068
0.0086416
0.00968099
0.00794699
0.00849407
0.00318811
0.00648012
-0.288099
-0.276177
-0.261142
-0.249559
-0.237602
-0.224919
-0.211807
-0.198158
-0.18389
-0.168996
-0.153509
-0.13752
-0.121183
-0.104711
-0.0883753
-0.0724836
-0.0573677
-0.0433486
-0.0307314
-0.0197355
-0.0105781
-0.00324215
0.00207339
0.00587012
0.00755833
0.00881778
0.00733246
0.00797994
0.00298882
0.00609015
-0.289772
-0.278193
-0.263114
-0.251603
-0.239681
-0.227041
-0.213992
-0.200429
-0.186268
-0.171495
-0.156135
-0.140267
-0.124033
-0.107637
-0.0913381
-0.0754381
-0.0602634
-0.046134
-0.0333578
-0.0221595
-0.0127654
-0.00516909
0.000420032
0.00448623
0.006444
0.00792596
0.00669601
0.00744671
0.00278097
0.00569454
-0.290649
-0.279423
-0.264484
-0.253114
-0.241277
-0.228739
-0.215803
-0.202365
-0.188347
-0.173728
-0.158526
-0.14281
-0.126711
-0.11042
-0.0941877
-0.0783061
-0.063097
-0.0488786
-0.0359613
-0.0245753
-0.0149562
-0.00710818
-0.00125116
0.00308098
0.00530811
0.00701287
0.00604279
0.0068984
0.00256612
0.00529685
-0.290609
-0.279683
-0.265125
-0.253983
-0.242311
-0.229964
-0.217208
-0.203948
-0.190117
-0.175689
-0.160679
-0.145146
-0.129211
-0.113055
-0.0969157
-0.081078
-0.065858
-0.0515717
-0.0385317
-0.0269736
-0.0171423
-0.00905263
-0.0029347
0.00165862
0.0041539
0.00608097
0.00537469
0.00633704
0.00234509
0.00489995
-0.289433
-0.27878
-0.265043
-0.254278
-0.242884
-0.230828
-0.218317
-0.205281
-0.191671
-0.177463
-0.162669
-0.147342
-0.131595
-0.115597
-0.0995753
-0.0838048
-0.0685955
-0.0542604
-0.041114
-0.0293967
-0.0193624
-0.0110374
-0.00466159
0.000192484
0.00295928
0.00511327
0.00467953
0.00575559
0.00211442
0.00450475
-0.288759
-0.277528
-0.264526
-0.253957
-0.24283
-0.231122
-0.218912
-0.206154
-0.192814
-0.178875
-0.164344
-0.149271
-0.133759
-0.117966
-0.102107
-0.0864455
-0.0712836
-0.0569305
-0.043702
-0.0318438
-0.0216197
-0.013068
-0.00643925
-0.0013263
0.0017148
0.00410133
0.00394996
0.0051497
0.00186973
0.00411359
-0.285781
-0.272479
-0.26087
-0.250722
-0.240234
-0.229251
-0.217655
-0.205426
-0.192557
-0.179042
-0.1649
-0.150182
-0.134988
-0.119471
-0.103838
-0.0883456
-0.0732916
-0.0589821
-0.0457349
-0.0338006
-0.023451
-0.0147364
-0.00791613
-0.00260432
0.000656989
0.00322403
0.00331066
0.00459914
0.00164344
0.00374809
-0.261968
-0.265873
-0.260647
-0.251155
-0.241009
-0.230256
-0.218785
-0.206639
-0.193825
-0.180339
-0.166201
-0.151469
-0.136243
-0.120679
-0.104991
-0.0894367
-0.0743158
-0.0599356
-0.0466132
-0.0345986
-0.0241613
-0.0153561
-0.00843467
-0.00303824
0.000314024
0.0029104
0.00308215
0.00431746
0.00154201
0.00346663
-0.25289
-0.256615
-0.253099
-0.244694
-0.235504
-0.225551
-0.214742
-0.203176
-0.190888
-0.177894
-0.164226
-0.149945
-0.135156
-0.120009
-0.104712
-0.0895144
-0.0747054
-0.0605841
-0.0474602
-0.0355813
-0.0252141
-0.0164222
-0.00945565
-0.00398527
-0.000504281
0.00219362
0.00255438
0.00383649
0.00135157
0.00315058
-0.246006
-0.247614
-0.244451
-0.236945
-0.22856
-0.21935
-0.209215
-0.198269
-0.18657
-0.174146
-0.161038
-0.147313
-0.133075
-0.118472
-0.103699
-0.0889939
-0.0746329
-0.060901
-0.0480962
-0.0364599
-0.0262526
-0.0175465
-0.0105844
-0.00507132
-0.00146724
0.00133786
0.00191809
0.00326898
0.00112427
0.00280454
-0.239203
-0.239087
-0.235959
-0.229247
-0.221565
-0.21303
-0.203543
-0.193211
-0.182101
-0.17025
-0.157706
-0.144542
-0.130859
-0.116802
-0.102556
-0.0883498
-0.074444
-0.0611116
-0.0486381
-0.037259
-0.0272268
-0.018622
-0.0116779
-0.00613504
-0.00241724
0.000484828
0.00128112
0.00269358
0.000894877
0.00244839
-0.23197
-0.230601
-0.227324
-0.221305
-0.21429
-0.206408
-0.197574
-0.187876
-0.17738
-0.16613
-0.154179
-0.141599
-0.128493
-0.115001
-0.1013
-0.0876061
-0.0741688
-0.0612483
-0.0491181
-0.0380076
-0.0281613
-0.0196681
-0.0127511
-0.00718691
-0.00336184
-0.000369348
0.000640691
0.00211049
0.000662026
0.00208401
-0.223951
-0.22192
-0.218427
-0.213001
-0.206629
-0.199385
-0.191207
-0.18216
-0.172305
-0.161687
-0.150359
-0.138397
-0.1259
-0.113002
-0.0998735
-0.0867194
-0.0737754
-0.0612901
-0.0495247
-0.0387026
-0.0290599
-0.0206936
-0.0138162
-0.008241
-0.00431537
-0.00123712
-1.35088e-05
0.00151341
0.000421271
0.0017121
-0.215149
-0.212951
-0.209291
-0.204385
-0.198637
-0.192016
-0.184488
-0.1761
-0.166903
-0.156938
-0.14626
-0.134941
-0.12308
-0.110803
-0.0982722
-0.0856821
-0.0732554
-0.0612282
-0.0498494
-0.0393361
-0.0299158
-0.0216929
-0.0148694
-0.00929429
-0.00527613
-0.00211708
-0.000681322
0.000903481
0.000171605
0.00133534
-0.205644
-0.203651
-0.199946
-0.195517
-0.190375
-0.18437
-0.177482
-0.169754
-0.161223
-0.151926
-0.141915
-0.131259
-0.120053
-0.108418
-0.0965063
-0.0845005
-0.0726109
-0.0610616
-0.0500888
-0.0399031
-0.0307227
-0.0226594
-0.0159038
-0.0103403
-0.00623879
-0.00300428
-0.0013598
0.000284077
-8.70073e-05
0.000957116
-0.195638
-0.194036
-0.190422
-0.186452
-0.181901
-0.176501
-0.170244
-0.163172
-0.15531
-0.146689
-0.137356
-0.127378
-0.116842
-0.105864
-0.0945867
-0.0831813
-0.0718455
-0.0607907
-0.050241
-0.0403997
-0.0314759
-0.0235875
-0.0169141
-0.0113737
-0.00719874
-0.00389433
-0.00204633
-0.000341577
-0.000354692
0.000580908
-0.185243
-0.184154
-0.180766
-0.177249
-0.173271
-0.168468
-0.162833
-0.156408
-0.149212
-0.141268
-0.132618
-0.123324
-0.113468
-0.103157
-0.0925254
-0.0817324
-0.0709631
-0.0604167
-0.0503048
-0.0408229
-0.032171
-0.024472
-0.0178948
-0.012389
-0.00815159
-0.00478296
-0.0027384
-0.000970267
-0.000631526
0.000210246
-0.174623
-0.174089
-0.171037
-0.167974
-0.164549
-0.160332
-0.155305
-0.149515
-0.142977
-0.135705
-0.127737
-0.119129
-0.109956
-0.100317
-0.0903366
-0.0801636
-0.0699697
-0.0599421
-0.0502797
-0.0411702
-0.032804
-0.0253081
-0.0188409
-0.013381
-0.00909268
-0.00566567
-0.00343314
-0.00159856
-0.000917331
-0.000151343
-0.163934
-0.163943
-0.161306
-0.158696
-0.155801
-0.152153
-0.147719
-0.142549
-0.136655
-0.130046
-0.122752
-0.114824
-0.106331
-0.0973641
-0.0880364
-0.0784861
-0.0688726
-0.0593705
-0.0501664
-0.0414398
-0.0333715
-0.026091
-0.0197471
-0.0143443
-0.010017
-0.00653768
-0.00412733
-0.00222282
-0.00121156
-0.00050049
-0.15332
-0.153822
-0.151645
-0.149486
-0.147093
-0.143993
-0.140132
-0.135563
-0.130295
-0.124333
-0.117701
-0.110444
-0.102623
-0.0943208
-0.0856419
-0.0767126
-0.06768
-0.0587065
-0.0499666
-0.0416308
-0.0338704
-0.0268164
-0.0206083
-0.0152733
-0.0109196
-0.00739404
-0.00481741
-0.0028393
-0.0015132
-0.000834207
-0.142905
-0.14383
-0.142132
-0.140411
-0.138492
-0.13591
-0.132601
-0.128608
-0.123945
-0.118609
-0.112622
-0.106019
-0.0988574
-0.0912098
-0.083171
-0.0748565
-0.0664014
-0.057956
-0.0496827
-0.0417429
-0.0342985
-0.0274805
-0.0214196
-0.0161627
-0.0117951
-0.00822977
-0.00549955
-0.00344424
-0.00182078
-0.00114986
-0.132795
-0.134064
-0.132837
-0.131537
-0.130057
-0.127963
-0.125176
-0.121734
-0.117648
-0.112916
-0.10755
-0.101583
-0.0950622
-0.0880535
-0.0806419
-0.0729319
-0.0650469
-0.0571254
-0.049318
-0.0417768
-0.0346541
-0.0280797
-0.0221765
-0.0170073
-0.0126385
-0.00903985
-0.00616965
-0.00403395
-0.00213245
-0.00144523
-0.123073
-0.124607
-0.123825
-0.122921
-0.121846
-0.120204
-0.117906
-0.114985
-0.111448
-0.107291
-0.102521
-0.0971655
-0.0912641
-0.0848748
-0.0780731
-0.0709534
-0.0636274
-0.0562223
-0.0488769
-0.0417339
-0.0349364
-0.0286116
-0.022875
-0.0178025
-0.0134445
-0.00981938
-0.00682345
-0.00460479
-0.00244592
-0.00171861
-0.1138
-0.115528
-0.115155
-0.114616
-0.113908
-0.11268
-0.110839
-0.108405
-0.105384
-0.101771
-0.097569
-0.0927968
-0.0874892
-0.0816959
-0.0754836
-0.0689361
-0.0621547
-0.055255
-0.0483646
-0.0416168
-0.0351454
-0.0290742
-0.0235119
-0.018544
-0.0142084
-0.0105637
-0.00745655
-0.00515326
-0.00275861
-0.00196883
-0.105023
-0.106882
-0.106873
-0.106666
-0.106288
-0.105436
-0.104014
-0.102032
-0.0994947
-0.0963925
-0.0927249
-0.0885059
-0.0837635
-0.0785397
-0.0728925
-0.0668963
-0.0606414
-0.054233
-0.0477877
-0.0414293
-0.0352824
-0.0294667
-0.0240843
-0.0192279
-0.0149258
-0.0112682
-0.00806456
-0.00567602
-0.00306764
-0.00219524
-0.096771
-0.0987121
-0.0990206
-0.0991101
-0.0990271
-0.0985126
-0.0974714
-0.0959053
-0.0938143
-0.0911875
-0.0880204
-0.0843217
-0.0801129
-0.0754292
-0.0703201
-0.0648507
-0.0591016
-0.0531673
-0.0471541
-0.0411763
-0.0353498
-0.0297892
-0.0245907
-0.0198514
-0.0155926
-0.0119291
-0.0086432
-0.00616999
-0.00336996
-0.00239768
-0.0890675
-0.0910513
-0.0916319
-0.0919833
-0.0921608
-0.0919459
-0.0912473
-0.0900592
-0.0883776
-0.0861895
-0.0834867
-0.080273
-0.0765642
-0.0723884
-0.0677875
-0.0628178
-0.0575505
-0.0520701
-0.046473
-0.0408643
-0.0353514
-0.0300433
-0.0250305
-0.0204125
-0.0162055
-0.0125426
-0.00918838
-0.00663238
-0.00366244
-0.00257644
-0.0819287
-0.0839257
-0.0847362
-0.0853156
-0.0857209
-0.085769
-0.0853757
-0.0845282
-0.0832185
-0.0814312
-0.0791551
-0.0763895
-0.0731447
-0.0694424
-0.0653173
-0.0608175
-0.0560052
-0.0509556
-0.0457558
-0.0405017
-0.0352927
-0.0302317
-0.0254041
-0.0209099
-0.0167619
-0.0131059
-0.00969637
-0.00706068
-0.003942
-0.00273213
-0.0753687
-0.0773575
-0.0783599
-0.0791357
-0.0797368
-0.0800137
-0.0798899
-0.0793465
-0.0783709
-0.076946
-0.075058
-0.0727021
-0.0698836
-0.0666183
-0.0629342
-0.0588717
-0.0544848
-0.0498401
-0.0450154
-0.0400985
-0.0351807
-0.030359
-0.0257136
-0.0213437
-0.0172601
-0.0136164
-0.0101638
-0.00745274
-0.00420567
-0.00286562
-0.0694022
-0.0713677
-0.0725282
-0.0734711
-0.0742401
-0.0747143
-0.0748248
-0.0745487
-0.0738695
-0.0727684
-0.0712292
-0.0692434
-0.0668118
-0.0639451
-0.0606648
-0.0570046
-0.0530107
-0.0487417
-0.0442672
-0.0396668
-0.0350245
-0.0304311
-0.0259622
-0.021715
-0.0176992
-0.0140725
-0.0105879
-0.00780673
-0.00445072
-0.00297794
-0.0640458
-0.065978
-0.0672674
-0.0683512
-0.0692624
-0.069904
-0.0702155
-0.0701709
-0.069751
-0.0689349
-0.0677045
-0.0660483
-0.0639629
-0.0614543
-0.0585385
-0.0552429
-0.0516068
-0.0476813
-0.0435285
-0.0392206
-0.0348347
-0.0304557
-0.0261546
-0.0220259
-0.0180792
-0.0144731
-0.0109663
-0.00812113
-0.00467466
-0.00307019
-0.0593196
-0.0612132
-0.062606
-0.0638064
-0.0648358
-0.0656173
-0.0660984
-0.0662512
-0.066054
-0.0654844
-0.0645226
-0.0631544
-0.0613731
-0.0591804
-0.0565875
-0.0536162
-0.0502995
-0.0466821
-0.0428192
-0.0387763
-0.034624
-0.0304419
-0.0262967
-0.0222799
-0.0184011
-0.0148178
-0.0112971
-0.00839468
-0.0048753
-0.00314345
-0.0552491
-0.0571025
-0.0585764
-0.0598714
-0.0609969
-0.0618928
-0.0625142
-0.0628315
-0.0628211
-0.0624597
-0.0617258
-0.0606033
-0.0590824
-0.0571614
-0.0548472
-0.0521569
-0.0491182
-0.0457699
-0.0421613
-0.0383519
-0.0344069
-0.0304004
-0.0263959
-0.022481
-0.0186666
-0.0151066
-0.0115788
-0.00862629
-0.00505066
-0.00319874
-0.0518679
-0.053683
-0.0552185
-0.056588
-0.0577899
-0.0587779
-0.0595096
-0.0599589
-0.0601
-0.0599082
-0.0593611
-0.0584407
-0.057135
-0.0554392
-0.0533569
-0.0509012
-0.0480952
-0.0449732
-0.0415792
-0.0379677
-0.034199
-0.0303431
-0.02646
-0.0226343
-0.0188775
-0.0153398
-0.0118102
-0.00881493
-0.00519871
-0.00323699
-0.0492176
-0.051
-0.0525801
-0.0540054
-0.0552641
-0.0563194
-0.0571367
-0.0576877
-0.0579455
-0.0578847
-0.057482
-0.0567185
-0.0555804
-0.0540606
-0.0521601
-0.0498887
-0.0472663
-0.044323
-0.0410992
-0.0376452
-0.0340176
-0.0302825
-0.0264977
-0.0227445
-0.019036
-0.0155173
-0.0119896
-0.00895953
-0.00531731
-0.00325864
-0.0473646
-0.0491212
-0.05073
-0.0521923
-0.0534893
-0.0545905
-0.0554654
-0.0560856
-0.0564237
-0.0564533
-0.0561509
-0.0554965
-0.0544752
-0.0530785
-0.0513053
-0.0491634
-0.0466702
-0.0438532
-0.0407498
-0.0374075
-0.0338802
-0.0302314
-0.0265171
-0.0228162
-0.0191435
-0.0156385
-0.0121152
-0.00905751
-0.00540634
-0.00326224
-0.0463686
-0.0481159
-0.0497423
-0.051226
-0.0525443
-0.0536706
-0.0545764
-0.0552332
-0.0556135
-0.0556907
-0.0554411
-0.0548443
-0.0538848
-0.0525531
-0.0508474
-0.0487742
-0.0463496
-0.0435997
-0.0405605
-0.0372778
-0.0338042
-0.0302015
-0.0265254
-0.0228522
-0.0192001
-0.0156999
-0.0121854
-0.00910127
-0.00547133
-0.00324482
-0.12516
-0.136316
-0.146989
-0.157168
-0.166841
-0.175997
-0.184629
-0.192731
-0.200299
-0.207337
-0.213853
-0.219871
-0.225433
-0.230611
-0.235524
-0.24036
-0.245415
-0.251058
-0.258278
-0.274584
-0.117944
-0.128576
-0.138763
-0.148493
-0.157759
-0.166553
-0.174872
-0.182718
-0.190095
-0.197021
-0.203523
-0.209651
-0.215483
-0.221138
-0.226799
-0.23273
-0.239332
-0.247043
-0.256223
-0.275872
-0.110993
-0.121137
-0.130889
-0.140243
-0.149194
-0.157739
-0.165881
-0.173626
-0.180988
-0.187989
-0.194663
-0.201063
-0.207261
-0.213361
-0.219505
-0.225882
-0.232766
-0.240377
-0.248454
-0.26642
-0.104236
-0.113918
-0.123257
-0.132248
-0.140888
-0.149178
-0.157121
-0.164727
-0.172009
-0.178988
-0.185696
-0.192174
-0.19848
-0.204691
-0.210905
-0.21725
-0.22392
-0.231098
-0.238451
-0.254387
-0.0976801
-0.106908
-0.115833
-0.124452
-0.132763
-0.140768
-0.14847
-0.155878
-0.163006
-0.169872
-0.176503
-0.182935
-0.189216
-0.195409
-0.201599
-0.207893
-0.214461
-0.221477
-0.228619
-0.242463
-0.0913333
-0.100115
-0.10863
-0.116875
-0.124848
-0.132553
-0.139992
-0.147175
-0.154113
-0.160825
-0.167333
-0.17367
-0.179878
-0.186013
-0.192146
-0.19837
-0.204816
-0.211607
-0.218472
-0.230278
-0.085196
-0.0935439
-0.101656
-0.109529
-0.117163
-0.124559
-0.131724
-0.138663
-0.145387
-0.151914
-0.158262
-0.164461
-0.170545
-0.17656
-0.182563
-0.188623
-0.194838
-0.20129
-0.207822
-0.217875
-0.0792665
-0.087193
-0.0949102
-0.102416
-0.10971
-0.116794
-0.123673
-0.130351
-0.13684
-0.143152
-0.149305
-0.155321
-0.161228
-0.167063
-0.17287
-0.1787
-0.184628
-0.190716
-0.1969
-0.205471
-0.0735437
-0.081062
-0.0883943
-0.0955384
-0.102494
-0.109262
-0.115847
-0.122252
-0.128487
-0.134561
-0.140489
-0.146288
-0.151982
-0.157597
-0.163168
-0.168735
-0.174355
-0.18007
-0.185876
-0.1932
-0.0680264
-0.0751503
-0.0821081
-0.0888976
-0.095518
-0.10197
-0.108256
-0.11438
-0.120348
-0.126168
-0.131851
-0.137411
-0.142865
-0.148235
-0.153546
-0.158829
-0.164123
-0.16946
-0.17486
-0.181146
-0.0627139
-0.0694577
-0.0760524
-0.0824955
-0.088786
-0.0949238
-0.10091
-0.106748
-0.112441
-0.117997
-0.123422
-0.128728
-0.133927
-0.139035
-0.14407
-0.149055
-0.154018
-0.158981
-0.163969
-0.169402
-0.0576082
-0.0639858
-0.0702289
-0.076335
-0.0823023
-0.0881299
-0.0938183
-0.099369
-0.104785
-0.11007
-0.115231
-0.120274
-0.125208
-0.130045
-0.134799
-0.139483
-0.144118
-0.148722
-0.153308
-0.158046
-0.0527081
-0.058735
-0.0646396
-0.0704193
-0.0760716
-0.0815952
-0.0869897
-0.0922556
-0.0973943
-0.102408
-0.107302
-0.112079
-0.116747
-0.121312
-0.125784
-0.130173
-0.134492
-0.138755
-0.142961
-0.147138
-0.0480177
-0.0537086
-0.0592878
-0.0647524
-0.0700994
-0.075327
-0.0804338
-0.0854196
-0.0902846
-0.0950301
-0.0996581
-0.104172
-0.108575
-0.112872
-0.117069
-0.121173
-0.125192
-0.129137
-0.13299
-0.136717
-0.0435379
-0.0489084
-0.0541765
-0.0593385
-0.0643912
-0.0693323
-0.0741599
-0.0788728
-0.0834703
-0.0879528
-0.0923209
-0.0965763
-0.100721
-0.104758
-0.108691
-0.112523
-0.11626
-0.119911
-0.123445
-0.126809
-0.0392712
-0.0443376
-0.0493092
-0.0541821
-0.0589529
-0.0636188
-0.0681772
-0.0726263
-0.076965
-0.0811926
-0.0853088
-0.0893142
-0.0932097
-0.0969966
-0.100677
-0.104253
-0.107728
-0.111108
-0.114356
-0.117424
-0.0352205
-0.0399993
-0.0446899
-0.0492882
-0.0537905
-0.0581934
-0.0624943
-0.0666908
-0.0707812
-0.074764
-0.0786385
-0.0824044
-0.0860616
-0.0896108
-0.0930526
-0.0963882
-0.0996201
-0.102752
-0.105746
-0.108567
-0.0313894
-0.0358975
-0.0403231
-0.0446618
-0.0489098
-0.0530636
-0.0571199
-0.0610761
-0.0649301
-0.0686801
-0.0723248
-0.0758632
-0.0792948
-0.0826196
-0.0858377
-0.0889494
-0.0919567
-0.0948621
-0.0976273
-0.100237
-0.0277817
-0.0320364
-0.0362134
-0.0403084
-0.0443172
-0.0482362
-0.0520619
-0.0557915
-0.0594225
-0.0629527
-0.0663806
-0.0697049
-0.0729246
-0.0760392
-0.0790486
-0.0819527
-0.084753
-0.0874508
-0.0900113
-0.0924341
-0.0244022
-0.0284209
-0.0323662
-0.0362337
-0.0400191
-0.0437185
-0.0473284
-0.0508458
-0.054268
-0.0575927
-0.0608179
-0.0639422
-0.0669644
-0.0698838
-0.0726997
-0.0754122
-0.0780223
-0.0805305
-0.0829065
-0.085161
-0.0212564
-0.0250568
-0.0287876
-0.0324442
-0.0360223
-0.0395179
-0.0429276
-0.046248
-0.0494764
-0.0526104
-0.0556478
-0.058587
-0.0614267
-0.0641659
-0.066804
-0.0693408
-0.0717771
-0.0741126
-0.0763222
-0.0784233
-0.018351
-0.0219509
-0.0254845
-0.0289471
-0.0323345
-0.0356427
-0.0388681
-0.0420073
-0.0450576
-0.0480163
-0.0508813
-0.0536509
-0.0563235
-0.0588982
-0.0613741
-0.063751
-0.0660296
-0.068209
-0.0702691
-0.0722303
-0.0156943
-0.0191115
-0.0224654
-0.0257514
-0.028965
-0.0321024
-0.0351599
-0.0381341
-0.0410223
-0.0438217
-0.0465302
-0.049146
-0.0516674
-0.0540934
-0.0564232
-0.0586563
-0.0607932
-0.062833
-0.0647599
-0.0665943
-0.0132945
-0.0165476
-0.0197399
-0.0228668
-0.0259241
-0.0289078
-0.0318143
-0.0346403
-0.0373829
-0.0400395
-0.0426079
-0.0450861
-0.0474727
-0.0497663
-0.0519662
-0.0540718
-0.0560834
-0.0580001
-0.0598098
-0.0615313
-0.0111642
-0.0142723
-0.0173212
-0.0203069
-0.0232254
-0.0260729
-0.0288456
-0.0315405
-0.0341546
-0.0366853
-0.0391304
-0.0414879
-0.0437563
-0.0459343
-0.048021
-0.0500158
-0.0519187
-0.0537289
-0.0554378
-0.057061
-0.00931977
-0.0123009
-0.0152249
-0.0180878
-0.0208857
-0.0236148
-0.0262717
-0.0288531
-0.0313563
-0.0337785
-0.0361177
-0.0383718
-0.0405393
-0.0426188
-0.0446095
-0.0465106
-0.048322
-0.0500429
-0.0516676
-0.0532077
-0.00777973
-0.010653
-0.013471
-0.01623
-0.018926
-0.0215555
-0.024115
-0.0266014
-0.0290119
-0.031344
-0.0335955
-0.0357644
-0.0378491
-0.0398483
-0.041761
-0.0435863
-0.045324
-0.0469735
-0.0485311
-0.0500044
-0.00657006
-0.0093554
-0.0120872
-0.0147616
-0.017375
-0.0199238
-0.0224049
-0.0248152
-0.0271519
-0.0294126
-0.0315951
-0.0336975
-0.0357181
-0.0376557
-0.039509
-0.0412772
-0.0429599
-0.0445566
-0.0460651
-0.0474897
-0.00571158
-0.0084322
-0.0111008
-0.0137137
-0.0162672
-0.0187581
-0.0211832
-0.0235397
-0.0258247
-0.0280359
-0.0301712
-0.0322285
-0.0342063
-0.036103
-0.0379174
-0.0396487
-0.0412961
-0.0428592
-0.0443368
-0.0457305
-0.00526692
-0.00793946
-0.0105609
-0.0131281
-0.015638
-0.0180874
-0.0204736
-0.0227938
-0.0250456
-0.0272265
-0.0293345
-0.0313676
-0.0333242
-0.0352027
-0.0370017
-0.0387203
-0.0403574
-0.0419124
-0.0433845
-0.0447736
0.164133
0.147872
0.132467
0.117373
0.101863
0.0862201
0.0705836
0.0549954
0.039506
0.0241643
0.00901101
-0.0059176
-0.0205888
-0.0349743
-0.049042
-0.0626572
-0.0760585
-0.0889696
-0.10146
-0.113533
0.159127
0.142666
0.127242
0.112681
0.0977694
0.0827796
0.0678603
0.0530242
0.0383054
0.023743
0.00936983
-0.00478418
-0.0186905
-0.032319
-0.0456116
-0.0583308
-0.0712313
-0.0835235
-0.095397
-0.106879
0.151457
0.135237
0.120154
0.106338
0.0922597
0.0781138
0.0640718
0.0501301
0.0363071
0.0226354
0.00914188
-0.0041489
-0.0172134
-0.0300305
-0.0426122
-0.0551051
-0.0667226
-0.0783052
-0.0895699
-0.100467
0.143498
0.128129
0.113639
0.10057
0.0873192
0.0739861
0.0607691
0.0476644
0.0346783
0.0218373
0.00916408
-0.0033218
-0.0156013
-0.0276552
-0.0394613
-0.0510293
-0.0621911
-0.0731882
-0.0838713
-0.0942185
0.135688
0.121334
0.107552
0.0952035
0.0827555
0.0702121
0.0577835
0.0454742
0.033281
0.0212247
0.00932436
-0.00240372
-0.0139435
-0.0252786
-0.0363896
-0.0472773
-0.0578339
-0.0682276
-0.0783403
-0.0881558
0.128158
0.114789
0.101763
0.0901125
0.0784406
0.0666698
0.0550042
0.0434596
0.0320264
0.0207198
0.0095563
-0.00145034
-0.0122866
-0.0229385
-0.0333918
-0.0436422
-0.0536109
-0.0634241
-0.0729877
-0.0822893
0.120965
0.108537
0.0962963
0.0853296
0.0744038
0.0633817
0.0524503
0.0416362
0.0309272
0.0203334
0.00986929
-0.0004533
-0.0106229
-0.0206274
-0.0304549
-0.0400989
-0.0495048
-0.0587698
-0.0678093
-0.0766165
0.114143
0.102608
0.0911622
0.0808661
0.0706535
0.0603516
0.0501235
0.0400049
0.0299835
0.0200654
0.0102632
0.000587412
-0.00895209
-0.0183449
-0.0275808
-0.0366527
-0.0455191
-0.0542636
-0.0628027
-0.0711351
0.107717
0.0970244
0.0863632
0.0767203
0.0671863
0.057572
0.0480151
0.0385567
0.0291866
0.0199077
0.0107308
0.00166562
-0.00727921
-0.0160946
-0.0247718
-0.0333034
-0.0416545
-0.0499059
-0.0579669
-0.0658438
0.101701
0.091798
0.0818995
0.0728888
0.063998
0.0550362
0.046117
0.0372835
0.0285282
0.0198523
0.011265
0.00277521
-0.00560913
-0.0138798
-0.0220288
-0.0300484
-0.037908
-0.0456944
-0.0533004
-0.0607413
0.0961006
0.0869351
0.0777685
0.0693656
0.0610822
0.0527365
0.0444203
0.0361762
0.0279998
0.0198912
0.0118584
0.00390962
-0.00394776
-0.011706
-0.0193562
-0.0268831
-0.0342481
-0.0416121
-0.0487956
-0.0558253
0.0909147
0.0824364
0.073965
0.0661425
0.0584307
0.0506639
0.0429154
0.0352254
0.0275923
0.020016
0.0125035
0.00506212
-0.0023014
-0.00958089
-0.0167714
-0.0238767
-0.0309145
-0.0377101
-0.0444576
-0.0510981
0.0861381
0.0782985
0.0704815
0.0632093
0.0560335
0.0488083
0.0415919
0.0344211
0.0272965
0.0202185
0.0131931
0.00622742
-0.000672136
-0.00749929
-0.0142473
-0.0209097
-0.0274838
-0.0339228
-0.0402928
-0.0465603
0.0817619
0.0745147
0.0673086
0.0605545
0.0538795
0.0471588
0.0404391
0.033753
0.0271031
0.0204902
0.01392
0.00739918
0.000934197
-0.00546868
-0.0118029
-0.0180624
-0.0242433
-0.0303116
-0.0363109
-0.0422175
0.0777743
0.0710749
0.064435
0.0581654
0.0519563
0.0457039
0.0394458
0.0332107
0.0270025
0.0208226
0.0146764
0.00857058
0.00251139
-0.00349489
-0.00944189
-0.0153235
-0.0211344
-0.0268515
-0.0325019
-0.0380678
0.0741608
0.0679667
0.0618477
0.0560283
0.0502508
0.0444311
0.0386004
0.0327834
0.0269848
0.0212067
0.0154546
0.0097347
0.00405344
-0.001583
-0.00716832
-0.0126964
-0.0181614
-0.0235465
-0.0288687
-0.0341134
0.0709051
0.0651757
0.0595327
0.0541285
0.048749
0.0433277
0.037891
0.03246
0.0270399
0.0216336
0.0162464
0.0108845
0.00555412
0.000261545
-0.00498701
-0.0101855
-0.0153277
-0.0204005
-0.0254147
-0.0303574
0.067989
0.0626855
0.0574746
0.0524509
0.0474366
0.0423805
0.0373054
0.0322294
0.0271578
0.0220941
0.0170436
0.0120125
0.00700697
0.00203313
-0.0029028
-0.00779475
-0.0126365
-0.017417
-0.0221429
-0.0268029
0.0653934
0.0604786
0.0556576
0.0509799
0.0462989
0.041576
0.0368312
0.0320801
0.027328
0.0225788
0.0178379
0.0131113
0.00840526
0.00372577
-0.00092098
-0.00552893
-0.0100918
-0.0146001
-0.0190576
-0.0234538
0.0630982
0.0585367
0.0540649
0.0496998
0.045321
0.0409006
0.0364559
0.0320006
0.0275399
0.0230781
0.0186204
0.014173
0.00974184
0.00533301
0.000952599
-0.00339336
-0.00769864
-0.0119546
-0.0161633
-0.0203147
0.0610834
0.0568409
0.0526798
0.0485947
0.0444881
0.0403403
0.0361668
0.0319792
0.0277828
0.023582
0.0193821
0.0151891
0.011009
0.00684778
0.00271139
-0.00139416
-0.00546267
-0.00948623
-0.0134656
-0.0173911
0.0593288
0.0553724
0.0514852
0.0476488
0.0437853
0.0398815
0.0359509
0.0320039
0.0280454
0.0240801
0.0201133
0.0161508
0.0121985
0.00826222
0.00434798
0.000461675
-0.00339058
-0.00720138
-0.010971
-0.0146895
0.0578151
0.0541125
0.0504644
0.0468464
0.0431978
0.0395102
0.0357955
0.0320626
0.0283165
0.0245618
0.0208039
0.0170483
0.0133009
0.00956745
0.00585374
0.00216555
-0.00149111
-0.00510913
-0.0086884
-0.0122184
0.0565238
0.0530433
0.0496013
0.0461726
0.0427113
0.0392129
0.0356875
0.0321429
0.0285841
0.0250157
0.0214429
0.0178713
0.0143065
0.0107541
0.00721998
0.00370993
0.000230305
-0.00321172
-0.00662299
-0.00998513
0.0554383
0.0521484
0.0488805
0.0456126
0.0423118
0.0389759
0.0356137
0.0322321
0.0288358
0.0254295
0.0220183
0.0186074
0.0152023
0.0118085
0.00843138
0.00507646
0.0017485
-0.00154783
-0.00479363
-0.00800195
0.0545439
0.0514126
0.0482879
0.045153
0.0419857
0.038786
0.0355611
0.0323172
0.0290588
0.0257906
0.0225174
0.0192446
0.0159773
0.0127208
0.00948061
0.00626202
0.00307021
-8.99142e-05
-0.00320724
-0.0062862
0.0538293
0.0508238
0.0478115
0.0447817
0.0417211
0.0386309
0.0355173
0.0323855
0.0292402
0.0260857
0.022927
0.0197689
0.0166166
0.0134751
0.0103496
0.00724533
0.00416728
0.0011204
-0.00188715
-0.00485582
0.0532858
0.0503713
0.0474396
0.0444859
0.0415036
0.0384949
0.0354649
0.0324184
0.0293598
0.0262935
0.0232242
0.0201565
0.0170953
0.0140456
0.0110122
0.00800004
0.00501401
0.00205894
-0.000857532
-0.00373559
0.0529144
0.0500554
0.0471732
0.0442676
0.0413364
0.0383823
0.0354094
0.0324221
0.0294245
0.0264209
0.0234157
0.0204135
0.0174188
0.0144363
0.0114708
0.00852678
0.00560899
0.00272181
-0.000130048
-0.00294278
0.0527082
0.0498577
0.0469812
0.0440822
0.0411617
0.0382226
0.035269
0.032305
0.0293347
0.0263622
0.0233918
0.0204276
0.0174739
0.014535
0.0116152
0.00871878
0.00584979
0.0030126
0.000214024
-0.00254726
0.187602
0.188805
0.191346
0.194606
0.198362
0.202228
0.205836
0.208792
0.210664
0.211069
0.209541
0.205885
0.199364
0.190792
0.174217
0.186422
0.187515
0.189829
0.192764
0.196085
0.199403
0.202347
0.204524
0.205511
0.204944
0.202388
0.197688
0.190144
0.180705
0.164873
0.185168
0.186163
0.188255
0.190871
0.193771
0.196574
0.198912
0.200407
0.200659
0.199334
0.196041
0.190679
0.182637
0.173
0.158144
0.183824
0.184712
0.186564
0.188838
0.191292
0.193548
0.19525
0.196033
0.195522
0.193418
0.189377
0.183348
0.174838
0.164907
0.150596
0.182387
0.18316
0.184761
0.186677
0.188665
0.190359
0.19141
0.191473
0.190201
0.187329
0.182569
0.175914
0.166994
0.156783
0.142947
0.180854
0.181508
0.182848
0.184398
0.185912
0.187038
0.187441
0.186799
0.184795
0.181205
0.175797
0.168602
0.159374
0.14898
0.135627
0.179224
0.179754
0.180826
0.182
0.183034
0.183592
0.183356
0.18203
0.179333
0.17508
0.169099
0.161455
0.152009
0.14152
0.12864
0.177492
0.177896
0.178693
0.179485
0.180035
0.180027
0.179164
0.177178
0.173829
0.168971
0.16249
0.154479
0.144892
0.134379
0.121964
0.175659
0.175932
0.17645
0.176855
0.17692
0.176351
0.174878
0.172264
0.168308
0.162905
0.155995
0.147696
0.138036
0.127566
0.115613
0.173723
0.173864
0.174097
0.174113
0.173696
0.172578
0.170516
0.167308
0.162794
0.156911
0.149644
0.141132
0.13146
0.121096
0.109604
0.171685
0.171692
0.171639
0.171266
0.170372
0.16872
0.166096
0.162334
0.157316
0.151015
0.143461
0.134807
0.125181
0.114979
0.103949
0.169548
0.169419
0.169081
0.16832
0.166961
0.164793
0.161639
0.157367
0.1519
0.145247
0.137472
0.128742
0.119212
0.109222
0.0986524
0.167313
0.167049
0.166428
0.165287
0.163475
0.160816
0.157166
0.152431
0.146572
0.13963
0.131699
0.122954
0.113566
0.103828
0.0937176
0.164988
0.164589
0.163689
0.162178
0.159931
0.156808
0.152701
0.147552
0.141359
0.13419
0.126163
0.117456
0.108251
0.0987986
0.0891431
0.16258
0.162048
0.160876
0.159007
0.156346
0.152791
0.148268
0.142756
0.136286
0.128949
0.12088
0.11226
0.103271
0.0941307
0.0849244
0.160098
0.159436
0.158002
0.15579
0.15274
0.148786
0.143892
0.138069
0.131376
0.123927
0.115867
0.107376
0.0986298
0.0898197
0.0810541
0.157555
0.156768
0.155083
0.152546
0.149135
0.144819
0.139599
0.133515
0.126654
0.119142
0.111136
0.102807
0.0943262
0.0858584
0.0775225
0.154966
0.154058
0.152138
0.149297
0.145555
0.140916
0.135414
0.129119
0.122139
0.114612
0.106697
0.0985587
0.0903577
0.0822378
0.0743177
0.15235
0.151328
0.149187
0.146066
0.142025
0.137102
0.131364
0.124906
0.117852
0.11035
0.102557
0.0946311
0.0867193
0.0789471
0.0714266
0.149728
0.1486
0.146256
0.142881
0.138573
0.133407
0.127476
0.120898
0.113812
0.106368
0.0987226
0.0910236
0.0834045
0.0759744
0.0688347
0.147127
0.1459
0.143373
0.139769
0.135229
0.129858
0.123776
0.117118
0.110034
0.102677
0.0951979
0.087734
0.0804057
0.0733071
0.0665271
0.144575
0.143259
0.140569
0.136764
0.132025
0.126486
0.12029
0.113588
0.106536
0.099287
0.0919858
0.084759
0.0777143
0.0709324
0.0644889
0.142108
0.140711
0.137878
0.1339
0.128994
0.123322
0.117046
0.110329
0.103332
0.0962064
0.0890886
0.0820954
0.0753221
0.068838
0.0627055
0.139761
0.138295
0.135339
0.131215
0.126173
0.1204
0.114072
0.107365
0.100439
0.0934446
0.0865093
0.0797402
0.0732215
0.0670123
0.061163
0.13758
0.136052
0.132994
0.128751
0.123601
0.117753
0.111399
0.104718
0.0978742
0.0910116
0.0842516
0.0776917
0.0714062
0.0654454
0.0598494
0.13561
0.134032
0.130891
0.126553
0.12132
0.115421
0.109058
0.102415
0.0956558
0.0889199
0.0823218
0.0759507
0.0698724
0.06413
0.0587547
0.133906
0.132287
0.129081
0.12467
0.119377
0.113445
0.107086
0.100485
0.0938067
0.0871854
0.0807295
0.0745215
0.0686199
0.063062
0.0578719
0.132526
0.130874
0.127622
0.123158
0.117823
0.111873
0.105523
0.0989635
0.0923548
0.0858292
0.0794899
0.0734135
0.0676532
0.0622417
0.057198
0.131534
0.129859
0.126576
0.122078
0.116716
0.110757
0.104419
0.0978915
0.0913357
0.0848805
0.0786255
0.0726434
0.0669839
0.0616764
0.056737
0.131001
0.129312
0.126014
0.121499
0.116124
0.110161
0.10383
0.0973219
0.0907955
0.0843788
0.0781695
0.0722381
0.0666322
0.0613796
0.0564939
0.202633
0.204441
0.20857
0.214244
0.221406
0.229892
0.239529
0.250237
0.261908
0.274435
0.287703
0.301594
0.315975
0.330727
0.345647
0.202553
0.204357
0.208478
0.214141
0.221293
0.22975
0.239358
0.25003
0.261654
0.274122
0.287318
0.301122
0.315399
0.330031
0.344802
0.202392
0.204189
0.208295
0.213936
0.221057
0.229467
0.239019
0.249616
0.261146
0.273497
0.286549
0.30018
0.314248
0.328643
0.343115
0.202153
0.203938
0.208021
0.213628
0.220706
0.229044
0.23851
0.248997
0.260386
0.272562
0.285399
0.29877
0.312527
0.326565
0.34059
0.201834
0.203605
0.207658
0.21322
0.220237
0.228483
0.237836
0.248175
0.259377
0.27132
0.28387
0.296896
0.31024
0.323806
0.337238
0.201438
0.203191
0.207206
0.212713
0.219653
0.227786
0.236997
0.247153
0.258122
0.269775
0.281968
0.294565
0.307394
0.320375
0.333068
0.200966
0.202698
0.206669
0.212107
0.218956
0.226956
0.235997
0.245935
0.256625
0.267932
0.279698
0.291783
0.303997
0.316282
0.328095
0.200419
0.202128
0.206047
0.211408
0.218149
0.225996
0.23484
0.244523
0.254891
0.265796
0.277066
0.288559
0.30006
0.31154
0.322336
0.199799
0.201483
0.205343
0.210616
0.217234
0.224909
0.23353
0.242925
0.252925
0.263374
0.274082
0.284902
0.295594
0.306165
0.315809
0.199108
0.200766
0.20456
0.209698
0.21621
0.223699
0.23207
0.241143
0.250733
0.260672
0.270752
0.280821
0.29061
0.300173
0.308536
0.198349
0.199978
0.203706
0.20883
0.215087
0.22237
0.230467
0.239185
0.248323
0.2577
0.267086
0.276329
0.285124
0.293581
0.300541
0.197523
0.199123
0.202773
0.207743
0.213866
0.220927
0.228725
0.237056
0.245701
0.254464
0.263094
0.271438
0.279148
0.28641
0.291848
0.196633
0.198204
0.201764
0.206614
0.212556
0.219375
0.22685
0.234763
0.242875
0.250975
0.258787
0.266159
0.272699
0.278677
0.28248
0.195682
0.197225
0.2007
0.20541
0.211161
0.217719
0.224848
0.232312
0.239853
0.247241
0.254176
0.260506
0.265791
0.270403
0.272462
0.194672
0.196187
0.199607
0.204133
0.209683
0.215965
0.222726
0.229713
0.236646
0.243275
0.249275
0.254495
0.258446
0.261612
0.261818
0.193607
0.195091
0.198402
0.202789
0.208127
0.214115
0.220486
0.226969
0.233256
0.239081
0.24409
0.248134
0.25067
0.252309
0.25056
0.192491
0.193956
0.19715
0.201381
0.206492
0.212168
0.218127
0.224072
0.229674
0.234643
0.238599
0.241392
0.24243
0.242449
0.238642
0.191325
0.192774
0.195861
0.199932
0.204812
0.210168
0.2157
0.221089
0.225978
0.230054
0.232909
0.234388
0.233855
0.232167
0.226191
0.190115
0.19155
0.194547
0.19847
0.203133
0.208189
0.213319
0.218178
0.222384
0.225592
0.227371
0.227544
0.225434
0.222001
0.213813
0.188857
0.190238
0.193094
0.196805
0.201177
0.205848
0.210479
0.214703
0.218112
0.220338
0.22092
0.219666
0.215822
0.210412
0.199591
0.188857
0.190238
0.193094
0.196805
0.201177
0.205848
0.210479
0.214703
0.218112
0.220338
0.22092
0.219666
0.215822
0.210412
0.199591
0.190115
0.19155
0.194547
0.19847
0.203133
0.208189
0.213319
0.218178
0.222384
0.225592
0.227371
0.227544
0.225434
0.222001
0.213813
0.191325
0.192774
0.195861
0.199932
0.204812
0.210168
0.2157
0.221089
0.225978
0.230054
0.232909
0.234388
0.233855
0.232167
0.226191
0.192491
0.193956
0.19715
0.201381
0.206492
0.212168
0.218127
0.224072
0.229674
0.234643
0.238599
0.241392
0.24243
0.242449
0.238642
0.193607
0.195091
0.198402
0.202789
0.208127
0.214115
0.220486
0.226969
0.233256
0.239081
0.24409
0.248134
0.25067
0.252309
0.25056
0.194672
0.196187
0.199607
0.204133
0.209683
0.215965
0.222726
0.229713
0.236646
0.243275
0.249275
0.254495
0.258446
0.261612
0.261818
0.195682
0.197225
0.2007
0.20541
0.211161
0.217719
0.224848
0.232312
0.239853
0.247241
0.254176
0.260506
0.265791
0.270403
0.272462
0.196633
0.198204
0.201764
0.206614
0.212556
0.219375
0.22685
0.234763
0.242875
0.250975
0.258787
0.266159
0.272699
0.278677
0.28248
0.197523
0.199123
0.202773
0.207743
0.213866
0.220927
0.228725
0.237056
0.245701
0.254464
0.263094
0.271438
0.279148
0.28641
0.291848
0.198349
0.199978
0.203706
0.20883
0.215087
0.22237
0.230467
0.239185
0.248323
0.2577
0.267086
0.276329
0.285124
0.293581
0.300541
0.199108
0.200766
0.20456
0.209698
0.21621
0.223699
0.23207
0.241143
0.250733
0.260672
0.270752
0.280821
0.29061
0.300173
0.308536
0.199799
0.201483
0.205343
0.210616
0.217234
0.224909
0.23353
0.242925
0.252925
0.263374
0.274082
0.284902
0.295594
0.306165
0.315809
0.200419
0.202128
0.206047
0.211408
0.218149
0.225996
0.23484
0.244523
0.254891
0.265796
0.277066
0.288559
0.30006
0.31154
0.322336
0.200966
0.202698
0.206669
0.212107
0.218956
0.226956
0.235997
0.245935
0.256625
0.267932
0.279698
0.291783
0.303997
0.316282
0.328095
0.201438
0.203191
0.207206
0.212713
0.219653
0.227786
0.236997
0.247153
0.258122
0.269775
0.281968
0.294565
0.307394
0.320375
0.333068
0.201834
0.203605
0.207658
0.21322
0.220237
0.228483
0.237836
0.248175
0.259377
0.27132
0.28387
0.296896
0.31024
0.323806
0.337238
0.202153
0.203938
0.208021
0.213628
0.220706
0.229044
0.23851
0.248997
0.260386
0.272562
0.285399
0.29877
0.312527
0.326565
0.34059
0.202392
0.204189
0.208295
0.213936
0.221057
0.229467
0.239019
0.249616
0.261146
0.273497
0.286549
0.30018
0.314248
0.328643
0.343115
0.202553
0.204357
0.208478
0.214141
0.221293
0.22975
0.239358
0.25003
0.261654
0.274122
0.287318
0.301122
0.315399
0.330031
0.344802
0.202633
0.204441
0.20857
0.214244
0.221406
0.229892
0.239529
0.250237
0.261908
0.274435
0.287703
0.301594
0.315975
0.330727
0.345647
0.131001
0.129312
0.126014
0.121499
0.116124
0.110161
0.10383
0.0973219
0.0907955
0.0843788
0.0781695
0.0722381
0.0666322
0.0613796
0.0564939
0.131534
0.129859
0.126576
0.122078
0.116716
0.110757
0.104419
0.0978915
0.0913357
0.0848805
0.0786255
0.0726434
0.0669839
0.0616764
0.056737
0.132526
0.130874
0.127622
0.123158
0.117823
0.111873
0.105523
0.0989635
0.0923548
0.0858292
0.0794899
0.0734135
0.0676532
0.0622417
0.057198
0.133906
0.132287
0.129081
0.12467
0.119377
0.113445
0.107086
0.100485
0.0938067
0.0871854
0.0807295
0.0745215
0.0686199
0.063062
0.0578719
0.13561
0.134032
0.130891
0.126553
0.12132
0.115421
0.109058
0.102415
0.0956558
0.0889199
0.0823218
0.0759507
0.0698724
0.06413
0.0587547
0.13758
0.136052
0.132994
0.128751
0.123601
0.117753
0.111399
0.104718
0.0978742
0.0910116
0.0842516
0.0776917
0.0714062
0.0654454
0.0598494
0.139761
0.138295
0.135339
0.131215
0.126173
0.1204
0.114072
0.107365
0.100439
0.0934446
0.0865093
0.0797402
0.0732215
0.0670123
0.061163
0.142108
0.140711
0.137878
0.1339
0.128994
0.123322
0.117046
0.110329
0.103332
0.0962064
0.0890886
0.0820954
0.0753221
0.068838
0.0627054
0.144575
0.143259
0.140569
0.136764
0.132025
0.126486
0.12029
0.113588
0.106536
0.099287
0.0919858
0.084759
0.0777143
0.0709324
0.0644889
0.147127
0.1459
0.143373
0.139769
0.135229
0.129858
0.123776
0.117118
0.110034
0.102677
0.0951979
0.087734
0.0804057
0.0733071
0.0665271
0.149728
0.1486
0.146256
0.142881
0.138573
0.133407
0.127476
0.120898
0.113812
0.106368
0.0987226
0.0910236
0.0834045
0.0759744
0.0688347
0.15235
0.151328
0.149187
0.146066
0.142025
0.137102
0.131364
0.124906
0.117852
0.11035
0.102557
0.0946311
0.0867193
0.0789471
0.0714266
0.154966
0.154058
0.152138
0.149297
0.145555
0.140916
0.135414
0.129119
0.122139
0.114612
0.106697
0.0985587
0.0903577
0.0822378
0.0743177
0.157555
0.156768
0.155083
0.152546
0.149135
0.144819
0.139599
0.133515
0.126654
0.119142
0.111136
0.102807
0.0943262
0.0858584
0.0775225
0.160098
0.159436
0.158002
0.15579
0.15274
0.148786
0.143892
0.138069
0.131376
0.123927
0.115867
0.107376
0.0986298
0.0898197
0.0810541
0.16258
0.162048
0.160876
0.159007
0.156346
0.152791
0.148268
0.142756
0.136286
0.128949
0.12088
0.11226
0.103271
0.0941307
0.0849244
0.164988
0.164589
0.163689
0.162178
0.159931
0.156808
0.152701
0.147552
0.141359
0.13419
0.126163
0.117456
0.108251
0.0987986
0.0891431
0.167313
0.167049
0.166428
0.165287
0.163475
0.160816
0.157166
0.152431
0.146572
0.13963
0.131699
0.122954
0.113566
0.103828
0.0937176
0.169548
0.169419
0.169081
0.16832
0.166961
0.164793
0.161639
0.157367
0.1519
0.145247
0.137472
0.128742
0.119212
0.109222
0.0986524
0.171685
0.171692
0.171639
0.171265
0.170372
0.16872
0.166096
0.162334
0.157316
0.151015
0.143461
0.134807
0.125181
0.114979
0.103949
0.173723
0.173864
0.174097
0.174113
0.173696
0.172578
0.170516
0.167308
0.162794
0.156911
0.149644
0.141132
0.13146
0.121096
0.109604
0.175659
0.175932
0.17645
0.176855
0.17692
0.176351
0.174878
0.172264
0.168308
0.162905
0.155995
0.147696
0.138036
0.127566
0.115613
0.177492
0.177896
0.178693
0.179485
0.180035
0.180027
0.179164
0.177178
0.173829
0.168971
0.16249
0.154479
0.144892
0.134379
0.121964
0.179224
0.179754
0.180826
0.182
0.183034
0.183592
0.183356
0.18203
0.179333
0.17508
0.169099
0.161455
0.152009
0.14152
0.12864
0.180854
0.181508
0.182848
0.184398
0.185912
0.187038
0.187441
0.186799
0.184795
0.181205
0.175797
0.168602
0.159374
0.14898
0.135627
0.182387
0.18316
0.184761
0.186677
0.188665
0.190359
0.19141
0.191473
0.190201
0.187329
0.182569
0.175914
0.166994
0.156783
0.142947
0.183824
0.184712
0.186564
0.188838
0.191292
0.193548
0.19525
0.196033
0.195522
0.193418
0.189377
0.183348
0.174838
0.164907
0.150596
0.185168
0.186163
0.188255
0.19087
0.193771
0.196574
0.198912
0.200407
0.200659
0.199334
0.196041
0.190679
0.182637
0.173
0.158144
0.186422
0.187515
0.189829
0.192764
0.196085
0.199403
0.202347
0.204524
0.205511
0.204944
0.202388
0.197688
0.190144
0.180705
0.164873
0.187602
0.188805
0.191346
0.194606
0.198362
0.202228
0.205836
0.208792
0.210664
0.211069
0.209541
0.205885
0.199364
0.190792
0.174217
0.0527082
0.0498577
0.0469812
0.0440822
0.0411617
0.0382226
0.035269
0.032305
0.0293347
0.0263622
0.0233918
0.0204276
0.0174739
0.014535
0.0116152
0.00871878
0.00584979
0.0030126
0.000214024
-0.00254726
0.0529144
0.0500554
0.0471732
0.0442676
0.0413364
0.0383823
0.0354094
0.0324221
0.0294245
0.0264209
0.0234157
0.0204135
0.0174188
0.0144363
0.0114708
0.00852678
0.00560899
0.00272181
-0.000130048
-0.00294278
0.0532858
0.0503713
0.0474396
0.0444859
0.0415036
0.0384949
0.0354649
0.0324184
0.0293598
0.0262935
0.0232242
0.0201565
0.0170953
0.0140456
0.0110122
0.00800004
0.00501401
0.00205894
-0.000857532
-0.00373559
0.0538293
0.0508238
0.0478115
0.0447817
0.0417211
0.0386309
0.0355173
0.0323855
0.0292402
0.0260857
0.022927
0.0197689
0.0166166
0.0134751
0.0103496
0.00724533
0.00416728
0.0011204
-0.00188715
-0.00485582
0.0545439
0.0514126
0.0482879
0.045153
0.0419857
0.038786
0.0355611
0.0323172
0.0290588
0.0257906
0.0225174
0.0192446
0.0159773
0.0127208
0.00948061
0.00626202
0.00307021
-8.99143e-05
-0.00320724
-0.0062862
0.0554383
0.0521484
0.0488805
0.0456126
0.0423118
0.0389759
0.0356137
0.0322321
0.0288358
0.0254295
0.0220183
0.0186074
0.0152023
0.0118085
0.00843138
0.00507646
0.0017485
-0.00154783
-0.00479363
-0.00800195
0.0565238
0.0530433
0.0496013
0.0461726
0.0427113
0.0392129
0.0356875
0.0321429
0.0285841
0.0250157
0.0214429
0.0178713
0.0143065
0.0107541
0.00721998
0.00370993
0.000230305
-0.00321172
-0.00662299
-0.00998513
0.0578151
0.0541125
0.0504644
0.0468464
0.0431978
0.0395102
0.0357955
0.0320626
0.0283165
0.0245618
0.0208039
0.0170483
0.0133009
0.00956745
0.00585374
0.00216555
-0.00149111
-0.00510913
-0.0086884
-0.0122184
0.0593288
0.0553724
0.0514852
0.0476488
0.0437853
0.0398815
0.0359509
0.0320039
0.0280454
0.0240801
0.0201133
0.0161508
0.0121985
0.00826222
0.00434798
0.000461675
-0.00339058
-0.00720138
-0.010971
-0.0146895
0.0610834
0.0568409
0.0526798
0.0485947
0.0444881
0.0403403
0.0361668
0.0319792
0.0277828
0.023582
0.0193821
0.0151891
0.011009
0.00684778
0.00271138
-0.00139416
-0.00546267
-0.00948623
-0.0134656
-0.0173911
0.0630982
0.0585367
0.0540649
0.0496998
0.045321
0.0409006
0.0364559
0.0320006
0.0275399
0.0230781
0.0186204
0.014173
0.00974184
0.00533301
0.000952598
-0.00339336
-0.00769864
-0.0119546
-0.0161633
-0.0203147
0.0653934
0.0604786
0.0556576
0.0509799
0.0462989
0.041576
0.0368312
0.0320801
0.027328
0.0225788
0.0178379
0.0131113
0.00840526
0.00372577
-0.00092098
-0.00552893
-0.0100918
-0.0146001
-0.0190576
-0.0234538
0.067989
0.0626854
0.0574746
0.0524509
0.0474366
0.0423805
0.0373054
0.0322294
0.0271578
0.0220941
0.0170436
0.0120125
0.00700697
0.00203313
-0.0029028
-0.00779475
-0.0126365
-0.017417
-0.0221429
-0.0268029
0.0709051
0.0651757
0.0595327
0.0541285
0.048749
0.0433277
0.037891
0.03246
0.0270399
0.0216336
0.0162464
0.0108845
0.00555411
0.000261545
-0.00498701
-0.0101855
-0.0153277
-0.0204005
-0.0254147
-0.0303574
0.0741608
0.0679667
0.0618477
0.0560283
0.0502508
0.0444311
0.0386004
0.0327834
0.0269848
0.0212067
0.0154546
0.0097347
0.00405344
-0.001583
-0.00716832
-0.0126964
-0.0181614
-0.0235465
-0.0288687
-0.0341134
0.0777743
0.0710749
0.064435
0.0581654
0.0519563
0.0457039
0.0394458
0.0332107
0.0270025
0.0208226
0.0146764
0.00857058
0.00251139
-0.00349489
-0.00944189
-0.0153235
-0.0211344
-0.0268515
-0.0325019
-0.0380678
0.0817619
0.0745147
0.0673086
0.0605545
0.0538795
0.0471588
0.0404391
0.033753
0.0271031
0.0204902
0.01392
0.00739918
0.000934197
-0.00546868
-0.0118029
-0.0180624
-0.0242433
-0.0303116
-0.0363109
-0.0422175
0.0861381
0.0782985
0.0704815
0.0632093
0.0560335
0.0488083
0.0415919
0.0344211
0.0272965
0.0202185
0.0131931
0.00622742
-0.000672136
-0.00749929
-0.0142473
-0.0209097
-0.0274838
-0.0339228
-0.0402928
-0.0465603
0.0909147
0.0824364
0.073965
0.0661425
0.0584307
0.0506639
0.0429154
0.0352254
0.0275923
0.020016
0.0125035
0.00506212
-0.0023014
-0.00958089
-0.0167714
-0.0238767
-0.0309145
-0.0377101
-0.0444576
-0.0510981
0.0961006
0.0869351
0.0777685
0.0693656
0.0610822
0.0527365
0.0444203
0.0361762
0.0279998
0.0198912
0.0118584
0.00390962
-0.00394776
-0.011706
-0.0193562
-0.0268831
-0.0342481
-0.0416121
-0.0487956
-0.0558253
0.101701
0.091798
0.0818995
0.0728888
0.063998
0.0550362
0.046117
0.0372835
0.0285282
0.0198523
0.011265
0.00277521
-0.00560914
-0.0138798
-0.0220288
-0.0300484
-0.037908
-0.0456944
-0.0533004
-0.0607413
0.107717
0.0970244
0.0863632
0.0767203
0.0671863
0.057572
0.0480151
0.0385567
0.0291866
0.0199077
0.0107308
0.00166562
-0.00727921
-0.0160946
-0.0247718
-0.0333034
-0.0416545
-0.0499059
-0.0579669
-0.0658438
0.114143
0.102608
0.0911622
0.0808661
0.0706535
0.0603516
0.0501235
0.0400049
0.0299835
0.0200654
0.0102632
0.000587412
-0.00895209
-0.0183449
-0.0275808
-0.0366527
-0.0455191
-0.0542636
-0.0628027
-0.0711351
0.120965
0.108537
0.0962963
0.0853296
0.0744038
0.0633817
0.0524503
0.0416362
0.0309272
0.0203334
0.00986929
-0.0004533
-0.0106229
-0.0206274
-0.0304549
-0.0400989
-0.0495048
-0.0587698
-0.0678093
-0.0766165
0.128158
0.114789
0.101763
0.0901125
0.0784406
0.0666698
0.0550042
0.0434596
0.0320264
0.0207198
0.0095563
-0.00145034
-0.0122866
-0.0229385
-0.0333918
-0.0436422
-0.0536109
-0.0634241
-0.0729877
-0.0822893
0.135688
0.121334
0.107552
0.0952035
0.0827555
0.0702121
0.0577835
0.0454742
0.033281
0.0212247
0.00932436
-0.00240373
-0.0139435
-0.0252786
-0.0363896
-0.0472773
-0.0578339
-0.0682276
-0.0783403
-0.0881558
0.143498
0.128129
0.113639
0.10057
0.0873192
0.0739861
0.0607691
0.0476644
0.0346783
0.0218373
0.00916408
-0.0033218
-0.0156013
-0.0276552
-0.0394613
-0.0510293
-0.0621911
-0.0731882
-0.0838713
-0.0942185
0.151457
0.135237
0.120154
0.106338
0.0922597
0.0781138
0.0640718
0.0501301
0.0363071
0.0226354
0.00914188
-0.00414891
-0.0172134
-0.0300305
-0.0426122
-0.0551051
-0.0667226
-0.0783052
-0.0895699
-0.100467
0.159127
0.142666
0.127242
0.112681
0.0977694
0.0827796
0.0678603
0.0530242
0.0383054
0.023743
0.00936983
-0.00478418
-0.0186905
-0.032319
-0.0456116
-0.0583308
-0.0712313
-0.0835235
-0.095397
-0.106879
0.164133
0.147872
0.132467
0.117373
0.101863
0.0862201
0.0705836
0.0549954
0.039506
0.0241643
0.009011
-0.0059176
-0.0205888
-0.0349743
-0.049042
-0.0626572
-0.0760585
-0.0889696
-0.10146
-0.113533
-0.00526692
-0.00793946
-0.0105609
-0.0131281
-0.015638
-0.0180874
-0.0204736
-0.0227938
-0.0250456
-0.0272265
-0.0293345
-0.0313676
-0.0333242
-0.0352027
-0.0370017
-0.0387203
-0.0403574
-0.0419124
-0.0433845
-0.0447736
-0.00571158
-0.0084322
-0.0111008
-0.0137137
-0.0162672
-0.0187581
-0.0211832
-0.0235397
-0.0258247
-0.0280359
-0.0301712
-0.0322285
-0.0342063
-0.036103
-0.0379174
-0.0396487
-0.0412961
-0.0428592
-0.0443368
-0.0457305
-0.00657006
-0.0093554
-0.0120872
-0.0147616
-0.017375
-0.0199238
-0.0224049
-0.0248152
-0.0271519
-0.0294126
-0.0315951
-0.0336975
-0.0357181
-0.0376557
-0.039509
-0.0412772
-0.0429599
-0.0445566
-0.0460651
-0.0474897
-0.00777973
-0.010653
-0.013471
-0.01623
-0.018926
-0.0215555
-0.024115
-0.0266014
-0.0290119
-0.031344
-0.0335955
-0.0357644
-0.0378491
-0.0398483
-0.041761
-0.0435863
-0.045324
-0.0469735
-0.0485311
-0.0500044
-0.00931977
-0.0123009
-0.0152249
-0.0180878
-0.0208857
-0.0236148
-0.0262717
-0.0288531
-0.0313563
-0.0337785
-0.0361177
-0.0383718
-0.0405393
-0.0426188
-0.0446095
-0.0465106
-0.048322
-0.0500429
-0.0516676
-0.0532077
-0.0111642
-0.0142723
-0.0173212
-0.0203069
-0.0232254
-0.0260729
-0.0288456
-0.0315405
-0.0341546
-0.0366853
-0.0391304
-0.0414879
-0.0437563
-0.0459343
-0.048021
-0.0500158
-0.0519187
-0.0537289
-0.0554378
-0.057061
-0.0132945
-0.0165476
-0.0197399
-0.0228668
-0.0259241
-0.0289078
-0.0318143
-0.0346403
-0.0373829
-0.0400395
-0.0426079
-0.0450861
-0.0474727
-0.0497663
-0.0519662
-0.0540718
-0.0560834
-0.0580001
-0.0598098
-0.0615313
-0.0156943
-0.0191115
-0.0224654
-0.0257514
-0.028965
-0.0321024
-0.0351599
-0.0381341
-0.0410223
-0.0438217
-0.0465302
-0.049146
-0.0516674
-0.0540934
-0.0564232
-0.0586563
-0.0607932
-0.062833
-0.0647599
-0.0665943
-0.018351
-0.0219509
-0.0254845
-0.0289471
-0.0323345
-0.0356427
-0.0388681
-0.0420073
-0.0450576
-0.0480163
-0.0508813
-0.0536509
-0.0563235
-0.0588982
-0.0613741
-0.063751
-0.0660296
-0.068209
-0.0702691
-0.0722303
-0.0212564
-0.0250568
-0.0287876
-0.0324442
-0.0360223
-0.0395179
-0.0429276
-0.046248
-0.0494764
-0.0526104
-0.0556478
-0.058587
-0.0614267
-0.0641659
-0.066804
-0.0693408
-0.0717771
-0.0741126
-0.0763222
-0.0784233
-0.0244022
-0.0284209
-0.0323662
-0.0362337
-0.0400191
-0.0437185
-0.0473284
-0.0508458
-0.054268
-0.0575927
-0.0608179
-0.0639422
-0.0669644
-0.0698838
-0.0726997
-0.0754122
-0.0780223
-0.0805305
-0.0829065
-0.085161
-0.0277817
-0.0320364
-0.0362134
-0.0403084
-0.0443172
-0.0482362
-0.0520619
-0.0557915
-0.0594225
-0.0629527
-0.0663806
-0.0697049
-0.0729246
-0.0760392
-0.0790486
-0.0819527
-0.084753
-0.0874508
-0.0900113
-0.0924341
-0.0313894
-0.0358975
-0.0403231
-0.0446618
-0.0489098
-0.0530636
-0.0571199
-0.0610761
-0.0649301
-0.0686801
-0.0723248
-0.0758632
-0.0792948
-0.0826196
-0.0858377
-0.0889494
-0.0919567
-0.0948621
-0.0976273
-0.100237
-0.0352205
-0.0399993
-0.0446899
-0.0492882
-0.0537905
-0.0581934
-0.0624943
-0.0666908
-0.0707812
-0.074764
-0.0786385
-0.0824044
-0.0860616
-0.0896108
-0.0930526
-0.0963882
-0.0996201
-0.102752
-0.105746
-0.108567
-0.0392712
-0.0443376
-0.0493092
-0.0541821
-0.0589529
-0.0636188
-0.0681772
-0.0726263
-0.076965
-0.0811926
-0.0853088
-0.0893142
-0.0932097
-0.0969966
-0.100677
-0.104253
-0.107728
-0.111108
-0.114356
-0.117424
-0.0435379
-0.0489084
-0.0541765
-0.0593385
-0.0643912
-0.0693323
-0.0741599
-0.0788728
-0.0834703
-0.0879528
-0.0923209
-0.0965763
-0.100721
-0.104758
-0.108691
-0.112523
-0.11626
-0.119911
-0.123445
-0.126809
-0.0480177
-0.0537086
-0.0592878
-0.0647524
-0.0700994
-0.075327
-0.0804338
-0.0854196
-0.0902846
-0.0950301
-0.0996581
-0.104172
-0.108575
-0.112872
-0.117069
-0.121173
-0.125192
-0.129137
-0.13299
-0.136717
-0.0527081
-0.058735
-0.0646396
-0.0704193
-0.0760716
-0.0815952
-0.0869897
-0.0922556
-0.0973943
-0.102408
-0.107302
-0.112079
-0.116747
-0.121312
-0.125784
-0.130173
-0.134492
-0.138755
-0.142961
-0.147138
-0.0576082
-0.0639858
-0.0702289
-0.076335
-0.0823023
-0.0881299
-0.0938183
-0.099369
-0.104785
-0.11007
-0.115231
-0.120274
-0.125208
-0.130045
-0.134799
-0.139483
-0.144118
-0.148722
-0.153308
-0.158046
-0.0627139
-0.0694577
-0.0760524
-0.0824955
-0.088786
-0.0949238
-0.10091
-0.106748
-0.112441
-0.117997
-0.123422
-0.128728
-0.133927
-0.139035
-0.14407
-0.149055
-0.154018
-0.158981
-0.163969
-0.169402
-0.0680264
-0.0751503
-0.0821081
-0.0888976
-0.095518
-0.10197
-0.108256
-0.11438
-0.120348
-0.126168
-0.131851
-0.137411
-0.142865
-0.148235
-0.153546
-0.158829
-0.164123
-0.16946
-0.17486
-0.181146
-0.0735437
-0.081062
-0.0883943
-0.0955384
-0.102494
-0.109262
-0.115847
-0.122252
-0.128487
-0.134561
-0.140489
-0.146288
-0.151982
-0.157597
-0.163168
-0.168735
-0.174355
-0.18007
-0.185876
-0.1932
-0.0792665
-0.087193
-0.0949102
-0.102416
-0.10971
-0.116794
-0.123673
-0.130351
-0.13684
-0.143152
-0.149305
-0.155321
-0.161228
-0.167063
-0.17287
-0.1787
-0.184628
-0.190716
-0.1969
-0.205471
-0.085196
-0.0935439
-0.101656
-0.109529
-0.117163
-0.124559
-0.131724
-0.138663
-0.145387
-0.151914
-0.158262
-0.164461
-0.170545
-0.17656
-0.182563
-0.188623
-0.194838
-0.20129
-0.207822
-0.217875
-0.0913333
-0.100115
-0.10863
-0.116875
-0.124848
-0.132553
-0.139992
-0.147175
-0.154113
-0.160825
-0.167333
-0.17367
-0.179878
-0.186013
-0.192146
-0.19837
-0.204816
-0.211607
-0.218472
-0.230278
-0.0976801
-0.106908
-0.115833
-0.124452
-0.132763
-0.140768
-0.14847
-0.155878
-0.163006
-0.169872
-0.176503
-0.182935
-0.189216
-0.195409
-0.201599
-0.207893
-0.214461
-0.221477
-0.228619
-0.242463
-0.104236
-0.113918
-0.123257
-0.132248
-0.140888
-0.149178
-0.157121
-0.164727
-0.172009
-0.178988
-0.185696
-0.192174
-0.19848
-0.204691
-0.210905
-0.21725
-0.22392
-0.231098
-0.238451
-0.254387
-0.110993
-0.121137
-0.130889
-0.140243
-0.149194
-0.157739
-0.165881
-0.173626
-0.180988
-0.187989
-0.194663
-0.201063
-0.207261
-0.213361
-0.219505
-0.225882
-0.232766
-0.240377
-0.248454
-0.26642
-0.117944
-0.128576
-0.138763
-0.148493
-0.157759
-0.166553
-0.174872
-0.182718
-0.190095
-0.197021
-0.203523
-0.209651
-0.215483
-0.221138
-0.226799
-0.23273
-0.239332
-0.247043
-0.256223
-0.275872
-0.12516
-0.136316
-0.146989
-0.157168
-0.166841
-0.175997
-0.184629
-0.192731
-0.200299
-0.207337
-0.213853
-0.219871
-0.225433
-0.230611
-0.235524
-0.24036
-0.245415
-0.251058
-0.258278
-0.274584
-0.0463686
-0.0481159
-0.0497423
-0.051226
-0.0525443
-0.0536706
-0.0545764
-0.0552332
-0.0556135
-0.0556907
-0.0554411
-0.0548443
-0.0538848
-0.0525531
-0.0508474
-0.0487742
-0.0463496
-0.0435997
-0.0405605
-0.0372778
-0.0338042
-0.0302015
-0.0265254
-0.0228522
-0.0192001
-0.0156999
-0.0121854
-0.00910127
-0.00547133
-0.00324482
-0.0473646
-0.0491212
-0.05073
-0.0521923
-0.0534893
-0.0545905
-0.0554654
-0.0560856
-0.0564237
-0.0564533
-0.0561509
-0.0554965
-0.0544752
-0.0530785
-0.0513053
-0.0491634
-0.0466702
-0.0438532
-0.0407498
-0.0374075
-0.0338802
-0.0302314
-0.0265171
-0.0228162
-0.0191435
-0.0156385
-0.0121152
-0.00905751
-0.00540634
-0.00326224
-0.0492176
-0.051
-0.0525801
-0.0540054
-0.0552641
-0.0563194
-0.0571367
-0.0576877
-0.0579455
-0.0578847
-0.057482
-0.0567185
-0.0555804
-0.0540606
-0.0521601
-0.0498887
-0.0472663
-0.044323
-0.0410992
-0.0376452
-0.0340176
-0.0302825
-0.0264977
-0.0227445
-0.019036
-0.0155173
-0.0119896
-0.00895953
-0.00531731
-0.00325864
-0.0518679
-0.053683
-0.0552185
-0.056588
-0.0577899
-0.0587779
-0.0595096
-0.0599589
-0.0601
-0.0599082
-0.0593611
-0.0584407
-0.057135
-0.0554392
-0.0533569
-0.0509012
-0.0480952
-0.0449732
-0.0415792
-0.0379677
-0.034199
-0.0303431
-0.02646
-0.0226343
-0.0188775
-0.0153398
-0.0118102
-0.00881493
-0.00519871
-0.00323699
-0.0552491
-0.0571025
-0.0585764
-0.0598714
-0.0609969
-0.0618928
-0.0625142
-0.0628315
-0.0628211
-0.0624597
-0.0617258
-0.0606033
-0.0590824
-0.0571614
-0.0548472
-0.0521569
-0.0491182
-0.0457699
-0.0421613
-0.0383519
-0.0344069
-0.0304004
-0.0263959
-0.022481
-0.0186666
-0.0151066
-0.0115788
-0.00862629
-0.00505066
-0.00319874
-0.0593196
-0.0612132
-0.062606
-0.0638064
-0.0648358
-0.0656173
-0.0660984
-0.0662512
-0.066054
-0.0654844
-0.0645226
-0.0631544
-0.0613731
-0.0591804
-0.0565875
-0.0536162
-0.0502995
-0.0466821
-0.0428192
-0.0387763
-0.034624
-0.0304419
-0.0262967
-0.0222799
-0.0184011
-0.0148178
-0.0112971
-0.00839468
-0.0048753
-0.00314345
-0.0640458
-0.065978
-0.0672674
-0.0683512
-0.0692624
-0.069904
-0.0702155
-0.0701709
-0.069751
-0.0689349
-0.0677045
-0.0660483
-0.0639629
-0.0614543
-0.0585385
-0.0552429
-0.0516068
-0.0476813
-0.0435285
-0.0392206
-0.0348347
-0.0304557
-0.0261546
-0.0220259
-0.0180792
-0.0144731
-0.0109663
-0.00812113
-0.00467466
-0.00307019
-0.0694022
-0.0713677
-0.0725282
-0.0734711
-0.0742401
-0.0747143
-0.0748248
-0.0745487
-0.0738695
-0.0727684
-0.0712292
-0.0692434
-0.0668118
-0.0639451
-0.0606648
-0.0570046
-0.0530107
-0.0487417
-0.0442672
-0.0396668
-0.0350245
-0.0304311
-0.0259622
-0.021715
-0.0176992
-0.0140725
-0.0105879
-0.00780673
-0.00445072
-0.00297794
-0.0753687
-0.0773575
-0.0783599
-0.0791357
-0.0797368
-0.0800137
-0.0798899
-0.0793465
-0.0783709
-0.076946
-0.075058
-0.0727021
-0.0698836
-0.0666183
-0.0629342
-0.0588717
-0.0544848
-0.0498401
-0.0450154
-0.0400985
-0.0351807
-0.030359
-0.0257136
-0.0213437
-0.0172601
-0.0136164
-0.0101638
-0.00745274
-0.00420567
-0.00286562
-0.0819287
-0.0839257
-0.0847362
-0.0853156
-0.0857209
-0.085769
-0.0853757
-0.0845282
-0.0832185
-0.0814312
-0.0791551
-0.0763895
-0.0731447
-0.0694424
-0.0653173
-0.0608175
-0.0560052
-0.0509556
-0.0457558
-0.0405017
-0.0352927
-0.0302317
-0.0254041
-0.0209099
-0.0167619
-0.0131059
-0.00969638
-0.00706068
-0.003942
-0.00273213
-0.0890675
-0.0910513
-0.0916319
-0.0919833
-0.0921608
-0.0919459
-0.0912473
-0.0900592
-0.0883776
-0.0861895
-0.0834867
-0.080273
-0.0765642
-0.0723884
-0.0677875
-0.0628178
-0.0575505
-0.0520701
-0.046473
-0.0408643
-0.0353514
-0.0300433
-0.0250305
-0.0204125
-0.0162055
-0.0125426
-0.00918838
-0.00663238
-0.00366244
-0.00257644
-0.096771
-0.0987121
-0.0990206
-0.0991101
-0.0990271
-0.0985126
-0.0974714
-0.0959053
-0.0938143
-0.0911875
-0.0880204
-0.0843217
-0.0801129
-0.0754292
-0.0703201
-0.0648507
-0.0591016
-0.0531673
-0.0471541
-0.0411763
-0.0353498
-0.0297892
-0.0245907
-0.0198514
-0.0155926
-0.0119291
-0.0086432
-0.00616999
-0.00336996
-0.00239768
-0.105023
-0.106882
-0.106873
-0.106666
-0.106288
-0.105436
-0.104014
-0.102032
-0.0994947
-0.0963925
-0.0927249
-0.0885059
-0.0837635
-0.0785397
-0.0728925
-0.0668963
-0.0606414
-0.054233
-0.0477877
-0.0414293
-0.0352824
-0.0294667
-0.0240843
-0.0192279
-0.0149258
-0.0112682
-0.00806456
-0.00567602
-0.00306764
-0.00219524
-0.1138
-0.115528
-0.115155
-0.114616
-0.113908
-0.11268
-0.110839
-0.108405
-0.105384
-0.101771
-0.097569
-0.0927968
-0.0874892
-0.0816959
-0.0754836
-0.0689361
-0.0621547
-0.055255
-0.0483646
-0.0416168
-0.0351454
-0.0290742
-0.0235119
-0.018544
-0.0142084
-0.0105637
-0.00745655
-0.00515326
-0.00275861
-0.00196883
-0.123073
-0.124607
-0.123825
-0.122921
-0.121846
-0.120204
-0.117906
-0.114985
-0.111448
-0.107291
-0.102521
-0.0971655
-0.0912641
-0.0848748
-0.0780731
-0.0709534
-0.0636274
-0.0562223
-0.0488769
-0.0417339
-0.0349364
-0.0286116
-0.022875
-0.0178025
-0.0134445
-0.00981938
-0.00682345
-0.00460479
-0.00244592
-0.00171861
-0.132795
-0.134064
-0.132837
-0.131537
-0.130057
-0.127963
-0.125176
-0.121734
-0.117648
-0.112916
-0.10755
-0.101583
-0.0950622
-0.0880535
-0.0806419
-0.0729319
-0.0650469
-0.0571254
-0.049318
-0.0417768
-0.0346541
-0.0280797
-0.0221765
-0.0170073
-0.0126385
-0.00903985
-0.00616965
-0.00403395
-0.00213245
-0.00144523
-0.142905
-0.14383
-0.142132
-0.140411
-0.138492
-0.13591
-0.132601
-0.128608
-0.123945
-0.118609
-0.112622
-0.106019
-0.0988574
-0.0912098
-0.083171
-0.0748565
-0.0664014
-0.057956
-0.0496827
-0.0417429
-0.0342985
-0.0274805
-0.0214196
-0.0161627
-0.0117951
-0.00822977
-0.00549955
-0.00344424
-0.00182078
-0.00114986
-0.15332
-0.153822
-0.151645
-0.149486
-0.147093
-0.143993
-0.140132
-0.135563
-0.130295
-0.124333
-0.117701
-0.110444
-0.102623
-0.0943208
-0.0856419
-0.0767126
-0.06768
-0.0587065
-0.0499666
-0.0416308
-0.0338704
-0.0268164
-0.0206083
-0.0152733
-0.0109196
-0.00739404
-0.00481741
-0.0028393
-0.0015132
-0.000834207
-0.163934
-0.163943
-0.161306
-0.158696
-0.155801
-0.152153
-0.147719
-0.142549
-0.136655
-0.130046
-0.122752
-0.114824
-0.106331
-0.0973641
-0.0880364
-0.0784861
-0.0688726
-0.0593705
-0.0501664
-0.0414398
-0.0333715
-0.026091
-0.0197471
-0.0143443
-0.010017
-0.00653768
-0.00412733
-0.00222282
-0.00121156
-0.00050049
-0.174623
-0.174089
-0.171037
-0.167974
-0.164549
-0.160332
-0.155305
-0.149515
-0.142977
-0.135705
-0.127737
-0.119129
-0.109956
-0.100317
-0.0903366
-0.0801636
-0.0699697
-0.0599421
-0.0502797
-0.0411702
-0.032804
-0.0253081
-0.0188409
-0.013381
-0.00909268
-0.00566567
-0.00343314
-0.00159856
-0.000917331
-0.000151343
-0.185243
-0.184154
-0.180766
-0.177249
-0.173271
-0.168468
-0.162833
-0.156408
-0.149212
-0.141268
-0.132618
-0.123324
-0.113468
-0.103157
-0.0925254
-0.0817324
-0.0709631
-0.0604167
-0.0503048
-0.0408229
-0.032171
-0.024472
-0.0178948
-0.012389
-0.00815159
-0.00478296
-0.0027384
-0.000970267
-0.000631526
0.000210246
-0.195638
-0.194036
-0.190422
-0.186452
-0.181901
-0.176501
-0.170244
-0.163172
-0.15531
-0.146689
-0.137356
-0.127378
-0.116842
-0.105864
-0.0945867
-0.0831813
-0.0718455
-0.0607907
-0.050241
-0.0403997
-0.0314759
-0.0235875
-0.0169141
-0.0113737
-0.00719874
-0.00389433
-0.00204633
-0.000341577
-0.000354692
0.000580908
-0.205644
-0.203651
-0.199946
-0.195517
-0.190375
-0.18437
-0.177482
-0.169754
-0.161223
-0.151926
-0.141915
-0.131259
-0.120053
-0.108418
-0.0965063
-0.0845005
-0.0726109
-0.0610616
-0.0500888
-0.0399031
-0.0307227
-0.0226594
-0.0159038
-0.0103403
-0.00623879
-0.00300428
-0.0013598
0.000284077
-8.70073e-05
0.000957116
-0.215149
-0.212951
-0.209291
-0.204385
-0.198637
-0.192016
-0.184488
-0.1761
-0.166903
-0.156938
-0.14626
-0.134941
-0.12308
-0.110803
-0.0982722
-0.0856821
-0.0732554
-0.0612282
-0.0498494
-0.0393361
-0.0299158
-0.0216929
-0.0148694
-0.00929429
-0.00527613
-0.00211708
-0.000681322
0.000903481
0.000171605
0.00133534
-0.223951
-0.22192
-0.218427
-0.213001
-0.206629
-0.199385
-0.191207
-0.18216
-0.172305
-0.161687
-0.150359
-0.138397
-0.1259
-0.113002
-0.0998735
-0.0867194
-0.0737754
-0.0612901
-0.0495247
-0.0387026
-0.0290599
-0.0206936
-0.0138162
-0.008241
-0.00431537
-0.00123712
-1.35088e-05
0.00151341
0.000421271
0.0017121
-0.23197
-0.230601
-0.227324
-0.221305
-0.21429
-0.206408
-0.197574
-0.187876
-0.17738
-0.16613
-0.154179
-0.141599
-0.128493
-0.115001
-0.1013
-0.0876061
-0.0741688
-0.0612483
-0.0491181
-0.0380076
-0.0281613
-0.0196681
-0.0127511
-0.00718691
-0.00336184
-0.000369348
0.000640691
0.00211049
0.000662026
0.00208401
-0.239203
-0.239087
-0.235959
-0.229247
-0.221565
-0.21303
-0.203543
-0.193211
-0.182101
-0.17025
-0.157706
-0.144542
-0.130859
-0.116802
-0.102556
-0.0883498
-0.074444
-0.0611116
-0.0486381
-0.037259
-0.0272268
-0.018622
-0.0116779
-0.00613504
-0.00241724
0.000484828
0.00128112
0.00269358
0.000894877
0.00244839
-0.246006
-0.247614
-0.244451
-0.236945
-0.22856
-0.21935
-0.209215
-0.198269
-0.18657
-0.174146
-0.161038
-0.147313
-0.133075
-0.118472
-0.103699
-0.0889939
-0.0746329
-0.060901
-0.0480962
-0.0364599
-0.0262526
-0.0175465
-0.0105844
-0.00507132
-0.00146724
0.00133786
0.00191809
0.00326898
0.00112427
0.00280454
-0.25289
-0.256615
-0.253099
-0.244694
-0.235504
-0.225551
-0.214742
-0.203176
-0.190888
-0.177894
-0.164226
-0.149945
-0.135156
-0.120009
-0.104712
-0.0895144
-0.0747054
-0.0605841
-0.0474602
-0.0355813
-0.0252141
-0.0164222
-0.00945565
-0.00398527
-0.000504281
0.00219362
0.00255438
0.00383649
0.00135157
0.00315058
-0.261968
-0.265873
-0.260647
-0.251155
-0.241009
-0.230256
-0.218785
-0.206639
-0.193825
-0.180339
-0.166201
-0.151469
-0.136243
-0.120679
-0.104991
-0.0894367
-0.0743158
-0.0599356
-0.0466132
-0.0345986
-0.0241613
-0.0153561
-0.00843467
-0.00303824
0.000314024
0.0029104
0.00308215
0.00431746
0.00154201
0.00346663
-0.285781
-0.272479
-0.26087
-0.250722
-0.240234
-0.229251
-0.217655
-0.205426
-0.192557
-0.179042
-0.1649
-0.150182
-0.134988
-0.119471
-0.103838
-0.0883456
-0.0732916
-0.0589821
-0.0457349
-0.0338006
-0.023451
-0.0147364
-0.00791613
-0.00260432
0.000656989
0.00322403
0.00331066
0.00459914
0.00164344
0.00374809
-0.288759
-0.277528
-0.264526
-0.253957
-0.24283
-0.231122
-0.218912
-0.206154
-0.192814
-0.178875
-0.164344
-0.149271
-0.133759
-0.117966
-0.102107
-0.0864455
-0.0712836
-0.0569305
-0.043702
-0.0318438
-0.0216197
-0.013068
-0.00643925
-0.0013263
0.0017148
0.00410133
0.00394996
0.0051497
0.00186973
0.00411359
-0.289433
-0.27878
-0.265043
-0.254278
-0.242884
-0.230828
-0.218317
-0.205281
-0.191671
-0.177463
-0.162669
-0.147342
-0.131595
-0.115597
-0.0995753
-0.0838048
-0.0685955
-0.0542604
-0.041114
-0.0293967
-0.0193624
-0.0110374
-0.00466159
0.000192484
0.00295928
0.00511327
0.00467953
0.00575559
0.00211442
0.00450475
-0.290609
-0.279683
-0.265125
-0.253983
-0.242311
-0.229964
-0.217208
-0.203948
-0.190117
-0.175689
-0.160679
-0.145146
-0.129211
-0.113055
-0.0969157
-0.081078
-0.065858
-0.0515717
-0.0385317
-0.0269736
-0.0171423
-0.00905263
-0.0029347
0.00165862
0.0041539
0.00608097
0.00537469
0.00633704
0.00234509
0.00489995
-0.290649
-0.279423
-0.264484
-0.253114
-0.241277
-0.228739
-0.215803
-0.202365
-0.188347
-0.173728
-0.158526
-0.14281
-0.126711
-0.11042
-0.0941877
-0.0783061
-0.063097
-0.0488786
-0.0359613
-0.0245753
-0.0149562
-0.00710818
-0.00125116
0.00308098
0.00530811
0.00701287
0.00604279
0.0068984
0.00256612
0.00529685
-0.289772
-0.278193
-0.263114
-0.251603
-0.239681
-0.227041
-0.213992
-0.200429
-0.186268
-0.171495
-0.156135
-0.140267
-0.124033
-0.107637
-0.0913381
-0.0754381
-0.0602634
-0.046134
-0.0333578
-0.0221595
-0.0127654
-0.00516909
0.000420032
0.00448623
0.006444
0.00792596
0.00669601
0.00744671
0.00278097
0.00569454
-0.288099
-0.276177
-0.261142
-0.249559
-0.237602
-0.224919
-0.211807
-0.198158
-0.18389
-0.168996
-0.153509
-0.13752
-0.121183
-0.104711
-0.0883753
-0.0724836
-0.0573677
-0.0433486
-0.0307314
-0.0197355
-0.0105781
-0.00324215
0.00207339
0.00587012
0.00755834
0.00881778
0.00733246
0.00797994
0.00298882
0.00609015
-0.285673
-0.273479
-0.258658
-0.247073
-0.23512
-0.222438
-0.209299
-0.195595
-0.181249
-0.166262
-0.150678
-0.134598
-0.118187
-0.10167
-0.0853258
-0.0694692
-0.0544356
-0.0405472
-0.0281056
-0.0173251
-0.00841366
-0.00134445
0.00369436
0.00722068
0.0086416
0.00968099
0.00794699
0.00849407
0.00318811
0.00648012
-0.282594
-0.270236
-0.255765
-0.244232
-0.23231
-0.219661
-0.206521
-0.192785
-0.178385
-0.16333
-0.147676
-0.131533
-0.115078
-0.0985442
-0.0822185
-0.0664222
-0.0514933
-0.037754
-0.0255028
-0.0149484
-0.00629016
0.000508497
0.00526991
0.00852734
0.00968555
0.0105094
0.00853527
0.00898561
0.00337767
0.00686082
-0.278988
-0.266595
-0.252576
-0.241131
-0.229257
-0.216661
-0.203536
-0.189784
-0.175349
-0.160247
-0.144546
-0.128366
-0.111893
-0.0953693
-0.079088
-0.0633751
-0.0485705
-0.0349963
-0.0229474
-0.0126271
-0.00422619
0.00230103
0.00678725
0.00978003
0.0106825
0.0112971
0.00909338
0.0094513
0.00355639
0.0072285
-0.274995
-0.262703
-0.249202
-0.237867
-0.226051
-0.213517
-0.200415
-0.186657
-0.1722
-0.15707
-0.141342
-0.125148
-0.108681
-0.0921911
-0.0759764
-0.0603665
-0.0457027
-0.032306
-0.0204676
-0.0103856
-0.00224246
0.00401605
0.00823263
0.0109681
0.0116244
0.0120384
0.00961733
0.0098879
0.00372321
0.00757929
-0.270772
-0.258707
-0.245758
-0.234538
-0.222786
-0.210315
-0.197238
-0.18348
-0.169011
-0.153866
-0.138129
-0.12194
-0.105499
-0.0890626
-0.0729326
-0.0574412
-0.0429301
-0.0297187
-0.0180945
-0.00825053
-0.000361406
0.00563521
0.00959152
0.0120803
0.012503
0.0127273
0.0101031
0.0102921
0.00387703
0.0079093
-0.266501
-0.254752
-0.242352
-0.231245
-0.219557
-0.207144
-0.194091
-0.180335
-0.165861
-0.150711
-0.134978
-0.11881
-0.102411
-0.0860432
-0.0700111
-0.0546484
-0.0402965
-0.0272732
-0.0158617
-0.00625042
0.0013934
0.0071395
0.010849
0.0131055
0.01331
0.0133577
0.0105467
0.0106608
0.0040168
0.00821463
-0.26234
-0.25097
-0.239091
-0.228089
-0.216458
-0.204096
-0.191062
-0.17731
-0.162834
-0.147688
-0.13197
-0.115833
-0.0994874
-0.0831975
-0.0672707
-0.052041
-0.037849
-0.0250101
-0.0138041
-0.0044146
0.00299785
0.00850969
0.0119902
0.0140324
0.0140373
0.013924
0.0109444
0.0109909
0.00414154
0.0084915
-0.258415
-0.247483
-0.236078
-0.225166
-0.213585
-0.201264
-0.188245
-0.174494
-0.160021
-0.144883
-0.129186
-0.113087
-0.0968002
-0.0805925
-0.0647722
-0.0496734
-0.0356352
-0.0229711
-0.011957
-0.00277248
0.00442803
0.00972686
0.0130005
0.0148504
0.0146772
0.0144208
0.0112926
0.0112796
0.00425032
0.00873636
-0.254877
-0.244405
-0.233407
-0.222567
-0.211027
-0.198737
-0.185728
-0.171979
-0.157509
-0.142382
-0.126708
-0.11065
-0.0944226
-0.078295
-0.062576
-0.0475993
-0.0337025
-0.0211967
-0.0103548
-0.00135247
0.00566101
0.010773
0.0138664
0.0155494
0.0152225
0.0148432
0.0115881
0.0115243
0.00434232
0.00894592
-0.251868
-0.241827
-0.231162
-0.220375
-0.208867
-0.1966
-0.183596
-0.169848
-0.155381
-0.140266
-0.124616
-0.108596
-0.0924233
-0.0763682
-0.0607392
-0.0458694
-0.0320949
-0.0197249
-0.00902926
-0.000180778
0.00667577
0.0116319
0.0145754
0.0161203
0.015667
0.0151866
0.0118281
0.0117229
0.00441683
0.0091173
-0.249505
-0.239825
-0.229412
-0.218664
-0.207178
-0.194926
-0.181924
-0.168176
-0.153713
-0.138609
-0.122979
-0.106991
-0.090864
-0.0748683
-0.0593124
-0.0445286
-0.0308516
-0.018589
-0.00800841
0.000719765
0.00745412
0.0122893
0.0151171
0.0165557
0.0160053
0.0154476
0.0120103
0.0118736
0.00447324
0.00924805
-0.247879
-0.238456
-0.228212
-0.217489
-0.206017
-0.193774
-0.180774
-0.167025
-0.152565
-0.137468
-0.121853
-0.105888
-0.0897947
-0.0738412
-0.0583368
-0.0436131
-0.030004
-0.0178159
-0.00731464
0.00133086
0.0079815
0.0127341
0.015483
0.0168494
0.0162333
0.0156232
0.0121327
0.0119748
0.00451111
0.00933631
-0.247053
-0.23776
-0.227603
-0.216891
-0.205427
-0.193187
-0.180187
-0.166438
-0.15198
-0.136887
-0.12128
-0.105328
-0.0892509
-0.0733193
-0.0578415
-0.0431488
-0.0295745
-0.0174244
-0.00696369
0.00163971
0.00824779
0.0129585
0.0156675
0.0169973
0.016348
0.0157115
0.0121943
0.0120257
0.00453012
0.00938076
)
;

boundaryField
{
    inlet
    {
        type            zeroGradient;
    }
    outlet
    {
        type            fixedValue;
        value           uniform 0;
    }
    cylinder
    {
        type            zeroGradient;
    }
    top
    {
        type            symmetryPlane;
    }
    bottom
    {
        type            symmetryPlane;
    }
    defaultFaces
    {
        type            empty;
    }
}


// ************************************************************************* //
