/*--------------------------------*- C++ -*----------------------------------*\
  =========                 |
  \\      /  F ield         | OpenFOAM: The Open Source CFD Toolbox
   \\    /   O peration     | Website:  https://openfoam.org
    \\  /    A nd           | Version:  9
     \\/     M anipulation  |
\*---------------------------------------------------------------------------*/
FoamFile
{
    format      ascii;
    class       volScalarField;
    location    "8.3";
    object      p;
}
// * * * * * * * * * * * * * * * * * * * * * * * * * * * * * * * * * * * * * //

dimensions      [0 2 -2 0 0 0 0];

internalField   nonuniform List<scalar> 
8500
(
-0.328375
-0.336544
-0.332518
-0.326733
-0.317276
-0.305358
-0.29207
-0.275746
-0.262546
-0.242308
-0.329247
-0.33713
-0.33303
-0.327149
-0.317641
-0.305672
-0.292365
-0.275893
-0.262864
-0.241992
-0.330982
-0.338294
-0.334048
-0.327975
-0.318363
-0.306293
-0.292967
-0.276238
-0.263436
-0.241363
-0.333562
-0.340026
-0.33556
-0.329198
-0.319429
-0.307211
-0.293874
-0.276758
-0.264255
-0.240429
-0.336961
-0.342307
-0.337546
-0.330799
-0.320819
-0.308398
-0.294903
-0.27753
-0.265336
-0.239212
-0.341145
-0.345115
-0.339984
-0.332756
-0.322509
-0.30985
-0.296171
-0.278406
-0.266652
-0.237735
-0.346076
-0.348422
-0.342847
-0.335043
-0.324469
-0.311529
-0.297656
-0.279374
-0.268167
-0.236033
-0.351709
-0.352202
-0.346107
-0.33763
-0.326672
-0.313398
-0.299312
-0.280431
-0.269837
-0.234151
-0.357996
-0.356422
-0.349733
-0.34049
-0.329089
-0.315429
-0.301101
-0.281562
-0.271613
-0.232143
-0.364898
-0.361042
-0.353697
-0.343595
-0.331692
-0.317595
-0.302991
-0.282755
-0.273435
-0.230075
-0.372388
-0.36602
-0.357965
-0.346917
-0.334455
-0.319872
-0.304948
-0.284001
-0.275239
-0.228025
-0.380349
-0.371375
-0.362511
-0.350435
-0.337355
-0.32224
-0.306944
-0.285296
-0.27695
-0.226076
-0.388779
-0.377044
-0.367312
-0.354129
-0.340374
-0.324682
-0.308951
-0.286641
-0.278493
-0.224316
-0.397637
-0.382998
-0.372345
-0.357984
-0.343498
-0.327187
-0.310946
-0.288039
-0.279783
-0.222831
-0.406877
-0.389216
-0.377593
-0.361988
-0.346717
-0.329746
-0.312908
-0.289495
-0.280738
-0.221723
-0.41646
-0.395676
-0.383041
-0.366132
-0.350026
-0.332353
-0.314821
-0.29101
-0.281278
-0.221093
-0.426348
-0.402356
-0.388674
-0.370412
-0.353419
-0.335
-0.31667
-0.292587
-0.281297
-0.220912
-0.436503
-0.409236
-0.394482
-0.374821
-0.356894
-0.33768
-0.318451
-0.294233
-0.28064
-0.22087
-0.446889
-0.416294
-0.400451
-0.379353
-0.360443
-0.340377
-0.320165
-0.295964
-0.27924
-0.221651
-0.457465
-0.423508
-0.406566
-0.383999
-0.364054
-0.343068
-0.321806
-0.297703
-0.277484
-0.228852
-0.468187
-0.430853
-0.41281
-0.388745
-0.367709
-0.345716
-0.323332
-0.299172
-0.276104
-0.248707
-0.479008
-0.438298
-0.41916
-0.393568
-0.371378
-0.348274
-0.324679
-0.300161
-0.274557
-0.254089
-0.489872
-0.445809
-0.425584
-0.398439
-0.375021
-0.350688
-0.32578
-0.300549
-0.27277
-0.254634
-0.500714
-0.453343
-0.432044
-0.403316
-0.378586
-0.352891
-0.326562
-0.300306
-0.27075
-0.25317
-0.511462
-0.460851
-0.438491
-0.408146
-0.38201
-0.354812
-0.326948
-0.299412
-0.268361
-0.250137
-0.52203
-0.468272
-0.444864
-0.412864
-0.385213
-0.356366
-0.326853
-0.297843
-0.265487
-0.245901
-0.532322
-0.475537
-0.451089
-0.417389
-0.388107
-0.357464
-0.326193
-0.29557
-0.262052
-0.240772
-0.542231
-0.482563
-0.457082
-0.421629
-0.39059
-0.35801
-0.324886
-0.292567
-0.258001
-0.234945
-0.551638
-0.489261
-0.462743
-0.425479
-0.392552
-0.357906
-0.322852
-0.288805
-0.253291
-0.22853
-0.56041
-0.495524
-0.467961
-0.428823
-0.393876
-0.35705
-0.320017
-0.284258
-0.247893
-0.221581
-0.568406
-0.50124
-0.472612
-0.431534
-0.394441
-0.355344
-0.316315
-0.278901
-0.241788
-0.214121
-0.575473
-0.506282
-0.476563
-0.433478
-0.394123
-0.352695
-0.311687
-0.272712
-0.234963
-0.206151
-0.581452
-0.510516
-0.479669
-0.434514
-0.392799
-0.349012
-0.30608
-0.265673
-0.227412
-0.197665
-0.586175
-0.513798
-0.481782
-0.434501
-0.390351
-0.344216
-0.299454
-0.25777
-0.219131
-0.188652
-0.589471
-0.515979
-0.482745
-0.433296
-0.386666
-0.338236
-0.291772
-0.248992
-0.210122
-0.179101
-0.591165
-0.516904
-0.482401
-0.430761
-0.38164
-0.33101
-0.283011
-0.239333
-0.200387
-0.169003
-0.591085
-0.516416
-0.480593
-0.426761
-0.37518
-0.322489
-0.273151
-0.228793
-0.189931
-0.158354
-0.589059
-0.514358
-0.477168
-0.421173
-0.367205
-0.312635
-0.262184
-0.217373
-0.178762
-0.147152
-0.584922
-0.510575
-0.47198
-0.413883
-0.357649
-0.301421
-0.250107
-0.20508
-0.16689
-0.135401
-0.578516
-0.504917
-0.464891
-0.404793
-0.346459
-0.288832
-0.236924
-0.191924
-0.154326
-0.123108
-0.569696
-0.497244
-0.455778
-0.39382
-0.333598
-0.274863
-0.222649
-0.17792
-0.141087
-0.110285
-0.558329
-0.487424
-0.444531
-0.380898
-0.319045
-0.259522
-0.207298
-0.163086
-0.127189
-0.096947
-0.544301
-0.475343
-0.431061
-0.365979
-0.302794
-0.242826
-0.190897
-0.147444
-0.112652
-0.0831055
-0.527515
-0.4609
-0.415297
-0.349036
-0.284854
-0.224802
-0.173478
-0.131023
-0.0975009
-0.0687475
-0.507897
-0.444014
-0.39719
-0.330062
-0.26525
-0.205489
-0.155078
-0.113852
-0.081788
-0.0538499
-0.485395
-0.424626
-0.376716
-0.30907
-0.244022
-0.184933
-0.135732
-0.0959454
-0.0655802
-0.0385038
-0.459984
-0.4027
-0.353872
-0.286092
-0.221223
-0.163189
-0.115483
-0.0773364
-0.0488244
-0.022891
-0.431665
-0.378224
-0.328682
-0.26118
-0.196919
-0.140315
-0.0943913
-0.0582267
-0.0314608
-0.0069587
-0.400465
-0.351213
-0.301195
-0.234408
-0.171191
-0.116382
-0.0725667
-0.0385189
-0.0136483
0.00928932
-0.366443
-0.321707
-0.271482
-0.205869
-0.14413
-0.0915036
-0.0500131
-0.0182884
0.00455787
0.0258148
-0.329682
-0.289772
-0.239652
-0.175665
-0.115836
-0.0657425
-0.0268267
0.00240246
0.0231123
0.0425701
-0.290298
-0.255513
-0.205855
-0.143887
-0.0864234
-0.0391938
-0.00308799
0.0234903
0.0419651
0.0595018
-0.248436
-0.219074
-0.170222
-0.11065
-0.0560179
-0.0119619
0.0211205
0.0449067
0.0610627
0.0765498
-0.204272
-0.180623
-0.132641
-0.0763255
-0.0247529
0.0158457
0.0457106
0.0665791
0.0803485
0.0936461
-0.157972
-0.140295
-0.0935827
-0.0408871
0.00723387
0.0441151
0.0705895
0.0884315
0.099762
0.110714
-0.109703
-0.0982818
-0.0532922
-0.00451507
0.0397943
0.0727284
0.0956605
0.110385
0.119244
0.127673
-0.0598975
-0.0547315
-0.0119035
0.032592
0.0727757
0.101563
0.120823
0.132362
0.138747
0.14442
-0.00873377
-0.00994733
0.0303653
0.0702385
0.106022
0.130494
0.145974
0.15429
0.158233
0.160757
0.0435266
0.035802
0.0732747
0.108224
0.139372
0.159391
0.171008
0.176103
0.177604
0.176344
0.0965731
0.0822498
0.116579
0.146344
0.172665
0.188124
0.195824
0.19771
0.19659
0.190904
0.150084
0.129114
0.160028
0.184389
0.205734
0.216561
0.22032
0.218993
0.214852
0.204839
0.20373
0.176102
0.203362
0.222151
0.238414
0.244572
0.24439
0.239839
0.232932
0.220362
0.257174
0.222914
0.246323
0.25942
0.270541
0.272027
0.267928
0.260145
0.250497
0.236002
0.310072
0.269245
0.288649
0.295988
0.301951
0.298795
0.290827
0.279839
0.267457
0.251212
0.36208
0.314792
0.330081
0.331648
0.332482
0.324751
0.312987
0.298848
0.28379
0.265845
0.412854
0.35925
0.370362
0.3662
0.361977
0.349771
0.334308
0.317098
0.29945
0.279849
0.462051
0.40232
0.409244
0.399447
0.390284
0.373734
0.354695
0.334514
0.314381
0.29317
0.50934
0.443709
0.446483
0.4312
0.417254
0.396524
0.374055
0.351025
0.328526
0.305753
0.554395
0.483133
0.481845
0.461276
0.442745
0.418031
0.3923
0.366563
0.341832
0.317551
0.596906
0.520323
0.515109
0.489502
0.466624
0.438148
0.409346
0.381062
0.354244
0.328523
0.636577
0.555018
0.546064
0.515715
0.488762
0.456777
0.425114
0.394459
0.36571
0.33863
0.67313
0.586979
0.574514
0.539764
0.509042
0.473823
0.43953
0.406696
0.376182
0.347836
0.706308
0.615981
0.600279
0.561508
0.527356
0.489202
0.452524
0.417719
0.385614
0.356108
0.735876
0.641822
0.623196
0.580822
0.543604
0.502835
0.464036
0.427478
0.393965
0.363416
0.761624
0.66432
0.643117
0.597591
0.557698
0.514653
0.47401
0.435928
0.401195
0.369732
0.783369
0.683316
0.659916
0.611719
0.569563
0.524596
0.482397
0.443031
0.407273
0.375033
0.800954
0.698677
0.673486
0.623122
0.579134
0.532613
0.489157
0.448754
0.41217
0.379299
0.814255
0.710294
0.683741
0.631734
0.586358
0.538662
0.494256
0.453069
0.415863
0.382512
0.823176
0.718084
0.690613
0.637503
0.591196
0.542712
0.49767
0.455958
0.418335
0.384662
0.827652
0.721993
0.694061
0.640396
0.593621
0.544742
0.499381
0.457406
0.419573
0.385738
0.827652
0.721993
0.694061
0.640396
0.593621
0.544742
0.499381
0.457406
0.419573
0.385738
0.823176
0.718084
0.690613
0.637503
0.591196
0.542712
0.49767
0.455958
0.418335
0.384662
0.814255
0.710294
0.683741
0.631734
0.586358
0.538662
0.494256
0.453069
0.415863
0.382512
0.800954
0.698677
0.673486
0.623122
0.579134
0.532613
0.489157
0.448754
0.41217
0.379299
0.783369
0.683316
0.659916
0.611719
0.569563
0.524596
0.482397
0.443031
0.407273
0.375033
0.761624
0.66432
0.643117
0.597591
0.557698
0.514653
0.47401
0.435928
0.401195
0.369732
0.735876
0.641822
0.623196
0.580822
0.543604
0.502835
0.464036
0.427478
0.393965
0.363416
0.706308
0.615981
0.60028
0.561509
0.527356
0.489202
0.452524
0.417719
0.385614
0.356108
0.67313
0.586979
0.574514
0.539764
0.509042
0.473823
0.43953
0.406697
0.376182
0.347836
0.636577
0.555018
0.546064
0.515715
0.488762
0.456777
0.425114
0.394459
0.36571
0.33863
0.596906
0.520323
0.515109
0.489502
0.466624
0.438149
0.409346
0.381062
0.354244
0.328523
0.554395
0.483134
0.481845
0.461276
0.442746
0.418031
0.3923
0.366563
0.341832
0.317551
0.50934
0.443709
0.446483
0.4312
0.417254
0.396524
0.374055
0.351025
0.328527
0.305753
0.462051
0.40232
0.409244
0.399448
0.390284
0.373734
0.354695
0.334514
0.314381
0.29317
0.412854
0.35925
0.370362
0.3662
0.361977
0.349771
0.334308
0.317098
0.29945
0.279849
0.36208
0.314792
0.330081
0.331648
0.332482
0.324751
0.312987
0.298849
0.28379
0.265845
0.310072
0.269246
0.288649
0.295988
0.301951
0.298795
0.290827
0.279839
0.267457
0.251212
0.257174
0.222914
0.246323
0.25942
0.270541
0.272027
0.267928
0.260145
0.250497
0.236002
0.20373
0.176102
0.203363
0.222151
0.238414
0.244572
0.244391
0.239839
0.232932
0.220362
0.150084
0.129114
0.160028
0.184389
0.205734
0.216561
0.22032
0.218993
0.214852
0.20484
0.0965732
0.0822499
0.116579
0.146344
0.172665
0.188124
0.195824
0.19771
0.196591
0.190905
0.0435267
0.0358021
0.0732748
0.108224
0.139373
0.159391
0.171008
0.176103
0.177604
0.176344
-0.00873368
-0.00994723
0.0303654
0.0702386
0.106022
0.130494
0.145974
0.154291
0.158233
0.160757
-0.0598974
-0.0547314
-0.0119034
0.0325922
0.0727758
0.101563
0.120823
0.132362
0.138747
0.14442
-0.109703
-0.0982817
-0.0532921
-0.00451496
0.0397944
0.0727285
0.0956606
0.110385
0.119244
0.127673
-0.157972
-0.140294
-0.0935826
-0.0408869
0.00723399
0.0441152
0.0705897
0.0884316
0.0997622
0.110714
-0.204272
-0.180623
-0.132641
-0.0763254
-0.0247527
0.0158458
0.0457107
0.0665793
0.0803486
0.0936462
-0.248436
-0.219074
-0.170222
-0.11065
-0.0560177
-0.0119618
0.0211206
0.0449068
0.0610629
0.07655
-0.290298
-0.255512
-0.205855
-0.143887
-0.0864233
-0.0391937
-0.00308786
0.0234904
0.0419653
0.059502
-0.329682
-0.289772
-0.239652
-0.175665
-0.115836
-0.0657423
-0.0268266
0.00240261
0.0231125
0.0425703
-0.366443
-0.321707
-0.271482
-0.205868
-0.14413
-0.0915034
-0.050013
-0.0182883
0.00455802
0.025815
-0.400465
-0.351213
-0.301195
-0.234408
-0.171191
-0.116382
-0.0725665
-0.0385187
-0.0136481
0.00928949
-0.431665
-0.378224
-0.328682
-0.26118
-0.196919
-0.140315
-0.0943911
-0.0582266
-0.0314607
-0.00695852
-0.459984
-0.4027
-0.353872
-0.286092
-0.221223
-0.163189
-0.115483
-0.0773363
-0.0488243
-0.0228908
-0.485395
-0.424626
-0.376716
-0.30907
-0.244022
-0.184933
-0.135732
-0.0959452
-0.06558
-0.0385036
-0.507897
-0.444014
-0.39719
-0.330062
-0.26525
-0.205489
-0.155078
-0.113852
-0.0817878
-0.0538497
-0.527515
-0.4609
-0.415297
-0.349036
-0.284854
-0.224802
-0.173478
-0.131023
-0.0975007
-0.0687474
-0.544301
-0.475343
-0.431061
-0.365979
-0.302794
-0.242826
-0.190897
-0.147444
-0.112652
-0.0831053
-0.558329
-0.487424
-0.444531
-0.380898
-0.319045
-0.259522
-0.207298
-0.163086
-0.127189
-0.0969468
-0.569695
-0.497244
-0.455777
-0.39382
-0.333598
-0.274863
-0.222649
-0.17792
-0.141087
-0.110284
-0.578516
-0.504917
-0.464891
-0.404793
-0.346459
-0.288832
-0.236924
-0.191924
-0.154326
-0.123108
-0.584922
-0.510575
-0.47198
-0.413883
-0.357649
-0.301421
-0.250106
-0.20508
-0.166889
-0.135401
-0.589059
-0.514358
-0.477168
-0.421173
-0.367205
-0.312635
-0.262184
-0.217373
-0.178762
-0.147152
-0.591085
-0.516416
-0.480593
-0.426761
-0.37518
-0.322489
-0.273151
-0.228793
-0.189931
-0.158354
-0.591165
-0.516904
-0.482401
-0.430761
-0.38164
-0.33101
-0.28301
-0.239333
-0.200387
-0.169003
-0.589471
-0.515979
-0.482745
-0.433296
-0.386666
-0.338236
-0.291772
-0.248992
-0.210122
-0.1791
-0.586175
-0.513798
-0.481782
-0.434501
-0.390351
-0.344216
-0.299454
-0.25777
-0.219131
-0.188652
-0.581452
-0.510516
-0.479669
-0.434514
-0.392799
-0.349012
-0.30608
-0.265673
-0.227412
-0.197665
-0.575473
-0.506282
-0.476562
-0.433477
-0.394123
-0.352694
-0.311687
-0.272712
-0.234963
-0.206151
-0.568405
-0.50124
-0.472612
-0.431534
-0.394441
-0.355344
-0.316315
-0.278901
-0.241788
-0.214121
-0.56041
-0.495524
-0.46796
-0.428823
-0.393876
-0.35705
-0.320017
-0.284258
-0.247893
-0.221581
-0.551638
-0.48926
-0.462743
-0.425479
-0.392552
-0.357905
-0.322851
-0.288805
-0.253291
-0.22853
-0.542231
-0.482563
-0.457082
-0.421629
-0.390589
-0.35801
-0.324886
-0.292566
-0.258001
-0.234945
-0.532322
-0.475536
-0.451089
-0.417389
-0.388106
-0.357464
-0.326193
-0.29557
-0.262052
-0.240772
-0.522029
-0.468272
-0.444864
-0.412863
-0.385213
-0.356366
-0.326853
-0.297843
-0.265487
-0.245901
-0.511462
-0.460851
-0.438491
-0.408146
-0.38201
-0.354811
-0.326948
-0.299412
-0.26836
-0.250137
-0.500714
-0.453343
-0.432044
-0.403316
-0.378586
-0.352891
-0.326562
-0.300306
-0.27075
-0.25317
-0.489872
-0.445809
-0.425584
-0.398439
-0.375021
-0.350688
-0.32578
-0.300549
-0.27277
-0.254634
-0.479008
-0.438298
-0.41916
-0.393568
-0.371378
-0.348274
-0.324679
-0.300161
-0.274557
-0.254089
-0.468187
-0.430853
-0.41281
-0.388745
-0.367709
-0.345716
-0.323332
-0.299172
-0.276104
-0.248707
-0.457464
-0.423508
-0.406566
-0.383999
-0.364054
-0.343068
-0.321806
-0.297703
-0.277484
-0.228852
-0.446889
-0.416294
-0.400451
-0.379353
-0.360443
-0.340377
-0.320165
-0.295964
-0.27924
-0.221651
-0.436503
-0.409236
-0.394482
-0.374821
-0.356894
-0.33768
-0.318451
-0.294233
-0.28064
-0.22087
-0.426348
-0.402356
-0.388674
-0.370412
-0.353419
-0.335
-0.31667
-0.292587
-0.281297
-0.220911
-0.41646
-0.395676
-0.383041
-0.366132
-0.350026
-0.332353
-0.31482
-0.29101
-0.281278
-0.221093
-0.406877
-0.389216
-0.377593
-0.361988
-0.346717
-0.329746
-0.312908
-0.289495
-0.280738
-0.221723
-0.397637
-0.382998
-0.372345
-0.357984
-0.343498
-0.327187
-0.310946
-0.288039
-0.279783
-0.222831
-0.388779
-0.377044
-0.367312
-0.354129
-0.340374
-0.324682
-0.308951
-0.286641
-0.278493
-0.224316
-0.380349
-0.371375
-0.362511
-0.350435
-0.337355
-0.32224
-0.306944
-0.285296
-0.27695
-0.226076
-0.372388
-0.36602
-0.357965
-0.346917
-0.334455
-0.319872
-0.304948
-0.284001
-0.275239
-0.228025
-0.364898
-0.361042
-0.353697
-0.343595
-0.331692
-0.317595
-0.302991
-0.282755
-0.273435
-0.230075
-0.357996
-0.356422
-0.349733
-0.34049
-0.329089
-0.315429
-0.301101
-0.281562
-0.271613
-0.232143
-0.351709
-0.352202
-0.346107
-0.33763
-0.326672
-0.313398
-0.299312
-0.280431
-0.269837
-0.23415
-0.346075
-0.348422
-0.342847
-0.335043
-0.324469
-0.311528
-0.297656
-0.279374
-0.268167
-0.236033
-0.341145
-0.345115
-0.339984
-0.332756
-0.322509
-0.30985
-0.296171
-0.278406
-0.266652
-0.237735
-0.33696
-0.342307
-0.337546
-0.330799
-0.320819
-0.308398
-0.294903
-0.27753
-0.265336
-0.239211
-0.333562
-0.340026
-0.33556
-0.329198
-0.319429
-0.307211
-0.293874
-0.276758
-0.264255
-0.240429
-0.330982
-0.338294
-0.334048
-0.327975
-0.318363
-0.306293
-0.292967
-0.276238
-0.263436
-0.241362
-0.329247
-0.33713
-0.33303
-0.327149
-0.317641
-0.305672
-0.292365
-0.275893
-0.262864
-0.241992
-0.328375
-0.336544
-0.332518
-0.326733
-0.317276
-0.305358
-0.29207
-0.275746
-0.262546
-0.242308
-0.235153
-0.228429
-0.221233
-0.213868
-0.206194
-0.198219
-0.189972
-0.181465
-0.172713
-0.163737
-0.154557
-0.145202
-0.135699
-0.126084
-0.11639
-0.106654
-0.096915
-0.0872083
-0.0775862
-0.0680568
-0.0587566
-0.0495154
-0.0409134
-0.0318657
-0.0249187
-0.0151357
-0.0125624
0.00157273
-0.00783474
0.0215998
-0.235652
-0.228805
-0.221523
-0.214132
-0.206437
-0.198443
-0.190183
-0.181666
-0.172905
-0.163921
-0.154734
-0.145373
-0.135865
-0.126244
-0.116546
-0.106806
-0.0970632
-0.087353
-0.0777274
-0.0681944
-0.0588903
-0.0496448
-0.0410374
-0.0319854
-0.0250279
-0.0152468
-0.0126453
0.00146031
-0.00786072
0.0214509
-0.236643
-0.229553
-0.222097
-0.214655
-0.206918
-0.198888
-0.190601
-0.182063
-0.173285
-0.164285
-0.155085
-0.145711
-0.136192
-0.126561
-0.116854
-0.107106
-0.0973561
-0.0876389
-0.0780066
-0.0684663
-0.0591547
-0.0499007
-0.0412826
-0.0322224
-0.0252439
-0.0154669
-0.0128094
0.00123773
-0.00791187
0.0211556
-0.238107
-0.230663
-0.22295
-0.215431
-0.207631
-0.199546
-0.191219
-0.182648
-0.173843
-0.16482
-0.155599
-0.146207
-0.136673
-0.127028
-0.117307
-0.107548
-0.0977871
-0.0880597
-0.0784175
-0.0688666
-0.0595439
-0.0502774
-0.0416437
-0.0325714
-0.0255622
-0.0157911
-0.0130512
0.000909404
-0.00798664
0.0207186
-0.24001
-0.232124
-0.22407
-0.216448
-0.208563
-0.200405
-0.192022
-0.183409
-0.174568
-0.165514
-0.156267
-0.146851
-0.137296
-0.127632
-0.117895
-0.108121
-0.0983466
-0.088606
-0.0789511
-0.0693866
-0.0600495
-0.050767
-0.042113
-0.0330253
-0.0259762
-0.0162132
-0.0133657
0.000481675
-0.00808278
0.020147
-0.242303
-0.233917
-0.225442
-0.21769
-0.209701
-0.201448
-0.192997
-0.184329
-0.175442
-0.16635
-0.157071
-0.147627
-0.138046
-0.128361
-0.118605
-0.108813
-0.0990223
-0.0892662
-0.079596
-0.0700153
-0.0606611
-0.0513594
-0.0426809
-0.0335749
-0.0264774
-0.0167246
-0.0137467
-3.7453e-05
-0.00819751
0.0194501
-0.24492
-0.236014
-0.227042
-0.219136
-0.211023
-0.202657
-0.194121
-0.185388
-0.176448
-0.167311
-0.157993
-0.148517
-0.138909
-0.129199
-0.119421
-0.109609
-0.0998003
-0.0900267
-0.0803393
-0.0707401
-0.0613663
-0.0520428
-0.0433363
-0.0342096
-0.0270563
-0.0173159
-0.0141867
-0.000638674
-0.00832763
0.0186386
-0.247801
-0.238374
-0.228839
-0.220759
-0.212505
-0.204007
-0.195373
-0.186563
-0.177561
-0.168373
-0.159013
-0.149502
-0.139863
-0.130127
-0.120326
-0.110493
-0.100665
-0.0908725
-0.0811665
-0.0715472
-0.0621519
-0.0528045
-0.0440669
-0.0349178
-0.0277022
-0.0179766
-0.0146778
-0.00131176
-0.0084697
0.017725
-0.250882
-0.240944
-0.230797
-0.222525
-0.214116
-0.20547
-0.196724
-0.187827
-0.178756
-0.169513
-0.160108
-0.150559
-0.140889
-0.131126
-0.121302
-0.111448
-0.1016
-0.0917882
-0.0820628
-0.0724221
-0.0630039
-0.0536311
-0.04486
-0.0356873
-0.028404
-0.0186957
-0.0152114
-0.00204593
-0.00862019
0.0167227
-0.254031
-0.243654
-0.232866
-0.224392
-0.215819
-0.207012
-0.198143
-0.189152
-0.180006
-0.170705
-0.161254
-0.151668
-0.141967
-0.132178
-0.122331
-0.112457
-0.10259
-0.0927581
-0.0830128
-0.0733503
-0.0639084
-0.0545093
-0.0457029
-0.036506
-0.0291505
-0.0194619
-0.0157788
-0.00283026
-0.00877568
0.0156461
-0.257123
-0.246417
-0.234989
-0.226313
-0.21757
-0.208594
-0.199595
-0.190506
-0.181283
-0.171923
-0.162426
-0.152805
-0.143076
-0.133263
-0.123396
-0.113502
-0.103617
-0.0937666
-0.084002
-0.0743178
-0.0648517
-0.055426
-0.0465829
-0.037362
-0.0299308
-0.0202645
-0.0163716
-0.00365398
-0.00893296
0.0145099
-0.260027
-0.249129
-0.237095
-0.228226
-0.219318
-0.210173
-0.201043
-0.191854
-0.182556
-0.173139
-0.163601
-0.153948
-0.144195
-0.134363
-0.124478
-0.114568
-0.104667
-0.0947994
-0.0850164
-0.0753111
-0.065821
-0.0563689
-0.0474885
-0.038244
-0.0307346
-0.0210931
-0.0169818
-0.00450678
-0.00908919
0.0133288
-0.262605
-0.251667
-0.239103
-0.230066
-0.221004
-0.211699
-0.202445
-0.193163
-0.183795
-0.174328
-0.164755
-0.155077
-0.145305
-0.135459
-0.125561
-0.115639
-0.105725
-0.0958429
-0.0860433
-0.076318
-0.0668046
-0.0573269
-0.0484088
-0.0391418
-0.0315523
-0.0219383
-0.0176019
-0.00537901
-0.00924199
0.0121173
-0.26472
-0.253894
-0.24092
-0.231755
-0.222561
-0.213121
-0.203759
-0.194397
-0.184971
-0.175465
-0.165866
-0.156172
-0.14639
-0.136536
-0.126632
-0.116703
-0.106779
-0.0968854
-0.0870714
-0.0773279
-0.0677922
-0.0582901
-0.0493346
-0.0400463
-0.0323755
-0.0227915
-0.0182252
-0.00626189
-0.00938948
0.0108893
-0.266241
-0.255663
-0.242441
-0.233205
-0.223919
-0.214382
-0.204943
-0.195522
-0.186057
-0.176527
-0.166916
-0.157217
-0.147434
-0.137581
-0.127677
-0.117746
-0.107818
-0.0979161
-0.0880905
-0.078331
-0.0687746
-0.0592495
-0.050257
-0.0409492
-0.0331965
-0.0236451
-0.0188459
-0.00714739
-0.00953034
0.00965778
-0.267077
-0.256834
-0.243566
-0.234328
-0.225
-0.215424
-0.205949
-0.196501
-0.187022
-0.177488
-0.167881
-0.158191
-0.14842
-0.138577
-0.128682
-0.118756
-0.10883
-0.0989241
-0.0890905
-0.079318
-0.0697429
-0.060197
-0.0511687
-0.0418434
-0.0340088
-0.0244925
-0.019459
-0.00802855
-0.00966389
0.00843466
-0.267171
-0.257269
-0.244179
-0.235001
-0.2257
-0.21617
-0.206722
-0.197293
-0.187836
-0.178327
-0.168746
-0.159083
-0.149338
-0.139518
-0.129641
-0.119729
-0.10981
-0.099906
-0.0900685
-0.0802861
-0.0706948
-0.0611304
-0.0520671
-0.0427265
-0.0348099
-0.0253307
-0.0200621
-0.00890088
-0.00979017
0.00722982
-0.265989
-0.256529
-0.244123
-0.235181
-0.226039
-0.21667
-0.207322
-0.197961
-0.188561
-0.1791
-0.169563
-0.159939
-0.150228
-0.140439
-0.130586
-0.120691
-0.110783
-0.100883
-0.0910423
-0.0812506
-0.0716425
-0.0620592
-0.05296
-0.0436035
-0.0356036
-0.0261611
-0.0206563
-0.00976297
-0.00990942
0.00605089
-0.2644
-0.25515
-0.243791
-0.235051
-0.226095
-0.216942
-0.207736
-0.198475
-0.189156
-0.179763
-0.170285
-0.160715
-0.151051
-0.141301
-0.131481
-0.121609
-0.111717
-0.101824
-0.0919831
-0.0821838
-0.0725604
-0.0629593
-0.0538252
-0.0444542
-0.0363726
-0.0269681
-0.0212305
-0.0106036
-0.0100205
0.00491005
-0.264813
-0.251508
-0.24075
-0.232183
-0.223754
-0.215224
-0.206504
-0.197621
-0.188601
-0.179449
-0.17017
-0.160765
-0.151241
-0.14161
-0.13189
-0.122101
-0.112276
-0.102435
-0.0926339
-0.0828632
-0.0732562
-0.0636679
-0.0545235
-0.0451658
-0.0370217
-0.02768
-0.0217318
-0.0113762
-0.010124
0.00383734
-0.231848
-0.242428
-0.23944
-0.231432
-0.223259
-0.214903
-0.206269
-0.197452
-0.188491
-0.179396
-0.170171
-0.16082
-0.151351
-0.141775
-0.132109
-0.122374
-0.112601
-0.10281
-0.0930525
-0.0833226
-0.0737438
-0.0641881
-0.0550436
-0.0457244
-0.0375226
-0.0282689
-0.022131
-0.0120263
-0.0102277
0.00291394
-0.22921
-0.234304
-0.232673
-0.225874
-0.218666
-0.211083
-0.203048
-0.194719
-0.186169
-0.177426
-0.16851
-0.159433
-0.150209
-0.140855
-0.13139
-0.121838
-0.112229
-0.102585
-0.092958
-0.0833446
-0.0738624
-0.0643988
-0.0553113
-0.0460755
-0.0378652
-0.0287312
-0.0224329
-0.0126183
-0.0102558
0.00204113
-0.223014
-0.2266
-0.225515
-0.219646
-0.213206
-0.206319
-0.198888
-0.19108
-0.182987
-0.17465
-0.166096
-0.157348
-0.148426
-0.139348
-0.130137
-0.120818
-0.111421
-0.101972
-0.0925202
-0.0830667
-0.0737217
-0.0643901
-0.0553959
-0.0462804
-0.0380906
-0.0291124
-0.0226666
-0.0131871
-0.0102379
0.00115602
-0.217707
-0.219547
-0.218522
-0.213431
-0.207645
-0.201379
-0.194524
-0.187229
-0.179596
-0.171673
-0.163495
-0.15509
-0.146481
-0.137693
-0.128749
-0.119676
-0.110506
-0.101264
-0.091998
-0.0827157
-0.0735179
-0.0643285
-0.0554356
-0.0464496
-0.0382856
-0.0294718
-0.0228801
-0.013745
-0.0102067
0.00027117
-0.212385
-0.212624
-0.211392
-0.206979
-0.201809
-0.196136
-0.189857
-0.183092
-0.175941
-0.168457
-0.16068
-0.152642
-0.144371
-0.135893
-0.127236
-0.118426
-0.109497
-0.100476
-0.0914093
-0.0823092
-0.0732684
-0.0642295
-0.0554449
-0.0465943
-0.0384607
-0.0298154
-0.0230803
-0.0142917
-0.0101681
-0.00060471
-0.206255
-0.205544
-0.204029
-0.200202
-0.195624
-0.190525
-0.184821
-0.1786
-0.171954
-0.164936
-0.157588
-0.149945
-0.142039
-0.133897
-0.12555
-0.117026
-0.108358
-0.0995755
-0.0907244
-0.0818213
-0.0729507
-0.0640739
-0.055408
-0.0467012
-0.0386059
-0.0301341
-0.023262
-0.0148209
-0.0101225
-0.00146122
-0.199271
-0.198196
-0.196438
-0.193119
-0.189115
-0.184572
-0.179435
-0.173765
-0.16764
-0.161109
-0.154213
-0.146991
-0.139474
-0.131693
-0.123678
-0.115461
-0.107075
-0.0985502
-0.0899318
-0.0812413
-0.0725552
-0.0638528
-0.0553172
-0.0467632
-0.0387158
-0.0304223
-0.0234226
-0.0153265
-0.0100723
-0.00228684
-0.191541
-0.190512
-0.188617
-0.185756
-0.182309
-0.178313
-0.173732
-0.168614
-0.163019
-0.15699
-0.150567
-0.143786
-0.13668
-0.129281
-0.121621
-0.113731
-0.105646
-0.0973972
-0.0890285
-0.080566
-0.0720788
-0.0635634
-0.0551699
-0.0467774
-0.0387882
-0.0306763
-0.0235615
-0.0158031
-0.0100216
-0.0030699
-0.183182
-0.18247
-0.180572
-0.178141
-0.17524
-0.171781
-0.167747
-0.163177
-0.158115
-0.152599
-0.146662
-0.140339
-0.133663
-0.126666
-0.11938
-0.111837
-0.104071
-0.0961154
-0.0880129
-0.0797937
-0.0715195
-0.0632033
-0.0549642
-0.0467414
-0.0388218
-0.0308933
-0.0236786
-0.0162457
-0.00997406
-0.00379927
-0.174329
-0.174089
-0.172323
-0.170313
-0.167942
-0.165013
-0.161514
-0.157485
-0.152958
-0.147958
-0.142516
-0.136664
-0.130434
-0.123855
-0.11696
-0.10978
-0.102351
-0.0947052
-0.0868845
-0.0789232
-0.0708761
-0.0627709
-0.0546984
-0.0466533
-0.0388152
-0.0310708
-0.023774
-0.0166496
-0.00993291
-0.00446531
-0.165131
-0.16543
-0.163913
-0.162321
-0.160462
-0.158052
-0.155078
-0.15158
-0.14758
-0.143097
-0.138155
-0.132782
-0.127007
-0.12086
-0.114369
-0.107568
-0.10049
-0.0931693
-0.0856452
-0.0779554
-0.0701488
-0.0622659
-0.0543721
-0.0465119
-0.0387679
-0.0312067
-0.023848
-0.0170112
-0.00990072
-0.00505975
-0.155736
-0.156578
-0.155397
-0.154223
-0.152854
-0.150948
-0.148483
-0.145503
-0.142021
-0.13805
-0.133607
-0.128717
-0.123404
-0.117696
-0.111622
-0.105211
-0.0984966
-0.0915134
-0.0842988
-0.0768931
-0.0693392
-0.0616893
-0.0539859
-0.046317
-0.0386801
-0.0312999
-0.0239012
-0.0173276
-0.00987962
-0.0055761
-0.146286
-0.147631
-0.146841
-0.14608
-0.145174
-0.143754
-0.141782
-0.139301
-0.136324
-0.132854
-0.128905
-0.124496
-0.119648
-0.114384
-0.108733
-0.102721
-0.0963809
-0.0897458
-0.0828519
-0.0757408
-0.068451
-0.0610434
-0.0535412
-0.0460696
-0.0385523
-0.03135
-0.0239344
-0.0175968
-0.00987109
-0.00601014
-0.136907
-0.138691
-0.138319
-0.137958
-0.137486
-0.136525
-0.135024
-0.133023
-0.130533
-0.127551
-0.124086
-0.120152
-0.115766
-0.110948
-0.105722
-0.100115
-0.094156
-0.0878771
-0.0813127
-0.0745053
-0.067489
-0.0603319
-0.0530409
-0.0457712
-0.038386
-0.0313574
-0.0239485
-0.0178178
-0.00987569
-0.00636016
-0.127712
-0.129856
-0.129901
-0.129923
-0.12985
-0.129319
-0.128263
-0.126718
-0.124694
-0.122183
-0.119188
-0.115719
-0.111788
-0.107412
-0.102613
-0.0974121
-0.0918376
-0.0859201
-0.0796916
-0.0731948
-0.0664597
-0.0595596
-0.0524885
-0.0454245
-0.038183
-0.031323
-0.0239445
-0.0179906
-0.00989308
-0.00662708
-0.118794
-0.121216
-0.121659
-0.122037
-0.122327
-0.122191
-0.121552
-0.120437
-0.118853
-0.116792
-0.11425
-0.111232
-0.107746
-0.103806
-0.0994278
-0.0946323
-0.0894432
-0.0838896
-0.0780008
-0.071819
-0.0653709
-0.0587327
-0.0518886
-0.0450329
-0.0379456
-0.0312487
-0.0239232
-0.0181167
-0.00992202
-0.00681435
-0.110226
-0.112849
-0.113655
-0.114359
-0.114975
-0.115197
-0.114941
-0.114227
-0.113058
-0.111422
-0.109312
-0.106728
-0.103673
-0.100158
-0.096194
-0.0917986
-0.0869924
-0.0818019
-0.0762539
-0.0703892
-0.0642315
-0.0578581
-0.0512465
-0.0446003
-0.0376766
-0.0311368
-0.0238853
-0.018198
-0.00996049
-0.00692772
-0.102062
-0.104819
-0.105946
-0.106943
-0.107846
-0.108388
-0.108482
-0.108137
-0.107353
-0.106116
-0.104415
-0.102244
-0.099604
-0.0964993
-0.0929385
-0.088935
-0.084506
-0.0796749
-0.074466
-0.0689178
-0.0630515
-0.056944
-0.0505682
-0.0441318
-0.037379
-0.0309902
-0.0238314
-0.0182377
-0.0100058
-0.00697491
-0.0943441
-0.0971793
-0.0985827
-0.0998353
-0.10099
-0.101815
-0.102223
-0.102214
-0.101784
-0.100918
-0.0995995
-0.0978192
-0.0955734
-0.0928624
-0.0896905
-0.0860674
-0.0820066
-0.0775283
-0.0726536
-0.0674187
-0.0618424
-0.0559994
-0.0498608
-0.0436327
-0.0370563
-0.0308125
-0.0237622
-0.0182397
-0.0100551
-0.00696505
-0.0871025
-0.0899719
-0.091607
-0.0930803
-0.0944515
-0.0955225
-0.0962088
-0.0965027
-0.0963962
-0.0958705
-0.0949068
-0.0934919
-0.0916178
-0.0892805
-0.0864805
-0.0832232
-0.0795185
-0.0753831
-0.070835
-0.0659073
-0.0606167
-0.0550347
-0.0491322
-0.0431094
-0.0367126
-0.0306078
-0.0236784
-0.0182084
-0.010105
-0.00690816
-0.080361
-0.0832311
-0.0850568
-0.0867175
-0.0882724
-0.0895549
-0.0904851
-0.0910485
-0.0912328
-0.0910167
-0.0903788
-0.0893023
-0.087775
-0.0857889
-0.0833406
-0.0804315
-0.0770678
-0.0732622
-0.0690299
-0.0644004
-0.0593884
-0.0540615
-0.0483913
-0.0425694
-0.0363528
-0.0303807
-0.0235812
-0.0181486
-0.0101528
-0.00681461
-0.0741403
-0.0769866
-0.0789663
-0.0807837
-0.0824925
-0.0839543
-0.0850953
-0.0858954
-0.0863384
-0.0864008
-0.0860585
-0.0852917
-0.0840842
-0.0824245
-0.0803051
-0.0777237
-0.0746826
-0.0711909
-0.0672603
-0.0629168
-0.0581735
-0.0530927
-0.0476484
-0.042021
-0.0359824
-0.0301369
-0.023472
-0.0180659
-0.0101959
-0.00669456
-0.0684606
-0.0712662
-0.0733682
-0.0753146
-0.0771504
-0.0787622
-0.0800829
-0.0810882
-0.0817582
-0.0820677
-0.0819903
-0.0815032
-0.0805869
-0.0792264
-0.0774107
-0.0751336
-0.0723936
-0.0691963
-0.0655503
-0.0614776
-0.0569895
-0.0521433
-0.0469155
-0.041474
-0.0356082
-0.0298825
-0.0233535
-0.0179657
-0.0102326
-0.00655755
-0.0633439
-0.0660978
-0.0682951
-0.0703462
-0.0722851
-0.0740204
-0.0754918
-0.0766722
-0.0775387
-0.0780639
-0.0782201
-0.0779818
-0.0773267
-0.0762363
-0.0746965
-0.0726975
-0.0702343
-0.0673088
-0.0639265
-0.0601059
-0.0558564
-0.05123
-0.0462061
-0.0409395
-0.0352384
-0.0296248
-0.0232288
-0.0178541
-0.0102621
-0.00641216
-0.0588149
-0.0615117
-0.0637816
-0.065916
-0.0679373
-0.0697723
-0.071368
-0.0726953
-0.0737285
-0.074439
-0.0747972
-0.0747758
-0.0743503
-0.0734993
-0.0722052
-0.0704552
-0.068241
-0.0655614
-0.0624186
-0.0588278
-0.0547965
-0.0503718
-0.0455357
-0.0404302
-0.0348824
-0.0293719
-0.0231025
-0.017737
-0.0102845
-0.00626591
-0.0549032
-0.057542
-0.0598659
-0.0620654
-0.0641508
-0.0660646
-0.0677605
-0.069208
-0.0703795
-0.071245
-0.0717738
-0.0719372
-0.0717086
-0.0710639
-0.0699829
-0.0684499
-0.0664539
-0.0639905
-0.0610593
-0.057672
-0.0538348
-0.0495898
-0.0449218
-0.0399606
-0.0345512
-0.0291328
-0.0229801
-0.0176209
-0.0103009
-0.00612523
-0.0516463
-0.0542307
-0.056593
-0.0588416
-0.0609757
-0.0629498
-0.0647237
-0.0662666
-0.0675489
-0.0685398
-0.0692079
-0.0695229
-0.0694566
-0.0689831
-0.06808
-0.0667291
-0.0649168
-0.0626361
-0.0598844
-0.0566704
-0.0529988
-0.0489078
-0.044384
-0.0395468
-0.0342573
-0.0289179
-0.0228681
-0.0175122
-0.0103131
-0.00599562
-0.0490878
-0.0516261
-0.0540151
-0.0562996
-0.058469
-0.0604873
-0.0623193
-0.0639338
-0.0653004
-0.0663873
-0.0671626
-0.067595
-0.0676551
-0.0673156
-0.0665522
-0.0653448
-0.063678
-0.0615425
-0.0589337
-0.055858
-0.0523192
-0.0483516
-0.0439441
-0.0392066
-0.0340143
-0.0287381
-0.0227739
-0.0174183
-0.0103236
-0.00588132
-0.0472975
-0.0497999
-0.0522044
-0.0545117
-0.0567038
-0.0587509
-0.0606215
-0.0622844
-0.0637083
-0.0648611
-0.0657104
-0.0662242
-0.0663724
-0.0661265
-0.0654612
-0.0643549
-0.0627908
-0.060758
-0.0582507
-0.0552735
-0.0518293
-0.0479496
-0.0436255
-0.0389589
-0.0338376
-0.0286048
-0.0227066
-0.0173444
-0.0103388
-0.00578407
-0.0463303
-0.0488192
-0.051235
-0.0535564
-0.0557618
-0.0578249
-0.0597162
-0.0614048
-0.0628589
-0.0640464
-0.0649346
-0.0654915
-0.0656861
-0.0654898
-0.0648765
-0.0638239
-0.0623144
-0.0603365
-0.0578834
-0.0549587
-0.0515653
-0.0477323
-0.043454
-0.0388234
-0.0337445
-0.028527
-0.0226794
-0.0172886
-0.0103752
-0.00570561
-0.106579
-0.117738
-0.128406
-0.138566
-0.148203
-0.157302
-0.165848
-0.173831
-0.18124
-0.188071
-0.19433
-0.200035
-0.205226
-0.209976
-0.214406
-0.218712
-0.223192
-0.228186
-0.234687
-0.250246
-0.0998324
-0.110503
-0.120722
-0.130476
-0.139752
-0.14854
-0.15683
-0.164619
-0.171907
-0.178706
-0.185041
-0.190958
-0.196534
-0.201892
-0.207219
-0.212788
-0.219011
-0.226304
-0.235109
-0.255248
-0.0933445
-0.103554
-0.113369
-0.122778
-0.131774
-0.140351
-0.148508
-0.156247
-0.163578
-0.170519
-0.177102
-0.183377
-0.189416
-0.195325
-0.201247
-0.207378
-0.214003
-0.221325
-0.229149
-0.247673
-0.0870506
-0.096826
-0.106256
-0.115334
-0.124054
-0.132414
-0.140414
-0.14806
-0.155363
-0.16234
-0.16902
-0.175443
-0.181664
-0.187759
-0.193827
-0.199999
-0.206479
-0.213421
-0.220521
-0.236951
-0.0809559
-0.0903047
-0.0993507
-0.108088
-0.116514
-0.124626
-0.132426
-0.13992
-0.147119
-0.154037
-0.1607
-0.167142
-0.173407
-0.179559
-0.18568
-0.191882
-0.19834
-0.205206
-0.212177
-0.226536
-0.0750685
-0.0839976
-0.0926611
-0.101054
-0.109175
-0.117022
-0.124599
-0.13191
-0.138967
-0.145783
-0.15238
-0.158789
-0.16505
-0.171218
-0.177365
-0.183582
-0.190007
-0.196746
-0.203539
-0.21584
-0.0693883
-0.0779078
-0.0861943
-0.0942441
-0.102055
-0.109629
-0.116966
-0.124074
-0.130961
-0.13764
-0.144132
-0.150461
-0.156661
-0.162779
-0.168869
-0.175001
-0.181275
-0.187762
-0.194309
-0.204834
-0.0639135
-0.0720343
-0.0799507
-0.0876594
-0.0951592
-0.10245
-0.109535
-0.116419
-0.12311
-0.12962
-0.135963
-0.142162
-0.148244
-0.154243
-0.160203
-0.166175
-0.172237
-0.178438
-0.184728
-0.193767
-0.0586422
-0.0663758
-0.0739296
-0.0813007
-0.0884878
-0.0954912
-0.102313
-0.108957
-0.11543
-0.121741
-0.127903
-0.133932
-0.139851
-0.145685
-0.151468
-0.157241
-0.163061
-0.168962
-0.174956
-0.182742
-0.0535725
-0.0609308
-0.0681305
-0.0751687
-0.0820441
-0.0887565
-0.0953071
-0.101699
-0.107937
-0.114029
-0.119985
-0.125816
-0.131541
-0.137178
-0.142753
-0.148297
-0.153849
-0.159435
-0.165094
-0.171834
-0.048703
-0.0556982
-0.062553
-0.0692645
-0.0758309
-0.0822515
-0.0885269
-0.094659
-0.100651
-0.106509
-0.11224
-0.117853
-0.123361
-0.128777
-0.134121
-0.139414
-0.144684
-0.149949
-0.155257
-0.161137
-0.0440327
-0.0506776
-0.0571976
-0.0635895
-0.0698513
-0.0759816
-0.0819803
-0.0878483
-0.0935877
-0.0992021
-0.104696
-0.110077
-0.115353
-0.120534
-0.125633
-0.130665
-0.135648
-0.140598
-0.145552
-0.150731
-0.0395613
-0.045869
-0.052065
-0.0581458
-0.064109
-0.0699526
-0.0756758
-0.0812785
-0.0867616
-0.0921271
-0.097378
-0.102519
-0.107554
-0.112492
-0.117341
-0.12211
-0.126811
-0.131457
-0.136067
-0.140681
-0.0352888
-0.0412731
-0.0471568
-0.0529361
-0.0586081
-0.0641706
-0.0696219
-0.0749611
-0.0801881
-0.0853035
-0.0903089
-0.0952067
-0.1
-0.104694
-0.109292
-0.113801
-0.11823
-0.122586
-0.126873
-0.131034
-0.031216
-0.0368911
-0.0424749
-0.0479634
-0.0533534
-0.0586421
-0.0638272
-0.0689073
-0.0738813
-0.0787489
-0.0835104
-0.0881667
-0.0927196
-0.0971711
-0.101524
-0.105782
-0.10995
-0.114034
-0.118023
-0.121823
-0.0273449
-0.0327253
-0.0380221
-0.0432315
-0.0483497
-0.0533735
-0.0583003
-0.0631279
-0.0678547
-0.0724795
-0.0770017
-0.0814213
-0.0857386
-0.0899546
-0.0940704
-0.0980877
-0.102009
-0.10584
-0.109558
-0.113066
-0.0236769
-0.0287777
-0.0338015
-0.0387443
-0.0436022
-0.0483716
-0.0530494
-0.0576332
-0.0621207
-0.0665101
-0.0708003
-0.0749904
-0.07908
-0.0830689
-0.0869575
-0.0907461
-0.0944363
-0.0980325
-0.101505
-0.104772
-0.0202152
-0.0250515
-0.0298165
-0.0345061
-0.0391161
-0.0436427
-0.0480826
-0.0524328
-0.0566908
-0.0608543
-0.0649217
-0.0688917
-0.0727631
-0.0765354
-0.0802081
-0.0837811
-0.0872552
-0.0906336
-0.0938851
-0.0969474
-0.0169615
-0.0215492
-0.0260705
-0.0305211
-0.0348967
-0.0391934
-0.0434075
-0.0475358
-0.0515755
-0.0555241
-0.0593797
-0.0631403
-0.0668048
-0.0703721
-0.0738414
-0.077212
-0.0804848
-0.0836615
-0.0867123
-0.089595
-0.0139192
-0.0182745
-0.0225676
-0.0267941
-0.0309496
-0.0350299
-0.0390314
-0.0429507
-0.0467847
-0.0505307
-0.0541865
-0.0577502
-0.0612201
-0.064595
-0.0678738
-0.0710559
-0.0741417
-0.0771321
-0.08
-0.0827209
-0.0110923
-0.0152317
-0.0193125
-0.0233303
-0.0272806
-0.0311591
-0.0349622
-0.0386861
-0.0423279
-0.0458847
-0.049354
-0.0527338
-0.0560224
-0.0592183
-0.0623204
-0.0653278
-0.0682409
-0.0710599
-0.0737613
-0.076334
-0.00848556
-0.0124259
-0.0163109
-0.0201359
-0.0238964
-0.0275883
-0.0312076
-0.0347509
-0.0382148
-0.0415965
-0.0448935
-0.0481035
-0.0512248
-0.0542558
-0.0571954
-0.0600426
-0.0627975
-0.0654599
-0.0680103
-0.0704468
-0.00610523
-0.00986368
-0.0135695
-0.017218
-0.0208048
-0.0243258
-0.0277769
-0.0311546
-0.0344558
-0.0376773
-0.0408168
-0.0438719
-0.0468407
-0.0497217
-0.0525136
-0.0552154
-0.0578272
-0.0603482
-0.0627628
-0.065075
-0.00395906
-0.00755307
-0.0110968
-0.0145856
-0.0180153
-0.0213815
-0.0246805
-0.0279086
-0.0310627
-0.0341398
-0.0371373
-0.040053
-0.0428848
-0.0456313
-0.048291
-0.0508631
-0.0533472
-0.0557426
-0.0580369
-0.0602373
-0.00205679
-0.00550418
-0.00890334
-0.0122498
-0.0155393
-0.0187676
-0.0219311
-0.0250262
-0.0280497
-0.0309987
-0.0338706
-0.0366631
-0.0393743
-0.0420025
-0.0445464
-0.0470049
-0.0493777
-0.0516638
-0.0538542
-0.0559565
-0.000411229
-0.00373031
-0.00700296
-0.0102248
-0.0133918
-0.0164998
-0.0195452
-0.0225245
-0.0254345
-0.0282725
-0.0310359
-0.0337223
-0.0363298
-0.0388568
-0.0413019
-0.043664
-0.0459427
-0.0481368
-0.0502401
-0.0522593
0.000963006
-0.00224687
-0.0054119
-0.00852791
-0.0115909
-0.014597
-0.0175426
-0.0204244
-0.0232393
-0.0259845
-0.0286576
-0.0312561
-0.0337783
-0.0362224
-0.038587
-0.040871
-0.0430737
-0.0451941
-0.0472282
-0.0491806
0.00204068
-0.00107941
-0.00415601
-0.00718515
-0.010163
-0.0130859
-0.0159505
-0.0187534
-0.0214918
-0.024163
-0.0267644
-0.0292939
-0.0317496
-0.0341298
-0.036433
-0.0386581
-0.0408043
-0.0428706
-0.0448547
-0.0467592
0.00280711
-0.000246379
-0.00325774
-0.00622317
-0.00913899
-0.0120017
-0.014808
-0.0175549
-0.0202394
-0.0228589
-0.0254111
-0.0278938
-0.0303049
-0.0326428
-0.0349061
-0.0370934
-0.0392037
-0.0412363
-0.0431897
-0.0450647
0.00320216
0.000199599
-0.00276148
-0.00567795
-0.00854669
-0.0113646
-0.0141286
-0.0168361
-0.0194843
-0.0220707
-0.0245933
-0.0270497
-0.0294383
-0.0317571
-0.0340048
-0.03618
-0.0382815
-0.0403084
-0.0422595
-0.0441345
0.182641
0.166421
0.151005
0.135932
0.120449
0.104828
0.0892113
0.0736399
0.0581635
0.0428306
0.0276816
0.012752
-0.00192623
-0.0163248
-0.0304187
-0.0440412
-0.0573998
-0.0703384
-0.082855
-0.0949435
0.177531
0.161122
0.145679
0.13113
0.116233
0.101252
0.086337
0.0715018
0.056779
0.0422076
0.0278202
0.0136464
-0.000285539
-0.013947
-0.0273187
-0.0402565
-0.0529691
-0.0652784
-0.0771983
-0.0887242
0.169741
0.15357
0.138462
0.124646
0.11057
0.096419
0.0823668
0.0684102
0.0545671
0.0408697
0.0273452
0.0140186
0.000914866
-0.0119397
-0.0245282
-0.0367457
-0.0488068
-0.0604731
-0.0717861
-0.0827501
0.161674
0.146346
0.131823
0.118741
0.10548
0.0921274
0.0788852
0.0657501
0.0527278
0.0398447
0.0271238
0.0145855
0.002251
-0.00985672
-0.0217095
-0.0331933
-0.044681
-0.0557556
-0.0665013
-0.0769383
0.15375
0.139426
0.125601
0.113227
0.100754
0.0881782
0.07571
0.0633554
0.0511105
0.0389961
0.0270317
0.0152339
0.00361923
-0.00779554
-0.0190037
-0.0300033
-0.0406888
-0.0511699
-0.0613806
-0.0713116
0.146093
0.132743
0.119663
0.107973
0.0962641
0.0844471
0.0727281
0.0611237
0.049624
0.038244
0.0270004
0.0159068
0.00497627
-0.00577803
-0.01635
-0.0267595
-0.0368108
-0.0467404
-0.0564375
-0.06588
0.138761
0.12634
0.114034
0.103015
0.0920392
0.0809581
0.0699598
0.059072
0.0482823
0.0376004
0.0270408
0.0166151
0.00633414
-0.00379042
-0.0137474
-0.0235392
-0.0330664
-0.0424723
-0.0516702
-0.0606412
0.131787
0.120248
0.108724
0.0983633
0.0880884
0.077715
0.0674073
0.0572017
0.0470861
0.037066
0.0271538
0.0173598
0.00769348
-0.00183515
-0.0112161
-0.0204467
-0.0294607
-0.0383598
-0.0470757
-0.055593
0.125195
0.114486
0.103736
0.0940165
0.0844085
0.0747109
0.0650622
0.0555044
0.0460271
0.0366331
0.0273327
0.0181354
0.00904948
8.3767e-05
-0.00875307
-0.0174559
-0.0259785
-0.0343958
-0.0426514
-0.0507331
0.118999
0.109069
0.0990703
0.0899716
0.0809956
0.0719395
0.0629169
0.0539722
0.0450979
0.0362946
0.0275713
0.0189366
0.0103979
0.00196321
-0.00635976
-0.0145649
-0.0226185
-0.0305787
-0.0383955
-0.0460598
0.113205
0.104002
0.094725
0.0862232
0.0778442
0.0693938
0.0609635
0.0525973
0.0442908
0.0360436
0.0278633
0.0197579
0.0117344
0.00379993
-0.00403846
-0.0117743
-0.0193814
-0.0269081
-0.0343068
-0.0415715
0.107813
0.0992863
0.0906954
0.0827638
0.0749468
0.0670657
0.0591932
0.0513711
0.0435977
0.0358726
0.0282022
0.0205939
0.0130545
0.00559052
-0.00179143
-0.00908471
-0.0162675
-0.0233838
-0.0303848
-0.0372672
0.102817
0.0949194
0.086975
0.0795845
0.0722945
0.0649461
0.0575967
0.0502846
0.0430105
0.0357741
0.0285813
0.021439
0.0143537
0.0073317
0.000379146
-0.00649716
-0.0132778
-0.0200064
-0.0266291
-0.0331466
0.0982099
0.0908955
0.0835553
0.0766748
0.0698772
0.0630253
0.0561645
0.0493287
0.0425207
0.0357408
0.0289943
0.0222878
0.0156277
0.00902009
0.00247149
-0.0040099
-0.010405
-0.0167717
-0.0230379
-0.0292088
0.0939817
0.0872061
0.0804264
0.0740233
0.067684
0.0612931
0.0548865
0.0484942
0.0421201
0.0357653
0.0294346
0.0231345
0.0168711
0.0106504
0.00447876
-0.00163688
-0.00768458
-0.0136835
-0.0196086
-0.0254537
0.0901192
0.0838405
0.077577
0.0716177
0.0657034
0.0597386
0.0537528
0.0477718
0.0418003
0.0358401
0.0298959
0.0239739
0.0180798
0.0122193
0.00639774
0.00061749
-0.00512213
-0.01075
-0.0163466
-0.0218839
0.086608
0.0807858
0.0749947
0.0694455
0.0639231
0.058351
0.0527533
0.0471523
0.0415532
0.0359583
0.0303726
0.0248018
0.019252
0.0137289
0.00823862
0.00278689
-0.00262217
-0.00795826
-0.013258
-0.0185021
0.0834319
0.0780281
0.0726664
0.0674933
0.0623309
0.0571189
0.0518777
0.0466265
0.0413705
0.0361128
0.0308583
0.0256127
0.020382
0.0151721
0.00998892
0.00483817
-0.000274969
-0.00532864
-0.0103455
-0.0153115
0.0805744
0.0755524
0.0705784
0.0657479
0.0609143
0.056031
0.0511159
0.046185
0.041244
0.0362962
0.0313465
0.0264008
0.0214649
0.0165446
0.0116461
0.0067749
0.00193692
-0.00285213
-0.00760546
-0.0123118
0.0780179
0.0733428
0.0687167
0.064196
0.0596608
0.0550761
0.0504575
0.0458187
0.0411652
0.0365008
0.0318305
0.0271601
0.0224952
0.0178418
0.0132057
0.00859287
0.00400908
-0.000533227
-0.00504158
-0.00950643
0.0757454
0.0713834
0.067067
0.0628244
0.0585582
0.0542429
0.0498923
0.0455181
0.0411257
0.0367191
0.0323035
0.0278843
0.0234673
0.0190584
0.0146633
0.0102879
0.00593801
0.00162408
-0.00265776
-0.00689913
0.0737397
0.0696585
0.0656156
0.06162
0.0575943
0.0535204
0.0494101
0.0452739
0.0411169
0.0369433
0.032758
0.0285668
0.0243751
0.0201888
0.0160135
0.011855
0.0077192
0.00361507
-0.000458689
-0.00449463
0.071985
0.0681527
0.0643488
0.0605705
0.0567575
0.0528975
0.049001
0.0450768
0.0411301
0.037165
0.0331867
0.0292005
0.0252119
0.0212266
0.0172502
0.0132884
0.00934695
0.00543388
0.0015497
-0.00229892
0.0704665
0.066852
0.063254
0.0596641
0.0560366
0.0523639
0.0486549
0.0449175
0.0411564
0.037376
0.0335813
0.0297775
0.0259701
0.0221645
0.0183662
0.0145809
0.0108142
0.00707326
0.00336003
-0.000319532
0.0691713
0.0657434
0.0623196
0.0588899
0.0554212
0.0519095
0.0483623
0.0447865
0.0411867
0.0375673
0.0339332
0.0302894
0.0266412
0.022994
0.0193531
0.015724
0.0121123
0.00852438
0.00496321
0.00143414
0.068089
0.0648163
0.0615355
0.058238
0.0549016
0.0515246
0.0481135
0.0446743
0.0412114
0.0377292
0.0342324
0.0307259
0.0272149
0.0237046
0.0202
0.0167066
0.0132296
0.00977529
0.00634708
0.00294966
0.0672129
0.0640629
0.0608942
0.0577011
0.0544701
0.0512014
0.0479005
0.0445725
0.0412219
0.0378528
0.0344699
0.0310779
0.0276817
0.0242864
0.0208969
0.0175183
0.0141556
0.0108146
0.00749897
0.00421329
0.0665391
0.0634771
0.0603884
0.0572705
0.0541165
0.050928
0.0477097
0.0444661
0.0412015
0.03792
0.0346261
0.0313243
0.0280193
0.0247158
0.0214188
0.0181329
0.0148631
0.0116149
0.00839301
0.00519988
0.0660746
0.0630657
0.0600256
0.0569548
0.0538509
0.0507159
0.0475539
0.0443689
0.0411649
0.0379459
0.0347161
0.0314798
0.0282416
0.025006
0.0217775
0.0185607
0.0153602
0.0121803
0.00902478
0.00589885
0.0658173
0.0628142
0.0597778
0.0567117
0.0536166
0.0504949
0.0473507
0.0441877
0.04101
0.0378214
0.034626
0.0314277
0.0282309
0.0250395
0.0218578
0.0186898
0.0155399
0.0124126
0.00931418
0.00624228
0.204394
0.205619
0.20821
0.211535
0.215371
0.219325
0.223028
0.226081
0.228052
0.228556
0.227126
0.223576
0.217161
0.208741
0.192295
0.203197
0.204311
0.206673
0.20967
0.213068
0.216471
0.219506
0.221776
0.222859
0.222389
0.21993
0.215336
0.207902
0.198618
0.182893
0.201926
0.202941
0.205078
0.207754
0.210728
0.213612
0.216039
0.217625
0.217969
0.216739
0.213542
0.208285
0.20035
0.190863
0.176096
0.200563
0.201469
0.203365
0.205697
0.208219
0.210553
0.212339
0.213209
0.212787
0.210774
0.206826
0.200898
0.192491
0.182703
0.168471
0.199105
0.199896
0.201537
0.203508
0.205561
0.207328
0.208458
0.208604
0.207416
0.20463
0.199958
0.193399
0.184575
0.174497
0.16073
0.19755
0.19822
0.199598
0.201198
0.202773
0.203968
0.204445
0.203879
0.201954
0.198444
0.193118
0.186013
0.176873
0.166599
0.153304
0.195895
0.196441
0.197548
0.198768
0.199859
0.200479
0.200311
0.199055
0.19643
0.192251
0.186344
0.178781
0.169415
0.159031
0.146198
0.194137
0.194555
0.195384
0.196218
0.196819
0.196868
0.196066
0.194144
0.190859
0.186067
0.179651
0.171711
0.162192
0.151769
0.139389
0.192276
0.192562
0.193108
0.19355
0.193661
0.193142
0.191723
0.189164
0.185264
0.179918
0.173064
0.164824
0.155219
0.144823
0.132891
0.19031
0.190462
0.19072
0.190768
0.19039
0.189315
0.187299
0.184137
0.17967
0.173833
0.16661
0.158144
0.148515
0.138207
0.126723
0.18824
0.188256
0.188224
0.187877
0.187016
0.185399
0.182812
0.179087
0.174105
0.167839
0.160317
0.151695
0.142096
0.131932
0.120896
0.186069
0.185947
0.185625
0.184886
0.183551
0.181411
0.178283
0.174037
0.168595
0.161964
0.154208
0.145495
0.135977
0.126006
0.115415
0.183798
0.183539
0.182929
0.181804
0.180009
0.177367
0.173734
0.169013
0.163166
0.156232
0.148306
0.139561
0.130169
0.120431
0.110285
0.181435
0.181039
0.180145
0.178642
0.176404
0.173289
0.169187
0.164041
0.157846
0.15067
0.142631
0.133909
0.124682
0.11521
0.105504
0.178986
0.178455
0.177284
0.175416
0.172755
0.169197
0.164668
0.159145
0.152659
0.1453
0.137203
0.12855
0.119521
0.110342
0.101069
0.176461
0.175798
0.17436
0.172141
0.169081
0.165114
0.160201
0.154353
0.147629
0.140142
0.132037
0.123495
0.114691
0.105822
0.0969747
0.173873
0.173082
0.171388
0.168836
0.165406
0.161065
0.155812
0.149689
0.142781
0.135215
0.127147
0.118749
0.110192
0.101646
0.0932123
0.171238
0.170323
0.168387
0.165524
0.161752
0.157076
0.151528
0.14518
0.138137
0.130538
0.122543
0.114318
0.106022
0.097806
0.0897721
0.168574
0.167542
0.16538
0.162228
0.158146
0.153174
0.147377
0.140849
0.133716
0.126125
0.118235
0.110204
0.10218
0.0942926
0.0866429
0.165903
0.164762
0.162391
0.158976
0.154617
0.149388
0.143384
0.136722
0.12954
0.121991
0.11423
0.106408
0.0986596
0.0910966
0.0838127
0.163253
0.16201
0.159449
0.155797
0.151195
0.145749
0.139579
0.132821
0.125626
0.118146
0.110535
0.102931
0.0954562
0.0882078
0.0812693
0.160652
0.159316
0.156586
0.152724
0.147912
0.142286
0.135988
0.129171
0.121992
0.114604
0.107154
0.0997713
0.0925639
0.0856163
0.0790006
0.158135
0.156716
0.153837
0.149794
0.144804
0.139033
0.132642
0.125795
0.118656
0.111376
0.104094
0.0969283
0.0899773
0.0833126
0.0769951
0.155741
0.154249
0.151241
0.147044
0.141909
0.136024
0.129569
0.122718
0.115636
0.108472
0.101358
0.0944022
0.0876919
0.0812886
0.0752425
0.153514
0.151959
0.148844
0.144519
0.139266
0.133297
0.126802
0.119965
0.112951
0.105906
0.0989539
0.0921946
0.0857049
0.079538
0.0737346
0.151503
0.149895
0.146692
0.142265
0.136921
0.13089
0.124376
0.117566
0.110624
0.103694
0.0968919
0.0903099
0.0840164
0.0780573
0.0724652
0.149763
0.148111
0.144839
0.140333
0.134921
0.128849
0.122329
0.115552
0.108681
0.101855
0.0951849
0.0887562
0.0826301
0.0768467
0.071432
0.148353
0.146667
0.143344
0.138781
0.13332
0.127223
0.120706
0.113961
0.107152
0.100413
0.0938522
0.0875473
0.0815553
0.0759113
0.0706368
0.147339
0.145629
0.142273
0.137671
0.13218
0.126068
0.119557
0.112839
0.106077
0.0994034
0.0929207
0.0867048
0.0808082
0.0752635
0.0700889
0.146795
0.145069
0.141697
0.137077
0.13157
0.125452
0.118945
0.112243
0.105507
0.0988686
0.0924285
0.0862604
0.0804147
0.0749221
0.0697988
0.219621
0.22145
0.225629
0.231368
0.23861
0.247173
0.256895
0.267686
0.279434
0.29203
0.305355
0.31929
0.3337
0.348466
0.363384
0.21954
0.221365
0.225536
0.231264
0.238492
0.247031
0.256724
0.267478
0.279179
0.291717
0.30497
0.318819
0.333125
0.347771
0.362541
0.219377
0.221195
0.225351
0.231057
0.238255
0.246746
0.256383
0.267063
0.278671
0.291091
0.304201
0.317877
0.331976
0.346385
0.360857
0.219135
0.220941
0.225074
0.230746
0.2379
0.246321
0.255873
0.266443
0.27791
0.290156
0.303051
0.316468
0.330257
0.344312
0.358337
0.218812
0.220604
0.224707
0.230334
0.237428
0.245757
0.255195
0.265619
0.276899
0.288913
0.301522
0.314596
0.327973
0.341559
0.354991
0.218412
0.220186
0.224251
0.229822
0.236839
0.245057
0.254353
0.264594
0.275642
0.287367
0.29962
0.312267
0.32513
0.338134
0.35083
0.217934
0.219687
0.223708
0.229212
0.236137
0.244222
0.253349
0.263372
0.274143
0.285522
0.297351
0.309487
0.321738
0.334048
0.345866
0.21738
0.219111
0.223079
0.228505
0.235324
0.243256
0.252188
0.261957
0.272406
0.283385
0.29472
0.306266
0.317806
0.329316
0.340117
0.216752
0.218458
0.222368
0.227697
0.234401
0.242163
0.250872
0.260354
0.270437
0.280961
0.291736
0.302611
0.313346
0.323951
0.333602
0.216053
0.217732
0.221578
0.226811
0.23337
0.240946
0.249406
0.258567
0.268242
0.278258
0.288406
0.298534
0.308369
0.31797
0.326343
0.215284
0.216935
0.220713
0.225885
0.232238
0.239609
0.247796
0.256603
0.265827
0.275284
0.284741
0.294046
0.302889
0.311392
0.318362
0.214447
0.21607
0.21977
0.224808
0.231009
0.238158
0.246047
0.254469
0.263201
0.272046
0.28075
0.289158
0.296921
0.304234
0.309683
0.213546
0.21514
0.218747
0.223667
0.22969
0.236597
0.244164
0.252169
0.26037
0.268555
0.276443
0.283883
0.29048
0.296517
0.300332
0.212582
0.214149
0.217684
0.222451
0.228284
0.234931
0.242153
0.249712
0.257344
0.264818
0.271832
0.278234
0.28358
0.288259
0.29033
0.21156
0.213097
0.216565
0.221162
0.226795
0.233166
0.240022
0.247106
0.254131
0.26085
0.266932
0.272229
0.276244
0.279484
0.279704
0.210481
0.211987
0.21535
0.219805
0.225226
0.231305
0.237773
0.244353
0.250736
0.256653
0.261747
0.265872
0.268477
0.270199
0.268463
0.20935
0.21084
0.214085
0.218384
0.223579
0.229347
0.235403
0.241448
0.247148
0.252212
0.256256
0.259135
0.260247
0.260357
0.256566
0.208169
0.20964
0.21278
0.216921
0.221885
0.227335
0.232966
0.238456
0.243445
0.247618
0.250565
0.252133
0.251678
0.25009
0.244132
0.206943
0.208401
0.211452
0.215445
0.220194
0.225346
0.230577
0.235541
0.239849
0.243159
0.245031
0.245298
0.243269
0.239942
0.231771
0.205666
0.207072
0.209982
0.213763
0.218221
0.222989
0.227724
0.232056
0.235574
0.237906
0.23859
0.237438
0.233687
0.228397
0.217603
0.205667
0.207072
0.209982
0.213764
0.218221
0.222989
0.227724
0.232056
0.235574
0.237906
0.23859
0.237438
0.233687
0.228397
0.217603
0.206943
0.208401
0.211452
0.215445
0.220194
0.225346
0.230578
0.235541
0.23985
0.243159
0.245032
0.245299
0.24327
0.239942
0.231771
0.208169
0.20964
0.21278
0.216921
0.221885
0.227335
0.232966
0.238456
0.243446
0.247618
0.250565
0.252133
0.251678
0.25009
0.244132
0.20935
0.21084
0.214085
0.218384
0.223579
0.229347
0.235403
0.241448
0.247148
0.252212
0.256256
0.259135
0.260247
0.260357
0.256566
0.210481
0.211987
0.21535
0.219805
0.225226
0.231305
0.237773
0.244353
0.250736
0.256653
0.261747
0.265872
0.268477
0.270199
0.268464
0.21156
0.213097
0.216565
0.221162
0.226795
0.233166
0.240022
0.247106
0.254131
0.26085
0.266932
0.272229
0.276244
0.279484
0.279704
0.212582
0.214149
0.217684
0.222451
0.228284
0.234931
0.242153
0.249712
0.257344
0.264819
0.271832
0.278234
0.28358
0.288259
0.29033
0.213546
0.21514
0.218747
0.223667
0.22969
0.236597
0.244164
0.252169
0.260371
0.268555
0.276443
0.283883
0.29048
0.296517
0.300332
0.214447
0.21607
0.21977
0.224808
0.231009
0.238158
0.246047
0.254469
0.263201
0.272046
0.28075
0.289158
0.296921
0.304234
0.309683
0.215284
0.216935
0.220713
0.225885
0.232238
0.239609
0.247796
0.256604
0.265827
0.275284
0.284741
0.294046
0.302889
0.311392
0.318362
0.216053
0.217732
0.221578
0.226811
0.23337
0.240946
0.249406
0.258567
0.268242
0.278258
0.288406
0.298534
0.308369
0.31797
0.326343
0.216752
0.218458
0.222368
0.227697
0.234401
0.242163
0.250872
0.260354
0.270437
0.280961
0.291736
0.302611
0.313346
0.323951
0.333602
0.21738
0.219111
0.223079
0.228505
0.235324
0.243256
0.252188
0.261957
0.272406
0.283385
0.29472
0.306266
0.317806
0.329316
0.340117
0.217934
0.219687
0.223708
0.229212
0.236137
0.244222
0.25335
0.263372
0.274143
0.285522
0.297351
0.309487
0.321738
0.334048
0.345866
0.218412
0.220186
0.224251
0.229822
0.236839
0.245057
0.254353
0.264594
0.275642
0.287367
0.29962
0.312267
0.32513
0.338134
0.35083
0.218813
0.220604
0.224707
0.230334
0.237428
0.245757
0.255195
0.265619
0.276899
0.288913
0.301522
0.314596
0.327973
0.341559
0.354991
0.219135
0.220941
0.225074
0.230746
0.2379
0.246321
0.255873
0.266443
0.27791
0.290156
0.303051
0.316468
0.330257
0.344312
0.358337
0.219377
0.221195
0.225351
0.231057
0.238255
0.246746
0.256383
0.267063
0.278671
0.291091
0.304201
0.317877
0.331976
0.346385
0.360857
0.21954
0.221365
0.225536
0.231264
0.238492
0.247031
0.256724
0.267478
0.279179
0.291717
0.30497
0.318819
0.333125
0.347771
0.362541
0.219621
0.22145
0.225629
0.231368
0.23861
0.247173
0.256895
0.267686
0.279434
0.29203
0.305355
0.31929
0.3337
0.348466
0.363384
0.146795
0.145069
0.141697
0.137077
0.13157
0.125452
0.118945
0.112243
0.105507
0.0988688
0.0924288
0.0862606
0.0804149
0.0749223
0.069799
0.147339
0.145629
0.142273
0.137672
0.132181
0.126069
0.119557
0.112839
0.106077
0.0994036
0.092921
0.086705
0.0808085
0.0752637
0.0700891
0.148353
0.146667
0.143345
0.138781
0.133321
0.127223
0.120706
0.113961
0.107152
0.100414
0.0938524
0.0875476
0.0815555
0.0759116
0.070637
0.149763
0.148111
0.144839
0.140333
0.134921
0.128849
0.12233
0.115552
0.108681
0.101855
0.0951851
0.0887564
0.0826303
0.0768469
0.0714323
0.151504
0.149895
0.146692
0.142265
0.136921
0.13089
0.124376
0.117566
0.110624
0.103694
0.0968921
0.0903101
0.0840166
0.0780576
0.0724655
0.153514
0.151959
0.148844
0.144519
0.139266
0.133297
0.126803
0.119965
0.112951
0.105906
0.0989542
0.0921948
0.0857052
0.0795383
0.0737348
0.155741
0.154249
0.151242
0.147045
0.141909
0.136024
0.129569
0.122718
0.115636
0.108472
0.101358
0.0944024
0.0876921
0.0812889
0.0752428
0.158135
0.156716
0.153837
0.149794
0.144805
0.139033
0.132642
0.125795
0.118656
0.111376
0.104094
0.0969285
0.0899775
0.0833129
0.0769953
0.160652
0.159317
0.156586
0.152725
0.147912
0.142286
0.135988
0.129171
0.121992
0.114605
0.107155
0.0997715
0.0925641
0.0856165
0.0790008
0.163253
0.16201
0.159449
0.155797
0.151195
0.145749
0.139579
0.132822
0.125626
0.118147
0.110535
0.102931
0.0954564
0.0882081
0.0812695
0.165904
0.164763
0.162391
0.158976
0.154617
0.149389
0.143384
0.136722
0.12954
0.121991
0.11423
0.106409
0.0986598
0.0910968
0.083813
0.168574
0.167543
0.16538
0.162228
0.158146
0.153174
0.147377
0.140849
0.133717
0.126126
0.118235
0.110204
0.10218
0.0942928
0.0866431
0.171238
0.170323
0.168387
0.165524
0.161752
0.157076
0.151528
0.14518
0.138137
0.130538
0.122543
0.114318
0.106023
0.0978062
0.0897723
0.173873
0.173082
0.171388
0.168836
0.165406
0.161065
0.155812
0.149689
0.142781
0.135216
0.127147
0.118749
0.110192
0.101647
0.0932125
0.176461
0.175798
0.17436
0.172141
0.169082
0.165114
0.160201
0.154353
0.147629
0.140142
0.132037
0.123495
0.114691
0.105823
0.0969749
0.178986
0.178455
0.177285
0.175416
0.172755
0.169197
0.164668
0.159145
0.152659
0.1453
0.137204
0.128551
0.119522
0.110342
0.101069
0.181435
0.181039
0.180145
0.178642
0.176404
0.173289
0.169187
0.164041
0.157846
0.15067
0.142632
0.133909
0.124682
0.11521
0.105504
0.183798
0.183539
0.182929
0.181804
0.180009
0.177367
0.173734
0.169013
0.163167
0.156233
0.148306
0.139561
0.130169
0.120431
0.110285
0.186069
0.185947
0.185625
0.184886
0.183552
0.181411
0.178284
0.174037
0.168595
0.161964
0.154208
0.145495
0.135977
0.126006
0.115415
0.18824
0.188257
0.188224
0.187878
0.187016
0.185399
0.182813
0.179087
0.174105
0.167839
0.160317
0.151695
0.142096
0.131932
0.120896
0.19031
0.190462
0.19072
0.190768
0.19039
0.189315
0.187299
0.184137
0.17967
0.173833
0.16661
0.158145
0.148515
0.138207
0.126723
0.192276
0.192562
0.193108
0.19355
0.193661
0.193142
0.191723
0.189164
0.185264
0.179918
0.173064
0.164824
0.15522
0.144823
0.132892
0.194137
0.194555
0.195384
0.196218
0.196819
0.196868
0.196066
0.194144
0.190859
0.186067
0.179651
0.171711
0.162193
0.151769
0.139389
0.195895
0.196441
0.197548
0.198768
0.199859
0.200479
0.200311
0.199055
0.19643
0.192251
0.186344
0.178781
0.169415
0.159031
0.146198
0.19755
0.19822
0.199598
0.201198
0.202773
0.203968
0.204445
0.203879
0.201954
0.198444
0.193118
0.186013
0.176873
0.166599
0.153304
0.199105
0.199896
0.201537
0.203508
0.205561
0.207328
0.208459
0.208604
0.207416
0.20463
0.199958
0.193399
0.184576
0.174497
0.16073
0.200563
0.20147
0.203365
0.205697
0.208219
0.210554
0.212339
0.213209
0.212788
0.210774
0.206826
0.200899
0.192491
0.182703
0.168471
0.201926
0.202941
0.205078
0.207754
0.210728
0.213612
0.216039
0.217625
0.217969
0.216739
0.213542
0.208285
0.20035
0.190863
0.176097
0.203197
0.204311
0.206673
0.20967
0.213068
0.216471
0.219506
0.221776
0.222859
0.222389
0.21993
0.215337
0.207902
0.198618
0.182893
0.204394
0.205619
0.20821
0.211535
0.215371
0.219325
0.223028
0.226081
0.228052
0.228556
0.227126
0.223576
0.217161
0.208741
0.192295
0.0658176
0.0628144
0.059778
0.056712
0.0536168
0.0504952
0.0473509
0.044188
0.0410102
0.0378217
0.0346262
0.031428
0.0282311
0.0250397
0.021858
0.0186901
0.0155401
0.0124129
0.00931444
0.00624253
0.0660749
0.063066
0.0600259
0.0569551
0.0538512
0.0507162
0.0475542
0.0443692
0.0411652
0.0379461
0.0347163
0.0314801
0.0282419
0.0250063
0.0217778
0.018561
0.0153604
0.0121805
0.00902504
0.00589911
0.0665394
0.0634774
0.0603887
0.0572707
0.0541168
0.0509283
0.0477099
0.0444664
0.0412018
0.0379203
0.0346263
0.0313245
0.0280195
0.0247161
0.021419
0.0181332
0.0148634
0.0116151
0.00839327
0.00520013
0.0672131
0.0640631
0.0608944
0.0577013
0.0544703
0.0512016
0.0479007
0.0445728
0.0412221
0.0378531
0.0344701
0.0310782
0.027682
0.0242866
0.0208971
0.0175185
0.0141559
0.0108148
0.00749922
0.00421355
0.0680893
0.0648165
0.0615358
0.0582382
0.0549018
0.0515248
0.0481137
0.0446745
0.0412116
0.0377294
0.0342326
0.0307262
0.0272152
0.0237048
0.0202003
0.0167069
0.0132299
0.00977554
0.00634733
0.00294991
0.0691715
0.0657437
0.0623199
0.0588901
0.0554215
0.0519097
0.0483626
0.0447868
0.041187
0.0375676
0.0339334
0.0302896
0.0266414
0.0229942
0.0193534
0.0157243
0.0121125
0.00852463
0.00496346
0.00143439
0.0704667
0.0668522
0.0632543
0.0596643
0.0560369
0.0523641
0.0486552
0.0449177
0.0411566
0.0373763
0.0335816
0.0297778
0.0259703
0.0221647
0.0183665
0.0145811
0.0108144
0.00707351
0.00336028
-0.000319283
0.0719852
0.068153
0.064349
0.0605708
0.0567578
0.0528977
0.0490012
0.0450771
0.0411303
0.0371653
0.0331869
0.0292007
0.0252121
0.0212268
0.0172504
0.0132886
0.0093472
0.00543413
0.00154995
-0.00229867
0.07374
0.0696587
0.0656158
0.0616202
0.0575946
0.0535206
0.0494103
0.0452741
0.0411171
0.0369435
0.0327583
0.028567
0.0243754
0.020189
0.0160137
0.0118552
0.00771945
0.00361531
-0.000458444
-0.00449438
0.0757456
0.0713836
0.0670672
0.0628246
0.0585584
0.0542432
0.0498925
0.0455183
0.0411259
0.0367194
0.0323037
0.0278845
0.0234676
0.0190586
0.0146635
0.0102881
0.00593825
0.00162432
-0.00265752
-0.00689889
0.0780182
0.073343
0.0687169
0.0641962
0.0596611
0.0550764
0.0504577
0.0458189
0.0411654
0.036501
0.0318308
0.0271603
0.0224954
0.017842
0.013206
0.00859311
0.00400932
-0.000532988
-0.00504134
-0.00950619
0.0805746
0.0755526
0.0705786
0.0657481
0.0609145
0.0560313
0.0511161
0.0461853
0.0412442
0.0362964
0.0313467
0.026401
0.0214651
0.0165449
0.0116463
0.00677514
0.00193715
-0.00285189
-0.00760522
-0.0123116
0.0834322
0.0780284
0.0726666
0.0674935
0.0623311
0.0571191
0.051878
0.0466267
0.0413707
0.0361131
0.0308585
0.0256129
0.0203822
0.0151723
0.00998915
0.00483841
-0.000274736
-0.00532841
-0.0103453
-0.0153113
0.0866082
0.080786
0.0749949
0.0694457
0.0639233
0.0583512
0.0527535
0.0471525
0.0415534
0.0359586
0.0303728
0.024802
0.0192522
0.0137291
0.00823885
0.00278712
-0.00262194
-0.00795803
-0.0132577
-0.0185019
0.0901194
0.0838407
0.0775772
0.071618
0.0657036
0.0597389
0.0537531
0.047772
0.0418005
0.0358403
0.0298961
0.0239741
0.01808
0.0122195
0.00639796
0.000617717
-0.0051219
-0.0107498
-0.0163464
-0.0218837
0.0939819
0.0872063
0.0804266
0.0740235
0.0676842
0.0612933
0.0548867
0.0484944
0.0421203
0.0357655
0.0294348
0.0231347
0.0168713
0.0106507
0.00447898
-0.00163666
-0.00768435
-0.0136832
-0.0196083
-0.0254535
0.0982101
0.0908957
0.0835555
0.076675
0.0698774
0.0630255
0.0561647
0.0493289
0.0425209
0.035741
0.0289945
0.022288
0.0156279
0.00902031
0.00247171
-0.00400968
-0.0104047
-0.0167715
-0.0230377
-0.0292086
0.102817
0.0949196
0.0869752
0.0795847
0.0722947
0.0649463
0.0575969
0.0502848
0.0430107
0.0357743
0.0285815
0.0214393
0.0143539
0.00733191
0.000379363
-0.00649694
-0.0132776
-0.0200061
-0.0266289
-0.0331463
0.107813
0.0992865
0.0906956
0.082764
0.074947
0.0670659
0.0591934
0.0513713
0.0435979
0.0358728
0.0282024
0.0205941
0.0130547
0.00559074
-0.00179122
-0.0090845
-0.0162673
-0.0233836
-0.0303845
-0.037267
0.113205
0.104002
0.0947252
0.0862233
0.0778444
0.069394
0.0609637
0.0525975
0.044291
0.0360438
0.0278635
0.0197581
0.0117346
0.00380014
-0.00403825
-0.0117741
-0.0193812
-0.0269079
-0.0343066
-0.0415713
0.118999
0.109069
0.0990705
0.0899717
0.0809958
0.0719397
0.0629171
0.0539724
0.0450981
0.0362948
0.0275715
0.0189368
0.0103981
0.00196342
-0.00635955
-0.0145647
-0.0226183
-0.0305785
-0.0383953
-0.0460596
0.125195
0.114487
0.103736
0.0940166
0.0844087
0.0747111
0.0650624
0.0555045
0.0460273
0.0366333
0.0273329
0.0181356
0.00904969
8.39706e-05
-0.00875287
-0.0174557
-0.0259783
-0.0343956
-0.0426511
-0.0507329
0.131787
0.120248
0.108724
0.0983635
0.0880886
0.0777152
0.0674075
0.0572019
0.0470863
0.0370662
0.027154
0.01736
0.00769368
-0.00183495
-0.0112159
-0.0204465
-0.0294605
-0.0383596
-0.0470755
-0.0555928
0.138761
0.12634
0.114034
0.103015
0.0920394
0.0809583
0.06996
0.0590722
0.0482825
0.0376006
0.027041
0.0166153
0.00633434
-0.00379022
-0.0137472
-0.023539
-0.0330662
-0.0424721
-0.05167
-0.060641
0.146093
0.132743
0.119663
0.107974
0.0962643
0.0844473
0.0727282
0.0611239
0.0496242
0.0382442
0.0270006
0.0159069
0.00497646
-0.00577784
-0.0163498
-0.0267593
-0.0368106
-0.0467402
-0.0564373
-0.0658798
0.15375
0.139426
0.125602
0.113227
0.100755
0.0881784
0.0757102
0.0633556
0.0511107
0.0389963
0.0270319
0.015234
0.00361942
-0.00779535
-0.0190035
-0.0300031
-0.0406886
-0.0511697
-0.0613804
-0.0713114
0.161674
0.146346
0.131824
0.118742
0.10548
0.0921276
0.0788854
0.0657503
0.0527279
0.0398449
0.027124
0.0145857
0.00225119
-0.00985654
-0.0217093
-0.0331931
-0.0446808
-0.0557554
-0.0665012
-0.0769381
0.169741
0.15357
0.138462
0.124646
0.11057
0.0964192
0.082367
0.0684104
0.0545673
0.0408698
0.0273454
0.0140187
0.00091505
-0.0119395
-0.0245281
-0.0367455
-0.0488066
-0.0604729
-0.0717859
-0.0827499
0.177531
0.161122
0.145679
0.13113
0.116233
0.101252
0.0863372
0.071502
0.0567792
0.0422078
0.0278204
0.0136465
-0.000285357
-0.0139468
-0.0273185
-0.0402563
-0.0529689
-0.0652782
-0.0771981
-0.088724
0.182641
0.166421
0.151005
0.135932
0.120449
0.104828
0.0892114
0.07364
0.0581637
0.0428308
0.0276818
0.0127522
-0.00192605
-0.0163246
-0.0304185
-0.044041
-0.0573996
-0.0703382
-0.0828548
-0.0949433
0.00320241
0.000199851
-0.00276123
-0.0056777
-0.00854644
-0.0113643
-0.0141284
-0.0168358
-0.019484
-0.0220705
-0.024593
-0.0270495
-0.029438
-0.0317569
-0.0340046
-0.0361798
-0.0382813
-0.0403081
-0.0422592
-0.0441343
0.00280736
-0.000246126
-0.00325749
-0.00622292
-0.00913874
-0.0120015
-0.0148078
-0.0175546
-0.0202391
-0.0228587
-0.0254109
-0.0278935
-0.0303047
-0.0326426
-0.0349058
-0.0370931
-0.0392035
-0.0412361
-0.0431895
-0.0450644
0.00204093
-0.00107915
-0.00415576
-0.0071849
-0.0101628
-0.0130857
-0.0159502
-0.0187532
-0.0214916
-0.0241627
-0.0267641
-0.0292937
-0.0317494
-0.0341295
-0.0364328
-0.0386579
-0.0408041
-0.0428704
-0.0448545
-0.046759
0.000963259
-0.00224661
-0.00541164
-0.00852766
-0.0115906
-0.0145967
-0.0175423
-0.0204241
-0.0232391
-0.0259843
-0.0286573
-0.0312559
-0.0337781
-0.0362222
-0.0385868
-0.0408708
-0.0430735
-0.0451939
-0.0472279
-0.0491804
-0.000410978
-0.00373006
-0.00700271
-0.0102246
-0.0133915
-0.0164995
-0.0195449
-0.0225242
-0.0254343
-0.0282723
-0.0310356
-0.033722
-0.0363296
-0.0388566
-0.0413017
-0.0436638
-0.0459424
-0.0481366
-0.0502398
-0.0522591
-0.00205654
-0.00550393
-0.00890309
-0.0122496
-0.015539
-0.0187674
-0.0219309
-0.025026
-0.0280495
-0.0309985
-0.0338704
-0.0366629
-0.0393741
-0.0420023
-0.0445461
-0.0470047
-0.0493775
-0.0516636
-0.053854
-0.0559563
-0.00395881
-0.00755282
-0.0110965
-0.0145854
-0.018015
-0.0213813
-0.0246802
-0.0279084
-0.0310625
-0.0341396
-0.0371371
-0.0400527
-0.0428846
-0.0456311
-0.0482908
-0.0508629
-0.053347
-0.0557423
-0.0580367
-0.0602371
-0.00610498
-0.00986343
-0.0135692
-0.0172178
-0.0208046
-0.0243255
-0.0277767
-0.0311544
-0.0344555
-0.0376771
-0.0408166
-0.0438717
-0.0468405
-0.0497215
-0.0525134
-0.0552152
-0.057827
-0.060348
-0.0627625
-0.0650748
-0.00848531
-0.0124257
-0.0163106
-0.0201356
-0.0238962
-0.0275881
-0.0312074
-0.0347506
-0.0382145
-0.0415963
-0.0448932
-0.0481033
-0.0512246
-0.0542556
-0.0571952
-0.0600424
-0.0627973
-0.0654597
-0.0680101
-0.0704466
-0.011092
-0.0152314
-0.0193123
-0.0233301
-0.0272804
-0.0311589
-0.0349619
-0.0386859
-0.0423277
-0.0458844
-0.0493538
-0.0527336
-0.0560222
-0.0592181
-0.0623201
-0.0653276
-0.0682407
-0.0710597
-0.0737611
-0.0763338
-0.013919
-0.0182742
-0.0225674
-0.0267939
-0.0309493
-0.0350297
-0.0390312
-0.0429505
-0.0467844
-0.0505305
-0.0541863
-0.05775
-0.0612199
-0.0645947
-0.0678736
-0.0710557
-0.0741414
-0.0771318
-0.0799998
-0.0827207
-0.0169613
-0.0215489
-0.0260703
-0.0305209
-0.0348965
-0.0391931
-0.0434072
-0.0475355
-0.0515752
-0.0555239
-0.0593794
-0.0631401
-0.0668046
-0.0703719
-0.0738412
-0.0772118
-0.0804846
-0.0836613
-0.0867121
-0.0895948
-0.020215
-0.0250512
-0.0298163
-0.0345059
-0.0391159
-0.0436425
-0.0480824
-0.0524326
-0.0566905
-0.0608541
-0.0649215
-0.0688914
-0.0727629
-0.0765352
-0.0802079
-0.0837808
-0.087255
-0.0906334
-0.0938849
-0.0969472
-0.0236766
-0.0287774
-0.0338012
-0.0387441
-0.0436019
-0.0483713
-0.0530492
-0.057633
-0.0621204
-0.0665099
-0.0708001
-0.0749902
-0.0790798
-0.0830687
-0.0869573
-0.0907459
-0.0944361
-0.0980323
-0.101505
-0.104772
-0.0273447
-0.0327251
-0.0380219
-0.0432313
-0.0483495
-0.0533733
-0.0583001
-0.0631277
-0.0678545
-0.0724793
-0.0770015
-0.0814211
-0.0857384
-0.0899544
-0.0940702
-0.0980875
-0.102009
-0.10584
-0.109558
-0.113066
-0.0312158
-0.0368909
-0.0424746
-0.0479632
-0.0533531
-0.0586418
-0.063827
-0.0689071
-0.0738811
-0.0787487
-0.0835101
-0.0881665
-0.0927194
-0.0971709
-0.101524
-0.105782
-0.10995
-0.114034
-0.118023
-0.121823
-0.0352885
-0.0412728
-0.0471565
-0.0529359
-0.0586079
-0.0641704
-0.0696217
-0.0749609
-0.0801879
-0.0853033
-0.0903087
-0.0952065
-0.1
-0.104693
-0.109292
-0.113801
-0.118229
-0.122586
-0.126872
-0.131034
-0.039561
-0.0458688
-0.0520648
-0.0581456
-0.0641087
-0.0699524
-0.0756756
-0.0812783
-0.0867614
-0.0921269
-0.0973778
-0.102518
-0.107554
-0.112492
-0.117341
-0.12211
-0.126811
-0.131457
-0.136067
-0.140681
-0.0440325
-0.0506774
-0.0571974
-0.0635893
-0.0698511
-0.0759814
-0.0819801
-0.0878481
-0.0935875
-0.0992019
-0.104696
-0.110077
-0.115352
-0.120533
-0.125632
-0.130664
-0.135648
-0.140598
-0.145552
-0.150731
-0.0487028
-0.055698
-0.0625528
-0.0692643
-0.0758307
-0.0822513
-0.0885267
-0.0946588
-0.100651
-0.106509
-0.11224
-0.117853
-0.123361
-0.128777
-0.134121
-0.139414
-0.144684
-0.149949
-0.155256
-0.161136
-0.0535723
-0.0609306
-0.0681303
-0.0751685
-0.0820439
-0.0887563
-0.0953069
-0.101699
-0.107937
-0.114029
-0.119985
-0.125816
-0.13154
-0.137177
-0.142753
-0.148296
-0.153849
-0.159434
-0.165094
-0.171834
-0.058642
-0.0663756
-0.0739294
-0.0813005
-0.0884876
-0.095491
-0.102313
-0.108957
-0.115429
-0.121741
-0.127903
-0.133932
-0.13985
-0.145685
-0.151468
-0.157241
-0.163061
-0.168962
-0.174956
-0.182742
-0.0639133
-0.0720341
-0.0799505
-0.0876592
-0.095159
-0.10245
-0.109535
-0.116419
-0.12311
-0.12962
-0.135963
-0.142162
-0.148244
-0.154243
-0.160202
-0.166175
-0.172236
-0.178438
-0.184728
-0.193767
-0.0693881
-0.0779076
-0.0861941
-0.0942439
-0.102055
-0.109628
-0.116966
-0.124074
-0.13096
-0.13764
-0.144131
-0.15046
-0.156661
-0.162779
-0.168869
-0.175001
-0.181275
-0.187762
-0.194309
-0.204833
-0.0750683
-0.0839974
-0.0926609
-0.101054
-0.109175
-0.117022
-0.124599
-0.13191
-0.138967
-0.145783
-0.15238
-0.158789
-0.16505
-0.171218
-0.177365
-0.183582
-0.190007
-0.196746
-0.203539
-0.21584
-0.0809557
-0.0903045
-0.0993505
-0.108088
-0.116513
-0.124625
-0.132426
-0.13992
-0.147118
-0.154037
-0.1607
-0.167141
-0.173407
-0.179558
-0.18568
-0.191882
-0.19834
-0.205205
-0.212177
-0.226536
-0.0870504
-0.0968259
-0.106256
-0.115334
-0.124054
-0.132413
-0.140414
-0.14806
-0.155363
-0.16234
-0.16902
-0.175443
-0.181664
-0.187758
-0.193827
-0.199999
-0.206479
-0.213421
-0.220521
-0.236951
-0.0933444
-0.103554
-0.113369
-0.122778
-0.131773
-0.140351
-0.148507
-0.156247
-0.163577
-0.170519
-0.177102
-0.183377
-0.189416
-0.195325
-0.201247
-0.207378
-0.214003
-0.221325
-0.229149
-0.247673
-0.0998322
-0.110503
-0.120722
-0.130476
-0.139752
-0.14854
-0.15683
-0.164618
-0.171907
-0.178706
-0.185041
-0.190957
-0.196533
-0.201892
-0.207219
-0.212788
-0.219011
-0.226304
-0.235108
-0.255248
-0.106579
-0.117738
-0.128406
-0.138566
-0.148203
-0.157302
-0.165848
-0.173831
-0.181239
-0.188071
-0.19433
-0.200035
-0.205226
-0.209976
-0.214406
-0.218712
-0.223192
-0.228186
-0.234687
-0.250246
-0.0463301
-0.048819
-0.0512347
-0.0535562
-0.0557616
-0.0578247
-0.059716
-0.0614046
-0.0628588
-0.0640462
-0.0649345
-0.0654913
-0.065686
-0.0654896
-0.0648763
-0.0638238
-0.0623143
-0.0603363
-0.0578833
-0.0549586
-0.0515652
-0.0477323
-0.0434539
-0.0388233
-0.0337444
-0.0285269
-0.0226793
-0.0172885
-0.0103752
-0.0057056
-0.0472973
-0.0497997
-0.0522042
-0.0545115
-0.0567036
-0.0587507
-0.0606213
-0.0622842
-0.0637081
-0.0648609
-0.0657102
-0.0662241
-0.0663722
-0.0661264
-0.065461
-0.0643548
-0.0627907
-0.0607579
-0.0582506
-0.0552734
-0.0518292
-0.0479495
-0.0436254
-0.0389588
-0.0338376
-0.0286048
-0.0227065
-0.0173444
-0.0103387
-0.00578407
-0.0490876
-0.0516259
-0.0540149
-0.0562994
-0.0584688
-0.0604871
-0.0623191
-0.0639336
-0.0653002
-0.0663871
-0.0671624
-0.0675948
-0.067655
-0.0673154
-0.066552
-0.0653447
-0.0636778
-0.0615423
-0.0589336
-0.0558579
-0.0523191
-0.0483515
-0.043944
-0.0392065
-0.0340143
-0.0287381
-0.0227739
-0.0174183
-0.0103236
-0.00588132
-0.0516461
-0.0542305
-0.0565928
-0.0588414
-0.0609755
-0.0629496
-0.0647235
-0.0662664
-0.0675487
-0.0685396
-0.0692077
-0.0695227
-0.0694564
-0.068983
-0.0680799
-0.0667289
-0.0649167
-0.062636
-0.0598843
-0.0566703
-0.0529987
-0.0489077
-0.044384
-0.0395468
-0.0342572
-0.0289178
-0.0228681
-0.0175122
-0.0103131
-0.00599562
-0.054903
-0.0575418
-0.0598657
-0.0620652
-0.0641506
-0.0660644
-0.0677603
-0.0692078
-0.0703794
-0.0712448
-0.0717736
-0.0719371
-0.0717084
-0.0710637
-0.0699827
-0.0684498
-0.0664538
-0.0639904
-0.0610592
-0.0576719
-0.0538347
-0.0495898
-0.0449217
-0.0399606
-0.0345512
-0.0291328
-0.0229801
-0.0176208
-0.0103009
-0.00612523
-0.0588147
-0.0615114
-0.0637814
-0.0659158
-0.0679371
-0.0697721
-0.0713678
-0.0726951
-0.0737283
-0.0744388
-0.074797
-0.0747756
-0.0743501
-0.0734992
-0.0722051
-0.070455
-0.0682409
-0.0655613
-0.0624185
-0.0588277
-0.0547964
-0.0503717
-0.0455356
-0.0404302
-0.0348824
-0.0293718
-0.0231025
-0.017737
-0.0102844
-0.0062659
-0.0633437
-0.0660976
-0.0682949
-0.070346
-0.0722849
-0.0740202
-0.0754916
-0.0766721
-0.0775385
-0.0780638
-0.07822
-0.0779817
-0.0773265
-0.0762362
-0.0746964
-0.0726973
-0.0702341
-0.0673087
-0.0639264
-0.0601058
-0.0558563
-0.05123
-0.046206
-0.0409394
-0.0352384
-0.0296248
-0.0232288
-0.0178541
-0.010262
-0.00641216
-0.0684604
-0.071266
-0.073368
-0.0753144
-0.0771502
-0.078762
-0.0800827
-0.081088
-0.0817581
-0.0820675
-0.0819901
-0.081503
-0.0805867
-0.0792262
-0.0774105
-0.0751334
-0.0723935
-0.0691962
-0.0655502
-0.0614775
-0.0569894
-0.0521432
-0.0469154
-0.0414739
-0.0356082
-0.0298825
-0.0233535
-0.0179657
-0.0102326
-0.00655754
-0.07414
-0.0769864
-0.0789661
-0.0807835
-0.0824923
-0.0839541
-0.0850952
-0.0858952
-0.0863382
-0.0864006
-0.0860584
-0.0852915
-0.084084
-0.0824243
-0.080305
-0.0777236
-0.0746825
-0.0711907
-0.0672602
-0.0629167
-0.0581734
-0.0530926
-0.0476483
-0.042021
-0.0359823
-0.0301369
-0.023472
-0.0180659
-0.0101959
-0.00669456
-0.0803608
-0.0832309
-0.0850566
-0.0867173
-0.0882722
-0.0895547
-0.090485
-0.0910483
-0.0912326
-0.0910166
-0.0903787
-0.0893021
-0.0877748
-0.0857888
-0.0833405
-0.0804314
-0.0770676
-0.0732621
-0.0690298
-0.0644003
-0.0593884
-0.0540614
-0.0483912
-0.0425694
-0.0363527
-0.0303807
-0.0235811
-0.0181486
-0.0101528
-0.0068146
-0.0871023
-0.0899717
-0.0916068
-0.0930801
-0.0944514
-0.0955223
-0.0962087
-0.0965025
-0.0963961
-0.0958703
-0.0949066
-0.0934918
-0.0916177
-0.0892804
-0.0864804
-0.0832231
-0.0795184
-0.075383
-0.0708349
-0.0659072
-0.0606166
-0.0550347
-0.0491321
-0.0431094
-0.0367126
-0.0306077
-0.0236784
-0.0182083
-0.010105
-0.00690815
-0.0943439
-0.0971791
-0.0985825
-0.0998351
-0.10099
-0.101815
-0.102223
-0.102214
-0.101784
-0.100918
-0.0995993
-0.0978191
-0.0955733
-0.0928622
-0.0896904
-0.0860673
-0.0820065
-0.0775282
-0.0726535
-0.0674186
-0.0618423
-0.0559994
-0.0498608
-0.0436326
-0.0370562
-0.0308125
-0.0237622
-0.0182397
-0.010055
-0.00696504
-0.102062
-0.104819
-0.105946
-0.106943
-0.107846
-0.108388
-0.108482
-0.108137
-0.107353
-0.106116
-0.104415
-0.102244
-0.0996039
-0.0964992
-0.0929384
-0.0889349
-0.0845059
-0.0796748
-0.0744659
-0.0689177
-0.0630515
-0.0569439
-0.0505682
-0.0441317
-0.0373789
-0.0309902
-0.0238314
-0.0182377
-0.0100058
-0.00697491
-0.110225
-0.112848
-0.113654
-0.114359
-0.114975
-0.115197
-0.114941
-0.114227
-0.113057
-0.111422
-0.109312
-0.106728
-0.103673
-0.100158
-0.0961938
-0.0917984
-0.0869923
-0.0818018
-0.0762538
-0.0703891
-0.0642314
-0.057858
-0.0512464
-0.0446003
-0.0376765
-0.0311367
-0.0238852
-0.018198
-0.00996048
-0.00692772
-0.118794
-0.121216
-0.121658
-0.122037
-0.122327
-0.122191
-0.121551
-0.120436
-0.118853
-0.116792
-0.11425
-0.111232
-0.107746
-0.103806
-0.0994277
-0.0946322
-0.0894431
-0.0838895
-0.0780007
-0.071819
-0.0653708
-0.0587326
-0.0518886
-0.0450328
-0.0379456
-0.0312487
-0.0239232
-0.0181166
-0.00992201
-0.00681434
-0.127712
-0.129856
-0.129901
-0.129923
-0.12985
-0.129319
-0.128263
-0.126718
-0.124694
-0.122183
-0.119188
-0.115719
-0.111788
-0.107412
-0.102613
-0.097412
-0.0918375
-0.0859201
-0.0796915
-0.0731947
-0.0664597
-0.0595596
-0.0524885
-0.0454245
-0.0381829
-0.031323
-0.0239445
-0.0179906
-0.00989307
-0.00662707
-0.136907
-0.138691
-0.138318
-0.137958
-0.137486
-0.136525
-0.135024
-0.133023
-0.130533
-0.127551
-0.124086
-0.120152
-0.115765
-0.110948
-0.105722
-0.100115
-0.0941559
-0.087877
-0.0813126
-0.0745053
-0.0674889
-0.0603318
-0.0530409
-0.0457712
-0.0383859
-0.0313573
-0.0239485
-0.0178177
-0.00987568
-0.00636016
-0.146285
-0.147631
-0.146841
-0.14608
-0.145174
-0.143754
-0.141782
-0.139301
-0.136324
-0.132854
-0.128905
-0.124496
-0.119647
-0.114384
-0.108733
-0.102721
-0.0963808
-0.0897457
-0.0828518
-0.0757408
-0.0684509
-0.0610433
-0.0535412
-0.0460695
-0.0385522
-0.03135
-0.0239344
-0.0175968
-0.00987108
-0.00601013
-0.155736
-0.156578
-0.155396
-0.154223
-0.152853
-0.150948
-0.148483
-0.145503
-0.142021
-0.138049
-0.133607
-0.128716
-0.123404
-0.117696
-0.111621
-0.105211
-0.0984966
-0.0915133
-0.0842988
-0.076893
-0.0693392
-0.0616893
-0.0539858
-0.046317
-0.03868
-0.0312999
-0.0239012
-0.0173276
-0.00987961
-0.0055761
-0.165131
-0.16543
-0.163912
-0.162321
-0.160462
-0.158052
-0.155077
-0.15158
-0.14758
-0.143097
-0.138155
-0.132782
-0.127007
-0.12086
-0.114369
-0.107568
-0.10049
-0.0931692
-0.0856451
-0.0779554
-0.0701487
-0.0622659
-0.0543721
-0.0465118
-0.0387679
-0.0312067
-0.023848
-0.0170112
-0.00990071
-0.00505975
-0.174328
-0.174089
-0.172323
-0.170313
-0.167942
-0.165012
-0.161514
-0.157485
-0.152957
-0.147958
-0.142516
-0.136664
-0.130434
-0.123855
-0.11696
-0.10978
-0.102351
-0.0947051
-0.0868845
-0.0789232
-0.0708761
-0.0627709
-0.0546984
-0.0466532
-0.0388152
-0.0310708
-0.023774
-0.0166496
-0.0099329
-0.00446531
-0.183182
-0.182469
-0.180571
-0.178141
-0.17524
-0.171781
-0.167746
-0.163177
-0.158115
-0.152599
-0.146661
-0.140339
-0.133663
-0.126666
-0.11938
-0.111837
-0.104071
-0.0961153
-0.0880128
-0.0797936
-0.0715195
-0.0632032
-0.0549641
-0.0467414
-0.0388217
-0.0308933
-0.0236786
-0.0162456
-0.00997405
-0.00379927
-0.191541
-0.190512
-0.188617
-0.185756
-0.182309
-0.178313
-0.173732
-0.168614
-0.163019
-0.15699
-0.150567
-0.143785
-0.13668
-0.129281
-0.121621
-0.113731
-0.105646
-0.0973971
-0.0890284
-0.080566
-0.0720787
-0.0635633
-0.0551699
-0.0467774
-0.0387882
-0.0306763
-0.0235615
-0.0158031
-0.0100215
-0.0030699
-0.199271
-0.198195
-0.196438
-0.193119
-0.189115
-0.184572
-0.179435
-0.173765
-0.16764
-0.161109
-0.154213
-0.146991
-0.139474
-0.131693
-0.123678
-0.115461
-0.107075
-0.0985501
-0.0899317
-0.0812412
-0.0725551
-0.0638528
-0.0553172
-0.0467632
-0.0387157
-0.0304222
-0.0234226
-0.0153265
-0.0100723
-0.00228684
-0.206255
-0.205544
-0.204029
-0.200201
-0.195624
-0.190525
-0.184821
-0.1786
-0.171954
-0.164936
-0.157588
-0.149945
-0.142039
-0.133897
-0.12555
-0.117025
-0.108358
-0.0995754
-0.0907244
-0.0818212
-0.0729507
-0.0640738
-0.0554079
-0.0467011
-0.0386059
-0.0301341
-0.023262
-0.0148209
-0.0101224
-0.00146122
-0.212384
-0.212624
-0.211392
-0.206979
-0.201809
-0.196136
-0.189857
-0.183092
-0.175941
-0.168457
-0.16068
-0.152642
-0.144371
-0.135893
-0.127236
-0.118426
-0.109497
-0.100476
-0.0914092
-0.0823091
-0.0732683
-0.0642294
-0.0554448
-0.0465942
-0.0384607
-0.0298154
-0.0230803
-0.0142917
-0.0101681
-0.000604708
-0.217707
-0.219547
-0.218521
-0.213431
-0.207645
-0.201379
-0.194524
-0.187229
-0.179596
-0.171673
-0.163494
-0.155089
-0.146481
-0.137693
-0.128749
-0.119676
-0.110506
-0.101264
-0.091998
-0.0827156
-0.0735179
-0.0643285
-0.0554356
-0.0464495
-0.0382856
-0.0294718
-0.0228801
-0.013745
-0.0102067
0.000271172
-0.223014
-0.2266
-0.225515
-0.219646
-0.213206
-0.206319
-0.198888
-0.19108
-0.182987
-0.17465
-0.166096
-0.157348
-0.148426
-0.139348
-0.130137
-0.120817
-0.111421
-0.101972
-0.0925201
-0.0830667
-0.0737216
-0.0643901
-0.0553959
-0.0462804
-0.0380906
-0.0291124
-0.0226666
-0.013187
-0.0102379
0.00115602
-0.22921
-0.234304
-0.232673
-0.225873
-0.218666
-0.211083
-0.203048
-0.194719
-0.186169
-0.177426
-0.168509
-0.159433
-0.150209
-0.140855
-0.13139
-0.121838
-0.112229
-0.102585
-0.0929579
-0.0833446
-0.0738624
-0.0643988
-0.0553113
-0.0460754
-0.0378651
-0.0287312
-0.0224329
-0.0126183
-0.0102558
0.00204114
-0.231848
-0.242428
-0.23944
-0.231432
-0.223259
-0.214903
-0.206269
-0.197452
-0.188491
-0.179396
-0.170171
-0.16082
-0.151351
-0.141775
-0.132109
-0.122374
-0.112601
-0.10281
-0.0930525
-0.0833225
-0.0737438
-0.0641881
-0.0550435
-0.0457243
-0.0375226
-0.0282689
-0.022131
-0.0120263
-0.0102277
0.00291394
-0.264813
-0.251508
-0.24075
-0.232183
-0.223754
-0.215224
-0.206503
-0.19762
-0.1886
-0.179449
-0.17017
-0.160765
-0.151241
-0.14161
-0.13189
-0.122101
-0.112276
-0.102435
-0.0926338
-0.0828632
-0.0732561
-0.0636679
-0.0545235
-0.0451658
-0.0370217
-0.02768
-0.0217318
-0.0113762
-0.010124
0.00383734
-0.2644
-0.25515
-0.243791
-0.235051
-0.226095
-0.216942
-0.207735
-0.198475
-0.189156
-0.179763
-0.170285
-0.160715
-0.151051
-0.141301
-0.131481
-0.121609
-0.111717
-0.101824
-0.0919831
-0.0821837
-0.0725603
-0.0629593
-0.0538251
-0.0444542
-0.0363726
-0.0269681
-0.0212304
-0.0106036
-0.0100205
0.00491006
-0.265988
-0.256529
-0.244123
-0.23518
-0.226039
-0.21667
-0.207322
-0.197961
-0.188561
-0.1791
-0.169563
-0.159939
-0.150228
-0.140439
-0.130586
-0.120691
-0.110783
-0.100883
-0.0910423
-0.0812505
-0.0716425
-0.0620592
-0.05296
-0.0436035
-0.0356036
-0.0261611
-0.0206563
-0.00976296
-0.00990942
0.00605089
-0.267171
-0.257268
-0.244179
-0.235001
-0.2257
-0.21617
-0.206722
-0.197293
-0.187836
-0.178327
-0.168746
-0.159083
-0.149337
-0.139518
-0.129641
-0.119729
-0.10981
-0.099906
-0.0900684
-0.0802861
-0.0706947
-0.0611303
-0.0520671
-0.0427264
-0.0348099
-0.0253307
-0.020062
-0.00890087
-0.00979016
0.00722983
-0.267077
-0.256834
-0.243566
-0.234328
-0.224999
-0.215424
-0.205949
-0.196501
-0.187022
-0.177488
-0.167881
-0.158191
-0.14842
-0.138577
-0.128682
-0.118756
-0.10883
-0.0989241
-0.0890904
-0.0793179
-0.0697429
-0.060197
-0.0511686
-0.0418434
-0.0340088
-0.0244925
-0.019459
-0.00802854
-0.00966388
0.00843466
-0.266241
-0.255663
-0.242441
-0.233205
-0.223919
-0.214382
-0.204943
-0.195522
-0.186057
-0.176527
-0.166916
-0.157216
-0.147434
-0.137581
-0.127677
-0.117746
-0.107818
-0.0979161
-0.0880904
-0.078331
-0.0687746
-0.0592495
-0.050257
-0.0409492
-0.0331965
-0.0236451
-0.0188459
-0.00714738
-0.00953033
0.00965779
-0.26472
-0.253894
-0.240919
-0.231754
-0.222561
-0.21312
-0.203759
-0.194396
-0.184971
-0.175465
-0.165866
-0.156172
-0.14639
-0.136536
-0.126632
-0.116702
-0.106779
-0.0968854
-0.0870714
-0.0773279
-0.0677922
-0.0582901
-0.0493345
-0.0400463
-0.0323754
-0.0227915
-0.0182252
-0.00626188
-0.00938947
0.0108893
-0.262605
-0.251667
-0.239103
-0.230066
-0.221004
-0.211699
-0.202445
-0.193163
-0.183795
-0.174328
-0.164755
-0.155077
-0.145305
-0.135459
-0.125561
-0.115639
-0.105725
-0.0958429
-0.0860433
-0.076318
-0.0668046
-0.0573269
-0.0484088
-0.0391418
-0.0315523
-0.0219383
-0.0176019
-0.00537901
-0.00924198
0.0121173
-0.260027
-0.249129
-0.237095
-0.228226
-0.219318
-0.210173
-0.201043
-0.191854
-0.182556
-0.173139
-0.163601
-0.153948
-0.144195
-0.134363
-0.124478
-0.114568
-0.104667
-0.0947994
-0.0850164
-0.0753111
-0.0658209
-0.0563689
-0.0474884
-0.038244
-0.0307346
-0.0210931
-0.0169818
-0.00450677
-0.00908919
0.0133288
-0.257123
-0.246417
-0.234989
-0.226313
-0.21757
-0.208594
-0.199595
-0.190506
-0.181283
-0.171923
-0.162426
-0.152805
-0.143076
-0.133263
-0.123396
-0.113502
-0.103617
-0.0937666
-0.084002
-0.0743178
-0.0648516
-0.055426
-0.0465829
-0.037362
-0.0299308
-0.0202645
-0.0163716
-0.00365398
-0.00893296
0.0145099
-0.254031
-0.243654
-0.232866
-0.224392
-0.215819
-0.207012
-0.198143
-0.189152
-0.180006
-0.170705
-0.161254
-0.151668
-0.141967
-0.132178
-0.122331
-0.112457
-0.10259
-0.092758
-0.0830128
-0.0733503
-0.0639084
-0.0545093
-0.0457028
-0.036506
-0.0291505
-0.0194619
-0.0157788
-0.00283026
-0.00877568
0.0156461
-0.250881
-0.240944
-0.230796
-0.222525
-0.214116
-0.20547
-0.196724
-0.187827
-0.178756
-0.169513
-0.160108
-0.150559
-0.140889
-0.131126
-0.121302
-0.111448
-0.1016
-0.0917882
-0.0820627
-0.0724221
-0.0630039
-0.0536311
-0.04486
-0.0356873
-0.028404
-0.0186957
-0.0152114
-0.00204593
-0.00862019
0.0167227
-0.247801
-0.238374
-0.228839
-0.220759
-0.212505
-0.204007
-0.195373
-0.186563
-0.17756
-0.168373
-0.159013
-0.149502
-0.139863
-0.130127
-0.120326
-0.110493
-0.100665
-0.0908725
-0.0811665
-0.0715471
-0.0621519
-0.0528045
-0.0440669
-0.0349178
-0.0277022
-0.0179766
-0.0146778
-0.00131175
-0.00846969
0.017725
-0.24492
-0.236014
-0.227042
-0.219136
-0.211023
-0.202657
-0.194121
-0.185388
-0.176448
-0.167311
-0.157993
-0.148517
-0.138909
-0.129199
-0.119421
-0.109609
-0.0998003
-0.0900266
-0.0803393
-0.0707401
-0.0613663
-0.0520428
-0.0433363
-0.0342096
-0.0270563
-0.0173159
-0.0141867
-0.000638671
-0.00832762
0.0186386
-0.242303
-0.233917
-0.225442
-0.21769
-0.209701
-0.201448
-0.192997
-0.184329
-0.175442
-0.16635
-0.157071
-0.147627
-0.138046
-0.128361
-0.118605
-0.108813
-0.0990223
-0.0892662
-0.079596
-0.0700153
-0.0606611
-0.0513594
-0.0426809
-0.0335749
-0.0264774
-0.0167246
-0.0137467
-3.74508e-05
-0.00819751
0.0194501
-0.24001
-0.232124
-0.22407
-0.216448
-0.208563
-0.200405
-0.192022
-0.183409
-0.174567
-0.165514
-0.156267
-0.146851
-0.137295
-0.127632
-0.117895
-0.108121
-0.0983466
-0.088606
-0.078951
-0.0693865
-0.0600495
-0.050767
-0.042113
-0.0330253
-0.0259762
-0.0162131
-0.0133657
0.000481677
-0.00808278
0.020147
-0.238107
-0.230663
-0.22295
-0.215431
-0.207631
-0.199546
-0.191219
-0.182648
-0.173843
-0.16482
-0.155599
-0.146207
-0.136673
-0.127028
-0.117307
-0.107548
-0.0977871
-0.0880597
-0.0784175
-0.0688666
-0.0595439
-0.0502774
-0.0416437
-0.0325714
-0.0255622
-0.0157911
-0.0130512
0.000909406
-0.00798664
0.0207186
-0.236643
-0.229553
-0.222097
-0.214655
-0.206918
-0.198888
-0.190601
-0.182063
-0.173285
-0.164285
-0.155085
-0.145711
-0.136192
-0.126561
-0.116854
-0.107106
-0.0973561
-0.0876389
-0.0780066
-0.0684663
-0.0591547
-0.0499006
-0.0412826
-0.0322224
-0.0252439
-0.0154669
-0.0128094
0.00123773
-0.00791187
0.0211556
-0.235652
-0.228805
-0.221523
-0.214132
-0.206437
-0.198443
-0.190183
-0.181666
-0.172905
-0.163921
-0.154734
-0.145373
-0.135865
-0.126244
-0.116546
-0.106806
-0.0970632
-0.0873529
-0.0777274
-0.0681943
-0.0588903
-0.0496448
-0.0410374
-0.0319854
-0.0250279
-0.0152468
-0.0126453
0.00146031
-0.00786072
0.0214509
-0.235153
-0.228429
-0.221233
-0.213868
-0.206194
-0.198219
-0.189972
-0.181465
-0.172713
-0.163737
-0.154557
-0.145202
-0.135699
-0.126084
-0.11639
-0.106654
-0.096915
-0.0872083
-0.0775862
-0.0680568
-0.0587566
-0.0495154
-0.0409134
-0.0318657
-0.0249187
-0.0151357
-0.0125624
0.00157273
-0.00783474
0.0215998
)
;

boundaryField
{
    inlet
    {
        type            zeroGradient;
    }
    outlet
    {
        type            fixedValue;
        value           uniform 0;
    }
    cylinder
    {
        type            zeroGradient;
    }
    top
    {
        type            symmetryPlane;
    }
    bottom
    {
        type            symmetryPlane;
    }
    defaultFaces
    {
        type            empty;
    }
}


// ************************************************************************* //
