/*--------------------------------*- C++ -*----------------------------------*\
  =========                 |
  \\      /  F ield         | OpenFOAM: The Open Source CFD Toolbox
   \\    /   O peration     | Website:  https://openfoam.org
    \\  /    A nd           | Version:  9
     \\/     M anipulation  |
\*---------------------------------------------------------------------------*/
FoamFile
{
    format      ascii;
    class       volScalarField;
    location    "36.9";
    object      p;
}
// * * * * * * * * * * * * * * * * * * * * * * * * * * * * * * * * * * * * * //

dimensions      [0 2 -2 0 0 0 0];

internalField   nonuniform List<scalar> 
8500
(
-0.296542
-0.300757
-0.301594
-0.303344
-0.305433
-0.305682
-0.309441
-0.305819
-0.312
-0.304687
-0.296806
-0.300961
-0.301792
-0.30351
-0.305631
-0.305776
-0.309739
-0.305754
-0.312414
-0.304574
-0.29733
-0.301363
-0.30218
-0.303835
-0.30602
-0.305954
-0.310325
-0.305608
-0.313236
-0.304346
-0.298098
-0.301953
-0.302746
-0.304302
-0.306583
-0.306195
-0.31118
-0.305352
-0.314455
-0.304
-0.299092
-0.302714
-0.303471
-0.304889
-0.307293
-0.306473
-0.312268
-0.304948
-0.316047
-0.303532
-0.30029
-0.303629
-0.304333
-0.305571
-0.308117
-0.306761
-0.313536
-0.304361
-0.317972
-0.302922
-0.301665
-0.304677
-0.305305
-0.306318
-0.309009
-0.307037
-0.314909
-0.303562
-0.320172
-0.302113
-0.303192
-0.305835
-0.306361
-0.307101
-0.309919
-0.307288
-0.316291
-0.302538
-0.322557
-0.301095
-0.304843
-0.307082
-0.30747
-0.307895
-0.310789
-0.307508
-0.317565
-0.301364
-0.324685
-0.300076
-0.306596
-0.3084
-0.308606
-0.308678
-0.311563
-0.307714
-0.318513
-0.300268
-0.326484
-0.29868
-0.308431
-0.309773
-0.309743
-0.309435
-0.312181
-0.307992
-0.319004
-0.299146
-0.327909
-0.297064
-0.310335
-0.311188
-0.310863
-0.310158
-0.312541
-0.308388
-0.319049
-0.298069
-0.328553
-0.295705
-0.312304
-0.312642
-0.311954
-0.310863
-0.312666
-0.308771
-0.318649
-0.297357
-0.327869
-0.29516
-0.314338
-0.314133
-0.313008
-0.311529
-0.31261
-0.309088
-0.317736
-0.297174
-0.325464
-0.295454
-0.316451
-0.315668
-0.314038
-0.312137
-0.31242
-0.309322
-0.316375
-0.297439
-0.321321
-0.29578
-0.318668
-0.317255
-0.31508
-0.312691
-0.312149
-0.309277
-0.31469
-0.297784
-0.31594
-0.295046
-0.321023
-0.318914
-0.316164
-0.313223
-0.31187
-0.308917
-0.312768
-0.297824
-0.309963
-0.292728
-0.323557
-0.320678
-0.317324
-0.313773
-0.311645
-0.30826
-0.31058
-0.297362
-0.303648
-0.288847
-0.326317
-0.322581
-0.318604
-0.314378
-0.311478
-0.307419
-0.308032
-0.296326
-0.296923
-0.28382
-0.329361
-0.324664
-0.320055
-0.315062
-0.311331
-0.306513
-0.305104
-0.294576
-0.289833
-0.278427
-0.332744
-0.326977
-0.321728
-0.315827
-0.311176
-0.305582
-0.301869
-0.291885
-0.282998
-0.273158
-0.336509
-0.329589
-0.32366
-0.316658
-0.311048
-0.304563
-0.29841
-0.2882
-0.27686
-0.266626
-0.340731
-0.332551
-0.325859
-0.317564
-0.311001
-0.303336
-0.294759
-0.283787
-0.2707
-0.259876
-0.345475
-0.335928
-0.328287
-0.318625
-0.311031
-0.301794
-0.290914
-0.278782
-0.264539
-0.253082
-0.350801
-0.339772
-0.330891
-0.319975
-0.311049
-0.299879
-0.28683
-0.273386
-0.258263
-0.246199
-0.356778
-0.344095
-0.333677
-0.321687
-0.310933
-0.297562
-0.282484
-0.267692
-0.251849
-0.239292
-0.36348
-0.348849
-0.336756
-0.323684
-0.310581
-0.29484
-0.277861
-0.261761
-0.2453
-0.232294
-0.370977
-0.353935
-0.340333
-0.325764
-0.309917
-0.291716
-0.272951
-0.255616
-0.238599
-0.225205
-0.379312
-0.359251
-0.344591
-0.327711
-0.308871
-0.288195
-0.267746
-0.24926
-0.231742
-0.217985
-0.388458
-0.364736
-0.349574
-0.329372
-0.307372
-0.284271
-0.262236
-0.242682
-0.224712
-0.210613
-0.398301
-0.370403
-0.355099
-0.330649
-0.305359
-0.279925
-0.256402
-0.235864
-0.21749
-0.203063
-0.408614
-0.376327
-0.360781
-0.331465
-0.302778
-0.275127
-0.250223
-0.228786
-0.210052
-0.195313
-0.419065
-0.382608
-0.366132
-0.331732
-0.299584
-0.269841
-0.24367
-0.221421
-0.202376
-0.187342
-0.429338
-0.389308
-0.370691
-0.331334
-0.29574
-0.26403
-0.236711
-0.213744
-0.194439
-0.179131
-0.439126
-0.396391
-0.374108
-0.330141
-0.291202
-0.257659
-0.229313
-0.205724
-0.18622
-0.170663
-0.448174
-0.403685
-0.376161
-0.328015
-0.285926
-0.250696
-0.221445
-0.197336
-0.177696
-0.161922
-0.456278
-0.410865
-0.376747
-0.324831
-0.27986
-0.243106
-0.213075
-0.188553
-0.168849
-0.152893
-0.46328
-0.417474
-0.375852
-0.320489
-0.27295
-0.234857
-0.204175
-0.179352
-0.15966
-0.143571
-0.46905
-0.422989
-0.373504
-0.31492
-0.265144
-0.225915
-0.19472
-0.169714
-0.150114
-0.133965
-0.473481
-0.42693
-0.369684
-0.308076
-0.256391
-0.216247
-0.184686
-0.15962
-0.140199
-0.1241
-0.476472
-0.428965
-0.364271
-0.299911
-0.246651
-0.205823
-0.174056
-0.149053
-0.129903
-0.113993
-0.477915
-0.428813
-0.357172
-0.290383
-0.235888
-0.194619
-0.162814
-0.137999
-0.119217
-0.103622
-0.47768
-0.426274
-0.348327
-0.279453
-0.224074
-0.182616
-0.150947
-0.126446
-0.108153
-0.0929253
-0.475611
-0.421212
-0.337689
-0.267095
-0.21119
-0.169799
-0.138439
-0.114385
-0.0967513
-0.0818232
-0.471519
-0.413536
-0.325209
-0.253311
-0.197223
-0.156155
-0.125282
-0.101816
-0.0850593
-0.0702934
-0.465199
-0.403188
-0.310849
-0.238103
-0.182159
-0.141678
-0.11148
-0.0887806
-0.0730518
-0.0584692
-0.456433
-0.390133
-0.294588
-0.221471
-0.165984
-0.126392
-0.0970739
-0.0753588
-0.0606163
-0.0464414
-0.445011
-0.374354
-0.276417
-0.203413
-0.148705
-0.110359
-0.0821275
-0.0615283
-0.0477617
-0.0342158
-0.430739
-0.35585
-0.256332
-0.183949
-0.130407
-0.093637
-0.0665985
-0.047299
-0.0345341
-0.0217989
-0.413458
-0.334639
-0.23432
-0.163168
-0.111243
-0.0761285
-0.0505279
-0.0326846
-0.0209813
-0.00920437
-0.393049
-0.310781
-0.210383
-0.141219
-0.0911515
-0.0578886
-0.0339557
-0.0177094
-0.00714627
0.00354117
-0.369447
-0.284401
-0.184602
-0.118078
-0.0701779
-0.0389766
-0.0169257
-0.00240607
0.00692971
0.016401
-0.342639
-0.255669
-0.157169
-0.0936574
-0.0483802
-0.0194588
0.00051444
0.0131858
0.0212068
0.029331
-0.312673
-0.224613
-0.128218
-0.0680761
-0.0258259
0.00059471
0.0183103
0.0290222
0.0356485
0.0422865
-0.279669
-0.190974
-0.0981419
-0.0414772
-0.0025892
0.0211089
0.0364015
0.0450578
0.0502235
0.0552238
-0.243803
-0.155058
-0.0668901
-0.0140106
0.0212433
0.0420038
0.054723
0.0612511
0.0648998
0.0680726
-0.205174
-0.117273
-0.0345153
0.0141774
0.0455714
0.0631944
0.0732097
0.0775681
0.0796217
0.0806591
-0.163749
-0.0782499
-0.0011471
0.0429443
0.0702842
0.0845909
0.0917995
0.0939755
0.0942768
0.092647
-0.120014
-0.0381486
0.0330349
0.0721471
0.0952624
0.1061
0.110431
0.110414
0.10869
0.103747
-0.0743277
0.00283955
0.0678264
0.101637
0.12038
0.127628
0.129038
0.126772
0.1227
0.114278
-0.0270687
0.0444773
0.103008
0.131257
0.145506
0.149075
0.147534
0.142911
0.136252
0.125556
0.0213603
0.086501
0.13835
0.160843
0.170508
0.170342
0.165822
0.158719
0.14955
0.137365
0.0705404
0.128629
0.173619
0.190226
0.195249
0.191324
0.183809
0.174163
0.162641
0.149215
0.120041
0.170569
0.208577
0.219231
0.219591
0.21191
0.201397
0.189197
0.175472
0.160932
0.169423
0.212023
0.242985
0.247683
0.243396
0.231993
0.218499
0.203775
0.187969
0.172332
0.218248
0.252688
0.276609
0.275404
0.266527
0.251459
0.235029
0.217839
0.200066
0.183322
0.266078
0.292267
0.309215
0.302219
0.288846
0.270203
0.250904
0.231326
0.211695
0.19382
0.312485
0.330467
0.340577
0.327957
0.310219
0.288116
0.26604
0.244174
0.222793
0.203767
0.357047
0.367008
0.370477
0.352449
0.330517
0.305096
0.280359
0.256319
0.233298
0.213115
0.399356
0.40163
0.398706
0.375534
0.349613
0.321044
0.293785
0.2677
0.243153
0.22182
0.439036
0.434076
0.425066
0.397057
0.367387
0.335865
0.306243
0.278258
0.252303
0.229845
0.475788
0.464057
0.449367
0.416871
0.383729
0.349472
0.317667
0.287936
0.260697
0.237154
0.509316
0.491318
0.471435
0.434843
0.398532
0.361784
0.327992
0.296684
0.268288
0.243718
0.539329
0.515641
0.491108
0.450847
0.411704
0.372727
0.33716
0.304452
0.275031
0.249511
0.565563
0.536841
0.508244
0.464775
0.423157
0.382233
0.345119
0.311196
0.280887
0.254511
0.587788
0.554757
0.522719
0.47653
0.432818
0.390246
0.351823
0.316878
0.285822
0.258699
0.605808
0.569255
0.534428
0.486034
0.440624
0.396716
0.357234
0.321464
0.289805
0.262063
0.619464
0.580225
0.543284
0.493219
0.446524
0.401604
0.361321
0.324928
0.292814
0.264593
0.628635
0.587584
0.549225
0.498036
0.450479
0.404879
0.364058
0.327248
0.29483
0.266281
0.633241
0.591277
0.552206
0.500453
0.452463
0.406522
0.365431
0.328412
0.295841
0.267126
0.633241
0.591277
0.552206
0.500453
0.452463
0.406522
0.365431
0.328412
0.295841
0.267126
0.628635
0.587584
0.549225
0.498036
0.450479
0.404879
0.364058
0.327248
0.29483
0.266281
0.619464
0.580225
0.543284
0.493219
0.446524
0.401604
0.361321
0.324928
0.292814
0.264593
0.605808
0.569255
0.534428
0.486034
0.440624
0.396716
0.357234
0.321464
0.289805
0.262063
0.587788
0.554757
0.522719
0.47653
0.432818
0.390246
0.351823
0.316878
0.285822
0.258699
0.565563
0.536841
0.508245
0.464775
0.423157
0.382233
0.345119
0.311196
0.280887
0.254511
0.539329
0.515641
0.491108
0.450847
0.411704
0.372727
0.33716
0.304452
0.275031
0.249511
0.509316
0.491318
0.471435
0.434843
0.398532
0.361784
0.327992
0.296684
0.268288
0.243718
0.475788
0.464057
0.449367
0.416871
0.383729
0.349472
0.317667
0.287936
0.260697
0.237154
0.439036
0.434076
0.425066
0.397057
0.367387
0.335865
0.306243
0.278258
0.252303
0.229845
0.399356
0.40163
0.398706
0.375534
0.349613
0.321044
0.293785
0.2677
0.243153
0.22182
0.357048
0.367008
0.370477
0.352449
0.330517
0.305096
0.280359
0.256319
0.233298
0.213115
0.312485
0.330467
0.340577
0.327957
0.310219
0.288116
0.26604
0.244174
0.222793
0.203767
0.266078
0.292267
0.309215
0.302219
0.288846
0.270203
0.250904
0.231326
0.211695
0.19382
0.218248
0.252688
0.276609
0.275404
0.266527
0.251459
0.23503
0.217839
0.200066
0.183322
0.169423
0.212023
0.242985
0.247683
0.243397
0.231993
0.218499
0.203775
0.187969
0.172332
0.120041
0.170569
0.208577
0.219231
0.219591
0.211911
0.201397
0.189197
0.175472
0.160932
0.0705405
0.128629
0.173619
0.190226
0.195249
0.191324
0.183809
0.174163
0.162641
0.149215
0.0213604
0.0865011
0.13835
0.160843
0.170508
0.170342
0.165822
0.158719
0.14955
0.137365
-0.0270686
0.0444774
0.103008
0.131257
0.145506
0.149075
0.147534
0.142911
0.136252
0.125556
-0.0743276
0.00283964
0.0678265
0.101637
0.12038
0.127628
0.129038
0.126773
0.1227
0.114278
-0.120014
-0.0381485
0.033035
0.0721472
0.0952624
0.1061
0.110432
0.110414
0.10869
0.103747
-0.163749
-0.0782498
-0.00114701
0.0429444
0.0702843
0.0845909
0.0917995
0.0939755
0.0942769
0.0926471
-0.205174
-0.117273
-0.0345152
0.0141775
0.0455715
0.0631944
0.0732098
0.0775681
0.0796217
0.0806591
-0.243802
-0.155058
-0.06689
-0.0140105
0.0212433
0.0420039
0.0547231
0.0612511
0.0648998
0.0680726
-0.279669
-0.190974
-0.0981417
-0.0414771
-0.00258912
0.0211089
0.0364016
0.0450578
0.0502236
0.0552239
-0.312673
-0.224613
-0.128218
-0.068076
-0.0258258
0.000594787
0.0183104
0.0290222
0.0356485
0.0422866
-0.342639
-0.255668
-0.157168
-0.0936573
-0.0483801
-0.0194587
0.000514511
0.0131859
0.0212069
0.0293311
-0.369447
-0.284401
-0.184602
-0.118077
-0.0701778
-0.0389765
-0.0169256
-0.00240601
0.00692977
0.0164011
-0.393049
-0.310781
-0.210383
-0.141219
-0.0911514
-0.0578885
-0.0339556
-0.0177094
-0.00714621
0.00354123
-0.413458
-0.334639
-0.23432
-0.163167
-0.111243
-0.0761285
-0.0505278
-0.0326845
-0.0209812
-0.00920432
-0.430739
-0.35585
-0.256332
-0.183949
-0.130407
-0.0936369
-0.0665984
-0.047299
-0.034534
-0.0217989
-0.445011
-0.374353
-0.276417
-0.203413
-0.148704
-0.110359
-0.0821274
-0.0615282
-0.0477616
-0.0342157
-0.456433
-0.390132
-0.294588
-0.221471
-0.165984
-0.126391
-0.0970738
-0.0753587
-0.0606163
-0.0464414
-0.465198
-0.403188
-0.310849
-0.238103
-0.182159
-0.141678
-0.11148
-0.0887806
-0.0730517
-0.0584692
-0.471519
-0.413536
-0.325209
-0.25331
-0.197223
-0.156155
-0.125282
-0.101816
-0.0850592
-0.0702933
-0.47561
-0.421211
-0.337689
-0.267095
-0.21119
-0.169799
-0.138439
-0.114384
-0.0967512
-0.0818231
-0.47768
-0.426274
-0.348327
-0.279452
-0.224074
-0.182616
-0.150947
-0.126446
-0.108153
-0.0929252
-0.477915
-0.428813
-0.357172
-0.290383
-0.235888
-0.194619
-0.162814
-0.137999
-0.119217
-0.103622
-0.476472
-0.428965
-0.364271
-0.299911
-0.246651
-0.205822
-0.174056
-0.149053
-0.129903
-0.113993
-0.473481
-0.42693
-0.369684
-0.308075
-0.256391
-0.216246
-0.184686
-0.15962
-0.140199
-0.1241
-0.46905
-0.422989
-0.373504
-0.31492
-0.265143
-0.225915
-0.194719
-0.169714
-0.150114
-0.133965
-0.46328
-0.417474
-0.375852
-0.320489
-0.27295
-0.234857
-0.204175
-0.179352
-0.15966
-0.143571
-0.456278
-0.410864
-0.376747
-0.324831
-0.27986
-0.243106
-0.213074
-0.188553
-0.168849
-0.152893
-0.448174
-0.403684
-0.37616
-0.328015
-0.285926
-0.250696
-0.221445
-0.197336
-0.177696
-0.161922
-0.439126
-0.39639
-0.374107
-0.330141
-0.291202
-0.257659
-0.229313
-0.205724
-0.186219
-0.170663
-0.429337
-0.389307
-0.370691
-0.331334
-0.295739
-0.26403
-0.236711
-0.213744
-0.194439
-0.179131
-0.419065
-0.382608
-0.366132
-0.331732
-0.299584
-0.269841
-0.24367
-0.221421
-0.202376
-0.187341
-0.408614
-0.376327
-0.360781
-0.331465
-0.302778
-0.275126
-0.250223
-0.228786
-0.210052
-0.195312
-0.3983
-0.370402
-0.355099
-0.330648
-0.305359
-0.279924
-0.256402
-0.235864
-0.21749
-0.203062
-0.388458
-0.364736
-0.349573
-0.329371
-0.307372
-0.284271
-0.262235
-0.242682
-0.224712
-0.210613
-0.379311
-0.359251
-0.344591
-0.327711
-0.30887
-0.288195
-0.267746
-0.24926
-0.231742
-0.217985
-0.370977
-0.353935
-0.340333
-0.325764
-0.309917
-0.291716
-0.272951
-0.255616
-0.238598
-0.225205
-0.36348
-0.348849
-0.336756
-0.323684
-0.310581
-0.294839
-0.27786
-0.26176
-0.2453
-0.232294
-0.356778
-0.344095
-0.333676
-0.321687
-0.310933
-0.297562
-0.282484
-0.267692
-0.251849
-0.239291
-0.350801
-0.339772
-0.330891
-0.319975
-0.311049
-0.299879
-0.286829
-0.273386
-0.258263
-0.246198
-0.345475
-0.335928
-0.328286
-0.318625
-0.311031
-0.301794
-0.290914
-0.278782
-0.264538
-0.253082
-0.340731
-0.332551
-0.325859
-0.317563
-0.311001
-0.303336
-0.294759
-0.283786
-0.2707
-0.259876
-0.336509
-0.329588
-0.32366
-0.316658
-0.311048
-0.304562
-0.29841
-0.288199
-0.27686
-0.266626
-0.332744
-0.326977
-0.321727
-0.315827
-0.311176
-0.305581
-0.301869
-0.291885
-0.282998
-0.273158
-0.329361
-0.324664
-0.320055
-0.315062
-0.311331
-0.306513
-0.305104
-0.294576
-0.289833
-0.278427
-0.326317
-0.322581
-0.318604
-0.314377
-0.311478
-0.307419
-0.308032
-0.296326
-0.296923
-0.283819
-0.323557
-0.320678
-0.317324
-0.313773
-0.311644
-0.30826
-0.31058
-0.297362
-0.303648
-0.288846
-0.321023
-0.318914
-0.316164
-0.313223
-0.31187
-0.308916
-0.312768
-0.297823
-0.309963
-0.292728
-0.318668
-0.317254
-0.31508
-0.312691
-0.312148
-0.309277
-0.314689
-0.297784
-0.315939
-0.295045
-0.316451
-0.315668
-0.314038
-0.312137
-0.31242
-0.309322
-0.316374
-0.297438
-0.321321
-0.29578
-0.314338
-0.314133
-0.313008
-0.311529
-0.31261
-0.309088
-0.317736
-0.297173
-0.325464
-0.295453
-0.312303
-0.312642
-0.311954
-0.310863
-0.312666
-0.30877
-0.318648
-0.297357
-0.327868
-0.295159
-0.310335
-0.311188
-0.310863
-0.310157
-0.312541
-0.308387
-0.319049
-0.298068
-0.328552
-0.295705
-0.308431
-0.309773
-0.309743
-0.309435
-0.312181
-0.307992
-0.319003
-0.299146
-0.327908
-0.297063
-0.306595
-0.3084
-0.308606
-0.308678
-0.311563
-0.307714
-0.318513
-0.300268
-0.326483
-0.298679
-0.304843
-0.307082
-0.30747
-0.307894
-0.310789
-0.307508
-0.317564
-0.301364
-0.324685
-0.300075
-0.303191
-0.305835
-0.306361
-0.307101
-0.309919
-0.307287
-0.31629
-0.302538
-0.322557
-0.301094
-0.301665
-0.304677
-0.305305
-0.306318
-0.309009
-0.307037
-0.314908
-0.303561
-0.320172
-0.302112
-0.30029
-0.303629
-0.304333
-0.305571
-0.308116
-0.306761
-0.313536
-0.304361
-0.317972
-0.302922
-0.299092
-0.302714
-0.303471
-0.304889
-0.307293
-0.306472
-0.312268
-0.304948
-0.316047
-0.303531
-0.298098
-0.301953
-0.302746
-0.304301
-0.306583
-0.306194
-0.311179
-0.305352
-0.314455
-0.304
-0.29733
-0.301363
-0.30218
-0.303835
-0.30602
-0.305954
-0.310325
-0.305608
-0.313236
-0.304346
-0.296806
-0.300961
-0.301792
-0.30351
-0.305631
-0.305776
-0.309739
-0.305754
-0.312414
-0.304574
-0.296542
-0.300757
-0.301594
-0.303344
-0.305433
-0.305682
-0.309441
-0.305819
-0.312
-0.304687
-0.312037
-0.302429
-0.303363
-0.295332
-0.291038
-0.282202
-0.274157
-0.263234
-0.251764
-0.238061
-0.223189
-0.206564
-0.188661
-0.169853
-0.150341
-0.131248
-0.112705
-0.0958253
-0.0806431
-0.0673922
-0.0561549
-0.0458523
-0.036327
-0.0267138
-0.0186225
-0.0112283
-0.00640593
-0.00216331
-0.000719778
0.00130299
-0.312278
-0.302566
-0.303463
-0.295453
-0.291141
-0.282318
-0.274269
-0.263354
-0.251886
-0.238188
-0.223317
-0.206694
-0.188786
-0.169973
-0.150451
-0.131348
-0.112792
-0.0959016
-0.0807109
-0.0674531
-0.0562147
-0.0459136
-0.0363875
-0.0267679
-0.0186683
-0.0112639
-0.00643336
-0.00218241
-0.000732991
0.00129701
-0.312729
-0.302822
-0.303658
-0.295684
-0.291342
-0.282541
-0.27449
-0.263588
-0.252124
-0.238436
-0.223567
-0.206947
-0.189032
-0.170209
-0.150669
-0.131546
-0.112967
-0.0960546
-0.0808468
-0.0675748
-0.0563336
-0.0460347
-0.0365069
-0.026875
-0.0187594
-0.0113348
-0.00648814
-0.00222076
-0.000759358
0.00128487
-0.313347
-0.303166
-0.30393
-0.296011
-0.291623
-0.282863
-0.274804
-0.263927
-0.252469
-0.238795
-0.223931
-0.207314
-0.18939
-0.170556
-0.150991
-0.131836
-0.113228
-0.0962836
-0.0810511
-0.0677577
-0.0565109
-0.0462138
-0.0366827
-0.027033
-0.0188942
-0.0114407
-0.00657004
-0.0022786
-0.000798779
0.00126628
-0.314057
-0.303543
-0.304261
-0.296396
-0.291978
-0.283257
-0.275201
-0.26435
-0.252904
-0.23925
-0.224392
-0.207783
-0.189852
-0.171
-0.151405
-0.132218
-0.113572
-0.0965877
-0.0813241
-0.0680023
-0.0567456
-0.0464478
-0.0369111
-0.027239
-0.0190707
-0.0115808
-0.00667872
-0.00235626
-0.00085111
0.00124082
-0.314779
-0.303934
-0.304609
-0.296833
-0.292372
-0.283717
-0.275648
-0.264847
-0.253411
-0.239786
-0.224941
-0.208336
-0.190394
-0.171532
-0.15191
-0.132682
-0.113995
-0.0969658
-0.0816659
-0.0683088
-0.0570367
-0.0467337
-0.0371881
-0.0274898
-0.0192866
-0.0117543
-0.00681376
-0.00245403
-0.000916167
0.00120806
-0.315483
-0.304206
-0.304975
-0.297243
-0.292796
-0.284183
-0.276155
-0.265377
-0.253976
-0.240375
-0.225543
-0.20896
-0.191016
-0.17214
-0.152491
-0.133223
-0.114495
-0.0974167
-0.0820767
-0.0686776
-0.0573827
-0.0470683
-0.0375094
-0.0277819
-0.0195396
-0.0119604
-0.00697464
-0.00257212
-0.000993712
0.00116762
-0.315904
-0.304519
-0.305216
-0.297682
-0.293164
-0.284688
-0.276631
-0.265952
-0.254555
-0.241014
-0.226196
-0.209636
-0.191692
-0.17281
-0.15314
-0.133836
-0.115069
-0.097939
-0.082556
-0.0691085
-0.0577821
-0.0474481
-0.0378708
-0.0281119
-0.0198271
-0.012198
-0.00716072
-0.00271059
-0.00108345
0.00111923
-0.315957
-0.304785
-0.305299
-0.29808
-0.293471
-0.285161
-0.277106
-0.266515
-0.255146
-0.241662
-0.226869
-0.210344
-0.19241
-0.173531
-0.153849
-0.134513
-0.115712
-0.098531
-0.083103
-0.0696008
-0.058233
-0.0478702
-0.0382684
-0.0284765
-0.0201467
-0.0124657
-0.00737119
-0.00286925
-0.00118501
0.00106278
-0.315618
-0.304903
-0.30524
-0.298363
-0.293705
-0.285568
-0.277528
-0.26705
-0.255714
-0.242306
-0.227547
-0.211068
-0.193156
-0.174291
-0.154608
-0.135249
-0.116422
-0.0991906
-0.0837162
-0.0701532
-0.0587334
-0.0483314
-0.0386988
-0.0288727
-0.0204959
-0.0127621
-0.00760503
-0.00304762
-0.00129792
0.000998341
-0.3146
-0.304874
-0.304955
-0.298501
-0.2938
-0.28588
-0.277876
-0.267524
-0.256237
-0.242919
-0.228208
-0.21179
-0.193914
-0.175077
-0.15541
-0.136039
-0.117194
-0.0999151
-0.0843933
-0.0707639
-0.059281
-0.0488289
-0.0391587
-0.0292975
-0.0208723
-0.0130854
-0.007861
-0.00324493
-0.0014216
0.000926216
-0.312714
-0.304589
-0.3044
-0.298434
-0.293746
-0.286033
-0.278106
-0.267903
-0.256687
-0.243478
-0.228832
-0.212493
-0.194671
-0.17588
-0.156245
-0.136875
-0.118024
-0.100701
-0.0851316
-0.0714302
-0.059873
-0.04936
-0.0396452
-0.0297482
-0.0212733
-0.0134337
-0.00813758
-0.00346008
-0.00155536
0.000846887
-0.309986
-0.303901
-0.303543
-0.29807
-0.293456
-0.286026
-0.278203
-0.268163
-0.257044
-0.24396
-0.2294
-0.213161
-0.195416
-0.17669
-0.157108
-0.137754
-0.118907
-0.101545
-0.0859272
-0.0721487
-0.0605066
-0.0499221
-0.0401557
-0.0302222
-0.0216966
-0.0138047
-0.00843304
-0.0036917
-0.00169838
0.000761006
-0.306814
-0.302613
-0.302285
-0.297394
-0.292925
-0.285731
-0.278082
-0.268262
-0.257273
-0.244345
-0.229896
-0.21378
-0.196137
-0.177498
-0.15799
-0.138669
-0.119838
-0.102443
-0.0867759
-0.0729157
-0.0611785
-0.0505126
-0.0406878
-0.0307167
-0.0221396
-0.0141959
-0.00874544
-0.0039382
-0.00184975
0.000669357
-0.30343
-0.300662
-0.300571
-0.296325
-0.292116
-0.285289
-0.277796
-0.2682
-0.257363
-0.244616
-0.230308
-0.214339
-0.196825
-0.178298
-0.158887
-0.139614
-0.120813
-0.10339
-0.0876727
-0.0737268
-0.0618855
-0.051129
-0.0412392
-0.0312295
-0.0225998
-0.0146049
-0.00907271
-0.00419783
-0.00200847
0.000572812
-0.299755
-0.298121
-0.298327
-0.294787
-0.290851
-0.284321
-0.277156
-0.267898
-0.25728
-0.244756
-0.230624
-0.214834
-0.197474
-0.179083
-0.159792
-0.140586
-0.121825
-0.104379
-0.0886124
-0.0745775
-0.0626242
-0.051769
-0.0418082
-0.0317583
-0.0230747
-0.015029
-0.00941265
-0.00446868
-0.00217348
0.000472297
-0.295921
-0.29495
-0.295571
-0.29285
-0.289395
-0.283455
-0.276438
-0.26745
-0.257047
-0.244765
-0.230838
-0.215254
-0.19808
-0.179851
-0.160703
-0.14158
-0.122871
-0.105408
-0.0895909
-0.0754638
-0.0633913
-0.0524302
-0.0423924
-0.0323004
-0.0235615
-0.0154652
-0.00976286
-0.00474875
-0.00234368
0.000368715
-0.291873
-0.291241
-0.292228
-0.290292
-0.287281
-0.281772
-0.275111
-0.266653
-0.256601
-0.244634
-0.23096
-0.215618
-0.198657
-0.180609
-0.161619
-0.142593
-0.123941
-0.106465
-0.0905963
-0.0763753
-0.0641793
-0.0531074
-0.0429883
-0.0328528
-0.0240578
-0.0159114
-0.0101219
-0.00503677
-0.00251836
0.000262824
-0.287655
-0.287259
-0.288748
-0.287722
-0.285322
-0.280424
-0.274214
-0.265873
-0.256057
-0.244375
-0.230958
-0.215871
-0.199146
-0.181306
-0.162502
-0.143596
-0.125021
-0.107545
-0.0916328
-0.0773203
-0.0649995
-0.0538118
-0.0436067
-0.033424
-0.0245699
-0.0163711
-0.010491
-0.00533246
-0.00269676
0.000155511
-0.283691
-0.28248
-0.284013
-0.283824
-0.28211
-0.277896
-0.271946
-0.264534
-0.255267
-0.244046
-0.231005
-0.216255
-0.199818
-0.182209
-0.163591
-0.144795
-0.126274
-0.108769
-0.0927759
-0.078342
-0.0658674
-0.054545
-0.0442379
-0.0340003
-0.0250804
-0.0168278
-0.0108564
-0.00562613
-0.00287439
4.90263e-05
-0.278517
-0.278747
-0.280495
-0.280934
-0.279714
-0.276111
-0.271007
-0.263228
-0.254108
-0.243101
-0.230265
-0.215726
-0.199501
-0.182095
-0.163678
-0.145051
-0.126675
-0.109264
-0.0933218
-0.0788944
-0.06638
-0.0550071
-0.0446549
-0.0344027
-0.0254582
-0.0171874
-0.0111597
-0.00588046
-0.00303336
-4.72758e-05
-0.272861
-0.273883
-0.275829
-0.276783
-0.27592
-0.2726
-0.26733
-0.260536
-0.251855
-0.241208
-0.2287
-0.214476
-0.198564
-0.181453
-0.16333
-0.144958
-0.126806
-0.109555
-0.0937144
-0.0793312
-0.0668007
-0.0553914
-0.0450043
-0.0347517
-0.0257952
-0.0175196
-0.0114426
-0.00612183
-0.00318197
-0.000138519
-0.266934
-0.26857
-0.270768
-0.272282
-0.271893
-0.269075
-0.264512
-0.257855
-0.249478
-0.239171
-0.226987
-0.213085
-0.197498
-0.180698
-0.162887
-0.144788
-0.126878
-0.109802
-0.0940749
-0.0797459
-0.0672053
-0.0557635
-0.0453437
-0.0350956
-0.0261307
-0.0178557
-0.0117311
-0.00637078
-0.00333483
-0.000233187
-0.260758
-0.263035
-0.265512
-0.267563
-0.267667
-0.265355
-0.261153
-0.254955
-0.246948
-0.237007
-0.225174
-0.211617
-0.196377
-0.179908
-0.162425
-0.144613
-0.126954
-0.11006
-0.0944509
-0.0801781
-0.0676274
-0.0561528
-0.0456991
-0.0354549
-0.0264803
-0.0182054
-0.012031
-0.00662983
-0.00349343
-0.000331224
-0.254285
-0.257309
-0.260082
-0.262626
-0.263222
-0.261395
-0.257617
-0.251861
-0.24425
-0.234701
-0.223245
-0.210057
-0.195188
-0.17907
-0.161932
-0.144423
-0.127026
-0.110324
-0.0948383
-0.0806254
-0.0680659
-0.0565592
-0.0460708
-0.0358301
-0.0268444
-0.0185692
-0.0123425
-0.00689907
-0.00365771
-0.000432372
-0.247559
-0.251413
-0.254501
-0.257497
-0.258583
-0.257243
-0.253914
-0.248601
-0.241401
-0.232262
-0.221204
-0.208405
-0.193927
-0.178178
-0.161403
-0.14421
-0.127087
-0.110587
-0.0952308
-0.0810823
-0.0685165
-0.0569792
-0.046456
-0.036219
-0.0272211
-0.0189455
-0.0126646
-0.00717765
-0.00382713
-0.000536193
-0.240654
-0.245381
-0.248807
-0.252218
-0.25379
-0.252942
-0.250063
-0.2452
-0.238425
-0.229709
-0.219066
-0.206673
-0.192601
-0.177238
-0.160838
-0.143975
-0.127136
-0.110846
-0.0956258
-0.0815465
-0.0689773
-0.0574116
-0.0468537
-0.0366206
-0.0276095
-0.0193332
-0.0129963
-0.00746477
-0.00400119
-0.00064221
-0.233624
-0.239237
-0.243027
-0.246823
-0.248875
-0.248519
-0.246091
-0.241682
-0.235342
-0.227059
-0.216844
-0.20487
-0.191218
-0.176254
-0.160241
-0.143718
-0.127172
-0.111101
-0.0960214
-0.0820162
-0.0694469
-0.0578554
-0.0472635
-0.0370342
-0.0280087
-0.0197314
-0.0133366
-0.00775962
-0.00417939
-0.00074992
-0.226516
-0.233005
-0.237186
-0.241341
-0.24386
-0.243995
-0.242019
-0.238064
-0.232169
-0.224328
-0.214551
-0.203007
-0.189785
-0.17523
-0.159613
-0.143439
-0.127193
-0.111348
-0.0964155
-0.0824891
-0.0699236
-0.0583095
-0.0476844
-0.037459
-0.028418
-0.0201391
-0.0136848
-0.00806129
-0.0043612
-0.000858789
-0.219381
-0.226709
-0.231304
-0.235796
-0.238766
-0.239388
-0.237868
-0.234369
-0.228921
-0.221527
-0.212196
-0.20109
-0.188308
-0.174171
-0.158956
-0.143139
-0.127199
-0.111586
-0.0968057
-0.0829633
-0.0704058
-0.0587725
-0.0481153
-0.0378938
-0.0288361
-0.020555
-0.0140397
-0.00836879
-0.00454607
-0.000968264
-0.212264
-0.220374
-0.2254
-0.230211
-0.23361
-0.234715
-0.233652
-0.230607
-0.22561
-0.218669
-0.209791
-0.19913
-0.186792
-0.173079
-0.158273
-0.142818
-0.127189
-0.111813
-0.0971901
-0.0834365
-0.0708914
-0.0592428
-0.0485552
-0.0383374
-0.029262
-0.0209779
-0.0144002
-0.00868108
-0.0047334
-0.00107778
-0.205209
-0.214027
-0.219496
-0.224612
-0.228414
-0.229992
-0.229387
-0.226794
-0.22225
-0.215764
-0.207343
-0.197131
-0.185242
-0.171959
-0.157564
-0.142477
-0.127161
-0.112028
-0.0975667
-0.0839066
-0.0713787
-0.0597188
-0.0490025
-0.0387886
-0.0296944
-0.0214064
-0.0147652
-0.00899703
-0.00492257
-0.00118675
-0.198261
-0.207697
-0.213614
-0.219022
-0.2232
-0.225237
-0.225087
-0.222944
-0.218852
-0.212822
-0.204861
-0.195102
-0.183664
-0.170814
-0.156832
-0.142115
-0.127115
-0.11223
-0.0979336
-0.0843716
-0.0718656
-0.0601989
-0.0494559
-0.0392458
-0.0301319
-0.021839
-0.0151334
-0.00931544
-0.00511294
-0.00129463
-0.191459
-0.201415
-0.207775
-0.213465
-0.217988
-0.220466
-0.220769
-0.219071
-0.215429
-0.209855
-0.202354
-0.193049
-0.182063
-0.169647
-0.156078
-0.141734
-0.127052
-0.112416
-0.098289
-0.0848295
-0.0723504
-0.0606812
-0.0499137
-0.0397074
-0.0305729
-0.0222742
-0.0155034
-0.00963506
-0.00530385
-0.00140083
-0.18484
-0.195213
-0.202002
-0.207966
-0.212804
-0.2157
-0.216448
-0.21519
-0.211993
-0.206872
-0.199831
-0.19098
-0.180445
-0.168462
-0.155307
-0.141334
-0.126971
-0.112587
-0.0986316
-0.0852785
-0.072831
-0.0611636
-0.050374
-0.0401715
-0.0310158
-0.0227103
-0.0158739
-0.00995453
-0.0054946
-0.00150482
-0.178437
-0.189122
-0.196318
-0.202548
-0.207671
-0.21096
-0.212143
-0.211318
-0.20856
-0.203887
-0.197301
-0.188902
-0.178816
-0.167265
-0.154519
-0.140918
-0.126871
-0.112741
-0.0989597
-0.0857165
-0.0733053
-0.0616441
-0.050835
-0.0406363
-0.0314588
-0.0231454
-0.0162433
-0.0102724
-0.00568445
-0.00160607
-0.172278
-0.183178
-0.19075
-0.197235
-0.202618
-0.20627
-0.207872
-0.207473
-0.205145
-0.200913
-0.194777
-0.186825
-0.177183
-0.166061
-0.15372
-0.140487
-0.126755
-0.112878
-0.0992721
-0.0861418
-0.0737713
-0.0621204
-0.0512943
-0.0410994
-0.0318999
-0.0235775
-0.0166101
-0.0105872
-0.00587262
-0.00170405
-0.16639
-0.177414
-0.185325
-0.192053
-0.197672
-0.201656
-0.203659
-0.203674
-0.201766
-0.197965
-0.19227
-0.18476
-0.175554
-0.164855
-0.152913
-0.140044
-0.126622
-0.112998
-0.0995676
-0.0865523
-0.0742267
-0.0625898
-0.0517496
-0.0415585
-0.0323368
-0.0240044
-0.0169723
-0.0108972
-0.00605822
-0.00179831
-0.160797
-0.171864
-0.180071
-0.187027
-0.192864
-0.197148
-0.199528
-0.199943
-0.198443
-0.195061
-0.189797
-0.182719
-0.17394
-0.163655
-0.152104
-0.139591
-0.126475
-0.113099
-0.099845
-0.0869461
-0.074669
-0.0630498
-0.0521981
-0.0420107
-0.0327671
-0.0244237
-0.0173281
-0.0112006
-0.00624028
-0.0018884
-0.155523
-0.166563
-0.175021
-0.182187
-0.188222
-0.192776
-0.195506
-0.196304
-0.195198
-0.192221
-0.187373
-0.180715
-0.172351
-0.162469
-0.151298
-0.139133
-0.126315
-0.113184
-0.100103
-0.0873212
-0.0750959
-0.0634972
-0.0526369
-0.0424531
-0.033188
-0.0248326
-0.0176751
-0.0114955
-0.00641772
-0.00197387
-0.150589
-0.161544
-0.170207
-0.177565
-0.183781
-0.188575
-0.191624
-0.192784
-0.192055
-0.189465
-0.185017
-0.178764
-0.1708
-0.161307
-0.150502
-0.138674
-0.126145
-0.113251
-0.100342
-0.0876757
-0.0755044
-0.0639289
-0.0530625
-0.0428823
-0.0335964
-0.0252281
-0.018011
-0.0117798
-0.00658932
-0.00205431
-0.146015
-0.156839
-0.165661
-0.173191
-0.179572
-0.18458
-0.187915
-0.189414
-0.189042
-0.18682
-0.182751
-0.176883
-0.169302
-0.16018
-0.149726
-0.138219
-0.125968
-0.113303
-0.100559
-0.0880075
-0.0758917
-0.0643414
-0.0534713
-0.0432945
-0.0339887
-0.025607
-0.018333
-0.0120511
-0.00675371
-0.0021293
-0.141823
-0.152483
-0.16142
-0.169101
-0.175632
-0.180827
-0.184418
-0.186225
-0.186187
-0.18431
-0.180597
-0.175092
-0.167871
-0.159101
-0.148978
-0.137776
-0.125787
-0.11334
-0.100756
-0.0883144
-0.0762545
-0.0647306
-0.0538592
-0.0436854
-0.0343611
-0.0259656
-0.018638
-0.0123069
-0.00690933
-0.00219841
-0.138034
-0.148508
-0.157521
-0.165333
-0.171997
-0.177356
-0.18117
-0.183255
-0.183524
-0.181967
-0.178583
-0.173413
-0.166528
-0.158084
-0.14827
-0.137351
-0.125607
-0.113364
-0.10093
-0.0885942
-0.0765894
-0.0650924
-0.0542215
-0.0440505
-0.0347092
-0.0262997
-0.0189225
-0.0125445
-0.00705444
-0.00226118
-0.13467
-0.14495
-0.154005
-0.161927
-0.168709
-0.17421
-0.178215
-0.180544
-0.181089
-0.179822
-0.176737
-0.171872
-0.165292
-0.157146
-0.147612
-0.136952
-0.125433
-0.113377
-0.101082
-0.0888445
-0.0768925
-0.065422
-0.0545532
-0.0443846
-0.035028
-0.0266049
-0.0191827
-0.0127608
-0.00718707
-0.00231714
-0.131758
-0.141847
-0.150917
-0.158927
-0.165813
-0.171435
-0.1756
-0.178137
-0.178922
-0.177912
-0.175091
-0.170496
-0.164186
-0.156304
-0.14702
-0.13659
-0.12527
-0.113382
-0.101212
-0.0890627
-0.0771596
-0.0657141
-0.0548485
-0.044682
-0.035312
-0.0268762
-0.0194142
-0.0129523
-0.00730501
-0.00236575
-0.129328
-0.139243
-0.148307
-0.156387
-0.16336
-0.169082
-0.173378
-0.176085
-0.177072
-0.17628
-0.173683
-0.169317
-0.163236
-0.15558
-0.146508
-0.136274
-0.125125
-0.11338
-0.101318
-0.0892458
-0.077386
-0.0659631
-0.0551011
-0.0449362
-0.0355551
-0.0271077
-0.019612
-0.0131154
-0.00740577
-0.00240637
-0.127412
-0.137183
-0.14623
-0.154361
-0.161406
-0.167207
-0.171603
-0.174441
-0.175587
-0.174969
-0.172552
-0.168369
-0.162471
-0.154995
-0.146094
-0.136017
-0.125005
-0.113376
-0.1014
-0.0893905
-0.0775663
-0.0661623
-0.0553038
-0.04514
-0.0357502
-0.0272932
-0.0197707
-0.0132458
-0.00748651
-0.00243828
-0.126074
-0.135735
-0.144764
-0.152927
-0.160021
-0.165879
-0.170343
-0.173271
-0.174528
-0.174034
-0.171744
-0.167691
-0.161923
-0.154576
-0.145796
-0.135831
-0.124917
-0.11337
-0.101457
-0.0894925
-0.0776943
-0.0663042
-0.0554486
-0.0452854
-0.0358895
-0.0274254
-0.019884
-0.0133385
-0.00754406
-0.00246057
-0.125342
-0.134956
-0.143975
-0.152154
-0.159277
-0.165166
-0.169668
-0.172643
-0.17396
-0.173532
-0.171311
-0.167327
-0.161629
-0.15435
-0.145636
-0.135731
-0.12487
-0.113367
-0.101488
-0.0895467
-0.0777627
-0.0663802
-0.0555265
-0.0453632
-0.0359643
-0.0274961
-0.0199448
-0.013388
-0.00757486
-0.00247201
-0.116081
-0.125539
-0.134816
-0.143894
-0.152763
-0.161423
-0.169882
-0.178147
-0.186227
-0.194129
-0.201866
-0.209441
-0.216868
-0.224147
-0.231269
-0.238268
-0.244977
-0.251818
-0.257824
-0.265747
-0.112891
-0.122036
-0.131001
-0.139783
-0.14838
-0.156793
-0.165029
-0.173091
-0.180986
-0.188719
-0.196296
-0.203723
-0.210999
-0.218142
-0.225096
-0.232019
-0.238531
-0.245568
-0.251473
-0.259725
-0.109797
-0.118582
-0.127196
-0.135643
-0.143922
-0.152035
-0.159983
-0.167771
-0.175401
-0.18288
-0.190207
-0.197395
-0.204428
-0.211365
-0.218092
-0.224906
-0.231264
-0.238314
-0.244278
-0.252241
-0.106773
-0.115224
-0.123526
-0.13168
-0.139686
-0.147543
-0.155254
-0.162821
-0.170246
-0.177536
-0.184686
-0.191721
-0.198606
-0.205441
-0.212053
-0.21882
-0.225114
-0.232026
-0.238054
-0.245458
-0.103846
-0.111979
-0.11998
-0.127852
-0.135593
-0.143204
-0.150686
-0.158044
-0.165276
-0.172394
-0.179387
-0.186291
-0.193048
-0.19979
-0.206296
-0.212961
-0.219166
-0.225834
-0.231846
-0.238766
-0.101025
-0.108843
-0.116544
-0.124131
-0.131601
-0.138957
-0.146199
-0.153333
-0.160353
-0.167276
-0.174081
-0.180815
-0.187403
-0.193987
-0.200337
-0.206815
-0.212911
-0.219316
-0.22532
-0.231921
-0.098305
-0.105813
-0.113216
-0.120518
-0.127718
-0.134816
-0.141811
-0.148711
-0.155506
-0.162216
-0.168814
-0.17535
-0.181746
-0.188135
-0.194322
-0.200592
-0.206593
-0.212767
-0.218742
-0.225094
-0.095685
-0.102889
-0.11
-0.117021
-0.123952
-0.130792
-0.137541
-0.144203
-0.150771
-0.157261
-0.163648
-0.169979
-0.176185
-0.182374
-0.188405
-0.194469
-0.200358
-0.206309
-0.212181
-0.218296
-0.0931662
-0.100074
-0.106898
-0.113643
-0.120308
-0.126893
-0.133394
-0.139819
-0.146157
-0.152425
-0.158601
-0.164721
-0.170735
-0.176717
-0.18258
-0.188431
-0.194168
-0.199896
-0.205615
-0.211506
-0.0907491
-0.0973677
-0.103913
-0.110387
-0.116789
-0.12312
-0.129376
-0.135562
-0.141671
-0.147713
-0.153673
-0.159577
-0.165391
-0.171159
-0.176835
-0.182469
-0.188029
-0.193543
-0.199089
-0.20476
-0.088434
-0.0947722
-0.101044
-0.107254
-0.113399
-0.119479
-0.125492
-0.131441
-0.137319
-0.143134
-0.148876
-0.154559
-0.160167
-0.165718
-0.171198
-0.176619
-0.18199
-0.187297
-0.192653
-0.1981
-0.0862202
-0.0922869
-0.0982948
-0.104246
-0.110139
-0.115974
-0.121747
-0.12746
-0.13311
-0.138699
-0.144222
-0.149685
-0.155082
-0.160419
-0.165696
-0.170907
-0.176079
-0.181176
-0.18633
-0.191553
-0.0841084
-0.0899131
-0.095665
-0.101366
-0.107014
-0.112608
-0.118146
-0.123628
-0.129051
-0.134416
-0.139721
-0.144966
-0.150152
-0.155275
-0.160345
-0.165346
-0.170313
-0.175202
-0.180146
-0.185148
-0.0820972
-0.0876505
-0.0931555
-0.0986135
-0.104024
-0.109384
-0.114693
-0.119949
-0.12515
-0.130295
-0.135383
-0.140413
-0.145388
-0.1503
-0.155162
-0.159954
-0.164713
-0.169396
-0.174128
-0.178911
-0.0801855
-0.0854989
-0.0907666
-0.0959909
-0.101171
-0.106306
-0.111392
-0.116428
-0.121411
-0.126341
-0.131218
-0.136037
-0.140802
-0.145507
-0.150162
-0.154748
-0.159301
-0.16378
-0.168298
-0.172862
-0.0783774
-0.08346
-0.0885001
-0.0935
-0.0984592
-0.103375
-0.108246
-0.113069
-0.117842
-0.122563
-0.127233
-0.131846
-0.136407
-0.140908
-0.14536
-0.149745
-0.154094
-0.158372
-0.162679
-0.167025
-0.0766727
-0.0815341
-0.0863568
-0.091142
-0.0958892
-0.100596
-0.10526
-0.109877
-0.114447
-0.118967
-0.123436
-0.12785
-0.132213
-0.136517
-0.140771
-0.14496
-0.14911
-0.153191
-0.157292
-0.161424
-0.0750684
-0.0797198
-0.0843359
-0.088917
-0.0934622
-0.0979691
-0.102435
-0.106856
-0.111231
-0.115557
-0.119834
-0.124057
-0.128229
-0.132343
-0.136406
-0.140406
-0.144364
-0.148255
-0.152156
-0.15608
-0.0735667
-0.0780193
-0.0824397
-0.0868272
-0.0911808
-0.0954977
-0.099775
-0.10401
-0.108199
-0.112341
-0.116434
-0.120475
-0.124464
-0.128396
-0.132277
-0.136096
-0.139871
-0.14358
-0.147291
-0.151015
-0.0721669
-0.0764325
-0.0806684
-0.0848735
-0.0890462
-0.0931838
-0.0972832
-0.101341
-0.105355
-0.109323
-0.113242
-0.11711
-0.120927
-0.124687
-0.128396
-0.132043
-0.135645
-0.139182
-0.142712
-0.146247
-0.0708699
-0.0749606
-0.0790237
-0.0830578
-0.0870611
-0.0910305
-0.094963
-0.0988553
-0.102705
-0.106509
-0.110265
-0.11397
-0.117625
-0.121225
-0.124772
-0.128259
-0.131698
-0.135074
-0.138436
-0.141793
-0.0696769
-0.073605
-0.0775076
-0.0813827
-0.0852282
-0.0890411
-0.0928183
-0.0965564
-0.100253
-0.103904
-0.107509
-0.111064
-0.114569
-0.118019
-0.121417
-0.124755
-0.128044
-0.131272
-0.134477
-0.13767
-0.0685897
-0.0723679
-0.0761224
-0.0798507
-0.0835507
-0.0872193
-0.0908533
-0.0944493
-0.0980044
-0.101516
-0.104981
-0.108398
-0.111765
-0.115078
-0.11834
-0.121543
-0.124695
-0.127788
-0.130851
-0.133895
-0.0676115
-0.0712532
-0.0748725
-0.078467
-0.0820342
-0.0855712
-0.0890747
-0.0925413
-0.0959682
-0.0993524
-0.102692
-0.105983
-0.109226
-0.112416
-0.115554
-0.118636
-0.121666
-0.124638
-0.127575
-0.130485
-0.0667448
-0.0702632
-0.0737607
-0.0772345
-0.0806822
-0.0841008
-0.0874871
-0.0908377
-0.0941498
-0.0974204
-0.100647
-0.103828
-0.10696
-0.110042
-0.113072
-0.116047
-0.118971
-0.121837
-0.124664
-0.127458
-0.0659982
-0.0694082
-0.0727983
-0.0761657
-0.0795079
-0.0828221
-0.0861051
-0.0893537
-0.092565
-0.0957363
-0.0988651
-0.101949
-0.104986
-0.107974
-0.110911
-0.113796
-0.116629
-0.119406
-0.122141
-0.124838
-0.0653706
-0.068686
-0.0719827
-0.0752582
-0.0785098
-0.0817347
-0.0849298
-0.088092
-0.0912185
-0.0943065
-0.0973537
-0.100358
-0.103317
-0.106228
-0.109091
-0.111902
-0.114664
-0.117371
-0.120033
-0.122652
-0.0648891
-0.0681276
-0.0713479
-0.074547
-0.0777226
-0.0808723
-0.0839935
-0.0870831
-0.0901387
-0.0931576
-0.0961375
-0.0990763
-0.101972
-0.104823
-0.107627
-0.110383
-0.11309
-0.115746
-0.118356
-0.120921
-0.0645305
-0.067708
-0.0708691
-0.0740116
-0.0771328
-0.0802298
-0.0832997
-0.0863398
-0.0893474
-0.0923203
-0.0952561
-0.0981528
-0.101008
-0.103821
-0.106589
-0.109311
-0.111986
-0.114612
-0.11719
-0.119721
-0.0643705
-0.0675021
-0.0706155
-0.0737089
-0.0767811
-0.0798306
-0.0828553
-0.0858529
-0.0888209
-0.0917574
-0.0946604
-0.097528
-0.100359
-0.103151
-0.105903
-0.108613
-0.111282
-0.113906
-0.116488
-0.119025
0.105747
0.0946918
0.0835536
0.072538
0.0610649
0.0493651
0.0376353
0.0258995
0.0141715
0.00248707
-0.00910971
-0.0205869
-0.031916
-0.0430672
-0.0540137
-0.0648058
-0.0757956
-0.0863644
-0.0965331
-0.106426
0.101042
0.0895149
0.0779426
0.0671976
0.0561521
0.0448916
0.0336553
0.0224497
0.0112663
0.000134477
-0.0109125
-0.0218517
-0.0326647
-0.0433468
-0.0539095
-0.0643333
-0.0743582
-0.0843115
-0.0940516
-0.103566
0.0953016
0.0839976
0.0724262
0.0621173
0.05166
0.0409087
0.0301727
0.0194933
0.00884184
-0.0017617
-0.0122851
-0.0227033
-0.0329965
-0.0431504
-0.0531535
-0.0629798
-0.0726905
-0.0822948
-0.0916793
-0.100835
0.0892399
0.0784873
0.067062
0.0571055
0.0472
0.0369531
0.0266981
0.0165306
0.00640656
-0.00367301
-0.0136788
-0.0235862
-0.0333792
-0.043052
-0.0526004
-0.0620104
-0.071234
-0.0803795
-0.0893674
-0.0981608
0.0831038
0.0729701
0.0618279
0.0522162
0.0428573
0.0331439
0.0233726
0.0136999
0.0040858
-0.00548856
-0.0149989
-0.0244181
-0.0337313
-0.0429336
-0.0520179
-0.0609714
-0.0697834
-0.0785258
-0.0871339
-0.0955719
0.0770051
0.0674926
0.056745
0.0474818
0.0386343
0.0294545
0.0201625
0.0109645
0.00184122
-0.00724273
-0.0162728
-0.0252205
-0.0340713
-0.0428227
-0.0514697
-0.0600042
-0.0684124
-0.0767576
-0.0849915
-0.0930804
0.0710047
0.06209
0.0518138
0.0429139
0.034544
0.0258896
0.0170771
0.00833883
-0.000313925
-0.00892492
-0.0174917
-0.025987
-0.0343951
-0.0427144
-0.0509416
-0.0590705
-0.0670932
-0.075061
-0.0829342
-0.0906831
0.0651521
0.0568055
0.0470464
0.0385251
0.0306012
0.0224529
0.0141148
0.0058221
-0.00238179
-0.0105395
-0.0186604
-0.0267214
-0.0347061
-0.0426125
-0.0504389
-0.0581809
-0.0658331
-0.0734377
-0.0809616
-0.088379
0.0594843
0.051673
0.0424513
0.0343196
0.0268146
0.0191475
0.0112744
0.0034148
-0.00436059
-0.0120857
-0.0197791
-0.027424
-0.0350044
-0.0425169
-0.0499605
-0.0573323
-0.0646289
-0.0718852
-0.0790724
-0.086168
0.0540256
0.0467169
0.0380366
0.0303
0.0231911
0.0159779
0.00855551
0.00111624
-0.00624998
-0.013564
-0.0208492
-0.0280964
-0.0352912
-0.0424285
-0.0495072
-0.0565252
-0.0634806
-0.0704028
-0.0772658
-0.08405
0.0487918
0.0419542
0.0338086
0.0264677
0.0197346
0.0129475
0.00595779
-0.00107505
-0.00805034
-0.0149745
-0.0218716
-0.0287398
-0.0355672
-0.0423474
-0.0490786
-0.0557592
-0.0623881
-0.0689901
-0.0755412
-0.0820246
0.043794
0.0373974
0.0297724
0.0228233
0.0164474
0.0100588
0.00348114
-0.00316059
-0.00976254
-0.0163176
-0.0228471
-0.0293552
-0.0358332
-0.0422739
-0.0486742
-0.0550322
-0.061348
-0.0676445
-0.0738969
-0.0800906
0.0390396
0.0330548
0.0259315
0.0193668
0.0133305
0.00731355
0.00112543
-0.00514202
-0.0113879
-0.0175937
-0.0237762
-0.0299432
-0.0360896
-0.0422084
-0.0482956
-0.054349
-0.0603684
-0.0663714
-0.072335
-0.0782487
0.0345335
0.0289323
0.0222882
0.0160973
0.0103838
0.00471274
-0.00110953
-0.0070209
-0.012928
-0.0188039
-0.0246597
-0.0305048
-0.0363372
-0.0421496
-0.0479359
-0.0536923
-0.059421
-0.0651514
-0.0708454
-0.0764947
0.0302785
0.0250333
0.0188433
0.0130135
0.0076063
0.00225659
-0.00322399
-0.00879858
-0.0143843
-0.019949
-0.0254978
-0.0310408
-0.0365788
-0.0421068
-0.0476205
-0.0531159
-0.0585862
-0.0640063
-0.0694246
-0.0748248
0.0262756
0.0213597
0.0155971
0.0101135
0.00499655
-5.52017e-05
-0.00521832
-0.0104763
-0.0157584
-0.0210297
-0.0262903
-0.031549
-0.0368077
-0.0420617
-0.0473051
-0.0525324
-0.0577381
-0.0629167
-0.0680919
-0.0732516
0.0225247
0.0179122
0.0125489
0.00739506
0.00255247
-0.0022234
-0.00709297
-0.0120551
-0.0170514
-0.0220471
-0.0270377
-0.0320301
-0.0370269
-0.0420245
-0.047017
-0.0519989
-0.0569647
-0.0619079
-0.0668468
-0.0717735
0.0190246
0.0146906
0.00969783
0.00485573
0.000271673
-0.00424919
-0.00884853
-0.0135358
-0.0182648
-0.0230022
-0.0277406
-0.0324844
-0.0372359
-0.0419923
-0.046748
-0.0514973
-0.0562352
-0.0609571
-0.0656757
-0.0703838
0.0157737
0.0116941
0.00704268
0.00249306
-0.00184843
-0.00613409
-0.0104857
-0.0149194
-0.0193996
-0.0238962
-0.0283997
-0.0329122
-0.0374353
-0.0419668
-0.0465015
-0.0510338
-0.0555587
-0.060072
-0.0645826
-0.0690847
0.01277
0.00892162
0.00458223
0.000304753
-0.0038104
-0.00787978
-0.0120054
-0.0162066
-0.0204569
-0.0247302
-0.0290159
-0.033314
-0.0376254
-0.0419478
-0.0462766
-0.0506063
-0.0549321
-0.0592499
-0.063566
-0.0678751
0.0100118
0.00637195
0.00231546
-0.00171114
-0.00561659
-0.00948796
-0.0134084
-0.0173979
-0.0214374
-0.025505
-0.0295899
-0.0336904
-0.0378064
-0.0419357
-0.0460738
-0.0502156
-0.0543563
-0.0584919
-0.0626266
-0.0667557
0.00749756
0.00404434
0.000241788
-0.00355602
-0.00726893
-0.0109601
-0.0146955
-0.0184939
-0.0223418
-0.0262214
-0.0301224
-0.0340419
-0.0379788
-0.0419307
-0.0458934
-0.049862
-0.0538318
-0.0577987
-0.0617653
-0.0657275
0.00522693
0.00193869
-0.00163865
-0.00523047
-0.00876865
-0.0122974
-0.0158673
-0.0194946
-0.0231702
-0.0268797
-0.0306139
-0.0343689
-0.0381429
-0.0419331
-0.0457356
-0.0495457
-0.0533587
-0.0571708
-0.0609831
-0.064792
0.00320074
5.60363e-05
-0.00332466
-0.00673401
-0.010116
-0.0135003
-0.0169238
-0.0204
-0.0239226
-0.0274804
-0.0310651
-0.0346725
-0.0383001
-0.0419448
-0.0456028
-0.0492696
-0.0529405
-0.0566117
-0.0602833
-0.0639522
0.00142173
-0.00160099
-0.00481356
-0.00806469
-0.01131
-0.0145679
-0.0178643
-0.0212091
-0.024598
-0.0280223
-0.0314748
-0.0349513
-0.0384486
-0.0419636
-0.0454925
-0.0490309
-0.0525746
-0.0561199
-0.059666
-0.0632098
-0.000104721
-0.00302745
-0.00610074
-0.00921899
-0.0123485
-0.0154993
-0.0186883
-0.0219222
-0.0251977
-0.0285082
-0.0318475
-0.0352114
-0.0385965
-0.0419994
-0.0454163
-0.0488428
-0.0522747
-0.0557079
-0.0591415
-0.0625735
-0.00136957
-0.00421484
-0.00717799
-0.0101894
-0.0132245
-0.0162876
-0.0193886
-0.022531
-0.0257123
-0.0289272
-0.0321707
-0.0354386
-0.0387275
-0.042034
-0.0453544
-0.0486848
-0.0520216
-0.0553612
-0.0587018
-0.0620403
-0.00236022
-0.00515265
-0.00803719
-0.0109712
-0.0139378
-0.0169373
-0.0199741
-0.0230496
-0.0261612
-0.0293047
-0.0324757
-0.0356702
-0.0388848
-0.0421158
-0.0453594
-0.0486117
-0.0518685
-0.0551257
-0.0583821
-0.061638
-0.00305296
-0.0058158
-0.00865095
-0.0115338
-0.0144529
-0.0174067
-0.0203964
-0.0234217
-0.0264804
-0.029569
-0.0326838
-0.0358213
-0.0389781
-0.0421508
-0.0453362
-0.0485308
-0.0517314
-0.0549348
-0.0581384
-0.0613389
-0.00343103
-0.00619855
-0.00903001
-0.0119089
-0.014825
-0.0177746
-0.0207565
-0.0237696
-0.0268114
-0.0298786
-0.0329679
-0.0360757
-0.039199
-0.0423343
-0.0454785
-0.0486281
-0.0517797
-0.0549301
-0.0580784
-0.0612265
0.115254
0.116688
0.118872
0.121927
0.125229
0.128904
0.132211
0.135358
0.137413
0.138805
0.138305
0.136766
0.132495
0.126851
0.11638
0.114319
0.115645
0.117653
0.120446
0.123412
0.126659
0.129468
0.132018
0.133433
0.134064
0.132849
0.130422
0.125547
0.118904
0.109813
0.113316
0.114528
0.116347
0.118862
0.121475
0.124276
0.126575
0.128524
0.129313
0.129222
0.127374
0.124189
0.118908
0.111809
0.103251
0.112239
0.113331
0.114952
0.117173
0.119418
0.121756
0.123535
0.124868
0.125039
0.124236
0.121793
0.117919
0.112276
0.104869
0.0964409
0.111086
0.112053
0.113467
0.115381
0.117251
0.119112
0.12037
0.121084
0.120653
0.119164
0.116159
0.111685
0.105704
0.0981088
0.0897561
0.109854
0.11069
0.111891
0.113488
0.114973
0.11635
0.117087
0.11719
0.116176
0.11404
0.110514
0.105534
0.0992535
0.09157
0.0833115
0.10854
0.109241
0.110221
0.111491
0.112586
0.113472
0.113694
0.113197
0.111622
0.108888
0.10488
0.0994833
0.0929536
0.0852424
0.0770935
0.107142
0.107703
0.108457
0.109391
0.110092
0.110486
0.110197
0.10912
0.107007
0.103726
0.0992801
0.0935424
0.0868157
0.0791107
0.0710846
0.105658
0.106076
0.106599
0.10719
0.107493
0.107398
0.106608
0.104974
0.10235
0.0985756
0.0937361
0.0877229
0.0808498
0.0731749
0.0652865
0.104088
0.104358
0.104646
0.10489
0.104796
0.104217
0.102937
0.100776
0.0976702
0.0934561
0.088271
0.0820379
0.0750666
0.067444
0.0597075
0.102432
0.10255
0.102601
0.102496
0.102006
0.100955
0.099199
0.096543
0.0929897
0.0883873
0.0829056
0.0765017
0.0694761
0.0619282
0.0543553
0.10069
0.100655
0.100467
0.100015
0.0991322
0.0976236
0.0954099
0.0922944
0.0883299
0.0833887
0.0776593
0.0711289
0.0640879
0.0566365
0.0492368
0.0988653
0.0986762
0.0982485
0.0974528
0.0961841
0.0942369
0.0915868
0.0880489
0.0837125
0.0784799
0.0725499
0.0659337
0.0589108
0.0515764
0.044358
0.0969613
0.0966184
0.0959516
0.0948202
0.0931743
0.0908103
0.0877486
0.0838264
0.079159
0.0736803
0.0675941
0.0609294
0.0539535
0.0467544
0.0397239
0.0949833
0.0944887
0.0935849
0.0921281
0.0901169
0.0873607
0.0839155
0.0796474
0.0746907
0.0690089
0.0628075
0.056128
0.0492239
0.0421753
0.035338
0.0929388
0.0922962
0.0911589
0.0893897
0.0870283
0.0839065
0.0801084
0.0755331
0.0703283
0.0644842
0.0582045
0.0515404
0.044729
0.0378433
0.0312023
0.0908375
0.090052
0.0886867
0.0866203
0.0839268
0.0804678
0.0763494
0.0715052
0.0660921
0.0601237
0.0537992
0.0471764
0.0404752
0.0337613
0.0273179
0.0886914
0.0877698
0.0861839
0.0838375
0.0808328
0.0770661
0.0726614
0.0675858
0.0620023
0.0559444
0.0496044
0.0430451
0.0364677
0.0299315
0.023685
0.0865155
0.085466
0.0836688
0.0810613
0.0777687
0.0737246
0.0690679
0.063797
0.0580784
0.0519625
0.0456325
0.0391547
0.0327113
0.0263556
0.0203033
0.0843278
0.0831595
0.0811626
0.078314
0.0747589
0.0704681
0.0655933
0.0601613
0.0543402
0.0481938
0.0418954
0.0355129
0.0292103
0.023035
0.0171722
0.0821496
0.0808727
0.0786895
0.0756211
0.0718297
0.067323
0.062263
0.0567019
0.0508072
0.044654
0.0384046
0.0321274
0.0259689
0.0199712
0.0142912
0.080006
0.078631
0.0762769
0.0730104
0.0690099
0.0643174
0.0591034
0.0534421
0.0474994
0.0413589
0.0351717
0.029006
0.0229917
0.0171661
0.0116604
0.0779258
0.0764637
0.0739555
0.0705131
0.0663307
0.0614811
0.0561422
0.0504065
0.0444374
0.0383248
0.0322091
0.0261573
0.020284
0.0146224
0.00928062
0.0759419
0.0744037
0.0717594
0.0681636
0.0638257
0.0588464
0.0534089
0.047621
0.0416431
0.0355694
0.0295303
0.0235911
0.0178526
0.0123444
0.00715427
0.0740916
0.0724884
0.0697265
0.0659998
0.0615319
0.0564479
0.0509351
0.0451136
0.0391403
0.0331122
0.0271508
0.0213192
0.0157063
0.0103382
0.00528562
0.0724169
0.0707594
0.0678987
0.0640633
0.0594896
0.0543236
0.0487556
0.0429151
0.0369554
0.0309756
0.0250888
0.0193563
0.0138565
0.008613
0.00368174
0.0709641
0.069263
0.0663225
0.0623999
0.0577434
0.0525156
0.046909
0.0410601
0.035119
0.0291856
0.0233665
0.017721
0.0123189
0.00718162
0.00235332
0.069785
0.0680506
0.0650491
0.0610605
0.0563427
0.0510709
0.045439
0.0395886
0.0336668
0.0277741
0.0220117
0.0164374
0.0111143
0.00606215
0.00131577
0.0689362
0.0671786
0.0641349
0.0601015
0.0553427
0.0500427
0.044396
0.0385475
0.032642
0.0267802
0.0210595
0.0155366
0.0102702
0.00527894
0.000591959
0.0684793
0.0667097
0.063643
0.0595863
0.0548062
0.0494922
0.0438386
0.0379925
0.0320966
0.0262525
0.0205546
0.01506
0.009824
0.00486521
0.000208242
0.127416
0.129569
0.132991
0.138061
0.144123
0.151447
0.159598
0.168721
0.178526
0.189111
0.200207
0.211877
0.223843
0.236181
0.248581
0.12735
0.129498
0.132913
0.137974
0.144021
0.151329
0.159452
0.168547
0.178311
0.188852
0.199889
0.211495
0.223381
0.235636
0.24792
0.127216
0.129356
0.132759
0.137801
0.14382
0.151095
0.159161
0.1682
0.177883
0.188336
0.199254
0.210734
0.222456
0.234543
0.246596
0.127017
0.129145
0.132529
0.137541
0.143517
0.150742
0.158727
0.167681
0.177243
0.187565
0.198305
0.209595
0.22107
0.232902
0.244606
0.126752
0.128865
0.132224
0.137198
0.143119
0.150277
0.158151
0.166994
0.176394
0.186541
0.197044
0.20808
0.219223
0.230712
0.24195
0.126424
0.128517
0.131845
0.136771
0.142617
0.149693
0.157436
0.16614
0.175338
0.18527
0.195474
0.206194
0.216918
0.227977
0.23863
0.126033
0.128103
0.131394
0.136265
0.142038
0.149002
0.156584
0.165124
0.17408
0.183754
0.193599
0.20394
0.214159
0.2247
0.23465
0.125581
0.127625
0.130874
0.135677
0.141331
0.148192
0.1556
0.163948
0.172623
0.181998
0.191424
0.201324
0.21095
0.220889
0.23002
0.125069
0.127085
0.130286
0.135023
0.140598
0.147275
0.154487
0.162616
0.170972
0.180007
0.188952
0.198353
0.207299
0.216554
0.22475
0.124501
0.126484
0.129634
0.134283
0.139715
0.146251
0.153249
0.161131
0.169131
0.177786
0.186189
0.195034
0.203213
0.211705
0.218857
0.123877
0.125826
0.128919
0.133478
0.138782
0.145133
0.151892
0.159496
0.167106
0.175339
0.183142
0.191375
0.1987
0.206357
0.212356
0.123201
0.125112
0.128145
0.132588
0.13775
0.143912
0.150419
0.157716
0.164903
0.172671
0.179817
0.187385
0.193768
0.200525
0.20527
0.122475
0.124347
0.127317
0.131655
0.136644
0.142601
0.148835
0.155795
0.162529
0.169786
0.176223
0.183071
0.188429
0.194228
0.197617
0.121701
0.123532
0.126439
0.130649
0.135459
0.141199
0.147144
0.153738
0.159991
0.16669
0.17237
0.178442
0.182693
0.187486
0.18942
0.120882
0.122672
0.125484
0.12957
0.13421
0.139714
0.145352
0.151547
0.157294
0.163385
0.168269
0.173503
0.176574
0.180319
0.180695
0.120021
0.121773
0.124531
0.128437
0.132895
0.138148
0.143462
0.149233
0.154448
0.15988
0.163934
0.168259
0.170088
0.172745
0.171454
0.119122
0.12082
0.123476
0.127251
0.131518
0.136505
0.141475
0.146792
0.151448
0.156171
0.15937
0.162708
0.163261
0.164774
0.161703
0.118187
0.119846
0.122398
0.12602
0.130086
0.134798
0.139412
0.144258
0.14833
0.152296
0.154606
0.156858
0.156113
0.156385
0.151422
0.117214
0.118822
0.121274
0.124737
0.128584
0.13299
0.137214
0.141547
0.145
0.148176
0.149597
0.150691
0.148712
0.147548
0.140624
0.116222
0.117767
0.120132
0.123463
0.127118
0.131266
0.135129
0.138982
0.14179
0.144114
0.144512
0.144317
0.140952
0.13816
0.129252
0.116222
0.117767
0.120132
0.123463
0.127118
0.131266
0.135129
0.138982
0.14179
0.144114
0.144512
0.144317
0.140952
0.138161
0.129252
0.117214
0.118822
0.121274
0.124737
0.128584
0.13299
0.137214
0.141547
0.145
0.148176
0.149597
0.150691
0.148712
0.147548
0.140624
0.118187
0.119846
0.122398
0.12602
0.130086
0.134798
0.139412
0.144258
0.14833
0.152296
0.154606
0.156858
0.156113
0.156385
0.151422
0.119122
0.12082
0.123476
0.127251
0.131518
0.136505
0.141475
0.146792
0.151448
0.156171
0.15937
0.162708
0.163261
0.164774
0.161703
0.120021
0.121773
0.124531
0.128437
0.132895
0.138148
0.143462
0.149233
0.154448
0.15988
0.163934
0.168259
0.170088
0.172745
0.171454
0.120882
0.122672
0.125484
0.12957
0.13421
0.139714
0.145352
0.151547
0.157294
0.163385
0.168269
0.173503
0.176574
0.180319
0.180695
0.121701
0.123532
0.126439
0.130649
0.135459
0.141199
0.147144
0.153738
0.159991
0.16669
0.17237
0.178442
0.182693
0.187486
0.18942
0.122475
0.124347
0.127317
0.131655
0.136644
0.142601
0.148835
0.155795
0.162529
0.169786
0.176223
0.183071
0.188429
0.194228
0.197618
0.123201
0.125112
0.128145
0.132588
0.13775
0.143912
0.150419
0.157716
0.164903
0.172671
0.179817
0.187385
0.193768
0.200525
0.20527
0.123877
0.125826
0.128919
0.133478
0.138782
0.145133
0.151892
0.159496
0.167106
0.175339
0.183142
0.191375
0.1987
0.206357
0.212357
0.124501
0.126484
0.129634
0.134283
0.139715
0.146251
0.153249
0.161131
0.169131
0.177786
0.186189
0.195034
0.203213
0.211705
0.218857
0.125069
0.127085
0.130286
0.135023
0.140598
0.147275
0.154487
0.162616
0.170972
0.180007
0.188952
0.198353
0.207299
0.216554
0.22475
0.125581
0.127625
0.130874
0.135677
0.141331
0.148192
0.1556
0.163948
0.172623
0.181998
0.191424
0.201324
0.21095
0.220889
0.23002
0.126033
0.128103
0.131394
0.136265
0.142038
0.149002
0.156584
0.165124
0.17408
0.183754
0.193599
0.20394
0.214159
0.2247
0.23465
0.126424
0.128517
0.131845
0.136771
0.142617
0.149693
0.157436
0.16614
0.175338
0.18527
0.195474
0.206194
0.216918
0.227977
0.23863
0.126752
0.128865
0.132224
0.137198
0.143119
0.150277
0.158151
0.166994
0.176394
0.186541
0.197044
0.20808
0.219223
0.230712
0.24195
0.127017
0.129145
0.132529
0.137541
0.143517
0.150742
0.158727
0.167681
0.177243
0.187565
0.198305
0.209595
0.22107
0.232902
0.244606
0.127216
0.129356
0.132759
0.137801
0.14382
0.151095
0.159161
0.1682
0.177883
0.188336
0.199254
0.210734
0.222456
0.234543
0.246596
0.12735
0.129498
0.132913
0.137974
0.144021
0.151329
0.159452
0.168547
0.178311
0.188852
0.199889
0.211495
0.223381
0.235636
0.24792
0.127416
0.129569
0.132991
0.138061
0.144123
0.151447
0.159598
0.168721
0.178526
0.189111
0.200207
0.211877
0.223843
0.236181
0.248581
0.0684793
0.0667097
0.063643
0.0595863
0.0548062
0.0494922
0.0438386
0.0379925
0.0320966
0.0262525
0.0205546
0.01506
0.009824
0.00486521
0.000208242
0.0689362
0.0671786
0.0641349
0.0601016
0.0553427
0.0500427
0.044396
0.0385475
0.032642
0.0267802
0.0210595
0.0155366
0.0102702
0.00527894
0.00059196
0.069785
0.0680506
0.0650491
0.0610605
0.0563427
0.0510709
0.045439
0.0395886
0.0336668
0.0277741
0.0220117
0.0164374
0.0111143
0.00606215
0.00131577
0.0709641
0.069263
0.0663225
0.0623999
0.0577434
0.0525156
0.046909
0.0410601
0.035119
0.0291856
0.0233665
0.017721
0.012319
0.00718162
0.00235332
0.0724169
0.0707594
0.0678988
0.0640633
0.0594896
0.0543236
0.0487556
0.0429151
0.0369555
0.0309756
0.0250888
0.0193563
0.0138565
0.00861301
0.00368175
0.0740916
0.0724884
0.0697265
0.0659998
0.0615319
0.0564479
0.0509351
0.0451137
0.0391403
0.0331122
0.0271508
0.0213192
0.0157063
0.0103382
0.00528562
0.0759419
0.0744037
0.0717594
0.0681637
0.0638257
0.0588464
0.0534089
0.047621
0.0416432
0.0355694
0.0295303
0.0235911
0.0178526
0.0123444
0.00715427
0.0779258
0.0764637
0.0739555
0.0705131
0.0663307
0.0614811
0.0561422
0.0504065
0.0444374
0.0383248
0.0322091
0.0261573
0.020284
0.0146224
0.00928063
0.080006
0.078631
0.0762769
0.0730104
0.06901
0.0643174
0.0591034
0.0534421
0.0474994
0.0413589
0.0351717
0.029006
0.0229917
0.0171661
0.0116604
0.0821496
0.0808727
0.0786895
0.0756211
0.0718297
0.067323
0.062263
0.0567019
0.0508072
0.044654
0.0384046
0.0321274
0.0259689
0.0199713
0.0142912
0.0843278
0.0831595
0.0811626
0.0783141
0.0747589
0.0704682
0.0655933
0.0601614
0.0543402
0.0481938
0.0418954
0.0355129
0.0292103
0.0230351
0.0171722
0.0865155
0.085466
0.0836688
0.0810613
0.0777687
0.0737246
0.0690679
0.063797
0.0580784
0.0519625
0.0456325
0.0391547
0.0327113
0.0263556
0.0203033
0.0886914
0.0877699
0.0861839
0.0838376
0.0808328
0.0770661
0.0726614
0.0675858
0.0620023
0.0559444
0.0496044
0.0430451
0.0364677
0.0299315
0.023685
0.0908375
0.090052
0.0886867
0.0866203
0.0839268
0.0804678
0.0763494
0.0715053
0.0660921
0.0601237
0.0537992
0.0471764
0.0404752
0.0337613
0.0273179
0.0929388
0.0922962
0.0911589
0.0893897
0.0870283
0.0839065
0.0801084
0.0755331
0.0703283
0.0644842
0.0582045
0.0515404
0.0447291
0.0378433
0.0312023
0.0949833
0.0944887
0.0935849
0.0921281
0.0901169
0.0873607
0.0839155
0.0796474
0.0746907
0.0690089
0.0628075
0.056128
0.0492239
0.0421753
0.035338
0.0969613
0.0966184
0.0959516
0.0948202
0.0931743
0.0908103
0.0877486
0.0838264
0.079159
0.0736803
0.0675942
0.0609294
0.0539535
0.0467544
0.039724
0.0988654
0.0986763
0.0982485
0.0974528
0.0961841
0.0942369
0.0915868
0.0880489
0.0837125
0.0784799
0.07255
0.0659337
0.0589108
0.0515765
0.0443581
0.10069
0.100655
0.100467
0.100015
0.0991322
0.0976236
0.0954099
0.0922944
0.0883299
0.0833887
0.0776593
0.0711289
0.0640879
0.0566365
0.0492368
0.102432
0.10255
0.102601
0.102496
0.102006
0.100955
0.0991991
0.096543
0.0929897
0.0883873
0.0829056
0.0765017
0.0694761
0.0619282
0.0543553
0.104088
0.104358
0.104646
0.10489
0.104796
0.104217
0.102937
0.100776
0.0976702
0.0934561
0.088271
0.0820379
0.0750666
0.067444
0.0597075
0.105658
0.106076
0.106599
0.10719
0.107493
0.107398
0.106608
0.104974
0.10235
0.0985756
0.0937362
0.0877229
0.0808498
0.0731749
0.0652866
0.107142
0.107703
0.108457
0.109391
0.110092
0.110486
0.110197
0.10912
0.107007
0.103726
0.0992801
0.0935425
0.0868157
0.0791107
0.0710846
0.10854
0.109241
0.110221
0.111491
0.112586
0.113472
0.113694
0.113197
0.111622
0.108888
0.10488
0.0994833
0.0929537
0.0852424
0.0770935
0.109854
0.11069
0.111891
0.113488
0.114973
0.11635
0.117087
0.11719
0.116176
0.11404
0.110514
0.105534
0.0992536
0.0915701
0.0833115
0.111086
0.112053
0.113467
0.115381
0.117251
0.119112
0.12037
0.121084
0.120653
0.119164
0.11616
0.111685
0.105704
0.0981088
0.0897562
0.112239
0.113331
0.114952
0.117173
0.119418
0.121756
0.123535
0.124868
0.125039
0.124236
0.121793
0.117919
0.112276
0.104869
0.0964409
0.113316
0.114528
0.116347
0.118862
0.121475
0.124276
0.126575
0.128524
0.129313
0.129222
0.127374
0.124189
0.118908
0.111809
0.103252
0.114319
0.115645
0.117653
0.120446
0.123412
0.126659
0.129468
0.132018
0.133433
0.134064
0.132849
0.130422
0.125547
0.118904
0.109813
0.115254
0.116688
0.118872
0.121927
0.125229
0.128904
0.132211
0.135358
0.137413
0.138805
0.138305
0.136766
0.132495
0.126851
0.11638
-0.00343103
-0.00619855
-0.00903001
-0.0119089
-0.014825
-0.0177746
-0.0207565
-0.0237696
-0.0268114
-0.0298786
-0.0329679
-0.0360757
-0.039199
-0.0423343
-0.0454785
-0.0486281
-0.0517797
-0.0549301
-0.0580784
-0.0612266
-0.00305296
-0.0058158
-0.00865096
-0.0115338
-0.0144529
-0.0174067
-0.0203964
-0.0234217
-0.0264804
-0.0295691
-0.0326839
-0.0358213
-0.0389781
-0.0421508
-0.0453362
-0.0485308
-0.0517314
-0.0549348
-0.0581384
-0.0613389
-0.00236022
-0.00515265
-0.00803719
-0.0109712
-0.0139378
-0.0169373
-0.0199741
-0.0230496
-0.0261612
-0.0293047
-0.0324757
-0.0356702
-0.0388848
-0.0421158
-0.0453595
-0.0486117
-0.0518685
-0.0551257
-0.0583822
-0.061638
-0.00136957
-0.00421484
-0.00717799
-0.0101894
-0.0132245
-0.0162876
-0.0193886
-0.022531
-0.0257123
-0.0289272
-0.0321707
-0.0354386
-0.0387275
-0.042034
-0.0453544
-0.0486848
-0.0520216
-0.0553612
-0.0587018
-0.0620403
-0.000104719
-0.00302745
-0.00610074
-0.00921898
-0.0123485
-0.0154993
-0.0186883
-0.0219222
-0.0251977
-0.0285082
-0.0318475
-0.0352114
-0.0385965
-0.0419995
-0.0454163
-0.0488429
-0.0522747
-0.0557079
-0.0591415
-0.0625735
0.00142174
-0.00160099
-0.00481356
-0.00806469
-0.01131
-0.0145679
-0.0178643
-0.0212091
-0.024598
-0.0280223
-0.0314748
-0.0349513
-0.0384487
-0.0419636
-0.0454925
-0.0490309
-0.0525746
-0.0561199
-0.059666
-0.0632098
0.00320075
5.6041e-05
-0.00332466
-0.006734
-0.010116
-0.0135003
-0.0169238
-0.0204
-0.0239226
-0.0274804
-0.0310651
-0.0346725
-0.0383001
-0.0419448
-0.0456028
-0.0492696
-0.0529405
-0.0566117
-0.0602833
-0.0639522
0.00522694
0.0019387
-0.00163865
-0.00523047
-0.00876864
-0.0122974
-0.0158673
-0.0194946
-0.0231702
-0.0268797
-0.0306139
-0.0343689
-0.0381429
-0.0419331
-0.0457356
-0.0495457
-0.0533587
-0.0571708
-0.0609832
-0.064792
0.00749756
0.00404435
0.000241795
-0.00355601
-0.00726892
-0.0109601
-0.0146955
-0.0184938
-0.0223418
-0.0262214
-0.0301224
-0.0340419
-0.0379788
-0.0419307
-0.0458934
-0.049862
-0.0538318
-0.0577987
-0.0617653
-0.0657275
0.0100118
0.00637195
0.00231547
-0.00171114
-0.00561658
-0.00948795
-0.0134084
-0.0173979
-0.0214374
-0.025505
-0.0295899
-0.0336904
-0.0378064
-0.0419357
-0.0460738
-0.0502156
-0.0543563
-0.0584919
-0.0626266
-0.0667557
0.01277
0.00892163
0.00458224
0.000304764
-0.00381039
-0.00787977
-0.0120054
-0.0162066
-0.0204569
-0.0247302
-0.0290159
-0.033314
-0.0376254
-0.0419478
-0.0462766
-0.0506063
-0.0549321
-0.0592499
-0.063566
-0.0678751
0.0157737
0.0116942
0.00704269
0.00249307
-0.00184841
-0.00613408
-0.0104857
-0.0149194
-0.0193996
-0.0238962
-0.0283997
-0.0329122
-0.0374353
-0.0419668
-0.0465015
-0.0510338
-0.0555587
-0.060072
-0.0645826
-0.0690847
0.0190247
0.0146907
0.00969785
0.00485575
0.000271687
-0.00424918
-0.00884852
-0.0135358
-0.0182647
-0.0230022
-0.0277406
-0.0324843
-0.0372359
-0.0419923
-0.046748
-0.0514973
-0.0562352
-0.0609571
-0.0656757
-0.0703838
0.0225247
0.0179122
0.0125489
0.00739508
0.00255249
-0.00222338
-0.00709295
-0.012055
-0.0170514
-0.022047
-0.0270377
-0.0320301
-0.0370269
-0.0420244
-0.047017
-0.0519988
-0.0569647
-0.0619079
-0.0668468
-0.0717735
0.0262757
0.0213597
0.0155971
0.0101135
0.00499656
-5.51837e-05
-0.0052183
-0.0104763
-0.0157583
-0.0210297
-0.0262903
-0.031549
-0.0368076
-0.0420617
-0.0473051
-0.0525324
-0.0577381
-0.0629167
-0.0680919
-0.0732516
0.0302785
0.0250333
0.0188433
0.0130135
0.00760632
0.00225661
-0.00322397
-0.00879856
-0.0143843
-0.0199489
-0.0254978
-0.0310407
-0.0365787
-0.0421068
-0.0476204
-0.0531159
-0.0585862
-0.0640063
-0.0694246
-0.0748248
0.0345335
0.0289323
0.0222882
0.0160973
0.0103838
0.00471276
-0.00110951
-0.00702088
-0.012928
-0.0188039
-0.0246597
-0.0305048
-0.0363372
-0.0421496
-0.0479359
-0.0536923
-0.0594209
-0.0651514
-0.0708454
-0.0764947
0.0390396
0.0330548
0.0259315
0.0193668
0.0133305
0.00731358
0.00112545
-0.005142
-0.0113879
-0.0175937
-0.0237762
-0.0299431
-0.0360896
-0.0422084
-0.0482956
-0.054349
-0.0603683
-0.0663714
-0.072335
-0.0782487
0.043794
0.0373974
0.0297724
0.0228233
0.0164475
0.0100588
0.00348116
-0.00316056
-0.00976251
-0.0163175
-0.0228471
-0.0293552
-0.0358331
-0.0422739
-0.0486742
-0.0550322
-0.061348
-0.0676444
-0.0738969
-0.0800906
0.0487919
0.0419543
0.0338086
0.0264677
0.0197346
0.0129475
0.00595782
-0.00107502
-0.00805032
-0.0149745
-0.0218716
-0.0287398
-0.0355671
-0.0423474
-0.0490786
-0.0557592
-0.062388
-0.06899
-0.0755412
-0.0820245
0.0540256
0.0467169
0.0380366
0.0303
0.0231911
0.015978
0.00855554
0.00111627
-0.00624995
-0.013564
-0.0208491
-0.0280964
-0.0352912
-0.0424285
-0.0495072
-0.0565252
-0.0634806
-0.0704028
-0.0772657
-0.0840499
0.0594843
0.051673
0.0424514
0.0343196
0.0268147
0.0191475
0.0112744
0.00341483
-0.00436056
-0.0120857
-0.019779
-0.027424
-0.0350044
-0.0425169
-0.0499605
-0.0573323
-0.0646288
-0.0718851
-0.0790723
-0.0861679
0.0651521
0.0568055
0.0470464
0.0385251
0.0306012
0.0224529
0.0141148
0.00582214
-0.00238175
-0.0105394
-0.0186604
-0.0267213
-0.0347061
-0.0426125
-0.0504388
-0.0581808
-0.065833
-0.0734376
-0.0809615
-0.0883789
0.0710047
0.06209
0.0518138
0.0429139
0.034544
0.0258896
0.0170771
0.00833887
-0.000313888
-0.00892488
-0.0174917
-0.0259869
-0.034395
-0.0427144
-0.0509416
-0.0590705
-0.0670931
-0.0750609
-0.0829341
-0.090683
0.0770052
0.0674927
0.0567451
0.0474818
0.0386344
0.0294545
0.0201625
0.0109645
0.00184126
-0.00724269
-0.0162727
-0.0252205
-0.0340713
-0.0428226
-0.0514697
-0.0600042
-0.0684124
-0.0767575
-0.0849915
-0.0930804
0.0831038
0.0729702
0.061828
0.0522162
0.0428573
0.033144
0.0233726
0.0136999
0.00408584
-0.00548851
-0.0149988
-0.0244181
-0.0337312
-0.0429335
-0.0520179
-0.0609714
-0.0697833
-0.0785258
-0.0871339
-0.0955718
0.08924
0.0784873
0.0670621
0.0571056
0.0472
0.0369531
0.0266982
0.0165306
0.0064066
-0.00367296
-0.0136787
-0.0235861
-0.0333792
-0.0430519
-0.0526003
-0.0620103
-0.071234
-0.0803794
-0.0893673
-0.0981608
0.0953017
0.0839976
0.0724262
0.0621174
0.0516601
0.0409087
0.0301728
0.0194933
0.00884188
-0.00176165
-0.0122851
-0.0227033
-0.0329964
-0.0431503
-0.0531534
-0.0629798
-0.0726905
-0.0822947
-0.0916793
-0.100835
0.101042
0.089515
0.0779427
0.0671976
0.0561521
0.0448917
0.0336553
0.0224498
0.0112663
0.000134523
-0.0109124
-0.0218517
-0.0326646
-0.0433468
-0.0539094
-0.0643332
-0.0743582
-0.0843114
-0.0940515
-0.103566
0.105747
0.0946919
0.0835537
0.0725381
0.061065
0.0493652
0.0376353
0.0258995
0.0141716
0.00248712
-0.00910966
-0.0205868
-0.031916
-0.0430671
-0.0540137
-0.0648057
-0.0757956
-0.0863644
-0.096533
-0.106426
-0.0643705
-0.0675021
-0.0706156
-0.0737089
-0.0767811
-0.0798306
-0.0828553
-0.0858529
-0.0888209
-0.0917574
-0.0946604
-0.097528
-0.100359
-0.103151
-0.105903
-0.108614
-0.111282
-0.113906
-0.116488
-0.119025
-0.0645305
-0.067708
-0.0708692
-0.0740116
-0.0771328
-0.0802298
-0.0832997
-0.0863398
-0.0893475
-0.0923203
-0.0952561
-0.0981528
-0.101008
-0.103821
-0.106589
-0.109311
-0.111986
-0.114612
-0.11719
-0.119721
-0.0648891
-0.0681277
-0.071348
-0.074547
-0.0777226
-0.0808723
-0.0839935
-0.0870832
-0.0901387
-0.0931576
-0.0961376
-0.0990764
-0.101972
-0.104823
-0.107627
-0.110383
-0.11309
-0.115746
-0.118356
-0.120921
-0.0653706
-0.068686
-0.0719828
-0.0752582
-0.0785098
-0.0817347
-0.0849298
-0.088092
-0.0912185
-0.0943065
-0.0973538
-0.100358
-0.103317
-0.106228
-0.109091
-0.111902
-0.114664
-0.117371
-0.120033
-0.122652
-0.0659982
-0.0694082
-0.0727983
-0.0761657
-0.0795079
-0.0828221
-0.0861051
-0.0893537
-0.0925651
-0.0957363
-0.0988651
-0.101949
-0.104986
-0.107974
-0.110911
-0.113796
-0.116629
-0.119406
-0.122141
-0.124838
-0.0667448
-0.0702632
-0.0737607
-0.0772345
-0.0806823
-0.0841009
-0.0874871
-0.0908377
-0.0941498
-0.0974204
-0.100647
-0.103828
-0.10696
-0.110042
-0.113072
-0.116047
-0.118971
-0.121837
-0.124664
-0.127459
-0.0676115
-0.0712532
-0.0748725
-0.078467
-0.0820342
-0.0855712
-0.0890747
-0.0925413
-0.0959682
-0.0993524
-0.102692
-0.105983
-0.109226
-0.112416
-0.115554
-0.118636
-0.121666
-0.124638
-0.127575
-0.130485
-0.0685897
-0.0723679
-0.0761224
-0.0798507
-0.0835507
-0.0872193
-0.0908533
-0.0944493
-0.0980045
-0.101516
-0.104981
-0.108398
-0.111765
-0.115078
-0.11834
-0.121543
-0.124695
-0.127788
-0.130851
-0.133895
-0.0696769
-0.073605
-0.0775076
-0.0813827
-0.0852282
-0.0890411
-0.0928183
-0.0965565
-0.100253
-0.103904
-0.107509
-0.111064
-0.114569
-0.118019
-0.121417
-0.124755
-0.128044
-0.131272
-0.134477
-0.137671
-0.0708699
-0.0749606
-0.0790237
-0.0830579
-0.0870611
-0.0910305
-0.0949631
-0.0988554
-0.102705
-0.106509
-0.110265
-0.11397
-0.117625
-0.121225
-0.124772
-0.128259
-0.131698
-0.135075
-0.138436
-0.141793
-0.0721669
-0.0764325
-0.0806684
-0.0848735
-0.0890462
-0.0931839
-0.0972833
-0.101341
-0.105355
-0.109323
-0.113242
-0.11711
-0.120927
-0.124687
-0.128396
-0.132044
-0.135645
-0.139182
-0.142712
-0.146247
-0.0735667
-0.0780193
-0.0824397
-0.0868272
-0.0911808
-0.0954977
-0.099775
-0.10401
-0.108199
-0.112341
-0.116434
-0.120475
-0.124464
-0.128396
-0.132277
-0.136096
-0.139871
-0.14358
-0.147291
-0.151015
-0.0750684
-0.0797198
-0.0843359
-0.088917
-0.0934623
-0.0979691
-0.102435
-0.106856
-0.111231
-0.115557
-0.119834
-0.124057
-0.128229
-0.132343
-0.136406
-0.140406
-0.144364
-0.148255
-0.152156
-0.156081
-0.0766727
-0.0815341
-0.0863568
-0.091142
-0.0958893
-0.100596
-0.10526
-0.109877
-0.114447
-0.118967
-0.123436
-0.12785
-0.132213
-0.136517
-0.140771
-0.14496
-0.14911
-0.153191
-0.157292
-0.161424
-0.0783774
-0.08346
-0.0885001
-0.0935
-0.0984592
-0.103375
-0.108246
-0.113069
-0.117842
-0.122563
-0.127233
-0.131846
-0.136407
-0.140908
-0.14536
-0.149745
-0.154094
-0.158372
-0.162679
-0.167025
-0.0801855
-0.0854989
-0.0907666
-0.0959909
-0.101171
-0.106306
-0.111392
-0.116428
-0.121411
-0.126341
-0.131218
-0.136037
-0.140802
-0.145507
-0.150162
-0.154748
-0.159301
-0.16378
-0.168298
-0.172862
-0.0820972
-0.0876505
-0.0931555
-0.0986135
-0.104024
-0.109384
-0.114693
-0.119949
-0.12515
-0.130295
-0.135383
-0.140413
-0.145388
-0.1503
-0.155162
-0.159954
-0.164714
-0.169396
-0.174128
-0.178911
-0.0841084
-0.0899131
-0.095665
-0.101366
-0.107014
-0.112608
-0.118146
-0.123628
-0.129051
-0.134416
-0.139721
-0.144966
-0.150152
-0.155275
-0.160346
-0.165346
-0.170313
-0.175202
-0.180147
-0.185149
-0.0862202
-0.0922869
-0.0982948
-0.104246
-0.110139
-0.115974
-0.121747
-0.12746
-0.13311
-0.138699
-0.144222
-0.149685
-0.155082
-0.160419
-0.165696
-0.170907
-0.176079
-0.181176
-0.18633
-0.191553
-0.088434
-0.0947722
-0.101044
-0.107254
-0.113399
-0.119479
-0.125492
-0.131441
-0.137319
-0.143134
-0.148876
-0.154559
-0.160167
-0.165718
-0.171198
-0.176619
-0.181991
-0.187297
-0.192653
-0.1981
-0.0907491
-0.0973677
-0.103913
-0.110387
-0.116789
-0.12312
-0.129376
-0.135562
-0.141671
-0.147713
-0.153673
-0.159577
-0.165391
-0.171159
-0.176835
-0.182469
-0.188029
-0.193544
-0.199089
-0.204761
-0.0931661
-0.100073
-0.106898
-0.113643
-0.120308
-0.126893
-0.133394
-0.139819
-0.146157
-0.152425
-0.158601
-0.164721
-0.170735
-0.176717
-0.18258
-0.188431
-0.194168
-0.199896
-0.205615
-0.211506
-0.0956849
-0.102889
-0.11
-0.117021
-0.123952
-0.130792
-0.137541
-0.144203
-0.150771
-0.157261
-0.163648
-0.169979
-0.176185
-0.182374
-0.188405
-0.194469
-0.200358
-0.206309
-0.212181
-0.218296
-0.098305
-0.105813
-0.113216
-0.120518
-0.127718
-0.134816
-0.141811
-0.14871
-0.155506
-0.162216
-0.168814
-0.17535
-0.181746
-0.188135
-0.194322
-0.200592
-0.206593
-0.212767
-0.218742
-0.225094
-0.101025
-0.108843
-0.116544
-0.124131
-0.131601
-0.138957
-0.146199
-0.153333
-0.160353
-0.167276
-0.174081
-0.180815
-0.187403
-0.193987
-0.200337
-0.206815
-0.212911
-0.219316
-0.22532
-0.231921
-0.103846
-0.111979
-0.11998
-0.127852
-0.135593
-0.143204
-0.150686
-0.158044
-0.165276
-0.172394
-0.179387
-0.186291
-0.193048
-0.19979
-0.206296
-0.212961
-0.219166
-0.225834
-0.231846
-0.238766
-0.106773
-0.115224
-0.123525
-0.13168
-0.139686
-0.147543
-0.155254
-0.162821
-0.170246
-0.177536
-0.184686
-0.191721
-0.198606
-0.205441
-0.212053
-0.21882
-0.225114
-0.232026
-0.238054
-0.245458
-0.109797
-0.118582
-0.127196
-0.135643
-0.143922
-0.152034
-0.159983
-0.167771
-0.175401
-0.18288
-0.190207
-0.197395
-0.204428
-0.211365
-0.218092
-0.224906
-0.231264
-0.238314
-0.244278
-0.252241
-0.112891
-0.122036
-0.131001
-0.139783
-0.14838
-0.156793
-0.165028
-0.173091
-0.180986
-0.188719
-0.196296
-0.203723
-0.210999
-0.218142
-0.225096
-0.232019
-0.238531
-0.245568
-0.251473
-0.259725
-0.116081
-0.125539
-0.134816
-0.143894
-0.152763
-0.161423
-0.169882
-0.178147
-0.186227
-0.194129
-0.201866
-0.209441
-0.216868
-0.224147
-0.231269
-0.238268
-0.244977
-0.251818
-0.257824
-0.265747
-0.125342
-0.134956
-0.143975
-0.152154
-0.159277
-0.165166
-0.169668
-0.172643
-0.17396
-0.173532
-0.171311
-0.167327
-0.161629
-0.15435
-0.145636
-0.135732
-0.12487
-0.113367
-0.101488
-0.0895468
-0.0777626
-0.0663799
-0.0555263
-0.0453632
-0.0359643
-0.0274962
-0.0199449
-0.013388
-0.00757488
-0.00247202
-0.126074
-0.135735
-0.144764
-0.152927
-0.160021
-0.165879
-0.170343
-0.173271
-0.174528
-0.174034
-0.171744
-0.167691
-0.161923
-0.154575
-0.145796
-0.135832
-0.124918
-0.113371
-0.101458
-0.0894925
-0.0776941
-0.066304
-0.0554485
-0.0452853
-0.0358895
-0.0274255
-0.0198841
-0.0133385
-0.00754408
-0.00246058
-0.127412
-0.137183
-0.14623
-0.154361
-0.161406
-0.167207
-0.171603
-0.17444
-0.175586
-0.174969
-0.172552
-0.168368
-0.16247
-0.154995
-0.146094
-0.136017
-0.125005
-0.113376
-0.101401
-0.0893905
-0.0775661
-0.066162
-0.0553036
-0.0451399
-0.0357502
-0.0272933
-0.0197708
-0.0132458
-0.00748654
-0.00243829
-0.129328
-0.139243
-0.148307
-0.156387
-0.16336
-0.169082
-0.173378
-0.176084
-0.177072
-0.176279
-0.173683
-0.169317
-0.163235
-0.155579
-0.146508
-0.136274
-0.125125
-0.113381
-0.101318
-0.0892459
-0.0773858
-0.0659628
-0.0551009
-0.0449361
-0.0355551
-0.0271078
-0.0196121
-0.0131155
-0.00740579
-0.00240637
-0.131758
-0.141847
-0.150917
-0.158927
-0.165813
-0.171435
-0.1756
-0.178137
-0.178922
-0.177912
-0.175091
-0.170496
-0.164185
-0.156304
-0.14702
-0.13659
-0.12527
-0.113382
-0.101212
-0.0890627
-0.0771594
-0.0657138
-0.0548483
-0.0446819
-0.0353121
-0.0268763
-0.0194143
-0.0129524
-0.00730504
-0.00236575
-0.13467
-0.14495
-0.154005
-0.161927
-0.168709
-0.17421
-0.178215
-0.180544
-0.181088
-0.179821
-0.176736
-0.171872
-0.165291
-0.157146
-0.147612
-0.136953
-0.125433
-0.113378
-0.101083
-0.0888445
-0.0768922
-0.0654216
-0.0545529
-0.0443846
-0.0350281
-0.0266051
-0.0191828
-0.0127608
-0.00718709
-0.00231714
-0.138034
-0.148508
-0.157521
-0.165333
-0.171997
-0.177356
-0.18117
-0.183255
-0.183524
-0.181966
-0.178582
-0.173413
-0.166528
-0.158084
-0.14827
-0.137351
-0.125607
-0.113365
-0.100931
-0.0885942
-0.0765891
-0.0650919
-0.0542212
-0.0440504
-0.0347093
-0.0262998
-0.0189227
-0.0125445
-0.00705446
-0.00226118
-0.141823
-0.152483
-0.16142
-0.169101
-0.175632
-0.180827
-0.184417
-0.186225
-0.186187
-0.18431
-0.180597
-0.175091
-0.167871
-0.159101
-0.148978
-0.137776
-0.125787
-0.113341
-0.100756
-0.0883144
-0.0762541
-0.0647301
-0.0538589
-0.0436853
-0.0343612
-0.0259657
-0.0186381
-0.0123069
-0.00690934
-0.00219841
-0.146015
-0.156839
-0.165661
-0.173191
-0.179572
-0.18458
-0.187915
-0.189414
-0.189041
-0.186819
-0.18275
-0.176882
-0.169301
-0.16018
-0.149726
-0.13822
-0.125968
-0.113304
-0.10056
-0.0880075
-0.0758912
-0.0643408
-0.053471
-0.0432944
-0.0339888
-0.0256072
-0.0183332
-0.0120511
-0.00675372
-0.0021293
-0.150589
-0.161544
-0.170207
-0.177565
-0.183781
-0.188575
-0.191624
-0.192784
-0.192055
-0.189465
-0.185017
-0.178763
-0.1708
-0.161307
-0.150503
-0.138674
-0.126146
-0.113252
-0.100342
-0.0876757
-0.0755039
-0.0639283
-0.0530621
-0.0428822
-0.0335965
-0.0252283
-0.0180112
-0.0117798
-0.00658933
-0.00205431
-0.155523
-0.166563
-0.175021
-0.182188
-0.188223
-0.192777
-0.195506
-0.196304
-0.195198
-0.19222
-0.187372
-0.180714
-0.17235
-0.162468
-0.151298
-0.139134
-0.126316
-0.113185
-0.100104
-0.0873212
-0.0750953
-0.0634965
-0.0526364
-0.0424531
-0.0331882
-0.0248328
-0.0176753
-0.0114956
-0.00641773
-0.00197386
-0.160797
-0.171864
-0.180072
-0.187027
-0.192864
-0.197148
-0.199528
-0.199943
-0.198443
-0.19506
-0.189796
-0.182718
-0.173939
-0.163654
-0.152104
-0.139592
-0.126476
-0.113101
-0.0998456
-0.086946
-0.0746683
-0.063049
-0.0521976
-0.0420106
-0.0327673
-0.0244239
-0.0173282
-0.0112007
-0.00624029
-0.00188839
-0.16639
-0.177414
-0.185325
-0.192053
-0.197673
-0.201656
-0.203659
-0.203674
-0.201766
-0.197964
-0.192269
-0.184759
-0.175553
-0.164854
-0.152913
-0.140045
-0.126624
-0.112999
-0.0995683
-0.0865521
-0.0742259
-0.0625889
-0.0517491
-0.0415584
-0.032337
-0.0240047
-0.0169725
-0.0108973
-0.00605822
-0.0017983
-0.172278
-0.183178
-0.19075
-0.197236
-0.202618
-0.20627
-0.207873
-0.207473
-0.205144
-0.200912
-0.194776
-0.186824
-0.177181
-0.16606
-0.15372
-0.140488
-0.126757
-0.11288
-0.099273
-0.0861416
-0.0737704
-0.0621194
-0.0512937
-0.0410993
-0.0319001
-0.0235778
-0.0166102
-0.0105873
-0.00587261
-0.00170404
-0.178437
-0.189123
-0.196318
-0.202548
-0.207672
-0.21096
-0.212143
-0.211318
-0.208559
-0.203886
-0.1973
-0.188901
-0.178814
-0.167265
-0.15452
-0.140919
-0.126873
-0.112743
-0.0989607
-0.0857163
-0.0733043
-0.061643
-0.0508344
-0.0406362
-0.0314591
-0.0231457
-0.0162435
-0.0102725
-0.00568444
-0.00160605
-0.18484
-0.195213
-0.202002
-0.207966
-0.212804
-0.215701
-0.216449
-0.21519
-0.211993
-0.206871
-0.199829
-0.190978
-0.180443
-0.168462
-0.155307
-0.141335
-0.126973
-0.112589
-0.0986326
-0.0852782
-0.0728298
-0.0611624
-0.0503734
-0.0401715
-0.0310161
-0.0227107
-0.0158741
-0.0099546
-0.00549458
-0.0015048
-0.191459
-0.201415
-0.207775
-0.213466
-0.217989
-0.220467
-0.220769
-0.219071
-0.215428
-0.209854
-0.202353
-0.193047
-0.182062
-0.169646
-0.156079
-0.141735
-0.127054
-0.112419
-0.0982902
-0.0848292
-0.0723491
-0.0606798
-0.049913
-0.0397073
-0.0305732
-0.0222746
-0.0155036
-0.00963512
-0.00530382
-0.00140081
-0.198261
-0.207697
-0.213614
-0.219022
-0.2232
-0.225237
-0.225088
-0.222944
-0.218852
-0.212821
-0.20486
-0.1951
-0.183662
-0.170812
-0.156832
-0.142116
-0.127118
-0.112232
-0.0979348
-0.0843711
-0.0718641
-0.0601974
-0.0494551
-0.0392458
-0.0301323
-0.0218394
-0.0151336
-0.00931551
-0.00511291
-0.0012946
-0.205209
-0.214027
-0.219497
-0.224612
-0.228415
-0.229993
-0.229387
-0.226794
-0.22225
-0.215763
-0.207341
-0.197129
-0.18524
-0.171957
-0.157564
-0.142478
-0.127164
-0.112031
-0.097568
-0.083906
-0.071377
-0.0597172
-0.0490017
-0.0387886
-0.0296949
-0.0214068
-0.0147655
-0.00899709
-0.00492253
-0.00118672
-0.212264
-0.220374
-0.2254
-0.230212
-0.233611
-0.234716
-0.233652
-0.230607
-0.22561
-0.218668
-0.209789
-0.199127
-0.186789
-0.173078
-0.158273
-0.14282
-0.127192
-0.111816
-0.0971916
-0.0834359
-0.0708895
-0.059241
-0.0485543
-0.0383375
-0.0292625
-0.0209784
-0.0144005
-0.00868115
-0.00473335
-0.00107774
-0.219382
-0.22671
-0.231304
-0.235796
-0.238766
-0.239388
-0.237868
-0.234369
-0.228921
-0.221526
-0.212194
-0.201088
-0.188305
-0.174169
-0.158957
-0.143142
-0.127203
-0.111589
-0.0968073
-0.0829626
-0.0704037
-0.0587705
-0.0481144
-0.0378939
-0.0288367
-0.0205555
-0.01404
-0.00836886
-0.00454602
-0.000968227
-0.226517
-0.233006
-0.237186
-0.241342
-0.243861
-0.243995
-0.24202
-0.238065
-0.232169
-0.224326
-0.214548
-0.203003
-0.189782
-0.175228
-0.159613
-0.143442
-0.127197
-0.111351
-0.0964172
-0.0824884
-0.0699214
-0.0583074
-0.0476834
-0.0374591
-0.0284186
-0.0201396
-0.0136851
-0.00806135
-0.00436114
-0.000858748
-0.233624
-0.239237
-0.243028
-0.246824
-0.248876
-0.24852
-0.246092
-0.241683
-0.235342
-0.227058
-0.216842
-0.204867
-0.191215
-0.176252
-0.160241
-0.143721
-0.127176
-0.111105
-0.0960232
-0.0820153
-0.0694444
-0.0578532
-0.0472625
-0.0370344
-0.0280094
-0.019732
-0.013337
-0.00775967
-0.00417932
-0.000749875
-0.240654
-0.245381
-0.248807
-0.252218
-0.253791
-0.252943
-0.250064
-0.245201
-0.238425
-0.229708
-0.219063
-0.206669
-0.192597
-0.177236
-0.160838
-0.143978
-0.127141
-0.110851
-0.0956278
-0.0815455
-0.0689746
-0.0574092
-0.0468527
-0.0366208
-0.0276102
-0.0193338
-0.0129966
-0.00746483
-0.00400111
-0.000642161
-0.247559
-0.251414
-0.254502
-0.257497
-0.258584
-0.257244
-0.253916
-0.248602
-0.241401
-0.23226
-0.221201
-0.208401
-0.193923
-0.178176
-0.161403
-0.144213
-0.127092
-0.110592
-0.0952329
-0.0810812
-0.0685136
-0.0569766
-0.0464548
-0.0362192
-0.0272219
-0.0189461
-0.012665
-0.0071777
-0.00382704
-0.00053614
-0.254285
-0.257309
-0.260082
-0.262626
-0.263223
-0.261396
-0.257619
-0.251862
-0.24425
-0.234699
-0.223242
-0.210053
-0.195184
-0.179067
-0.161932
-0.144426
-0.127031
-0.110329
-0.0948406
-0.0806242
-0.0680628
-0.0565564
-0.0460696
-0.0358304
-0.0268452
-0.0185699
-0.0123429
-0.00689911
-0.00365762
-0.000432315
-0.260758
-0.263035
-0.265513
-0.267564
-0.267668
-0.265357
-0.261154
-0.254956
-0.246948
-0.237006
-0.225171
-0.211612
-0.196373
-0.179905
-0.162425
-0.144617
-0.126959
-0.110066
-0.0944533
-0.0801768
-0.0676241
-0.0561499
-0.0456979
-0.0354551
-0.0264812
-0.0182062
-0.0120313
-0.00662987
-0.00349333
-0.000331164
-0.266934
-0.26857
-0.270768
-0.272283
-0.271895
-0.269076
-0.264514
-0.257856
-0.249478
-0.23917
-0.226984
-0.21308
-0.197493
-0.180694
-0.162887
-0.144792
-0.126884
-0.109807
-0.0940774
-0.0797445
-0.0672018
-0.0557604
-0.0453424
-0.0350959
-0.0261317
-0.0178565
-0.0117315
-0.00637082
-0.00333472
-0.000233123
-0.272861
-0.273883
-0.27583
-0.276784
-0.275922
-0.272602
-0.267332
-0.260538
-0.251855
-0.241207
-0.228697
-0.214471
-0.198558
-0.181449
-0.16333
-0.144962
-0.126813
-0.109561
-0.0937171
-0.0793297
-0.066797
-0.0553882
-0.0450029
-0.0347521
-0.0257962
-0.0175204
-0.011443
-0.00612187
-0.00318185
-0.000138451
-0.278517
-0.278748
-0.280495
-0.280935
-0.279715
-0.276113
-0.271009
-0.263229
-0.254108
-0.2431
-0.230261
-0.215721
-0.199495
-0.182091
-0.163678
-0.145055
-0.126682
-0.10927
-0.0933246
-0.0788928
-0.0663761
-0.0550038
-0.0446535
-0.0344031
-0.0254592
-0.0171883
-0.0111601
-0.00588049
-0.00303324
-4.7204e-05
-0.283691
-0.28248
-0.284013
-0.283825
-0.282112
-0.277898
-0.271948
-0.264536
-0.255267
-0.244045
-0.231001
-0.21625
-0.199812
-0.182205
-0.163591
-0.144799
-0.126281
-0.108775
-0.0927788
-0.0783404
-0.0658634
-0.0545415
-0.0442365
-0.0340006
-0.0250815
-0.0168287
-0.0108568
-0.00562616
-0.00287426
4.91016e-05
-0.287655
-0.287259
-0.288748
-0.287723
-0.285324
-0.280426
-0.274217
-0.265875
-0.256057
-0.244373
-0.230954
-0.215864
-0.199139
-0.181302
-0.162502
-0.1436
-0.125029
-0.107552
-0.0916356
-0.0773185
-0.0649952
-0.0538082
-0.0436052
-0.0334244
-0.024571
-0.016372
-0.0104914
-0.00533248
-0.00269662
0.00015559
-0.291872
-0.291241
-0.292229
-0.290294
-0.287283
-0.281774
-0.275113
-0.266655
-0.256601
-0.244632
-0.230956
-0.215612
-0.19865
-0.180604
-0.161619
-0.142598
-0.123949
-0.106472
-0.0905991
-0.0763732
-0.0641748
-0.0531037
-0.0429869
-0.0328533
-0.024059
-0.0159123
-0.0101223
-0.0050368
-0.00251821
0.000262907
-0.295921
-0.29495
-0.295572
-0.292851
-0.289397
-0.283458
-0.276441
-0.267452
-0.257047
-0.244763
-0.230833
-0.215247
-0.198073
-0.179847
-0.160703
-0.141586
-0.122879
-0.105415
-0.0895936
-0.0754615
-0.0633866
-0.0524264
-0.042391
-0.032301
-0.0235627
-0.0154661
-0.00976328
-0.00474877
-0.00234352
0.000368802
-0.299754
-0.298121
-0.298328
-0.294788
-0.290853
-0.284324
-0.277159
-0.2679
-0.257281
-0.244754
-0.230619
-0.214827
-0.197467
-0.179079
-0.159792
-0.140592
-0.121833
-0.104387
-0.0886151
-0.0745751
-0.0626193
-0.0517651
-0.0418068
-0.0317589
-0.0230759
-0.0150299
-0.00941307
-0.0044687
-0.00217331
0.000472387
-0.303429
-0.300662
-0.300571
-0.296327
-0.292118
-0.285292
-0.277799
-0.268202
-0.257364
-0.244613
-0.230303
-0.214332
-0.196818
-0.178293
-0.158887
-0.13962
-0.120822
-0.103397
-0.0876754
-0.0737242
-0.0618805
-0.051125
-0.0412378
-0.0312301
-0.022601
-0.0146058
-0.00907313
-0.00419785
-0.00200831
0.000572904
-0.306814
-0.302613
-0.302286
-0.297395
-0.292927
-0.285734
-0.278085
-0.268265
-0.257274
-0.244342
-0.229891
-0.213773
-0.19613
-0.177494
-0.157991
-0.138674
-0.119847
-0.102451
-0.0867785
-0.072913
-0.0611735
-0.0505086
-0.0406864
-0.0307174
-0.0221409
-0.0141969
-0.00874586
-0.00393822
-0.00184958
0.000669451
-0.309986
-0.303902
-0.303544
-0.298072
-0.293459
-0.286029
-0.278206
-0.268166
-0.257044
-0.243958
-0.229394
-0.213154
-0.195409
-0.176685
-0.157108
-0.13776
-0.118916
-0.101553
-0.0859298
-0.072146
-0.0605015
-0.0499181
-0.0401543
-0.0302228
-0.0216979
-0.0138056
-0.00843347
-0.00369171
-0.00169821
0.000761102
-0.312714
-0.304589
-0.304401
-0.298436
-0.293749
-0.286036
-0.278109
-0.267906
-0.256688
-0.243476
-0.228826
-0.212485
-0.194664
-0.175876
-0.156246
-0.136881
-0.118032
-0.100709
-0.0851342
-0.0714274
-0.0598679
-0.049356
-0.0396438
-0.0297488
-0.0212746
-0.0134346
-0.008138
-0.00346009
-0.00155519
0.000846983
-0.3146
-0.304874
-0.304956
-0.298503
-0.293802
-0.285883
-0.277879
-0.267527
-0.256237
-0.242917
-0.228202
-0.211783
-0.193907
-0.175073
-0.15541
-0.136045
-0.117203
-0.0999226
-0.0843959
-0.0707612
-0.059276
-0.048825
-0.0391573
-0.0292981
-0.0208735
-0.0130864
-0.00786141
-0.00324495
-0.00142143
0.000926312
-0.315618
-0.304904
-0.305241
-0.298364
-0.293707
-0.285571
-0.277531
-0.267052
-0.255714
-0.242304
-0.227542
-0.211061
-0.193149
-0.174287
-0.154609
-0.135255
-0.11643
-0.0991979
-0.0837187
-0.0701507
-0.0587286
-0.0483275
-0.0386974
-0.0288732
-0.0204971
-0.012763
-0.00760544
-0.00304764
-0.00129776
0.000998435
-0.315957
-0.304786
-0.305299
-0.298081
-0.293473
-0.285164
-0.277109
-0.266517
-0.255146
-0.24166
-0.226865
-0.210337
-0.192404
-0.173527
-0.153849
-0.134519
-0.11572
-0.0985381
-0.0831055
-0.0695983
-0.0582284
-0.0478665
-0.0382671
-0.028477
-0.0201478
-0.0124666
-0.00737158
-0.00286927
-0.00118486
0.00106287
-0.315904
-0.30452
-0.305216
-0.297683
-0.293167
-0.284691
-0.276634
-0.265954
-0.254555
-0.241012
-0.226191
-0.209629
-0.191685
-0.172806
-0.15314
-0.133841
-0.115077
-0.0979457
-0.0825584
-0.0691062
-0.0577777
-0.0474446
-0.0378695
-0.0281123
-0.0198282
-0.0121988
-0.00716109
-0.00271062
-0.00108331
0.00111932
-0.315483
-0.304206
-0.304976
-0.297244
-0.292798
-0.284185
-0.276157
-0.265378
-0.253976
-0.240373
-0.225539
-0.208954
-0.19101
-0.172136
-0.152491
-0.133228
-0.114502
-0.0974229
-0.0820789
-0.0686756
-0.0573787
-0.0470651
-0.0375082
-0.0277823
-0.0195406
-0.0119612
-0.00697498
-0.00257215
-0.000993588
0.0011677
-0.314779
-0.303934
-0.304609
-0.296834
-0.292374
-0.283719
-0.27565
-0.264849
-0.253412
-0.239784
-0.224937
-0.208331
-0.190389
-0.171528
-0.15191
-0.132686
-0.114001
-0.0969713
-0.081668
-0.0683071
-0.0570331
-0.0467308
-0.037187
-0.0274901
-0.0192875
-0.011755
-0.00681406
-0.00245406
-0.000916058
0.00120813
-0.314057
-0.303543
-0.304262
-0.296397
-0.291979
-0.283259
-0.275203
-0.264352
-0.252904
-0.239248
-0.224389
-0.207779
-0.189847
-0.170997
-0.151405
-0.132221
-0.113577
-0.0965924
-0.0813259
-0.0680008
-0.0567426
-0.0464453
-0.0369101
-0.0272393
-0.0190714
-0.0115813
-0.00667898
-0.00235629
-0.000851019
0.00124088
-0.313347
-0.303166
-0.30393
-0.296011
-0.291625
-0.282865
-0.274805
-0.263928
-0.252469
-0.238794
-0.223928
-0.20731
-0.189386
-0.170554
-0.150991
-0.131839
-0.113232
-0.0962874
-0.0810526
-0.0677565
-0.0565085
-0.0462117
-0.0366819
-0.0270332
-0.0188947
-0.0114411
-0.00657025
-0.00227863
-0.000798707
0.00126633
-0.312729
-0.302822
-0.303658
-0.295685
-0.291343
-0.282542
-0.274491
-0.263589
-0.252125
-0.238435
-0.223565
-0.206944
-0.18903
-0.170208
-0.15067
-0.131548
-0.11297
-0.0960574
-0.0808479
-0.0675739
-0.0563318
-0.0460333
-0.0365063
-0.0268751
-0.0187598
-0.0113352
-0.0064883
-0.00222078
-0.000759307
0.00128491
-0.312278
-0.302566
-0.303464
-0.295453
-0.291142
-0.282318
-0.27427
-0.263354
-0.251886
-0.238188
-0.223315
-0.206692
-0.188784
-0.169972
-0.150451
-0.131349
-0.112794
-0.0959033
-0.0807115
-0.0674526
-0.0562136
-0.0459127
-0.0363871
-0.026768
-0.0186686
-0.0112641
-0.00643346
-0.00218242
-0.000732961
0.00129703
-0.312037
-0.302429
-0.303363
-0.295332
-0.291039
-0.282202
-0.274157
-0.263234
-0.251764
-0.238061
-0.223188
-0.206564
-0.18866
-0.169852
-0.150341
-0.131248
-0.112705
-0.0958259
-0.0806433
-0.0673921
-0.0561545
-0.045852
-0.0363268
-0.0267138
-0.0186226
-0.0112284
-0.00640596
-0.00216331
-0.000719768
0.001303
)
;

boundaryField
{
    inlet
    {
        type            zeroGradient;
    }
    outlet
    {
        type            fixedValue;
        value           uniform 0;
    }
    cylinder
    {
        type            zeroGradient;
    }
    top
    {
        type            symmetryPlane;
    }
    bottom
    {
        type            symmetryPlane;
    }
    defaultFaces
    {
        type            empty;
    }
}


// ************************************************************************* //
