/*--------------------------------*- C++ -*----------------------------------*\
  =========                 |
  \\      /  F ield         | OpenFOAM: The Open Source CFD Toolbox
   \\    /   O peration     | Website:  https://openfoam.org
    \\  /    A nd           | Version:  9
     \\/     M anipulation  |
\*---------------------------------------------------------------------------*/
FoamFile
{
    format      ascii;
    class       volScalarField;
    location    "35.3";
    object      p;
}
// * * * * * * * * * * * * * * * * * * * * * * * * * * * * * * * * * * * * * //

dimensions      [0 2 -2 0 0 0 0];

internalField   nonuniform List<scalar> 
8500
(
-0.298478
-0.302695
-0.303532
-0.305283
-0.307372
-0.307622
-0.311384
-0.307762
-0.313947
-0.306635
-0.298743
-0.302899
-0.30373
-0.305449
-0.307571
-0.307717
-0.311682
-0.307697
-0.31436
-0.306522
-0.299267
-0.303301
-0.304118
-0.305773
-0.30796
-0.307895
-0.312268
-0.307551
-0.315183
-0.306294
-0.300035
-0.30389
-0.304684
-0.30624
-0.308523
-0.308135
-0.313123
-0.307295
-0.316402
-0.305948
-0.30103
-0.304652
-0.305409
-0.306828
-0.309233
-0.308413
-0.314211
-0.306891
-0.317995
-0.305479
-0.302228
-0.305568
-0.306271
-0.30751
-0.310057
-0.308702
-0.31548
-0.306304
-0.31992
-0.304869
-0.303603
-0.306615
-0.307244
-0.308257
-0.31095
-0.308978
-0.316852
-0.305504
-0.32212
-0.30406
-0.30513
-0.307773
-0.3083
-0.30904
-0.31186
-0.309228
-0.318234
-0.30448
-0.324505
-0.303041
-0.306782
-0.309021
-0.309409
-0.309834
-0.31273
-0.309449
-0.319508
-0.303306
-0.326632
-0.302022
-0.308535
-0.310339
-0.310545
-0.310617
-0.313504
-0.309654
-0.320456
-0.30221
-0.32843
-0.300626
-0.31037
-0.311712
-0.311682
-0.311374
-0.314122
-0.309933
-0.320946
-0.301088
-0.329854
-0.29901
-0.312275
-0.313128
-0.312802
-0.312097
-0.314481
-0.310328
-0.320991
-0.30001
-0.330496
-0.297652
-0.314243
-0.314581
-0.313893
-0.312802
-0.314606
-0.310711
-0.32059
-0.299299
-0.32981
-0.297107
-0.316278
-0.316072
-0.314948
-0.313469
-0.314549
-0.311028
-0.319677
-0.299116
-0.327402
-0.297401
-0.318391
-0.317608
-0.315978
-0.314076
-0.314359
-0.311263
-0.318314
-0.299381
-0.323257
-0.297727
-0.320609
-0.319194
-0.31702
-0.31463
-0.314087
-0.311217
-0.316629
-0.299726
-0.317873
-0.296989
-0.322964
-0.320854
-0.318104
-0.315162
-0.313809
-0.310855
-0.314707
-0.299765
-0.311896
-0.294668
-0.325498
-0.322618
-0.319264
-0.315712
-0.313583
-0.310198
-0.312517
-0.299302
-0.305579
-0.290782
-0.328258
-0.324522
-0.320544
-0.316317
-0.313417
-0.309357
-0.309969
-0.298264
-0.298852
-0.28575
-0.331303
-0.326605
-0.321995
-0.317001
-0.313269
-0.308451
-0.307039
-0.296512
-0.291761
-0.280353
-0.334686
-0.328918
-0.323668
-0.317766
-0.313115
-0.307519
-0.303803
-0.293818
-0.284923
-0.275078
-0.338451
-0.33153
-0.325601
-0.318597
-0.312986
-0.306499
-0.300343
-0.29013
-0.278783
-0.268544
-0.342674
-0.334492
-0.3278
-0.319503
-0.312939
-0.305272
-0.29669
-0.285714
-0.272621
-0.261791
-0.347418
-0.33787
-0.330227
-0.320565
-0.312969
-0.303729
-0.292844
-0.280708
-0.266457
-0.254995
-0.352745
-0.341715
-0.332832
-0.321915
-0.312987
-0.301813
-0.288758
-0.275309
-0.260179
-0.248109
-0.358723
-0.346039
-0.335618
-0.323627
-0.31287
-0.299495
-0.284411
-0.269613
-0.253764
-0.2412
-0.365426
-0.350793
-0.338698
-0.325624
-0.312517
-0.296771
-0.279786
-0.26368
-0.247212
-0.234201
-0.372924
-0.35588
-0.342275
-0.327704
-0.311852
-0.293646
-0.274874
-0.257534
-0.24051
-0.22711
-0.381259
-0.361196
-0.346535
-0.329651
-0.310805
-0.290124
-0.269668
-0.251176
-0.233652
-0.219888
-0.390407
-0.366681
-0.351518
-0.331311
-0.309306
-0.286198
-0.264156
-0.244596
-0.22662
-0.212515
-0.40025
-0.372348
-0.357044
-0.332587
-0.307291
-0.28185
-0.258322
-0.237778
-0.219397
-0.204963
-0.410564
-0.378273
-0.362726
-0.333403
-0.304709
-0.277051
-0.252141
-0.230698
-0.211958
-0.197212
-0.421017
-0.384555
-0.368076
-0.333669
-0.301514
-0.271764
-0.245587
-0.223332
-0.204281
-0.18924
-0.431289
-0.391255
-0.372635
-0.33327
-0.297668
-0.265952
-0.238627
-0.215653
-0.196343
-0.181029
-0.441077
-0.398339
-0.376051
-0.332076
-0.29313
-0.25958
-0.231228
-0.207633
-0.188122
-0.17256
-0.450125
-0.405633
-0.378103
-0.329949
-0.287852
-0.252615
-0.223358
-0.199243
-0.179598
-0.163818
-0.45823
-0.412813
-0.378687
-0.326764
-0.281785
-0.245024
-0.214987
-0.190459
-0.170751
-0.154789
-0.465231
-0.419423
-0.377791
-0.32242
-0.274874
-0.236774
-0.206086
-0.181258
-0.161561
-0.145466
-0.471
-0.424937
-0.375442
-0.31685
-0.267066
-0.227831
-0.19663
-0.171619
-0.152014
-0.13586
-0.475431
-0.428878
-0.371621
-0.310004
-0.258312
-0.218161
-0.186596
-0.161524
-0.142098
-0.125994
-0.478421
-0.430911
-0.366207
-0.301838
-0.248571
-0.207736
-0.175965
-0.150957
-0.131802
-0.115887
-0.479863
-0.430758
-0.359106
-0.292309
-0.237807
-0.196531
-0.164722
-0.139902
-0.121116
-0.105516
-0.479628
-0.428217
-0.350259
-0.281377
-0.225992
-0.184528
-0.152853
-0.128348
-0.110051
-0.0948187
-0.477557
-0.423153
-0.33962
-0.269018
-0.213106
-0.17171
-0.140345
-0.116286
-0.098649
-0.0837161
-0.473464
-0.415475
-0.327138
-0.255232
-0.199138
-0.158065
-0.127187
-0.103717
-0.0869567
-0.0721859
-0.467142
-0.405125
-0.312776
-0.240022
-0.184073
-0.143587
-0.113384
-0.0906808
-0.0749487
-0.0603617
-0.458375
-0.392068
-0.296513
-0.223389
-0.167896
-0.128299
-0.0989772
-0.0772585
-0.0625128
-0.048334
-0.446952
-0.376287
-0.278341
-0.205329
-0.150616
-0.112265
-0.08403
-0.0634275
-0.0496578
-0.0361083
-0.432678
-0.357781
-0.258254
-0.185864
-0.132317
-0.0955425
-0.0685003
-0.0491977
-0.0364298
-0.0236914
-0.415395
-0.336568
-0.23624
-0.165081
-0.113152
-0.0780332
-0.052429
-0.0345828
-0.0228766
-0.0110968
-0.394984
-0.312707
-0.2123
-0.143131
-0.0930592
-0.0597923
-0.0358562
-0.0196071
-0.00904126
0.00164891
-0.37138
-0.286326
-0.186518
-0.119988
-0.0720843
-0.0408794
-0.0188255
-0.00430325
0.00503504
0.0145089
-0.344569
-0.25759
-0.159083
-0.0955664
-0.0502855
-0.0213607
-0.00138473
0.0112891
0.0193124
0.027439
-0.314601
-0.226532
-0.130131
-0.0699837
-0.0277301
-0.00130636
0.0164118
0.0271259
0.0337544
0.0403947
-0.281594
-0.192891
-0.100053
-0.0433834
-0.00449226
0.0192086
0.0345036
0.043162
0.0483298
0.0533321
-0.245725
-0.156973
-0.0687994
-0.0159154
0.0193413
0.0401044
0.0528257
0.0593557
0.0630063
0.066181
-0.207093
-0.119185
-0.0364228
0.0122739
0.0436705
0.0612957
0.071313
0.0756732
0.0777285
0.0787677
-0.165666
-0.0801599
-0.00305285
0.041042
0.0683843
0.082693
0.0899033
0.092081
0.0923839
0.0907558
-0.121929
-0.0400565
0.0311308
0.0702461
0.0933634
0.104203
0.108536
0.10852
0.106798
0.101856
-0.0762393
0.000933626
0.065924
0.0997371
0.118482
0.125731
0.127143
0.124879
0.120807
0.112387
-0.0289778
0.0425733
0.101107
0.129358
0.143609
0.147179
0.145639
0.141018
0.13436
0.123666
0.0194537
0.0845989
0.136451
0.158946
0.168611
0.168447
0.163928
0.156826
0.147658
0.135474
0.0686361
0.126729
0.171721
0.188329
0.193353
0.189429
0.181915
0.17227
0.160749
0.147324
0.118139
0.168671
0.20668
0.217336
0.217696
0.210017
0.199504
0.187305
0.17358
0.159041
0.167523
0.210126
0.24109
0.245788
0.241503
0.230099
0.216607
0.201883
0.186078
0.170442
0.21635
0.250793
0.274714
0.27351
0.264634
0.249567
0.233137
0.215947
0.198175
0.181431
0.264182
0.290373
0.307322
0.300326
0.286954
0.26831
0.249012
0.229435
0.209804
0.191929
0.310591
0.328574
0.338685
0.326065
0.308327
0.286224
0.264148
0.242283
0.220902
0.201877
0.355155
0.365117
0.368585
0.350558
0.328625
0.303204
0.278468
0.254428
0.231407
0.211225
0.397465
0.399739
0.396815
0.373643
0.347722
0.319152
0.291894
0.265809
0.241262
0.21993
0.437147
0.432186
0.423176
0.395167
0.365497
0.333974
0.304353
0.276367
0.250413
0.227955
0.4739
0.462169
0.447478
0.414982
0.381839
0.347582
0.315776
0.286046
0.258807
0.235264
0.507428
0.48943
0.469546
0.432954
0.396643
0.359894
0.326101
0.294794
0.266398
0.241829
0.537442
0.513754
0.48922
0.448958
0.409814
0.370837
0.33527
0.302562
0.273141
0.247622
0.563677
0.534955
0.506357
0.462886
0.421268
0.380344
0.343229
0.309306
0.278997
0.252621
0.585903
0.552872
0.520833
0.474643
0.430929
0.388356
0.349933
0.314988
0.283932
0.25681
0.603923
0.567369
0.532541
0.484146
0.438736
0.394827
0.355345
0.319574
0.287915
0.260174
0.617579
0.578339
0.541398
0.491331
0.444635
0.399715
0.359431
0.323038
0.290924
0.262703
0.626751
0.585699
0.547339
0.496149
0.44859
0.40299
0.362169
0.325359
0.29294
0.264392
0.631357
0.589392
0.55032
0.498566
0.450574
0.404633
0.363542
0.326522
0.293951
0.265237
0.631357
0.589392
0.55032
0.498566
0.450574
0.404633
0.363542
0.326522
0.293951
0.265237
0.626751
0.585699
0.547339
0.496149
0.44859
0.40299
0.362169
0.325359
0.29294
0.264392
0.617579
0.578339
0.541398
0.491331
0.444635
0.399715
0.359431
0.323038
0.290924
0.262703
0.603923
0.567369
0.532541
0.484146
0.438736
0.394827
0.355345
0.319574
0.287915
0.260174
0.585903
0.552872
0.520833
0.474643
0.430929
0.388356
0.349933
0.314988
0.283932
0.25681
0.563677
0.534955
0.506357
0.462886
0.421268
0.380344
0.343229
0.309306
0.278997
0.252621
0.537442
0.513754
0.48922
0.448958
0.409814
0.370837
0.33527
0.302562
0.273141
0.247622
0.507428
0.48943
0.469546
0.432953
0.396643
0.359894
0.326101
0.294794
0.266398
0.241829
0.4739
0.462169
0.447478
0.414982
0.381839
0.347582
0.315776
0.286046
0.258807
0.235264
0.437147
0.432186
0.423176
0.395167
0.365497
0.333974
0.304353
0.276367
0.250413
0.227955
0.397465
0.399739
0.396815
0.373643
0.347722
0.319152
0.291894
0.265809
0.241262
0.21993
0.355155
0.365116
0.368585
0.350558
0.328625
0.303204
0.278468
0.254428
0.231407
0.211225
0.310591
0.328574
0.338685
0.326065
0.308327
0.286224
0.264148
0.242283
0.220902
0.201877
0.264182
0.290373
0.307322
0.300326
0.286954
0.26831
0.249012
0.229435
0.209804
0.191929
0.21635
0.250793
0.274714
0.27351
0.264634
0.249567
0.233137
0.215947
0.198175
0.181431
0.167523
0.210126
0.24109
0.245788
0.241503
0.230099
0.216607
0.201883
0.186078
0.170442
0.118138
0.168671
0.20668
0.217336
0.217696
0.210017
0.199504
0.187305
0.17358
0.159041
0.068636
0.126729
0.171721
0.188329
0.193353
0.189429
0.181915
0.17227
0.160749
0.147324
0.0194536
0.0845989
0.136451
0.158946
0.168611
0.168447
0.163928
0.156826
0.147658
0.135474
-0.0289778
0.0425733
0.101107
0.129358
0.143609
0.147179
0.145639
0.141018
0.13436
0.123665
-0.0762393
0.000933593
0.065924
0.099737
0.118482
0.125731
0.127143
0.124879
0.120807
0.112387
-0.121929
-0.0400565
0.0311308
0.0702461
0.0933634
0.104203
0.108536
0.10852
0.106798
0.101856
-0.165666
-0.0801599
-0.00305288
0.041042
0.0683843
0.082693
0.0899033
0.0920809
0.0923839
0.0907558
-0.207093
-0.119185
-0.0364228
0.0122739
0.0436704
0.0612957
0.071313
0.0756731
0.0777285
0.0787677
-0.245725
-0.156973
-0.0687995
-0.0159155
0.0193413
0.0401043
0.0528257
0.0593557
0.0630063
0.066181
-0.281594
-0.192891
-0.100053
-0.0433834
-0.00449228
0.0192086
0.0345036
0.043162
0.0483297
0.0533321
-0.314601
-0.226532
-0.130131
-0.0699837
-0.0277301
-0.00130638
0.0164118
0.0271259
0.0337544
0.0403946
-0.344569
-0.25759
-0.159083
-0.0955664
-0.0502855
-0.0213607
-0.00138475
0.0112891
0.0193124
0.027439
-0.37138
-0.286326
-0.186518
-0.119988
-0.0720843
-0.0408794
-0.0188255
-0.00430327
0.00503502
0.0145089
-0.394984
-0.312707
-0.2123
-0.143131
-0.0930592
-0.0597923
-0.0358562
-0.0196071
-0.00904128
0.00164889
-0.415395
-0.336568
-0.23624
-0.165081
-0.113152
-0.0780332
-0.052429
-0.0345828
-0.0228766
-0.0110968
-0.432678
-0.357781
-0.258254
-0.185864
-0.132317
-0.0955426
-0.0685003
-0.0491978
-0.0364298
-0.0236914
-0.446952
-0.376287
-0.278341
-0.205329
-0.150616
-0.112265
-0.08403
-0.0634275
-0.0496578
-0.0361083
-0.458375
-0.392068
-0.296513
-0.223389
-0.167896
-0.128299
-0.0989773
-0.0772586
-0.0625128
-0.048334
-0.467142
-0.405125
-0.312776
-0.240022
-0.184073
-0.143587
-0.113384
-0.0906808
-0.0749487
-0.0603618
-0.473464
-0.415475
-0.327138
-0.255232
-0.199138
-0.158065
-0.127187
-0.103717
-0.0869567
-0.0721859
-0.477557
-0.423153
-0.33962
-0.269018
-0.213106
-0.17171
-0.140345
-0.116286
-0.098649
-0.0837161
-0.479628
-0.428217
-0.350259
-0.281377
-0.225992
-0.184528
-0.152853
-0.128348
-0.110051
-0.0948188
-0.479863
-0.430758
-0.359106
-0.292309
-0.237807
-0.196532
-0.164722
-0.139902
-0.121116
-0.105516
-0.478421
-0.430911
-0.366207
-0.301838
-0.248571
-0.207736
-0.175965
-0.150957
-0.131802
-0.115887
-0.475431
-0.428878
-0.371621
-0.310004
-0.258312
-0.218161
-0.186596
-0.161524
-0.142098
-0.125994
-0.471
-0.424937
-0.375442
-0.31685
-0.267066
-0.227831
-0.19663
-0.171619
-0.152014
-0.13586
-0.465231
-0.419423
-0.377791
-0.32242
-0.274874
-0.236774
-0.206086
-0.181258
-0.161561
-0.145466
-0.45823
-0.412813
-0.378687
-0.326764
-0.281785
-0.245024
-0.214987
-0.190459
-0.170751
-0.154789
-0.450125
-0.405633
-0.378103
-0.329949
-0.287852
-0.252615
-0.223358
-0.199243
-0.179598
-0.163818
-0.441077
-0.398339
-0.376051
-0.332076
-0.29313
-0.25958
-0.231228
-0.207633
-0.188122
-0.17256
-0.431289
-0.391255
-0.372635
-0.33327
-0.297668
-0.265952
-0.238627
-0.215653
-0.196343
-0.181029
-0.421017
-0.384555
-0.368076
-0.333669
-0.301514
-0.271764
-0.245587
-0.223332
-0.204281
-0.18924
-0.410564
-0.378273
-0.362726
-0.333403
-0.304709
-0.277051
-0.252141
-0.230698
-0.211958
-0.197212
-0.40025
-0.372348
-0.357044
-0.332587
-0.307291
-0.28185
-0.258322
-0.237778
-0.219397
-0.204963
-0.390407
-0.366681
-0.351518
-0.331311
-0.309306
-0.286198
-0.264156
-0.244597
-0.22662
-0.212515
-0.381259
-0.361196
-0.346535
-0.329651
-0.310805
-0.290124
-0.269668
-0.251176
-0.233652
-0.219888
-0.372924
-0.35588
-0.342275
-0.327704
-0.311852
-0.293646
-0.274874
-0.257534
-0.24051
-0.22711
-0.365426
-0.350793
-0.338698
-0.325624
-0.312517
-0.296771
-0.279786
-0.26368
-0.247212
-0.234201
-0.358723
-0.346039
-0.335618
-0.323627
-0.31287
-0.299495
-0.284411
-0.269613
-0.253764
-0.2412
-0.352745
-0.341715
-0.332832
-0.321915
-0.312987
-0.301813
-0.288758
-0.275309
-0.260179
-0.248109
-0.347418
-0.33787
-0.330227
-0.320565
-0.312969
-0.303729
-0.292844
-0.280708
-0.266457
-0.254995
-0.342674
-0.334492
-0.3278
-0.319503
-0.312939
-0.305272
-0.29669
-0.285714
-0.272621
-0.261791
-0.338451
-0.33153
-0.325601
-0.318597
-0.312986
-0.306499
-0.300343
-0.29013
-0.278784
-0.268544
-0.334686
-0.328918
-0.323668
-0.317766
-0.313115
-0.307519
-0.303803
-0.293818
-0.284923
-0.275079
-0.331303
-0.326605
-0.321995
-0.317001
-0.313269
-0.308451
-0.307039
-0.296512
-0.291761
-0.280353
-0.328258
-0.324522
-0.320544
-0.316316
-0.313417
-0.309357
-0.309969
-0.298264
-0.298853
-0.28575
-0.325498
-0.322618
-0.319264
-0.315712
-0.313583
-0.310198
-0.312517
-0.299302
-0.305579
-0.290782
-0.322964
-0.320854
-0.318104
-0.315162
-0.313809
-0.310855
-0.314707
-0.299765
-0.311896
-0.294668
-0.320609
-0.319194
-0.31702
-0.31463
-0.314087
-0.311217
-0.316629
-0.299727
-0.317874
-0.296989
-0.318391
-0.317608
-0.315978
-0.314076
-0.314359
-0.311263
-0.318314
-0.299381
-0.323257
-0.297727
-0.316278
-0.316072
-0.314948
-0.313469
-0.314549
-0.311028
-0.319677
-0.299116
-0.327403
-0.297402
-0.314243
-0.314581
-0.313893
-0.312802
-0.314606
-0.310711
-0.32059
-0.299299
-0.32981
-0.297108
-0.312275
-0.313128
-0.312802
-0.312097
-0.314481
-0.310328
-0.320991
-0.30001
-0.330496
-0.297652
-0.31037
-0.311712
-0.311682
-0.311374
-0.314122
-0.309933
-0.320946
-0.301088
-0.329854
-0.29901
-0.308535
-0.310339
-0.310545
-0.310617
-0.313504
-0.309654
-0.320456
-0.30221
-0.32843
-0.300627
-0.306782
-0.309021
-0.309409
-0.309834
-0.31273
-0.309449
-0.319508
-0.303306
-0.326632
-0.302023
-0.30513
-0.307773
-0.3083
-0.30904
-0.31186
-0.309228
-0.318234
-0.30448
-0.324505
-0.303042
-0.303603
-0.306615
-0.307244
-0.308257
-0.31095
-0.308978
-0.316853
-0.305504
-0.32212
-0.30406
-0.302228
-0.305568
-0.306271
-0.30751
-0.310057
-0.308702
-0.31548
-0.306304
-0.31992
-0.30487
-0.30103
-0.304652
-0.305409
-0.306828
-0.309233
-0.308413
-0.314211
-0.306891
-0.317995
-0.305479
-0.300035
-0.30389
-0.304684
-0.30624
-0.308523
-0.308135
-0.313123
-0.307295
-0.316402
-0.305948
-0.299267
-0.303301
-0.304118
-0.305773
-0.30796
-0.307895
-0.312268
-0.307552
-0.315183
-0.306294
-0.298743
-0.302899
-0.30373
-0.305449
-0.307571
-0.307717
-0.311682
-0.307697
-0.31436
-0.306522
-0.298478
-0.302695
-0.303532
-0.305283
-0.307372
-0.307622
-0.311384
-0.307762
-0.313947
-0.306635
-0.313988
-0.304385
-0.305321
-0.297297
-0.293003
-0.284173
-0.276123
-0.265201
-0.25372
-0.240007
-0.225124
-0.208484
-0.190607
-0.171808
-0.152394
-0.133362
-0.114883
-0.0978341
-0.0823001
-0.0682184
-0.0553883
-0.0426456
-0.0310802
-0.0206559
-0.0129286
-0.0068189
-0.00338747
-0.000549134
9.36928e-05
0.00130573
-0.314229
-0.304522
-0.305421
-0.297418
-0.293106
-0.284289
-0.276236
-0.265322
-0.253842
-0.240134
-0.225252
-0.208611
-0.190731
-0.171926
-0.152503
-0.133462
-0.114973
-0.097916
-0.0823784
-0.068297
-0.0554705
-0.0427259
-0.031152
-0.0207147
-0.0129755
-0.00685327
-0.00341333
-0.00056683
8.17575e-05
0.00130033
-0.314681
-0.304778
-0.305616
-0.29765
-0.293307
-0.284513
-0.276457
-0.265556
-0.254081
-0.240381
-0.225502
-0.208862
-0.190975
-0.172159
-0.152718
-0.13366
-0.115151
-0.0980792
-0.0825339
-0.0684526
-0.0556328
-0.0428842
-0.0312939
-0.0208316
-0.0130689
-0.00692217
-0.00346516
-0.000602425
5.79012e-05
0.00128937
-0.315298
-0.305123
-0.305888
-0.297976
-0.29359
-0.284836
-0.276772
-0.265895
-0.254426
-0.24074
-0.225865
-0.209227
-0.191329
-0.172501
-0.153035
-0.133949
-0.115418
-0.0983222
-0.0827653
-0.0686828
-0.0558711
-0.0431166
-0.0315031
-0.0210051
-0.0132083
-0.00702588
-0.00354311
-0.000656314
2.21346e-05
0.00127256
-0.316008
-0.3055
-0.306219
-0.298362
-0.293941
-0.285229
-0.277169
-0.26632
-0.254862
-0.241195
-0.226326
-0.209694
-0.191787
-0.17294
-0.153444
-0.134331
-0.115769
-0.0986433
-0.0830708
-0.068984
-0.0561803
-0.0434177
-0.0317755
-0.0212335
-0.013393
-0.00716474
-0.0036474
-0.000729002
-2.55178e-05
0.00124953
-0.31673
-0.305891
-0.306566
-0.298799
-0.294339
-0.28569
-0.277617
-0.266817
-0.25537
-0.241731
-0.226874
-0.210244
-0.192326
-0.173466
-0.153944
-0.134795
-0.1162
-0.0990406
-0.0834484
-0.0693527
-0.0565547
-0.0437816
-0.0321067
-0.0215144
-0.0136218
-0.00733904
-0.00377824
-0.000821012
-8.50063e-05
0.00121987
-0.317434
-0.306162
-0.306932
-0.299208
-0.294761
-0.286156
-0.278124
-0.267347
-0.255935
-0.242319
-0.227476
-0.210866
-0.192944
-0.17407
-0.154519
-0.135336
-0.116709
-0.0995115
-0.0838955
-0.0697849
-0.0569882
-0.0442023
-0.0324921
-0.0218455
-0.0138937
-0.00754893
-0.00393572
-0.000932781
-0.00015624
0.00118325
-0.317854
-0.306476
-0.307172
-0.299647
-0.29513
-0.286662
-0.278601
-0.267922
-0.256515
-0.242958
-0.228129
-0.211539
-0.193617
-0.174736
-0.155164
-0.135949
-0.117291
-0.100053
-0.0844096
-0.0702767
-0.057475
-0.044674
-0.0329271
-0.0222243
-0.0142074
-0.00779426
-0.00411974
-0.00106456
-0.000239063
0.00113943
-0.317906
-0.306741
-0.307255
-0.300045
-0.295436
-0.287134
-0.279076
-0.268485
-0.257107
-0.243606
-0.228802
-0.212246
-0.194333
-0.175454
-0.155868
-0.136625
-0.117941
-0.100663
-0.0849877
-0.0708244
-0.05801
-0.0451914
-0.0334075
-0.0226481
-0.0145612
-0.00807451
-0.00432996
-0.00121636
-0.000333236
0.00108832
-0.317566
-0.306859
-0.307196
-0.300327
-0.295669
-0.28754
-0.279498
-0.26902
-0.257675
-0.244249
-0.22948
-0.212968
-0.195076
-0.17621
-0.156623
-0.13736
-0.118655
-0.101337
-0.0856265
-0.0714242
-0.0585884
-0.0457498
-0.0339292
-0.0231141
-0.0149532
-0.00838863
-0.00456569
-0.00138783
-0.000438409
0.00103004
-0.316546
-0.306828
-0.30691
-0.300465
-0.295764
-0.287851
-0.279845
-0.269493
-0.258198
-0.244861
-0.23014
-0.213688
-0.195833
-0.176994
-0.157419
-0.138146
-0.119427
-0.102072
-0.0863224
-0.0720725
-0.059206
-0.0463451
-0.0344882
-0.0236192
-0.015381
-0.00873508
-0.00482586
-0.00157831
-0.000554108
0.000964866
-0.314658
-0.306542
-0.306354
-0.300396
-0.295708
-0.288004
-0.280075
-0.269871
-0.258649
-0.245419
-0.230764
-0.214389
-0.196588
-0.177794
-0.158249
-0.138977
-0.120254
-0.102862
-0.0870713
-0.0727657
-0.059859
-0.0469732
-0.0350809
-0.02416
-0.015842
-0.00911179
-0.00510903
-0.00178681
-0.000679728
0.000893262
-0.311928
-0.305853
-0.305495
-0.30003
-0.295419
-0.287994
-0.280169
-0.270128
-0.259004
-0.245899
-0.231331
-0.215055
-0.19733
-0.1786
-0.159104
-0.139848
-0.121129
-0.103704
-0.0878691
-0.0735
-0.0605439
-0.0476309
-0.0357034
-0.024733
-0.016333
-0.00951621
-0.00541341
-0.002012
-0.000814537
0.000815835
-0.308754
-0.304562
-0.304235
-0.299351
-0.294879
-0.287697
-0.280046
-0.270224
-0.259231
-0.24628
-0.231826
-0.215672
-0.198047
-0.179404
-0.159978
-0.140751
-0.122047
-0.104593
-0.0887112
-0.074272
-0.0612576
-0.0483147
-0.0363523
-0.0253343
-0.0168507
-0.00994546
-0.00573692
-0.00225235
-0.000957695
0.000733299
-0.305367
-0.302608
-0.302517
-0.29828
-0.294073
-0.287248
-0.279756
-0.270157
-0.259318
-0.246547
-0.232235
-0.216228
-0.198731
-0.180199
-0.160864
-0.141683
-0.123003
-0.105524
-0.0895932
-0.0750782
-0.0619972
-0.0490217
-0.0370241
-0.0259601
-0.0173916
-0.0103964
-0.00607731
-0.00250612
-0.00110827
0.00064644
-0.301689
-0.300063
-0.30027
-0.296737
-0.292801
-0.286284
-0.279115
-0.269851
-0.259231
-0.246683
-0.232548
-0.216717
-0.199374
-0.180978
-0.161757
-0.142637
-0.123992
-0.106491
-0.0905104
-0.075915
-0.0627603
-0.0497493
-0.0377155
-0.0266068
-0.0179521
-0.0108658
-0.00643213
-0.00277144
-0.00126525
0.000556079
-0.297853
-0.296889
-0.29751
-0.294796
-0.29134
-0.2854
-0.278389
-0.269397
-0.258993
-0.246687
-0.232757
-0.217133
-0.199974
-0.181738
-0.162653
-0.14361
-0.125009
-0.107492
-0.0914597
-0.07678
-0.0635447
-0.0504947
-0.0384231
-0.02727
-0.0185281
-0.01135
-0.00679877
-0.00304637
-0.00142762
0.00046301
-0.293802
-0.293176
-0.294163
-0.292234
-0.289222
-0.28372
-0.277061
-0.268594
-0.258542
-0.24655
-0.232874
-0.217491
-0.200542
-0.182486
-0.163553
-0.144599
-0.126047
-0.108515
-0.0924305
-0.0776643
-0.0643435
-0.0512521
-0.0391418
-0.0279451
-0.0191162
-0.0118463
-0.00717557
-0.00332962
-0.00159466
0.000367905
-0.289581
-0.289189
-0.290678
-0.289659
-0.287259
-0.282362
-0.276148
-0.267806
-0.257992
-0.246284
-0.232866
-0.217738
-0.201023
-0.183174
-0.16442
-0.145578
-0.127094
-0.10956
-0.0934299
-0.0785794
-0.0651713
-0.0520353
-0.0398837
-0.0286411
-0.0197223
-0.0123574
-0.00756303
-0.00362059
-0.00176558
0.000271531
-0.285614
-0.284406
-0.285938
-0.285755
-0.28404
-0.279829
-0.273891
-0.266461
-0.257195
-0.245948
-0.232906
-0.218115
-0.201685
-0.184065
-0.165488
-0.146747
-0.128305
-0.11074
-0.0945282
-0.0795647
-0.0660418
-0.0528446
-0.0406373
-0.0293413
-0.0203267
-0.0128663
-0.00794831
-0.00391079
-0.00193666
0.000175708
-0.280439
-0.280671
-0.282417
-0.282861
-0.281641
-0.278038
-0.272927
-0.265148
-0.256029
-0.244996
-0.232158
-0.21758
-0.201359
-0.183942
-0.165561
-0.146983
-0.128677
-0.1112
-0.095033
-0.0800748
-0.0665315
-0.0533368
-0.0411315
-0.0298393
-0.0207875
-0.0132786
-0.00827579
-0.00416614
-0.0020913
8.87384e-05
-0.27478
-0.275803
-0.277747
-0.278704
-0.277841
-0.274518
-0.269251
-0.262452
-0.253768
-0.243095
-0.230585
-0.216321
-0.200411
-0.183288
-0.165196
-0.146865
-0.128769
-0.111443
-0.095367
-0.0804477
-0.0669051
-0.0537333
-0.041552
-0.0302861
-0.0212136
-0.0136693
-0.00858745
-0.00441114
-0.00223738
6.01115e-06
-0.268849
-0.270485
-0.272681
-0.274198
-0.273808
-0.270988
-0.266428
-0.25976
-0.251382
-0.241048
-0.228861
-0.214919
-0.199333
-0.182519
-0.164733
-0.146667
-0.128798
-0.111635
-0.095662
-0.0807912
-0.0672553
-0.0541134
-0.041963
-0.0307316
-0.0216441
-0.0140691
-0.00890831
-0.00466549
-0.0023887
-8.00299e-05
-0.26267
-0.264947
-0.267421
-0.269473
-0.269576
-0.267261
-0.263059
-0.256851
-0.248842
-0.238874
-0.227036
-0.213441
-0.198199
-0.181714
-0.164249
-0.14646
-0.128827
-0.111836
-0.095969
-0.0811498
-0.067622
-0.0545113
-0.0423916
-0.0311948
-0.0220911
-0.0144847
-0.00924208
-0.00493052
-0.00254611
-0.0001692
-0.256193
-0.259216
-0.261986
-0.26453
-0.265125
-0.263294
-0.259515
-0.253748
-0.246134
-0.236556
-0.225094
-0.211869
-0.196994
-0.180859
-0.163732
-0.146236
-0.12885
-0.112039
-0.096284
-0.0815212
-0.0680038
-0.0549264
-0.0428378
-0.031676
-0.0225551
-0.0149163
-0.00958895
-0.00520628
-0.00270954
-0.000261286
-0.249464
-0.253316
-0.2564
-0.259395
-0.26048
-0.259134
-0.255804
-0.250478
-0.243274
-0.234106
-0.22304
-0.210204
-0.195717
-0.179948
-0.163177
-0.145987
-0.128859
-0.112237
-0.0966009
-0.0819001
-0.0683967
-0.0553551
-0.0432985
-0.0321725
-0.023034
-0.0153624
-0.00994788
-0.00549208
-0.00287857
-0.000355944
-0.242555
-0.247279
-0.250701
-0.25411
-0.255681
-0.254826
-0.251944
-0.247068
-0.240287
-0.231542
-0.220888
-0.208458
-0.194374
-0.178988
-0.162584
-0.145712
-0.128853
-0.112429
-0.0969179
-0.082285
-0.0687993
-0.0557961
-0.0437724
-0.0326829
-0.0235264
-0.0158217
-0.0103179
-0.00578719
-0.00305276
-0.000452778
-0.23552
-0.24113
-0.244916
-0.24871
-0.250759
-0.250395
-0.247963
-0.243539
-0.237192
-0.22888
-0.218652
-0.206641
-0.192973
-0.177981
-0.161957
-0.145414
-0.128831
-0.112614
-0.0972337
-0.0826747
-0.0692109
-0.0562487
-0.0442585
-0.0332059
-0.024031
-0.016293
-0.010698
-0.00609081
-0.00323165
-0.000551367
-0.228408
-0.234894
-0.239069
-0.243221
-0.245737
-0.245863
-0.243882
-0.239911
-0.234007
-0.226136
-0.216344
-0.204761
-0.19152
-0.176934
-0.161297
-0.145093
-0.128794
-0.11279
-0.0975468
-0.0830679
-0.0696305
-0.0567119
-0.0447558
-0.0337402
-0.0245465
-0.016775
-0.0110872
-0.00640208
-0.00341475
-0.000651263
-0.221269
-0.228593
-0.233182
-0.23767
-0.240635
-0.241248
-0.239721
-0.236204
-0.230746
-0.223322
-0.213974
-0.202829
-0.190022
-0.17585
-0.160607
-0.144748
-0.128739
-0.112956
-0.0978557
-0.0834629
-0.0700568
-0.0571843
-0.0452629
-0.0342842
-0.0250714
-0.0172661
-0.0114843
-0.00672004
-0.00360153
-0.000751996
-0.214147
-0.222253
-0.227273
-0.232079
-0.235472
-0.236567
-0.235495
-0.232432
-0.227423
-0.220451
-0.211553
-0.200851
-0.188485
-0.174732
-0.159889
-0.144382
-0.128668
-0.113111
-0.0981589
-0.0838582
-0.0704884
-0.0576645
-0.0457783
-0.0348362
-0.0256039
-0.0177649
-0.0118881
-0.00704366
-0.0037914
-0.000853083
-0.207088
-0.215901
-0.221363
-0.226473
-0.230269
-0.231836
-0.231221
-0.228608
-0.22405
-0.217532
-0.209089
-0.198835
-0.186913
-0.173585
-0.159145
-0.143993
-0.128578
-0.113254
-0.0984548
-0.0842522
-0.0709239
-0.058151
-0.0463003
-0.0353943
-0.0261424
-0.0182695
-0.0122972
-0.00737181
-0.00398378
-0.00095403
-0.200135
-0.209566
-0.215475
-0.220876
-0.225046
-0.227072
-0.226911
-0.224747
-0.220639
-0.214577
-0.20659
-0.196787
-0.185312
-0.172411
-0.158376
-0.143584
-0.128471
-0.113383
-0.0987423
-0.0846433
-0.0713615
-0.0586419
-0.0468272
-0.0359569
-0.0266851
-0.0187783
-0.0127103
-0.0077033
-0.00417801
-0.00105434
-0.193328
-0.203279
-0.20963
-0.215313
-0.219827
-0.222293
-0.222583
-0.220863
-0.217202
-0.211595
-0.204066
-0.194715
-0.183688
-0.171216
-0.157586
-0.143155
-0.128346
-0.113497
-0.09902
-0.0850298
-0.0717997
-0.0591354
-0.0473571
-0.0365217
-0.02723
-0.0192895
-0.0131258
-0.00803685
-0.00437342
-0.00115352
-0.186705
-0.197071
-0.203851
-0.209807
-0.214635
-0.217518
-0.218252
-0.216971
-0.213753
-0.208598
-0.201525
-0.192626
-0.182046
-0.170002
-0.156776
-0.142707
-0.128203
-0.113597
-0.0992867
-0.0854101
-0.0722365
-0.0596296
-0.047888
-0.0370866
-0.027775
-0.0198009
-0.0135421
-0.00837107
-0.00456929
-0.00125107
-0.180297
-0.190976
-0.198162
-0.204383
-0.209495
-0.212769
-0.213936
-0.213088
-0.210307
-0.205598
-0.198978
-0.190529
-0.180392
-0.168775
-0.15595
-0.142242
-0.128043
-0.113682
-0.0995413
-0.0857826
-0.0726702
-0.0601222
-0.0484176
-0.0376493
-0.028318
-0.0203104
-0.0139575
-0.00870448
-0.00476483
-0.0013465
-0.174134
-0.185026
-0.192588
-0.199063
-0.204434
-0.20807
-0.209656
-0.209232
-0.206878
-0.202609
-0.196436
-0.188432
-0.178734
-0.167539
-0.155112
-0.141763
-0.127867
-0.113751
-0.0997829
-0.0861454
-0.0730986
-0.0606108
-0.0489435
-0.0382073
-0.0288565
-0.0208157
-0.0143702
-0.00903546
-0.00495918
-0.00143936
-0.168241
-0.179257
-0.187157
-0.193874
-0.199481
-0.203448
-0.205433
-0.205422
-0.203486
-0.199647
-0.193912
-0.186347
-0.17708
-0.166303
-0.154267
-0.141272
-0.127676
-0.113805
-0.10001
-0.086497
-0.0735194
-0.0610929
-0.049463
-0.0387576
-0.0293878
-0.0213143
-0.014778
-0.00936226
-0.00515141
-0.00152918
-0.162643
-0.173702
-0.181898
-0.188842
-0.194665
-0.198932
-0.201291
-0.20168
-0.20015
-0.196728
-0.191421
-0.184285
-0.175441
-0.165072
-0.153419
-0.140772
-0.127473
-0.113843
-0.100223
-0.0868354
-0.0739304
-0.0615657
-0.0499732
-0.0392974
-0.0299091
-0.0218033
-0.0151787
-0.00968295
-0.00534044
-0.00161551
-0.157364
-0.168396
-0.176843
-0.183996
-0.190016
-0.194552
-0.19726
-0.19803
-0.196892
-0.193873
-0.188979
-0.18226
-0.173828
-0.163856
-0.152576
-0.140269
-0.127258
-0.113867
-0.10042
-0.087159
-0.0743288
-0.0620261
-0.0504707
-0.039823
-0.030417
-0.0222797
-0.0155697
-0.00999542
-0.00552511
-0.0016979
-0.152426
-0.163372
-0.172023
-0.179367
-0.185567
-0.190343
-0.193368
-0.1945
-0.193737
-0.191104
-0.186607
-0.180289
-0.172253
-0.162665
-0.151745
-0.139766
-0.127036
-0.113877
-0.100602
-0.0874657
-0.074712
-0.0624706
-0.050952
-0.0403308
-0.0309079
-0.0227399
-0.0159482
-0.0102974
-0.00570408
-0.0017759
-0.147848
-0.158663
-0.167472
-0.174988
-0.181352
-0.18634
-0.189651
-0.191119
-0.190712
-0.188444
-0.184324
-0.178389
-0.170731
-0.161509
-0.150934
-0.139269
-0.126809
-0.113874
-0.100766
-0.0877537
-0.0750768
-0.0628957
-0.051413
-0.0408167
-0.0313779
-0.0231803
-0.016311
-0.0105863
-0.00587586
-0.00184904
-0.143652
-0.154302
-0.163226
-0.170892
-0.177405
-0.182579
-0.186144
-0.187921
-0.187845
-0.185922
-0.182155
-0.176579
-0.169278
-0.160403
-0.150153
-0.138786
-0.126583
-0.113861
-0.100914
-0.088021
-0.0754199
-0.0632972
-0.0518492
-0.0412759
-0.0318224
-0.0235966
-0.0166547
-0.0108593
-0.00603877
-0.00191683
-0.139859
-0.150323
-0.159323
-0.167119
-0.173764
-0.179101
-0.182889
-0.184942
-0.185172
-0.183566
-0.180125
-0.174883
-0.167913
-0.159361
-0.149413
-0.138324
-0.12636
-0.113839
-0.101044
-0.0882654
-0.0757377
-0.0636707
-0.0522558
-0.0417034
-0.0322366
-0.0239842
-0.0169754
-0.0111134
-0.0061909
-0.00197876
-0.136492
-0.146762
-0.155803
-0.163708
-0.170471
-0.175949
-0.179927
-0.182222
-0.182727
-0.181409
-0.178265
-0.173326
-0.166657
-0.158399
-0.148727
-0.137892
-0.126148
-0.113811
-0.101157
-0.0884847
-0.0760264
-0.0640113
-0.0526272
-0.0420934
-0.0326147
-0.0243379
-0.0172685
-0.0113452
-0.00633015
-0.00203426
-0.133576
-0.143655
-0.15271
-0.160705
-0.16757
-0.173168
-0.177306
-0.179808
-0.180551
-0.179489
-0.176608
-0.171935
-0.165534
-0.157536
-0.14811
-0.137499
-0.125952
-0.11378
-0.101253
-0.0886763
-0.0762815
-0.0643135
-0.0529573
-0.0424397
-0.0329507
-0.024652
-0.0175293
-0.0115509
-0.00645411
-0.00208271
-0.131144
-0.141048
-0.150097
-0.158161
-0.165113
-0.170811
-0.175077
-0.177748
-0.178693
-0.177848
-0.175189
-0.170743
-0.164569
-0.156793
-0.147576
-0.137158
-0.125779
-0.113748
-0.101331
-0.0888375
-0.0764983
-0.0645711
-0.0532391
-0.042735
-0.0332375
-0.02492
-0.0177523
-0.0117263
-0.00656011
-0.0021234
-0.129226
-0.138986
-0.148018
-0.156132
-0.163155
-0.168932
-0.173298
-0.176099
-0.177202
-0.17653
-0.17405
-0.169785
-0.163792
-0.156194
-0.147145
-0.136881
-0.125636
-0.11372
-0.101391
-0.0889651
-0.0766713
-0.0647774
-0.053465
-0.0429714
-0.0334673
-0.0251345
-0.0179311
-0.0118667
-0.00664512
-0.00215549
-0.127887
-0.137536
-0.14655
-0.154695
-0.161768
-0.167601
-0.172035
-0.174926
-0.176139
-0.17559
-0.173236
-0.1691
-0.163235
-0.155764
-0.146835
-0.136681
-0.125532
-0.113698
-0.101432
-0.0890552
-0.0767944
-0.0649244
-0.0536263
-0.0431397
-0.033631
-0.0252874
-0.0180586
-0.0119667
-0.00670574
-0.00217798
-0.127154
-0.136756
-0.14576
-0.153922
-0.161022
-0.166887
-0.171358
-0.174296
-0.175569
-0.175085
-0.172799
-0.168732
-0.162937
-0.155533
-0.146668
-0.136573
-0.125476
-0.113685
-0.101454
-0.0891032
-0.0768603
-0.0650033
-0.053713
-0.0432298
-0.0337188
-0.0253692
-0.0181271
-0.0120201
-0.00673818
-0.00218957
-0.117973
-0.127431
-0.136708
-0.145787
-0.154656
-0.163316
-0.171776
-0.180042
-0.188122
-0.196025
-0.203763
-0.21134
-0.218768
-0.226048
-0.233172
-0.240173
-0.246885
-0.253728
-0.259737
-0.267662
-0.114782
-0.123926
-0.132891
-0.141674
-0.150271
-0.158685
-0.166921
-0.174983
-0.182879
-0.190613
-0.198191
-0.205619
-0.212896
-0.22004
-0.226996
-0.23392
-0.240435
-0.247474
-0.253382
-0.261636
-0.111686
-0.120471
-0.129086
-0.137532
-0.145812
-0.153924
-0.161873
-0.169662
-0.177293
-0.184772
-0.192099
-0.199288
-0.206322
-0.213261
-0.219989
-0.226805
-0.233165
-0.240216
-0.246182
-0.254148
-0.108661
-0.117112
-0.125413
-0.133568
-0.141574
-0.149431
-0.157142
-0.16471
-0.172135
-0.179426
-0.186577
-0.193613
-0.200498
-0.207334
-0.213947
-0.220716
-0.227011
-0.233926
-0.239956
-0.247361
-0.105733
-0.113865
-0.121867
-0.129738
-0.137479
-0.145091
-0.152573
-0.159931
-0.167164
-0.174282
-0.181275
-0.18818
-0.194938
-0.201681
-0.208187
-0.214854
-0.22106
-0.22773
-0.233744
-0.240666
-0.102911
-0.110728
-0.118429
-0.126016
-0.133486
-0.140842
-0.148084
-0.155218
-0.162238
-0.169161
-0.175967
-0.182702
-0.189291
-0.195875
-0.202225
-0.208705
-0.214802
-0.221208
-0.227214
-0.233818
-0.100189
-0.107696
-0.1151
-0.122402
-0.129601
-0.136699
-0.143694
-0.150594
-0.15739
-0.164099
-0.170698
-0.177234
-0.183631
-0.19002
-0.196208
-0.202479
-0.208481
-0.214656
-0.220633
-0.226986
-0.0975675
-0.104771
-0.111882
-0.118903
-0.125833
-0.132674
-0.139422
-0.146084
-0.152652
-0.159143
-0.16553
-0.171861
-0.178067
-0.184256
-0.190288
-0.196353
-0.202243
-0.208195
-0.214068
-0.220185
-0.0950473
-0.101954
-0.108778
-0.115523
-0.122188
-0.128772
-0.135274
-0.141698
-0.148036
-0.154304
-0.16048
-0.1666
-0.172614
-0.178597
-0.18446
-0.190311
-0.196049
-0.201778
-0.207498
-0.213391
-0.0926288
-0.0992469
-0.105791
-0.112265
-0.118667
-0.124998
-0.131254
-0.137439
-0.143547
-0.14959
-0.15555
-0.161453
-0.167268
-0.173036
-0.178712
-0.184346
-0.189907
-0.195422
-0.20097
-0.206642
-0.0903122
-0.0966498
-0.102922
-0.10913
-0.115275
-0.121355
-0.127368
-0.133316
-0.139193
-0.145009
-0.150751
-0.156434
-0.162041
-0.167592
-0.173072
-0.178494
-0.183866
-0.189172
-0.194529
-0.199977
-0.0880968
-0.0941629
-0.10017
-0.106121
-0.112014
-0.117848
-0.123621
-0.129333
-0.134982
-0.140571
-0.146094
-0.151557
-0.156954
-0.16229
-0.167568
-0.172778
-0.177951
-0.183048
-0.188203
-0.193426
-0.0859834
-0.0917875
-0.0975388
-0.103239
-0.108886
-0.11448
-0.120017
-0.125499
-0.130921
-0.136286
-0.14159
-0.146835
-0.152021
-0.157144
-0.162214
-0.167214
-0.172181
-0.17707
-0.182016
-0.187018
-0.0839707
-0.0895233
-0.0950276
-0.100485
-0.105894
-0.111254
-0.116562
-0.121817
-0.127018
-0.132162
-0.13725
-0.14228
-0.147254
-0.152165
-0.157027
-0.161819
-0.166579
-0.171261
-0.175994
-0.180776
-0.0820574
-0.08737
-0.092637
-0.0978605
-0.10304
-0.108174
-0.113259
-0.118294
-0.123277
-0.128207
-0.133082
-0.137901
-0.142666
-0.147369
-0.152024
-0.15661
-0.161163
-0.165641
-0.17016
-0.174724
-0.0802477
-0.0853294
-0.0903688
-0.0953678
-0.100326
-0.105242
-0.110112
-0.114933
-0.119706
-0.124426
-0.129095
-0.133708
-0.138268
-0.142768
-0.14722
-0.151604
-0.155953
-0.16023
-0.164537
-0.168883
-0.0785413
-0.0834019
-0.0882237
-0.093008
-0.0977543
-0.10246
-0.107123
-0.11174
-0.116309
-0.120827
-0.125295
-0.129709
-0.134071
-0.138374
-0.142627
-0.146816
-0.150965
-0.155045
-0.159146
-0.163278
-0.0769355
-0.081586
-0.0862011
-0.0907812
-0.0953255
-0.0998314
-0.104296
-0.108716
-0.11309
-0.117416
-0.121691
-0.125913
-0.130084
-0.134197
-0.138259
-0.142258
-0.146216
-0.150106
-0.154007
-0.157931
-0.0754322
-0.0798838
-0.0843032
-0.0886897
-0.0930422
-0.097358
-0.101634
-0.105868
-0.110056
-0.114197
-0.118289
-0.122328
-0.126317
-0.130248
-0.134128
-0.137946
-0.14172
-0.145428
-0.149138
-0.152862
-0.0740309
-0.0782954
-0.0825302
-0.0867342
-0.0909058
-0.0950423
-0.0991406
-0.103197
-0.10721
-0.111177
-0.115095
-0.118961
-0.122777
-0.126536
-0.130244
-0.13389
-0.13749
-0.141026
-0.144556
-0.14809
-0.0727323
-0.0768218
-0.0808839
-0.0849169
-0.0889189
-0.0928872
-0.0968185
-0.10071
-0.104558
-0.10836
-0.112115
-0.11582
-0.119473
-0.123071
-0.126617
-0.130103
-0.133541
-0.136916
-0.140276
-0.143632
-0.0715378
-0.0754648
-0.0793662
-0.0832401
-0.0870843
-0.090896
-0.0946719
-0.0984087
-0.102104
-0.105754
-0.109357
-0.112911
-0.116414
-0.119863
-0.123259
-0.126596
-0.129884
-0.13311
-0.136314
-0.139506
-0.0704491
-0.0742262
-0.0779794
-0.0817066
-0.0854052
-0.0890725
-0.0927052
-0.0962998
-0.0998535
-0.103364
-0.106828
-0.110243
-0.113608
-0.11692
-0.12018
-0.123381
-0.126532
-0.129623
-0.132685
-0.135727
-0.0694696
-0.0731101
-0.0767281
-0.0803213
-0.0838872
-0.0874229
-0.0909249
-0.0943901
-0.0978155
-0.101198
-0.104536
-0.107826
-0.111067
-0.114255
-0.117392
-0.120472
-0.123501
-0.12647
-0.129406
-0.132314
-0.0686016
-0.0721188
-0.075615
-0.0790875
-0.0825339
-0.085951
-0.0893358
-0.092685
-0.0959955
-0.0992645
-0.10249
-0.105669
-0.108799
-0.111879
-0.114908
-0.117881
-0.120803
-0.123667
-0.126493
-0.129285
-0.0678539
-0.0712626
-0.0746514
-0.0780175
-0.0813583
-0.084671
-0.0879525
-0.0911996
-0.0944093
-0.0975789
-0.100706
-0.103788
-0.106823
-0.109809
-0.112745
-0.115628
-0.118459
-0.121234
-0.123967
-0.126662
-0.0672254
-0.0705395
-0.0738349
-0.0771089
-0.0803591
-0.0835825
-0.0867761
-0.0899367
-0.0930615
-0.0961479
-0.0991934
-0.102196
-0.105153
-0.108062
-0.110923
-0.113733
-0.116492
-0.119197
-0.121857
-0.124474
-0.066743
-0.0699803
-0.0731993
-0.0763969
-0.079571
-0.0827193
-0.0858388
-0.0889269
-0.0919808
-0.094998
-0.0979761
-0.100913
-0.103807
-0.106656
-0.109458
-0.112212
-0.114917
-0.117571
-0.120179
-0.122741
-0.0663839
-0.0695601
-0.0727199
-0.075861
-0.0789807
-0.0820761
-0.0851445
-0.0881829
-0.0911889
-0.09416
-0.097094
-0.0999888
-0.102842
-0.105653
-0.108419
-0.111139
-0.113812
-0.116435
-0.119012
-0.12154
-0.0662236
-0.0693539
-0.072466
-0.0755579
-0.0786286
-0.0816767
-0.0846998
-0.0876957
-0.0906621
-0.0935968
-0.0964979
-0.0993637
-0.102193
-0.104983
-0.107733
-0.110441
-0.113107
-0.115729
-0.118308
-0.120843
0.103857
0.092801
0.0816628
0.0706472
0.059174
0.0474741
0.0357442
0.0240083
0.0122803
0.000595839
-0.011001
-0.0224782
-0.0338074
-0.0449589
-0.0559061
-0.066699
-0.0776869
-0.0882554
-0.0984244
-0.108318
0.0991519
0.0876245
0.0760522
0.0653071
0.0542616
0.0430011
0.0317647
0.0205592
0.00937573
-0.00175609
-0.0128031
-0.0237423
-0.0345553
-0.0452374
-0.0557999
-0.0662231
-0.0762485
-0.0862017
-0.0959419
-0.105457
0.0934116
0.0821075
0.0705361
0.0602273
0.04977
0.0390186
0.0282827
0.0176033
0.00695186
-0.00365164
-0.014175
-0.0245932
-0.0348863
-0.0450402
-0.0550433
-0.0648697
-0.0745802
-0.0841841
-0.0935685
-0.102724
0.0873503
0.0765976
0.0651724
0.0552159
0.0453105
0.0350636
0.0248087
0.0146412
0.00451723
-0.00556226
-0.0155679
-0.0254753
-0.0352682
-0.0449408
-0.0544891
-0.0638988
-0.0731224
-0.0822677
-0.0912555
-0.100049
0.0812145
0.0710809
0.0599388
0.0503271
0.0409683
0.031255
0.0214837
0.0118111
0.00219715
-0.00737709
-0.0168873
-0.0263063
-0.0356194
-0.0448215
-0.0539057
-0.062859
-0.0716708
-0.080413
-0.0890209
-0.0974587
0.0751163
0.0656039
0.0548564
0.0455932
0.0367459
0.0275661
0.0182743
0.00907638
-4.67051e-05
-0.00913049
-0.0181603
-0.0271079
-0.0359585
-0.0447096
-0.0533564
-0.0618906
-0.0702986
-0.0786436
-0.0868773
-0.094966
0.0691164
0.0602017
0.0499257
0.0410259
0.0326561
0.0240019
0.0151896
0.00645148
-0.00220109
-0.0108119
-0.0193785
-0.0278734
-0.0362813
-0.0446003
-0.0528273
-0.0609559
-0.0689783
-0.0769458
-0.0848187
-0.0925673
0.0632643
0.0549178
0.0451589
0.0366378
0.028714
0.0205659
0.012228
0.00393553
-0.00426814
-0.0124256
-0.0205462
-0.0286069
-0.0365913
-0.0444974
-0.0523234
-0.0600651
-0.067717
-0.0753212
-0.0828448
-0.0902619
0.0575971
0.0497859
0.0405645
0.0324329
0.0249281
0.0172613
0.00938836
0.00152904
-0.00624609
-0.013971
-0.021664
-0.0293085
-0.0368886
-0.0444007
-0.051844
-0.0592154
-0.0665116
-0.0737675
-0.0809543
-0.0880495
0.052139
0.0448304
0.0361504
0.0284141
0.0213054
0.0140925
0.00667033
-0.000768666
-0.0081346
-0.0154483
-0.0227331
-0.02998
-0.0371743
-0.0443113
-0.0513895
-0.0584071
-0.0653621
-0.0722838
-0.0791463
-0.08593
0.0469059
0.0400685
0.0319231
0.0245825
0.0178497
0.0110628
0.00407346
-0.00295906
-0.00993403
-0.0168579
-0.0237546
-0.0306223
-0.0374492
-0.044229
-0.0509597
-0.0576398
-0.0642682
-0.0708697
-0.0774204
-0.0839032
0.0419088
0.0355124
0.0278877
0.0209389
0.0145633
0.00817499
0.00159771
-0.00504366
-0.0116452
-0.0181999
-0.024729
-0.0312366
-0.0377141
-0.0441544
-0.0505541
-0.0569117
-0.063227
-0.0695228
-0.0757747
-0.0819678
0.0371552
0.0311706
0.0240477
0.0174832
0.0114473
0.00543068
-0.000757063
-0.00702413
-0.0132696
-0.019475
-0.025657
-0.0318235
-0.0379694
-0.0440877
-0.0501743
-0.056227
-0.0622456
-0.0682481
-0.0742112
-0.0801243
0.0326499
0.0270489
0.0204052
0.0142147
0.00850147
0.00283081
-0.00299104
-0.00890199
-0.0148087
-0.0206841
-0.0265394
-0.032384
-0.0382159
-0.0440278
-0.0498136
-0.0555698
-0.061298
-0.0670269
-0.07272
-0.0783687
0.0283957
0.0231507
0.0169612
0.0111318
0.00572495
0.000375643
-0.00510449
-0.0106786
-0.0162639
-0.021828
-0.0273763
-0.0329187
-0.0384561
-0.0439835
-0.0494964
-0.054991
-0.0604603
-0.0658802
-0.071298
-0.0766974
0.0243938
0.0194781
0.0137159
0.00823277
0.0031162
-0.00193513
-0.00709778
-0.0123553
-0.0176368
-0.0229076
-0.0281677
-0.0334257
-0.0386838
-0.0439372
-0.0491799
-0.0544065
-0.0596116
-0.0647895
-0.0699639
-0.0751227
0.0206438
0.0160315
0.0106687
0.00551532
0.000673147
-0.00410227
-0.00897135
-0.0139329
-0.0189287
-0.0239238
-0.0289139
-0.0339057
-0.0389018
-0.0438986
-0.0488904
-0.0538715
-0.0588366
-0.063779
-0.0687172
-0.073643
0.0171446
0.0128109
0.00781862
0.002977
-0.0016066
-0.006127
-0.0107258
-0.0154126
-0.0201409
-0.0248778
-0.0296155
-0.0343586
-0.0391095
-0.0438652
-0.0486201
-0.0533687
-0.0581058
-0.0628269
-0.0675446
-0.0722518
0.0138947
0.00981543
0.00516447
0.00061537
-0.00372564
-0.00801081
-0.0123619
-0.016795
-0.0212746
-0.0257706
-0.0302735
-0.0347852
-0.0393076
-0.0438384
-0.0483723
-0.0529038
-0.0574278
-0.0619402
-0.06645
-0.0709511
0.010892
0.00704391
0.00270505
-0.00157189
-0.00568654
-0.0097554
-0.0138805
-0.0180811
-0.0223307
-0.0266034
-0.0308884
-0.0351858
-0.0394964
-0.0438181
-0.0481461
-0.052475
-0.0567998
-0.0611167
-0.0654319
-0.06974
0.00813471
0.00449525
0.000439303
-0.00358675
-0.00749166
-0.0113625
-0.0152824
-0.0192713
-0.0233101
-0.027377
-0.0314612
-0.035561
-0.0396762
-0.0438046
-0.0479419
-0.0520829
-0.0562227
-0.0603573
-0.064491
-0.0686191
0.00562149
0.00216866
-0.00163335
-0.00543059
-0.00914295
-0.0128336
-0.0165684
-0.0203661
-0.0242134
-0.0280922
-0.0319925
-0.0359113
-0.0398474
-0.0437984
-0.0477603
-0.051728
-0.0556968
-0.0596627
-0.0636283
-0.0675895
0.00335183
6.39978e-05
-0.0035128
-0.00710404
-0.0106416
-0.0141698
-0.0177391
-0.0213657
-0.0250406
-0.0287494
-0.0324829
-0.0362371
-0.0400103
-0.0437996
-0.0476012
-0.0514104
-0.0552224
-0.0590335
-0.0628448
-0.0666526
0.00132657
-0.00181771
-0.00519785
-0.00860661
-0.011988
-0.0153717
-0.0187946
-0.0222701
-0.025792
-0.029349
-0.032933
-0.0365396
-0.0401663
-0.0438102
-0.0474673
-0.0511331
-0.054803
-0.0584731
-0.0621437
-0.0658115
-0.000451569
-0.00347384
-0.00668585
-0.00993638
-0.0131811
-0.0164384
-0.0197341
-0.0230783
-0.0264665
-0.02989
-0.0333417
-0.0368174
-0.0403139
-0.0438279
-0.0473558
-0.0508933
-0.054436
-0.0579802
-0.0615252
-0.0650679
-0.00197723
-0.00489948
-0.00797221
-0.0110899
-0.0142187
-0.0173689
-0.0205573
-0.0237905
-0.0270653
-0.030375
-0.0337135
-0.0370766
-0.0404608
-0.0438628
-0.0472787
-0.0507042
-0.0541351
-0.0575672
-0.0609996
-0.0644304
-0.00324138
-0.00608615
-0.00904874
-0.0120595
-0.015094
-0.0181565
-0.0212568
-0.0243985
-0.0275791
-0.0307932
-0.0340359
-0.0373029
-0.0405909
-0.0438965
-0.0472159
-0.0505453
-0.0538811
-0.0572196
-0.060559
-0.0638963
-0.00423147
-0.00702337
-0.00990734
-0.0128408
-0.0158067
-0.0188055
-0.0218417
-0.0249165
-0.0280274
-0.0311701
-0.0343402
-0.0375339
-0.0407475
-0.0439776
-0.0472203
-0.0504715
-0.0537272
-0.0569833
-0.0602386
-0.0634932
-0.0049238
-0.0076861
-0.0105207
-0.0134029
-0.0163214
-0.0192745
-0.0222635
-0.0252881
-0.0283461
-0.0314339
-0.0345479
-0.0376845
-0.0408403
-0.0440121
-0.0471965
-0.0503901
-0.0535896
-0.0567918
-0.0599943
-0.0631936
-0.00530164
-0.0080686
-0.0108995
-0.0137778
-0.0166932
-0.0196421
-0.0226234
-0.0256357
-0.0286767
-0.0317432
-0.0348316
-0.0379386
-0.0410609
-0.0441953
-0.0473385
-0.0504871
-0.0536376
-0.0567869
-0.059934
-0.0630809
0.11337
0.114804
0.116987
0.120042
0.123344
0.127018
0.130325
0.133472
0.135527
0.136917
0.136417
0.134878
0.130606
0.124961
0.11449
0.112435
0.113761
0.115768
0.118561
0.121527
0.124774
0.127582
0.130132
0.131547
0.132177
0.130961
0.128534
0.123659
0.117015
0.107923
0.111432
0.112644
0.114463
0.116977
0.11959
0.122391
0.12469
0.126638
0.127427
0.127335
0.125487
0.122301
0.117019
0.10992
0.101362
0.110355
0.111447
0.113067
0.115288
0.117533
0.119871
0.12165
0.122982
0.123153
0.12235
0.119906
0.116031
0.110388
0.102981
0.0945518
0.109202
0.110169
0.111582
0.113497
0.115366
0.117227
0.118484
0.119198
0.118767
0.117277
0.114273
0.109797
0.103816
0.0962205
0.0878674
0.10797
0.108806
0.110006
0.111603
0.113088
0.114465
0.115202
0.115304
0.11429
0.112154
0.108627
0.103647
0.0973661
0.0896821
0.0814231
0.106656
0.107357
0.108337
0.109606
0.110702
0.111588
0.111809
0.111312
0.109736
0.107002
0.102994
0.0975965
0.0910666
0.0833549
0.0752056
0.105258
0.10582
0.106573
0.107507
0.108207
0.108601
0.108313
0.107235
0.105122
0.10184
0.097394
0.0916561
0.084929
0.0772236
0.0691972
0.103774
0.104192
0.104715
0.105305
0.105609
0.105513
0.104723
0.103089
0.100465
0.0966902
0.0918505
0.0858369
0.0789636
0.0712884
0.0633997
0.102205
0.102474
0.102762
0.103006
0.102912
0.102333
0.101052
0.098891
0.0957854
0.091571
0.0863857
0.0801524
0.0731808
0.065558
0.0578213
0.100548
0.100667
0.100718
0.100612
0.100122
0.099071
0.0973149
0.0946587
0.0911052
0.0865026
0.0810207
0.0746167
0.0675909
0.0600428
0.0524697
0.0988068
0.0987718
0.0985838
0.098131
0.0972486
0.0957398
0.093526
0.0904104
0.0864458
0.0815044
0.0757749
0.0692444
0.0622032
0.0547517
0.0473518
0.0969821
0.096793
0.0963652
0.0955694
0.0943007
0.0923534
0.0897032
0.0861653
0.0818287
0.0765961
0.0706661
0.0640498
0.0570268
0.0496923
0.0424738
0.0950782
0.0947353
0.0940685
0.0929371
0.0912911
0.0889271
0.0858654
0.0819431
0.0772757
0.0717969
0.0657108
0.059046
0.0520701
0.044871
0.0378405
0.0931004
0.0926058
0.0917019
0.0902452
0.0882339
0.0854778
0.0820325
0.0777645
0.0728078
0.0671261
0.0609246
0.0542452
0.0473412
0.0402927
0.0334553
0.091056
0.0904134
0.0892762
0.087507
0.0851456
0.0820239
0.0782258
0.0736506
0.0684458
0.0626018
0.0563223
0.0496582
0.042847
0.0359614
0.0293205
0.0889549
0.0881694
0.0868042
0.0847379
0.0820444
0.0785855
0.0744672
0.0696231
0.0642102
0.0582419
0.0519175
0.045295
0.0385939
0.0318802
0.025437
0.086809
0.0858875
0.0843016
0.0819553
0.0789507
0.0751841
0.0707795
0.0657041
0.0601208
0.0540632
0.0477234
0.0411644
0.0345872
0.0280512
0.021805
0.0846332
0.0835838
0.0817867
0.0791793
0.0758869
0.071843
0.0671864
0.0619157
0.0561975
0.0500818
0.0437522
0.0372746
0.0308316
0.0244762
0.0184242
0.0824457
0.0812775
0.0792807
0.0764323
0.0728773
0.0685868
0.0637123
0.0582806
0.0524598
0.0463138
0.0400157
0.0336336
0.0273313
0.0211565
0.015294
0.0802678
0.0789909
0.0768079
0.0737396
0.0699485
0.0654421
0.0603824
0.0548216
0.0489273
0.0427745
0.0365255
0.0302488
0.0240907
0.0180935
0.0124139
0.0781243
0.0767494
0.0743955
0.0711292
0.067129
0.0624367
0.0572232
0.0515622
0.04562
0.03948
0.0332933
0.0271282
0.0211143
0.0152893
0.00978399
0.0760443
0.0745823
0.0720743
0.0686322
0.06445
0.0596008
0.0542624
0.0485271
0.0425586
0.0364465
0.0303313
0.0242801
0.0184074
0.0127464
0.00740514
0.0740606
0.0725225
0.0698784
0.0662829
0.0619453
0.0569664
0.0515294
0.0457421
0.0397648
0.0336917
0.0276532
0.0217146
0.0159768
0.0104691
0.00527965
0.0722105
0.0706074
0.0678457
0.0641193
0.0596518
0.0545683
0.049056
0.0432351
0.0372624
0.031235
0.0252742
0.0194433
0.0138311
0.00846373
0.00341181
0.0705359
0.0688785
0.0660181
0.062183
0.0576098
0.0524443
0.0468769
0.041037
0.035078
0.0290988
0.0232127
0.017481
0.011982
0.00673922
0.00180868
0.0690833
0.0673823
0.0644421
0.0605199
0.0558638
0.0506365
0.0450305
0.0391823
0.0332419
0.0273093
0.0214909
0.0158462
0.010445
0.00530843
0.000480896
0.0679043
0.06617
0.0631688
0.0591806
0.0544632
0.049192
0.0435608
0.0377111
0.03179
0.0258981
0.0201365
0.014563
0.00924081
0.00418944
-0.000556127
0.0670555
0.0652981
0.0622547
0.0582218
0.0534634
0.048164
0.0425179
0.0366702
0.0307654
0.0249045
0.0191846
0.0136626
0.00839699
0.00340658
-0.00127956
0.0665987
0.0648292
0.0617628
0.0577066
0.0529269
0.0476136
0.0419606
0.0361153
0.0302202
0.0243769
0.0186799
0.0131861
0.00795096
0.00299304
-0.00166307
0.125531
0.127683
0.131105
0.136175
0.142237
0.149561
0.157711
0.166834
0.176639
0.187223
0.198319
0.209988
0.221954
0.234292
0.246692
0.125465
0.127613
0.131028
0.136088
0.142135
0.149443
0.157565
0.16666
0.176424
0.186964
0.198001
0.209607
0.221492
0.233747
0.246031
0.125331
0.127471
0.130874
0.135915
0.141934
0.149209
0.157275
0.166312
0.175995
0.186448
0.197366
0.208846
0.220567
0.232654
0.244706
0.125132
0.12726
0.130643
0.135656
0.141631
0.148856
0.15684
0.165794
0.175355
0.185677
0.196417
0.207706
0.219181
0.231013
0.242717
0.124867
0.12698
0.130338
0.135312
0.141233
0.148391
0.156264
0.165107
0.174506
0.184654
0.195155
0.206192
0.217334
0.228823
0.240061
0.124539
0.126632
0.129959
0.134885
0.140731
0.147807
0.155549
0.164253
0.173451
0.183382
0.193586
0.204305
0.215029
0.226088
0.23674
0.124148
0.126218
0.129509
0.134379
0.140152
0.147116
0.154698
0.163237
0.172193
0.181866
0.191711
0.202051
0.21227
0.222811
0.232761
0.123696
0.12574
0.128989
0.133791
0.139445
0.146306
0.153714
0.162061
0.170736
0.18011
0.189535
0.199436
0.209062
0.219
0.22813
0.123184
0.1252
0.128401
0.133138
0.138712
0.145389
0.1526
0.160729
0.169085
0.178119
0.187064
0.196465
0.205411
0.214665
0.222861
0.122616
0.124599
0.127749
0.132397
0.137829
0.144365
0.151362
0.159244
0.167244
0.175898
0.184301
0.193146
0.201324
0.209816
0.216967
0.121993
0.123941
0.127034
0.131593
0.136896
0.143246
0.150005
0.157609
0.165219
0.173451
0.181254
0.189487
0.196811
0.204468
0.210467
0.121316
0.123227
0.12626
0.130703
0.135865
0.142026
0.148532
0.15583
0.163016
0.170783
0.177929
0.185496
0.19188
0.198636
0.20338
0.12059
0.122462
0.125431
0.129769
0.134758
0.140715
0.146948
0.153908
0.160642
0.167898
0.174335
0.181183
0.18654
0.192339
0.195728
0.119816
0.121648
0.124554
0.128764
0.133574
0.139313
0.145258
0.151851
0.158104
0.164802
0.170482
0.176554
0.180805
0.185597
0.187531
0.118998
0.120787
0.123599
0.127684
0.132324
0.137828
0.143465
0.149661
0.155407
0.161497
0.166381
0.171615
0.174685
0.17843
0.178806
0.118137
0.119888
0.122646
0.126551
0.131009
0.136262
0.141576
0.147346
0.152561
0.157992
0.162046
0.166371
0.168199
0.170855
0.169565
0.117238
0.118935
0.121591
0.125365
0.129632
0.134619
0.139589
0.144906
0.149561
0.154283
0.157482
0.160819
0.161372
0.162885
0.159813
0.116303
0.117962
0.120513
0.124135
0.1282
0.132912
0.137525
0.142371
0.146443
0.150408
0.152718
0.15497
0.154224
0.154496
0.149532
0.11533
0.116937
0.119389
0.122852
0.126698
0.131105
0.135327
0.13966
0.143113
0.146288
0.147709
0.148803
0.146823
0.145659
0.138734
0.114337
0.115883
0.118248
0.121578
0.125232
0.12938
0.133242
0.137096
0.139903
0.142227
0.142624
0.142428
0.139063
0.136271
0.127361
0.114337
0.115883
0.118248
0.121578
0.125232
0.12938
0.133242
0.137096
0.139903
0.142227
0.142624
0.142428
0.139063
0.136271
0.127361
0.11533
0.116937
0.119389
0.122852
0.126698
0.131105
0.135327
0.13966
0.143113
0.146288
0.147709
0.148803
0.146823
0.145659
0.138734
0.116303
0.117962
0.120513
0.124135
0.1282
0.132912
0.137525
0.142371
0.146443
0.150408
0.152718
0.15497
0.154224
0.154496
0.149532
0.117238
0.118935
0.121591
0.125365
0.129632
0.134619
0.139589
0.144906
0.149561
0.154283
0.157482
0.160819
0.161372
0.162885
0.159813
0.118137
0.119888
0.122646
0.126551
0.131009
0.136262
0.141576
0.147346
0.152561
0.157992
0.162046
0.166371
0.168199
0.170855
0.169565
0.118998
0.120787
0.123599
0.127684
0.132324
0.137828
0.143465
0.149661
0.155407
0.161497
0.166381
0.171615
0.174685
0.17843
0.178806
0.119816
0.121648
0.124554
0.128764
0.133574
0.139313
0.145258
0.151851
0.158104
0.164802
0.170482
0.176554
0.180805
0.185597
0.187531
0.12059
0.122462
0.125431
0.129769
0.134758
0.140715
0.146948
0.153908
0.160642
0.167898
0.174335
0.181182
0.18654
0.192339
0.195728
0.121316
0.123227
0.12626
0.130703
0.135865
0.142026
0.148532
0.15583
0.163016
0.170783
0.177929
0.185496
0.19188
0.198636
0.20338
0.121993
0.123941
0.127034
0.131593
0.136896
0.143246
0.150005
0.157609
0.165219
0.173451
0.181254
0.189487
0.196811
0.204468
0.210467
0.122616
0.124599
0.127749
0.132397
0.137829
0.144365
0.151362
0.159244
0.167244
0.175898
0.184301
0.193146
0.201324
0.209816
0.216967
0.123184
0.1252
0.128401
0.133138
0.138712
0.145389
0.1526
0.160729
0.169085
0.178119
0.187064
0.196465
0.205411
0.214665
0.222861
0.123696
0.12574
0.128989
0.133791
0.139445
0.146306
0.153714
0.162061
0.170736
0.18011
0.189535
0.199436
0.209062
0.219
0.22813
0.124148
0.126218
0.129509
0.134379
0.140152
0.147116
0.154698
0.163237
0.172193
0.181866
0.191711
0.202051
0.21227
0.222811
0.232761
0.124539
0.126632
0.129959
0.134885
0.140731
0.147807
0.155549
0.164253
0.173451
0.183382
0.193586
0.204305
0.215029
0.226088
0.23674
0.124867
0.12698
0.130338
0.135312
0.141233
0.148391
0.156264
0.165107
0.174506
0.184654
0.195155
0.206192
0.217334
0.228823
0.240061
0.125132
0.12726
0.130643
0.135656
0.141631
0.148856
0.15684
0.165794
0.175355
0.185677
0.196417
0.207706
0.219181
0.231013
0.242717
0.125331
0.127471
0.130874
0.135915
0.141934
0.149209
0.157275
0.166312
0.175995
0.186448
0.197366
0.208846
0.220567
0.232654
0.244706
0.125465
0.127613
0.131028
0.136088
0.142135
0.149443
0.157565
0.16666
0.176424
0.186964
0.198001
0.209607
0.221492
0.233747
0.246031
0.125531
0.127683
0.131105
0.136175
0.142237
0.149561
0.157711
0.166834
0.176639
0.187223
0.198319
0.209988
0.221954
0.234292
0.246692
0.0665987
0.0648292
0.0617628
0.0577066
0.0529269
0.0476136
0.0419606
0.0361153
0.0302202
0.0243769
0.0186799
0.0131861
0.00795095
0.00299303
-0.00166308
0.0670555
0.0652981
0.0622547
0.0582217
0.0534634
0.048164
0.0425179
0.0366701
0.0307654
0.0249045
0.0191846
0.0136625
0.00839698
0.00340657
-0.00127957
0.0679043
0.06617
0.0631688
0.0591806
0.0544632
0.049192
0.0435607
0.0377111
0.03179
0.0258981
0.0201365
0.014563
0.0092408
0.00418943
-0.000556138
0.0690833
0.0673823
0.0644421
0.0605198
0.0558638
0.0506365
0.0450305
0.0391823
0.0332419
0.0273093
0.0214909
0.0158462
0.010445
0.00530841
0.000480885
0.0705358
0.0688785
0.0660181
0.062183
0.0576098
0.0524443
0.0468769
0.041037
0.035078
0.0290988
0.0232127
0.017481
0.011982
0.0067392
0.00180867
0.0722105
0.0706074
0.0678457
0.0641193
0.0596518
0.0545683
0.049056
0.0432351
0.0372624
0.031235
0.0252742
0.0194433
0.0138311
0.00846372
0.0034118
0.0740606
0.0725225
0.0698784
0.0662829
0.0619453
0.0569664
0.0515294
0.0457421
0.0397648
0.0336916
0.0276532
0.0217146
0.0159768
0.0104691
0.00527964
0.0760443
0.0745823
0.0720743
0.0686322
0.06445
0.0596008
0.0542623
0.0485271
0.0425586
0.0364465
0.0303313
0.0242801
0.0184074
0.0127464
0.00740513
0.0781243
0.0767494
0.0743955
0.0711292
0.067129
0.0624367
0.0572231
0.0515622
0.04562
0.0394799
0.0332933
0.0271281
0.0211143
0.0152892
0.00978398
0.0802678
0.0789909
0.0768078
0.0737396
0.0699485
0.0654421
0.0603824
0.0548216
0.0489273
0.0427745
0.0365255
0.0302488
0.0240907
0.0180935
0.0124139
0.0824457
0.0812775
0.0792807
0.0764323
0.0728773
0.0685868
0.0637122
0.0582806
0.0524597
0.0463137
0.0400157
0.0336336
0.0273313
0.0211565
0.0152939
0.0846332
0.0835838
0.0817867
0.0791793
0.0758869
0.071843
0.0671864
0.0619157
0.0561974
0.0500818
0.0437522
0.0372746
0.0308316
0.0244762
0.0184241
0.0868089
0.0858874
0.0843016
0.0819553
0.0789507
0.0751841
0.0707795
0.0657041
0.0601208
0.0540632
0.0477234
0.0411644
0.0345872
0.0280512
0.021805
0.0889549
0.0881694
0.0868042
0.0847379
0.0820444
0.0785855
0.0744672
0.0696231
0.0642101
0.0582419
0.0519175
0.045295
0.0385939
0.0318802
0.0254369
0.091056
0.0904134
0.0892762
0.087507
0.0851456
0.0820239
0.0782258
0.0736506
0.0684458
0.0626018
0.0563223
0.0496582
0.042847
0.0359614
0.0293205
0.0931004
0.0926058
0.0917019
0.0902452
0.0882339
0.0854778
0.0820325
0.0777644
0.0728078
0.0671261
0.0609246
0.0542452
0.0473412
0.0402927
0.0334553
0.0950782
0.0947353
0.0940685
0.092937
0.0912911
0.0889271
0.0858654
0.0819431
0.0772757
0.0717969
0.0657108
0.059046
0.0520701
0.044871
0.0378405
0.0969821
0.096793
0.0963652
0.0955694
0.0943007
0.0923534
0.0897032
0.0861652
0.0818287
0.076596
0.070666
0.0640497
0.0570268
0.0496923
0.0424738
0.0988068
0.0987718
0.0985838
0.098131
0.0972486
0.0957398
0.093526
0.0904104
0.0864457
0.0815044
0.0757749
0.0692444
0.0622032
0.0547517
0.0473518
0.100548
0.100667
0.100718
0.100612
0.100122
0.099071
0.0973149
0.0946587
0.0911052
0.0865026
0.0810207
0.0746166
0.0675909
0.0600428
0.0524697
0.102205
0.102474
0.102762
0.103006
0.102912
0.102333
0.101052
0.098891
0.0957854
0.091571
0.0863857
0.0801524
0.0731808
0.065558
0.0578213
0.103774
0.104192
0.104715
0.105305
0.105609
0.105513
0.104723
0.103089
0.100465
0.0966902
0.0918505
0.0858369
0.0789636
0.0712884
0.0633997
0.105258
0.10582
0.106573
0.107507
0.108207
0.108601
0.108312
0.107235
0.105122
0.10184
0.097394
0.0916561
0.084929
0.0772236
0.0691972
0.106656
0.107357
0.108337
0.109606
0.110702
0.111588
0.111809
0.111312
0.109736
0.107002
0.102994
0.0975965
0.0910666
0.0833549
0.0752056
0.10797
0.108806
0.110006
0.111603
0.113088
0.114465
0.115202
0.115304
0.11429
0.112154
0.108627
0.103647
0.0973661
0.0896821
0.0814231
0.109202
0.110169
0.111582
0.113497
0.115366
0.117227
0.118484
0.119198
0.118767
0.117277
0.114273
0.109797
0.103816
0.0962205
0.0878674
0.110355
0.111447
0.113067
0.115288
0.117533
0.119871
0.12165
0.122982
0.123153
0.12235
0.119906
0.116031
0.110388
0.102981
0.0945518
0.111432
0.112644
0.114463
0.116977
0.11959
0.122391
0.12469
0.126638
0.127427
0.127335
0.125487
0.122301
0.117019
0.10992
0.101362
0.112435
0.113761
0.115768
0.118561
0.121527
0.124774
0.127582
0.130132
0.131547
0.132176
0.130961
0.128534
0.123659
0.117015
0.107923
0.11337
0.114804
0.116987
0.120042
0.123344
0.127018
0.130325
0.133472
0.135526
0.136917
0.136417
0.134878
0.130606
0.124961
0.11449
-0.00530165
-0.00806861
-0.0108995
-0.0137778
-0.0166932
-0.0196421
-0.0226234
-0.0256357
-0.0286767
-0.0317432
-0.0348316
-0.0379386
-0.0410609
-0.0441953
-0.0473385
-0.0504871
-0.0536376
-0.0567869
-0.059934
-0.0630809
-0.00492381
-0.00768611
-0.0105207
-0.0134029
-0.0163214
-0.0192745
-0.0222635
-0.0252881
-0.0283461
-0.0314339
-0.0345479
-0.0376845
-0.0408403
-0.0440121
-0.0471965
-0.0503901
-0.0535896
-0.0567918
-0.0599943
-0.0631936
-0.00423148
-0.00702338
-0.00990735
-0.0128408
-0.0158067
-0.0188055
-0.0218417
-0.0249165
-0.0280274
-0.0311701
-0.0343402
-0.0375339
-0.0407475
-0.0439776
-0.0472203
-0.0504715
-0.0537272
-0.0569833
-0.0602386
-0.0634932
-0.0032414
-0.00608617
-0.00904875
-0.0120596
-0.015094
-0.0181565
-0.0212568
-0.0243985
-0.0275791
-0.0307932
-0.0340359
-0.0373029
-0.0405909
-0.0438965
-0.0472159
-0.0505453
-0.0538811
-0.0572196
-0.060559
-0.0638963
-0.00197724
-0.00489949
-0.00797222
-0.0110899
-0.0142187
-0.0173689
-0.0205573
-0.0237905
-0.0270653
-0.030375
-0.0337135
-0.0370766
-0.0404608
-0.0438628
-0.0472787
-0.0507042
-0.0541351
-0.0575672
-0.0609996
-0.0644304
-0.00045158
-0.00347385
-0.00668586
-0.00993639
-0.0131811
-0.0164384
-0.0197342
-0.0230783
-0.0264665
-0.02989
-0.0333417
-0.0368174
-0.0403139
-0.043828
-0.0473559
-0.0508933
-0.054436
-0.0579802
-0.0615252
-0.0650679
0.00132656
-0.00181772
-0.00519786
-0.00860662
-0.0119881
-0.0153717
-0.0187946
-0.0222702
-0.025792
-0.0293491
-0.032933
-0.0365396
-0.0401663
-0.0438102
-0.0474673
-0.0511331
-0.054803
-0.0584731
-0.0621437
-0.0658115
0.00335182
6.3985e-05
-0.00351281
-0.00710405
-0.0106417
-0.0141699
-0.0177391
-0.0213657
-0.0250406
-0.0287494
-0.0324829
-0.0362371
-0.0400103
-0.0437996
-0.0476012
-0.0514104
-0.0552225
-0.0590335
-0.0628448
-0.0666526
0.00562148
0.00216864
-0.00163336
-0.0054306
-0.00914296
-0.0128336
-0.0165684
-0.0203661
-0.0242134
-0.0280922
-0.0319926
-0.0359113
-0.0398474
-0.0437985
-0.0477603
-0.051728
-0.0556968
-0.0596627
-0.0636284
-0.0675895
0.0081347
0.00449524
0.00043929
-0.00358676
-0.00749168
-0.0113625
-0.0152824
-0.0192713
-0.0233102
-0.027377
-0.0314612
-0.035561
-0.0396762
-0.0438047
-0.0479419
-0.0520829
-0.0562227
-0.0603573
-0.064491
-0.0686191
0.010892
0.0070439
0.00270503
-0.00157191
-0.00568655
-0.00975542
-0.0138805
-0.0180811
-0.0223308
-0.0266034
-0.0308884
-0.0351858
-0.0394965
-0.0438181
-0.0481461
-0.052475
-0.0567999
-0.0611168
-0.0654319
-0.06974
0.0138947
0.00981541
0.00516446
0.000615355
-0.00372565
-0.00801083
-0.0123619
-0.0167951
-0.0212746
-0.0257706
-0.0302735
-0.0347852
-0.0393077
-0.0438384
-0.0483723
-0.0529038
-0.0574278
-0.0619403
-0.06645
-0.0709511
0.0171446
0.0128109
0.0078186
0.00297699
-0.00160662
-0.00612702
-0.0107258
-0.0154126
-0.0201409
-0.0248778
-0.0296156
-0.0343586
-0.0391095
-0.0438652
-0.0486202
-0.0533687
-0.0581058
-0.0628269
-0.0675446
-0.0722519
0.0206438
0.0160315
0.0106687
0.0055153
0.000673131
-0.00410229
-0.00897137
-0.0139329
-0.0189287
-0.0239238
-0.0289139
-0.0339057
-0.0389018
-0.0438986
-0.0488904
-0.0538715
-0.0588366
-0.0637791
-0.0687172
-0.0736431
0.0243938
0.019478
0.0137159
0.00823275
0.00311618
-0.00193514
-0.00709779
-0.0123553
-0.0176368
-0.0229076
-0.0281677
-0.0334257
-0.0386838
-0.0439372
-0.0491799
-0.0544066
-0.0596116
-0.0647895
-0.0699639
-0.0751227
0.0283957
0.0231507
0.0169612
0.0111318
0.00572494
0.000375626
-0.00510451
-0.0106786
-0.0162639
-0.021828
-0.0273763
-0.0329187
-0.0384561
-0.0439835
-0.0494964
-0.054991
-0.0604604
-0.0658803
-0.071298
-0.0766974
0.0326499
0.0270489
0.0204052
0.0142146
0.00850145
0.00283079
-0.00299106
-0.00890201
-0.0148087
-0.0206841
-0.0265394
-0.032384
-0.0382159
-0.0440278
-0.0498137
-0.0555698
-0.0612981
-0.067027
-0.07272
-0.0783687
0.0371552
0.0311706
0.0240476
0.0174832
0.0114473
0.00543066
-0.000757081
-0.00702414
-0.0132696
-0.019475
-0.025657
-0.0318235
-0.0379694
-0.0440877
-0.0501743
-0.056227
-0.0622456
-0.0682481
-0.0742112
-0.0801244
0.0419088
0.0355123
0.0278877
0.0209389
0.0145633
0.00817497
0.00159769
-0.00504368
-0.0116453
-0.0181999
-0.024729
-0.0312366
-0.0377141
-0.0441544
-0.0505541
-0.0569117
-0.063227
-0.0695229
-0.0757747
-0.0819678
0.0469059
0.0400685
0.0319231
0.0245825
0.0178496
0.0110628
0.00407344
-0.00295908
-0.00993405
-0.0168579
-0.0237546
-0.0306223
-0.0374492
-0.0442291
-0.0509597
-0.0576399
-0.0642682
-0.0708698
-0.0774204
-0.0839032
0.052139
0.0448304
0.0361504
0.028414
0.0213053
0.0140924
0.00667031
-0.000768685
-0.00813462
-0.0154484
-0.0227331
-0.02998
-0.0371744
-0.0443113
-0.0513895
-0.0584072
-0.0653621
-0.0722838
-0.0791464
-0.0859301
0.0575971
0.0497859
0.0405645
0.0324329
0.0249281
0.0172613
0.00938835
0.00152902
-0.00624611
-0.013971
-0.021664
-0.0293086
-0.0368886
-0.0444008
-0.051844
-0.0592154
-0.0665116
-0.0737675
-0.0809543
-0.0880495
0.0632643
0.0549177
0.0451588
0.0366377
0.028714
0.0205659
0.012228
0.00393551
-0.00426816
-0.0124256
-0.0205463
-0.0286069
-0.0365913
-0.0444974
-0.0523235
-0.0600651
-0.067717
-0.0753213
-0.0828448
-0.0902619
0.0691164
0.0602017
0.0499257
0.0410259
0.0326561
0.0240019
0.0151896
0.00645146
-0.00220111
-0.0108119
-0.0193785
-0.0278735
-0.0362813
-0.0446003
-0.0528273
-0.0609559
-0.0689783
-0.0769458
-0.0848187
-0.0925673
0.0751163
0.0656038
0.0548564
0.0455932
0.0367459
0.0275661
0.0182742
0.00907636
-4.67251e-05
-0.00913052
-0.0181604
-0.0271079
-0.0359585
-0.0447096
-0.0533564
-0.0618907
-0.0702987
-0.0786436
-0.0868773
-0.094966
0.0812145
0.0710809
0.0599388
0.0503271
0.0409682
0.031255
0.0214837
0.0118111
0.00219713
-0.00737711
-0.0168873
-0.0263064
-0.0356194
-0.0448215
-0.0539057
-0.062859
-0.0716708
-0.080413
-0.0890209
-0.0974587
0.0873503
0.0765976
0.0651724
0.0552159
0.0453104
0.0350635
0.0248086
0.0146412
0.00451721
-0.00556228
-0.015568
-0.0254753
-0.0352682
-0.0449408
-0.0544891
-0.0638989
-0.0731224
-0.0822677
-0.0912555
-0.100049
0.0934116
0.0821075
0.0705361
0.0602273
0.04977
0.0390186
0.0282827
0.0176032
0.00695185
-0.00365166
-0.0141751
-0.0245932
-0.0348863
-0.0450402
-0.0550433
-0.0648697
-0.0745802
-0.0841842
-0.0935686
-0.102724
0.0991519
0.0876245
0.0760522
0.0653071
0.0542616
0.0430011
0.0317647
0.0205592
0.00937571
-0.00175611
-0.0128031
-0.0237423
-0.0345553
-0.0452374
-0.0557999
-0.0662231
-0.0762485
-0.0862017
-0.0959419
-0.105457
0.103857
0.092801
0.0816628
0.0706471
0.059174
0.0474741
0.0357442
0.0240083
0.0122803
0.000595819
-0.011001
-0.0224782
-0.0338075
-0.0449589
-0.0559061
-0.066699
-0.0776869
-0.0882554
-0.0984244
-0.108318
-0.0662236
-0.0693539
-0.072466
-0.0755579
-0.0786286
-0.0816766
-0.0846998
-0.0876957
-0.090662
-0.0935968
-0.0964979
-0.0993637
-0.102193
-0.104983
-0.107733
-0.110441
-0.113107
-0.115729
-0.118308
-0.120843
-0.0663839
-0.0695601
-0.0727199
-0.075861
-0.0789807
-0.0820761
-0.0851445
-0.0881829
-0.0911889
-0.09416
-0.097094
-0.0999888
-0.102842
-0.105653
-0.108419
-0.111139
-0.113812
-0.116435
-0.119012
-0.12154
-0.066743
-0.0699803
-0.0731993
-0.0763969
-0.079571
-0.0827193
-0.0858388
-0.0889269
-0.0919808
-0.0949979
-0.0979761
-0.100913
-0.103807
-0.106656
-0.109458
-0.112212
-0.114917
-0.117571
-0.120179
-0.122741
-0.0672254
-0.0705395
-0.0738349
-0.0771089
-0.0803591
-0.0835825
-0.0867761
-0.0899367
-0.0930615
-0.0961479
-0.0991934
-0.102196
-0.105153
-0.108062
-0.110923
-0.113733
-0.116492
-0.119197
-0.121857
-0.124474
-0.0678539
-0.0712626
-0.0746514
-0.0780175
-0.0813583
-0.084671
-0.0879525
-0.0911996
-0.0944093
-0.0975789
-0.100706
-0.103788
-0.106823
-0.109809
-0.112745
-0.115628
-0.118459
-0.121234
-0.123967
-0.126662
-0.0686016
-0.0721188
-0.075615
-0.0790875
-0.0825339
-0.0859511
-0.0893358
-0.092685
-0.0959955
-0.0992645
-0.10249
-0.105669
-0.108799
-0.111879
-0.114907
-0.117881
-0.120803
-0.123667
-0.126493
-0.129285
-0.0694696
-0.0731101
-0.0767281
-0.0803213
-0.0838872
-0.0874229
-0.0909249
-0.0943901
-0.0978155
-0.101198
-0.104536
-0.107826
-0.111067
-0.114255
-0.117392
-0.120472
-0.123501
-0.12647
-0.129406
-0.132314
-0.0704491
-0.0742262
-0.0779795
-0.0817066
-0.0854053
-0.0890725
-0.0927052
-0.0962998
-0.0998535
-0.103364
-0.106828
-0.110243
-0.113608
-0.11692
-0.12018
-0.123381
-0.126532
-0.129623
-0.132685
-0.135727
-0.0715378
-0.0754648
-0.0793662
-0.0832401
-0.0870843
-0.090896
-0.0946719
-0.0984087
-0.102104
-0.105754
-0.109357
-0.112911
-0.116414
-0.119863
-0.123259
-0.126596
-0.129884
-0.13311
-0.136314
-0.139506
-0.0727323
-0.0768219
-0.0808839
-0.0849169
-0.0889189
-0.0928872
-0.0968185
-0.10071
-0.104558
-0.10836
-0.112115
-0.11582
-0.119473
-0.123071
-0.126617
-0.130103
-0.133541
-0.136916
-0.140276
-0.143632
-0.0740309
-0.0782954
-0.0825302
-0.0867342
-0.0909059
-0.0950423
-0.0991406
-0.103197
-0.10721
-0.111177
-0.115095
-0.118961
-0.122777
-0.126536
-0.130244
-0.13389
-0.13749
-0.141027
-0.144556
-0.14809
-0.0754322
-0.0798839
-0.0843032
-0.0886897
-0.0930422
-0.097358
-0.101634
-0.105868
-0.110056
-0.114197
-0.118289
-0.122328
-0.126317
-0.130248
-0.134128
-0.137946
-0.14172
-0.145428
-0.149138
-0.152862
-0.0769355
-0.081586
-0.0862011
-0.0907812
-0.0953255
-0.0998314
-0.104296
-0.108716
-0.11309
-0.117416
-0.121691
-0.125914
-0.130084
-0.134197
-0.138259
-0.142258
-0.146216
-0.150106
-0.154007
-0.157931
-0.0785414
-0.083402
-0.0882238
-0.0930081
-0.0977544
-0.10246
-0.107123
-0.11174
-0.116309
-0.120827
-0.125295
-0.129709
-0.134071
-0.138374
-0.142627
-0.146816
-0.150965
-0.155045
-0.159146
-0.163278
-0.0802477
-0.0853295
-0.0903688
-0.0953678
-0.100326
-0.105242
-0.110112
-0.114933
-0.119706
-0.124426
-0.129095
-0.133708
-0.138268
-0.142768
-0.14722
-0.151604
-0.155953
-0.16023
-0.164537
-0.168883
-0.0820574
-0.08737
-0.092637
-0.0978605
-0.10304
-0.108174
-0.113259
-0.118294
-0.123277
-0.128207
-0.133082
-0.137901
-0.142666
-0.14737
-0.152024
-0.15661
-0.161163
-0.165641
-0.17016
-0.174724
-0.0839707
-0.0895233
-0.0950276
-0.100485
-0.105894
-0.111254
-0.116562
-0.121817
-0.127018
-0.132162
-0.13725
-0.14228
-0.147254
-0.152166
-0.157027
-0.161819
-0.166579
-0.171261
-0.175994
-0.180776
-0.0859835
-0.0917876
-0.0975388
-0.103239
-0.108886
-0.11448
-0.120017
-0.125499
-0.130921
-0.136286
-0.14159
-0.146835
-0.152021
-0.157144
-0.162214
-0.167214
-0.172181
-0.17707
-0.182016
-0.187018
-0.0880968
-0.094163
-0.10017
-0.106121
-0.112014
-0.117848
-0.123621
-0.129333
-0.134982
-0.140571
-0.146094
-0.151557
-0.156954
-0.16229
-0.167568
-0.172778
-0.177951
-0.183048
-0.188203
-0.193426
-0.0903122
-0.0966498
-0.102922
-0.10913
-0.115275
-0.121355
-0.127368
-0.133316
-0.139193
-0.145009
-0.150751
-0.156434
-0.162041
-0.167592
-0.173072
-0.178494
-0.183866
-0.189172
-0.194529
-0.199977
-0.0926288
-0.0992469
-0.105791
-0.112265
-0.118667
-0.124998
-0.131254
-0.137439
-0.143547
-0.14959
-0.15555
-0.161453
-0.167268
-0.173036
-0.178712
-0.184346
-0.189907
-0.195423
-0.20097
-0.206642
-0.0950473
-0.101954
-0.108778
-0.115523
-0.122188
-0.128772
-0.135274
-0.141698
-0.148036
-0.154304
-0.16048
-0.1666
-0.172614
-0.178597
-0.184461
-0.190312
-0.196049
-0.201778
-0.207499
-0.213391
-0.0975676
-0.104771
-0.111882
-0.118903
-0.125833
-0.132674
-0.139422
-0.146084
-0.152652
-0.159143
-0.16553
-0.171861
-0.178067
-0.184256
-0.190288
-0.196353
-0.202243
-0.208195
-0.214068
-0.220185
-0.100189
-0.107696
-0.1151
-0.122402
-0.129601
-0.136699
-0.143694
-0.150594
-0.15739
-0.164099
-0.170698
-0.177235
-0.183631
-0.19002
-0.196208
-0.202479
-0.208481
-0.214656
-0.220633
-0.226987
-0.102911
-0.110728
-0.118429
-0.126016
-0.133486
-0.140842
-0.148084
-0.155218
-0.162238
-0.169161
-0.175967
-0.182702
-0.189291
-0.195875
-0.202226
-0.208705
-0.214802
-0.221208
-0.227215
-0.233818
-0.105733
-0.113865
-0.121867
-0.129738
-0.137479
-0.145091
-0.152573
-0.159931
-0.167164
-0.174282
-0.181275
-0.18818
-0.194938
-0.201681
-0.208188
-0.214854
-0.221061
-0.227731
-0.233744
-0.240666
-0.108661
-0.117112
-0.125413
-0.133568
-0.141574
-0.149431
-0.157142
-0.16471
-0.172135
-0.179426
-0.186577
-0.193613
-0.200498
-0.207334
-0.213948
-0.220716
-0.227011
-0.233926
-0.239956
-0.247362
-0.111686
-0.120471
-0.129086
-0.137532
-0.145812
-0.153925
-0.161873
-0.169662
-0.177293
-0.184772
-0.192099
-0.199288
-0.206323
-0.213261
-0.219989
-0.226805
-0.233165
-0.240216
-0.246183
-0.254149
-0.114782
-0.123926
-0.132892
-0.141674
-0.150271
-0.158685
-0.166921
-0.174983
-0.182879
-0.190613
-0.198191
-0.205619
-0.212896
-0.22004
-0.226996
-0.233921
-0.240436
-0.247474
-0.253382
-0.261636
-0.117973
-0.127431
-0.136708
-0.145787
-0.154656
-0.163317
-0.171776
-0.180042
-0.188122
-0.196026
-0.203763
-0.21134
-0.218768
-0.226048
-0.233172
-0.240173
-0.246885
-0.253728
-0.259737
-0.267662
-0.127154
-0.136756
-0.14576
-0.153921
-0.161022
-0.166887
-0.171358
-0.174296
-0.175569
-0.175085
-0.172799
-0.168732
-0.162937
-0.155533
-0.146668
-0.136574
-0.125476
-0.113685
-0.101454
-0.089103
-0.0768601
-0.0650032
-0.053713
-0.0432299
-0.0337188
-0.0253693
-0.0181271
-0.0120201
-0.00673817
-0.00218956
-0.127887
-0.137536
-0.14655
-0.154695
-0.161768
-0.167601
-0.172035
-0.174926
-0.176139
-0.17559
-0.173236
-0.1691
-0.163236
-0.155764
-0.146835
-0.136681
-0.125532
-0.113698
-0.101432
-0.089055
-0.0767942
-0.0649244
-0.0536263
-0.0431398
-0.0336311
-0.0252875
-0.0180587
-0.0119667
-0.00670573
-0.00217798
-0.129226
-0.138986
-0.148018
-0.156132
-0.163155
-0.168932
-0.173298
-0.176099
-0.177202
-0.17653
-0.17405
-0.169785
-0.163792
-0.156194
-0.147145
-0.136881
-0.125636
-0.11372
-0.101391
-0.0889649
-0.0766712
-0.0647773
-0.053465
-0.0429715
-0.0334673
-0.0251346
-0.0179311
-0.0118667
-0.00664511
-0.00215548
-0.131144
-0.141048
-0.150097
-0.15816
-0.165113
-0.170811
-0.175077
-0.177748
-0.178693
-0.177848
-0.175189
-0.170744
-0.164569
-0.156793
-0.147576
-0.137159
-0.125779
-0.113748
-0.101331
-0.0888373
-0.0764981
-0.064571
-0.0532392
-0.0427351
-0.0332376
-0.02492
-0.0177523
-0.0117263
-0.0065601
-0.00212339
-0.133576
-0.143655
-0.15271
-0.160704
-0.16757
-0.173168
-0.177305
-0.179807
-0.180551
-0.179489
-0.176608
-0.171936
-0.165534
-0.157536
-0.14811
-0.1375
-0.125952
-0.11378
-0.101253
-0.088676
-0.0762813
-0.0643134
-0.0529573
-0.0424398
-0.0329508
-0.024652
-0.0175294
-0.0115509
-0.0064541
-0.00208271
-0.136492
-0.146762
-0.155803
-0.163708
-0.170471
-0.175949
-0.179927
-0.182222
-0.182726
-0.181409
-0.178265
-0.173326
-0.166658
-0.158399
-0.148727
-0.137892
-0.126148
-0.113811
-0.101157
-0.0884844
-0.0760261
-0.0640112
-0.0526272
-0.0420935
-0.0326148
-0.024338
-0.0172686
-0.0113452
-0.00633014
-0.00203426
-0.139859
-0.150323
-0.159323
-0.167119
-0.173764
-0.179101
-0.182889
-0.184942
-0.185171
-0.183565
-0.180125
-0.174883
-0.167914
-0.159361
-0.149413
-0.138324
-0.12636
-0.113839
-0.101044
-0.088265
-0.0757374
-0.0636706
-0.0522559
-0.0417035
-0.0322367
-0.0239843
-0.0169754
-0.0111134
-0.00619089
-0.00197875
-0.143652
-0.154302
-0.163226
-0.170892
-0.177405
-0.182579
-0.186144
-0.187921
-0.187845
-0.185922
-0.182155
-0.176579
-0.169278
-0.160403
-0.150153
-0.138786
-0.126583
-0.113861
-0.100914
-0.0880206
-0.0754196
-0.0632971
-0.0518493
-0.041276
-0.0318226
-0.0235967
-0.0166547
-0.0108593
-0.00603875
-0.00191682
-0.147848
-0.158663
-0.167472
-0.174988
-0.181352
-0.186339
-0.189651
-0.191119
-0.190711
-0.188444
-0.184324
-0.178389
-0.170731
-0.16151
-0.150934
-0.13927
-0.12681
-0.113874
-0.100766
-0.0877532
-0.0750764
-0.0628956
-0.0514131
-0.0408168
-0.031378
-0.0231803
-0.016311
-0.0105862
-0.00587584
-0.00184903
-0.152426
-0.163372
-0.172023
-0.179367
-0.185567
-0.190343
-0.193368
-0.1945
-0.193737
-0.191104
-0.186607
-0.180289
-0.172253
-0.162665
-0.151745
-0.139766
-0.127036
-0.113876
-0.100601
-0.0874651
-0.0747116
-0.0624705
-0.0509521
-0.040331
-0.0309081
-0.02274
-0.0159482
-0.0102973
-0.00570406
-0.00177589
-0.157364
-0.168396
-0.176843
-0.183996
-0.190016
-0.194552
-0.197259
-0.19803
-0.196892
-0.193873
-0.188979
-0.18226
-0.173828
-0.163857
-0.152577
-0.140269
-0.127258
-0.113866
-0.10042
-0.0871583
-0.0743284
-0.062026
-0.0504709
-0.0398232
-0.0304171
-0.0222797
-0.0155697
-0.00999539
-0.00552508
-0.00169789
-0.162643
-0.173702
-0.181898
-0.188842
-0.194665
-0.198931
-0.201291
-0.201679
-0.20015
-0.196728
-0.191421
-0.184285
-0.175442
-0.165073
-0.15342
-0.140773
-0.127473
-0.113843
-0.100223
-0.0868347
-0.0739299
-0.0615656
-0.0499733
-0.0392976
-0.0299093
-0.0218034
-0.0151787
-0.00968291
-0.00534041
-0.0016155
-0.168241
-0.179257
-0.187157
-0.193874
-0.199481
-0.203448
-0.205432
-0.205421
-0.203486
-0.199646
-0.193911
-0.186347
-0.177081
-0.166304
-0.154268
-0.141273
-0.127677
-0.113804
-0.10001
-0.0864962
-0.0735189
-0.0610928
-0.0494632
-0.0387579
-0.029388
-0.0213144
-0.014778
-0.00936222
-0.00515137
-0.00152917
-0.174134
-0.185027
-0.192588
-0.199063
-0.204434
-0.20807
-0.209656
-0.209231
-0.206878
-0.202609
-0.196435
-0.188432
-0.178734
-0.16754
-0.155113
-0.141764
-0.127868
-0.113751
-0.099782
-0.0861445
-0.073098
-0.0606107
-0.0489437
-0.0382076
-0.0288567
-0.0208158
-0.0143702
-0.00903542
-0.00495915
-0.00143935
-0.180297
-0.190976
-0.198162
-0.204383
-0.209495
-0.212769
-0.213936
-0.213088
-0.210306
-0.205598
-0.198977
-0.190529
-0.180392
-0.168776
-0.155951
-0.142243
-0.128044
-0.113682
-0.0995404
-0.0857815
-0.0726696
-0.0601221
-0.0484178
-0.0376496
-0.0283183
-0.0203105
-0.0139575
-0.00870443
-0.00476479
-0.00134649
-0.186705
-0.197071
-0.203852
-0.209807
-0.214635
-0.217518
-0.218252
-0.216971
-0.213753
-0.208597
-0.201524
-0.192626
-0.182046
-0.170003
-0.156777
-0.142708
-0.128204
-0.113597
-0.0992856
-0.085409
-0.0722359
-0.0596295
-0.0478883
-0.037087
-0.0277753
-0.019801
-0.0135421
-0.00837101
-0.00456924
-0.00125106
-0.193328
-0.203279
-0.209631
-0.215313
-0.219827
-0.222293
-0.222582
-0.220863
-0.217201
-0.211594
-0.204065
-0.194715
-0.183689
-0.171217
-0.157587
-0.143156
-0.128346
-0.113497
-0.0990188
-0.0850285
-0.0717989
-0.0591353
-0.0473574
-0.0365221
-0.0272303
-0.0192896
-0.0131257
-0.00803678
-0.00437337
-0.00115351
-0.200135
-0.209566
-0.215475
-0.220876
-0.225046
-0.227072
-0.226911
-0.224746
-0.220638
-0.214576
-0.206589
-0.196787
-0.185313
-0.172413
-0.158378
-0.143585
-0.128472
-0.113382
-0.0987409
-0.0846418
-0.0713607
-0.0586418
-0.0468275
-0.0359573
-0.0266854
-0.0187784
-0.0127102
-0.00770323
-0.00417796
-0.00105433
-0.207088
-0.215901
-0.221363
-0.226473
-0.230269
-0.231836
-0.23122
-0.228608
-0.224049
-0.217531
-0.209088
-0.198835
-0.186914
-0.173586
-0.159147
-0.143995
-0.128579
-0.113253
-0.0984533
-0.0842506
-0.070923
-0.0581509
-0.0463007
-0.0353948
-0.0261427
-0.0182696
-0.0122972
-0.00737173
-0.00398372
-0.000954018
-0.214148
-0.222253
-0.227273
-0.232079
-0.235472
-0.236566
-0.235495
-0.232431
-0.227422
-0.220449
-0.211552
-0.200851
-0.188486
-0.174734
-0.159892
-0.144384
-0.128669
-0.113111
-0.0981572
-0.0838565
-0.0704875
-0.0576645
-0.0457787
-0.0348367
-0.0256042
-0.0177649
-0.0118881
-0.00704357
-0.00379134
-0.000853071
-0.221269
-0.228593
-0.233182
-0.23767
-0.240635
-0.241247
-0.23972
-0.236204
-0.230745
-0.223321
-0.213973
-0.202829
-0.190023
-0.175852
-0.16061
-0.144751
-0.12874
-0.112956
-0.0978539
-0.083461
-0.0700558
-0.0571843
-0.0452635
-0.0342848
-0.0250717
-0.0172662
-0.0114843
-0.00671994
-0.00360146
-0.000751984
-0.228409
-0.234894
-0.23907
-0.243221
-0.245737
-0.245862
-0.243881
-0.23991
-0.234006
-0.226134
-0.216343
-0.204761
-0.191521
-0.176936
-0.1613
-0.145095
-0.128795
-0.11279
-0.0975448
-0.0830658
-0.0696295
-0.0567119
-0.0447564
-0.0337409
-0.0245469
-0.0167751
-0.0110872
-0.00640197
-0.00341468
-0.00065125
-0.23552
-0.241131
-0.244916
-0.24871
-0.250759
-0.250395
-0.247962
-0.243538
-0.237191
-0.228878
-0.218651
-0.20664
-0.192974
-0.177984
-0.16196
-0.145417
-0.128832
-0.112613
-0.0972315
-0.0826725
-0.0692098
-0.0562488
-0.0442592
-0.0332066
-0.0240314
-0.0162931
-0.0106979
-0.00609069
-0.00323158
-0.000551354
-0.242555
-0.247279
-0.250701
-0.25411
-0.255681
-0.254826
-0.251944
-0.247066
-0.240285
-0.23154
-0.220887
-0.208458
-0.194375
-0.17899
-0.162587
-0.145715
-0.128854
-0.112428
-0.0969155
-0.0822826
-0.0687981
-0.0557962
-0.0437731
-0.0326836
-0.0235268
-0.0158218
-0.0103178
-0.00578706
-0.00305268
-0.000452765
-0.249464
-0.253317
-0.256401
-0.259396
-0.26048
-0.259134
-0.255803
-0.250477
-0.243272
-0.234104
-0.223039
-0.210204
-0.195718
-0.179951
-0.16318
-0.14599
-0.12886
-0.112236
-0.0965983
-0.0818976
-0.0683954
-0.0553552
-0.0432993
-0.0321733
-0.0230344
-0.0153625
-0.00994779
-0.00549195
-0.00287849
-0.000355931
-0.256193
-0.259216
-0.261986
-0.264531
-0.265125
-0.263293
-0.259515
-0.253746
-0.246132
-0.236554
-0.225093
-0.211868
-0.196995
-0.180861
-0.163736
-0.14624
-0.128851
-0.112038
-0.0962812
-0.0815185
-0.0680025
-0.0549266
-0.0428387
-0.0316768
-0.0225555
-0.0149164
-0.00958885
-0.00520614
-0.00270946
-0.000261273
-0.26267
-0.264947
-0.267421
-0.269474
-0.269576
-0.267261
-0.263058
-0.25685
-0.24884
-0.238871
-0.227034
-0.21344
-0.1982
-0.181717
-0.164253
-0.146464
-0.128829
-0.111835
-0.095966
-0.0811469
-0.0676206
-0.0545115
-0.0423925
-0.0311957
-0.0220916
-0.0144848
-0.00924198
-0.00493037
-0.00254602
-0.000169186
-0.268849
-0.270486
-0.272681
-0.274199
-0.273809
-0.270988
-0.266427
-0.259759
-0.25138
-0.241045
-0.228858
-0.214918
-0.199334
-0.182522
-0.164737
-0.146671
-0.128799
-0.111634
-0.0956587
-0.0807881
-0.0672538
-0.0541136
-0.0419639
-0.0307325
-0.0216445
-0.0140692
-0.0089082
-0.00466533
-0.0023886
-8.00169e-05
-0.27478
-0.275804
-0.277748
-0.278705
-0.277841
-0.274518
-0.26925
-0.26245
-0.253766
-0.243092
-0.230582
-0.21632
-0.200412
-0.183291
-0.1652
-0.14687
-0.128771
-0.111441
-0.0953636
-0.0804445
-0.0669036
-0.0537335
-0.041553
-0.0302871
-0.0212142
-0.0136694
-0.00858733
-0.00441098
-0.00223728
6.02424e-06
-0.280439
-0.280672
-0.282418
-0.282862
-0.281642
-0.278038
-0.272926
-0.265147
-0.256027
-0.244993
-0.232156
-0.217578
-0.20136
-0.183945
-0.165566
-0.146988
-0.128679
-0.111199
-0.0950294
-0.0800714
-0.0665299
-0.0533371
-0.0411325
-0.0298403
-0.020788
-0.0132787
-0.00827566
-0.00416596
-0.0020912
8.87515e-05
-0.285615
-0.284407
-0.285939
-0.285756
-0.284041
-0.279829
-0.27389
-0.266459
-0.257192
-0.245945
-0.232903
-0.218114
-0.201686
-0.184068
-0.165493
-0.146751
-0.128307
-0.110738
-0.0945245
-0.0795612
-0.0660402
-0.0528448
-0.0406384
-0.0293423
-0.0203272
-0.0128664
-0.00794818
-0.00391061
-0.00193656
0.000175721
-0.289581
-0.28919
-0.290679
-0.28966
-0.287259
-0.282362
-0.276147
-0.267804
-0.257989
-0.246281
-0.232863
-0.217737
-0.201024
-0.183178
-0.164425
-0.145583
-0.127096
-0.109559
-0.093426
-0.0785758
-0.0651696
-0.0520356
-0.0398849
-0.0286422
-0.0197228
-0.0123575
-0.00756289
-0.0036204
-0.00176548
0.000271544
-0.293802
-0.293176
-0.294164
-0.292235
-0.289223
-0.28372
-0.277061
-0.268592
-0.258539
-0.246546
-0.232871
-0.21749
-0.200544
-0.18249
-0.163558
-0.144604
-0.126049
-0.108514
-0.0924263
-0.0776606
-0.0643419
-0.0512525
-0.039143
-0.0279462
-0.0191168
-0.0118464
-0.00717542
-0.00332943
-0.00159455
0.000367918
-0.297854
-0.296889
-0.297511
-0.294797
-0.291341
-0.2854
-0.278388
-0.269394
-0.25899
-0.246683
-0.232754
-0.217132
-0.199975
-0.181743
-0.162659
-0.143616
-0.125011
-0.10749
-0.0914554
-0.0767762
-0.063543
-0.0504951
-0.0384244
-0.0272711
-0.0185286
-0.01135
-0.00679861
-0.00304617
-0.00142751
0.000463023
-0.30169
-0.300064
-0.300271
-0.296738
-0.292801
-0.286284
-0.279114
-0.269849
-0.259228
-0.246679
-0.232544
-0.216716
-0.199376
-0.180983
-0.161763
-0.142642
-0.123994
-0.106489
-0.0905059
-0.0759111
-0.0627587
-0.0497498
-0.0377169
-0.0266079
-0.0179526
-0.0108659
-0.00643197
-0.00277124
-0.00126513
0.000556092
-0.305368
-0.302609
-0.302518
-0.298281
-0.294073
-0.287248
-0.279755
-0.270155
-0.259315
-0.246543
-0.232232
-0.216226
-0.198733
-0.180204
-0.16087
-0.141688
-0.123005
-0.105521
-0.0895885
-0.0750742
-0.0619956
-0.0490222
-0.0370255
-0.0259613
-0.0173922
-0.0103965
-0.00607714
-0.00250592
-0.00110815
0.000646453
-0.308755
-0.304563
-0.304236
-0.299352
-0.29488
-0.287697
-0.280045
-0.270222
-0.259227
-0.246276
-0.231823
-0.21567
-0.198049
-0.179409
-0.159985
-0.140757
-0.122049
-0.104591
-0.0887065
-0.074268
-0.061256
-0.0483153
-0.0363537
-0.0253355
-0.0168513
-0.00994551
-0.00573675
-0.00225214
-0.00095758
0.000733312
-0.311928
-0.305854
-0.305496
-0.300032
-0.29542
-0.287994
-0.280168
-0.270126
-0.259
-0.245895
-0.231328
-0.215054
-0.197332
-0.178605
-0.159111
-0.139853
-0.121131
-0.103702
-0.0878643
-0.073496
-0.0605423
-0.0476315
-0.0357049
-0.0247342
-0.0163336
-0.00951626
-0.00541323
-0.00201179
-0.000814422
0.000815849
-0.314659
-0.306543
-0.306355
-0.300397
-0.295708
-0.288003
-0.280074
-0.269868
-0.258645
-0.245415
-0.230761
-0.214388
-0.19659
-0.177799
-0.158256
-0.138983
-0.120256
-0.10286
-0.0870665
-0.0727616
-0.0598574
-0.0469738
-0.0350823
-0.0241612
-0.0158426
-0.00911184
-0.00510886
-0.0017866
-0.000679613
0.000893276
-0.316546
-0.306829
-0.306911
-0.300466
-0.295765
-0.287851
-0.279844
-0.269491
-0.258195
-0.244857
-0.230137
-0.213687
-0.195835
-0.176999
-0.157426
-0.138151
-0.119429
-0.102069
-0.0863176
-0.0720685
-0.0592045
-0.0463457
-0.0344896
-0.0236203
-0.0153816
-0.00873513
-0.00482569
-0.00157811
-0.000553994
0.00096488
-0.317567
-0.30686
-0.307197
-0.300329
-0.29567
-0.28754
-0.279497
-0.269017
-0.257672
-0.244245
-0.229477
-0.212967
-0.195078
-0.176215
-0.156629
-0.137365
-0.118656
-0.101335
-0.0856219
-0.0714203
-0.0585869
-0.0457504
-0.0339306
-0.0231152
-0.0149537
-0.00838868
-0.00456553
-0.00138763
-0.000438298
0.00103005
-0.317906
-0.306742
-0.307256
-0.300046
-0.295437
-0.287134
-0.279075
-0.268483
-0.257104
-0.243602
-0.228799
-0.212245
-0.194335
-0.175458
-0.155874
-0.13663
-0.117942
-0.100661
-0.0849833
-0.0708207
-0.0580085
-0.0451919
-0.0334088
-0.0226492
-0.0145617
-0.00807456
-0.00432981
-0.00121617
-0.000333129
0.00108834
-0.317854
-0.306477
-0.307173
-0.299648
-0.295131
-0.286662
-0.2786
-0.26792
-0.256512
-0.242954
-0.228126
-0.211538
-0.193619
-0.17474
-0.15517
-0.135953
-0.117292
-0.100051
-0.0844055
-0.0702732
-0.0574736
-0.0446745
-0.0329283
-0.0222253
-0.0142079
-0.00779432
-0.0041196
-0.00106439
-0.000238962
0.00113944
-0.317435
-0.306163
-0.306933
-0.299209
-0.294762
-0.286156
-0.278123
-0.267345
-0.255933
-0.242316
-0.227474
-0.210865
-0.192946
-0.174074
-0.154524
-0.13534
-0.116711
-0.0995097
-0.0838917
-0.0697816
-0.0569868
-0.0442027
-0.0324932
-0.0218464
-0.0138942
-0.00754898
-0.00393559
-0.000932621
-0.000156146
0.00118326
-0.316731
-0.305891
-0.306567
-0.2988
-0.294339
-0.28569
-0.277616
-0.266815
-0.255368
-0.241728
-0.226872
-0.210243
-0.192327
-0.17347
-0.153948
-0.134799
-0.116202
-0.099039
-0.083445
-0.0693498
-0.0565535
-0.043782
-0.0321077
-0.0215152
-0.0136222
-0.00733909
-0.00377813
-0.000820871
-8.49225e-05
0.00121988
-0.316009
-0.3055
-0.30622
-0.298362
-0.293942
-0.285229
-0.277169
-0.266318
-0.25486
-0.241192
-0.226324
-0.209693
-0.191788
-0.172943
-0.153448
-0.134334
-0.11577
-0.098642
-0.083068
-0.0689815
-0.0561793
-0.043418
-0.0317763
-0.0212342
-0.0133933
-0.00716479
-0.00364731
-0.000728882
-2.54457e-05
0.00124954
-0.315298
-0.305123
-0.305889
-0.297977
-0.29359
-0.284835
-0.276771
-0.265894
-0.254424
-0.240738
-0.225864
-0.209226
-0.19133
-0.172503
-0.153038
-0.133952
-0.115419
-0.0983211
-0.082763
-0.0686807
-0.0558702
-0.0431168
-0.0315037
-0.0210057
-0.0132086
-0.00702592
-0.00354304
-0.000656218
2.21931e-05
0.00127257
-0.314681
-0.304778
-0.305616
-0.29765
-0.293307
-0.284513
-0.276456
-0.265556
-0.25408
-0.24038
-0.225501
-0.208862
-0.190975
-0.172161
-0.15272
-0.133662
-0.115152
-0.0980784
-0.0825322
-0.0684511
-0.0556321
-0.0428843
-0.0312944
-0.020832
-0.0130691
-0.0069222
-0.0034651
-0.000602355
5.79446e-05
0.00128937
-0.314229
-0.304523
-0.305422
-0.297418
-0.293106
-0.284289
-0.276236
-0.265321
-0.253841
-0.240133
-0.225251
-0.208611
-0.190732
-0.171927
-0.152504
-0.133463
-0.114974
-0.0979156
-0.0823774
-0.0682961
-0.0554701
-0.0427259
-0.0311522
-0.020715
-0.0129756
-0.00685329
-0.0034133
-0.000566787
8.17845e-05
0.00130033
-0.313988
-0.304385
-0.305321
-0.297297
-0.293003
-0.284173
-0.276123
-0.265201
-0.25372
-0.240006
-0.225124
-0.208483
-0.190608
-0.171808
-0.152395
-0.133363
-0.114883
-0.097834
-0.0822998
-0.068218
-0.0553881
-0.0426456
-0.0310803
-0.020656
-0.0129287
-0.00681891
-0.00338746
-0.000549119
9.37018e-05
0.00130573
)
;

boundaryField
{
    inlet
    {
        type            zeroGradient;
    }
    outlet
    {
        type            fixedValue;
        value           uniform 0;
    }
    cylinder
    {
        type            zeroGradient;
    }
    top
    {
        type            symmetryPlane;
    }
    bottom
    {
        type            symmetryPlane;
    }
    defaultFaces
    {
        type            empty;
    }
}


// ************************************************************************* //
