/*--------------------------------*- C++ -*----------------------------------*\
  =========                 |
  \\      /  F ield         | OpenFOAM: The Open Source CFD Toolbox
   \\    /   O peration     | Website:  https://openfoam.org
    \\  /    A nd           | Version:  9
     \\/     M anipulation  |
\*---------------------------------------------------------------------------*/
FoamFile
{
    format      ascii;
    class       volScalarField;
    location    "37.2";
    object      p;
}
// * * * * * * * * * * * * * * * * * * * * * * * * * * * * * * * * * * * * * //

dimensions      [0 2 -2 0 0 0 0];

internalField   nonuniform List<scalar> 
8500
(
-0.296141
-0.300356
-0.301194
-0.302943
-0.305031
-0.30528
-0.30904
-0.305417
-0.311598
-0.304285
-0.296406
-0.30056
-0.301391
-0.30311
-0.30523
-0.305375
-0.309337
-0.305352
-0.312012
-0.304172
-0.296929
-0.300962
-0.301779
-0.303434
-0.305619
-0.305552
-0.309923
-0.305207
-0.312834
-0.303944
-0.297697
-0.301552
-0.302345
-0.303901
-0.306182
-0.305793
-0.310778
-0.30495
-0.314053
-0.303598
-0.298691
-0.302313
-0.30307
-0.304488
-0.306892
-0.306071
-0.311866
-0.304546
-0.315645
-0.303129
-0.299889
-0.303228
-0.303932
-0.30517
-0.307715
-0.30636
-0.313135
-0.30396
-0.317569
-0.30252
-0.301264
-0.304276
-0.304904
-0.305917
-0.308608
-0.306636
-0.314507
-0.30316
-0.31977
-0.301711
-0.302791
-0.305434
-0.30596
-0.3067
-0.309518
-0.306886
-0.315889
-0.302137
-0.322155
-0.300692
-0.304442
-0.306681
-0.307069
-0.307494
-0.310388
-0.307107
-0.317163
-0.300963
-0.324283
-0.299673
-0.306195
-0.307999
-0.308205
-0.308277
-0.311162
-0.307313
-0.318112
-0.299867
-0.326081
-0.298278
-0.30803
-0.309372
-0.309342
-0.309034
-0.31178
-0.307591
-0.318602
-0.298745
-0.327507
-0.296662
-0.309934
-0.310787
-0.310462
-0.309757
-0.31214
-0.307986
-0.318648
-0.297667
-0.328151
-0.295303
-0.311902
-0.312241
-0.311553
-0.310462
-0.312265
-0.308369
-0.318248
-0.296956
-0.327468
-0.294758
-0.313937
-0.313732
-0.312607
-0.311128
-0.312209
-0.308687
-0.317335
-0.296772
-0.325063
-0.295051
-0.31605
-0.315267
-0.313637
-0.311736
-0.312019
-0.308921
-0.315974
-0.297037
-0.320921
-0.295378
-0.318267
-0.316853
-0.314679
-0.31229
-0.311748
-0.308876
-0.314289
-0.297383
-0.31554
-0.294644
-0.320622
-0.318513
-0.315763
-0.312822
-0.311469
-0.308516
-0.312368
-0.297422
-0.309563
-0.292328
-0.323155
-0.320277
-0.316923
-0.313372
-0.311244
-0.307859
-0.310179
-0.296961
-0.303248
-0.288447
-0.325916
-0.32218
-0.318203
-0.313977
-0.311077
-0.307018
-0.307632
-0.295925
-0.296524
-0.28342
-0.32896
-0.324263
-0.319654
-0.314661
-0.31093
-0.306112
-0.304704
-0.294176
-0.289434
-0.278029
-0.332342
-0.326576
-0.321326
-0.315426
-0.310776
-0.305181
-0.301469
-0.291485
-0.282599
-0.27276
-0.336107
-0.329187
-0.323259
-0.316257
-0.310647
-0.304162
-0.298011
-0.2878
-0.276462
-0.266229
-0.34033
-0.33215
-0.325458
-0.317162
-0.3106
-0.302936
-0.294359
-0.283388
-0.270302
-0.259479
-0.345073
-0.335526
-0.327885
-0.318224
-0.310631
-0.301394
-0.290515
-0.278384
-0.264141
-0.252686
-0.350399
-0.339371
-0.33049
-0.319574
-0.310648
-0.299479
-0.28643
-0.272988
-0.257866
-0.245802
-0.356377
-0.343694
-0.333275
-0.321286
-0.310532
-0.297162
-0.282085
-0.267294
-0.251453
-0.238896
-0.363078
-0.348447
-0.336355
-0.323283
-0.310181
-0.29444
-0.277462
-0.261363
-0.244903
-0.231899
-0.370575
-0.353534
-0.339931
-0.325363
-0.309517
-0.291317
-0.272552
-0.255219
-0.238202
-0.22481
-0.378909
-0.358849
-0.34419
-0.32731
-0.30847
-0.287796
-0.267348
-0.248863
-0.231346
-0.21759
-0.388056
-0.364334
-0.349172
-0.328971
-0.306972
-0.283872
-0.261838
-0.242285
-0.224316
-0.210218
-0.397898
-0.37
-0.354697
-0.330248
-0.304959
-0.279526
-0.256005
-0.235468
-0.217095
-0.202668
-0.408211
-0.375925
-0.360379
-0.331065
-0.302378
-0.274728
-0.249826
-0.228389
-0.209657
-0.194918
-0.418662
-0.382206
-0.36573
-0.331331
-0.299185
-0.269442
-0.243273
-0.221025
-0.201981
-0.186947
-0.428935
-0.388905
-0.370289
-0.330934
-0.29534
-0.263632
-0.236314
-0.213348
-0.194044
-0.178737
-0.438723
-0.395988
-0.373706
-0.329741
-0.290803
-0.257261
-0.228917
-0.205329
-0.185825
-0.170269
-0.447771
-0.403282
-0.375759
-0.327615
-0.285527
-0.250298
-0.221048
-0.19694
-0.177302
-0.161528
-0.455875
-0.410462
-0.376345
-0.324431
-0.279461
-0.242709
-0.212678
-0.188157
-0.168455
-0.152499
-0.462877
-0.417072
-0.375451
-0.320089
-0.272552
-0.23446
-0.203778
-0.178957
-0.159266
-0.143177
-0.468647
-0.422586
-0.373103
-0.31452
-0.264745
-0.225518
-0.194323
-0.169319
-0.14972
-0.133571
-0.473078
-0.426528
-0.369284
-0.307676
-0.255993
-0.21585
-0.18429
-0.159225
-0.139804
-0.123706
-0.476069
-0.428563
-0.363871
-0.299512
-0.246253
-0.205426
-0.173661
-0.148658
-0.129508
-0.1136
-0.477512
-0.428411
-0.356772
-0.289985
-0.235491
-0.194222
-0.162419
-0.137604
-0.118823
-0.103228
-0.477278
-0.425872
-0.347927
-0.279054
-0.223677
-0.18222
-0.150551
-0.126052
-0.107759
-0.092532
-0.475208
-0.42081
-0.33729
-0.266697
-0.210793
-0.169403
-0.138044
-0.11399
-0.0963573
-0.08143
-0.471117
-0.413135
-0.32481
-0.252913
-0.196826
-0.155759
-0.124886
-0.101422
-0.0846653
-0.0699002
-0.464797
-0.402787
-0.31045
-0.237705
-0.181763
-0.141282
-0.111085
-0.0883862
-0.0726579
-0.0580761
-0.456031
-0.389732
-0.294189
-0.221074
-0.165587
-0.125996
-0.0966789
-0.0749644
-0.0602225
-0.0460483
-0.444609
-0.373954
-0.276019
-0.203016
-0.148308
-0.109963
-0.0817326
-0.061134
-0.0473679
-0.0338226
-0.430338
-0.35545
-0.255934
-0.183553
-0.130011
-0.0932416
-0.0662037
-0.0469048
-0.0341404
-0.0214058
-0.413057
-0.33424
-0.233923
-0.162771
-0.110847
-0.0757333
-0.0501332
-0.0322905
-0.0205876
-0.00881123
-0.392649
-0.310382
-0.209985
-0.140823
-0.0907558
-0.0574935
-0.0335612
-0.0173154
-0.00675269
0.0039343
-0.369047
-0.284003
-0.184205
-0.117681
-0.0697823
-0.0385817
-0.0165313
-0.00201212
0.00732324
0.0167942
-0.34224
-0.255271
-0.156772
-0.0932615
-0.0479849
-0.019064
0.000908735
0.0135797
0.0216003
0.0297241
-0.312274
-0.224215
-0.127821
-0.0676804
-0.0254307
0.000989329
0.0187045
0.029416
0.0360419
0.0426796
-0.27927
-0.190577
-0.0977455
-0.0410817
-0.00219425
0.0215034
0.0367956
0.0454515
0.0506169
0.0556169
-0.243404
-0.154662
-0.0664941
-0.0136153
0.021638
0.0423981
0.055117
0.0616447
0.0652931
0.0684656
-0.204776
-0.116877
-0.0341196
0.0145725
0.045966
0.0635886
0.0736036
0.0779617
0.080015
0.0810521
-0.163352
-0.0778537
-0.000751686
0.0433391
0.0706787
0.084985
0.0921933
0.094369
0.0946701
0.09304
-0.119618
-0.0377528
0.03343
0.0725418
0.0956566
0.106494
0.110825
0.110807
0.109084
0.10414
-0.0739313
0.003235
0.0682213
0.102031
0.120774
0.128021
0.129431
0.127166
0.123093
0.114671
-0.0266727
0.0448724
0.103403
0.131651
0.1459
0.149469
0.147927
0.143304
0.136645
0.125949
0.0217559
0.0868958
0.138745
0.161237
0.170902
0.170736
0.166216
0.159112
0.149943
0.137757
0.0709356
0.129024
0.174013
0.19062
0.195642
0.191717
0.184202
0.174556
0.163034
0.149608
0.120435
0.170964
0.20897
0.219625
0.219984
0.212304
0.20179
0.189591
0.175865
0.161324
0.169817
0.212417
0.243379
0.248076
0.24379
0.232386
0.218893
0.204168
0.188362
0.172725
0.218642
0.253082
0.277002
0.275797
0.26692
0.251853
0.235423
0.218232
0.200459
0.183715
0.266472
0.292661
0.309608
0.302612
0.289239
0.270596
0.251297
0.231719
0.212088
0.194212
0.312879
0.33086
0.34097
0.32835
0.310613
0.288509
0.266433
0.244567
0.223185
0.20416
0.357441
0.367401
0.37087
0.352842
0.33091
0.305489
0.280752
0.256712
0.23369
0.213508
0.399749
0.402023
0.399099
0.375927
0.350006
0.321436
0.294177
0.268093
0.243545
0.222213
0.439429
0.434468
0.425458
0.397449
0.36778
0.336258
0.306636
0.27865
0.252696
0.230238
0.476181
0.46445
0.44976
0.417264
0.384121
0.349865
0.31806
0.288329
0.26109
0.237547
0.509708
0.49171
0.471827
0.435235
0.398925
0.362177
0.328385
0.297077
0.268681
0.244111
0.539721
0.516033
0.491501
0.451239
0.412096
0.373119
0.337552
0.304845
0.275424
0.249904
0.565955
0.537233
0.508637
0.465167
0.42355
0.382626
0.345511
0.311589
0.28128
0.254903
0.58818
0.55515
0.523112
0.476923
0.433211
0.390639
0.352216
0.317271
0.286214
0.259092
0.6062
0.569647
0.53482
0.486426
0.441017
0.397109
0.357627
0.321857
0.290198
0.262456
0.619856
0.580617
0.543677
0.493611
0.446916
0.401996
0.361713
0.32532
0.293206
0.264985
0.629027
0.587976
0.549617
0.498429
0.450871
0.405272
0.364451
0.327641
0.295222
0.266674
0.633633
0.591669
0.552598
0.500846
0.452855
0.406914
0.365824
0.328805
0.296234
0.267519
0.633633
0.591669
0.552598
0.500846
0.452855
0.406914
0.365824
0.328805
0.296234
0.267519
0.629027
0.587976
0.549617
0.498429
0.450871
0.405272
0.364451
0.327641
0.295222
0.266674
0.619856
0.580617
0.543677
0.493611
0.446916
0.401996
0.361713
0.32532
0.293206
0.264985
0.6062
0.569647
0.53482
0.486426
0.441017
0.397109
0.357627
0.321857
0.290198
0.262456
0.58818
0.55515
0.523112
0.476923
0.433211
0.390639
0.352216
0.317271
0.286214
0.259092
0.565955
0.537233
0.508637
0.465167
0.42355
0.382626
0.345511
0.311589
0.28128
0.254903
0.539721
0.516033
0.491501
0.45124
0.412096
0.373119
0.337552
0.304845
0.275424
0.249904
0.509708
0.49171
0.471827
0.435235
0.398925
0.362177
0.328385
0.297077
0.268681
0.244111
0.476181
0.46445
0.44976
0.417264
0.384122
0.349865
0.31806
0.288329
0.26109
0.237547
0.439429
0.434468
0.425458
0.397449
0.36778
0.336258
0.306636
0.27865
0.252696
0.230238
0.399749
0.402023
0.399099
0.375927
0.350006
0.321437
0.294178
0.268093
0.243545
0.222213
0.357441
0.367401
0.37087
0.352842
0.33091
0.305489
0.280752
0.256712
0.233691
0.213508
0.312879
0.33086
0.34097
0.32835
0.310613
0.288509
0.266433
0.244567
0.223186
0.20416
0.266472
0.292661
0.309608
0.302613
0.289239
0.270596
0.251297
0.231719
0.212088
0.194212
0.218642
0.253082
0.277002
0.275797
0.266921
0.251853
0.235423
0.218232
0.20046
0.183715
0.169818
0.212417
0.243379
0.248076
0.24379
0.232386
0.218893
0.204168
0.188362
0.172725
0.120436
0.170964
0.208971
0.219625
0.219985
0.212304
0.20179
0.189591
0.175865
0.161325
0.0709357
0.129024
0.174013
0.19062
0.195642
0.191717
0.184202
0.174556
0.163034
0.149608
0.0217561
0.086896
0.138745
0.161237
0.170902
0.170736
0.166216
0.159112
0.149943
0.137758
-0.0266725
0.0448726
0.103403
0.131651
0.1459
0.149469
0.147927
0.143305
0.136645
0.12595
-0.0739311
0.00323518
0.0682215
0.102031
0.120774
0.128022
0.129431
0.127166
0.123093
0.114672
-0.119617
-0.0377526
0.0334302
0.0725419
0.0956568
0.106495
0.110825
0.110807
0.109084
0.10414
-0.163352
-0.0778535
-0.000751504
0.0433393
0.0706788
0.0849851
0.0921934
0.0943691
0.0946702
0.0930402
-0.204776
-0.116876
-0.0341194
0.0145726
0.0459662
0.0635887
0.0736038
0.0779618
0.0800151
0.0810522
-0.243404
-0.154661
-0.0664939
-0.0136152
0.0216382
0.0423983
0.0551172
0.0616449
0.0652933
0.0684657
-0.27927
-0.190577
-0.0977453
-0.0410816
-0.00219406
0.0215035
0.0367957
0.0454517
0.0506171
0.055617
-0.312274
-0.224215
-0.127821
-0.0676802
-0.0254306
0.000989513
0.0187047
0.0294162
0.0360421
0.0426798
-0.342239
-0.25527
-0.156772
-0.0932613
-0.0479847
-0.0190638
0.000908921
0.0135799
0.0216005
0.0297243
-0.369047
-0.284003
-0.184205
-0.117681
-0.0697821
-0.0385815
-0.0165311
-0.00201193
0.00732343
0.0167943
-0.392649
-0.310382
-0.209985
-0.140823
-0.0907556
-0.0574933
-0.033561
-0.0173152
-0.0067525
0.00393449
-0.413057
-0.33424
-0.233922
-0.162771
-0.110847
-0.0757331
-0.050133
-0.0322903
-0.0205875
-0.00881104
-0.430338
-0.35545
-0.255934
-0.183552
-0.130011
-0.0932414
-0.0662035
-0.0469046
-0.0341402
-0.0214056
-0.444609
-0.373953
-0.276019
-0.203015
-0.148308
-0.109963
-0.0817324
-0.0611338
-0.0473677
-0.0338224
-0.456031
-0.389732
-0.294189
-0.221073
-0.165587
-0.125996
-0.0966787
-0.0749642
-0.0602223
-0.0460481
-0.464796
-0.402787
-0.31045
-0.237705
-0.181762
-0.141282
-0.111085
-0.088386
-0.0726577
-0.0580759
-0.471117
-0.413134
-0.32481
-0.252912
-0.196826
-0.155759
-0.124886
-0.101422
-0.0846651
-0.0699
-0.475208
-0.42081
-0.33729
-0.266697
-0.210793
-0.169403
-0.138044
-0.11399
-0.096357
-0.0814298
-0.477278
-0.425872
-0.347927
-0.279054
-0.223677
-0.18222
-0.150551
-0.126051
-0.107758
-0.0925318
-0.477512
-0.428411
-0.356772
-0.289984
-0.235491
-0.194222
-0.162418
-0.137604
-0.118823
-0.103228
-0.476069
-0.428562
-0.363871
-0.299512
-0.246253
-0.205426
-0.17366
-0.148658
-0.129508
-0.113599
-0.473078
-0.426528
-0.369283
-0.307676
-0.255993
-0.215849
-0.18429
-0.159225
-0.139804
-0.123706
-0.468647
-0.422586
-0.373103
-0.31452
-0.264745
-0.225518
-0.194323
-0.169319
-0.14972
-0.133571
-0.462877
-0.417071
-0.375451
-0.320089
-0.272551
-0.23446
-0.203778
-0.178957
-0.159266
-0.143177
-0.455875
-0.410462
-0.376345
-0.324431
-0.279461
-0.242708
-0.212678
-0.188157
-0.168455
-0.152499
-0.447771
-0.403282
-0.375759
-0.327615
-0.285527
-0.250298
-0.221048
-0.19694
-0.177301
-0.161528
-0.438722
-0.395988
-0.373706
-0.32974
-0.290803
-0.257261
-0.228916
-0.205328
-0.185824
-0.170269
-0.428934
-0.388905
-0.370289
-0.330933
-0.29534
-0.263632
-0.236314
-0.213348
-0.194044
-0.178737
-0.418662
-0.382206
-0.36573
-0.331331
-0.299185
-0.269442
-0.243273
-0.221025
-0.201981
-0.186947
-0.408211
-0.375925
-0.360379
-0.331064
-0.302378
-0.274728
-0.249826
-0.228389
-0.209657
-0.194918
-0.397898
-0.37
-0.354697
-0.330247
-0.304959
-0.279526
-0.256004
-0.235468
-0.217094
-0.202668
-0.388055
-0.364334
-0.349171
-0.32897
-0.306972
-0.283872
-0.261837
-0.242285
-0.224316
-0.210218
-0.378909
-0.358849
-0.344189
-0.32731
-0.30847
-0.287796
-0.267348
-0.248862
-0.231346
-0.217589
-0.370575
-0.353533
-0.339931
-0.325363
-0.309516
-0.291316
-0.272552
-0.255218
-0.238202
-0.22481
-0.363078
-0.348447
-0.336355
-0.323283
-0.31018
-0.29444
-0.277462
-0.261363
-0.244903
-0.231899
-0.356376
-0.343693
-0.333275
-0.321285
-0.310532
-0.297162
-0.282085
-0.267293
-0.251452
-0.238896
-0.350399
-0.33937
-0.33049
-0.319574
-0.310648
-0.299479
-0.28643
-0.272988
-0.257865
-0.245802
-0.345073
-0.335526
-0.327885
-0.318224
-0.31063
-0.301394
-0.290515
-0.278383
-0.264141
-0.252685
-0.340329
-0.332149
-0.325458
-0.317162
-0.3106
-0.302935
-0.294359
-0.283387
-0.270302
-0.259479
-0.336107
-0.329187
-0.323259
-0.316256
-0.310647
-0.304162
-0.29801
-0.2878
-0.276461
-0.266229
-0.332342
-0.326576
-0.321326
-0.315426
-0.310775
-0.30518
-0.301469
-0.291484
-0.282599
-0.272759
-0.32896
-0.324263
-0.319654
-0.314661
-0.31093
-0.306112
-0.304703
-0.294176
-0.289434
-0.278028
-0.325916
-0.32218
-0.318203
-0.313976
-0.311077
-0.307018
-0.307631
-0.295925
-0.296523
-0.28342
-0.323155
-0.320276
-0.316923
-0.313372
-0.311243
-0.307859
-0.310179
-0.29696
-0.303248
-0.288446
-0.320622
-0.318513
-0.315763
-0.312822
-0.311468
-0.308515
-0.312367
-0.297422
-0.309563
-0.292327
-0.318267
-0.316853
-0.314679
-0.31229
-0.311747
-0.308876
-0.314288
-0.297382
-0.315539
-0.294644
-0.31605
-0.315267
-0.313637
-0.311736
-0.312019
-0.308921
-0.315973
-0.297036
-0.32092
-0.295378
-0.313937
-0.313731
-0.312607
-0.311128
-0.312209
-0.308686
-0.317335
-0.296771
-0.325063
-0.295051
-0.311902
-0.31224
-0.311552
-0.310462
-0.312264
-0.308369
-0.318247
-0.296955
-0.327467
-0.294757
-0.309934
-0.310787
-0.310461
-0.309756
-0.31214
-0.307986
-0.318648
-0.297667
-0.32815
-0.295302
-0.308029
-0.309371
-0.309342
-0.309034
-0.31178
-0.307591
-0.318602
-0.298744
-0.327506
-0.296661
-0.306194
-0.307999
-0.308205
-0.308277
-0.311161
-0.307312
-0.318111
-0.299866
-0.326081
-0.298277
-0.304442
-0.306681
-0.307069
-0.307493
-0.310388
-0.307106
-0.317163
-0.300962
-0.324283
-0.299673
-0.302791
-0.305434
-0.30596
-0.3067
-0.309518
-0.306886
-0.315888
-0.302136
-0.322154
-0.300692
-0.301264
-0.304276
-0.304904
-0.305917
-0.308608
-0.306636
-0.314507
-0.30316
-0.319769
-0.30171
-0.299889
-0.303228
-0.303932
-0.30517
-0.307715
-0.30636
-0.313134
-0.303959
-0.317569
-0.302519
-0.298691
-0.302313
-0.30307
-0.304488
-0.306892
-0.306071
-0.311866
-0.304546
-0.315645
-0.303129
-0.297697
-0.301552
-0.302345
-0.3039
-0.306181
-0.305793
-0.310778
-0.30495
-0.314052
-0.303598
-0.296929
-0.300962
-0.301779
-0.303434
-0.305619
-0.305552
-0.309923
-0.305206
-0.312834
-0.303944
-0.296406
-0.30056
-0.301391
-0.303109
-0.30523
-0.305375
-0.309337
-0.305352
-0.312011
-0.304172
-0.296141
-0.300356
-0.301194
-0.302943
-0.305031
-0.30528
-0.30904
-0.305417
-0.311598
-0.304285
-0.311634
-0.302025
-0.302959
-0.294927
-0.290634
-0.281796
-0.273752
-0.26283
-0.251362
-0.237664
-0.222795
-0.206178
-0.188278
-0.169475
-0.149959
-0.130862
-0.112301
-0.0954306
-0.0802723
-0.0670924
-0.0559863
-0.0460065
-0.0368926
-0.0275832
-0.0195875
-0.0120739
-0.00704434
-0.00253195
-0.000917817
0.00128869
-0.311875
-0.302162
-0.30306
-0.295048
-0.290736
-0.281912
-0.273865
-0.262951
-0.251484
-0.237791
-0.222923
-0.206308
-0.188404
-0.169596
-0.15007
-0.130962
-0.112389
-0.0955064
-0.0803391
-0.0671514
-0.056043
-0.0460642
-0.0369505
-0.027636
-0.0196328
-0.0121095
-0.00707197
-0.00255128
-0.000931245
0.00128259
-0.312327
-0.302418
-0.303254
-0.29528
-0.290938
-0.282136
-0.274085
-0.263185
-0.251723
-0.238039
-0.223173
-0.206561
-0.18865
-0.169832
-0.150289
-0.131161
-0.112563
-0.0956586
-0.0804734
-0.0672696
-0.056156
-0.0461785
-0.0370647
-0.0277403
-0.0197227
-0.0121804
-0.0071271
-0.00259007
-0.000958029
0.00127024
-0.312944
-0.302763
-0.303526
-0.295606
-0.291218
-0.282458
-0.274399
-0.263523
-0.252066
-0.238397
-0.223537
-0.206927
-0.189008
-0.170179
-0.150611
-0.131451
-0.112825
-0.0958865
-0.0806753
-0.0674478
-0.0563251
-0.0463478
-0.0372329
-0.027894
-0.0198555
-0.012286
-0.0072094
-0.00264852
-0.000998046
0.00125131
-0.313654
-0.303139
-0.303857
-0.295991
-0.291573
-0.282851
-0.274796
-0.263947
-0.252502
-0.238852
-0.223998
-0.207397
-0.18947
-0.170624
-0.151025
-0.131834
-0.113168
-0.0961891
-0.0809454
-0.0676867
-0.0565499
-0.04657
-0.0374517
-0.0280943
-0.0200292
-0.0124255
-0.0073184
-0.00272688
-0.00105112
0.0012254
-0.314377
-0.303531
-0.304205
-0.296428
-0.291967
-0.283312
-0.275243
-0.264443
-0.253009
-0.239388
-0.224546
-0.20795
-0.190012
-0.171156
-0.151531
-0.132298
-0.113591
-0.0965655
-0.0812839
-0.0679871
-0.0568301
-0.0468425
-0.0377174
-0.0283378
-0.0202412
-0.0125978
-0.00745353
-0.00282538
-0.00111702
0.00119209
-0.315081
-0.303802
-0.304571
-0.296838
-0.292391
-0.283777
-0.275749
-0.264972
-0.253573
-0.239977
-0.225149
-0.208574
-0.190635
-0.171764
-0.152113
-0.132841
-0.114091
-0.0970145
-0.0816912
-0.0683495
-0.0571651
-0.0471628
-0.038026
-0.0286211
-0.020489
-0.0128019
-0.00761412
-0.00294416
-0.00119547
0.00115099
-0.315502
-0.304116
-0.304812
-0.297277
-0.292759
-0.284283
-0.276226
-0.265548
-0.254151
-0.240615
-0.225801
-0.209249
-0.19131
-0.172435
-0.152763
-0.133453
-0.114664
-0.0975349
-0.082167
-0.0687743
-0.0575537
-0.0475282
-0.0383738
-0.0289407
-0.0207699
-0.0130363
-0.00779938
-0.00308321
-0.00128613
0.00110182
-0.315554
-0.304382
-0.304895
-0.297675
-0.293066
-0.284755
-0.2767
-0.266111
-0.254742
-0.241263
-0.226475
-0.209957
-0.192029
-0.173156
-0.153472
-0.134131
-0.115307
-0.0981251
-0.0827107
-0.0692612
-0.0579949
-0.0479362
-0.038757
-0.0292934
-0.0210813
-0.0132998
-0.0080084
-0.00324227
-0.0013886
0.00104447
-0.315216
-0.3045
-0.304837
-0.297958
-0.2933
-0.285162
-0.277122
-0.266645
-0.25531
-0.241907
-0.227152
-0.210681
-0.192775
-0.173916
-0.154231
-0.134868
-0.116016
-0.0987831
-0.0833211
-0.0698093
-0.0584869
-0.048384
-0.0391723
-0.0296762
-0.0214207
-0.0135907
-0.00824008
-0.00342083
-0.00150237
0.00097903
-0.314198
-0.304471
-0.304552
-0.298097
-0.293395
-0.285474
-0.27747
-0.26712
-0.255833
-0.24252
-0.227813
-0.211403
-0.193533
-0.174702
-0.155033
-0.135657
-0.116788
-0.0995066
-0.0839962
-0.0704167
-0.0590278
-0.0488692
-0.0396167
-0.0300861
-0.0217856
-0.0139073
-0.00849312
-0.00361808
-0.00162684
0.000905789
-0.312313
-0.304186
-0.303997
-0.29803
-0.293342
-0.285628
-0.2777
-0.267499
-0.256284
-0.243079
-0.228437
-0.212106
-0.19429
-0.175505
-0.155868
-0.136494
-0.117618
-0.100293
-0.0847332
-0.071081
-0.059615
-0.0493892
-0.0400875
-0.0305205
-0.0221737
-0.0142475
-0.00876601
-0.00383293
-0.0017613
0.000825234
-0.309585
-0.303499
-0.30314
-0.297666
-0.293052
-0.285621
-0.277797
-0.26776
-0.25664
-0.243561
-0.229005
-0.212774
-0.195035
-0.176315
-0.156731
-0.137373
-0.118503
-0.101137
-0.0855286
-0.071799
-0.0602457
-0.0499415
-0.0405823
-0.0309769
-0.0225825
-0.0146093
-0.00905704
-0.004064
-0.00190492
0.000738025
-0.306413
-0.302211
-0.301883
-0.29699
-0.292521
-0.285326
-0.277676
-0.267859
-0.25687
-0.243946
-0.229502
-0.213393
-0.195756
-0.177123
-0.157614
-0.138289
-0.119436
-0.102036
-0.0863782
-0.072567
-0.0609167
-0.0505235
-0.0410986
-0.031453
-0.0230096
-0.0149902
-0.00936433
-0.0043097
-0.00205678
0.000644956
-0.303029
-0.30026
-0.300168
-0.295923
-0.291712
-0.284886
-0.277391
-0.267797
-0.256961
-0.244218
-0.229913
-0.213953
-0.196444
-0.177923
-0.158511
-0.139236
-0.120412
-0.102985
-0.087277
-0.0733804
-0.0616244
-0.0511327
-0.0416344
-0.0319465
-0.0234529
-0.0153878
-0.00968587
-0.00456831
-0.00221588
0.000546911
-0.299354
-0.297719
-0.297926
-0.294385
-0.290448
-0.283917
-0.276752
-0.267496
-0.256878
-0.244359
-0.23023
-0.214447
-0.197094
-0.178709
-0.159417
-0.140209
-0.121427
-0.103977
-0.0882198
-0.0742346
-0.0623655
-0.0517666
-0.042188
-0.0324554
-0.02391
-0.0157998
-0.0100196
-0.00483793
-0.00238115
0.000444832
-0.295521
-0.29455
-0.29517
-0.292448
-0.288993
-0.283055
-0.276036
-0.267049
-0.256646
-0.244369
-0.230445
-0.214868
-0.197701
-0.179478
-0.160329
-0.141205
-0.122476
-0.10501
-0.0892023
-0.0751255
-0.0631362
-0.0524228
-0.0427571
-0.0329773
-0.0243783
-0.0162234
-0.0103631
-0.00511657
-0.0025515
0.000339638
-0.291473
-0.290841
-0.291828
-0.289892
-0.28688
-0.28137
-0.274708
-0.266253
-0.256201
-0.244239
-0.230568
-0.215233
-0.198278
-0.180236
-0.161246
-0.14222
-0.123551
-0.106072
-0.0902126
-0.0760424
-0.063929
-0.053096
-0.0433384
-0.0335093
-0.0248558
-0.0166564
-0.010715
-0.005403
-0.00272623
0.0002321
-0.287256
-0.28686
-0.288348
-0.287323
-0.284922
-0.280024
-0.273815
-0.265474
-0.255658
-0.24398
-0.230567
-0.215486
-0.198768
-0.180934
-0.162131
-0.143225
-0.124634
-0.107157
-0.0912544
-0.0769933
-0.0647544
-0.0537969
-0.0439422
-0.0340599
-0.0253487
-0.0171025
-0.0110768
-0.00569702
-0.0029046
0.000123124
-0.283292
-0.282082
-0.283614
-0.283426
-0.281711
-0.277498
-0.271544
-0.264137
-0.254869
-0.243653
-0.230615
-0.215872
-0.199442
-0.181839
-0.163222
-0.144428
-0.125893
-0.108386
-0.0924041
-0.0780219
-0.0656286
-0.0545274
-0.0445594
-0.0346158
-0.0258399
-0.0175456
-0.0114347
-0.00598877
-0.00308199
1.50415e-05
-0.278119
-0.27835
-0.280097
-0.280536
-0.279315
-0.275714
-0.27061
-0.262831
-0.253711
-0.242709
-0.229876
-0.215344
-0.199126
-0.181725
-0.16331
-0.144685
-0.126296
-0.108886
-0.0929554
-0.0785808
-0.0661485
-0.0549914
-0.0449694
-0.0350041
-0.026202
-0.0178928
-0.0117303
-0.00624058
-0.0032404
-8.26265e-05
-0.272463
-0.273486
-0.275432
-0.276385
-0.275522
-0.272203
-0.266932
-0.26014
-0.251459
-0.240818
-0.228313
-0.214095
-0.19819
-0.181085
-0.162964
-0.144595
-0.126432
-0.109183
-0.0933558
-0.0790266
-0.06658
-0.0553813
-0.0453142
-0.0353396
-0.0265228
-0.0182116
-0.0120048
-0.00647896
-0.0033881
-0.000175083
-0.266537
-0.268173
-0.270371
-0.271886
-0.271496
-0.268679
-0.264115
-0.257461
-0.249084
-0.238782
-0.226602
-0.212705
-0.197125
-0.180332
-0.162523
-0.144428
-0.126508
-0.109436
-0.093725
-0.0794516
-0.0669967
-0.0557603
-0.0456495
-0.0356697
-0.0268414
-0.0185334
-0.012284
-0.00672448
-0.0035398
-0.000270957
-0.260362
-0.262639
-0.265116
-0.267168
-0.267271
-0.264961
-0.260758
-0.254562
-0.246556
-0.23662
-0.224791
-0.21124
-0.196007
-0.179544
-0.162064
-0.144256
-0.12659
-0.109702
-0.0941104
-0.0798946
-0.0674313
-0.0561566
-0.0460007
-0.036015
-0.0271736
-0.0188685
-0.0125742
-0.00697991
-0.0036971
-0.000370228
-0.253889
-0.256914
-0.259687
-0.262231
-0.262827
-0.261001
-0.257224
-0.251469
-0.24386
-0.234315
-0.222864
-0.209682
-0.19482
-0.178708
-0.161574
-0.14407
-0.126668
-0.109974
-0.0945077
-0.0803532
-0.0678827
-0.0565701
-0.046368
-0.0363759
-0.0275198
-0.0192171
-0.0128758
-0.00724535
-0.00385996
-0.000472627
-0.247164
-0.251019
-0.254107
-0.257103
-0.258189
-0.256851
-0.253522
-0.248212
-0.241013
-0.231878
-0.220825
-0.208033
-0.193561
-0.177819
-0.161048
-0.143861
-0.126736
-0.110245
-0.0949106
-0.080822
-0.0683465
-0.0569974
-0.0467488
-0.0367502
-0.0278783
-0.0195779
-0.0131876
-0.00751994
-0.00402782
-0.000577702
-0.24026
-0.244987
-0.248413
-0.251825
-0.253398
-0.252551
-0.249673
-0.244813
-0.238039
-0.229327
-0.218689
-0.206302
-0.192237
-0.176882
-0.160487
-0.14363
-0.126791
-0.110513
-0.0953166
-0.0812984
-0.0688208
-0.0574372
-0.0471421
-0.0371371
-0.0282482
-0.0199498
-0.0135086
-0.00780287
-0.00420017
-0.000684961
-0.23323
-0.238844
-0.242635
-0.246432
-0.248484
-0.248129
-0.245702
-0.241296
-0.234958
-0.22668
-0.216469
-0.204502
-0.190857
-0.175901
-0.159893
-0.143377
-0.126834
-0.110776
-0.0957236
-0.0817805
-0.0693039
-0.0578884
-0.0475474
-0.037536
-0.0286288
-0.0203319
-0.013838
-0.00809333
-0.00437651
-0.000793886
-0.226123
-0.232613
-0.236795
-0.240951
-0.24347
-0.243606
-0.241632
-0.23768
-0.231787
-0.22395
-0.214178
-0.202641
-0.189427
-0.17488
-0.159269
-0.143104
-0.126862
-0.111033
-0.0961293
-0.0822662
-0.0697941
-0.0583497
-0.0479637
-0.037946
-0.0290193
-0.0207234
-0.014175
-0.00839043
-0.00455634
-0.000903931
-0.218989
-0.226318
-0.230913
-0.235406
-0.238377
-0.239001
-0.237482
-0.233986
-0.228541
-0.221152
-0.211826
-0.200727
-0.187952
-0.173824
-0.158616
-0.142809
-0.126876
-0.11128
-0.0965314
-0.0827531
-0.0702896
-0.0588197
-0.0483901
-0.0383661
-0.0294187
-0.0211229
-0.0145185
-0.00869321
-0.00473907
-0.00101453
-0.211873
-0.219984
-0.22501
-0.229823
-0.233222
-0.234329
-0.233268
-0.230226
-0.225232
-0.218296
-0.209423
-0.198769
-0.186439
-0.172735
-0.157937
-0.142493
-0.126873
-0.111517
-0.0969278
-0.083239
-0.0707882
-0.0592969
-0.0488254
-0.0387952
-0.0298259
-0.0215294
-0.0148675
-0.00900059
-0.00492412
-0.00112509
-0.204819
-0.213637
-0.219108
-0.224225
-0.228028
-0.229608
-0.229004
-0.226415
-0.221874
-0.215393
-0.206978
-0.196774
-0.184893
-0.171619
-0.157233
-0.142157
-0.126853
-0.111742
-0.0973164
-0.0837218
-0.0712882
-0.0597796
-0.0492681
-0.039232
-0.0302397
-0.0219416
-0.0152208
-0.00931149
-0.00511089
-0.00123504
-0.197871
-0.207308
-0.213226
-0.218636
-0.222814
-0.224854
-0.224706
-0.222566
-0.218478
-0.212454
-0.204499
-0.194747
-0.183318
-0.170477
-0.156505
-0.141801
-0.126816
-0.111954
-0.0976953
-0.0841993
-0.0717875
-0.060266
-0.0497168
-0.0396751
-0.0306588
-0.0223579
-0.0155772
-0.00962472
-0.00529874
-0.00134379
-0.19107
-0.201027
-0.207388
-0.21308
-0.217604
-0.220085
-0.22039
-0.218695
-0.215057
-0.209488
-0.201994
-0.192697
-0.18172
-0.169314
-0.155757
-0.141426
-0.12676
-0.11215
-0.0980626
-0.0846696
-0.072284
-0.0607542
-0.0501699
-0.0401228
-0.0310818
-0.0227771
-0.0159355
-0.00993903
-0.00548702
-0.00145077
-0.184452
-0.194826
-0.201616
-0.207582
-0.212421
-0.21532
-0.216071
-0.214816
-0.211623
-0.206508
-0.199473
-0.19063
-0.180105
-0.168134
-0.15499
-0.141032
-0.126687
-0.112331
-0.0984169
-0.0851305
-0.0727759
-0.0612422
-0.0506256
-0.0405735
-0.0315071
-0.0231973
-0.0162943
-0.0102531
-0.00567505
-0.00155543
-0.17805
-0.188736
-0.195933
-0.202165
-0.20729
-0.210581
-0.211767
-0.210946
-0.208192
-0.203525
-0.196946
-0.188556
-0.178479
-0.16694
-0.154208
-0.140622
-0.126596
-0.112495
-0.0987565
-0.0855803
-0.073261
-0.0617279
-0.0510819
-0.0410252
-0.0319328
-0.0236168
-0.0166522
-0.0105655
-0.00586211
-0.00165723
-0.171891
-0.182793
-0.190366
-0.196853
-0.202238
-0.205892
-0.207498
-0.207103
-0.204779
-0.200553
-0.194424
-0.186482
-0.176849
-0.16574
-0.153413
-0.140198
-0.126488
-0.112642
-0.0990802
-0.0860167
-0.0737371
-0.062209
-0.0515367
-0.0414756
-0.0323572
-0.0240338
-0.0170074
-0.0108748
-0.00604742
-0.00175565
-0.166004
-0.177029
-0.184942
-0.191672
-0.197293
-0.20128
-0.203286
-0.203305
-0.201402
-0.197608
-0.191921
-0.18442
-0.175224
-0.164538
-0.152611
-0.13976
-0.126363
-0.112771
-0.0993865
-0.0864381
-0.074202
-0.0626829
-0.0519874
-0.0419225
-0.032778
-0.0244459
-0.0173584
-0.0111793
-0.00623014
-0.00185021
-0.160412
-0.17148
-0.179689
-0.186647
-0.192486
-0.196773
-0.199156
-0.199576
-0.198081
-0.194706
-0.18945
-0.182382
-0.173614
-0.163342
-0.151807
-0.139314
-0.126224
-0.112882
-0.0996743
-0.0868422
-0.0746532
-0.0631468
-0.0524314
-0.0423631
-0.0331927
-0.024851
-0.0177032
-0.0114771
-0.00640932
-0.00194049
-0.155138
-0.16618
-0.17464
-0.181809
-0.187846
-0.192403
-0.195136
-0.195939
-0.194838
-0.191868
-0.187028
-0.18038
-0.172028
-0.16216
-0.151006
-0.138862
-0.126071
-0.112975
-0.0999426
-0.0872271
-0.0750882
-0.0635979
-0.0528658
-0.0427945
-0.0335988
-0.0252462
-0.0180397
-0.0117665
-0.0065839
-0.00202604
-0.150205
-0.161161
-0.169826
-0.177187
-0.183405
-0.188203
-0.191255
-0.192421
-0.191697
-0.189115
-0.184675
-0.178432
-0.170481
-0.161002
-0.150216
-0.138409
-0.125908
-0.113051
-0.10019
-0.0875908
-0.0755043
-0.0640329
-0.0532873
-0.0432131
-0.0339932
-0.0256287
-0.0183654
-0.0120454
-0.00675269
-0.00210646
-0.145632
-0.156458
-0.165281
-0.172814
-0.179198
-0.184209
-0.187549
-0.189052
-0.188686
-0.186471
-0.182411
-0.176554
-0.168985
-0.159879
-0.149444
-0.13796
-0.125738
-0.113111
-0.100417
-0.0879311
-0.0758984
-0.0644481
-0.053692
-0.0436155
-0.0343724
-0.0259953
-0.0186777
-0.0123114
-0.00691435
-0.00218134
-0.141441
-0.152102
-0.161041
-0.168725
-0.175259
-0.180457
-0.184052
-0.185865
-0.185833
-0.183964
-0.18026
-0.174766
-0.167558
-0.158804
-0.148701
-0.137522
-0.125564
-0.113156
-0.100622
-0.0882459
-0.0762674
-0.0648398
-0.0540761
-0.0439973
-0.0347326
-0.0263424
-0.0189736
-0.0125622
-0.00706736
-0.00225026
-0.137652
-0.148128
-0.157143
-0.164957
-0.171625
-0.176987
-0.180805
-0.182897
-0.183171
-0.181622
-0.178247
-0.17309
-0.166218
-0.157791
-0.147996
-0.137102
-0.12539
-0.113187
-0.100804
-0.0885328
-0.0766078
-0.0652037
-0.0544349
-0.0443541
-0.0350695
-0.026666
-0.0192497
-0.0127951
-0.00721002
-0.0023128
-0.134289
-0.14457
-0.153628
-0.161552
-0.168338
-0.173842
-0.177852
-0.180187
-0.180738
-0.179479
-0.176403
-0.171551
-0.164984
-0.156856
-0.147343
-0.136708
-0.125221
-0.113206
-0.100963
-0.0887895
-0.0769157
-0.0655351
-0.0547633
-0.0446808
-0.0353784
-0.0269617
-0.0195023
-0.013007
-0.00734041
-0.00236848
-0.131377
-0.141468
-0.15054
-0.158554
-0.165443
-0.171068
-0.175238
-0.177781
-0.178573
-0.177571
-0.17476
-0.170177
-0.163881
-0.156017
-0.146754
-0.13635
-0.125063
-0.113217
-0.101098
-0.0890132
-0.0771869
-0.0658288
-0.0550558
-0.0449716
-0.0356537
-0.0272245
-0.019727
-0.0131946
-0.00745634
-0.0024168
-0.128948
-0.138864
-0.14793
-0.156014
-0.16299
-0.168716
-0.173017
-0.175729
-0.176723
-0.17594
-0.173353
-0.168999
-0.162933
-0.155295
-0.146245
-0.136038
-0.124923
-0.11322
-0.101209
-0.0892009
-0.0774166
-0.0660789
-0.0553059
-0.0452203
-0.0358894
-0.027449
-0.0199191
-0.0133543
-0.00755537
-0.00245714
-0.127032
-0.136805
-0.145854
-0.153989
-0.161036
-0.166842
-0.171242
-0.174086
-0.175239
-0.17463
-0.172223
-0.168053
-0.162169
-0.154712
-0.145833
-0.135784
-0.124806
-0.113219
-0.101295
-0.0893491
-0.0775995
-0.0662789
-0.0555067
-0.0454197
-0.0360787
-0.0276288
-0.0200733
-0.0134819
-0.00763473
-0.00248881
-0.125694
-0.135357
-0.144389
-0.152554
-0.159652
-0.165514
-0.169983
-0.172917
-0.174181
-0.173696
-0.171417
-0.167376
-0.161623
-0.154294
-0.145537
-0.1356
-0.124721
-0.113216
-0.101355
-0.0894537
-0.0777293
-0.0664213
-0.0556502
-0.045562
-0.0362139
-0.027757
-0.0201833
-0.0135727
-0.00769129
-0.00251091
-0.124963
-0.134578
-0.1436
-0.151782
-0.158908
-0.164802
-0.169308
-0.17229
-0.173613
-0.173194
-0.170984
-0.167012
-0.16133
-0.154069
-0.145378
-0.135501
-0.124674
-0.113214
-0.101387
-0.0895093
-0.0777988
-0.0664976
-0.0557273
-0.0456383
-0.0362865
-0.0278256
-0.0202424
-0.0136211
-0.00772156
-0.00252224
-0.115688
-0.125146
-0.134423
-0.143501
-0.15237
-0.16103
-0.169489
-0.177754
-0.185833
-0.193736
-0.201472
-0.209047
-0.216474
-0.223752
-0.230874
-0.237873
-0.244582
-0.251422
-0.257428
-0.26535
-0.112499
-0.121643
-0.130608
-0.13939
-0.147987
-0.1564
-0.164635
-0.172698
-0.180592
-0.188325
-0.195903
-0.203329
-0.210605
-0.217748
-0.224702
-0.231624
-0.238136
-0.245172
-0.251077
-0.259329
-0.109405
-0.118189
-0.126804
-0.13525
-0.143529
-0.151642
-0.15959
-0.167378
-0.175009
-0.182487
-0.189814
-0.197001
-0.204034
-0.210971
-0.217698
-0.224512
-0.23087
-0.237919
-0.243883
-0.251846
-0.10638
-0.114831
-0.123133
-0.131287
-0.139293
-0.147151
-0.154861
-0.162428
-0.169853
-0.177143
-0.184293
-0.191328
-0.198213
-0.205047
-0.211659
-0.218426
-0.22472
-0.231632
-0.23766
-0.245063
-0.103454
-0.111586
-0.119588
-0.12746
-0.135201
-0.142812
-0.150294
-0.157652
-0.164884
-0.172002
-0.178994
-0.185898
-0.192656
-0.199397
-0.205903
-0.212568
-0.218773
-0.225441
-0.231452
-0.238371
-0.100633
-0.108451
-0.116152
-0.123739
-0.131209
-0.138566
-0.145808
-0.152941
-0.159961
-0.166884
-0.173689
-0.180423
-0.187011
-0.193594
-0.199944
-0.206422
-0.212518
-0.218923
-0.224926
-0.231528
-0.0979133
-0.105421
-0.112825
-0.120127
-0.127326
-0.134424
-0.14142
-0.148319
-0.155115
-0.161824
-0.168422
-0.174959
-0.181354
-0.187743
-0.193929
-0.200199
-0.206201
-0.212374
-0.218349
-0.224701
-0.0952935
-0.102497
-0.109608
-0.11663
-0.12356
-0.130401
-0.13715
-0.143812
-0.15038
-0.15687
-0.163257
-0.169588
-0.175793
-0.181982
-0.188013
-0.194077
-0.199966
-0.205917
-0.211789
-0.217904
-0.0927749
-0.0996823
-0.106507
-0.113252
-0.119917
-0.126502
-0.133003
-0.139428
-0.145766
-0.152034
-0.15821
-0.16433
-0.170344
-0.176326
-0.182189
-0.188039
-0.193776
-0.199504
-0.205223
-0.211114
-0.0903582
-0.0969768
-0.103522
-0.109996
-0.116399
-0.122729
-0.128986
-0.135172
-0.14128
-0.147323
-0.153283
-0.159186
-0.165
-0.170768
-0.176444
-0.182078
-0.187638
-0.193153
-0.198698
-0.204369
-0.0880433
-0.0943815
-0.100654
-0.106863
-0.113008
-0.119089
-0.125102
-0.13105
-0.136929
-0.142744
-0.148486
-0.154169
-0.159777
-0.165328
-0.170808
-0.176229
-0.1816
-0.186906
-0.192262
-0.197709
-0.0858297
-0.0918965
-0.0979045
-0.103856
-0.109749
-0.115584
-0.121357
-0.127071
-0.13272
-0.138309
-0.143832
-0.149295
-0.154693
-0.160029
-0.165307
-0.170517
-0.17569
-0.180786
-0.18594
-0.191163
-0.0837182
-0.089523
-0.095275
-0.100976
-0.106624
-0.112218
-0.117756
-0.123238
-0.128662
-0.134027
-0.139332
-0.144577
-0.149763
-0.154886
-0.159956
-0.164957
-0.169924
-0.174813
-0.179757
-0.184759
-0.0817073
-0.0872607
-0.0927658
-0.0982239
-0.103634
-0.108995
-0.114304
-0.11956
-0.124761
-0.129906
-0.134994
-0.140025
-0.144999
-0.149911
-0.154773
-0.159565
-0.164325
-0.169008
-0.17374
-0.178522
-0.0797958
-0.0851093
-0.0903772
-0.0956016
-0.100782
-0.105917
-0.111003
-0.116039
-0.121023
-0.125953
-0.130829
-0.135649
-0.140414
-0.145118
-0.149773
-0.15436
-0.158913
-0.163392
-0.16791
-0.172474
-0.0779879
-0.0830707
-0.088111
-0.093111
-0.0980703
-0.102987
-0.107858
-0.11268
-0.117454
-0.122175
-0.126845
-0.131458
-0.13602
-0.140521
-0.144972
-0.149358
-0.153707
-0.157984
-0.162292
-0.166638
-0.0762835
-0.0811451
-0.085968
-0.0907533
-0.0955007
-0.100208
-0.104871
-0.109489
-0.114059
-0.118579
-0.123048
-0.127463
-0.131826
-0.13613
-0.140384
-0.144573
-0.148723
-0.152804
-0.156905
-0.161037
-0.0746795
-0.0793311
-0.0839473
-0.0885286
-0.093074
-0.097581
-0.102047
-0.106468
-0.110844
-0.11517
-0.119447
-0.12367
-0.127842
-0.131956
-0.136019
-0.140019
-0.143977
-0.147869
-0.15177
-0.155694
-0.0731781
-0.0776309
-0.0820514
-0.0864391
-0.0907928
-0.0951099
-0.0993874
-0.103622
-0.107812
-0.111954
-0.116047
-0.120088
-0.124077
-0.12801
-0.131891
-0.13571
-0.139485
-0.143195
-0.146905
-0.15063
-0.0717786
-0.0760443
-0.0802804
-0.0844857
-0.0886586
-0.0927964
-0.096896
-0.100954
-0.104969
-0.108936
-0.112856
-0.116724
-0.12054
-0.124301
-0.12801
-0.131658
-0.13526
-0.138797
-0.142327
-0.145862
-0.0704818
-0.0745726
-0.078636
-0.0826703
-0.0866737
-0.0906434
-0.0945761
-0.0984686
-0.102318
-0.106122
-0.109879
-0.113585
-0.11724
-0.120839
-0.124387
-0.127874
-0.131314
-0.13469
-0.138052
-0.141409
-0.0692891
-0.0732174
-0.0771201
-0.0809954
-0.0848411
-0.0886543
-0.0924317
-0.09617
-0.0998665
-0.103518
-0.107123
-0.110679
-0.114183
-0.117634
-0.121032
-0.124371
-0.12766
-0.130888
-0.134093
-0.137287
-0.0682021
-0.0719805
-0.0757352
-0.0794637
-0.0831639
-0.0868327
-0.0904669
-0.0940632
-0.0976186
-0.10113
-0.104596
-0.108013
-0.11138
-0.114694
-0.117955
-0.121159
-0.124312
-0.127404
-0.130468
-0.133512
-0.0672242
-0.070866
-0.0744855
-0.0780802
-0.0816477
-0.0851849
-0.0886886
-0.0921555
-0.0955826
-0.0989671
-0.102307
-0.105598
-0.108841
-0.112032
-0.11517
-0.118252
-0.121283
-0.124254
-0.127192
-0.130102
-0.0663576
-0.0698763
-0.0733739
-0.076848
-0.0802959
-0.0837148
-0.0871013
-0.0904521
-0.0937645
-0.0970354
-0.100263
-0.103443
-0.106576
-0.109658
-0.112688
-0.115664
-0.118588
-0.121454
-0.124282
-0.127076
-0.0656112
-0.0690214
-0.0724117
-0.0757794
-0.0791218
-0.0824363
-0.0857195
-0.0889684
-0.09218
-0.0953515
-0.0984806
-0.101565
-0.104602
-0.10759
-0.110528
-0.113413
-0.116246
-0.119024
-0.121759
-0.124456
-0.0649838
-0.0682994
-0.0715964
-0.074872
-0.0781239
-0.081349
-0.0845444
-0.0877069
-0.0908336
-0.0939219
-0.0969694
-0.0999737
-0.102933
-0.105845
-0.108708
-0.11152
-0.114281
-0.116989
-0.119651
-0.122271
-0.0645024
-0.0677412
-0.0709617
-0.0741609
-0.0773368
-0.0804868
-0.0836082
-0.0866982
-0.089754
-0.0927731
-0.0957534
-0.0986925
-0.101589
-0.10444
-0.107244
-0.11
-0.112708
-0.115364
-0.117975
-0.12054
-0.0641439
-0.0673216
-0.070483
-0.0736257
-0.0767471
-0.0798444
-0.0829146
-0.0859549
-0.0889628
-0.091936
-0.0948721
-0.0977691
-0.100625
-0.103438
-0.106207
-0.108929
-0.111604
-0.11423
-0.116809
-0.119341
-0.063984
-0.0671157
-0.0702294
-0.073323
-0.0763955
-0.0794452
-0.0824702
-0.085468
-0.0884364
-0.0913731
-0.0942764
-0.0971444
-0.0999754
-0.102768
-0.10552
-0.108231
-0.1109
-0.113525
-0.116106
-0.118644
0.10614
0.0950847
0.0839465
0.0729309
0.0614579
0.0497581
0.0380282
0.0262924
0.0145645
0.00288002
-0.00871675
-0.0201939
-0.031523
-0.0426741
-0.0536206
-0.0644125
-0.0754027
-0.0859715
-0.0961401
-0.106033
0.101435
0.0899077
0.0783354
0.0675904
0.0565449
0.0452844
0.0340481
0.0228426
0.0116591
0.000527317
-0.0105197
-0.0214589
-0.0322718
-0.042954
-0.0535167
-0.0639406
-0.0739654
-0.0839187
-0.0936588
-0.103173
0.0956944
0.0843904
0.072819
0.0625101
0.0520528
0.0413014
0.0305655
0.019886
0.00923458
-0.00136896
-0.0118924
-0.0223106
-0.0326038
-0.0427577
-0.0527608
-0.0625871
-0.0722979
-0.0819022
-0.0912867
-0.100443
0.0896326
0.07888
0.0674547
0.0574982
0.0475927
0.0373457
0.0270908
0.0169232
0.00679919
-0.00328039
-0.0132862
-0.0231936
-0.0329867
-0.0426594
-0.0522079
-0.0616179
-0.0708415
-0.079987
-0.088975
-0.0977684
0.0834964
0.0733628
0.0622205
0.0526088
0.0432499
0.0335365
0.0237651
0.0140924
0.00447832
-0.00509606
-0.0146064
-0.0240257
-0.0333389
-0.0425412
-0.0516256
-0.0605791
-0.0693911
-0.0781335
-0.0867417
-0.0951797
0.0773977
0.0678852
0.0571376
0.0478743
0.0390268
0.0298469
0.0205549
0.0113569
0.00223361
-0.00685036
-0.0158804
-0.0248282
-0.0336791
-0.0424304
-0.0510775
-0.0596121
-0.0680203
-0.0763655
-0.0845995
-0.0926884
0.0713972
0.0624824
0.0522062
0.0433063
0.0349363
0.0262819
0.0174694
0.00873113
7.83405e-05
-0.00853269
-0.0170995
-0.0255948
-0.034003
-0.0423223
-0.0505496
-0.0586785
-0.0667013
-0.0746691
-0.0825423
-0.0902913
0.0655445
0.0571978
0.0474387
0.0389174
0.0309935
0.0228451
0.014507
0.00621427
-0.00198966
-0.0101474
-0.0182684
-0.0263294
-0.0343142
-0.0422206
-0.0500471
-0.0577891
-0.0654413
-0.073046
-0.08057
-0.0879874
0.0598765
0.0520653
0.0428435
0.0347118
0.0272068
0.0195396
0.0116664
0.00380683
-0.0039686
-0.0116938
-0.0193872
-0.0270322
-0.0346126
-0.0421252
-0.0495689
-0.0569408
-0.0642374
-0.0714937
-0.078681
-0.0857767
0.0544177
0.047109
0.0384287
0.0306921
0.0235831
0.0163699
0.00894744
0.00150813
-0.00585815
-0.0131723
-0.0204575
-0.0277048
-0.0348996
-0.042037
-0.0491157
-0.0561339
-0.0630893
-0.0700116
-0.0768746
-0.0836589
0.0491839
0.0423463
0.0342005
0.0268596
0.0201265
0.0133393
0.00634957
-0.000683313
-0.00765867
-0.0145829
-0.0214801
-0.0283483
-0.0351758
-0.0419561
-0.0486874
-0.055368
-0.061997
-0.0685991
-0.0751503
-0.0816337
0.0441859
0.0377893
0.0301642
0.0232151
0.0168392
0.0104505
0.00387277
-0.00276901
-0.00937102
-0.0159261
-0.0224558
-0.0289639
-0.035442
-0.0418828
-0.0482831
-0.0546413
-0.0609571
-0.0672537
-0.0735062
-0.0797
0.0394314
0.0334466
0.0263232
0.0197584
0.0137221
0.00770509
0.0015169
-0.00475061
-0.0109966
-0.0172024
-0.023385
-0.0295521
-0.0356986
-0.0418175
-0.0479048
-0.0539583
-0.0599778
-0.0659809
-0.0719446
-0.0778584
0.0349252
0.0293239
0.0226797
0.0164888
0.0107752
0.00510412
-0.000718221
-0.00662966
-0.0125368
-0.0184128
-0.0242687
-0.0301139
-0.0359464
-0.0417589
-0.0475452
-0.0533017
-0.0590304
-0.0647611
-0.0704553
-0.0761047
0.03067
0.0254247
0.0192347
0.0134048
0.00799758
0.0026478
-0.00283285
-0.00840752
-0.0139934
-0.0195581
-0.025107
-0.0306501
-0.0361882
-0.0417163
-0.0472301
-0.0527257
-0.0581961
-0.0636163
-0.0690347
-0.074435
0.026667
0.021751
0.0159883
0.0105047
0.00538766
0.00033584
-0.00482736
-0.0100854
-0.0153676
-0.020639
-0.0258997
-0.0311585
-0.0364173
-0.0416714
-0.0469149
-0.0521423
-0.0573481
-0.0625269
-0.0677022
-0.072862
0.0229159
0.0183034
0.01294
0.00778607
0.00294341
-0.00183253
-0.00670219
-0.0116644
-0.0166608
-0.0216566
-0.0266473
-0.0316399
-0.0366367
-0.0416344
-0.0466271
-0.051609
-0.056575
-0.0615183
-0.0664574
-0.0713842
0.0194157
0.0150816
0.0100888
0.00524657
0.000662435
-0.00385851
-0.00845794
-0.0131453
-0.0178743
-0.0226119
-0.0273504
-0.0320943
-0.0368459
-0.0416025
-0.0463583
-0.0511077
-0.0558457
-0.0605678
-0.0652865
-0.0699948
0.0161646
0.012085
0.00743342
0.00288372
-0.00145784
-0.00574359
-0.0100953
-0.0145291
-0.0190094
-0.0235061
-0.0280097
-0.0325223
-0.0370456
-0.0415772
-0.046112
-0.0506444
-0.0551695
-0.0596829
-0.0641937
-0.0686959
0.0131607
0.00931228
0.0049728
0.000695239
-0.00342
-0.00748947
-0.0116152
-0.0158165
-0.0200669
-0.0243403
-0.0286261
-0.0329243
-0.0372359
-0.0415584
-0.0458873
-0.0502172
-0.0545431
-0.058861
-0.0631773
-0.0674865
0.0104023
0.00676244
0.00270586
-0.00132084
-0.00522637
-0.00909783
-0.0130184
-0.017008
-0.0210476
-0.0251153
-0.0292003
-0.0333009
-0.0374171
-0.0415465
-0.0456847
-0.0498267
-0.0539675
-0.0581033
-0.0622381
-0.0663674
0.00788794
0.00443466
0.000632016
-0.00316589
-0.00687889
-0.0105702
-0.0143057
-0.0181041
-0.0219522
-0.0258319
-0.029733
-0.0336527
-0.0375897
-0.0415417
-0.0455046
-0.0494733
-0.0534432
-0.0574103
-0.0613771
-0.0653395
0.00561715
0.00232885
-0.00124859
-0.00484051
-0.00837878
-0.0119077
-0.0154776
-0.019105
-0.0227807
-0.0264904
-0.0302247
-0.0339798
-0.037754
-0.0415443
-0.045347
-0.0491572
-0.0529704
-0.0567826
-0.0605952
-0.0644042
0.00359081
0.000446027
-0.00293476
-0.00634421
-0.00972633
-0.0131107
-0.0165344
-0.0200106
-0.0235334
-0.0270912
-0.030676
-0.0342836
-0.0379113
-0.0415562
-0.0452144
-0.0488813
-0.0525524
-0.0562237
-0.0598955
-0.0635647
0.00181165
-0.00121115
-0.00442381
-0.00767504
-0.0109205
-0.0141785
-0.017475
-0.0208199
-0.0242089
-0.0276333
-0.031086
-0.0345626
-0.0380601
-0.0415752
-0.0451042
-0.0486428
-0.0521867
-0.0557321
-0.0592784
-0.0628225
0.00028506
-0.00263775
-0.00571113
-0.00882948
-0.0119591
-0.01511
-0.0182991
-0.0215331
-0.0248088
-0.0281194
-0.0314588
-0.0348229
-0.0382081
-0.0416112
-0.0450282
-0.0484549
-0.051887
-0.0553203
-0.0587541
-0.0621863
-0.000979907
-0.00382526
-0.00678851
-0.00980001
-0.0128352
-0.0158985
-0.0189995
-0.022142
-0.0253235
-0.0285385
-0.0317821
-0.0350502
-0.0383392
-0.0416459
-0.0449664
-0.0482971
-0.051634
-0.0549738
-0.0583146
-0.0616532
-0.00197066
-0.00476317
-0.0076478
-0.0105819
-0.0135486
-0.0165482
-0.0195852
-0.0226608
-0.0257725
-0.0289161
-0.0320872
-0.0352819
-0.0384966
-0.0417278
-0.0449716
-0.0482241
-0.051481
-0.0547384
-0.057995
-0.0612511
-0.00266346
-0.00542639
-0.00826164
-0.0111446
-0.0140638
-0.0170177
-0.0200075
-0.023033
-0.0260918
-0.0291805
-0.0322955
-0.0354331
-0.03859
-0.0417629
-0.0449484
-0.0481432
-0.051344
-0.0545475
-0.0577514
-0.0609521
-0.00304157
-0.00580918
-0.00864074
-0.0115197
-0.0144359
-0.0173856
-0.0203677
-0.0233809
-0.0264228
-0.0294902
-0.0325796
-0.0356876
-0.038811
-0.0419465
-0.0450908
-0.0482406
-0.0513923
-0.054543
-0.0576915
-0.0608398
0.115646
0.11708
0.119264
0.122319
0.125621
0.129296
0.132603
0.135751
0.137806
0.139197
0.138698
0.137158
0.132888
0.127243
0.116773
0.114711
0.116037
0.118045
0.120838
0.123804
0.127051
0.12986
0.132411
0.133825
0.134456
0.133241
0.130814
0.12594
0.119297
0.110205
0.113708
0.11492
0.116739
0.119254
0.121867
0.124668
0.126967
0.128916
0.129706
0.129614
0.127766
0.124581
0.1193
0.112202
0.103644
0.112631
0.113723
0.115344
0.117564
0.11981
0.122148
0.123928
0.12526
0.125431
0.124629
0.122185
0.118311
0.112669
0.105262
0.0968335
0.111478
0.112445
0.113859
0.115773
0.117643
0.119504
0.120762
0.121476
0.121045
0.119556
0.116552
0.112077
0.106096
0.0985012
0.0901487
0.110245
0.111082
0.112282
0.11388
0.115365
0.116742
0.117479
0.117582
0.116568
0.114432
0.110906
0.105926
0.0996459
0.0919624
0.0837039
0.108931
0.109633
0.110613
0.111883
0.112978
0.113864
0.114086
0.113589
0.112014
0.10928
0.105272
0.0998755
0.0933459
0.0856347
0.0774859
0.107533
0.108095
0.108849
0.109783
0.110484
0.110878
0.110589
0.109512
0.107399
0.104118
0.0996722
0.0939346
0.0872079
0.0795029
0.0714769
0.10605
0.106467
0.106991
0.107581
0.107885
0.10779
0.106999
0.105366
0.102742
0.0989676
0.0941282
0.088115
0.0812419
0.0735671
0.0656788
0.10448
0.104749
0.105038
0.105282
0.105188
0.104609
0.103329
0.101167
0.0980621
0.093848
0.0886629
0.0824299
0.0754586
0.0678361
0.0600996
0.102823
0.102942
0.102993
0.102888
0.102398
0.101347
0.0995908
0.0969348
0.0933815
0.0887791
0.0832975
0.0768936
0.069868
0.0623201
0.0547473
0.101082
0.101047
0.100859
0.100406
0.0995239
0.0980153
0.0958016
0.0926862
0.0887216
0.0837805
0.0780511
0.0715207
0.0644797
0.0570283
0.0496287
0.099257
0.0990679
0.0986401
0.0978444
0.0965758
0.0946286
0.0919785
0.0884406
0.0841042
0.0788716
0.0729417
0.0663255
0.0593026
0.0519682
0.0447498
0.0973529
0.09701
0.0963432
0.0952118
0.0935659
0.0912019
0.0881403
0.084218
0.0795506
0.0740719
0.0679858
0.061321
0.0543451
0.047146
0.0401156
0.0953748
0.0948803
0.0939764
0.0925197
0.0905084
0.0877523
0.084307
0.0800389
0.0750822
0.0694005
0.063199
0.0565195
0.0496154
0.0425668
0.0357295
0.0933303
0.0926877
0.0915504
0.0897812
0.0874198
0.084298
0.0804999
0.0759246
0.0707197
0.0648757
0.058596
0.0519318
0.0451204
0.0382347
0.0315937
0.091229
0.0904435
0.0890782
0.0870118
0.0843183
0.0808592
0.0767409
0.0718967
0.0664835
0.0605151
0.0541905
0.0475677
0.0408665
0.0341525
0.0277091
0.0890828
0.0881613
0.0865754
0.084229
0.0812243
0.0774575
0.0730527
0.0679771
0.0623936
0.0563357
0.0499956
0.0434363
0.0368589
0.0303226
0.0240761
0.0869069
0.0858574
0.0840602
0.0814527
0.0781601
0.074116
0.0694592
0.0641882
0.0584696
0.0523537
0.0460237
0.0395458
0.0331023
0.0267466
0.0206942
0.0847192
0.0835509
0.081554
0.0787054
0.0751502
0.0708594
0.0659845
0.0605525
0.0547313
0.0485849
0.0422864
0.0359039
0.0296012
0.0234259
0.0175629
0.082541
0.081264
0.0790809
0.0760124
0.072221
0.0677142
0.0626542
0.057093
0.0511982
0.045045
0.0387954
0.0325182
0.0263596
0.0203619
0.0146818
0.0803974
0.0790223
0.0766682
0.0734016
0.0694012
0.0647085
0.0594945
0.0538331
0.0478904
0.0417497
0.0355625
0.0293967
0.0233823
0.0175566
0.0120508
0.0783171
0.076855
0.0743468
0.0709043
0.0667218
0.0618722
0.0565332
0.0507974
0.0448283
0.0387156
0.0325998
0.0265479
0.0206745
0.0150128
0.00967091
0.0763332
0.074795
0.0721506
0.0685548
0.0642168
0.0592374
0.0537998
0.0480119
0.0420339
0.0359601
0.0299209
0.0239816
0.018243
0.0127346
0.0075444
0.0744829
0.0728796
0.0701177
0.0663909
0.0619229
0.0568389
0.051326
0.0455044
0.039531
0.0335028
0.0275412
0.0217095
0.0160965
0.0107283
0.00567562
0.0728081
0.0711506
0.0682899
0.0644544
0.0598806
0.0547145
0.0491465
0.0433058
0.0373461
0.0313661
0.0254791
0.0197465
0.0142467
0.009003
0.00407162
0.0713553
0.0696542
0.0667137
0.062791
0.0581344
0.0529065
0.0472998
0.0414508
0.0355096
0.0295761
0.0237568
0.0181111
0.012709
0.00757152
0.00274308
0.0701762
0.0684417
0.0654402
0.0614516
0.0567336
0.0514617
0.0458297
0.0399792
0.0340573
0.0281645
0.0224019
0.0168275
0.0115043
0.00645196
0.00170545
0.0693274
0.0675697
0.064526
0.0604926
0.0557336
0.0504335
0.0447867
0.0389381
0.0330324
0.0271706
0.0214497
0.0159267
0.0106601
0.0056687
0.000981574
0.0688705
0.0671008
0.064034
0.0599773
0.0551971
0.049883
0.0442293
0.0383831
0.0324871
0.0266428
0.0209448
0.01545
0.0102139
0.00525494
0.000597822
0.127808
0.129961
0.133383
0.138453
0.144515
0.15184
0.15999
0.169113
0.178918
0.189503
0.2006
0.212269
0.224235
0.236574
0.248973
0.127742
0.12989
0.133305
0.138366
0.144413
0.151722
0.159844
0.168939
0.178704
0.189245
0.200281
0.211888
0.223773
0.236028
0.248312
0.127608
0.129748
0.133151
0.138193
0.144212
0.151487
0.159554
0.168592
0.178275
0.188728
0.199647
0.211127
0.222849
0.234936
0.246988
0.127409
0.129537
0.132921
0.137934
0.143909
0.151135
0.159119
0.168073
0.177635
0.187957
0.198697
0.209987
0.221462
0.233294
0.244999
0.127144
0.129257
0.132616
0.13759
0.143512
0.150669
0.158543
0.167386
0.176786
0.186934
0.197436
0.208473
0.219616
0.231105
0.242343
0.126816
0.128909
0.132237
0.137163
0.143009
0.150085
0.157828
0.166533
0.175731
0.185662
0.195866
0.206586
0.217311
0.228369
0.239022
0.126425
0.128495
0.131786
0.136657
0.14243
0.149394
0.156977
0.165516
0.174473
0.184146
0.193992
0.204333
0.214551
0.225093
0.235043
0.125973
0.128017
0.131266
0.136069
0.141723
0.148584
0.155993
0.16434
0.173016
0.182391
0.191816
0.201717
0.211343
0.221282
0.230412
0.125461
0.127477
0.130678
0.135415
0.14099
0.147667
0.154879
0.163008
0.171364
0.1804
0.189344
0.198746
0.207692
0.216947
0.225143
0.124893
0.126876
0.130026
0.134675
0.140107
0.146643
0.153641
0.161523
0.169523
0.178178
0.186582
0.195427
0.203606
0.212098
0.219249
0.124269
0.126218
0.129311
0.13387
0.139174
0.145525
0.152284
0.159889
0.167498
0.175731
0.183534
0.191768
0.199092
0.20675
0.212749
0.123593
0.125504
0.128537
0.13298
0.138143
0.144305
0.150811
0.158109
0.165296
0.173063
0.18021
0.187777
0.194161
0.200918
0.205662
0.122867
0.124739
0.127708
0.132047
0.137036
0.142993
0.149227
0.156188
0.162922
0.170178
0.176616
0.183464
0.188822
0.194621
0.19801
0.122093
0.123924
0.126831
0.131041
0.135852
0.141591
0.147537
0.15413
0.160383
0.167082
0.172763
0.178835
0.183086
0.187879
0.189813
0.121274
0.123064
0.125876
0.129962
0.134602
0.140106
0.145744
0.15194
0.157686
0.163777
0.168661
0.173896
0.176967
0.180712
0.181088
0.120413
0.122165
0.124923
0.128829
0.133287
0.13854
0.143854
0.149625
0.15484
0.160272
0.164326
0.168652
0.170481
0.173137
0.171847
0.119514
0.121212
0.123868
0.127643
0.13191
0.136897
0.141867
0.147184
0.15184
0.156563
0.159762
0.1631
0.163654
0.165167
0.162095
0.118579
0.120238
0.12279
0.126412
0.130478
0.13519
0.139804
0.14465
0.148723
0.152688
0.154999
0.157251
0.156505
0.156778
0.151815
0.117606
0.119214
0.121666
0.125129
0.128976
0.133383
0.137606
0.141939
0.145392
0.148568
0.149989
0.151084
0.149104
0.147941
0.141017
0.116614
0.118159
0.120524
0.123855
0.12751
0.131658
0.135521
0.139374
0.142182
0.144507
0.144904
0.144709
0.141344
0.138553
0.129644
0.116614
0.118159
0.120524
0.123855
0.12751
0.131658
0.135521
0.139374
0.142182
0.144507
0.144904
0.144709
0.141345
0.138553
0.129644
0.117606
0.119214
0.121666
0.125129
0.128976
0.133383
0.137606
0.141939
0.145393
0.148568
0.149989
0.151084
0.149105
0.147941
0.141017
0.118579
0.120238
0.12279
0.126412
0.130478
0.13519
0.139804
0.14465
0.148723
0.152688
0.154999
0.157251
0.156505
0.156778
0.151815
0.119514
0.121212
0.123868
0.127643
0.13191
0.136897
0.141867
0.147185
0.15184
0.156563
0.159762
0.1631
0.163654
0.165167
0.162095
0.120413
0.122165
0.124923
0.128829
0.133287
0.13854
0.143854
0.149625
0.15484
0.160272
0.164326
0.168652
0.170481
0.173137
0.171847
0.121274
0.123064
0.125876
0.129962
0.134602
0.140106
0.145744
0.15194
0.157686
0.163777
0.168661
0.173896
0.176967
0.180712
0.181088
0.122093
0.123924
0.126831
0.131041
0.135852
0.141592
0.147537
0.15413
0.160383
0.167082
0.172763
0.178835
0.183086
0.187879
0.189813
0.122867
0.124739
0.127709
0.132047
0.137036
0.142993
0.149227
0.156188
0.162922
0.170178
0.176616
0.183464
0.188822
0.194621
0.19801
0.123593
0.125504
0.128537
0.13298
0.138143
0.144305
0.150811
0.158109
0.165296
0.173063
0.18021
0.187777
0.194161
0.200918
0.205663
0.124269
0.126218
0.129311
0.13387
0.139174
0.145525
0.152284
0.159889
0.167498
0.175731
0.183534
0.191768
0.199092
0.20675
0.212749
0.124893
0.126876
0.130026
0.134675
0.140107
0.146643
0.153641
0.161523
0.169523
0.178178
0.186582
0.195427
0.203606
0.212098
0.219249
0.125461
0.127477
0.130678
0.135415
0.14099
0.147667
0.154879
0.163008
0.171364
0.1804
0.189344
0.198746
0.207692
0.216947
0.225143
0.125973
0.128017
0.131266
0.136069
0.141723
0.148584
0.155993
0.16434
0.173016
0.182391
0.191816
0.201717
0.211343
0.221282
0.230412
0.126425
0.128495
0.131786
0.136657
0.14243
0.149394
0.156977
0.165516
0.174473
0.184147
0.193992
0.204333
0.214551
0.225093
0.235043
0.126816
0.128909
0.132237
0.137163
0.143009
0.150085
0.157828
0.166533
0.175731
0.185662
0.195866
0.206586
0.217311
0.228369
0.239022
0.127144
0.129257
0.132616
0.13759
0.143512
0.150669
0.158543
0.167386
0.176786
0.186934
0.197436
0.208473
0.219616
0.231105
0.242343
0.127409
0.129537
0.132921
0.137934
0.143909
0.151135
0.159119
0.168073
0.177635
0.187957
0.198697
0.209987
0.221462
0.233294
0.244999
0.127608
0.129748
0.133151
0.138193
0.144212
0.151487
0.159554
0.168592
0.178275
0.188728
0.199647
0.211127
0.222849
0.234936
0.246988
0.127742
0.12989
0.133305
0.138366
0.144413
0.151722
0.159844
0.168939
0.178704
0.189245
0.200281
0.211888
0.223773
0.236028
0.248312
0.127808
0.129961
0.133383
0.138453
0.144515
0.15184
0.15999
0.169113
0.178918
0.189503
0.2006
0.212269
0.224235
0.236574
0.248973
0.0688706
0.0671009
0.0640342
0.0599775
0.0551972
0.0498832
0.0442294
0.0383832
0.0324872
0.026643
0.020945
0.0154502
0.010214
0.00525512
0.000598004
0.0693275
0.0675699
0.0645261
0.0604927
0.0557338
0.0504337
0.0447868
0.0389382
0.0330326
0.0271707
0.0214498
0.0159268
0.0106603
0.00566888
0.000981756
0.0701763
0.0684419
0.0654403
0.0614517
0.0567338
0.0514619
0.0458299
0.0399794
0.0340575
0.0281647
0.0224021
0.0168276
0.0115045
0.00645214
0.00170563
0.0713555
0.0696543
0.0667138
0.0627911
0.0581345
0.0529066
0.0472999
0.0414509
0.0355097
0.0295762
0.023757
0.0181113
0.0127092
0.0075717
0.00274327
0.0728082
0.0711507
0.06829
0.0644545
0.0598808
0.0547147
0.0491466
0.043306
0.0373462
0.0313662
0.0254793
0.0197467
0.0142468
0.00900318
0.0040718
0.074483
0.0728798
0.0701178
0.0663911
0.0619231
0.056839
0.0513262
0.0455046
0.0395312
0.033503
0.0275414
0.0217097
0.0160967
0.0107285
0.0056758
0.0763333
0.0747951
0.0721507
0.068555
0.0642169
0.0592376
0.0538
0.0480121
0.0420341
0.0359603
0.0299211
0.0239817
0.0182432
0.0127348
0.00754459
0.0783172
0.0768551
0.0743469
0.0709045
0.066722
0.0618723
0.0565334
0.0507976
0.0448285
0.0387157
0.0326
0.0265481
0.0206747
0.015013
0.00967109
0.0803975
0.0790225
0.0766684
0.0734018
0.0694013
0.0647087
0.0594946
0.0538333
0.0478905
0.0417499
0.0355626
0.0293969
0.0233825
0.0175568
0.012051
0.0825411
0.0812642
0.079081
0.0760125
0.0722211
0.0677144
0.0626543
0.0570931
0.0511984
0.0450451
0.0387956
0.0325184
0.0263598
0.0203621
0.014682
0.0847193
0.083551
0.0815541
0.0787055
0.0751503
0.0708596
0.0659847
0.0605527
0.0547315
0.0485851
0.0422866
0.035904
0.0296013
0.023426
0.0175631
0.086907
0.0858575
0.0840603
0.0814528
0.0781602
0.0741161
0.0694593
0.0641884
0.0584698
0.0523538
0.0460238
0.0395459
0.0331025
0.0267467
0.0206944
0.089083
0.0881614
0.0865755
0.0842291
0.0812244
0.0774576
0.0730529
0.0679773
0.0623937
0.0563358
0.0499958
0.0434365
0.036859
0.0303228
0.0240763
0.0912291
0.0904436
0.0890783
0.0870119
0.0843184
0.0808594
0.076741
0.0718968
0.0664837
0.0605152
0.0541907
0.0475679
0.0408666
0.0341527
0.0277093
0.0933304
0.0926878
0.0915505
0.0897814
0.0874199
0.0842982
0.0805
0.0759247
0.0707199
0.0648758
0.0585961
0.0519319
0.0451206
0.0382348
0.0315938
0.0953749
0.0948804
0.0939765
0.0925198
0.0905086
0.0877524
0.0843072
0.0800391
0.0750824
0.0694006
0.0631991
0.0565197
0.0496156
0.042567
0.0357297
0.097353
0.0970101
0.0963433
0.0952119
0.093566
0.0912021
0.0881404
0.0842181
0.0795508
0.0740721
0.0679859
0.0613212
0.0543453
0.0471462
0.0401158
0.0992571
0.099068
0.0986402
0.0978445
0.0965759
0.0946287
0.0919786
0.0884407
0.0841043
0.0788717
0.0729418
0.0663256
0.0593027
0.0519684
0.04475
0.101082
0.101047
0.100859
0.100406
0.099524
0.0980154
0.0958017
0.0926863
0.0887218
0.0837806
0.0780512
0.0715209
0.0644799
0.0570285
0.0496288
0.102824
0.102942
0.102993
0.102888
0.102398
0.101347
0.0995909
0.0969349
0.0933817
0.0887793
0.0832976
0.0768937
0.0698682
0.0623203
0.0547475
0.10448
0.104749
0.105038
0.105282
0.105188
0.104609
0.103329
0.101168
0.0980622
0.0938482
0.0886631
0.08243
0.0754587
0.0678362
0.0600998
0.10605
0.106467
0.106991
0.107581
0.107885
0.10779
0.107
0.105366
0.102742
0.0989677
0.0941283
0.0881151
0.0812421
0.0735672
0.0656789
0.107533
0.108095
0.108849
0.109783
0.110484
0.110878
0.110589
0.109512
0.107399
0.104118
0.0996723
0.0939347
0.087208
0.0795031
0.071477
0.108931
0.109633
0.110613
0.111883
0.112978
0.113864
0.114086
0.113589
0.112014
0.10928
0.105273
0.0998756
0.0933461
0.0856349
0.077486
0.110245
0.111082
0.112282
0.11388
0.115365
0.116742
0.117479
0.117582
0.116568
0.114432
0.110906
0.105926
0.099646
0.0919626
0.0837041
0.111478
0.112445
0.113859
0.115773
0.117643
0.119504
0.120762
0.121476
0.121045
0.119556
0.116552
0.112077
0.106096
0.0985014
0.0901488
0.112631
0.113723
0.115344
0.117565
0.11981
0.122148
0.123928
0.12526
0.125432
0.124629
0.122185
0.118311
0.112669
0.105262
0.0968337
0.113708
0.11492
0.116739
0.119254
0.121867
0.124668
0.126968
0.128916
0.129706
0.129614
0.127767
0.124581
0.1193
0.112202
0.103644
0.114711
0.116037
0.118045
0.120838
0.123804
0.127051
0.12986
0.132411
0.133826
0.134456
0.133241
0.130814
0.12594
0.119297
0.110205
0.115646
0.11708
0.119264
0.122319
0.125621
0.129296
0.132603
0.135751
0.137806
0.139197
0.138698
0.137159
0.132888
0.127243
0.116773
-0.00304139
-0.00580899
-0.00864055
-0.0115196
-0.0144358
-0.0173854
-0.0203675
-0.0233807
-0.0264226
-0.02949
-0.0325794
-0.0356874
-0.0388108
-0.0419463
-0.0450906
-0.0482404
-0.0513922
-0.0545428
-0.0576913
-0.0608396
-0.00266328
-0.0054262
-0.00826146
-0.0111444
-0.0140636
-0.0170175
-0.0200073
-0.0230328
-0.0260916
-0.0291804
-0.0322953
-0.0354329
-0.0385898
-0.0417627
-0.0449483
-0.0481431
-0.0513438
-0.0545474
-0.0577512
-0.0609519
-0.00197047
-0.00476298
-0.00764762
-0.0105818
-0.0135484
-0.016548
-0.019585
-0.0226606
-0.0257723
-0.028916
-0.0320871
-0.0352818
-0.0384965
-0.0417276
-0.0449714
-0.0482239
-0.0514808
-0.0547382
-0.0579949
-0.0612509
-0.000979723
-0.00382508
-0.00678832
-0.00979982
-0.012835
-0.0158983
-0.0189993
-0.0221419
-0.0253233
-0.0285383
-0.0317819
-0.03505
-0.0383391
-0.0416457
-0.0449662
-0.0482969
-0.0516338
-0.0549736
-0.0583144
-0.0616531
0.000285243
-0.00263756
-0.00571095
-0.00882929
-0.0119589
-0.0151098
-0.0182989
-0.0215329
-0.0248086
-0.0281192
-0.0314586
-0.0348227
-0.038208
-0.041611
-0.045028
-0.0484547
-0.0518868
-0.0553202
-0.0587539
-0.0621861
0.00181183
-0.00121097
-0.00442363
-0.00767486
-0.0109203
-0.0141783
-0.0174748
-0.0208197
-0.0242087
-0.0276331
-0.0310858
-0.0345624
-0.0380599
-0.041575
-0.045104
-0.0486426
-0.0521865
-0.055732
-0.0592783
-0.0628223
0.00359099
0.000446211
-0.00293458
-0.00634402
-0.00972615
-0.0131105
-0.0165342
-0.0200105
-0.0235332
-0.027091
-0.0306759
-0.0342834
-0.0379111
-0.041556
-0.0452142
-0.0488811
-0.0525522
-0.0562235
-0.0598953
-0.0635645
0.00561734
0.00232903
-0.00124841
-0.00484032
-0.0083786
-0.0119075
-0.0154775
-0.0191048
-0.0227805
-0.0264902
-0.0302245
-0.0339796
-0.0377538
-0.0415441
-0.0453468
-0.049157
-0.0529702
-0.0567825
-0.060595
-0.0644041
0.00788812
0.00443484
0.0006322
-0.0031657
-0.0068787
-0.01057
-0.0143055
-0.0181039
-0.021952
-0.0258317
-0.0297328
-0.0336525
-0.0375895
-0.0415415
-0.0455044
-0.0494731
-0.0534431
-0.0574101
-0.0613769
-0.0653393
0.0104025
0.00676262
0.00270604
-0.00132065
-0.00522619
-0.00909765
-0.0130182
-0.0170078
-0.0210474
-0.0251151
-0.0292001
-0.0333008
-0.0374169
-0.0415463
-0.0456845
-0.0498265
-0.0539674
-0.0581031
-0.062238
-0.0663672
0.0131609
0.00931246
0.00497298
0.000695423
-0.00341981
-0.00748928
-0.011615
-0.0158163
-0.0200667
-0.0243401
-0.0286259
-0.0329242
-0.0372357
-0.0415582
-0.0458872
-0.050217
-0.0545429
-0.0588609
-0.0631771
-0.0674864
0.0161648
0.0120852
0.00743361
0.00288391
-0.00145766
-0.00574341
-0.0100951
-0.0145289
-0.0190092
-0.0235059
-0.0280096
-0.0325221
-0.0370454
-0.041577
-0.0461118
-0.0506442
-0.0551693
-0.0596827
-0.0641935
-0.0686957
0.0194159
0.0150818
0.0100889
0.00524675
0.00066262
-0.00385833
-0.00845775
-0.0131451
-0.0178742
-0.0226117
-0.0273502
-0.0320941
-0.0368458
-0.0416023
-0.0463581
-0.0511075
-0.0558456
-0.0605676
-0.0652863
-0.0699946
0.0229161
0.0183036
0.0129402
0.00778626
0.0029436
-0.00183235
-0.006702
-0.0116642
-0.0166606
-0.0216564
-0.0266471
-0.0316397
-0.0366366
-0.0416342
-0.0466269
-0.0516088
-0.0565748
-0.0615181
-0.0664572
-0.071384
0.0266672
0.0217512
0.0159885
0.0105049
0.00538784
0.000336026
-0.00482717
-0.0100852
-0.0153674
-0.0206388
-0.0258995
-0.0311583
-0.0364171
-0.0416713
-0.0469147
-0.0521421
-0.057348
-0.0625267
-0.067702
-0.0728618
0.0306702
0.0254249
0.0192349
0.013405
0.00799776
0.00264798
-0.00283267
-0.00840733
-0.0139932
-0.0195579
-0.0251068
-0.0306499
-0.036188
-0.0417161
-0.0472299
-0.0527255
-0.0581959
-0.0636161
-0.0690345
-0.0744348
0.0349254
0.0293241
0.0226799
0.016489
0.0107754
0.0051043
-0.000718035
-0.00662948
-0.0125367
-0.0184126
-0.0242685
-0.0301137
-0.0359462
-0.0417587
-0.047545
-0.0533015
-0.0590302
-0.0647609
-0.0704551
-0.0761045
0.0394316
0.0334468
0.0263234
0.0197586
0.0137223
0.00770528
0.00151709
-0.00475043
-0.0109964
-0.0172022
-0.0233848
-0.0295519
-0.0356984
-0.0418173
-0.0479046
-0.0539581
-0.0599776
-0.0659807
-0.0719444
-0.0778582
0.0441861
0.0377895
0.0301644
0.0232153
0.0168394
0.0104506
0.00387296
-0.00276883
-0.00937084
-0.0159259
-0.0224556
-0.0289637
-0.0354418
-0.0418826
-0.0482829
-0.0546411
-0.0609569
-0.0672535
-0.0735061
-0.0796998
0.0491841
0.0423464
0.0342007
0.0268598
0.0201267
0.0133395
0.00634976
-0.000683127
-0.00765848
-0.0145827
-0.0214799
-0.0283481
-0.0351756
-0.0419559
-0.0486872
-0.0553679
-0.0619968
-0.0685989
-0.0751501
-0.0816336
0.0544179
0.0471092
0.0384288
0.0306922
0.0235833
0.0163701
0.00894763
0.00150831
-0.00585796
-0.0131721
-0.0204573
-0.0277046
-0.0348994
-0.0420368
-0.0491156
-0.0561337
-0.0630891
-0.0700114
-0.0768744
-0.0836587
0.0598767
0.0520654
0.0428437
0.0347119
0.027207
0.0195398
0.0116666
0.00380702
-0.00396841
-0.0116936
-0.019387
-0.027032
-0.0346124
-0.042125
-0.0495687
-0.0569406
-0.0642372
-0.0714935
-0.0786808
-0.0857765
0.0655446
0.057198
0.0474389
0.0389176
0.0309936
0.0228453
0.0145072
0.00621446
-0.00198947
-0.0101472
-0.0182682
-0.0263292
-0.034314
-0.0422204
-0.0500469
-0.0577889
-0.0654411
-0.0730458
-0.0805698
-0.0879872
0.0713973
0.0624826
0.0522064
0.0433065
0.0349365
0.0262821
0.0174696
0.00873131
7.8529e-05
-0.0085325
-0.0170993
-0.0255946
-0.0340028
-0.0423222
-0.0505494
-0.0586783
-0.0667011
-0.0746689
-0.0825422
-0.0902911
0.0773979
0.0678853
0.0571377
0.0478744
0.039027
0.0298471
0.0205551
0.0113571
0.0022338
-0.00685017
-0.0158802
-0.0248281
-0.0336789
-0.0424302
-0.0510773
-0.0596119
-0.0680201
-0.0763653
-0.0845993
-0.0926882
0.0834966
0.0733629
0.0622207
0.0526089
0.04325
0.0335367
0.0237653
0.0140926
0.0044785
-0.00509587
-0.0146062
-0.0240255
-0.0333387
-0.042541
-0.0516254
-0.0605789
-0.0693909
-0.0781333
-0.0867415
-0.0951795
0.0896328
0.0788801
0.0674549
0.0574984
0.0475929
0.0373459
0.027091
0.0169234
0.00679938
-0.0032802
-0.013286
-0.0231934
-0.0329865
-0.0426592
-0.0522077
-0.0616177
-0.0708413
-0.0799868
-0.0889748
-0.0977682
0.0956946
0.0843905
0.0728191
0.0625103
0.052053
0.0413016
0.0305657
0.0198862
0.00923476
-0.00136878
-0.0118922
-0.0223104
-0.0326036
-0.0427575
-0.0527606
-0.0625869
-0.0722977
-0.081902
-0.0912865
-0.100442
0.101435
0.0899079
0.0783356
0.0675906
0.0565451
0.0452846
0.0340483
0.0228428
0.0116593
0.000527505
-0.0105195
-0.0214587
-0.0322716
-0.0429538
-0.0535165
-0.0639404
-0.0739652
-0.0839185
-0.0936586
-0.103173
0.10614
0.0950849
0.0839467
0.0729311
0.061458
0.0497582
0.0380284
0.0262926
0.0145646
0.00288021
-0.00871656
-0.0201937
-0.0315229
-0.0426739
-0.0536204
-0.0644123
-0.0754025
-0.0859713
-0.0961399
-0.106033
-0.0639838
-0.0671156
-0.0702293
-0.0733229
-0.0763953
-0.0794451
-0.0824701
-0.0854679
-0.0884362
-0.091373
-0.0942763
-0.0971442
-0.0999753
-0.102768
-0.10552
-0.108231
-0.1109
-0.113524
-0.116106
-0.118644
-0.0641437
-0.0673214
-0.0704828
-0.0736256
-0.076747
-0.0798442
-0.0829144
-0.0859547
-0.0889627
-0.0919358
-0.094872
-0.0977689
-0.100625
-0.103438
-0.106206
-0.108929
-0.111604
-0.11423
-0.116809
-0.11934
-0.0645022
-0.067741
-0.0709615
-0.0741608
-0.0773366
-0.0804866
-0.083608
-0.086698
-0.0897538
-0.092773
-0.0957533
-0.0986924
-0.101589
-0.10444
-0.107244
-0.11
-0.112708
-0.115364
-0.117975
-0.12054
-0.0649836
-0.0682993
-0.0715962
-0.0748719
-0.0781237
-0.0813489
-0.0845442
-0.0877067
-0.0908335
-0.0939218
-0.0969693
-0.0999736
-0.102933
-0.105844
-0.108708
-0.11152
-0.114281
-0.116989
-0.119651
-0.122271
-0.0656111
-0.0690212
-0.0724115
-0.0757792
-0.0791217
-0.0824361
-0.0857194
-0.0889682
-0.0921798
-0.0953513
-0.0984804
-0.101565
-0.104602
-0.10759
-0.110528
-0.113413
-0.116246
-0.119024
-0.121759
-0.124456
-0.0663574
-0.0698761
-0.0733738
-0.0768478
-0.0802958
-0.0837146
-0.0871011
-0.090452
-0.0937643
-0.0970352
-0.100262
-0.103443
-0.106576
-0.109658
-0.112688
-0.115664
-0.118588
-0.121454
-0.124282
-0.127076
-0.067224
-0.0708658
-0.0744854
-0.0780801
-0.0816475
-0.0851847
-0.0886884
-0.0921553
-0.0955825
-0.0989669
-0.102306
-0.105598
-0.108841
-0.112032
-0.11517
-0.118252
-0.121283
-0.124254
-0.127192
-0.130102
-0.0682019
-0.0719804
-0.075735
-0.0794636
-0.0831638
-0.0868326
-0.0904668
-0.094063
-0.0976184
-0.10113
-0.104596
-0.108013
-0.11138
-0.114694
-0.117955
-0.121159
-0.124311
-0.127404
-0.130468
-0.133512
-0.0692889
-0.0732172
-0.07712
-0.0809953
-0.0848409
-0.0886541
-0.0924315
-0.0961699
-0.0998664
-0.103518
-0.107123
-0.110678
-0.114183
-0.117634
-0.121032
-0.124371
-0.12766
-0.130888
-0.134093
-0.137287
-0.0704817
-0.0745725
-0.0786358
-0.0826701
-0.0866736
-0.0906432
-0.094576
-0.0984685
-0.102318
-0.106122
-0.109879
-0.113584
-0.117239
-0.120839
-0.124387
-0.127874
-0.131313
-0.13469
-0.138051
-0.141409
-0.0717784
-0.0760442
-0.0802802
-0.0844855
-0.0886584
-0.0927962
-0.0968958
-0.100954
-0.104968
-0.108936
-0.112855
-0.116724
-0.12054
-0.124301
-0.12801
-0.131658
-0.135259
-0.138797
-0.142327
-0.145862
-0.0731779
-0.0776307
-0.0820512
-0.0864389
-0.0907927
-0.0951098
-0.0993872
-0.103622
-0.107812
-0.111954
-0.116047
-0.120088
-0.124077
-0.12801
-0.131891
-0.13571
-0.139485
-0.143194
-0.146905
-0.15063
-0.0746794
-0.0793309
-0.0839472
-0.0885284
-0.0930738
-0.0975809
-0.102047
-0.106468
-0.110843
-0.11517
-0.119446
-0.12367
-0.127842
-0.131956
-0.136019
-0.140019
-0.143977
-0.147869
-0.15177
-0.155694
-0.0762833
-0.081145
-0.0859678
-0.0907532
-0.0955005
-0.100207
-0.104871
-0.109489
-0.114059
-0.118579
-0.123048
-0.127463
-0.131825
-0.136129
-0.140383
-0.144573
-0.148723
-0.152804
-0.156905
-0.161037
-0.0779877
-0.0830705
-0.0881108
-0.0931108
-0.0980702
-0.102987
-0.107857
-0.11268
-0.117454
-0.122175
-0.126844
-0.131458
-0.136019
-0.140521
-0.144972
-0.149358
-0.153707
-0.157984
-0.162291
-0.166638
-0.0797956
-0.0851092
-0.090377
-0.0956014
-0.100782
-0.105917
-0.111003
-0.116039
-0.121023
-0.125953
-0.130829
-0.135648
-0.140414
-0.145118
-0.149773
-0.15436
-0.158913
-0.163392
-0.16791
-0.172474
-0.0817071
-0.0872605
-0.0927656
-0.0982237
-0.103634
-0.108995
-0.114304
-0.119559
-0.12476
-0.129906
-0.134994
-0.140024
-0.144999
-0.149911
-0.154773
-0.159565
-0.164325
-0.169008
-0.17374
-0.178522
-0.083718
-0.0895229
-0.0952748
-0.100975
-0.106624
-0.112218
-0.117756
-0.123238
-0.128661
-0.134027
-0.139331
-0.144577
-0.149763
-0.154886
-0.159956
-0.164956
-0.169924
-0.174812
-0.179757
-0.184759
-0.0858295
-0.0918963
-0.0979043
-0.103856
-0.109749
-0.115584
-0.121357
-0.12707
-0.13272
-0.138309
-0.143832
-0.149295
-0.154693
-0.160029
-0.165307
-0.170517
-0.175689
-0.180786
-0.18594
-0.191163
-0.0880431
-0.0943814
-0.100654
-0.106863
-0.113008
-0.119089
-0.125102
-0.13105
-0.136928
-0.142744
-0.148486
-0.154169
-0.159777
-0.165328
-0.170808
-0.176229
-0.1816
-0.186906
-0.192262
-0.197709
-0.090358
-0.0969766
-0.103521
-0.109996
-0.116398
-0.122729
-0.128985
-0.135171
-0.14128
-0.147323
-0.153283
-0.159186
-0.165
-0.170768
-0.176444
-0.182078
-0.187638
-0.193152
-0.198698
-0.204369
-0.0927747
-0.0996821
-0.106507
-0.113252
-0.119917
-0.126501
-0.133003
-0.139428
-0.145766
-0.152034
-0.158209
-0.164329
-0.170344
-0.176326
-0.182189
-0.188039
-0.193776
-0.199504
-0.205223
-0.211114
-0.0952933
-0.102497
-0.109608
-0.11663
-0.12356
-0.130401
-0.137149
-0.143812
-0.150379
-0.15687
-0.163257
-0.169588
-0.175793
-0.181982
-0.188013
-0.194077
-0.199966
-0.205917
-0.211789
-0.217903
-0.0979131
-0.105421
-0.112824
-0.120126
-0.127326
-0.134424
-0.14142
-0.148319
-0.155115
-0.161824
-0.168422
-0.174958
-0.181354
-0.187743
-0.193929
-0.200199
-0.206201
-0.212374
-0.218349
-0.224701
-0.100633
-0.108451
-0.116152
-0.123739
-0.131209
-0.138565
-0.145807
-0.152941
-0.159961
-0.166884
-0.173689
-0.180423
-0.187011
-0.193594
-0.199944
-0.206422
-0.212518
-0.218922
-0.224926
-0.231527
-0.103454
-0.111586
-0.119588
-0.12746
-0.135201
-0.142812
-0.150294
-0.157651
-0.164884
-0.172002
-0.178994
-0.185898
-0.192655
-0.199397
-0.205903
-0.212568
-0.218772
-0.22544
-0.231452
-0.238371
-0.10638
-0.114831
-0.123133
-0.131287
-0.139293
-0.14715
-0.154861
-0.162428
-0.169853
-0.177143
-0.184293
-0.191328
-0.198213
-0.205047
-0.211659
-0.218426
-0.22472
-0.231632
-0.237659
-0.245063
-0.109404
-0.118189
-0.126803
-0.13525
-0.143529
-0.151642
-0.15959
-0.167378
-0.175008
-0.182486
-0.189813
-0.197001
-0.204034
-0.210971
-0.217698
-0.224512
-0.23087
-0.237919
-0.243882
-0.251846
-0.112498
-0.121643
-0.130608
-0.13939
-0.147987
-0.1564
-0.164635
-0.172697
-0.180592
-0.188325
-0.195902
-0.203329
-0.210604
-0.217747
-0.224701
-0.231624
-0.238136
-0.245172
-0.251077
-0.259329
-0.115688
-0.125146
-0.134423
-0.143501
-0.152369
-0.16103
-0.169489
-0.177753
-0.185833
-0.193735
-0.201471
-0.209047
-0.216474
-0.223752
-0.230874
-0.237873
-0.244581
-0.251422
-0.257428
-0.26535
-0.124963
-0.134578
-0.1436
-0.151782
-0.158908
-0.164802
-0.169308
-0.17229
-0.173613
-0.173194
-0.170983
-0.167012
-0.161329
-0.154069
-0.145378
-0.135501
-0.124674
-0.113214
-0.101387
-0.0895094
-0.0777986
-0.0664973
-0.0557271
-0.0456381
-0.0362865
-0.0278257
-0.0202425
-0.0136212
-0.00772159
-0.00252225
-0.125694
-0.135357
-0.144389
-0.152554
-0.159652
-0.165514
-0.169983
-0.172917
-0.174181
-0.173696
-0.171416
-0.167375
-0.161623
-0.154294
-0.145537
-0.1356
-0.124721
-0.113216
-0.101355
-0.0894538
-0.0777292
-0.0664211
-0.0556499
-0.0455619
-0.0362139
-0.0277571
-0.0201834
-0.0135728
-0.00769131
-0.00251091
-0.127032
-0.136805
-0.145854
-0.153989
-0.161036
-0.166842
-0.171242
-0.174086
-0.175239
-0.17463
-0.172223
-0.168052
-0.162169
-0.154712
-0.145833
-0.135784
-0.124806
-0.113219
-0.101296
-0.0893492
-0.0775994
-0.0662786
-0.0555065
-0.0454196
-0.0360787
-0.0276289
-0.0200734
-0.013482
-0.00763475
-0.00248881
-0.128947
-0.138864
-0.14793
-0.156014
-0.16299
-0.168716
-0.173016
-0.175729
-0.176723
-0.17594
-0.173352
-0.168999
-0.162932
-0.155294
-0.146245
-0.136038
-0.124923
-0.11322
-0.10121
-0.089201
-0.0774165
-0.0660786
-0.0553057
-0.0452201
-0.0358894
-0.0274491
-0.0199192
-0.0133544
-0.00755539
-0.00245714
-0.131377
-0.141468
-0.15054
-0.158553
-0.165442
-0.171068
-0.175238
-0.177781
-0.178573
-0.177571
-0.174759
-0.170177
-0.16388
-0.156016
-0.146754
-0.13635
-0.125064
-0.113217
-0.101098
-0.0890133
-0.0771867
-0.0658284
-0.0550555
-0.0449714
-0.0356537
-0.0272246
-0.0197271
-0.0131947
-0.00745636
-0.0024168
-0.134289
-0.14457
-0.153628
-0.161552
-0.168338
-0.173842
-0.177852
-0.180187
-0.180737
-0.179479
-0.176403
-0.17155
-0.164984
-0.156855
-0.147343
-0.136708
-0.125222
-0.113207
-0.100963
-0.0887896
-0.0769155
-0.0655347
-0.054763
-0.0446806
-0.0353784
-0.0269618
-0.0195024
-0.013007
-0.00734043
-0.00236848
-0.137652
-0.148128
-0.157143
-0.164957
-0.171625
-0.176987
-0.180805
-0.182896
-0.183171
-0.181622
-0.178247
-0.173089
-0.166217
-0.15779
-0.147996
-0.137102
-0.12539
-0.113188
-0.100804
-0.088533
-0.0766075
-0.0652033
-0.0544345
-0.044354
-0.0350696
-0.0266661
-0.0192498
-0.0127951
-0.00721005
-0.0023128
-0.141441
-0.152102
-0.161041
-0.168725
-0.175259
-0.180457
-0.184052
-0.185865
-0.185832
-0.183964
-0.180259
-0.174765
-0.167558
-0.158804
-0.148701
-0.137523
-0.125564
-0.113157
-0.100622
-0.0882461
-0.0762671
-0.0648393
-0.0540757
-0.0439972
-0.0347326
-0.0263425
-0.0189737
-0.0125623
-0.00706739
-0.00225026
-0.145632
-0.156458
-0.165281
-0.172814
-0.179198
-0.184209
-0.187549
-0.189052
-0.188685
-0.186471
-0.182411
-0.176553
-0.168985
-0.159879
-0.149444
-0.137961
-0.125739
-0.113112
-0.100418
-0.0879313
-0.0758981
-0.0644476
-0.0536916
-0.0436153
-0.0343724
-0.0259955
-0.0186778
-0.0123115
-0.00691437
-0.00218133
-0.150205
-0.161161
-0.169826
-0.177187
-0.183405
-0.188203
-0.191255
-0.192421
-0.191697
-0.189115
-0.184674
-0.178431
-0.17048
-0.161002
-0.150216
-0.138409
-0.125909
-0.113052
-0.100191
-0.087591
-0.0755038
-0.0640322
-0.0532867
-0.0432129
-0.0339932
-0.0256289
-0.0183655
-0.0120455
-0.00675271
-0.00210646
-0.155138
-0.16618
-0.17464
-0.181809
-0.187846
-0.192403
-0.195136
-0.195939
-0.194838
-0.191868
-0.187028
-0.180379
-0.172027
-0.162159
-0.151006
-0.138862
-0.126072
-0.112976
-0.0999435
-0.0872273
-0.0750877
-0.0635972
-0.0528653
-0.0427942
-0.0335989
-0.0252464
-0.0180398
-0.0117666
-0.00658392
-0.00202603
-0.160412
-0.17148
-0.179689
-0.186647
-0.192486
-0.196773
-0.199156
-0.199576
-0.198081
-0.194706
-0.189449
-0.182381
-0.173613
-0.163341
-0.151807
-0.139314
-0.126225
-0.112883
-0.0996753
-0.0868424
-0.0746526
-0.063146
-0.0524308
-0.0423629
-0.0331929
-0.0248512
-0.0177034
-0.0114772
-0.00640934
-0.00194048
-0.166004
-0.177029
-0.184942
-0.191672
-0.197294
-0.20128
-0.203286
-0.203305
-0.201402
-0.197607
-0.19192
-0.184419
-0.175223
-0.164537
-0.152611
-0.139761
-0.126364
-0.112772
-0.0993876
-0.0864382
-0.0742013
-0.0626819
-0.0519867
-0.0419223
-0.0327781
-0.0244462
-0.0173586
-0.0111793
-0.00623016
-0.0018502
-0.171891
-0.182793
-0.190366
-0.196853
-0.202238
-0.205892
-0.207498
-0.207103
-0.204779
-0.200553
-0.194423
-0.186481
-0.176848
-0.165739
-0.153413
-0.140198
-0.126489
-0.112644
-0.0990814
-0.0860169
-0.0737363
-0.0622079
-0.0515359
-0.0414754
-0.0323573
-0.024034
-0.0170077
-0.0108749
-0.00604744
-0.00175563
-0.178049
-0.188736
-0.195933
-0.202165
-0.20729
-0.210581
-0.211767
-0.210946
-0.208192
-0.203525
-0.196945
-0.188554
-0.178478
-0.166939
-0.154207
-0.140623
-0.126598
-0.112497
-0.0987579
-0.0855804
-0.0732601
-0.0617267
-0.0510811
-0.0410249
-0.031933
-0.0236171
-0.0166524
-0.0105656
-0.00586212
-0.00165721
-0.184452
-0.194826
-0.201616
-0.207582
-0.212421
-0.21532
-0.216071
-0.214817
-0.211623
-0.206508
-0.199472
-0.190629
-0.180103
-0.168132
-0.15499
-0.141033
-0.126689
-0.112333
-0.0984185
-0.0851307
-0.0727749
-0.0612409
-0.0506247
-0.0405733
-0.0315073
-0.0231976
-0.0162946
-0.0102532
-0.00567506
-0.00155541
-0.19107
-0.201027
-0.207388
-0.21308
-0.217605
-0.220085
-0.22039
-0.218695
-0.215057
-0.209488
-0.201993
-0.192695
-0.181718
-0.169312
-0.155756
-0.141427
-0.126763
-0.112153
-0.0980644
-0.0846698
-0.0722829
-0.0607527
-0.0501689
-0.0401226
-0.0310821
-0.0227774
-0.0159358
-0.00993915
-0.00548702
-0.00145075
-0.197871
-0.207308
-0.213226
-0.218636
-0.222815
-0.224855
-0.224707
-0.222567
-0.218478
-0.212453
-0.204497
-0.194745
-0.183315
-0.170475
-0.156505
-0.141802
-0.126818
-0.111957
-0.0976972
-0.0841995
-0.0717862
-0.0602643
-0.0497158
-0.0396748
-0.0306591
-0.0223584
-0.0155775
-0.00962484
-0.00529874
-0.00134376
-0.204819
-0.213637
-0.219108
-0.224225
-0.228029
-0.229609
-0.229005
-0.226415
-0.221874
-0.215392
-0.206976
-0.196771
-0.18489
-0.171617
-0.157232
-0.142158
-0.126856
-0.111746
-0.0973185
-0.083722
-0.0712868
-0.0597778
-0.0492669
-0.0392317
-0.0302401
-0.021942
-0.0152211
-0.00931161
-0.00511088
-0.001235
-0.211873
-0.219984
-0.225011
-0.229823
-0.233223
-0.23433
-0.233268
-0.230227
-0.225232
-0.218295
-0.209422
-0.198767
-0.186436
-0.172733
-0.157936
-0.142494
-0.126876
-0.111521
-0.0969301
-0.0832392
-0.0707866
-0.059295
-0.0488241
-0.0387949
-0.0298263
-0.0215299
-0.0148678
-0.00900072
-0.0049241
-0.00112505
-0.218989
-0.226318
-0.230913
-0.235407
-0.238377
-0.239002
-0.237483
-0.233987
-0.228541
-0.221151
-0.211825
-0.200724
-0.187949
-0.173821
-0.158616
-0.14281
-0.126879
-0.111284
-0.0965339
-0.0827532
-0.0702878
-0.0588176
-0.0483888
-0.0383658
-0.0294191
-0.0211235
-0.0145189
-0.00869333
-0.00473904
-0.00101448
-0.226123
-0.232613
-0.236795
-0.240951
-0.243471
-0.243607
-0.241633
-0.237681
-0.231787
-0.223949
-0.214176
-0.202638
-0.189423
-0.174877
-0.159268
-0.143105
-0.126866
-0.111037
-0.096132
-0.0822663
-0.0697922
-0.0583473
-0.0479623
-0.0379457
-0.0290198
-0.0207239
-0.0141754
-0.00839056
-0.0045563
-0.000903885
-0.23323
-0.238844
-0.242635
-0.246432
-0.248485
-0.24813
-0.245703
-0.241297
-0.234959
-0.226679
-0.216467
-0.204499
-0.190853
-0.175897
-0.159892
-0.143379
-0.126838
-0.110781
-0.0957265
-0.0817806
-0.0693017
-0.0578858
-0.0475458
-0.0375357
-0.0286294
-0.0203326
-0.0138384
-0.00809346
-0.00437647
-0.000793835
-0.24026
-0.244987
-0.248414
-0.251826
-0.253399
-0.252552
-0.249674
-0.244814
-0.23804
-0.229327
-0.218687
-0.206299
-0.192233
-0.176878
-0.160485
-0.143632
-0.126795
-0.110518
-0.0953198
-0.0812984
-0.0688184
-0.0574344
-0.0471405
-0.0371369
-0.0282488
-0.0199505
-0.013509
-0.007803
-0.00420011
-0.000684906
-0.247164
-0.251019
-0.254108
-0.257104
-0.25819
-0.256852
-0.253524
-0.248213
-0.241014
-0.231878
-0.220822
-0.208029
-0.193556
-0.177815
-0.161046
-0.143863
-0.12674
-0.110251
-0.094914
-0.080822
-0.068344
-0.0569945
-0.0467471
-0.03675
-0.027879
-0.0195786
-0.013188
-0.00752007
-0.00402776
-0.000577642
-0.253889
-0.256914
-0.259687
-0.262232
-0.262828
-0.261003
-0.257226
-0.251471
-0.243861
-0.234315
-0.222861
-0.209678
-0.194815
-0.178704
-0.161572
-0.144072
-0.126673
-0.10998
-0.0945113
-0.0803532
-0.06788
-0.056567
-0.0463662
-0.0363757
-0.0275205
-0.0192179
-0.0128763
-0.00724548
-0.00385989
-0.000472563
-0.260361
-0.262639
-0.265117
-0.267168
-0.267272
-0.264962
-0.26076
-0.254564
-0.246557
-0.23662
-0.224788
-0.211235
-0.196002
-0.179539
-0.162062
-0.144258
-0.126595
-0.109708
-0.0941142
-0.0798946
-0.0674284
-0.0561533
-0.0459988
-0.0360148
-0.0271743
-0.0188693
-0.0125747
-0.00698004
-0.00369702
-0.000370159
-0.266536
-0.268173
-0.270371
-0.271886
-0.271498
-0.268681
-0.264117
-0.257463
-0.249085
-0.238781
-0.226599
-0.212701
-0.197119
-0.180327
-0.162521
-0.14443
-0.126514
-0.109443
-0.0937291
-0.0794515
-0.0669936
-0.0557568
-0.0456475
-0.0356695
-0.0268422
-0.0185343
-0.0122845
-0.00672461
-0.00353971
-0.000270884
-0.272463
-0.273486
-0.275432
-0.276386
-0.275524
-0.272205
-0.266934
-0.260142
-0.251461
-0.240817
-0.22831
-0.21409
-0.198184
-0.181079
-0.162962
-0.144597
-0.126438
-0.10919
-0.0933602
-0.0790266
-0.0665767
-0.0553776
-0.0453121
-0.0353395
-0.0265237
-0.0182125
-0.0120053
-0.0064791
-0.00338801
-0.000175006
-0.278119
-0.278349
-0.280097
-0.280536
-0.279316
-0.275716
-0.270613
-0.262833
-0.253713
-0.242708
-0.229873
-0.215338
-0.199119
-0.18172
-0.163308
-0.144688
-0.126303
-0.108893
-0.09296
-0.0785807
-0.0661451
-0.0549875
-0.0449673
-0.035004
-0.0262029
-0.0178937
-0.0117308
-0.00624071
-0.0032403
-8.25455e-05
-0.283292
-0.282081
-0.283614
-0.283426
-0.281712
-0.2775
-0.271547
-0.264139
-0.254871
-0.243653
-0.230612
-0.215866
-0.199435
-0.181833
-0.163219
-0.14443
-0.125899
-0.108394
-0.0924088
-0.0780218
-0.0656251
-0.0545234
-0.0445573
-0.0346156
-0.0258408
-0.0175466
-0.0114352
-0.0059889
-0.00308189
1.51263e-05
-0.287256
-0.28686
-0.288348
-0.287323
-0.284923
-0.280027
-0.273818
-0.265477
-0.25566
-0.24398
-0.230564
-0.21548
-0.19876
-0.180928
-0.162129
-0.143228
-0.124641
-0.107165
-0.0912592
-0.076993
-0.0647505
-0.0537928
-0.04394
-0.0340598
-0.0253496
-0.0171035
-0.0110774
-0.00569715
-0.00290449
0.000123213
-0.291473
-0.290841
-0.291829
-0.289893
-0.286882
-0.281373
-0.274711
-0.266256
-0.256203
-0.244238
-0.230565
-0.215227
-0.198271
-0.180229
-0.161244
-0.142223
-0.123558
-0.10608
-0.0902175
-0.076042
-0.0639249
-0.0530917
-0.0433362
-0.0335092
-0.0248568
-0.0166574
-0.0107156
-0.00540313
-0.00272611
0.000232193
-0.295521
-0.294549
-0.29517
-0.292449
-0.288994
-0.283058
-0.276039
-0.267052
-0.256648
-0.244368
-0.230441
-0.214862
-0.197693
-0.179471
-0.160327
-0.141209
-0.122484
-0.105019
-0.0892072
-0.0751249
-0.063132
-0.0524184
-0.0427549
-0.0329772
-0.0243794
-0.0162244
-0.0103636
-0.0051167
-0.00255138
0.000339735
-0.299354
-0.297719
-0.297926
-0.294386
-0.29045
-0.28392
-0.276756
-0.267499
-0.25688
-0.244358
-0.230226
-0.21444
-0.197086
-0.178703
-0.159415
-0.140213
-0.121435
-0.103986
-0.0882247
-0.0742339
-0.062361
-0.0517621
-0.0421857
-0.0324554
-0.0239111
-0.0158009
-0.0100201
-0.00483805
-0.00238102
0.000444932
-0.303029
-0.30026
-0.300169
-0.295924
-0.291714
-0.284889
-0.277395
-0.267801
-0.256963
-0.244217
-0.229909
-0.213946
-0.196436
-0.177916
-0.158509
-0.13924
-0.120421
-0.102994
-0.087282
-0.0733796
-0.0616198
-0.051128
-0.0416321
-0.0319465
-0.023454
-0.0153889
-0.00968646
-0.00456844
-0.00221575
0.000547013
-0.306413
-0.302211
-0.301883
-0.296992
-0.292523
-0.285329
-0.27768
-0.267862
-0.256872
-0.243945
-0.229497
-0.213386
-0.195748
-0.177116
-0.157612
-0.138293
-0.119444
-0.102045
-0.0863832
-0.0725661
-0.060912
-0.0505188
-0.0410963
-0.0314531
-0.0230108
-0.0149913
-0.00936492
-0.00430983
-0.00205665
0.00064506
-0.309584
-0.303499
-0.30314
-0.297667
-0.293054
-0.285624
-0.277801
-0.267763
-0.256642
-0.24356
-0.229
-0.212766
-0.195026
-0.176308
-0.156729
-0.137377
-0.118511
-0.101146
-0.0855336
-0.0717981
-0.060241
-0.0499368
-0.0405799
-0.030977
-0.0225836
-0.0146104
-0.00905764
-0.00406413
-0.00190478
0.000738131
-0.312312
-0.304186
-0.303997
-0.298031
-0.293344
-0.285632
-0.277704
-0.267503
-0.256286
-0.243078
-0.228432
-0.212098
-0.194282
-0.175498
-0.155866
-0.136498
-0.117627
-0.100302
-0.0847382
-0.07108
-0.0596103
-0.0493846
-0.0400852
-0.0305205
-0.0221748
-0.0142486
-0.0087666
-0.00383306
-0.00176116
0.00082534
-0.314197
-0.30447
-0.304552
-0.298098
-0.293397
-0.285478
-0.277474
-0.267123
-0.255835
-0.242519
-0.227808
-0.211396
-0.193524
-0.174696
-0.155031
-0.135661
-0.116797
-0.0995156
-0.0840011
-0.0704157
-0.0590232
-0.0488646
-0.0396144
-0.0300861
-0.0217868
-0.0139084
-0.0084937
-0.00361821
-0.00162671
0.000905894
-0.315216
-0.3045
-0.304837
-0.29796
-0.293302
-0.285165
-0.277126
-0.266649
-0.255312
-0.241906
-0.227148
-0.210674
-0.192766
-0.173909
-0.154229
-0.134871
-0.116024
-0.0987919
-0.0833259
-0.0698084
-0.0584824
-0.0483795
-0.03917
-0.0296762
-0.0214218
-0.0135918
-0.00824064
-0.00342096
-0.00150224
0.000979133
-0.315554
-0.304382
-0.304895
-0.297677
-0.293068
-0.284758
-0.276704
-0.266114
-0.254744
-0.241263
-0.226471
-0.209951
-0.192021
-0.17315
-0.15347
-0.134135
-0.115315
-0.0981334
-0.0827153
-0.0692604
-0.0579906
-0.0479319
-0.0387548
-0.0292934
-0.0210823
-0.0133008
-0.00800894
-0.00324239
-0.00138848
0.00104457
-0.315501
-0.304116
-0.304812
-0.297278
-0.292761
-0.284286
-0.276229
-0.26555
-0.254153
-0.240614
-0.225797
-0.209243
-0.191303
-0.172429
-0.152761
-0.133457
-0.114671
-0.0975428
-0.0821714
-0.0687736
-0.0575497
-0.0475242
-0.0383717
-0.0289407
-0.0207709
-0.0130373
-0.0077999
-0.00308333
-0.00128602
0.00110191
-0.31508
-0.303802
-0.304571
-0.296839
-0.292393
-0.28378
-0.275752
-0.264975
-0.253574
-0.239976
-0.225145
-0.208568
-0.190628
-0.171759
-0.152111
-0.132843
-0.114097
-0.0970217
-0.0816952
-0.0683489
-0.0571614
-0.0471591
-0.0380241
-0.028621
-0.0204899
-0.0128027
-0.00761459
-0.00294428
-0.00119537
0.00115107
-0.314376
-0.30353
-0.304205
-0.296429
-0.291969
-0.283314
-0.275245
-0.264445
-0.25301
-0.239387
-0.224543
-0.207945
-0.190006
-0.171151
-0.15153
-0.132301
-0.113597
-0.0965719
-0.0812876
-0.0679866
-0.0568269
-0.0468392
-0.0377156
-0.0283377
-0.020242
-0.0125986
-0.00745395
-0.00282549
-0.00111693
0.00119217
-0.313654
-0.303139
-0.303858
-0.295992
-0.291574
-0.282853
-0.274798
-0.263948
-0.252503
-0.238851
-0.223995
-0.207393
-0.189465
-0.17062
-0.151024
-0.131836
-0.113173
-0.0961946
-0.0809485
-0.0676863
-0.0565472
-0.0465671
-0.0374502
-0.0280942
-0.0200298
-0.0124261
-0.00731876
-0.00272698
-0.00105105
0.00122547
-0.312944
-0.302763
-0.303526
-0.295606
-0.291219
-0.282459
-0.2744
-0.263524
-0.252067
-0.238397
-0.223535
-0.206924
-0.189004
-0.170176
-0.15061
-0.131453
-0.112829
-0.0958909
-0.0806779
-0.0674476
-0.0563229
-0.0463455
-0.0372316
-0.0278939
-0.019856
-0.0122865
-0.00720969
-0.0026486
-0.000997989
0.00125136
-0.312326
-0.302418
-0.303254
-0.29528
-0.290938
-0.282137
-0.274086
-0.263186
-0.251723
-0.238038
-0.223172
-0.206558
-0.188647
-0.16983
-0.150288
-0.131162
-0.112566
-0.0956619
-0.0804753
-0.0672695
-0.0561544
-0.0461768
-0.0370638
-0.0277402
-0.019723
-0.0121808
-0.00712732
-0.00259013
-0.000957988
0.00127028
-0.311875
-0.302162
-0.30306
-0.295049
-0.290737
-0.281913
-0.273865
-0.262951
-0.251485
-0.237791
-0.222922
-0.206306
-0.188402
-0.169594
-0.150069
-0.130963
-0.112391
-0.0955084
-0.0803403
-0.0671513
-0.056042
-0.0460632
-0.0369499
-0.0276359
-0.019633
-0.0121097
-0.0070721
-0.00255132
-0.000931221
0.00128262
-0.311634
-0.302025
-0.302959
-0.294927
-0.290634
-0.281797
-0.273752
-0.262831
-0.251363
-0.237664
-0.222795
-0.206178
-0.188277
-0.169474
-0.149959
-0.130862
-0.112302
-0.0954313
-0.0802727
-0.0670924
-0.0559859
-0.0460061
-0.0368924
-0.0275832
-0.0195875
-0.012074
-0.00704438
-0.00253197
-0.00091781
0.0012887
)
;

boundaryField
{
    inlet
    {
        type            zeroGradient;
    }
    outlet
    {
        type            fixedValue;
        value           uniform 0;
    }
    cylinder
    {
        type            zeroGradient;
    }
    top
    {
        type            symmetryPlane;
    }
    bottom
    {
        type            symmetryPlane;
    }
    defaultFaces
    {
        type            empty;
    }
}


// ************************************************************************* //
