/*--------------------------------*- C++ -*----------------------------------*\
  =========                 |
  \\      /  F ield         | OpenFOAM: The Open Source CFD Toolbox
   \\    /   O peration     | Website:  https://openfoam.org
    \\  /    A nd           | Version:  9
     \\/     M anipulation  |
\*---------------------------------------------------------------------------*/
FoamFile
{
    format      ascii;
    class       volScalarField;
    location    "3.5";
    object      p;
}
// * * * * * * * * * * * * * * * * * * * * * * * * * * * * * * * * * * * * * //

dimensions      [0 2 -2 0 0 0 0];

internalField   nonuniform List<scalar> 
8500
(
-0.361652
-0.371754
-0.367049
-0.360112
-0.348373
-0.333034
-0.314968
-0.292046
-0.271004
-0.240022
-0.362735
-0.372474
-0.367695
-0.360667
-0.348903
-0.333558
-0.31554
-0.292535
-0.2718
-0.240159
-0.364885
-0.373903
-0.368975
-0.361765
-0.349951
-0.334593
-0.31669
-0.293574
-0.273274
-0.240427
-0.368071
-0.376021
-0.37087
-0.363382
-0.351487
-0.336107
-0.318397
-0.295075
-0.275395
-0.240813
-0.37225
-0.378801
-0.373349
-0.365488
-0.353476
-0.338051
-0.320387
-0.297131
-0.278112
-0.241304
-0.377366
-0.382206
-0.376374
-0.368043
-0.355873
-0.340391
-0.322795
-0.299495
-0.281313
-0.241884
-0.383356
-0.386196
-0.379904
-0.371003
-0.358622
-0.343059
-0.325551
-0.302106
-0.284876
-0.242538
-0.390147
-0.390727
-0.383892
-0.374321
-0.361676
-0.345986
-0.328558
-0.30491
-0.288671
-0.243252
-0.397665
-0.395753
-0.388294
-0.377953
-0.364985
-0.349115
-0.331738
-0.30784
-0.292565
-0.244014
-0.405841
-0.40122
-0.39307
-0.381856
-0.3685
-0.352396
-0.335021
-0.310836
-0.29643
-0.244816
-0.41462
-0.407078
-0.398171
-0.385993
-0.372184
-0.355786
-0.338344
-0.313844
-0.300144
-0.245656
-0.42389
-0.413316
-0.403562
-0.390333
-0.376002
-0.359247
-0.341656
-0.316824
-0.303591
-0.246531
-0.433609
-0.419879
-0.409214
-0.394851
-0.37993
-0.362754
-0.344911
-0.319743
-0.306667
-0.247441
-0.443721
-0.426731
-0.415101
-0.399531
-0.383951
-0.366287
-0.348073
-0.322574
-0.309275
-0.248384
-0.454174
-0.433843
-0.421203
-0.404359
-0.388054
-0.369833
-0.351113
-0.325296
-0.311333
-0.249373
-0.46492
-0.441192
-0.427503
-0.409329
-0.392233
-0.373379
-0.354006
-0.327889
-0.312767
-0.250429
-0.475917
-0.448752
-0.433989
-0.414434
-0.396481
-0.376914
-0.356733
-0.330336
-0.313483
-0.251454
-0.487126
-0.456503
-0.440647
-0.419671
-0.400793
-0.380422
-0.359278
-0.33263
-0.313337
-0.252155
-0.498509
-0.464421
-0.447465
-0.42503
-0.405157
-0.38388
-0.361634
-0.33477
-0.312256
-0.253195
-0.510025
-0.472484
-0.454426
-0.430499
-0.409555
-0.387255
-0.363785
-0.336682
-0.310631
-0.25926
-0.521631
-0.480663
-0.46151
-0.436057
-0.413957
-0.390501
-0.365681
-0.338129
-0.309149
-0.275863
-0.533278
-0.488926
-0.468686
-0.441674
-0.418324
-0.39356
-0.367255
-0.338938
-0.307321
-0.280337
-0.54491
-0.497232
-0.47592
-0.44731
-0.422602
-0.396368
-0.368439
-0.339012
-0.305069
-0.280289
-0.55646
-0.505535
-0.483161
-0.45291
-0.426726
-0.39885
-0.369161
-0.338332
-0.302441
-0.278166
-0.567852
-0.513777
-0.490351
-0.458408
-0.430619
-0.400926
-0.369348
-0.336896
-0.299359
-0.274501
-0.578996
-0.521891
-0.497419
-0.463724
-0.434189
-0.40251
-0.368926
-0.334696
-0.295752
-0.269686
-0.589793
-0.529797
-0.504278
-0.468766
-0.437338
-0.40351
-0.367824
-0.331725
-0.291571
-0.264026
-0.600128
-0.537406
-0.510831
-0.473427
-0.439955
-0.403832
-0.365972
-0.327977
-0.286784
-0.257708
-0.609875
-0.544615
-0.516967
-0.477592
-0.441926
-0.403383
-0.363307
-0.323441
-0.281367
-0.250839
-0.618897
-0.551311
-0.522563
-0.481133
-0.443131
-0.402071
-0.359774
-0.318108
-0.275302
-0.243475
-0.627046
-0.557371
-0.527487
-0.483918
-0.443449
-0.399808
-0.35532
-0.311968
-0.268578
-0.235638
-0.634165
-0.562661
-0.531594
-0.485807
-0.442761
-0.39651
-0.349902
-0.305011
-0.261186
-0.227332
-0.640088
-0.567039
-0.534736
-0.486658
-0.440949
-0.392103
-0.343483
-0.297228
-0.253121
-0.218551
-0.644644
-0.570354
-0.536756
-0.486329
-0.437904
-0.386519
-0.336034
-0.28861
-0.244379
-0.209283
-0.647659
-0.572452
-0.537496
-0.484681
-0.433523
-0.3797
-0.327529
-0.279154
-0.234958
-0.199516
-0.648958
-0.573175
-0.536799
-0.48158
-0.427713
-0.371599
-0.317952
-0.268855
-0.224857
-0.189239
-0.648367
-0.572364
-0.534509
-0.4769
-0.420393
-0.362176
-0.307292
-0.257712
-0.214076
-0.178445
-0.645716
-0.56986
-0.530476
-0.470525
-0.411494
-0.351403
-0.295544
-0.245727
-0.202618
-0.167128
-0.640842
-0.56551
-0.524559
-0.462352
-0.400962
-0.339263
-0.282709
-0.232905
-0.190488
-0.155287
-0.633592
-0.559168
-0.516627
-0.452294
-0.388754
-0.325748
-0.268794
-0.219253
-0.177693
-0.142926
-0.623824
-0.550696
-0.506565
-0.440278
-0.374846
-0.31086
-0.25381
-0.204783
-0.164244
-0.130054
-0.611412
-0.53997
-0.494275
-0.42625
-0.359224
-0.29461
-0.237777
-0.189508
-0.150153
-0.116685
-0.596248
-0.526881
-0.479675
-0.410175
-0.341891
-0.277019
-0.220717
-0.173447
-0.135437
-0.102818
-0.578244
-0.511336
-0.462706
-0.392035
-0.322865
-0.258118
-0.202662
-0.156626
-0.120124
-0.0884079
-0.557333
-0.493263
-0.44333
-0.371834
-0.302177
-0.237945
-0.183645
-0.139068
-0.104269
-0.0734191
-0.533473
-0.472613
-0.421534
-0.349595
-0.279872
-0.21655
-0.163704
-0.120799
-0.0879123
-0.0581014
-0.506646
-0.449359
-0.397328
-0.325358
-0.256007
-0.193986
-0.142886
-0.10188
-0.0709294
-0.042501
-0.476863
-0.4235
-0.370745
-0.299186
-0.230654
-0.170317
-0.121254
-0.0824041
-0.0534027
-0.0265502
-0.444163
-0.395061
-0.341845
-0.271157
-0.203894
-0.145617
-0.0988731
-0.062359
-0.0354286
-0.0102735
-0.40861
-0.364092
-0.310714
-0.241371
-0.17582
-0.119982
-0.0757914
-0.0417977
-0.017055
0.00628812
-0.370299
-0.330671
-0.27747
-0.209937
-0.146534
-0.0934857
-0.0520919
-0.0207803
0.00167165
0.0230874
-0.329354
-0.294917
-0.242237
-0.176955
-0.116166
-0.066224
-0.0278526
0.000629663
0.0207014
0.0400712
-0.285933
-0.256994
-0.205097
-0.142604
-0.0848311
-0.0382997
-0.00315584
0.0223643
0.0399808
0.0571796
-0.240217
-0.217077
-0.166137
-0.10709
-0.0526639
-0.00982099
0.0219103
0.0443513
0.0594529
0.0743446
-0.192357
-0.175219
-0.125783
-0.070511
-0.0198051
0.0190985
0.0472533
0.0665145
0.0790569
0.0914892
-0.142559
-0.131737
-0.0841843
-0.0330429
0.0135971
0.0483404
0.0727759
0.0887746
0.0987326
0.108532
-0.0912831
-0.0867294
-0.0415162
0.00512054
0.0473898
0.0777823
0.0983775
0.111053
0.118433
0.125371
-0.0386667
-0.0405298
0.00199001
0.0437828
0.0814158
0.107298
0.123954
0.133279
0.138123
0.141812
0.0150107
0.00659357
0.0460927
0.0827422
0.115514
0.136757
0.1494
0.155383
0.157707
0.157503
0.0694289
0.0543709
0.0905445
0.121793
0.149522
0.166029
0.174613
0.177276
0.176902
0.17213
0.124262
0.102516
0.135091
0.160725
0.183273
0.194981
0.19949
0.198836
0.195344
0.186059
0.179177
0.150731
0.179472
0.19933
0.216601
0.223483
0.223924
0.219946
0.213604
0.20162
0.233834
0.198715
0.223427
0.237396
0.249342
0.251404
0.247808
0.240505
0.23134
0.217326
0.287887
0.246159
0.266692
0.274716
0.281331
0.278613
0.271037
0.260438
0.248462
0.232615
0.340987
0.292758
0.309008
0.311084
0.312407
0.304984
0.293509
0.279673
0.264949
0.247332
0.392789
0.338205
0.350118
0.346297
0.342412
0.330393
0.315123
0.298136
0.280754
0.261423
0.44295
0.382201
0.389771
0.38016
0.371195
0.35472
0.335783
0.315751
0.295821
0.274829
0.491135
0.42445
0.427726
0.412483
0.398605
0.377848
0.355398
0.332448
0.310094
0.287494
0.537019
0.46467
0.463747
0.443084
0.424502
0.399667
0.373879
0.348158
0.323518
0.29937
0.580291
0.502588
0.497614
0.471789
0.448752
0.42007
0.391141
0.362815
0.33604
0.310415
0.620653
0.537946
0.529115
0.498438
0.471227
0.438958
0.407105
0.376356
0.347606
0.320589
0.657829
0.570502
0.558056
0.522877
0.49181
0.456237
0.421698
0.388723
0.358168
0.329856
0.69156
0.600033
0.584256
0.544967
0.510392
0.471823
0.43485
0.399861
0.367681
0.338182
0.721612
0.626336
0.607552
0.564582
0.526874
0.485637
0.446499
0.409721
0.376102
0.345538
0.747775
0.64923
0.627798
0.58161
0.541169
0.49761
0.456591
0.418257
0.383393
0.351895
0.769865
0.668556
0.644867
0.595952
0.553201
0.507682
0.465076
0.425432
0.389522
0.35723
0.787726
0.68418
0.658653
0.607527
0.562905
0.515801
0.471914
0.431213
0.394459
0.361523
0.801234
0.695994
0.669069
0.616267
0.570229
0.521928
0.477072
0.435572
0.398183
0.364757
0.810293
0.703916
0.676049
0.622121
0.575133
0.526029
0.480525
0.438489
0.400675
0.36692
0.814838
0.70789
0.67955
0.625057
0.577592
0.528085
0.482255
0.439951
0.401924
0.368004
0.814838
0.70789
0.67955
0.625057
0.577592
0.528085
0.482255
0.439951
0.401924
0.368004
0.810293
0.703916
0.676049
0.622121
0.575133
0.526029
0.480525
0.438489
0.400675
0.36692
0.801234
0.695994
0.669069
0.616267
0.570229
0.521928
0.477072
0.435572
0.398183
0.364757
0.787726
0.68418
0.658653
0.607527
0.562905
0.515801
0.471914
0.431213
0.394459
0.361523
0.769865
0.668556
0.644867
0.595952
0.553201
0.507682
0.465076
0.425432
0.389522
0.35723
0.747775
0.64923
0.627798
0.58161
0.541169
0.49761
0.456591
0.418257
0.383393
0.351895
0.721612
0.626336
0.607552
0.564582
0.526874
0.485637
0.446499
0.409721
0.376102
0.345538
0.69156
0.600033
0.584256
0.544967
0.510392
0.471823
0.43485
0.399861
0.367681
0.338182
0.657829
0.570502
0.558056
0.522877
0.49181
0.456237
0.421698
0.388723
0.358168
0.329856
0.620653
0.537946
0.529115
0.498438
0.471227
0.438958
0.407105
0.376356
0.347606
0.320589
0.580291
0.502588
0.497614
0.471789
0.448752
0.42007
0.391141
0.362815
0.33604
0.310415
0.537019
0.46467
0.463747
0.443084
0.424502
0.399667
0.373879
0.348158
0.323518
0.29937
0.491135
0.42445
0.427726
0.412483
0.398605
0.377848
0.355398
0.332448
0.310094
0.287494
0.44295
0.382201
0.389771
0.38016
0.371195
0.35472
0.335783
0.315751
0.295821
0.274829
0.392789
0.338205
0.350118
0.346297
0.342412
0.330393
0.315123
0.298136
0.280754
0.261423
0.340987
0.292758
0.309008
0.311084
0.312407
0.304984
0.293509
0.279673
0.264949
0.247332
0.287887
0.246159
0.266692
0.274716
0.281331
0.278613
0.271037
0.260438
0.248462
0.232615
0.233834
0.198715
0.223427
0.237396
0.249342
0.251404
0.247808
0.240505
0.23134
0.217326
0.179177
0.150731
0.179472
0.19933
0.216601
0.223483
0.223924
0.219946
0.213604
0.20162
0.124262
0.102516
0.135091
0.160725
0.183273
0.194981
0.19949
0.198836
0.195344
0.186059
0.0694289
0.0543709
0.0905445
0.121793
0.149522
0.166029
0.174613
0.177276
0.176902
0.17213
0.0150107
0.00659356
0.0460927
0.0827422
0.115514
0.136757
0.1494
0.155383
0.157707
0.157503
-0.0386667
-0.0405298
0.00199
0.0437828
0.0814158
0.107298
0.123954
0.133279
0.138123
0.141812
-0.0912831
-0.0867294
-0.0415162
0.00512054
0.0473898
0.0777823
0.0983774
0.111053
0.118433
0.125371
-0.142559
-0.131737
-0.0841843
-0.0330429
0.0135971
0.0483404
0.0727759
0.0887746
0.0987326
0.108532
-0.192357
-0.175219
-0.125783
-0.070511
-0.0198051
0.0190985
0.0472533
0.0665145
0.0790569
0.0914892
-0.240217
-0.217077
-0.166137
-0.10709
-0.0526639
-0.009821
0.0219103
0.0443513
0.0594529
0.0743446
-0.285933
-0.256994
-0.205097
-0.142604
-0.0848311
-0.0382997
-0.00315585
0.0223643
0.0399808
0.0571796
-0.329354
-0.294917
-0.242237
-0.176955
-0.116166
-0.066224
-0.0278526
0.000629656
0.0207014
0.0400712
-0.370299
-0.330671
-0.27747
-0.209937
-0.146534
-0.0934857
-0.0520919
-0.0207804
0.00167164
0.0230874
-0.40861
-0.364092
-0.310714
-0.241371
-0.17582
-0.119982
-0.0757914
-0.0417978
-0.017055
0.00628811
-0.444163
-0.395061
-0.341845
-0.271157
-0.203894
-0.145617
-0.0988731
-0.062359
-0.0354286
-0.0102735
-0.476863
-0.4235
-0.370745
-0.299186
-0.230654
-0.170317
-0.121254
-0.0824041
-0.0534027
-0.0265502
-0.506646
-0.449359
-0.397328
-0.325358
-0.256007
-0.193986
-0.142886
-0.10188
-0.0709294
-0.042501
-0.533473
-0.472613
-0.421534
-0.349595
-0.279872
-0.21655
-0.163704
-0.120799
-0.0879123
-0.0581014
-0.557333
-0.493263
-0.44333
-0.371834
-0.302177
-0.237945
-0.183645
-0.139068
-0.104269
-0.0734191
-0.578244
-0.511336
-0.462706
-0.392035
-0.322866
-0.258118
-0.202662
-0.156626
-0.120124
-0.0884079
-0.596248
-0.526881
-0.479675
-0.410175
-0.341891
-0.277019
-0.220717
-0.173447
-0.135437
-0.102818
-0.611412
-0.53997
-0.494275
-0.42625
-0.359224
-0.29461
-0.237777
-0.189508
-0.150154
-0.116685
-0.623824
-0.550696
-0.506565
-0.440278
-0.374846
-0.31086
-0.25381
-0.204783
-0.164244
-0.130054
-0.633592
-0.559168
-0.516627
-0.452294
-0.388754
-0.325748
-0.268794
-0.219253
-0.177693
-0.142926
-0.640842
-0.56551
-0.524559
-0.462352
-0.400962
-0.339263
-0.282709
-0.232905
-0.190488
-0.155287
-0.645716
-0.56986
-0.530476
-0.470525
-0.411494
-0.351403
-0.295544
-0.245727
-0.202618
-0.167128
-0.648367
-0.572364
-0.534509
-0.4769
-0.420393
-0.362176
-0.307292
-0.257712
-0.214076
-0.178445
-0.648958
-0.573175
-0.5368
-0.48158
-0.427713
-0.371599
-0.317952
-0.268855
-0.224857
-0.189239
-0.647659
-0.572452
-0.537496
-0.484681
-0.433523
-0.3797
-0.327529
-0.279154
-0.234958
-0.199516
-0.644644
-0.570354
-0.536756
-0.486329
-0.437904
-0.386519
-0.336034
-0.28861
-0.244379
-0.209283
-0.640088
-0.567039
-0.534736
-0.486658
-0.440949
-0.392103
-0.343483
-0.297228
-0.253121
-0.218551
-0.634165
-0.562661
-0.531594
-0.485807
-0.442761
-0.39651
-0.349902
-0.305011
-0.261186
-0.227332
-0.627046
-0.557371
-0.527487
-0.483918
-0.443449
-0.399808
-0.35532
-0.311968
-0.268578
-0.235638
-0.618897
-0.551311
-0.522563
-0.481133
-0.443131
-0.402071
-0.359774
-0.318108
-0.275302
-0.243475
-0.609875
-0.544615
-0.516967
-0.477592
-0.441926
-0.403383
-0.363307
-0.323441
-0.281367
-0.250839
-0.600128
-0.537406
-0.510831
-0.473427
-0.439955
-0.403832
-0.365972
-0.327977
-0.286784
-0.257708
-0.589793
-0.529797
-0.504278
-0.468766
-0.437338
-0.40351
-0.367824
-0.331725
-0.291571
-0.264026
-0.578996
-0.521891
-0.497419
-0.463724
-0.434189
-0.40251
-0.368926
-0.334696
-0.295752
-0.269686
-0.567852
-0.513777
-0.490351
-0.458408
-0.430619
-0.400926
-0.369348
-0.336896
-0.299359
-0.274501
-0.55646
-0.505535
-0.483161
-0.45291
-0.426726
-0.39885
-0.369161
-0.338332
-0.302441
-0.278166
-0.54491
-0.497232
-0.47592
-0.44731
-0.422602
-0.396368
-0.368439
-0.339012
-0.305069
-0.280289
-0.533278
-0.488926
-0.468686
-0.441674
-0.418324
-0.39356
-0.367255
-0.338938
-0.307321
-0.280337
-0.521631
-0.480663
-0.46151
-0.436057
-0.413957
-0.390501
-0.365681
-0.338129
-0.309149
-0.275863
-0.510025
-0.472484
-0.454426
-0.430499
-0.409555
-0.387255
-0.363785
-0.336682
-0.310631
-0.25926
-0.498509
-0.464421
-0.447465
-0.42503
-0.405157
-0.38388
-0.361634
-0.33477
-0.312256
-0.253195
-0.487126
-0.456503
-0.440647
-0.419671
-0.400793
-0.380422
-0.359278
-0.33263
-0.313337
-0.252155
-0.475917
-0.448752
-0.433989
-0.414434
-0.396481
-0.376914
-0.356733
-0.330336
-0.313483
-0.251454
-0.46492
-0.441192
-0.427503
-0.409329
-0.392233
-0.373379
-0.354006
-0.327889
-0.312767
-0.250429
-0.454174
-0.433843
-0.421203
-0.404359
-0.388054
-0.369833
-0.351113
-0.325296
-0.311333
-0.249373
-0.443721
-0.426731
-0.415101
-0.399531
-0.383951
-0.366287
-0.348073
-0.322574
-0.309275
-0.248384
-0.433609
-0.419879
-0.409214
-0.394851
-0.37993
-0.362754
-0.344911
-0.319743
-0.306667
-0.247441
-0.42389
-0.413316
-0.403562
-0.390333
-0.376002
-0.359247
-0.341656
-0.316824
-0.303591
-0.246531
-0.41462
-0.407078
-0.398171
-0.385993
-0.372184
-0.355786
-0.338344
-0.313844
-0.300144
-0.245656
-0.405841
-0.40122
-0.39307
-0.381856
-0.3685
-0.352396
-0.335021
-0.310836
-0.29643
-0.244816
-0.397665
-0.395753
-0.388294
-0.377953
-0.364985
-0.349115
-0.331738
-0.30784
-0.292565
-0.244014
-0.390147
-0.390727
-0.383892
-0.374321
-0.361676
-0.345986
-0.328558
-0.30491
-0.288671
-0.243252
-0.383356
-0.386196
-0.379904
-0.371003
-0.358622
-0.343059
-0.325551
-0.302106
-0.284876
-0.242538
-0.377366
-0.382206
-0.376374
-0.368043
-0.355873
-0.340391
-0.322795
-0.299495
-0.281313
-0.241884
-0.37225
-0.378801
-0.373349
-0.365488
-0.353476
-0.338051
-0.320387
-0.297131
-0.278112
-0.241304
-0.368071
-0.376021
-0.37087
-0.363382
-0.351487
-0.336107
-0.318397
-0.295075
-0.275395
-0.240813
-0.364885
-0.373903
-0.368975
-0.361765
-0.349951
-0.334593
-0.31669
-0.293574
-0.273274
-0.240427
-0.362735
-0.372474
-0.367695
-0.360667
-0.348903
-0.333558
-0.31554
-0.292535
-0.2718
-0.240159
-0.361652
-0.371754
-0.367049
-0.360112
-0.348373
-0.333034
-0.314968
-0.292046
-0.271004
-0.240022
-0.225581
-0.2131
-0.199408
-0.184961
-0.169608
-0.153414
-0.136523
-0.11911
-0.101407
-0.0837056
-0.066352
-0.0497276
-0.0342272
-0.0202281
-0.00805557
0.00204945
0.00995567
0.0156594
0.0192769
0.0210511
0.0212743
0.0203589
0.0185579
0.0164185
0.0137639
0.0116168
0.00851431
0.00739015
0.00303117
0.0046388
-0.226801
-0.214182
-0.200385
-0.185917
-0.170545
-0.154331
-0.13742
-0.119983
-0.102249
-0.0845108
-0.0671133
-0.0504386
-0.0348823
-0.0208227
-0.00858664
0.0015836
0.00955492
0.0153217
0.0189985
0.0208265
0.0210969
0.0202215
0.0184534
0.0163402
0.0137064
0.0115747
0.00848563
0.00736809
0.00302211
0.00462287
-0.22919
-0.216298
-0.202298
-0.187789
-0.172382
-0.156128
-0.139178
-0.121694
-0.103902
-0.0860923
-0.0686101
-0.051838
-0.0361731
-0.0219958
-0.00963545
0.000662525
0.00876162
0.0146526
0.0184461
0.0203805
0.0207442
0.0199481
0.0182453
0.0161844
0.0135918
0.0114909
0.00842845
0.0073241
0.00300404
0.0045912
-0.23264
-0.219365
-0.205073
-0.190504
-0.175045
-0.158735
-0.141729
-0.124179
-0.106305
-0.0883947
-0.0707927
-0.0538821
-0.0380621
-0.0237158
-0.0111762
-0.000693192
0.00759178
0.013664
0.0176287
0.0197193
0.0202206
0.0195418
0.0179356
0.0159522
0.0134211
0.0113659
0.00834312
0.00725843
0.00297707
0.00454418
-0.236993
-0.223268
-0.208603
-0.193956
-0.178432
-0.162051
-0.144977
-0.127347
-0.109373
-0.0913401
-0.073591
-0.0565094
-0.0404962
-0.0259381
-0.0131723
-0.00245419
0.00606827
0.0123733
0.0165589
0.018852
0.0195323
0.0190067
0.0175273
0.0156455
0.0131954
0.0112005
0.00823016
0.00717147
0.00294136
0.00448234
-0.242051
-0.227863
-0.212755
-0.198015
-0.182417
-0.165955
-0.148804
-0.131086
-0.113002
-0.0948333
-0.0769195
-0.0596443
-0.0434104
-0.0286077
-0.0155783
-0.00458396
0.0042197
0.0108023
0.0152528
0.0177902
0.0186876
0.0183485
0.0170238
0.0152669
0.0129163
0.0109957
0.00809025
0.00706372
0.00289709
0.00440632
-0.24759
-0.232983
-0.217378
-0.202534
-0.186859
-0.170311
-0.15308
-0.135272
-0.117076
-0.0987678
-0.0806823
-0.0632022
-0.0467312
-0.0316623
-0.0183426
-0.00704068
0.00207904
0.00897624
0.0137293
0.0165475
0.0176959
0.0175736
0.0164298
0.0148193
0.0125859
0.0107528
0.00792422
0.00693577
0.0028445
0.00431687
-0.253374
-0.238439
-0.22231
-0.207358
-0.191609
-0.174975
-0.157667
-0.139776
-0.121475
-0.103032
-0.0847785
-0.0670935
-0.0503808
-0.0350355
-0.0214098
-0.00977925
-0.000317878
0.00692283
0.0120091
0.015139
0.016568
0.0166894
0.0157502
0.014306
0.0122063
0.0104733
0.00773304
0.00678835
0.00278387
0.00421484
-0.259169
-0.244034
-0.227383
-0.212329
-0.196518
-0.179805
-0.162431
-0.144469
-0.126077
-0.107515
-0.0891076
-0.0712287
-0.0542807
-0.0386601
-0.0247232
-0.0127531
-0.00293371
0.00467122
0.0101144
0.013581
0.0153155
0.0157042
0.0149907
0.0137308
0.0117801
0.0101589
0.00751779
0.00662224
0.00271549
0.00410116
-0.264771
-0.249566
-0.232431
-0.217295
-0.20144
-0.184664
-0.16724
-0.149227
-0.130768
-0.112112
-0.0935734
-0.0755215
-0.0583551
-0.0424704
-0.0282273
-0.015916
-0.00573095
0.00225103
0.00806787
0.0118906
0.0139509
0.0146267
0.0141573
0.0130979
0.01131
0.00981147
0.00727966
0.00643833
0.0026397
0.00397687
-0.270006
-0.254844
-0.237297
-0.222109
-0.206238
-0.189423
-0.171974
-0.153939
-0.135443
-0.116724
-0.0980873
-0.0798924
-0.0625331
-0.0464045
-0.0318689
-0.0192233
-0.00867295
-0.00030843
0.00589233
0.0100848
0.0124865
0.0134657
0.0132562
0.0124114
0.010799
0.00943284
0.00701991
0.00623754
0.00255686
0.00384304
-0.274679
-0.259687
-0.241833
-0.226639
-0.210787
-0.193968
-0.176528
-0.158505
-0.14001
-0.121268
-0.102571
-0.0842701
-0.0667511
-0.050406
-0.0355989
-0.0226332
-0.0117248
-0.00297887
0.00361007
0.00818076
0.0109352
0.0122306
0.0122938
0.0116759
0.0102502
0.00902511
0.0067399
0.00602089
0.00246734
0.00370082
-0.278638
-0.263931
-0.245907
-0.230767
-0.214975
-0.198197
-0.180808
-0.16284
-0.14439
-0.12567
-0.106958
-0.0885935
-0.0709533
-0.054425
-0.0393734
-0.0261076
-0.0148545
-0.00573385
0.00124218
0.00619472
0.00930913
0.0109301
0.0112765
0.0108956
0.0096664
0.00859033
0.00644098
0.00578938
0.00237154
0.00355135
-0.281776
-0.267434
-0.249399
-0.234389
-0.218706
-0.202025
-0.18474
-0.166876
-0.148521
-0.129872
-0.111195
-0.0928126
-0.0750937
-0.0584195
-0.0431546
-0.0296133
-0.0180334
-0.00854958
-0.00119204
0.00414185
0.00761974
0.00957266
0.0102103
0.010075
0.00905075
0.00813054
0.00612451
0.00554405
0.00226983
0.0033958
-0.284029
-0.270085
-0.252212
-0.237424
-0.221904
-0.205385
-0.188265
-0.17056
-0.152354
-0.13383
-0.115238
-0.0968868
-0.0791337
-0.0623534
-0.046909
-0.0331199
-0.0212344
-0.0114024
-0.00367265
0.00203847
0.00588001
0.00816831
0.00910275
0.00921922
0.00840695
0.00764827
0.00579216
0.00528611
0.00216267
0.00323534
-0.285374
-0.271802
-0.254265
-0.239784
-0.224492
-0.208212
-0.191324
-0.173842
-0.155844
-0.137501
-0.119046
-0.100776
-0.083034
-0.066188
-0.0505994
-0.036592
-0.0244248
-0.014263
-0.00617407
-9.38635e-05
0.00410754
0.00673086
0.00796447
0.00833619
0.00774058
0.00714738
0.00544641
0.00501722
0.00205073
0.00307123
-0.28572
-0.272429
-0.255457
-0.241382
-0.226411
-0.210472
-0.193899
-0.176708
-0.15898
-0.140873
-0.122606
-0.104463
-0.0867753
-0.0699026
-0.0542047
-0.0400097
-0.027587
-0.0171167
-0.00868481
-0.00224674
0.002308
0.00526385
0.00679745
0.00742732
0.00705283
0.00662896
0.00508817
0.00473821
0.00193445
0.00290445
-0.285164
-0.271999
-0.25592
-0.242363
-0.227815
-0.212314
-0.196129
-0.179286
-0.161876
-0.14405
-0.126015
-0.10804
-0.0904459
-0.0735835
-0.0578098
-0.043456
-0.0308012
-0.02004
-0.0112766
-0.00448583
0.000423099
0.0037175
0.00556126
0.00646123
0.00632107
0.00607796
0.0047083
0.00444427
0.00181186
0.00273509
-0.284809
-0.271103
-0.255779
-0.242556
-0.228441
-0.213464
-0.197757
-0.181357
-0.164356
-0.146896
-0.129174
-0.111447
-0.0940184
-0.0772298
-0.0614332
-0.0469626
-0.0341066
-0.0230751
-0.0139925
-0.00685412
-0.0015884
0.00205446
0.00422411
0.00541279
0.00552591
0.00548004
0.00429724
0.00413019
0.00167969
0.00256399
-0.281492
-0.266077
-0.252262
-0.239629
-0.226307
-0.2122
-0.197261
-0.181539
-0.16514
-0.148203
-0.130924
-0.113553
-0.0963905
-0.0797712
-0.0640465
-0.0495541
-0.0365921
-0.0253855
-0.0160809
-0.00869241
-0.0031647
0.000736754
0.00315061
0.0045558
0.00486301
0.00496673
0.00393587
0.00384202
0.00155459
0.002402
-0.262068
-0.26139
-0.253062
-0.240985
-0.227915
-0.213928
-0.198991
-0.183217
-0.166724
-0.149665
-0.132242
-0.114716
-0.097391
-0.0806101
-0.0647271
-0.0500811
-0.0369724
-0.0256287
-0.0161947
-0.0086958
-0.00309269
0.00083807
0.00324073
0.00459989
0.00485848
0.00490129
0.00385729
0.00371606
0.0014991
0.00227797
-0.250985
-0.251372
-0.244895
-0.23399
-0.221985
-0.20893
-0.194813
-0.179792
-0.164007
-0.147615
-0.130819
-0.113873
-0.0970722
-0.0807475
-0.0652427
-0.0508898
-0.0379843
-0.0267553
-0.0173573
-0.00982919
-0.00414519
-0.000101696
0.0024341
0.00392297
0.00431677
0.00446175
0.00354466
0.00345307
0.00138923
0.00213089
-0.24243
-0.241246
-0.235257
-0.22537
-0.214335
-0.202206
-0.188972
-0.174805
-0.159855
-0.144279
-0.128276
-0.112088
-0.0959967
-0.0803151
-0.0653695
-0.0514777
-0.0389257
-0.0279397
-0.0186779
-0.0111895
-0.00546094
-0.00131196
0.00137533
0.00302726
0.00360087
0.00388928
0.0031433
0.00312873
0.00125501
0.00196492
-0.234227
-0.231714
-0.225895
-0.216912
-0.206741
-0.195461
-0.18307
-0.169731
-0.155594
-0.140817
-0.125592
-0.11015
-0.0947597
-0.0797171
-0.0653327
-0.0519098
-0.0397245
-0.0289987
-0.0198919
-0.0124622
-0.00670835
-0.0024728
0.000348892
0.00214863
0.00289123
0.00331423
0.0027369
0.00279548
0.00111762
0.0017904
-0.225647
-0.222259
-0.21646
-0.208286
-0.198941
-0.188489
-0.176942
-0.164443
-0.151137
-0.137175
-0.122743
-0.108061
-0.0933838
-0.0789914
-0.065179
-0.0522364
-0.0404298
-0.029977
-0.0210382
-0.0136808
-0.00791502
-0.00360581
-0.000661218
0.00127638
0.00218106
0.00273324
0.00232354
0.00245315
0.000976289
0.00160788
-0.216379
-0.212639
-0.206814
-0.199353
-0.190812
-0.181177
-0.170475
-0.158834
-0.146382
-0.133263
-0.119652
-0.105758
-0.0918215
-0.0781063
-0.0648919
-0.0524546
-0.0410506
-0.030893
-0.0221427
-0.0148757
-0.00911308
-0.00474216
-0.00168299
0.000387245
0.00145225
0.00213339
0.00189449
0.00209673
0.000828168
0.00141716
-0.206464
-0.202791
-0.196997
-0.190183
-0.182422
-0.173589
-0.163727
-0.152946
-0.141359
-0.1291
-0.11633
-0.103246
-0.0900722
-0.0770574
-0.0644648
-0.0525567
-0.041579
-0.0317396
-0.0231995
-0.0160423
-0.0102994
-0.00587993
-0.00271556
-0.00051854
0.000704451
0.00151435
0.00144906
0.00172616
0.000672467
0.00121915
-0.196023
-0.1927
-0.187055
-0.18085
-0.173846
-0.165802
-0.156766
-0.14684
-0.136121
-0.124727
-0.112808
-0.100546
-0.0881501
-0.0758522
-0.0638995
-0.0525401
-0.042009
-0.0325087
-0.024199
-0.0171706
-0.0114645
-0.00701054
-0.00375179
-0.00143523
-5.82434e-05
0.000879207
0.000988827
0.00134293
0.000509002
0.00101518
-0.185189
-0.182391
-0.17703
-0.171415
-0.165146
-0.157876
-0.14965
-0.140568
-0.13071
-0.12018
-0.109114
-0.0976797
-0.0860693
-0.0744989
-0.0631993
-0.0524042
-0.0423372
-0.0331944
-0.0251343
-0.0182533
-0.0126011
-0.00812735
-0.00478604
-0.00235819
-0.00083249
0.0002306
0.000515148
0.000948476
0.000337533
0.000806674
-0.174115
-0.17193
-0.166973
-0.161939
-0.15638
-0.149867
-0.142434
-0.134178
-0.125168
-0.115493
-0.105276
-0.0946669
-0.0838442
-0.0730066
-0.0623687
-0.0521495
-0.042561
-0.0337923
-0.0259994
-0.0192839
-0.0137028
-0.00922434
-0.00581318
-0.00328314
-0.00161515
-0.00042892
2.93446e-05
0.000544301
0.000157834
0.000595195
-0.162957
-0.161405
-0.156945
-0.152488
-0.14761
-0.141832
-0.13517
-0.127719
-0.119538
-0.110703
-0.101321
-0.09153
-0.0814907
-0.0713857
-0.0614132
-0.0517775
-0.0426787
-0.0342982
-0.0267889
-0.0202558
-0.0147628
-0.0102952
-0.00682765
-0.00420535
-0.00240266
-0.00109644
-0.000466952
0.000132133
-3.01748e-05
0.000382423
-0.151863
-0.150915
-0.147011
-0.143126
-0.138898
-0.133829
-0.127911
-0.121237
-0.113861
-0.105843
-0.0972796
-0.0882919
-0.0790259
-0.0696478
-0.0603396
-0.0512909
-0.0426896
-0.0347088
-0.0274973
-0.0211627
-0.0157745
-0.0113333
-0.00782353
-0.00511969
-0.003191
-0.00176865
-0.000971754
-0.000286045
-0.000226379
0.000170128
-0.140962
-0.140558
-0.137242
-0.133916
-0.130303
-0.125909
-0.120706
-0.114779
-0.108176
-0.100949
-0.0931799
-0.0849757
-0.0764674
-0.0678054
-0.0591557
-0.0506935
-0.042594
-0.0350215
-0.0281202
-0.0219988
-0.0167313
-0.0123322
-0.00879469
-0.00602072
-0.00397578
-0.00244192
-0.00148273
-0.000708028
-0.00043044
-3.98703e-05
-0.130364
-0.13043
-0.127702
-0.124916
-0.12188
-0.118124
-0.1136
-0.108385
-0.102522
-0.0960539
-0.0890497
-0.0816042
-0.0738332
-0.0658717
-0.0578705
-0.0499901
-0.0423932
-0.0352349
-0.0286538
-0.0227587
-0.0176272
-0.0132853
-0.00973495
-0.00690283
-0.00475231
-0.00311232
-0.0019972
-0.0011314
-0.000641743
-0.000245781
-0.120158
-0.120611
-0.118452
-0.11618
-0.11368
-0.110519
-0.106636
-0.102094
-0.0969327
-0.0911877
-0.0849161
-0.0782
-0.0711415
-0.0638609
-0.0564938
-0.0491868
-0.0420899
-0.0353487
-0.0290955
-0.0234381
-0.0184564
-0.0141865
-0.0106382
-0.00776029
-0.00551564
-0.00377565
-0.00251216
-0.00155357
-0.000859322
-0.000445936
-0.11041
-0.111173
-0.109546
-0.107754
-0.105747
-0.103138
-0.0998517
-0.0959413
-0.0914416
-0.0863805
-0.0808052
-0.0747857
-0.0684111
-0.0617876
-0.0550368
-0.048291
-0.0416883
-0.0353639
-0.0294437
-0.0240334
-0.0192142
-0.0150302
-0.0114984
-0.00858738
-0.00626064
-0.00442753
-0.00302426
-0.00197179
-0.00108188
-0.000638785
-0.101166
-0.102169
-0.101027
-0.0996793
-0.0981223
-0.0960168
-0.0932835
-0.0899612
-0.0860797
-0.0816608
-0.0767426
-0.0713838
-0.0656612
-0.0596679
-0.0535118
-0.0473119
-0.0411939
-0.0352833
-0.0296986
-0.0245425
-0.0198965
-0.0158114
-0.0123101
-0.00937853
-0.00698211
-0.00506343
-0.00352988
-0.0023832
-0.0013078
-0.000822899
-0.0924462
-0.0936439
-0.0929359
-0.0919906
-0.0908395
-0.0891912
-0.086964
-0.0841846
-0.0808765
-0.0770563
-0.0727537
-0.0680171
-0.0629119
-0.0575188
-0.0519326
-0.0462599
-0.0406142
-0.0351111
-0.0298615
-0.0249645
-0.0205006
-0.0165258
-0.0130682
-0.0101284
-0.00767489
-0.00567877
-0.00402519
-0.00278485
-0.00153518
-0.000997014
-0.0843694
-0.0856509
-0.0853068
-0.0847184
-0.0839294
-0.0826917
-0.0809237
-0.0786409
-0.0758607
-0.0725943
-0.0688642
-0.0647093
-0.0601844
-0.0553587
-0.050315
-0.0451476
-0.0399586
-0.0348536
-0.029936
-0.0253
-0.0210251
-0.0171702
-0.0137684
-0.0108323
-0.00833397
-0.006269
-0.00450617
-0.00317368
-0.00176185
-0.00116004
-0.0767774
-0.0781645
-0.0781508
-0.0778835
-0.0774175
-0.0765461
-0.0751912
-0.073359
-0.0710604
-0.0683023
-0.0651003
-0.0614849
-0.0575013
-0.053208
-0.0486765
-0.0439896
-0.0392385
-0.0345193
-0.0299272
-0.0255516
-0.0214698
-0.0177428
-0.0144072
-0.0114856
-0.0089546
-0.00682965
-0.00496872
-0.00354665
-0.00198542
-0.00131106
-0.0697811
-0.0712281
-0.0714954
-0.0715102
-0.0713289
-0.0707813
-0.0697946
-0.0683672
-0.0665044
-0.0642085
-0.0614894
-0.0583701
-0.054887
-0.0510888
-0.0470367
-0.0428027
-0.0384679
-0.0341186
-0.0298425
-0.0257236
-0.0218363
-0.0182426
-0.0149819
-0.0120849
-0.00953244
-0.00735649
-0.00540875
-0.0039007
-0.00220334
-0.00144933
-0.0633768
-0.0648578
-0.0653618
-0.0656212
-0.065688
-0.0654236
-0.0647617
-0.0636944
-0.0622216
-0.060342
-0.0580602
-0.0553927
-0.0523678
-0.0490256
-0.0454176
-0.0416062
-0.0376627
-0.0336644
-0.0296915
-0.0258223
-0.022128
-0.0186706
-0.0154913
-0.0126272
-0.0100637
-0.00784552
-0.00582224
-0.00423283
-0.00241296
-0.00157425
-0.0575703
-0.0590672
-0.0597691
-0.0602384
-0.0605189
-0.0604995
-0.0601209
-0.0593701
-0.0582427
-0.0567336
-0.0548433
-0.0525823
-0.0499722
-0.047045
-0.0438437
-0.0404219
-0.0368416
-0.0331721
-0.029486
-0.0258561
-0.02235
-0.0190287
-0.0159351
-0.0131105
-0.010545
-0.0082931
-0.0062053
-0.00454009
-0.00261159
-0.00168531
-0.0523726
-0.0538714
-0.0547376
-0.0553847
-0.0558471
-0.0560369
-0.0559018
-0.0554257
-0.0545997
-0.053416
-0.0518713
-0.0499712
-0.0477311
-0.0451762
-0.042342
-0.0392738
-0.0360257
-0.0326592
-0.0292399
-0.0258352
-0.022509
-0.0193208
-0.0163142
-0.0135337
-0.0109737
-0.00869592
-0.00655421
-0.00481963
-0.00279653
-0.00178209
-0.0478002
-0.0492956
-0.0502914
-0.0510857
-0.0517001
-0.0520655
-0.0521367
-0.0518946
-0.0513274
-0.0504244
-0.0491795
-0.047594
-0.0456781
-0.0434512
-0.0409421
-0.0381889
-0.0352386
-0.0321457
-0.0289695
-0.025772
-0.0226136
-0.0195519
-0.0166306
-0.0138965
-0.0113477
-0.00905103
-0.00686547
-0.00506863
-0.00296513
-0.00186422
-0.0438679
-0.0453491
-0.0464524
-0.0473687
-0.0481087
-0.0486191
-0.048861
-0.0488142
-0.048464
-0.0477976
-0.0468065
-0.0454887
-0.04385
-0.0419048
-0.0396763
-0.0371965
-0.0345063
-0.0316537
-0.0286927
-0.0256805
-0.0226737
-0.0197281
-0.0168873
-0.0141991
-0.0116653
-0.0093557
-0.00713566
-0.00528431
-0.00311476
-0.0019313
-0.0406083
-0.0420745
-0.0432597
-0.0442721
-0.0451117
-0.0457374
-0.0461161
-0.0462267
-0.0460523
-0.0455786
-0.044795
-0.043697
-0.042287
-0.0405751
-0.0385799
-0.0363287
-0.0338569
-0.0312075
-0.0284294
-0.0255759
-0.0227004
-0.0198567
-0.0170878
-0.0144425
-0.0119251
-0.00960728
-0.00736136
-0.00546382
-0.00324266
-0.00198293
-0.0380577
-0.0395097
-0.0407555
-0.0418404
-0.0427553
-0.0434682
-0.0439509
-0.0441816
-0.0441421
-0.0438166
-0.0431934
-0.0422657
-0.0410335
-0.0395037
-0.0376915
-0.03562
-0.0333207
-0.0308326
-0.0282006
-0.0254745
-0.0227053
-0.0199449
-0.0172359
-0.0146271
-0.0121255
-0.00980289
-0.0075389
-0.0056042
-0.00334585
-0.00201841
-0.0362773
-0.0377168
-0.0390019
-0.0401351
-0.0411006
-0.0418726
-0.0424261
-0.0427391
-0.0427924
-0.0425693
-0.0420571
-0.0412477
-0.0401393
-0.0387368
-0.0370528
-0.0351077
-0.03293
-0.030556
-0.0280278
-0.0253928
-0.0226999
-0.0199997
-0.0173346
-0.0147531
-0.0122642
-0.00993879
-0.00766421
-0.00570151
-0.00342266
-0.00203566
-0.0353212
-0.0367579
-0.0380664
-0.039227
-0.0402204
-0.0410242
-0.0416152
-0.0419716
-0.0420737
-0.0419045
-0.0414507
-0.0407037
-0.0396607
-0.0383255
-0.0367093
-0.0348312
-0.0327183
-0.030405
-0.0279323
-0.025346
-0.0226942
-0.0200266
-0.0173854
-0.0148185
-0.0123375
-0.0100094
-0.00773302
-0.00574854
-0.00347545
-0.00203109
-0.124387
-0.135363
-0.145853
-0.155847
-0.165337
-0.174317
-0.182783
-0.190731
-0.198163
-0.205084
-0.211505
-0.217451
-0.222964
-0.228111
-0.233007
-0.23783
-0.242866
-0.248494
-0.255636
-0.271433
-0.116812
-0.127241
-0.137219
-0.146736
-0.155789
-0.164372
-0.172486
-0.180133
-0.187322
-0.194071
-0.200408
-0.206381
-0.212065
-0.217574
-0.223079
-0.228832
-0.235218
-0.242684
-0.251553
-0.270117
-0.109514
-0.119444
-0.128976
-0.138105
-0.146827
-0.155143
-0.163056
-0.170575
-0.177714
-0.184495
-0.190953
-0.197137
-0.203117
-0.208991
-0.214894
-0.221006
-0.227586
-0.234869
-0.242584
-0.259283
-0.102415
-0.111871
-0.120976
-0.129727
-0.138122
-0.146163
-0.153856
-0.161209
-0.168237
-0.174962
-0.181414
-0.187632
-0.193673
-0.199607
-0.20553
-0.211563
-0.217886
-0.224689
-0.231648
-0.246331
-0.0955193
-0.104509
-0.113188
-0.121552
-0.129602
-0.137339
-0.14477
-0.151902
-0.158748
-0.165329
-0.171669
-0.177803
-0.183776
-0.189648
-0.195499
-0.20143
-0.207599
-0.214182
-0.220874
-0.23354
-0.0888381
-0.0973721
-0.105629
-0.113607
-0.121305
-0.128727
-0.135876
-0.142762
-0.149396
-0.155795
-0.161982
-0.167988
-0.173851
-0.179624
-0.185375
-0.191189
-0.197188
-0.203497
-0.209863
-0.220576
-0.0823721
-0.0904635
-0.0983082
-0.105904
-0.113252
-0.120353
-0.127212
-0.133838
-0.140239
-0.146432
-0.152436
-0.158276
-0.163986
-0.169608
-0.175194
-0.18081
-0.186543
-0.19248
-0.198468
-0.207507
-0.0761206
-0.0837838
-0.0912268
-0.0984476
-0.105446
-0.112225
-0.118787
-0.125139
-0.13129
-0.137252
-0.143041
-0.148679
-0.154191
-0.15961
-0.164976
-0.170338
-0.175763
-0.181312
-0.186921
-0.194561
-0.0700829
-0.077333
-0.0843857
-0.0912389
-0.0978926
-0.104348
-0.110608
-0.116677
-0.122563
-0.128276
-0.133828
-0.139235
-0.144518
-0.149703
-0.154818
-0.159903
-0.165007
-0.170171
-0.175382
-0.181853
-0.0642597
-0.0711118
-0.0777863
-0.084281
-0.0905952
-0.0967293
-0.102685
-0.108467
-0.11408
-0.119531
-0.124831
-0.129991
-0.135027
-0.139958
-0.144806
-0.1496
-0.154374
-0.159158
-0.163957
-0.169467
-0.0586517
-0.0651214
-0.0714305
-0.0775768
-0.0835588
-0.0893763
-0.0950304
-0.100523
-0.105859
-0.111042
-0.116081
-0.120984
-0.125762
-0.130429
-0.135002
-0.139499
-0.143945
-0.148362
-0.152755
-0.157485
-0.0532603
-0.0593634
-0.0653209
-0.0711299
-0.0767885
-0.0822957
-0.0876518
-0.0928578
-0.0979161
-0.10283
-0.107605
-0.112247
-0.116763
-0.121163
-0.125459
-0.129663
-0.133792
-0.137863
-0.14187
-0.145973
-0.0480876
-0.0538404
-0.0594602
-0.064944
-0.0702893
-0.0754946
-0.0805591
-0.085483
-0.0902672
-0.0949138
-0.0994258
-0.103807
-0.108063
-0.112199
-0.116224
-0.120145
-0.123974
-0.127722
-0.131372
-0.134976
-0.0431359
-0.0485548
-0.0538518
-0.0590235
-0.064067
-0.0689802
-0.0737615
-0.0784102
-0.0829264
-0.0873107
-0.0915647
-0.0956907
-0.0996916
-0.103571
-0.107335
-0.110987
-0.114534
-0.117987
-0.121313
-0.12452
-0.038408
-0.04351
-0.0484996
-0.0533732
-0.0581275
-0.0627597
-0.0672679
-0.0716507
-0.0759071
-0.0800369
-0.0840406
-0.0879191
-0.0916739
-0.0953073
-0.0988218
-0.10222
-0.105508
-0.10869
-0.111728
-0.114618
-0.0339071
-0.0387095
-0.0434077
-0.0479979
-0.0524765
-0.0568404
-0.0610872
-0.0652147
-0.0692215
-0.0731068
-0.0768699
-0.0805111
-0.0840307
-0.0874298
-0.0907097
-0.0938718
-0.0969193
-0.0998562
-0.10264
-0.105271
-0.0296369
-0.0341571
-0.0385804
-0.0429027
-0.0471201
-0.0512293
-0.0552274
-0.0591119
-0.062881
-0.0665331
-0.0700672
-0.0734828
-0.0767796
-0.0799579
-0.083018
-0.0859605
-0.0887878
-0.0915019
-0.094061
-0.0964759
-0.0256014
-0.0298572
-0.0340223
-0.0380927
-0.0420641
-0.045933
-0.0496963
-0.0533512
-0.0568955
-0.0603272
-0.0636451
-0.066848
-0.0699354
-0.0729069
-0.0757625
-0.0785025
-0.0811283
-0.0836405
-0.0860001
-0.0882265
-0.0218051
-0.0258142
-0.0297384
-0.0335731
-0.0373143
-0.0409581
-0.0445012
-0.0479407
-0.051274
-0.0544991
-0.0576143
-0.0606183
-0.0635103
-0.0662896
-0.0689561
-0.0715099
-0.0739527
-0.0762849
-0.0784741
-0.0805517
-0.0182529
-0.0220334
-0.0257338
-0.0293497
-0.0328767
-0.036311
-0.0396491
-0.042888
-0.0460249
-0.0490577
-0.0519845
-0.0548038
-0.0575146
-0.0601162
-0.0626081
-0.0649905
-0.0672645
-0.0694298
-0.0714586
-0.0733843
-0.0149508
-0.0185205
-0.0220146
-0.0254285
-0.0287577
-0.0319985
-0.0351472
-0.0382007
-0.0411563
-0.0440116
-0.0467646
-0.0494137
-0.0519579
-0.0543962
-0.0567282
-0.0589537
-0.0610738
-0.0630876
-0.0649725
-0.0667626
-0.0119046
-0.0152817
-0.0185871
-0.021816
-0.0249642
-0.0280276
-0.0310029
-0.0338867
-0.0366763
-0.0393692
-0.0419635
-0.0444574
-0.0468497
-0.0491395
-0.0513263
-0.0534099
-0.0553911
-0.0572688
-0.0590254
-0.0606932
-0.00912153
-0.0123249
-0.0154593
-0.0185205
-0.0215044
-0.0244071
-0.027225
-0.029955
-0.0325942
-0.0351402
-0.0375909
-0.0399447
-0.0422002
-0.0443565
-0.0464131
-0.0483695
-0.0502266
-0.0519832
-0.0536261
-0.0551837
-0.00661462
-0.00966122
-0.0126418
-0.0155522
-0.0183886
-0.021147
-0.0238238
-0.026416
-0.0289207
-0.0313355
-0.0336582
-0.0358872
-0.0380212
-0.0400591
-0.0420003
-0.0438446
-0.0455924
-0.0472429
-0.0487861
-0.050246
-0.00439345
-0.00730118
-0.0101457
-0.0129229
-0.0156289
-0.0182598
-0.0208122
-0.0232829
-0.0256692
-0.0279687
-0.0301792
-0.0322991
-0.034327
-0.0362619
-0.038103
-0.0398503
-0.0415038
-0.0430629
-0.044521
-0.0458965
-0.00247302
-0.00526009
-0.00798646
-0.0106481
-0.013241
-0.0157616
-0.0182064
-0.0205724
-0.0228569
-0.0250574
-0.0271718
-0.0291985
-0.0311361
-0.0329836
-0.0347401
-0.0364055
-0.0379797
-0.0394624
-0.0408491
-0.0421532
-0.00087058
-0.00355589
-0.00618262
-0.00874682
-0.0112447
-0.0136727
-0.0160275
-0.0183061
-0.0205058
-0.0226243
-0.0246596
-0.0266097
-0.0284735
-0.0302498
-0.0319379
-0.0335372
-0.0350479
-0.0364694
-0.0377994
-0.0390464
0.000386183
-0.00221633
-0.00476209
-0.00724726
-0.00966822
-0.0120215
-0.014304
-0.0165128
-0.0186452
-0.020699
-0.0226721
-0.0245627
-0.0263695
-0.0280914
-0.0297275
-0.0312773
-0.0327407
-0.0341173
-0.0354061
-0.0366115
0.00127645
-0.00126527
-0.00375186
-0.00617965
-0.0085451
-0.0108449
-0.013076
-0.0152356
-0.017321
-0.0193301
-0.0212607
-0.0231112
-0.0248801
-0.0265661
-0.0281684
-0.0296863
-0.0311196
-0.0324679
-0.0337309
-0.0349103
0.00173755
-0.000759237
-0.003202
-0.00558754
-0.00791275
-0.0101746
-0.0123703
-0.0144971
-0.0165526
-0.0185346
-0.0204411
-0.0222703
-0.0240208
-0.0256911
-0.0272802
-0.0287874
-0.030212
-0.0315537
-0.0328122
-0.0339877
0.163643
0.147353
0.131945
0.116834
0.101309
0.0856582
0.0700217
0.0544424
0.0389724
0.0236616
0.00855172
-0.00632045
-0.0209223
-0.0352243
-0.0491761
-0.0626441
-0.0758857
-0.088679
-0.101028
-0.112936
0.158722
0.142235
0.126815
0.112248
0.097332
0.0823465
0.0674401
0.0526264
0.037941
0.023424
0.0091092
-0.00497297
-0.018794
-0.0323275
-0.0455579
-0.0585673
-0.0708147
-0.0829234
-0.0946455
-0.105943
0.151149
0.13491
0.119842
0.106031
0.0919621
0.0778349
0.0638207
0.0499166
0.0361423
0.0225314
0.00911155
-0.00409209
-0.0170553
-0.0297542
-0.0421616
-0.0542906
-0.0659443
-0.0774006
-0.0884915
-0.099194
0.143291
0.127911
0.113449
0.100397
0.0871685
0.0738675
0.0606917
0.0476383
0.0347147
0.0219483
0.00936239
-0.00302249
-0.015186
-0.0271078
-0.0387647
-0.0501563
-0.061173
-0.0719895
-0.0824746
-0.0926141
0.135593
0.121238
0.107496
0.0951766
0.0827628
0.070264
0.0578895
0.0456444
0.0335265
0.0215574
0.00975687
-0.00185794
-0.0132701
-0.0244626
-0.0354178
-0.046131
-0.0565217
-0.066723
-0.0766266
-0.0862234
0.128186
0.114826
0.101852
0.0902435
0.0786176
0.0669035
0.0553041
0.0438359
0.03249
0.0212823
0.01023
-0.000652362
-0.0113507
-0.0218506
-0.0321379
-0.0422055
-0.0519942
-0.0616118
-0.0709585
-0.080032
0.121129
0.108719
0.0965428
0.08563
0.0747614
0.0638074
0.0529537
0.0422272
0.0316165
0.0211323
0.0107897
0.000601108
-0.0094215
-0.0192658
-0.0289202
-0.0383768
-0.0475893
-0.0566533
-0.065468
-0.0740386
0.114455
0.102947
0.0915775
0.0813467
0.071202
0.0609786
0.0508389
0.0408182
0.0309052
0.0211063
0.0114348
0.00190155
-0.00748297
-0.0167082
-0.025764
-0.0346426
-0.0433051
-0.0518455
-0.0601529
-0.0682417
0.108189
0.0975323
0.0869583
0.0773916
0.0679352
0.0584091
0.0489503
0.0395993
0.0303463
0.0211951
0.012157
0.00324184
-0.00554118
-0.0141826
-0.0226725
-0.030998
-0.0391181
-0.0471763
-0.0550082
-0.0626396
0.102345
0.0924862
0.0826846
0.0737601
0.0649559
0.0560911
0.0472787
0.0385609
0.0299307
0.02139
0.0129483
0.00461473
-0.00360261
-0.0116956
-0.0196565
-0.0274797
-0.0351558
-0.0426665
-0.0500328
-0.0572326
0.0969274
0.0878142
0.0787529
0.0704453
0.0622568
0.0540159
0.0458142
0.0376931
0.0296487
0.0216817
0.0138005
0.00601333
-0.00167248
-0.00924982
-0.0167118
-0.0240553
-0.0312865
-0.0383074
-0.0452353
-0.0520228
0.0919345
0.083516
0.0751571
0.0674379
0.0598284
0.0521732
0.0445459
0.0369853
0.0294902
0.0220612
0.0147054
0.00743063
0.000243901
-0.00684801
-0.013838
-0.0207198
-0.0274909
-0.0341039
-0.0406223
-0.0470128
0.0873597
0.079587
0.0718884
0.0647264
0.0576595
0.0505518
0.0434622
0.0364262
0.0294447
0.0225186
0.0156542
0.00885904
0.00213983
-0.00449677
-0.0110439
-0.0174952
-0.0238461
-0.030065
-0.0361923
-0.042204
0.0831929
0.076019
0.068936
0.0622981
0.0557375
0.0491393
0.0425511
0.0360042
0.0295015
0.0230441
0.0166381
0.0102907
0.00400827
-0.00220249
-0.00833495
-0.0143828
-0.0203403
-0.0261855
-0.0319442
-0.0375978
0.0794206
0.0728005
0.066287
0.0601384
0.0540484
0.0479225
0.0417996
0.0357073
0.0296493
0.0236277
0.0176481
0.0117174
0.00584207
2.86099e-05
-0.00571648
-0.0113869
-0.0169766
-0.022469
-0.027881
-0.033197
0.0760266
0.0699171
0.0639269
0.0582321
0.0525774
0.0468875
0.0411948
0.0355231
0.029877
0.024259
0.0186748
0.0131309
0.00763393
0.00219012
-0.00319407
-0.00851241
-0.0137586
-0.0189194
-0.024006
-0.0290045
0.0729927
0.0673525
0.0618397
0.0565626
0.0513089
0.0460198
0.040723
0.035439
0.0301728
0.0249276
0.0197088
0.0145229
0.00937639
0.00427549
-0.000773432
-0.00576418
-0.0106904
-0.0155409
-0.0203229
-0.0250241
0.0702986
0.0650884
0.0600082
0.0551132
0.0502267
0.0453044
0.0403704
0.0354423
0.0305252
0.0256227
0.0207404
0.0158847
0.0110617
0.00627791
0.00153943
-0.00314751
-0.00777655
-0.0123379
-0.0168361
-0.0212596
0.0679231
0.0631051
0.0584144
0.0538662
0.0493142
0.044726
0.0401228
0.0355198
0.030922
0.0263335
0.0217599
0.0172073
0.012682
0.00819022
0.00373812
-0.000668153
-0.00502224
-0.0093153
-0.0135502
-0.0177155
0.0658439
0.0613821
0.0570397
0.052804
0.0485548
0.0442693
0.039966
0.0356583
0.0313511
0.0270488
0.0227569
0.0184816
0.0142288
0.0100048
0.0058157
0.00166758
-0.00243323
-0.00647857
-0.0104703
-0.014397
0.0640386
0.0598983
0.055865
0.0519087
0.0479317
0.0439184
0.0398856
0.0358445
0.0318003
0.0277574
0.0237212
0.0196978
0.0156932
0.0117135
0.00776457
0.00385254
-1.63672e-05
-0.00383439
-0.00760297
-0.0113102
0.0624849
0.0586324
0.0548711
0.0511624
0.0474279
0.0436579
0.0398669
0.0360649
0.0322569
0.0284473
0.0246418
0.020846
0.017066
0.0133077
0.00957698
0.00587992
0.00222279
-0.00138701
-0.00495296
-0.00846033
0.0611608
0.0575636
0.0540394
0.0505475
0.047027
0.043472
0.0398954
0.0363057
0.0327078
0.0291065
0.025507
0.021915
0.0183363
0.0147768
0.0112423
0.00773867
0.00427206
0.000849028
-0.00252866
-0.00585416
0.0600456
0.0566716
0.0533512
0.0500469
0.0467125
0.0433453
0.0399562
0.0365529
0.03314
0.0297222
0.0263048
0.0228933
0.0194932
0.0161102
0.0127498
0.00941765
0.00611875
0.00285763
-0.000346529
-0.00350694
0.0591202
0.0559374
0.0527891
0.0496439
0.0464686
0.0432625
0.0400348
0.0367922
0.0335395
0.0302813
0.0270225
0.0237686
0.020525
0.0172971
0.0140905
0.0109106
0.00776297
0.00465264
0.00159043
-0.00142726
0.0583673
0.0553437
0.0523366
0.0493227
0.0462796
0.0432082
0.040116
0.037009
0.0338919
0.0307691
0.0276456
0.0245265
0.0214171
0.0183226
0.0152484
0.0121998
0.00918201
0.00620026
0.0032632
0.000370105
0.0577726
0.0548755
0.0519792
0.049069
0.0461314
0.0431681
0.0401856
0.037189
0.0341827
0.0311714
0.0281596
0.0251524
0.0221547
0.0191717
0.0162085
0.0132702
0.0103619
0.00748858
0.00465707
0.00186888
0.0573248
0.0545193
0.0517025
0.0488675
0.0460073
0.0431245
0.0402243
0.0373115
0.0343903
0.0314651
0.0285405
0.0256212
0.022712
0.0198177
0.0169433
0.0140936
0.0112735
0.00848779
0.00574329
0.00304113
0.0570213
0.0542719
0.0515041
0.0487165
0.045907
0.0430781
0.0402341
0.0373793
0.0345178
0.0316538
0.0287917
0.0259359
0.023091
0.0202617
0.0174525
0.0146682
0.0119133
0.00919233
0.00650968
0.00386949
0.0568519
0.0541122
0.0513506
0.0485702
0.0457718
0.0429583
0.0401337
0.0373021
0.0344676
0.0316341
0.0288059
0.0259871
0.0231819
0.0203946
0.0176294
0.0148906
0.0121822
0.00950868
0.00687615
0.00428442
0.18864
0.189823
0.192321
0.195525
0.199215
0.203008
0.206538
0.209411
0.211194
0.211498
0.209858
0.206076
0.199418
0.190685
0.173969
0.187475
0.188549
0.190822
0.193704
0.196962
0.200211
0.203079
0.205174
0.206072
0.205406
0.202741
0.197918
0.190243
0.180648
0.164693
0.186238
0.187215
0.189268
0.191833
0.194673
0.197408
0.199675
0.201093
0.201261
0.199844
0.196448
0.19097
0.182805
0.173019
0.158052
0.184912
0.185783
0.187598
0.189824
0.19222
0.194413
0.196047
0.196758
0.19617
0.193979
0.189842
0.183704
0.175078
0.165009
0.150596
0.183494
0.184251
0.185817
0.187689
0.189623
0.191258
0.192246
0.192242
0.190898
0.187946
0.183097
0.17634
0.167313
0.156974
0.143048
0.181982
0.182621
0.183929
0.185437
0.186902
0.187973
0.188319
0.187615
0.185546
0.181882
0.176392
0.169106
0.15978
0.149271
0.135841
0.180373
0.180891
0.181934
0.18307
0.184059
0.184567
0.184279
0.182897
0.180141
0.175823
0.169769
0.162043
0.152512
0.141921
0.128977
0.178666
0.179058
0.179829
0.180587
0.181097
0.181044
0.180136
0.178102
0.174701
0.169787
0.163242
0.155161
0.1455
0.1349
0.122434
0.176858
0.177122
0.177616
0.177991
0.178021
0.177414
0.175903
0.173247
0.169248
0.163799
0.156837
0.148479
0.138758
0.128217
0.116227
0.17495
0.175082
0.175296
0.175286
0.174839
0.17369
0.171597
0.168356
0.163809
0.157889
0.150581
0.142024
0.132306
0.121887
0.110372
0.172942
0.172941
0.172873
0.172478
0.171561
0.169885
0.167238
0.163452
0.158411
0.152085
0.144502
0.135817
0.126159
0.11592
0.10488
0.170835
0.170701
0.170351
0.169575
0.168199
0.166014
0.162845
0.158559
0.15308
0.146413
0.138624
0.129877
0.120332
0.110321
0.0997571
0.168634
0.168366
0.167737
0.166587
0.164765
0.162097
0.158441
0.153703
0.147843
0.1409
0.132968
0.124221
0.114834
0.105094
0.0950038
0.166344
0.165944
0.16504
0.163525
0.161275
0.158152
0.154049
0.148908
0.142726
0.135569
0.127555
0.118863
0.109675
0.100238
0.0906183
0.163973
0.163441
0.16227
0.160403
0.157748
0.154201
0.149693
0.1442
0.137753
0.130442
0.122403
0.113813
0.104857
0.0957504
0.0865945
0.161529
0.16087
0.159442
0.157238
0.154202
0.150266
0.145397
0.139605
0.132949
0.12554
0.117524
0.109079
0.100383
0.0916242
0.0829239
0.159026
0.158244
0.15657
0.154049
0.150659
0.146372
0.141187
0.135147
0.128336
0.120879
0.112932
0.104666
0.096251
0.0878512
0.079595
0.156479
0.155579
0.153674
0.150856
0.147144
0.142544
0.137089
0.13085
0.123933
0.116476
0.108634
0.100575
0.0924563
0.0844206
0.0765941
0.153906
0.152894
0.150774
0.147683
0.14368
0.138807
0.133128
0.126738
0.119761
0.112343
0.104639
0.0968068
0.0889926
0.0813198
0.073906
0.151328
0.150213
0.147895
0.144556
0.140297
0.13519
0.12933
0.122833
0.115836
0.108491
0.100949
0.0933586
0.0858516
0.0785351
0.0715143
0.148772
0.14756
0.145064
0.141504
0.137021
0.13172
0.125719
0.119155
0.112175
0.104929
0.0975679
0.0902263
0.0830235
0.0760518
0.069402
0.146265
0.144966
0.142311
0.138559
0.133885
0.128426
0.122323
0.115726
0.10879
0.101666
0.0944962
0.0874048
0.0804981
0.073855
0.0675518
0.143841
0.142464
0.139671
0.135753
0.130921
0.125339
0.119167
0.112567
0.105698
0.0987091
0.0917346
0.0848887
0.0782648
0.0719299
0.0659467
0.141537
0.140092
0.137182
0.133124
0.128165
0.12249
0.116277
0.109697
0.102911
0.0960646
0.0892837
0.0826727
0.0763134
0.0702628
0.0645707
0.139395
0.137892
0.134884
0.130713
0.125653
0.119913
0.113683
0.107139
0.100445
0.0937407
0.0871451
0.0807528
0.0746354
0.0688412
0.063409
0.137462
0.135911
0.132824
0.128563
0.123428
0.117645
0.111413
0.104917
0.0983161
0.0917475
0.0853224
0.079127
0.0732242
0.067655
0.0624489
0.135791
0.134199
0.131052
0.126723
0.121533
0.115724
0.109503
0.103057
0.0965446
0.0900981
0.0838225
0.0777967
0.0720767
0.0666972
0.0616808
0.134437
0.132815
0.129623
0.125246
0.120018
0.114196
0.107992
0.101592
0.0951556
0.0888108
0.0826574
0.0767684
0.0711944
0.0659653
0.0610984
0.133464
0.13182
0.1286
0.124191
0.118941
0.113113
0.106924
0.100561
0.0941818
0.0879116
0.0818464
0.0760555
0.0705852
0.0654629
0.0607024
0.132942
0.131283
0.12805
0.123626
0.118364
0.112534
0.106355
0.100014
0.093666
0.0874366
0.0814191
0.0756808
0.0702659
0.0651998
0.0604942
0.203486
0.205274
0.209356
0.214969
0.222062
0.230464
0.240016
0.250639
0.262228
0.274681
0.287883
0.301717
0.316051
0.330765
0.345656
0.203407
0.205191
0.209265
0.214867
0.221941
0.230324
0.239846
0.250433
0.261975
0.274369
0.287498
0.301246
0.315475
0.330069
0.34481
0.203248
0.205025
0.209084
0.214663
0.221707
0.230042
0.239508
0.250021
0.261469
0.273745
0.286731
0.300304
0.314324
0.32868
0.343121
0.203011
0.204777
0.208813
0.214359
0.221367
0.229622
0.239003
0.249404
0.260712
0.272813
0.285582
0.298895
0.312603
0.326601
0.340594
0.202697
0.204448
0.208454
0.213955
0.220898
0.229064
0.238332
0.248586
0.259706
0.271574
0.284056
0.297024
0.310317
0.323841
0.337237
0.202305
0.204039
0.208007
0.213452
0.22032
0.228372
0.237498
0.247569
0.258455
0.270033
0.282158
0.294695
0.307472
0.320407
0.333063
0.201839
0.203551
0.207475
0.212852
0.219629
0.227548
0.236504
0.246356
0.256964
0.268195
0.279892
0.291916
0.304076
0.316312
0.328084
0.201298
0.202988
0.206859
0.21216
0.218828
0.226593
0.235353
0.244951
0.255236
0.266065
0.277266
0.288696
0.30014
0.311567
0.322317
0.200685
0.20235
0.206162
0.211378
0.217922
0.225514
0.23405
0.243359
0.253277
0.26365
0.274287
0.285042
0.295674
0.306189
0.315782
0.200003
0.201641
0.205387
0.210442
0.216905
0.224312
0.232599
0.241586
0.251094
0.260956
0.270964
0.280966
0.290692
0.300193
0.3085
0.199252
0.200862
0.204543
0.209622
0.215792
0.222992
0.231004
0.239637
0.248693
0.257992
0.267306
0.276479
0.285206
0.293597
0.300494
0.198436
0.200017
0.203621
0.20853
0.214579
0.221559
0.229272
0.237518
0.246082
0.254767
0.263322
0.271593
0.279232
0.28642
0.291788
0.197557
0.199109
0.202624
0.207413
0.21328
0.220017
0.227408
0.235237
0.243267
0.251288
0.259024
0.26632
0.272784
0.278681
0.282407
0.196617
0.198141
0.201559
0.206219
0.211896
0.218372
0.225418
0.232799
0.240258
0.247567
0.254423
0.260674
0.265877
0.270401
0.272373
0.19562
0.197116
0.200494
0.204954
0.21043
0.21663
0.223308
0.230213
0.237065
0.243615
0.249534
0.25467
0.258532
0.261601
0.261712
0.194569
0.196033
0.199297
0.203622
0.208886
0.214793
0.221083
0.227483
0.23369
0.239435
0.244361
0.248316
0.250757
0.252288
0.250433
0.193466
0.194909
0.198058
0.202227
0.207264
0.212861
0.218738
0.224602
0.230125
0.235013
0.238883
0.241581
0.242516
0.242416
0.238493
0.192315
0.193743
0.196782
0.200792
0.205597
0.210874
0.216327
0.221637
0.226448
0.230441
0.233208
0.234585
0.23394
0.232122
0.226019
0.19112
0.192534
0.195483
0.199343
0.20393
0.208908
0.21396
0.218745
0.222875
0.226003
0.227688
0.227753
0.22552
0.221944
0.213618
0.189879
0.191238
0.194047
0.197695
0.201991
0.206583
0.211139
0.21529
0.218625
0.220769
0.221254
0.219884
0.215907
0.210338
0.199366
0.189879
0.191238
0.194047
0.197695
0.201991
0.206583
0.211139
0.21529
0.218625
0.220769
0.221254
0.219884
0.215907
0.210338
0.199366
0.19112
0.192534
0.195483
0.199343
0.20393
0.208908
0.21396
0.218745
0.222875
0.226003
0.227688
0.227753
0.22552
0.221944
0.213618
0.192315
0.193743
0.196782
0.200792
0.205597
0.210874
0.216327
0.221637
0.226448
0.230441
0.233208
0.234585
0.23394
0.232122
0.226019
0.193466
0.194909
0.198058
0.202227
0.207264
0.212861
0.218738
0.224602
0.230125
0.235013
0.238883
0.241581
0.242516
0.242416
0.238493
0.194569
0.196033
0.199297
0.203622
0.208886
0.214793
0.221083
0.227483
0.23369
0.239435
0.244361
0.248316
0.250757
0.252288
0.250433
0.19562
0.197116
0.200494
0.204954
0.21043
0.21663
0.223308
0.230213
0.237065
0.243615
0.249534
0.25467
0.258532
0.261601
0.261712
0.196617
0.198141
0.201559
0.206219
0.211896
0.218372
0.225418
0.232799
0.240258
0.247567
0.254423
0.260674
0.265877
0.270401
0.272373
0.197557
0.199109
0.202624
0.207413
0.21328
0.220017
0.227408
0.235237
0.243267
0.251288
0.259024
0.26632
0.272784
0.278681
0.282407
0.198436
0.200017
0.203621
0.20853
0.214579
0.221559
0.229272
0.237518
0.246082
0.254767
0.263322
0.271593
0.279232
0.28642
0.291788
0.199252
0.200862
0.204543
0.209622
0.215792
0.222992
0.231004
0.239637
0.248693
0.257992
0.267306
0.276479
0.285206
0.293597
0.300494
0.200003
0.201641
0.205387
0.210442
0.216905
0.224312
0.232599
0.241586
0.251094
0.260956
0.270964
0.280966
0.290692
0.300193
0.3085
0.200685
0.20235
0.206162
0.211378
0.217922
0.225514
0.23405
0.243359
0.253277
0.26365
0.274287
0.285042
0.295674
0.306189
0.315782
0.201298
0.202988
0.206859
0.21216
0.218828
0.226593
0.235353
0.244951
0.255236
0.266065
0.277266
0.288696
0.30014
0.311567
0.322317
0.201839
0.203551
0.207475
0.212852
0.219629
0.227548
0.236504
0.246356
0.256964
0.268195
0.279892
0.291916
0.304076
0.316312
0.328084
0.202305
0.204039
0.208007
0.213452
0.22032
0.228372
0.237498
0.247569
0.258455
0.270033
0.282158
0.294695
0.307472
0.320407
0.333063
0.202697
0.204448
0.208454
0.213955
0.220898
0.229064
0.238332
0.248586
0.259706
0.271574
0.284056
0.297024
0.310317
0.323841
0.337237
0.203011
0.204777
0.208813
0.214359
0.221367
0.229622
0.239003
0.249404
0.260712
0.272813
0.285582
0.298895
0.312603
0.326601
0.340594
0.203248
0.205025
0.209084
0.214663
0.221707
0.230042
0.239508
0.250021
0.261469
0.273745
0.286731
0.300304
0.314324
0.32868
0.343121
0.203407
0.205191
0.209265
0.214867
0.221941
0.230324
0.239846
0.250433
0.261975
0.274369
0.287498
0.301246
0.315475
0.330069
0.34481
0.203486
0.205274
0.209356
0.214969
0.222062
0.230464
0.240016
0.250639
0.262228
0.274681
0.287883
0.301717
0.316051
0.330765
0.345656
0.132942
0.131283
0.12805
0.123626
0.118364
0.112534
0.106355
0.100014
0.093666
0.0874366
0.0814191
0.0756808
0.0702658
0.0651998
0.0604942
0.133464
0.13182
0.1286
0.124191
0.118941
0.113113
0.106924
0.100561
0.0941818
0.0879116
0.0818464
0.0760554
0.0705852
0.0654629
0.0607024
0.134437
0.132815
0.129623
0.125246
0.120018
0.114196
0.107992
0.101592
0.0951556
0.0888108
0.0826574
0.0767684
0.0711944
0.0659653
0.0610984
0.135791
0.134199
0.131052
0.126723
0.121533
0.115724
0.109503
0.103057
0.0965446
0.0900981
0.0838225
0.0777967
0.0720767
0.0666972
0.0616808
0.137462
0.135911
0.132824
0.128563
0.123428
0.117645
0.111413
0.104917
0.0983161
0.0917475
0.0853224
0.079127
0.0732242
0.067655
0.0624489
0.139395
0.137892
0.134884
0.130713
0.125653
0.119913
0.113683
0.107139
0.100445
0.0937407
0.0871451
0.0807528
0.0746354
0.0688412
0.063409
0.141537
0.140092
0.137182
0.133124
0.128165
0.12249
0.116277
0.109697
0.102911
0.0960646
0.0892837
0.0826727
0.0763134
0.0702628
0.0645707
0.143841
0.142464
0.139671
0.135753
0.130921
0.125339
0.119167
0.112567
0.105698
0.0987091
0.0917346
0.0848887
0.0782648
0.0719299
0.0659467
0.146265
0.144966
0.142311
0.138559
0.133885
0.128426
0.122323
0.115726
0.10879
0.101666
0.0944962
0.0874048
0.0804981
0.0738549
0.0675518
0.148772
0.14756
0.145064
0.141504
0.137021
0.13172
0.125719
0.119155
0.112175
0.104929
0.0975678
0.0902263
0.0830235
0.0760518
0.069402
0.151328
0.150213
0.147895
0.144556
0.140297
0.13519
0.12933
0.122833
0.115836
0.108491
0.100949
0.0933586
0.0858515
0.0785351
0.0715143
0.153906
0.152894
0.150774
0.147683
0.14368
0.138807
0.133128
0.126738
0.119761
0.112343
0.104639
0.0968068
0.0889926
0.0813198
0.073906
0.156479
0.155579
0.153674
0.150856
0.147144
0.142544
0.137089
0.13085
0.123933
0.116476
0.108634
0.100575
0.0924563
0.0844206
0.0765941
0.159026
0.158244
0.15657
0.154049
0.150659
0.146372
0.141187
0.135147
0.128336
0.120879
0.112932
0.104666
0.096251
0.0878512
0.079595
0.161529
0.16087
0.159442
0.157238
0.154202
0.150266
0.145397
0.139605
0.132949
0.12554
0.117524
0.109079
0.100383
0.0916242
0.0829239
0.163973
0.163441
0.16227
0.160403
0.157748
0.154201
0.149693
0.1442
0.137753
0.130442
0.122402
0.113813
0.104857
0.0957504
0.0865945
0.166344
0.165943
0.16504
0.163525
0.161275
0.158152
0.154049
0.148908
0.142726
0.135569
0.127555
0.118863
0.109675
0.100238
0.0906183
0.168634
0.168366
0.167737
0.166587
0.164765
0.162097
0.158441
0.153703
0.147843
0.1409
0.132968
0.124221
0.114834
0.105094
0.0950038
0.170835
0.170701
0.170351
0.169575
0.168199
0.166014
0.162845
0.158559
0.15308
0.146413
0.138624
0.129877
0.120332
0.110321
0.0997571
0.172942
0.172941
0.172873
0.172478
0.171561
0.169885
0.167238
0.163452
0.158411
0.152085
0.144502
0.135817
0.126159
0.11592
0.10488
0.17495
0.175082
0.175296
0.175286
0.174839
0.17369
0.171597
0.168356
0.163809
0.157889
0.150581
0.142024
0.132306
0.121887
0.110372
0.176858
0.177122
0.177616
0.177991
0.178021
0.177414
0.175903
0.173247
0.169248
0.163799
0.156837
0.148479
0.138758
0.128217
0.116227
0.178666
0.179058
0.179829
0.180587
0.181097
0.181044
0.180136
0.178102
0.174701
0.169787
0.163242
0.155161
0.1455
0.1349
0.122434
0.180373
0.180891
0.181934
0.18307
0.184059
0.184567
0.184279
0.182897
0.180141
0.175823
0.169769
0.162043
0.152512
0.141921
0.128977
0.181982
0.182621
0.183929
0.185437
0.186902
0.187973
0.188319
0.187615
0.185546
0.181882
0.176392
0.169106
0.15978
0.149271
0.135841
0.183494
0.184251
0.185817
0.187689
0.189623
0.191258
0.192246
0.192242
0.190898
0.187946
0.183097
0.17634
0.167313
0.156974
0.143048
0.184912
0.185783
0.187598
0.189824
0.19222
0.194413
0.196047
0.196758
0.19617
0.193979
0.189842
0.183704
0.175078
0.165009
0.150596
0.186238
0.187215
0.189268
0.191833
0.194673
0.197408
0.199675
0.201093
0.201261
0.199844
0.196448
0.19097
0.182805
0.173019
0.158052
0.187475
0.188549
0.190822
0.193704
0.196962
0.200211
0.203079
0.205174
0.206072
0.205406
0.202741
0.197918
0.190243
0.180648
0.164693
0.18864
0.189823
0.192321
0.195525
0.199215
0.203008
0.206538
0.209411
0.211194
0.211498
0.209858
0.206076
0.199418
0.190685
0.173969
0.0568519
0.0541122
0.0513506
0.0485702
0.0457718
0.0429583
0.0401337
0.0373021
0.0344675
0.0316341
0.0288059
0.0259871
0.0231819
0.0203946
0.0176294
0.0148906
0.0121822
0.00950868
0.00687614
0.00428441
0.0570213
0.0542719
0.0515041
0.0487165
0.045907
0.0430781
0.0402341
0.0373793
0.0345178
0.0316538
0.0287917
0.0259359
0.023091
0.0202617
0.0174525
0.0146682
0.0119133
0.00919232
0.00650967
0.00386948
0.0573248
0.0545193
0.0517025
0.0488674
0.0460073
0.0431245
0.0402243
0.0373115
0.0343903
0.0314651
0.0285405
0.0256212
0.0227119
0.0198177
0.0169433
0.0140936
0.0112735
0.00848778
0.00574328
0.00304112
0.0577726
0.0548755
0.0519792
0.049069
0.0461314
0.0431681
0.0401856
0.037189
0.0341827
0.0311713
0.0281596
0.0251523
0.0221547
0.0191717
0.0162085
0.0132702
0.0103619
0.00748857
0.00465706
0.00186887
0.0583672
0.0553437
0.0523366
0.0493227
0.0462796
0.0432081
0.040116
0.037009
0.0338919
0.0307691
0.0276456
0.0245265
0.0214171
0.0183226
0.0152484
0.0121998
0.009182
0.00620025
0.00326319
0.000370096
0.0591202
0.0559374
0.0527891
0.0496439
0.0464686
0.0432625
0.0400348
0.0367922
0.0335395
0.0302813
0.0270225
0.0237686
0.020525
0.0172971
0.0140905
0.0109106
0.00776296
0.00465263
0.00159042
-0.00142727
0.0600456
0.0566716
0.0533512
0.0500469
0.0467125
0.0433453
0.0399562
0.0365528
0.03314
0.0297222
0.0263048
0.0228933
0.0194932
0.0161101
0.0127498
0.00941764
0.00611874
0.00285762
-0.000346539
-0.00350695
0.0611608
0.0575636
0.0540394
0.0505475
0.047027
0.043472
0.0398954
0.0363057
0.0327078
0.0291065
0.025507
0.021915
0.0183363
0.0147768
0.0112422
0.00773866
0.00427205
0.000849018
-0.00252867
-0.00585417
0.0624849
0.0586324
0.0548711
0.0511624
0.0474279
0.0436579
0.0398669
0.0360649
0.0322569
0.0284473
0.0246418
0.020846
0.017066
0.0133077
0.00957697
0.00587991
0.00222278
-0.00138702
-0.00495297
-0.00846034
0.0640386
0.0598983
0.0558649
0.0519087
0.0479317
0.0439184
0.0398856
0.0358445
0.0318003
0.0277573
0.0237212
0.0196978
0.0156932
0.0117135
0.00776456
0.00385253
-1.63768e-05
-0.0038344
-0.00760298
-0.0113102
0.0658439
0.0613821
0.0570397
0.052804
0.0485548
0.0442692
0.039966
0.0356583
0.0313511
0.0270488
0.0227569
0.0184815
0.0142288
0.0100048
0.00581569
0.00166757
-0.00243324
-0.00647858
-0.0104703
-0.014397
0.067923
0.0631051
0.0584144
0.0538662
0.0493142
0.044726
0.0401228
0.0355197
0.030922
0.0263335
0.0217598
0.0172073
0.012682
0.00819021
0.00373811
-0.000668162
-0.00502225
-0.00931531
-0.0135502
-0.0177155
0.0702986
0.0650884
0.0600082
0.0551132
0.0502267
0.0453044
0.0403704
0.0354423
0.0305251
0.0256227
0.0207404
0.0158847
0.0110617
0.0062779
0.00153942
-0.00314752
-0.00777656
-0.0123379
-0.0168361
-0.0212596
0.0729926
0.0673525
0.0618397
0.0565626
0.0513089
0.0460198
0.040723
0.035439
0.0301728
0.0249276
0.0197088
0.0145229
0.00937638
0.00427548
-0.000773442
-0.00576419
-0.0106904
-0.0155409
-0.020323
-0.0250241
0.0760266
0.0699171
0.0639269
0.058232
0.0525774
0.0468875
0.0411948
0.0355231
0.029877
0.024259
0.0186748
0.0131309
0.00763392
0.00219011
-0.00319408
-0.00851242
-0.0137586
-0.0189194
-0.024006
-0.0290045
0.0794205
0.0728005
0.066287
0.0601384
0.0540484
0.0479225
0.0417996
0.0357073
0.0296493
0.0236277
0.0176481
0.0117174
0.00584206
2.86007e-05
-0.00571649
-0.0113869
-0.0169766
-0.022469
-0.027881
-0.033197
0.0831929
0.076019
0.068936
0.0622981
0.0557375
0.0491393
0.0425511
0.0360042
0.0295015
0.0230441
0.0166381
0.0102906
0.00400826
-0.00220249
-0.00833496
-0.0143828
-0.0203404
-0.0261855
-0.0319443
-0.0375978
0.0873597
0.079587
0.0718884
0.0647264
0.0576595
0.0505518
0.0434622
0.0364262
0.0294447
0.0225186
0.0156542
0.00885903
0.00213982
-0.00449678
-0.0110439
-0.0174952
-0.0238461
-0.030065
-0.0361924
-0.0422041
0.0919345
0.083516
0.0751571
0.0674379
0.0598284
0.0521732
0.0445459
0.0369853
0.0294902
0.0220612
0.0147054
0.00743062
0.000243892
-0.00684802
-0.013838
-0.0207198
-0.0274909
-0.0341039
-0.0406223
-0.0470128
0.0969274
0.0878142
0.0787529
0.0704453
0.0622568
0.0540159
0.0458142
0.0376931
0.0296487
0.0216817
0.0138005
0.00601332
-0.00167249
-0.00924983
-0.0167118
-0.0240553
-0.0312865
-0.0383074
-0.0452353
-0.0520228
0.102345
0.0924862
0.0826845
0.0737601
0.0649559
0.0560911
0.0472787
0.0385608
0.0299307
0.0213899
0.0129483
0.00461472
-0.00360262
-0.0116956
-0.0196565
-0.0274798
-0.0351558
-0.0426665
-0.0500328
-0.0572326
0.108189
0.0975323
0.0869582
0.0773915
0.0679352
0.0584091
0.0489503
0.0395993
0.0303463
0.0211951
0.012157
0.00324183
-0.00554118
-0.0141826
-0.0226725
-0.030998
-0.0391181
-0.0471763
-0.0550082
-0.0626396
0.114455
0.102947
0.0915775
0.0813467
0.071202
0.0609786
0.0508389
0.0408182
0.0309052
0.0211063
0.0114347
0.00190154
-0.00748298
-0.0167082
-0.025764
-0.0346426
-0.0433051
-0.0518455
-0.0601529
-0.0682417
0.121129
0.108719
0.0965428
0.08563
0.0747614
0.0638074
0.0529536
0.0422272
0.0316165
0.0211323
0.0107897
0.000601099
-0.00942151
-0.0192658
-0.0289202
-0.0383768
-0.0475893
-0.0566533
-0.065468
-0.0740386
0.128186
0.114826
0.101852
0.0902435
0.0786176
0.0669035
0.0553041
0.0438359
0.03249
0.0212823
0.01023
-0.00065237
-0.0113507
-0.0218506
-0.0321379
-0.0422055
-0.0519942
-0.0616118
-0.0709585
-0.080032
0.135593
0.121238
0.107496
0.0951766
0.0827628
0.070264
0.0578895
0.0456443
0.0335265
0.0215574
0.00975687
-0.00185795
-0.0132701
-0.0244626
-0.0354178
-0.046131
-0.0565217
-0.0667231
-0.0766266
-0.0862234
0.143291
0.127911
0.113449
0.100397
0.0871685
0.0738674
0.0606917
0.0476383
0.0347147
0.0219483
0.00936239
-0.0030225
-0.015186
-0.0271078
-0.0387647
-0.0501564
-0.061173
-0.0719895
-0.0824746
-0.0926141
0.151149
0.13491
0.119842
0.106031
0.0919621
0.0778349
0.0638207
0.0499166
0.0361423
0.0225314
0.00911154
-0.0040921
-0.0170553
-0.0297542
-0.0421616
-0.0542906
-0.0659443
-0.0774006
-0.0884915
-0.099194
0.158722
0.142235
0.126815
0.112248
0.097332
0.0823465
0.0674401
0.0526264
0.037941
0.023424
0.00910919
-0.00497298
-0.018794
-0.0323275
-0.0455579
-0.0585673
-0.0708147
-0.0829234
-0.0946455
-0.105943
0.163643
0.147353
0.131945
0.116834
0.101309
0.0856582
0.0700217
0.0544423
0.0389724
0.0236616
0.00855172
-0.00632046
-0.0209223
-0.0352243
-0.0491761
-0.0626441
-0.0758857
-0.0886791
-0.101028
-0.112936
0.00173754
-0.000759247
-0.00320201
-0.00558754
-0.00791275
-0.0101746
-0.0123703
-0.0144971
-0.0165526
-0.0185346
-0.0204411
-0.0222703
-0.0240208
-0.0256911
-0.0272802
-0.0287874
-0.030212
-0.0315537
-0.0328122
-0.0339877
0.00127644
-0.00126528
-0.00375187
-0.00617966
-0.00854511
-0.0108449
-0.013076
-0.0152356
-0.017321
-0.0193301
-0.0212607
-0.0231112
-0.0248801
-0.0265661
-0.0281684
-0.0296864
-0.0311196
-0.0324679
-0.0337309
-0.0349103
0.000386173
-0.00221634
-0.0047621
-0.00724727
-0.00966823
-0.0120215
-0.014304
-0.0165128
-0.0186452
-0.020699
-0.0226721
-0.0245627
-0.0263696
-0.0280914
-0.0297275
-0.0312773
-0.0327407
-0.0341173
-0.0354061
-0.0366115
-0.00087059
-0.0035559
-0.00618263
-0.00874683
-0.0112447
-0.0136727
-0.0160275
-0.0183061
-0.0205059
-0.0226244
-0.0246596
-0.0266098
-0.0284735
-0.0302498
-0.0319379
-0.0335372
-0.0350479
-0.0364695
-0.0377994
-0.0390464
-0.00247303
-0.0052601
-0.00798647
-0.0106481
-0.013241
-0.0157616
-0.0182064
-0.0205724
-0.0228569
-0.0250574
-0.0271718
-0.0291986
-0.0311361
-0.0329836
-0.0347402
-0.0364055
-0.0379797
-0.0394624
-0.0408491
-0.0421532
-0.00439346
-0.00730119
-0.0101457
-0.0129229
-0.0156289
-0.0182598
-0.0208122
-0.0232829
-0.0256693
-0.0279687
-0.0301792
-0.0322991
-0.034327
-0.0362619
-0.038103
-0.0398503
-0.0415038
-0.0430629
-0.044521
-0.0458965
-0.00661463
-0.00966123
-0.0126418
-0.0155522
-0.0183886
-0.021147
-0.0238238
-0.026416
-0.0289207
-0.0313355
-0.0336582
-0.0358872
-0.0380212
-0.0400591
-0.0420003
-0.0438446
-0.0455924
-0.0472429
-0.0487861
-0.050246
-0.00912154
-0.0123249
-0.0154593
-0.0185205
-0.0215044
-0.0244071
-0.027225
-0.029955
-0.0325942
-0.0351402
-0.0375909
-0.0399447
-0.0422002
-0.0443566
-0.0464131
-0.0483695
-0.0502266
-0.0519832
-0.0536261
-0.0551837
-0.0119046
-0.0152817
-0.0185871
-0.021816
-0.0249642
-0.0280277
-0.0310029
-0.0338867
-0.0366763
-0.0393692
-0.0419635
-0.0444574
-0.0468497
-0.0491396
-0.0513263
-0.0534099
-0.0553911
-0.0572688
-0.0590254
-0.0606932
-0.0149508
-0.0185205
-0.0220146
-0.0254285
-0.0287577
-0.0319985
-0.0351472
-0.0382007
-0.0411563
-0.0440116
-0.0467646
-0.0494137
-0.0519579
-0.0543962
-0.0567282
-0.0589537
-0.0610738
-0.0630876
-0.0649725
-0.0667626
-0.0182529
-0.0220334
-0.0257338
-0.0293497
-0.0328767
-0.036311
-0.0396491
-0.042888
-0.0460249
-0.0490577
-0.0519845
-0.0548038
-0.0575146
-0.0601162
-0.0626081
-0.0649905
-0.0672645
-0.0694298
-0.0714586
-0.0733843
-0.0218051
-0.0258142
-0.0297384
-0.0335732
-0.0373143
-0.0409581
-0.0445012
-0.0479407
-0.051274
-0.0544991
-0.0576143
-0.0606183
-0.0635103
-0.0662896
-0.0689561
-0.0715099
-0.0739527
-0.0762849
-0.0784741
-0.0805517
-0.0256015
-0.0298572
-0.0340224
-0.0380927
-0.0420641
-0.045933
-0.0496963
-0.0533512
-0.0568955
-0.0603272
-0.0636451
-0.066848
-0.0699354
-0.0729069
-0.0757625
-0.0785025
-0.0811283
-0.0836405
-0.0860001
-0.0882265
-0.029637
-0.0341571
-0.0385804
-0.0429027
-0.0471201
-0.0512293
-0.0552274
-0.0591119
-0.062881
-0.0665331
-0.0700672
-0.0734828
-0.0767796
-0.0799579
-0.083018
-0.0859605
-0.0887878
-0.0915019
-0.094061
-0.096476
-0.0339071
-0.0387095
-0.0434077
-0.0479979
-0.0524765
-0.0568405
-0.0610872
-0.0652147
-0.0692215
-0.0731068
-0.0768699
-0.0805111
-0.0840307
-0.0874298
-0.0907097
-0.0938718
-0.0969193
-0.0998562
-0.10264
-0.105271
-0.038408
-0.04351
-0.0484996
-0.0533732
-0.0581275
-0.0627597
-0.0672679
-0.0716507
-0.0759071
-0.0800369
-0.0840406
-0.0879191
-0.091674
-0.0953073
-0.0988218
-0.10222
-0.105508
-0.10869
-0.111728
-0.114618
-0.0431359
-0.0485548
-0.0538518
-0.0590235
-0.0640671
-0.0689802
-0.0737615
-0.0784102
-0.0829264
-0.0873107
-0.0915647
-0.0956907
-0.0996917
-0.103571
-0.107335
-0.110987
-0.114534
-0.117987
-0.121313
-0.12452
-0.0480876
-0.0538404
-0.0594602
-0.064944
-0.0702893
-0.0754946
-0.0805591
-0.085483
-0.0902672
-0.0949138
-0.0994258
-0.103807
-0.108063
-0.112199
-0.116224
-0.120145
-0.123974
-0.127722
-0.131372
-0.134976
-0.0532603
-0.0593634
-0.0653209
-0.0711299
-0.0767885
-0.0822958
-0.0876518
-0.0928579
-0.0979162
-0.10283
-0.107605
-0.112247
-0.116763
-0.121163
-0.125459
-0.129663
-0.133792
-0.137863
-0.14187
-0.145973
-0.0586517
-0.0651214
-0.0714305
-0.0775769
-0.0835589
-0.0893763
-0.0950304
-0.100523
-0.105859
-0.111042
-0.116081
-0.120984
-0.125762
-0.130429
-0.135002
-0.139499
-0.143945
-0.148362
-0.152755
-0.157485
-0.0642597
-0.0711118
-0.0777863
-0.084281
-0.0905952
-0.0967293
-0.102685
-0.108467
-0.11408
-0.119531
-0.124831
-0.129991
-0.135027
-0.139958
-0.144806
-0.1496
-0.154374
-0.159158
-0.163957
-0.169467
-0.0700829
-0.077333
-0.0843857
-0.091239
-0.0978926
-0.104348
-0.110608
-0.116677
-0.122563
-0.128276
-0.133828
-0.139235
-0.144518
-0.149703
-0.154818
-0.159903
-0.165007
-0.170171
-0.175382
-0.181853
-0.0761206
-0.0837838
-0.0912268
-0.0984476
-0.105446
-0.112225
-0.118787
-0.125139
-0.13129
-0.137252
-0.143041
-0.148679
-0.154191
-0.15961
-0.164976
-0.170338
-0.175763
-0.181312
-0.186921
-0.194561
-0.0823721
-0.0904635
-0.0983082
-0.105904
-0.113252
-0.120353
-0.127212
-0.133838
-0.140239
-0.146432
-0.152436
-0.158276
-0.163986
-0.169608
-0.175194
-0.18081
-0.186543
-0.19248
-0.198468
-0.207507
-0.0888381
-0.0973721
-0.105629
-0.113607
-0.121305
-0.128727
-0.135876
-0.142762
-0.149396
-0.155795
-0.161982
-0.167988
-0.173851
-0.179625
-0.185375
-0.191189
-0.197188
-0.203497
-0.209863
-0.220576
-0.0955193
-0.104509
-0.113188
-0.121552
-0.129602
-0.137339
-0.14477
-0.151902
-0.158748
-0.165329
-0.171669
-0.177803
-0.183776
-0.189648
-0.195499
-0.20143
-0.207599
-0.214182
-0.220874
-0.23354
-0.102415
-0.111871
-0.120976
-0.129727
-0.138122
-0.146163
-0.153856
-0.161209
-0.168237
-0.174962
-0.181414
-0.187632
-0.193673
-0.199607
-0.20553
-0.211563
-0.217886
-0.224689
-0.231648
-0.246331
-0.109514
-0.119444
-0.128976
-0.138105
-0.146827
-0.155143
-0.163056
-0.170575
-0.177714
-0.184495
-0.190953
-0.197137
-0.203117
-0.208991
-0.214894
-0.221006
-0.227586
-0.234869
-0.242584
-0.259283
-0.116812
-0.127241
-0.137219
-0.146736
-0.155789
-0.164372
-0.172486
-0.180133
-0.187322
-0.194071
-0.200408
-0.206381
-0.212065
-0.217574
-0.223079
-0.228832
-0.235218
-0.242684
-0.251553
-0.270117
-0.124387
-0.135363
-0.145853
-0.155847
-0.165337
-0.174317
-0.182783
-0.190731
-0.198163
-0.205084
-0.211505
-0.217451
-0.222964
-0.228111
-0.233007
-0.23783
-0.242866
-0.248494
-0.255636
-0.271433
-0.0353212
-0.0367579
-0.0380664
-0.0392271
-0.0402204
-0.0410242
-0.0416152
-0.0419716
-0.0420737
-0.0419045
-0.0414507
-0.0407037
-0.0396607
-0.0383255
-0.0367093
-0.0348312
-0.0327183
-0.030405
-0.0279323
-0.025346
-0.0226942
-0.0200266
-0.0173854
-0.0148185
-0.0123375
-0.0100094
-0.00773302
-0.00574854
-0.00347545
-0.00203109
-0.0362773
-0.0377168
-0.0390019
-0.0401351
-0.0411006
-0.0418726
-0.0424261
-0.0427391
-0.0427924
-0.0425693
-0.0420571
-0.0412477
-0.0401393
-0.0387368
-0.0370528
-0.0351077
-0.0329301
-0.030556
-0.0280278
-0.0253928
-0.0226999
-0.0199997
-0.0173347
-0.0147531
-0.0122642
-0.00993879
-0.00766421
-0.00570151
-0.00342266
-0.00203566
-0.0380577
-0.0395097
-0.0407555
-0.0418404
-0.0427553
-0.0434682
-0.0439509
-0.0441816
-0.0441421
-0.0438167
-0.0431934
-0.0422657
-0.0410335
-0.0395037
-0.0376915
-0.03562
-0.0333207
-0.0308326
-0.0282006
-0.0254745
-0.0227053
-0.0199449
-0.0172359
-0.0146271
-0.0121255
-0.00980289
-0.0075389
-0.0056042
-0.00334585
-0.00201841
-0.0406083
-0.0420745
-0.0432597
-0.0442721
-0.0451117
-0.0457374
-0.0461162
-0.0462267
-0.0460523
-0.0455786
-0.0447951
-0.043697
-0.042287
-0.0405751
-0.0385799
-0.0363287
-0.0338569
-0.0312075
-0.0284294
-0.0255759
-0.0227004
-0.0198567
-0.0170878
-0.0144425
-0.0119251
-0.00960728
-0.00736136
-0.00546382
-0.00324266
-0.00198293
-0.0438679
-0.0453491
-0.0464524
-0.0473687
-0.0481087
-0.0486191
-0.048861
-0.0488142
-0.048464
-0.0477976
-0.0468065
-0.0454887
-0.04385
-0.0419048
-0.0396763
-0.0371965
-0.0345063
-0.0316538
-0.0286927
-0.0256805
-0.0226737
-0.0197281
-0.0168873
-0.0141991
-0.0116653
-0.0093557
-0.00713566
-0.00528431
-0.00311476
-0.0019313
-0.0478002
-0.0492956
-0.0502914
-0.0510857
-0.0517001
-0.0520655
-0.0521367
-0.0518946
-0.0513274
-0.0504244
-0.0491795
-0.047594
-0.0456781
-0.0434512
-0.0409421
-0.0381889
-0.0352387
-0.0321457
-0.0289695
-0.025772
-0.0226136
-0.0195519
-0.0166306
-0.0138965
-0.0113477
-0.00905103
-0.00686547
-0.00506863
-0.00296513
-0.00186422
-0.0523726
-0.0538714
-0.0547376
-0.0553847
-0.0558471
-0.0560369
-0.0559018
-0.0554257
-0.0545997
-0.053416
-0.0518713
-0.0499712
-0.0477311
-0.0451762
-0.042342
-0.0392738
-0.0360257
-0.0326592
-0.0292399
-0.0258352
-0.022509
-0.0193208
-0.0163142
-0.0135337
-0.0109737
-0.00869592
-0.00655421
-0.00481963
-0.00279653
-0.00178209
-0.0575703
-0.0590672
-0.0597691
-0.0602384
-0.0605189
-0.0604996
-0.0601209
-0.0593701
-0.0582427
-0.0567336
-0.0548433
-0.0525823
-0.0499722
-0.047045
-0.0438437
-0.0404219
-0.0368416
-0.0331721
-0.029486
-0.0258561
-0.02235
-0.0190287
-0.0159351
-0.0131105
-0.010545
-0.0082931
-0.0062053
-0.00454009
-0.00261159
-0.00168531
-0.0633768
-0.0648579
-0.0653618
-0.0656212
-0.065688
-0.0654236
-0.0647617
-0.0636944
-0.0622216
-0.060342
-0.0580602
-0.0553927
-0.0523678
-0.0490256
-0.0454176
-0.0416062
-0.0376627
-0.0336644
-0.0296915
-0.0258223
-0.0221281
-0.0186706
-0.0154913
-0.0126272
-0.0100637
-0.00784552
-0.00582224
-0.00423283
-0.00241296
-0.00157425
-0.0697811
-0.0712282
-0.0714954
-0.0715102
-0.0713289
-0.0707813
-0.0697946
-0.0683672
-0.0665044
-0.0642085
-0.0614894
-0.0583702
-0.054887
-0.0510888
-0.0470367
-0.0428027
-0.0384679
-0.0341186
-0.0298425
-0.0257236
-0.0218363
-0.0182426
-0.0149819
-0.0120849
-0.00953245
-0.00735649
-0.00540876
-0.0039007
-0.00220334
-0.00144933
-0.0767774
-0.0781645
-0.0781508
-0.0778835
-0.0774175
-0.0765461
-0.0751912
-0.073359
-0.0710604
-0.0683023
-0.0651003
-0.0614849
-0.0575013
-0.053208
-0.0486765
-0.0439896
-0.0392385
-0.0345193
-0.0299272
-0.0255516
-0.0214698
-0.0177428
-0.0144072
-0.0114856
-0.0089546
-0.00682966
-0.00496872
-0.00354665
-0.00198542
-0.00131106
-0.0843694
-0.0856509
-0.0853068
-0.0847184
-0.0839294
-0.0826917
-0.0809237
-0.0786409
-0.0758607
-0.0725943
-0.0688642
-0.0647093
-0.0601844
-0.0553587
-0.050315
-0.0451476
-0.0399586
-0.0348536
-0.029936
-0.0253
-0.0210251
-0.0171702
-0.0137684
-0.0108323
-0.00833397
-0.006269
-0.00450617
-0.00317368
-0.00176185
-0.00116004
-0.0924462
-0.0936439
-0.0929359
-0.0919906
-0.0908395
-0.0891912
-0.086964
-0.0841846
-0.0808765
-0.0770563
-0.0727537
-0.0680171
-0.0629119
-0.0575188
-0.0519326
-0.0462599
-0.0406142
-0.0351111
-0.0298615
-0.0249645
-0.0205006
-0.0165258
-0.0130682
-0.0101285
-0.00767489
-0.00567878
-0.00402519
-0.00278485
-0.00153518
-0.000997014
-0.101166
-0.102169
-0.101027
-0.0996793
-0.0981223
-0.0960168
-0.0932835
-0.0899612
-0.0860797
-0.0816608
-0.0767426
-0.0713838
-0.0656612
-0.0596679
-0.0535118
-0.0473119
-0.0411939
-0.0352833
-0.0296986
-0.0245425
-0.0198965
-0.0158114
-0.0123101
-0.00937853
-0.00698211
-0.00506343
-0.00352988
-0.00238321
-0.0013078
-0.000822899
-0.11041
-0.111173
-0.109546
-0.107754
-0.105747
-0.103138
-0.0998517
-0.0959413
-0.0914416
-0.0863805
-0.0808052
-0.0747857
-0.0684111
-0.0617876
-0.0550368
-0.0482911
-0.0416883
-0.0353639
-0.0294437
-0.0240334
-0.0192142
-0.0150302
-0.0114984
-0.00858738
-0.00626064
-0.00442753
-0.00302426
-0.00197179
-0.00108188
-0.000638785
-0.120158
-0.120611
-0.118452
-0.11618
-0.11368
-0.110519
-0.106636
-0.102094
-0.0969327
-0.0911877
-0.0849161
-0.0782
-0.0711415
-0.0638609
-0.0564938
-0.0491868
-0.0420899
-0.0353487
-0.0290955
-0.0234381
-0.0184564
-0.0141865
-0.0106382
-0.00776029
-0.00551564
-0.00377565
-0.00251216
-0.00155357
-0.000859323
-0.000445937
-0.130364
-0.13043
-0.127702
-0.124916
-0.12188
-0.118124
-0.1136
-0.108385
-0.102522
-0.0960539
-0.0890497
-0.0816042
-0.0738332
-0.0658717
-0.0578705
-0.0499901
-0.0423932
-0.0352349
-0.0286538
-0.0227587
-0.0176272
-0.0132853
-0.00973496
-0.00690283
-0.00475231
-0.00311232
-0.0019972
-0.0011314
-0.000641743
-0.000245781
-0.140962
-0.140558
-0.137242
-0.133916
-0.130303
-0.125909
-0.120706
-0.114779
-0.108176
-0.100949
-0.0931799
-0.0849757
-0.0764674
-0.0678054
-0.0591557
-0.0506935
-0.042594
-0.0350215
-0.0281202
-0.0219988
-0.0167313
-0.0123322
-0.0087947
-0.00602072
-0.00397578
-0.00244192
-0.00148273
-0.000708029
-0.000430441
-3.98704e-05
-0.151863
-0.150915
-0.147011
-0.143126
-0.138898
-0.133829
-0.127911
-0.121237
-0.113861
-0.105843
-0.0972796
-0.0882919
-0.0790259
-0.0696478
-0.0603396
-0.0512909
-0.0426896
-0.0347088
-0.0274973
-0.0211627
-0.0157745
-0.0113333
-0.00782353
-0.00511969
-0.003191
-0.00176865
-0.000971755
-0.000286046
-0.00022638
0.000170128
-0.162958
-0.161405
-0.156945
-0.152488
-0.14761
-0.141832
-0.13517
-0.127719
-0.119538
-0.110703
-0.101321
-0.09153
-0.0814907
-0.0713857
-0.0614132
-0.0517775
-0.0426787
-0.0342982
-0.0267889
-0.0202558
-0.0147628
-0.0102952
-0.00682765
-0.00420535
-0.00240266
-0.00109644
-0.000466953
0.000132132
-3.01752e-05
0.000382423
-0.174115
-0.17193
-0.166973
-0.161939
-0.15638
-0.149867
-0.142434
-0.134178
-0.125168
-0.115493
-0.105276
-0.0946669
-0.0838442
-0.0730066
-0.0623687
-0.0521495
-0.042561
-0.0337923
-0.0259995
-0.0192839
-0.0137028
-0.00922434
-0.00581318
-0.00328314
-0.00161515
-0.000428921
2.93437e-05
0.0005443
0.000157833
0.000595195
-0.185189
-0.182391
-0.17703
-0.171415
-0.165146
-0.157876
-0.14965
-0.140568
-0.13071
-0.12018
-0.109114
-0.0976797
-0.0860693
-0.0744989
-0.0631993
-0.0524042
-0.0423372
-0.0331944
-0.0251343
-0.0182533
-0.0126011
-0.00812735
-0.00478604
-0.00235819
-0.000832492
0.000230599
0.000515147
0.000948475
0.000337532
0.000806674
-0.196023
-0.1927
-0.187055
-0.18085
-0.173846
-0.165802
-0.156766
-0.14684
-0.136121
-0.124727
-0.112808
-0.100546
-0.0881502
-0.0758522
-0.0638995
-0.0525401
-0.0420091
-0.0325087
-0.024199
-0.0171706
-0.0114645
-0.00701055
-0.00375179
-0.00143523
-5.82447e-05
0.000879206
0.000988826
0.00134293
0.000509002
0.00101518
-0.206464
-0.202791
-0.196997
-0.190183
-0.182422
-0.173589
-0.163727
-0.152946
-0.141359
-0.1291
-0.11633
-0.103246
-0.0900722
-0.0770574
-0.0644648
-0.0525567
-0.041579
-0.0317396
-0.0231995
-0.0160423
-0.0102994
-0.00587993
-0.00271556
-0.000518542
0.000704449
0.00151435
0.00144906
0.00172616
0.000672466
0.00121915
-0.216379
-0.212639
-0.206814
-0.199353
-0.190812
-0.181177
-0.170475
-0.158834
-0.146382
-0.133263
-0.119652
-0.105758
-0.0918215
-0.0781063
-0.0648919
-0.0524546
-0.0410506
-0.030893
-0.0221427
-0.0148757
-0.00911308
-0.00474216
-0.00168299
0.000387244
0.00145225
0.00213339
0.00189449
0.00209673
0.000828168
0.00141716
-0.225647
-0.222259
-0.21646
-0.208286
-0.198941
-0.188489
-0.176942
-0.164443
-0.151137
-0.137175
-0.122743
-0.108061
-0.0933838
-0.0789915
-0.065179
-0.0522364
-0.0404298
-0.029977
-0.0210382
-0.0136808
-0.00791502
-0.00360581
-0.00066122
0.00127637
0.00218105
0.00273324
0.00232354
0.00245315
0.000976288
0.00160788
-0.234227
-0.231714
-0.225895
-0.216912
-0.206741
-0.195461
-0.18307
-0.169731
-0.155594
-0.140817
-0.125592
-0.11015
-0.0947597
-0.0797171
-0.0653327
-0.0519098
-0.0397245
-0.0289987
-0.0198919
-0.0124622
-0.00670835
-0.0024728
0.00034889
0.00214862
0.00289123
0.00331423
0.0027369
0.00279548
0.00111762
0.0017904
-0.24243
-0.241246
-0.235257
-0.22537
-0.214335
-0.202206
-0.188972
-0.174805
-0.159855
-0.144279
-0.128276
-0.112088
-0.0959967
-0.0803151
-0.0653695
-0.0514777
-0.0389257
-0.0279397
-0.0186779
-0.0111895
-0.00546094
-0.00131196
0.00137533
0.00302726
0.00360087
0.00388928
0.0031433
0.00312873
0.00125501
0.00196492
-0.250985
-0.251372
-0.244895
-0.23399
-0.221985
-0.20893
-0.194813
-0.179792
-0.164007
-0.147615
-0.130819
-0.113873
-0.0970722
-0.0807475
-0.0652427
-0.0508898
-0.0379843
-0.0267553
-0.0173573
-0.0098292
-0.00414519
-0.000101697
0.0024341
0.00392297
0.00431677
0.00446175
0.00354466
0.00345307
0.00138923
0.00213089
-0.262068
-0.26139
-0.253062
-0.240985
-0.227915
-0.213928
-0.198991
-0.183217
-0.166724
-0.149665
-0.132242
-0.114716
-0.097391
-0.0806101
-0.0647271
-0.0500811
-0.0369724
-0.0256287
-0.0161947
-0.0086958
-0.00309269
0.000838068
0.00324073
0.00459989
0.00485848
0.00490129
0.00385729
0.00371606
0.0014991
0.00227797
-0.281492
-0.266077
-0.252262
-0.239629
-0.226307
-0.2122
-0.197261
-0.181539
-0.16514
-0.148203
-0.130924
-0.113553
-0.0963905
-0.0797712
-0.0640465
-0.0495541
-0.0365921
-0.0253855
-0.0160809
-0.00869242
-0.0031647
0.000736753
0.00315061
0.0045558
0.00486301
0.00496673
0.00393587
0.00384202
0.00155459
0.002402
-0.284809
-0.271103
-0.255779
-0.242556
-0.228441
-0.213464
-0.197757
-0.181357
-0.164356
-0.146896
-0.129174
-0.111447
-0.0940184
-0.0772298
-0.0614332
-0.0469626
-0.0341066
-0.0230751
-0.0139926
-0.00685412
-0.00158841
0.00205446
0.00422411
0.00541279
0.00552591
0.00548004
0.00429724
0.00413019
0.00167969
0.00256399
-0.285164
-0.271999
-0.25592
-0.242363
-0.227815
-0.212314
-0.196129
-0.179286
-0.161876
-0.14405
-0.126015
-0.10804
-0.0904459
-0.0735835
-0.0578098
-0.043456
-0.0308012
-0.02004
-0.0112766
-0.00448583
0.000423097
0.0037175
0.00556126
0.00646123
0.00632107
0.00607796
0.0047083
0.00444427
0.00181186
0.00273509
-0.28572
-0.272429
-0.255457
-0.241382
-0.226411
-0.210472
-0.193899
-0.176708
-0.15898
-0.140873
-0.122606
-0.104463
-0.0867753
-0.0699026
-0.0542047
-0.0400097
-0.027587
-0.0171167
-0.00868482
-0.00224674
0.002308
0.00526385
0.00679745
0.00742731
0.00705283
0.00662896
0.00508817
0.00473821
0.00193445
0.00290445
-0.285374
-0.271802
-0.254265
-0.239784
-0.224492
-0.208212
-0.191324
-0.173842
-0.155844
-0.137501
-0.119046
-0.100776
-0.083034
-0.066188
-0.0505994
-0.036592
-0.0244248
-0.014263
-0.00617407
-9.3865e-05
0.00410754
0.00673086
0.00796447
0.00833619
0.00774058
0.00714738
0.00544641
0.00501722
0.00205073
0.00307123
-0.284029
-0.270085
-0.252212
-0.237424
-0.221904
-0.205385
-0.188265
-0.17056
-0.152354
-0.13383
-0.115238
-0.0968868
-0.0791337
-0.0623534
-0.046909
-0.0331199
-0.0212344
-0.0114024
-0.00367266
0.00203846
0.00588001
0.00816831
0.00910275
0.00921922
0.00840695
0.00764827
0.00579216
0.00528611
0.00216267
0.00323534
-0.281776
-0.267434
-0.249399
-0.234389
-0.218706
-0.202025
-0.18474
-0.166876
-0.148521
-0.129872
-0.111195
-0.0928126
-0.0750937
-0.0584195
-0.0431546
-0.0296133
-0.0180334
-0.00854958
-0.00119205
0.00414185
0.00761974
0.00957266
0.0102103
0.010075
0.00905075
0.00813054
0.00612451
0.00554405
0.00226983
0.0033958
-0.278638
-0.263931
-0.245907
-0.230767
-0.214975
-0.198197
-0.180808
-0.16284
-0.14439
-0.12567
-0.106958
-0.0885935
-0.0709533
-0.054425
-0.0393734
-0.0261076
-0.0148545
-0.00573386
0.00124217
0.00619472
0.00930913
0.0109301
0.0112765
0.0108956
0.0096664
0.00859033
0.00644098
0.00578938
0.00237154
0.00355135
-0.274679
-0.259687
-0.241833
-0.226639
-0.210787
-0.193968
-0.176528
-0.158505
-0.14001
-0.121268
-0.102571
-0.0842701
-0.0667511
-0.050406
-0.0355989
-0.0226332
-0.0117248
-0.00297887
0.00361007
0.00818075
0.0109352
0.0122306
0.0122938
0.0116759
0.0102502
0.00902511
0.0067399
0.00602089
0.00246734
0.00370082
-0.270006
-0.254844
-0.237297
-0.222109
-0.206238
-0.189423
-0.171974
-0.153939
-0.135443
-0.116724
-0.0980873
-0.0798924
-0.0625331
-0.0464045
-0.0318689
-0.0192233
-0.00867295
-0.000308431
0.00589233
0.0100848
0.0124865
0.0134657
0.0132562
0.0124114
0.010799
0.00943284
0.00701991
0.00623754
0.00255686
0.00384304
-0.264771
-0.249566
-0.232431
-0.217295
-0.20144
-0.184664
-0.16724
-0.149227
-0.130768
-0.112112
-0.0935734
-0.0755215
-0.0583551
-0.0424704
-0.0282273
-0.015916
-0.00573095
0.00225103
0.00806787
0.0118906
0.0139509
0.0146267
0.0141573
0.0130979
0.01131
0.00981147
0.00727965
0.00643833
0.0026397
0.00397687
-0.259169
-0.244034
-0.227383
-0.212329
-0.196518
-0.179805
-0.162431
-0.144469
-0.126077
-0.107515
-0.0891076
-0.0712287
-0.0542807
-0.0386601
-0.0247233
-0.0127531
-0.00293371
0.00467122
0.0101144
0.013581
0.0153155
0.0157042
0.0149907
0.0137308
0.0117801
0.0101589
0.00751779
0.00662224
0.00271549
0.00410116
-0.253374
-0.238439
-0.22231
-0.207358
-0.191609
-0.174975
-0.157667
-0.139776
-0.121475
-0.103032
-0.0847785
-0.0670935
-0.0503808
-0.0350355
-0.0214098
-0.00977925
-0.000317879
0.00692283
0.0120091
0.015139
0.016568
0.0166894
0.0157502
0.014306
0.0122063
0.0104733
0.00773304
0.00678835
0.00278387
0.00421484
-0.24759
-0.232983
-0.217378
-0.202534
-0.186859
-0.170311
-0.15308
-0.135272
-0.117076
-0.0987678
-0.0806823
-0.0632022
-0.0467312
-0.0316623
-0.0183426
-0.00704068
0.00207904
0.00897624
0.0137293
0.0165475
0.0176959
0.0175736
0.0164298
0.0148193
0.0125859
0.0107528
0.00792422
0.00693577
0.0028445
0.00431687
-0.242051
-0.227863
-0.212755
-0.198015
-0.182417
-0.165955
-0.148804
-0.131086
-0.113002
-0.0948333
-0.0769195
-0.0596443
-0.0434104
-0.0286077
-0.0155783
-0.00458396
0.0042197
0.0108023
0.0152528
0.0177902
0.0186876
0.0183485
0.0170238
0.0152669
0.0129163
0.0109957
0.00809025
0.00706372
0.00289709
0.00440632
-0.236993
-0.223268
-0.208603
-0.193956
-0.178432
-0.162051
-0.144977
-0.127347
-0.109373
-0.0913401
-0.073591
-0.0565094
-0.0404962
-0.0259381
-0.0131723
-0.00245419
0.00606827
0.0123733
0.0165589
0.018852
0.0195323
0.0190067
0.0175273
0.0156455
0.0131954
0.0112005
0.00823016
0.00717147
0.00294136
0.00448234
-0.23264
-0.219365
-0.205073
-0.190504
-0.175045
-0.158735
-0.141729
-0.124179
-0.106305
-0.0883947
-0.0707927
-0.0538821
-0.0380621
-0.0237158
-0.0111762
-0.000693192
0.00759178
0.013664
0.0176287
0.0197193
0.0202205
0.0195418
0.0179356
0.0159522
0.0134211
0.0113659
0.00834312
0.00725843
0.00297707
0.00454418
-0.22919
-0.216298
-0.202298
-0.187789
-0.172382
-0.156128
-0.139178
-0.121694
-0.103902
-0.0860923
-0.0686101
-0.051838
-0.0361731
-0.0219958
-0.00963545
0.000662525
0.00876162
0.0146526
0.0184461
0.0203805
0.0207442
0.0199481
0.0182453
0.0161844
0.0135918
0.0114909
0.00842845
0.0073241
0.00300404
0.0045912
-0.226801
-0.214182
-0.200385
-0.185917
-0.170545
-0.154331
-0.13742
-0.119983
-0.102249
-0.0845108
-0.0671133
-0.0504386
-0.0348823
-0.0208227
-0.00858664
0.0015836
0.00955492
0.0153217
0.0189985
0.0208265
0.0210969
0.0202215
0.0184534
0.0163402
0.0137064
0.0115747
0.00848563
0.00736809
0.00302211
0.00462287
-0.225581
-0.2131
-0.199408
-0.184961
-0.169608
-0.153414
-0.136523
-0.11911
-0.101407
-0.0837056
-0.066352
-0.0497276
-0.0342272
-0.0202281
-0.00805557
0.00204945
0.00995567
0.0156594
0.0192769
0.0210511
0.0212743
0.0203589
0.0185579
0.0164185
0.0137639
0.0116168
0.00851431
0.00739015
0.00303117
0.0046388
)
;

boundaryField
{
    inlet
    {
        type            zeroGradient;
    }
    outlet
    {
        type            fixedValue;
        value           uniform 0;
    }
    cylinder
    {
        type            zeroGradient;
    }
    top
    {
        type            symmetryPlane;
    }
    bottom
    {
        type            symmetryPlane;
    }
    defaultFaces
    {
        type            empty;
    }
}


// ************************************************************************* //
