/*--------------------------------*- C++ -*----------------------------------*\
  =========                 |
  \\      /  F ield         | OpenFOAM: The Open Source CFD Toolbox
   \\    /   O peration     | Website:  https://openfoam.org
    \\  /    A nd           | Version:  7
     \\/     M anipulation  |
\*---------------------------------------------------------------------------*/
FoamFile
{
    version     2.0;
    format      ascii;
    class       volScalarField;
    location    "0.8";
    object      rho;
}
// * * * * * * * * * * * * * * * * * * * * * * * * * * * * * * * * * * * * * //

dimensions      [1 -3 0 0 0 0 0];

internalField   nonuniform List<scalar> 
6300
(
1.40001
1.40001
1.40001
1.40001
1.40001
1.40001
1.40001
1.40001
1.40001
1.40001
1.40001
1.40001
1.40001
1.40001
1.40001
1.40001
1.40001
3.02127
5.33279
5.51675
5.59201
5.65097
5.6859
5.72749
5.77775
5.80991
5.77861
5.63239
5.44294
5.34008
1.40001
1.40001
1.40001
1.40001
1.40001
1.40001
1.40001
1.40001
1.40001
1.40001
1.40001
1.40001
1.40001
1.40001
1.40001
1.40001
1.40001
2.96811
5.30325
5.5088
5.58412
5.64322
5.67778
5.71855
5.76772
5.79868
5.76461
5.61676
5.42483
5.32238
1.40001
1.40001
1.40001
1.40001
1.40001
1.40001
1.40001
1.40001
1.40001
1.40001
1.40001
1.40001
1.40001
1.40001
1.40001
1.40001
1.40001
2.85463
5.26118
5.49238
5.5674
5.62817
5.66415
5.70487
5.75362
5.78388
5.74685
5.59485
5.39648
5.29202
1.40001
1.40001
1.40001
1.40001
1.40001
1.40001
1.40001
1.40001
1.40001
1.40001
1.40001
1.40001
1.40001
1.40001
1.40001
1.40001
1.40001
2.69237
5.19143
5.47324
5.54619
5.60817
5.64444
5.68431
5.73146
5.75996
5.72078
5.56556
5.3607
5.25373
1.40001
1.40001
1.40001
1.40001
1.40001
1.40001
1.40001
1.40001
1.40001
1.40001
1.40001
1.40001
1.40001
1.40001
1.40001
1.40001
1.40001
2.48225
5.08103
5.46033
5.52773
5.58816
5.62067
5.65709
5.69971
5.72373
5.68294
5.52811
5.32076
5.21369
1.40001
1.40001
1.40001
1.40001
1.40001
1.40001
1.40001
1.40001
1.40001
1.40001
1.40001
1.40001
1.40001
1.40001
1.40001
1.40001
1.40001
2.23185
4.94224
5.45296
5.50584
5.56601
5.59344
5.62495
5.66029
5.67741
5.63508
5.48285
5.27574
5.16784
1.40001
1.40001
1.40001
1.40001
1.40001
1.40001
1.40001
1.40001
1.40001
1.40001
1.40001
1.40001
1.40001
1.40001
1.40001
1.40001
1.40001
1.91011
4.76509
5.47597
5.48728
5.54195
5.56391
5.58728
5.6109
5.61538
5.56542
5.41921
5.21826
5.12101
1.40001
1.40001
1.40001
1.40001
1.40001
1.40001
1.40001
1.40001
1.40001
1.40001
1.40001
1.40001
1.40001
1.40001
1.40001
1.40001
1.40001
1.58381
4.45016
5.49825
5.4731
5.50078
5.51598
5.53494
5.55146
5.54724
5.49748
5.36055
5.15895
5.03756
1.40001
1.40001
1.40001
1.40001
1.40001
1.40001
1.40001
1.40001
1.40001
1.40001
1.40001
1.40001
1.40001
1.40001
1.40001
1.40001
1.40001
1.4104
3.9065
5.38526
5.41414
5.44745
5.4731
5.48975
5.49665
5.4777
5.41636
5.25912
5.03761
4.90431
1.40001
1.40001
1.40001
1.40001
1.40001
1.40001
1.40001
1.40001
1.40001
1.40001
1.40001
1.40001
1.40001
1.40001
1.40001
1.40001
1.40001
1.40006
3.2008
5.20667
5.36674
5.40421
5.43697
5.44364
5.42651
5.38442
5.3101
5.15705
4.91004
4.75309
1.40001
1.40001
1.40001
1.40001
1.40001
1.40001
1.40001
1.40001
1.40001
1.40001
1.40001
1.40001
1.40001
1.40001
1.40001
1.40001
1.40001
1.40001
2.45046
4.97066
5.37002
5.36799
5.39415
5.3816
5.33557
5.26892
5.17037
4.97652
4.53109
3.58339
1.40001
1.40001
1.40001
1.40001
1.40001
1.40001
1.40001
1.40001
1.40001
1.40001
1.40001
1.40001
1.40001
1.40001
1.40001
1.40001
1.40001
1.40001
1.7562
4.66433
5.43894
5.38266
5.36941
5.33514
5.25807
5.14612
5.00131
4.74654
4.31575
3.34199
1.40001
1.40001
1.40001
1.40001
1.40001
1.40001
1.40001
1.40001
1.40001
1.40001
1.40001
1.40001
1.40001
1.40001
1.40001
1.40001
1.40001
1.40001
1.42585
3.96901
5.28098
5.26812
5.27686
5.24693
5.16443
5.03415
4.86127
4.57996
4.15892
3.28858
1.40001
1.40001
1.40001
1.40001
1.40001
1.40001
1.40001
1.40001
1.40001
1.40001
1.40001
1.40001
1.40001
1.40001
1.40001
1.40001
1.40001
1.40001
1.40012
2.97751
5.09924
5.23179
5.21642
5.17437
5.07929
4.93586
4.74374
4.46746
4.02601
3.35249
1.40001
1.40001
1.40001
1.40001
1.40001
1.40001
1.40001
1.40001
1.40001
1.40001
1.40001
1.40001
1.40001
1.40001
1.40001
1.40001
1.40001
1.40001
1.4
2.0022
4.81549
5.25689
5.17448
5.09451
4.98703
4.83505
4.64371
4.36551
3.94556
3.42383
1.40001
1.40001
1.40001
1.40001
1.40001
1.40001
1.40001
1.40001
1.40001
1.40001
1.40001
1.40001
1.40001
1.40001
1.40001
1.40001
1.40001
1.40001
1.40001
1.46557
4.02947
5.17021
5.08199
5.00855
4.90723
4.75981
4.56769
4.28762
3.92281
3.51028
1.40001
1.40001
1.40001
1.40001
1.40001
1.40001
1.40001
1.40001
1.40001
1.40001
1.40001
1.40001
1.40001
1.40001
1.40001
1.40001
1.40001
1.40001
1.40001
1.40046
2.81427
5.0099
5.04816
4.98806
4.8745
4.70885
4.50696
4.2345
3.9117
3.56432
1.40001
1.40001
1.40001
1.40001
1.40001
1.40001
1.40001
1.40001
1.40001
1.40001
1.40001
1.40001
1.40001
1.40001
1.40001
1.40001
1.40001
1.40001
1.40001
1.4
1.6887
4.52685
5.06572
4.94598
4.83406
4.67055
4.47179
4.21859
3.92652
3.62327
1.40001
1.40001
1.40001
1.40001
1.40001
1.40001
1.40001
1.40001
1.40001
1.40001
1.40001
1.40001
1.40001
1.40001
1.40001
1.40001
1.40001
1.40001
1.40001
1.4
1.41119
3.32642
4.91084
4.88402
4.79099
4.65039
4.45522
4.21633
3.94631
3.67108
1.40001
1.40001
1.40001
1.40001
1.40001
1.40001
1.40001
1.40001
1.40001
1.40001
1.40001
1.40001
1.40001
1.40001
1.40001
1.40001
1.40001
1.40001
1.40001
1.40001
1.4
1.90942
4.61756
4.93041
4.78341
4.63403
4.44485
4.22181
3.97591
3.72438
1.40001
1.40001
1.40001
1.40001
1.40001
1.40001
1.40001
1.40001
1.40001
1.40001
1.40001
1.40001
1.40001
1.40001
1.40001
1.40001
1.40001
1.40001
1.40001
1.40001
1.40001
1.43498
3.41997
4.81619
4.75263
4.6068
4.44064
4.23822
4.0141
3.77863
1.40001
1.40001
1.40001
1.40001
1.40001
1.40001
1.40001
1.40001
1.40001
1.40001
1.40001
1.40001
1.40001
1.40001
1.40001
1.40001
1.40001
1.40001
1.40001
1.40001
1.40001
1.40016
1.94148
4.42801
4.81669
4.62944
4.45927
4.26178
4.04711
3.82096
1.40001
1.40001
1.40001
1.40001
1.40001
1.40001
1.40001
1.40001
1.40001
1.40001
1.40001
1.40001
1.40001
1.40001
1.40001
1.40001
1.40001
1.40001
1.40001
1.40001
1.40001
1.40001
1.43574
3.08361
4.67055
4.62644
4.45917
4.28336
4.08815
3.87498
1.40001
1.40001
1.40001
1.40001
1.40001
1.40001
1.40001
1.40001
1.40001
1.40001
1.40001
1.40001
1.40001
1.40001
1.40001
1.40001
1.40001
1.40001
1.40001
1.40001
1.40001
1.40001
1.40025
1.76593
4.03707
4.70912
4.52321
4.33097
4.13482
3.92657
1.40001
1.40001
1.40001
1.40001
1.40001
1.40001
1.40001
1.40001
1.40001
1.40001
1.40001
1.40001
1.40001
1.40001
1.40001
1.40001
1.40001
1.40001
1.40001
1.40001
1.40001
1.40001
1.40001
1.41491
2.49366
4.42023
4.58757
4.37792
4.19915
4.00225
1.40001
1.40001
1.40001
1.40001
1.40001
1.40001
1.40001
1.40001
1.40001
1.40001
1.40001
1.40001
1.40001
1.40001
1.40001
1.40001
1.40001
1.40001
1.40001
1.40001
1.40001
1.40001
1.40001
1.40009
1.54475
3.31002
4.51295
4.42263
4.22972
4.04416
1.40001
1.40001
1.40001
1.40001
1.40001
1.40001
1.40001
1.40001
1.40001
1.40001
1.40001
1.40001
1.40001
1.40001
1.40001
1.40001
1.40001
1.40001
1.40001
1.40001
1.40001
1.40001
1.40001
1.40001
1.40283
1.90231
3.89261
4.4928
4.32066
4.12707
1.40001
1.40001
1.40001
1.40001
1.40001
1.40001
1.40001
1.40001
1.40001
1.40001
1.40001
1.40001
1.40001
1.40001
1.40001
1.40001
1.40001
1.40001
1.40001
1.40001
1.40001
1.40001
1.40001
1.40001
1.40001
1.42906
2.41047
4.15925
4.39597
4.22418
1.40001
1.40001
1.40001
1.40001
1.40001
1.40001
1.40001
1.40001
1.40001
1.40001
1.40001
1.40001
1.40001
1.40001
1.40001
1.40001
1.40001
1.40001
1.40001
1.40001
1.40001
1.40001
1.40001
1.40001
1.40001
1.40028
1.52165
2.8914
4.24164
4.30813
1.40001
1.40001
1.40001
1.40001
1.40001
1.40001
1.40001
1.40001
1.40001
1.40001
1.40001
1.40001
1.40001
1.40001
1.40001
1.40001
1.40001
1.40001
1.40001
1.40001
1.40001
1.40001
1.40001
1.40001
1.40001
1.40001
1.4024
1.68584
3.28766
4.21456
1.40001
1.40001
1.40001
1.40001
1.40001
1.40001
1.40001
1.40001
1.40001
1.40001
1.40001
1.40001
1.40001
1.40001
1.40001
1.40001
1.40001
1.40001
1.40001
1.40001
1.40001
1.40001
1.40001
1.40001
1.40001
1.40001
1.40001
1.41034
1.89892
3.53737
1.40001
1.40001
1.40001
1.40001
1.40001
1.40001
1.40001
1.40001
1.40001
1.40001
1.40001
1.40001
1.40001
1.40001
1.40001
1.40001
1.40001
1.40001
1.40001
1.40001
1.40001
1.40001
1.40001
1.40001
1.40001
1.40001
1.40001
1.40007
1.4292
2.10985
1.40001
1.40001
1.40001
1.40001
1.40001
1.40001
1.40001
1.40001
1.40001
1.40001
1.40001
1.40001
1.40001
1.40001
1.40001
1.40001
1.40001
1.40001
1.40001
1.40001
1.40001
1.40001
1.40001
1.40001
1.40001
1.40001
1.40001
1.40001
1.4003
1.45915
1.40001
1.40001
1.40001
1.40001
1.40001
1.40001
1.40001
1.40001
1.40001
1.40001
1.40001
1.40001
1.40001
1.40001
1.40001
1.40001
1.40001
1.40001
1.40001
1.40001
1.40001
1.40001
1.40001
1.40001
1.40001
1.40001
1.40001
1.40001
1.40001
1.40084
1.40001
1.40001
1.40001
1.40001
1.40001
1.40001
1.40001
1.40001
1.40001
1.40001
1.40001
1.40001
1.40001
1.40001
1.40001
1.40001
1.40001
1.40001
1.40001
1.40001
1.40001
1.40001
1.40001
1.40001
1.40001
1.40001
1.40001
1.40001
1.40001
1.40001
1.40001
1.40001
1.40001
1.40001
1.40001
1.40001
1.40001
1.40001
1.40001
1.40001
1.40001
1.40001
1.40001
1.40001
1.40001
1.40001
1.40001
1.40001
1.40001
1.40001
1.40001
1.40001
1.40001
1.40001
1.40001
1.40001
1.40001
1.40001
1.40001
1.40001
1.40001
1.40001
1.40001
1.40001
1.40001
1.40001
1.40001
1.40001
1.40001
1.40001
1.40001
1.40001
1.40001
1.40001
1.40001
1.40001
1.40001
1.40001
1.40001
1.40001
1.40001
1.40001
1.40001
1.40001
1.40001
1.40001
1.40001
1.40001
1.40001
1.40001
1.40001
1.40001
1.40001
1.40001
1.40001
1.40001
1.40001
1.40001
1.40001
1.40001
1.40001
1.40001
1.40001
1.40001
1.40001
1.40001
1.40001
1.40001
1.40001
1.40001
1.40001
1.40001
1.40001
1.40001
1.40001
1.40001
1.40001
1.40001
1.40001
1.40001
1.40001
1.40001
1.40001
1.40001
1.40001
1.40001
1.40001
1.40001
1.40001
1.40001
1.40001
1.40001
1.40001
1.40001
1.40001
1.40001
1.40001
1.40001
1.40001
1.40001
1.40001
1.40001
1.40001
1.40001
1.40001
1.40001
1.40001
1.40001
1.40001
1.40001
1.40001
1.40001
1.40001
1.40001
1.40001
1.40001
1.40001
1.40001
1.40001
1.40001
1.40001
1.40001
1.40001
1.40001
1.40001
1.40001
1.40001
1.40001
1.40001
1.40001
1.40001
1.40001
1.40001
1.40001
1.40001
1.40001
1.40001
1.40001
1.40001
1.40001
1.40001
1.40001
1.40001
1.40001
1.40001
1.40001
1.40001
1.40001
1.40001
1.40001
1.40001
1.40001
1.40001
1.40001
1.40001
1.40001
1.40001
1.40001
1.40001
1.40001
1.40001
1.40001
1.40001
1.40001
1.40001
1.40001
1.40001
1.40001
1.40001
1.40001
1.40001
1.40001
1.40001
1.40001
1.40001
1.40001
1.40001
1.40001
1.40001
1.40001
1.40001
1.40001
1.40001
1.40001
1.40001
1.40001
1.40001
1.40001
1.40001
1.40001
1.40001
1.40001
1.40001
1.40001
1.40001
1.40001
1.40001
1.40001
1.40001
1.40001
1.40001
1.40001
1.40001
1.40001
1.40001
1.40001
1.40001
1.40001
1.40001
1.40001
1.40001
1.40001
1.40001
1.40001
1.40001
1.40001
1.40001
1.40001
1.40001
1.40001
1.40001
1.40001
1.40001
1.40001
1.40001
1.40001
1.40001
1.40001
1.40001
1.40001
1.40001
1.40001
1.40001
1.40001
1.40001
1.40001
1.40001
1.40001
1.40001
1.40001
1.40001
1.40001
1.40001
1.40001
1.40001
1.40001
1.40001
1.40001
1.40001
1.40001
1.40001
1.40001
1.40001
1.40001
1.40001
1.40001
1.40001
1.40001
1.40001
1.40001
1.40001
1.40001
1.40001
1.40001
1.40001
1.40001
1.40001
1.40001
1.40001
1.40001
1.40001
1.40001
1.40001
1.40001
1.40001
1.40001
1.40001
1.40001
1.40001
1.40001
1.40001
1.40001
1.40001
1.40001
1.40001
1.40001
1.40001
1.40001
1.40001
1.40001
1.40001
1.40001
1.40001
1.40001
1.40001
1.40001
1.40001
1.40001
1.40001
1.40001
1.40001
1.40001
1.40001
1.40001
1.40001
1.40001
1.40001
1.40001
1.40001
1.40001
1.40001
1.40001
1.40001
1.40001
1.40001
1.40001
1.40001
1.40001
1.40001
1.40001
1.40001
1.40001
1.40001
1.40001
1.40001
1.40001
1.40001
1.40001
1.40001
1.40001
1.40001
1.40001
1.40001
1.40001
1.40001
1.40001
1.40001
1.40001
1.40001
1.40001
1.40001
1.40001
1.40001
1.40001
1.40001
1.40001
1.40001
1.40001
1.40001
1.40001
1.40001
1.40001
1.40001
1.40001
1.40001
1.40001
1.40001
1.40001
1.40001
1.40001
1.40001
1.40001
1.40001
1.40001
1.40001
1.40001
1.40001
1.40001
1.40001
1.40001
1.40001
1.40001
1.40001
1.40001
1.40001
1.40001
1.40001
1.40001
1.40001
1.40001
1.40001
1.40001
1.40001
1.40001
1.40001
1.40001
1.40001
1.40001
1.40001
1.40001
1.40001
1.40001
1.40001
1.40001
1.40001
1.40001
1.40001
1.40001
1.40001
1.40001
1.40001
1.40001
1.40001
1.40001
1.40001
1.40001
1.40001
1.40001
1.40001
1.40001
1.40001
1.40001
1.40001
1.40001
1.40001
1.40001
1.40001
1.40001
1.40001
1.40001
1.40001
1.40001
1.40001
1.40001
1.40001
1.40001
1.40001
1.40001
1.40001
1.40001
1.40001
1.40001
1.40001
1.40001
1.40001
1.40001
1.40001
1.40001
1.40001
1.40001
1.07635
0.377962
0.187619
0.133355
0.133768
0.15994
0.232678
0.32434
0.415124
0.483808
0.528786
0.571571
0.602301
0.631294
0.683316
0.751244
0.764948
0.752482
0.750478
0.754845
0.756818
0.760692
0.764477
0.763019
0.758158
0.752668
0.748307
0.743553
0.741173
0.740158
0.739592
0.742986
0.749721
0.750812
0.748956
0.741555
0.733011
0.728554
0.726433
0.725229
0.724527
0.722302
0.718713
0.714002
0.708057
0.701688
0.695289
0.689203
0.684032
0.679577
0.675028
0.670062
0.666109
0.664212
0.663128
0.66333
0.665157
0.667118
0.666829
0.665166
0.660219
0.645019
0.626672
0.618909
0.618282
0.619447
0.623589
0.632774
0.644483
0.65066
0.652068
0.65199
0.647941
0.647893
0.650137
0.651906
0.653439
0.654847
0.656093
0.657881
0.66048
0.664601
0.671054
0.677548
0.680752
0.682779
0.683216
0.682123
0.682712
0.683928
0.685555
0.689746
0.699881
0.721097
0.754271
0.77154
0.772862
0.770578
0.768901
0.769704
0.775722
0.783489
0.791361
0.802582
0.81975
0.844128
0.877591
0.918427
0.972264
1.06712
1.23204
1.38181
1.41091
1.40784
1.39425
1.38676
1.38375
1.38543
1.40712
1.42981
1.72
0.991985
0.680692
0.536813
0.43463
0.391949
0.406195
0.426957
0.421888
0.428463
0.44444
0.469179
0.511066
0.568823
0.6271
0.683124
0.728486
0.741541
0.749645
0.762476
0.770518
0.775837
0.781058
0.782737
0.782668
0.77762
0.772062
0.768037
0.766833
0.766712
0.767619
0.770456
0.770141
0.767992
0.764278
0.757828
0.751727
0.746592
0.743919
0.743053
0.741115
0.736641
0.730395
0.722647
0.715781
0.711528
0.708477
0.705816
0.703152
0.69981
0.694929
0.68731
0.677094
0.669485
0.666435
0.664682
0.664157
0.664439
0.665315
0.664179
0.661009
0.655798
0.648205
0.638215
0.630783
0.629272
0.630247
0.63538
0.644287
0.649249
0.65126
0.652149
0.651373
0.652702
0.655686
0.658808
0.661144
0.662475
0.662836
0.662755
0.664345
0.667338
0.671562
0.677064
0.682476
0.68569
0.687882
0.689022
0.689068
0.690028
0.691491
0.694695
0.703319
0.722576
0.74899
0.766721
0.772356
0.77434
0.776042
0.778181
0.781497
0.786647
0.793846
0.804169
0.819432
0.841408
0.869542
0.90935
0.974278
1.08088
1.23368
1.36552
1.39959
1.39877
1.39358
1.3895
1.38615
1.38506
1.39933
1.42161
2.2096
1.58583
1.16947
0.924675
0.758921
0.63906
0.601036
0.578592
0.520521
0.501411
0.516017
0.528867
0.549204
0.586788
0.627623
0.657723
0.699812
0.748144
0.780603
0.808566
0.828741
0.838898
0.8476
0.853813
0.857601
0.853714
0.842054
0.830859
0.83039
0.83156
0.833011
0.830035
0.823572
0.814704
0.805041
0.798022
0.792336
0.78693
0.78508
0.785353
0.784603
0.781482
0.776986
0.769071
0.755503
0.740487
0.734481
0.732884
0.731716
0.730072
0.727954
0.724886
0.718578
0.70751
0.695284
0.686093
0.679574
0.674454
0.670271
0.667326
0.666895
0.667713
0.666588
0.663891
0.659199
0.656458
0.656765
0.657677
0.657993
0.658248
0.658544
0.658816
0.659492
0.661457
0.664335
0.668307
0.673034
0.67659
0.679117
0.681465
0.682976
0.68312
0.683674
0.684605
0.686213
0.689074
0.693881
0.698526
0.701992
0.705436
0.709387
0.713781
0.720502
0.732356
0.748099
0.762211
0.772417
0.780261
0.788823
0.798387
0.802777
0.806125
0.811656
0.819743
0.831129
0.848361
0.875971
0.919355
0.983256
1.0819
1.23392
1.36663
1.39767
1.39616
1.39205
1.39035
1.38995
1.39483
1.41189
1.42625
2.59654
2.02637
1.63497
1.34635
1.11286
0.937352
0.851426
0.794045
0.716877
0.677401
0.668381
0.642216
0.603811
0.602454
0.608219
0.613047
0.629952
0.682329
0.73995
0.78413
0.816042
0.835789
0.847389
0.859166
0.872782
0.882313
0.88965
0.8936
0.899527
0.908688
0.911142
0.906405
0.894672
0.877875
0.862476
0.854891
0.848021
0.838804
0.832664
0.831622
0.832174
0.832432
0.828796
0.819898
0.805623
0.7882
0.778405
0.775242
0.773161
0.771654
0.769816
0.767552
0.763599
0.754002
0.737894
0.724279
0.717163
0.711648
0.705969
0.700776
0.697249
0.695418
0.69439
0.693534
0.691135
0.686335
0.684907
0.68521
0.685775
0.686113
0.685866
0.685341
0.685644
0.687008
0.689157
0.691968
0.695303
0.697936
0.7003
0.702733
0.704233
0.705439
0.707001
0.708086
0.708894
0.71093
0.714674
0.717909
0.720471
0.723471
0.727643
0.732765
0.738698
0.74679
0.757197
0.768268
0.781092
0.795479
0.809816
0.820359
0.825622
0.829577
0.834796
0.842799
0.855308
0.874736
0.903865
0.945204
1.00341
1.09018
1.22277
1.35601
1.39109
1.39008
1.38635
1.38466
1.38901
1.40659
1.42466
1.4275
2.87003
2.38101
1.99807
1.69458
1.43652
1.24317
1.13365
1.03001
0.91498
0.842861
0.808549
0.766105
0.704698
0.674497
0.672336
0.655649
0.652844
0.662155
0.682876
0.713023
0.740318
0.772228
0.799019
0.825786
0.852158
0.871626
0.89129
0.908292
0.910254
0.91604
0.927967
0.939493
0.940506
0.933166
0.924814
0.919293
0.911099
0.898409
0.881035
0.868331
0.866327
0.864603
0.859717
0.852341
0.842896
0.831828
0.823532
0.820032
0.817855
0.81729
0.815904
0.813084
0.808102
0.797692
0.7804
0.760962
0.751314
0.746928
0.742758
0.738975
0.736201
0.734774
0.734043
0.732688
0.728542
0.720352
0.715164
0.713053
0.712372
0.712636
0.713471
0.71446
0.715575
0.717151
0.719469
0.7232
0.727907
0.730318
0.731841
0.732789
0.732576
0.732396
0.73305
0.73374
0.735298
0.739389
0.745535
0.74995
0.752199
0.754346
0.756682
0.758902
0.76113
0.7642
0.769837
0.780237
0.796067
0.81606
0.836409
0.848672
0.854876
0.860076
0.86645
0.876409
0.893285
0.919591
0.954066
0.994044
1.04386
1.11542
1.22086
1.33655
1.37991
1.38324
1.38387
1.38655
1.40057
1.42434
1.43228
1.42857
3.06211
2.63485
2.29243
2.00114
1.72884
1.52251
1.37607
1.25123
1.13151
1.05125
0.991567
0.926537
0.846832
0.81144
0.794225
0.764257
0.722249
0.713475
0.714471
0.698791
0.688486
0.693778
0.708779
0.732934
0.765545
0.803267
0.845403
0.886835
0.900039
0.906255
0.91988
0.9421
0.947531
0.940097
0.940654
0.949726
0.949813
0.943913
0.927595
0.905141
0.891055
0.883753
0.87699
0.870297
0.864671
0.859762
0.854338
0.851017
0.850409
0.850478
0.849097
0.845918
0.840494
0.831752
0.818913
0.801022
0.786248
0.779638
0.775493
0.772296
0.77002
0.767962
0.765546
0.761529
0.753385
0.745902
0.742544
0.740629
0.740139
0.741114
0.743053
0.744019
0.744661
0.745886
0.747999
0.751518
0.756817
0.75963
0.761285
0.76292
0.764115
0.765147
0.765583
0.765587
0.766511
0.770404
0.776986
0.78294
0.785834
0.788321
0.791534
0.794581
0.795647
0.795163
0.79665
0.804136
0.817937
0.836454
0.856033
0.871584
0.883405
0.894077
0.905649
0.921088
0.944606
0.978977
1.02213
1.06808
1.1143
1.1682
1.24349
1.32851
1.36884
1.37713
1.38246
1.3939
1.41634
1.43282
1.43312
1.42717
3.19028
2.82444
2.51586
2.24405
1.97298
1.77605
1.61828
1.46747
1.31438
1.22619
1.15337
1.08125
0.999363
0.95076
0.912924
0.868275
0.813396
0.784278
0.765555
0.733924
0.703693
0.701729
0.709906
0.714731
0.718649
0.733694
0.761826
0.79842
0.826147
0.845067
0.861737
0.891785
0.921868
0.928707
0.938558
0.953935
0.958418
0.956736
0.948021
0.929992
0.912566
0.903505
0.89666
0.89036
0.884954
0.879904
0.873555
0.866511
0.863985
0.863495
0.863233
0.864079
0.862205
0.85735
0.849963
0.83777
0.821431
0.808754
0.801363
0.795138
0.789771
0.785574
0.781489
0.77602
0.769559
0.766358
0.76541
0.764749
0.765042
0.766582
0.768113
0.768883
0.769327
0.770148
0.771989
0.775378
0.780761
0.783647
0.785613
0.788216
0.791262
0.793824
0.79561
0.797098
0.79935
0.803024
0.809005
0.814044
0.816384
0.818719
0.821331
0.824331
0.827454
0.829979
0.83383
0.84181
0.852644
0.864522
0.877306
0.890775
0.904847
0.920096
0.93852
0.964525
1.00276
1.0518
1.10284
1.14809
1.18738
1.22809
1.27995
1.33537
1.3648
1.37536
1.38364
1.39992
1.42298
1.43217
1.43091
1.42397
3.29379
2.97048
2.69013
2.43175
2.18228
1.97952
1.81401
1.65841
1.51089
1.40697
1.30904
1.21471
1.12862
1.08401
1.04043
0.991379
0.930706
0.891316
0.865836
0.83143
0.7804
0.753437
0.754283
0.747454
0.732987
0.725395
0.727999
0.735099
0.736945
0.741519
0.757213
0.78846
0.838005
0.877015
0.900338
0.925068
0.948673
0.954475
0.950001
0.937436
0.926633
0.917919
0.912024
0.908452
0.905103
0.899322
0.890571
0.879438
0.870902
0.869709
0.870175
0.872471
0.87704
0.877154
0.873739
0.865603
0.849309
0.828652
0.814299
0.804664
0.79793
0.794322
0.791735
0.789563
0.788238
0.78814
0.789033
0.788228
0.786267
0.785296
0.784709
0.784373
0.784736
0.786182
0.788966
0.793664
0.79982
0.803919
0.807193
0.811588
0.816023
0.818953
0.821567
0.824439
0.82738
0.830889
0.836646
0.841559
0.843864
0.846515
0.849949
0.853937
0.858733
0.864596
0.87215
0.881047
0.888799
0.895757
0.904232
0.915484
0.930103
0.949339
0.976169
1.01446
1.06323
1.1139
1.15957
1.19982
1.23784
1.27852
1.32056
1.35045
1.36346
1.37027
1.37887
1.3986
1.42276
1.42854
1.42649
1.41933
3.37843
3.08796
2.83127
2.58711
2.34999
2.15951
1.99765
1.82033
1.66716
1.56068
1.46358
1.36357
1.26815
1.2059
1.14775
1.09282
1.02927
0.988207
0.958379
0.919499
0.864787
0.820246
0.812303
0.799725
0.773574
0.742612
0.7384
0.741434
0.736079
0.726947
0.727597
0.734804
0.755096
0.782163
0.810207
0.839828
0.874275
0.913577
0.931872
0.930446
0.930641
0.930951
0.922485
0.916994
0.916815
0.91442
0.907132
0.895198
0.882012
0.877308
0.877136
0.879091
0.886513
0.890218
0.887972
0.881203
0.865778
0.841418
0.821422
0.812118
0.808092
0.805854
0.805188
0.806936
0.809148
0.808998
0.807422
0.803811
0.798758
0.79644
0.795628
0.795443
0.796318
0.79968
0.80524
0.812129
0.818607
0.823107
0.827472
0.833125
0.837228
0.839723
0.842773
0.846722
0.850721
0.855249
0.86096
0.865705
0.868846
0.872129
0.876095
0.881134
0.888044
0.896581
0.905802
0.914024
0.920351
0.926275
0.933795
0.944411
0.960066
0.984258
1.01994
1.06458
1.11007
1.15363
1.19775
1.24439
1.2933
1.3336
1.35027
1.35579
1.35994
1.36376
1.37252
1.39474
1.41854
1.42347
1.4222
1.41789
3.45894
3.19495
2.9476
2.71693
2.49961
2.30546
2.13723
1.9733
1.82739
1.70335
1.5891
1.47968
1.39769
1.32787
1.26554
1.20921
1.13162
1.0741
1.04347
1.00983
0.960747
0.913736
0.899565
0.882731
0.853486
0.804766
0.782768
0.78003
0.767449
0.743467
0.7351
0.73795
0.735861
0.726065
0.726022
0.73802
0.765061
0.805469
0.851171
0.881694
0.906161
0.924722
0.924881
0.918378
0.918706
0.919491
0.918227
0.911531
0.898902
0.891134
0.889527
0.889481
0.895285
0.897136
0.894513
0.889164
0.876166
0.85155
0.830477
0.824348
0.821967
0.820604
0.82217
0.827334
0.826825
0.823954
0.819809
0.812835
0.808015
0.806858
0.806473
0.806614
0.809252
0.816039
0.823824
0.83115
0.836653
0.840193
0.844221
0.849893
0.854465
0.857731
0.861602
0.866641
0.872223
0.878454
0.884874
0.889682
0.893181
0.8966
0.900716
0.906332
0.914129
0.923426
0.932782
0.94155
0.949921
0.957962
0.966531
0.978388
0.998052
1.028
1.06375
1.10048
1.13921
1.1831
1.23746
1.30138
1.34224
1.35076
1.35198
1.35369
1.35644
1.36132
1.37243
1.39654
1.41595
1.41886
1.41799
1.41547
3.5288
3.28452
3.0549
2.83198
2.62164
2.44143
2.27031
2.09577
1.95484
1.83542
1.72051
1.60324
1.51692
1.43265
1.35998
1.31129
1.25139
1.18003
1.13214
1.09203
1.04002
0.989261
0.972022
0.955121
0.926427
0.878811
0.840754
0.828952
0.812605
0.782701
0.75796
0.755461
0.750853
0.736385
0.721967
0.719952
0.721873
0.729696
0.749914
0.784992
0.822043
0.865587
0.901661
0.906531
0.912408
0.921818
0.923558
0.919291
0.912428
0.910095
0.908107
0.906015
0.906199
0.902332
0.89866
0.894335
0.883959
0.864906
0.847875
0.840835
0.838333
0.836995
0.837832
0.840872
0.839079
0.834409
0.829017
0.823485
0.820606
0.819854
0.81983
0.821677
0.828156
0.836135
0.841203
0.846135
0.851095
0.854733
0.858783
0.865011
0.871328
0.876211
0.881093
0.887099
0.894053
0.901403
0.907904
0.912888
0.917208
0.921486
0.926307
0.932246
0.939447
0.947784
0.957224
0.967851
0.979164
0.989839
1.00093
1.01821
1.04531
1.07309
1.09786
1.12681
1.16541
1.21997
1.29475
1.34507
1.35403
1.35545
1.35077
1.34673
1.34818
1.35468
1.37453
1.40364
1.41556
1.41625
1.41536
1.41405
3.58698
3.36091
3.14157
2.92628
2.73112
2.55424
2.37977
2.21143
2.07525
1.95041
1.82502
1.71397
1.63759
1.55465
1.46517
1.39856
1.34274
1.2721
1.21834
1.18167
1.13289
1.0711
1.04792
1.02961
0.99998
0.954519
0.91404
0.897818
0.879023
0.848071
0.816611
0.810339
0.802318
0.78199
0.748897
0.727301
0.725511
0.72206
0.71829
0.722015
0.738295
0.769976
0.810363
0.848418
0.872825
0.900622
0.921137
0.919969
0.913766
0.916922
0.918795
0.918237
0.914332
0.907935
0.902742
0.898827
0.891465
0.880658
0.870593
0.860933
0.853571
0.851039
0.849382
0.848359
0.846106
0.841388
0.838399
0.836995
0.836334
0.836348
0.837767
0.842333
0.848865
0.851039
0.852072
0.855515
0.86088
0.866222
0.872961
0.883631
0.893073
0.89858
0.9036
0.909239
0.91579
0.922181
0.928072
0.934743
0.942594
0.949897
0.9557
0.960952
0.966839
0.974227
0.983547
0.994778
1.00791
1.02328
1.04373
1.07267
1.09632
1.10943
1.12602
1.15352
1.19702
1.26804
1.33752
1.3542
1.35675
1.35428
1.33955
1.33688
1.34129
1.35677
1.3877
1.41062
1.41405
1.41434
1.41326
1.41266
3.65199
3.43617
3.2262
3.01954
2.82962
2.65972
2.48827
2.32045
2.1829
2.0649
1.93474
1.82154
1.73574
1.65284
1.56161
1.49724
1.43983
1.36566
1.29444
1.25456
1.21039
1.15272
1.1233
1.10359
1.07337
1.02305
0.979197
0.959616
0.938146
0.905274
0.869623
0.860819
0.852412
0.83106
0.794021
0.756771
0.746623
0.73734
0.723339
0.722379
0.727019
0.73522
0.745825
0.758987
0.783072
0.818263
0.866384
0.897651
0.905974
0.91275
0.921121
0.921826
0.917162
0.910133
0.907057
0.905204
0.90257
0.897222
0.891314
0.884672
0.874663
0.862557
0.855402
0.85188
0.849745
0.848815
0.84931
0.851836
0.854871
0.857461
0.86
0.861549
0.861288
0.859296
0.859305
0.862461
0.86903
0.877724
0.890747
0.908778
0.918344
0.92307
0.928561
0.932449
0.936147
0.940865
0.947563
0.958794
0.972214
0.981669
0.987309
0.992044
0.997172
1.00333
1.01128
1.02232
1.03921
1.0657
1.10083
1.12472
1.13001
1.13702
1.15425
1.18391
1.23533
1.31211
1.35016
1.35501
1.35571
1.3418
1.33217
1.33474
1.34499
1.37173
1.40293
1.41179
1.41242
1.41266
1.41134
1.41137
3.70821
3.49934
3.30082
3.10391
2.91941
2.7556
2.59406
2.43264
2.29232
2.168
2.03793
1.93379
1.84852
1.75881
1.65398
1.58007
1.51969
1.4519
1.38793
1.34348
1.29627
1.22254
1.17536
1.16123
1.13722
1.09236
1.04965
1.02889
1.00628
0.970949
0.926752
0.916775
0.909974
0.888207
0.850594
0.814074
0.799531
0.78672
0.762824
0.74165
0.741001
0.742979
0.738082
0.730992
0.733096
0.745338
0.773682
0.820662
0.865453
0.885123
0.9069
0.9171
0.913598
0.909005
0.907395
0.908395
0.916045
0.917792
0.914965
0.909203
0.897191
0.876245
0.859888
0.855477
0.85409
0.855213
0.861739
0.870397
0.876049
0.87797
0.878113
0.876137
0.868891
0.86421
0.86493
0.868946
0.878792
0.895539
0.916882
0.933372
0.938431
0.943193
0.949676
0.952603
0.954965
0.959677
0.970855
0.990806
1.00613
1.01348
1.01847
1.02283
1.02706
1.03179
1.03883
1.05246
1.0797
1.12078
1.14873
1.15282
1.15459
1.16334
1.18255
1.21644
1.27849
1.33856
1.35134
1.35378
1.34794
1.33155
1.3308
1.33764
1.35871
1.39146
1.4076
1.40922
1.40974
1.40994
1.40907
1.41016
3.79055
3.58076
3.38738
3.20131
3.01948
2.85216
2.69237
2.53842
2.4058
2.27938
2.14478
2.03554
1.95029
1.85745
1.75343
1.67905
1.61499
1.52848
1.45365
1.42015
1.38056
1.31847
1.25794
1.22388
1.18829
1.13816
1.10175
1.08907
1.07117
1.03949
0.993707
0.974298
0.960624
0.935028
0.893054
0.857117
0.844202
0.831232
0.809452
0.779125
0.770946
0.766476
0.753053
0.736255
0.734824
0.73621
0.741233
0.754792
0.782132
0.81138
0.837539
0.867157
0.884879
0.888736
0.894242
0.904326
0.917389
0.927953
0.92916
0.926357
0.915415
0.8917
0.869441
0.86356
0.862332
0.864573
0.875987
0.887873
0.891662
0.891612
0.890802
0.8858
0.875544
0.87211
0.873127
0.878329
0.894048
0.921516
0.942407
0.948731
0.951765
0.956669
0.964124
0.968227
0.971365
0.979017
1.00027
1.02811
1.03882
1.0433
1.04729
1.05049
1.05369
1.05914
1.07082
1.09517
1.13475
1.16569
1.17282
1.17435
1.17793
1.18748
1.20868
1.25389
1.31956
1.34705
1.35036
1.34937
1.33684
1.33198
1.33648
1.35217
1.37993
1.40053
1.40477
1.40548
1.40599
1.40585
1.40624
1.40924
3.84567
3.64438
3.45559
3.27765
3.10549
2.94825
2.79758
2.64464
2.51222
2.38792
2.25464
2.14887
2.05783
1.96187
1.85298
1.7741
1.70523
1.62485
1.54762
1.49834
1.44787
1.38197
1.32951
1.29674
1.26056
1.20402
1.15534
1.14331
1.12639
1.09656
1.05621
1.0345
1.01791
0.991415
0.946768
0.90706
0.89602
0.883303
0.863787
0.833281
0.820006
0.812065
0.795719
0.767926
0.751437
0.750377
0.75142
0.74946
0.74825
0.753629
0.763682
0.778226
0.80332
0.83668
0.866068
0.891369
0.913124
0.926314
0.928694
0.928104
0.923717
0.908084
0.887739
0.88095
0.879646
0.882373
0.895341
0.902107
0.901052
0.900107
0.898768
0.892177
0.884462
0.88373
0.886027
0.896071
0.919962
0.948354
0.959155
0.960904
0.963162
0.967451
0.974357
0.981513
0.98781
1.0007
1.03096
1.05597
1.06181
1.06567
1.06893
1.07174
1.07653
1.08815
1.11216
1.14598
1.17468
1.186
1.19061
1.19564
1.20255
1.2137
1.23925
1.29441
1.34022
1.3478
1.34894
1.34221
1.33464
1.33753
1.34924
1.37114
1.39094
1.39688
1.39839
1.39945
1.40025
1.40149
1.4036
1.40999
3.92962
3.72516
3.53638
3.36892
3.203
3.03682
2.88366
2.73692
2.60651
2.49051
2.36065
2.23629
2.1465
2.05931
1.95836
1.87389
1.79526
1.70569
1.63183
1.58319
1.53107
1.46369
1.39833
1.3624
1.32548
1.27211
1.22424
1.20958
1.18909
1.15526
1.10483
1.07774
1.06396
1.04082
1.00053
0.963548
0.950232
0.935678
0.914116
0.880166
0.862721
0.851877
0.834579
0.806004
0.780516
0.776898
0.774138
0.763264
0.750919
0.754215
0.754396
0.74924
0.750191
0.765987
0.797617
0.840694
0.879244
0.901306
0.91841
0.925644
0.923995
0.917124
0.907294
0.902008
0.90058
0.903967
0.915629
0.916159
0.911823
0.908509
0.904524
0.898461
0.896504
0.897201
0.902043
0.918009
0.9427
0.962474
0.970491
0.972678
0.97505
0.979096
0.986789
0.998243
1.00999
1.02761
1.0545
1.06888
1.07524
1.08197
1.08708
1.09234
1.10349
1.12725
1.15875
1.18218
1.19481
1.20277
1.20972
1.21762
1.22824
1.24393
1.27166
1.31649
1.34326
1.34671
1.34671
1.34369
1.34528
1.35348
1.36756
1.38011
1.38593
1.38746
1.38906
1.39149
1.39463
1.39859
1.40527
1.41549
4.02439
3.83228
3.6488
3.47207
3.30008
3.14223
2.99333
2.83701
2.69127
2.58325
2.47115
2.34587
2.23328
2.13889
2.04852
1.96292
1.88357
1.79714
1.71425
1.65756
1.60269
1.53392
1.47682
1.44103
1.40244
1.33875
1.28487
1.27122
1.25066
1.21646
1.16594
1.12956
1.11344
1.08968
1.05057
1.01602
1.00456
0.991592
0.970195
0.932259
0.909919
0.899266
0.883506
0.855633
0.828261
0.824084
0.820163
0.805601
0.782343
0.773867
0.769865
0.758626
0.750043
0.748932
0.755469
0.776763
0.81272
0.849502
0.878144
0.904201
0.917324
0.916706
0.913428
0.913235
0.916303
0.924395
0.931966
0.931735
0.926771
0.919836
0.913662
0.911397
0.912046
0.914111
0.92082
0.937137
0.954806
0.966523
0.974337
0.979813
0.985315
0.99223
1.00224
1.0179
1.0362
1.05481
1.07127
1.08005
1.08784
1.09814
1.10819
1.12037
1.14266
1.17368
1.19586
1.20732
1.21658
1.22557
1.23389
1.24211
1.25151
1.2655
1.29018
1.32283
1.34198
1.34696
1.34948
1.35353
1.36037
1.36709
1.37233
1.37529
1.37701
1.37975
1.38316
1.38735
1.3933
1.4026
1.41545
1.42066
4.12918
3.92385
3.74636
3.57989
3.40969
3.24853
3.09713
2.94315
2.79843
2.6804
2.56382
2.44605
2.33513
2.23275
2.13412
2.04486
1.96623
1.87847
1.8026
1.74476
1.68692
1.61191
1.54238
1.51316
1.4791
1.42086
1.36347
1.33891
1.31099
1.27134
1.21276
1.18045
1.16744
1.14478
1.10741
1.07062
1.05793
1.04375
1.02037
0.98131
0.954682
0.943811
0.930302
0.904705
0.875733
0.87038
0.864303
0.847155
0.819131
0.799508
0.789483
0.776948
0.761118
0.757928
0.76121
0.767432
0.775756
0.792448
0.814672
0.843989
0.876478
0.900061
0.909993
0.916479
0.925338
0.933473
0.938288
0.942104
0.940962
0.934907
0.929699
0.929428
0.930964
0.935804
0.944482
0.955754
0.96442
0.970995
0.977832
0.984947
0.992523
1.00126
1.01286
1.02911
1.0494
1.06901
1.08514
1.09537
1.10499
1.11795
1.13371
1.15536
1.18678
1.21154
1.22155
1.22899
1.23751
1.24608
1.25162
1.25621
1.2625
1.27529
1.30222
1.33356
1.34745
1.35205
1.35578
1.35932
1.36286
1.3661
1.36664
1.3674
1.37068
1.3759
1.38161
1.38925
1.40164
1.41678
1.42322
1.42304
4.22781
4.04984
3.85556
3.67605
3.50488
3.3546
3.20754
3.05186
2.91245
2.78814
2.66446
2.53919
2.43021
2.32945
2.22378
2.13316
2.05556
1.96217
1.87675
1.82061
1.77229
1.70386
1.63293
1.59222
1.54889
1.48963
1.43603
1.41137
1.38272
1.33896
1.26935
1.22744
1.21687
1.19735
1.16264
1.12942
1.11664
1.10086
1.07436
1.02903
0.995583
0.986958
0.975872
0.953113
0.926287
0.920889
0.913962
0.897191
0.867477
0.841991
0.829322
0.818257
0.80207
0.784385
0.781248
0.783129
0.784764
0.781717
0.783167
0.792665
0.81837
0.853904
0.88547
0.908398
0.924783
0.933148
0.93776
0.9422
0.945011
0.94577
0.946664
0.949148
0.954247
0.961632
0.969722
0.976461
0.982666
0.985625
0.989187
0.994656
1.00062
1.00705
1.01656
1.03158
1.0515
1.07328
1.09338
1.11019
1.12556
1.14252
1.1638
1.192
1.21972
1.23242
1.23644
1.23881
1.24231
1.25023
1.25665
1.26096
1.26843
1.28789
1.32427
1.35174
1.35854
1.36062
1.36042
1.35759
1.3565
1.35658
1.35789
1.36154
1.36747
1.37541
1.38674
1.40257
1.41726
1.42213
1.42303
1.42215
4.17657
4.13902
3.97249
3.78556
3.61765
3.45625
3.30345
3.15929
3.0305
2.90029
2.7634
2.6313
2.53417
2.43394
2.31399
2.20757
2.14037
2.0689
1.9789
1.90047
1.84449
1.78242
1.72094
1.67688
1.63245
1.57227
1.50754
1.47538
1.44638
1.40191
1.3342
1.28942
1.27663
1.25507
1.21543
1.17939
1.17029
1.15876
1.13225
1.08489
1.04623
1.03471
1.02286
0.998963
0.970947
0.964865
0.957154
0.939742
0.911571
0.886453
0.873579
0.862197
0.846313
0.82041
0.805819
0.804881
0.800879
0.788352
0.786146
0.789711
0.798822
0.81602
0.843905
0.87338
0.901382
0.919339
0.92682
0.932955
0.940648
0.947029
0.952908
0.961374
0.971057
0.979132
0.98635
0.993534
1.00004
1.00502
1.00926
1.01246
1.01412
1.0162
1.0216
1.03404
1.05397
1.0767
1.09921
1.12148
1.14463
1.16836
1.19563
1.22457
1.23849
1.24211
1.24418
1.24205
1.24091
1.24815
1.25727
1.26563
1.28122
1.31584
1.35097
1.36191
1.36457
1.36446
1.35801
1.34977
1.34907
1.35025
1.35339
1.35994
1.37101
1.38813
1.40726
1.41782
1.41997
1.42052
1.42065
1.4177
3.67208
4.13298
4.08043
3.89823
3.72475
3.57104
3.41355
3.26496
3.13548
3.00747
2.8709
2.73408
2.62953
2.52957
2.42122
2.30759
2.21651
2.15749
2.07993
1.999
1.93452
1.86542
1.80208
1.75182
1.70353
1.65096
1.59284
1.55204
1.51349
1.46414
1.39351
1.34865
1.33698
1.31787
1.27785
1.23239
1.22115
1.21069
1.18386
1.13738
1.10079
1.08931
1.07629
1.05015
1.01546
1.00663
0.998328
0.982282
0.953999
0.93243
0.923196
0.912237
0.89559
0.867999
0.849242
0.84569
0.840078
0.825697
0.811824
0.81057
0.813043
0.823187
0.830397
0.837545
0.851769
0.871449
0.890668
0.90596
0.921779
0.937775
0.951048
0.963579
0.975248
0.984601
0.991782
0.999236
1.00594
1.01174
1.01733
1.02205
1.02513
1.02878
1.03535
1.04668
1.06473
1.08811
1.11287
1.13659
1.16044
1.18604
1.21333
1.23853
1.24664
1.24801
1.24874
1.245
1.2456
1.25235
1.26137
1.27548
1.30677
1.34676
1.36065
1.36265
1.36308
1.35668
1.34164
1.33817
1.34092
1.34826
1.35813
1.37234
1.39244
1.40984
1.41646
1.41824
1.41918
1.41971
1.41838
1.41194
2.27827
3.72525
4.08511
4.02952
3.85355
3.68035
3.517
3.37641
3.24231
3.10921
2.96886
2.84991
2.74217
2.62787
2.51565
2.39517
2.31685
2.25382
2.17689
2.09019
2.01427
1.95239
1.89609
1.83963
1.785
1.72055
1.66019
1.62352
1.58377
1.53343
1.4698
1.41558
1.39948
1.37882
1.33821
1.28985
1.27696
1.26652
1.24108
1.19323
1.15629
1.145
1.13149
1.10571
1.06547
1.04898
1.03901
1.0237
0.996544
0.977121
0.969733
0.959491
0.942313
0.912473
0.890134
0.884715
0.879324
0.866686
0.845147
0.837881
0.837914
0.838684
0.838888
0.842091
0.844161
0.848051
0.855598
0.867353
0.887477
0.912038
0.936221
0.956708
0.971639
0.984628
0.99237
0.99958
1.00788
1.01433
1.01987
1.02339
1.03052
1.04225
1.05615
1.07167
1.08808
1.10575
1.12489
1.14476
1.16697
1.19283
1.21903
1.24299
1.2512
1.25245
1.25246
1.2504
1.25438
1.26317
1.27561
1.3006
1.33757
1.35681
1.36048
1.36205
1.35893
1.34287
1.33511
1.33634
1.34017
1.34963
1.37103
1.39805
1.41112
1.41347
1.41452
1.41531
1.41532
1.41367
1.41074
1.40958
1.49277
2.38798
3.71793
4.04374
3.99409
3.82864
3.63651
3.48244
3.34914
3.21172
3.0756
2.9652
2.84956
2.73282
2.61531
2.5074
2.42421
2.34246
2.26628
2.19324
2.11554
2.03937
1.97139
1.9127
1.86858
1.81407
1.74894
1.69916
1.64825
1.59438
1.53294
1.48959
1.4763
1.45302
1.40693
1.34542
1.32685
1.31881
1.29794
1.25749
1.22127
1.20511
1.18601
1.15655
1.11281
1.09222
1.08315
1.07078
1.04392
1.02352
1.01718
1.00675
0.987856
0.959238
0.935423
0.930258
0.925993
0.914825
0.891866
0.882846
0.880848
0.875809
0.869034
0.863297
0.859064
0.859272
0.862008
0.868747
0.875805
0.889544
0.909792
0.932847
0.954761
0.9823
0.998223
0.99908
1.0019
1.00907
1.01916
1.03887
1.06497
1.09144
1.11583
1.13664
1.15367
1.16653
1.17548
1.18923
1.21055
1.23214
1.25039
1.26478
1.26943
1.26895
1.26675
1.26627
1.27077
1.28065
1.30296
1.33712
1.35505
1.35704
1.35847
1.358
1.34515
1.33426
1.33546
1.33988
1.34895
1.36943
1.39824
1.41102
1.4127
1.41355
1.41386
1.41236
1.4088
1.40645
1.40591
1.40899
1.40167
1.5216
2.41869
3.72071
3.97683
3.93472
3.78306
3.6065
3.46085
3.31758
3.18958
3.07622
2.96149
2.84628
2.71671
2.61907
2.54538
2.45214
2.3603
2.27144
2.20008
2.13827
2.07269
2.00416
1.93438
1.87524
1.8297
1.7846
1.7314
1.67679
1.60129
1.54968
1.53877
1.51905
1.4764
1.41856
1.38937
1.37787
1.35557
1.31269
1.28107
1.26594
1.24651
1.21402
1.16245
1.13416
1.1288
1.11929
1.09531
1.07336
1.06605
1.05557
1.03543
1.00362
0.97976
0.975071
0.971519
0.961479
0.939707
0.930277
0.9259
0.918499
0.907265
0.892914
0.87855
0.875985
0.877172
0.882263
0.892931
0.912047
0.946503
0.98933
1.02371
1.04425
1.0696
1.10801
1.15012
1.18852
1.22549
1.26308
1.29979
1.33323
1.36356
1.38835
1.40851
1.42701
1.443
1.4557
1.47207
1.48537
1.48374
1.46678
1.44059
1.41987
1.40167
1.38805
1.38061
1.38123
1.38978
1.38746
1.37962
1.37234
1.36529
1.35272
1.33674
1.33353
1.33706
1.34714
1.36855
1.39701
1.40931
1.41095
1.41186
1.41214
1.41003
1.40661
1.40601
1.40609
1.40611
1.40887
1.40001
1.40267
1.53167
2.4462
3.65508
3.90991
3.88686
3.75949
3.59164
3.42642
3.29796
3.1916
3.08031
2.95786
2.82727
2.73911
2.6493
2.55278
2.45441
2.36675
2.29892
2.22421
2.16109
2.10054
2.03075
1.95107
1.89503
1.85468
1.80734
1.75454
1.68864
1.63214
1.61264
1.58547
1.53814
1.47622
1.45143
1.44235
1.42342
1.38297
1.34389
1.32424
1.29969
1.26344
1.21391
1.18515
1.18084
1.17309
1.14945
1.12138
1.11288
1.10342
1.0839
1.05271
1.02663
1.02132
1.01933
1.00978
0.988282
0.980616
0.977908
0.972487
0.963712
0.9512
0.949668
0.959508
0.984315
1.02134
1.06506
1.11638
1.18091
1.247
1.30225
1.34411
1.37881
1.4145
1.45094
1.48918
1.53262
1.57816
1.61656
1.64542
1.66798
1.68098
1.68846
1.69814
1.71623
1.737
1.75333
1.75903
1.75671
1.74423
1.72293
1.70747
1.69463
1.68592
1.68611
1.68349
1.66225
1.6205
1.57153
1.51791
1.45906
1.40341
1.37074
1.36247
1.3631
1.37465
1.3985
1.41017
1.41147
1.41217
1.41246
1.40949
1.40406
1.40395
1.40568
1.40759
1.40924
1.41611
1.40001
1.40001
1.40313
1.53875
2.42333
3.52443
3.87807
3.86922
3.7545
3.57174
3.40203
3.292
3.19015
3.06939
2.95469
2.86121
2.75835
2.66305
2.54752
2.45743
2.40118
2.32486
2.25074
2.19305
2.12681
2.03504
1.97251
1.92803
1.88071
1.83197
1.76753
1.71816
1.69586
1.66069
1.60869
1.5438
1.50862
1.50166
1.48435
1.44446
1.41004
1.38765
1.36005
1.31993
1.26344
1.23591
1.23327
1.227
1.20624
1.17468
1.16123
1.15171
1.13331
1.09961
1.07291
1.06894
1.0693
1.0663
1.05367
1.05327
1.06686
1.091
1.11877
1.15012
1.1959
1.25821
1.32856
1.39696
1.45771
1.52335
1.57874
1.60863
1.62167
1.62946
1.63571
1.64268
1.65573
1.677
1.70338
1.73265
1.75562
1.767
1.77244
1.77672
1.77936
1.78599
1.8004
1.81215
1.81255
1.80903
1.80331
1.79983
1.80466
1.80978
1.81527
1.8327
1.86831
1.88532
1.88423
1.8668
1.83873
1.80292
1.74617
1.67196
1.60456
1.55244
1.51566
1.48519
1.45593
1.43358
1.42185
1.41688
1.41257
1.40544
1.4026
1.40366
1.40556
1.40783
1.41241
1.43017
1.40001
1.40001
1.40002
1.40337
1.53504
2.30417
3.41226
3.85133
3.82721
3.71593
3.54328
3.41308
3.29666
3.17407
3.07705
2.97412
2.87007
2.77408
2.64778
2.57294
2.5067
2.41844
2.33393
2.28254
2.22571
2.14
2.06296
2.00769
1.9574
1.90543
1.84665
1.80083
1.77356
1.73812
1.68573
1.61104
1.57674
1.56874
1.55091
1.50714
1.46599
1.44431
1.41786
1.38023
1.32974
1.29763
1.2882
1.27836
1.25801
1.22429
1.20726
1.19949
1.18601
1.15793
1.13569
1.13836
1.15354
1.19145
1.24696
1.31642
1.4075
1.49599
1.55929
1.61044
1.66105
1.69888
1.7335
1.77155
1.80827
1.8351
1.83237
1.81846
1.78715
1.76571
1.75802
1.75258
1.75179
1.76208
1.77158
1.77705
1.78097
1.78074
1.7788
1.7803
1.78614
1.79929
1.80741
1.80473
1.79857
1.7894
1.78348
1.78066
1.781
1.78727
1.80545
1.83499
1.86493
1.88144
1.88464
1.88134
1.87828
1.87584
1.86875
1.85365
1.83889
1.8218
1.79603
1.75131
1.68602
1.61022
1.53511
1.46998
1.42546
1.40701
1.40379
1.40484
1.4076
1.41319
1.42683
1.4496
1.40001
1.40001
1.40001
1.40002
1.40314
1.50797
2.16938
3.34407
3.75979
3.73464
3.69003
3.57225
3.42513
3.28855
3.1938
3.08536
2.98084
2.8598
2.75496
2.6884
2.607
2.52818
2.44107
2.36698
2.30287
2.22712
2.15651
2.10389
2.0524
1.99738
1.92774
1.8749
1.84789
1.81098
1.75726
1.69094
1.64681
1.63713
1.6186
1.5708
1.52787
1.50416
1.47761
1.44209
1.39062
1.36046
1.34687
1.33192
1.31221
1.28512
1.26647
1.26643
1.27051
1.28675
1.32534
1.40158
1.50676
1.63109
1.75585
1.85378
1.92948
1.96931
1.993
1.98676
1.97036
1.96072
1.96629
1.97487
1.97414
1.96144
1.93868
1.90301
1.85233
1.82372
1.81298
1.80396
1.80127
1.79908
1.78878
1.7734
1.76755
1.7641
1.75988
1.75898
1.77184
1.78123
1.77979
1.76972
1.75111
1.73427
1.7335
1.73443
1.73833
1.75165
1.7751
1.80305
1.8247
1.83629
1.84088
1.84327
1.84244
1.84214
1.84598
1.86607
1.89298
1.90346
1.90364
1.89473
1.87424
1.84084
1.78882
1.71273
1.6172
1.52474
1.46017
1.43037
1.4248
1.4301
1.44789
1.45646
1.40001
1.40001
1.40001
1.40001
1.40002
1.40227
1.48001
2.07602
3.16029
3.64658
3.71461
3.69319
3.58345
3.4204
3.30098
3.19836
3.08341
2.95406
2.88301
2.80113
2.70888
2.62119
2.53398
2.45522
2.38897
2.32438
2.2574
2.19481
2.13713
2.08355
2.01969
1.96612
1.93053
1.8849
1.82965
1.75852
1.71851
1.71026
1.69014
1.63882
1.58701
1.56523
1.54254
1.50878
1.4604
1.42674
1.40946
1.39054
1.38392
1.40194
1.44622
1.52587
1.64139
1.75988
1.8865
1.98802
2.07278
2.17624
2.21923
2.22856
2.23251
2.22255
2.19933
2.15553
2.1132
2.093
2.08189
2.06424
2.04569
2.02477
1.98971
1.94152
1.89324
1.86633
1.85572
1.84927
1.84035
1.8258
1.80655
1.78184
1.76794
1.76353
1.75951
1.75553
1.75686
1.75704
1.75182
1.74096
1.71744
1.69835
1.69548
1.69476
1.69775
1.71371
1.73341
1.7451
1.74785
1.75013
1.75268
1.75936
1.76907
1.78306
1.8075
1.84354
1.87562
1.8873
1.88709
1.88393
1.88279
1.88175
1.87756
1.86303
1.8309
1.77605
1.69934
1.61425
1.54068
1.48849
1.46599
1.4585
1.40001
1.40001
1.40001
1.40001
1.40001
1.40001
1.40148
1.46042
1.94724
2.90226
3.58024
3.69773
3.67185
3.57356
3.43581
3.32484
3.17963
3.05663
2.98004
2.89765
2.8183
2.72973
2.6398
2.5488
2.46477
2.40827
2.35659
2.29362
2.23413
2.17641
2.09366
2.04232
2.0079
1.95816
1.90536
1.84395
1.79202
1.77774
1.75623
1.70335
1.65184
1.63089
1.60848
1.57738
1.5324
1.51996
1.54344
1.60432
1.70633
1.85255
2.03657
2.19122
2.30035
2.39976
2.43544
2.41891
2.41761
2.42849
2.40992
2.37976
2.34609
2.30646
2.25849
2.21036
2.17529
2.14118
2.10453
2.07212
2.0424
2.01063
1.97136
1.93606
1.91098
1.88953
1.87555
1.8659
1.85352
1.83797
1.82001
1.79774
1.7806
1.77259
1.76598
1.76244
1.76114
1.75639
1.74965
1.7369
1.71173
1.69174
1.68764
1.68714
1.68963
1.70034
1.70703
1.70406
1.69834
1.69535
1.6918
1.68945
1.69266
1.70258
1.72472
1.76273
1.80481
1.82909
1.83732
1.84353
1.85249
1.86003
1.8617
1.86193
1.86388
1.86311
1.85353
1.83129
1.78734
1.70515
1.59892
1.48552
1.40001
1.40001
1.40001
1.40001
1.40001
1.40001
1.40001
1.40098
1.43868
1.78968
2.67537
3.42435
3.63096
3.60382
3.55681
3.46633
3.31251
3.18934
3.08908
2.99002
2.8901
2.80553
2.73354
2.65882
2.57171
2.51251
2.45193
2.38174
2.32354
2.2581
2.17192
2.12937
2.09053
2.03768
1.98374
1.9147
1.86743
1.85411
1.82733
1.77716
1.72077
1.71045
1.71392
1.73994
1.80357
1.92343
2.0985
2.28991
2.45408
2.6015
2.66908
2.69697
2.72178
2.71905
2.69171
2.63713
2.5868
2.54791
2.51469
2.47611
2.42907
2.37017
2.31213
2.2734
2.24521
2.21359
2.17647
2.13926
2.09823
2.04285
1.98596
1.96401
1.96026
1.95862
1.95029
1.93307
1.91104
1.88839
1.86649
1.84414
1.82624
1.81412
1.80554
1.79969
1.79303
1.7856
1.77717
1.7612
1.73501
1.71702
1.7109
1.70898
1.70713
1.69708
1.68604
1.67797
1.67237
1.66892
1.66284
1.65638
1.65722
1.66339
1.67874
1.70263
1.72337
1.7359
1.74653
1.75778
1.77278
1.79298
1.81707
1.84414
1.86619
1.87786
1.8818
1.88096
1.87494
1.8566
1.8171
1.68048
1.40001
1.40001
1.40001
1.40001
1.40001
1.40001
1.40001
1.40001
1.40046
1.4217
1.64285
2.37926
3.31196
3.54177
3.5249
3.51755
3.44779
3.31798
3.20363
3.08823
2.98947
2.90278
2.82019
2.73904
2.67549
2.61556
2.53945
2.47595
2.42971
2.36089
2.25336
2.19554
2.16004
2.11925
2.07382
2.01042
1.9524
1.9292
1.90736
1.89143
1.91653
2.00101
2.1805
2.39849
2.62221
2.78167
2.87721
2.97018
2.99176
2.96473
2.90874
2.87465
2.84036
2.78924
2.73548
2.67246
2.60781
2.54449
2.48349
2.43117
2.38573
2.33579
2.29995
2.27647
2.24944
2.21454
2.16967
2.11216
2.06244
2.02654
2.00933
1.99861
1.98305
1.96277
1.94235
1.92085
1.89435
1.8628
1.83892
1.82289
1.8099
1.79824
1.78734
1.77775
1.76894
1.75921
1.74458
1.72588
1.70926
1.69859
1.69014
1.68466
1.68126
1.67816
1.67518
1.67294
1.66945
1.66438
1.65649
1.64871
1.64709
1.64744
1.65079
1.66049
1.67146
1.67483
1.67888
1.68653
1.69681
1.70928
1.7259
1.74983
1.78407
1.82104
1.84634
1.85814
1.86038
1.85926
1.85621
1.81325
1.40001
1.40001
1.40001
1.40001
1.40001
1.40001
1.40001
1.40001
1.40001
1.40019
1.40884
1.54666
2.17889
2.97849
3.4266
3.55631
3.53787
3.46719
3.35496
3.19847
3.07269
2.99339
2.90916
2.83287
2.78976
2.72892
2.64686
2.54443
2.48344
2.44784
2.37899
2.30116
2.23908
2.18866
2.13002
2.0936
2.08476
2.11415
2.22021
2.41142
2.67563
2.9464
3.13733
3.30125
3.34446
3.32502
3.30416
3.28359
3.24303
3.15857
3.066
3.01103
2.96272
2.88578
2.77652
2.68872
2.62501
2.56165
2.49498
2.43798
2.39259
2.34674
2.30883
2.28316
2.26368
2.24541
2.2038
2.13006
2.05842
2.03912
2.03175
2.01979
2.00116
1.98026
1.95907
1.93556
1.90776
1.87031
1.84069
1.83001
1.82161
1.81026
1.79735
1.78474
1.77407
1.76421
1.74665
1.72195
1.71028
1.70128
1.69315
1.68729
1.68039
1.6747
1.67384
1.67604
1.68
1.67625
1.66205
1.65079
1.64415
1.64065
1.63999
1.64226
1.6479
1.6494
1.64939
1.65329
1.66022
1.66789
1.67822
1.69297
1.71123
1.73142
1.75182
1.77426
1.80343
1.83718
1.86004
1.84753
1.40001
1.40001
1.40001
1.40001
1.40001
1.40001
1.40001
1.40001
1.40001
1.40001
1.40006
1.40423
1.48055
1.92989
2.71088
3.31367
3.48652
3.47974
3.45857
3.35695
3.21676
3.11045
3.00022
2.91504
2.8708
2.81952
2.75451
2.66141
2.56189
2.50139
2.45183
2.39814
2.3464
2.30335
2.29759
2.38037
2.59334
2.94099
3.25593
3.49261
3.67394
3.69325
3.64245
3.60181
3.53375
3.44302
3.37192
3.30664
3.22351
3.14075
3.07481
3.01193
2.93712
2.84998
2.77813
2.72296
2.67127
2.61055
2.54493
2.48437
2.4312
2.39349
2.36865
2.34065
2.30172
2.24971
2.1966
2.14355
2.11152
2.09637
2.08077
2.06078
2.03663
2.01061
1.98453
1.95734
1.92771
1.90235
1.88373
1.86409
1.83987
1.82514
1.8167
1.80457
1.78909
1.77178
1.75507
1.74033
1.72512
1.71193
1.70522
1.69975
1.69394
1.68851
1.68214
1.67393
1.66239
1.65154
1.64454
1.64194
1.64106
1.6419
1.64468
1.64588
1.64567
1.64418
1.64072
1.641
1.64479
1.65104
1.66042
1.67504
1.68695
1.69086
1.6943
1.69992
1.71041
1.73008
1.76599
1.80618
1.40001
1.40001
1.40001
1.40001
1.40001
1.40001
1.40001
1.40001
1.40001
1.40001
1.40001
1.40002
1.40149
1.44302
1.7059
2.37132
3.18929
3.37846
3.39986
3.38477
3.34419
3.25529
3.13876
3.03528
2.96957
2.90359
2.82076
2.73632
2.64675
2.60628
2.56532
2.54274
2.6276
2.84697
3.1943
3.55377
3.8697
4.05796
4.11964
4.17133
4.13739
4.05704
3.93973
3.8085
3.66973
3.52976
3.40183
3.28984
3.19502
3.12047
3.06406
3.00469
2.93322
2.85945
2.80272
2.75504
2.70283
2.64185
2.58252
2.53554
2.49596
2.45971
2.42666
2.39928
2.3481
2.26268
2.21036
2.19482
2.17869
2.15506
2.12577
2.09579
2.0796
2.06004
2.03047
1.99925
1.97289
1.95228
1.92927
1.89899
1.86018
1.83654
1.83157
1.82965
1.81705
1.79356
1.76322
1.74118
1.72928
1.72329
1.71845
1.71248
1.70516
1.6975
1.68868
1.67678
1.65986
1.64569
1.64274
1.64189
1.64188
1.64485
1.64607
1.64476
1.64348
1.64148
1.63545
1.63346
1.6361
1.64215
1.65122
1.65828
1.66019
1.65963
1.65344
1.65143
1.65474
1.66075
1.67176
1.71735
1.40001
1.40001
1.40001
1.40001
1.40001
1.40001
1.40001
1.40001
1.40001
1.40001
1.40001
1.40001
1.40001
1.40055
1.41512
1.55391
2.11144
2.81558
3.20883
3.40795
3.40043
3.35398
3.26584
3.17785
3.08433
2.99072
2.90662
2.81796
2.76783
2.83225
3.06509
3.44277
3.89111
4.24715
4.48854
4.4619
4.43745
4.39502
4.34995
4.27774
4.16961
4.01525
3.8611
3.75391
3.67026
3.58625
3.49843
3.39942
3.29812
3.20464
3.12613
3.05028
2.97116
2.90189
2.84513
2.78733
2.72206
2.65587
2.6091
2.5771
2.55007
2.52274
2.4833
2.4176
2.326
2.25707
2.23796
2.22413
2.20448
2.18287
2.16066
2.13382
2.09298
2.04721
2.01112
1.98351
1.96251
1.94434
1.92558
1.90707
1.88855
1.86951
1.85086
1.82784
1.80164
1.77571
1.75638
1.74517
1.73705
1.72967
1.72366
1.71903
1.71537
1.7109
1.69926
1.67525
1.65742
1.65277
1.65068
1.64982
1.65102
1.65384
1.65253
1.651
1.64972
1.64576
1.63653
1.63309
1.63471
1.63983
1.6458
1.64802
1.64863
1.64691
1.63808
1.63588
1.63942
1.64593
1.65272
1.67379
1.40001
1.40001
1.40001
1.40001
1.40001
1.40001
1.40001
1.40001
1.40001
1.40001
1.40001
1.40001
1.40001
1.40001
1.40012
1.40478
1.46946
1.82529
2.39664
3.09802
3.31235
3.30101
3.29624
3.28854
3.2461
3.16024
3.18808
3.30941
3.61642
4.1145
4.61261
5.00656
5.18176
5.19451
5.09818
4.93033
4.79095
4.65724
4.46696
4.25035
4.07914
3.93962
3.83052
3.75013
3.67797
3.60932
3.54121
3.46043
3.37073
3.28019
3.19665
3.11538
3.03296
2.9561
2.88631
2.81874
2.75106
2.69363
2.65301
2.61818
2.58252
2.54009
2.48546
2.41694
2.33594
2.29238
2.27754
2.26047
2.2388
2.2151
2.18873
2.15429
2.10718
2.06124
2.02801
2.00498
1.98765
1.97304
1.95738
1.93631
1.90865
1.88193
1.85804
1.83327
1.80886
1.78692
1.77261
1.76396
1.75561
1.74893
1.744
1.73985
1.73488
1.72571
1.70616
1.68261
1.67273
1.66945
1.66728
1.66642
1.66801
1.67061
1.66944
1.6676
1.6646
1.65703
1.64652
1.64379
1.64431
1.64728
1.65236
1.65437
1.6554
1.65434
1.64319
1.63275
1.63323
1.63659
1.64031
1.65185
1.40001
1.40001
1.40001
1.40001
1.40001
1.40001
1.40001
1.40001
1.40001
1.40001
1.40001
1.40001
1.40001
1.40001
1.40001
1.40003
1.4012
1.42753
1.58517
2.09489
2.77258
3.09818
3.27623
3.54728
3.799
4.1072
4.44146
4.86393
5.20118
5.3146
5.39758
5.46746
5.45696
5.33298
5.13617
4.8983
4.71643
4.57824
4.46425
4.34739
4.20602
4.05914
3.93321
3.8313
3.74614
3.67558
3.60651
3.52431
3.43631
3.35322
3.27853
3.20349
3.12592
3.05027
2.97761
2.90841
2.84752
2.79957
2.75713
2.71233
2.66128
2.60031
2.52775
2.45131
2.39297
2.36754
2.34901
2.32745
2.30247
2.27508
2.2429
2.2004
2.15026
2.10932
2.08393
2.06658
2.05207
2.03758
2.01874
1.99032
1.9525
1.91552
1.88782
1.86662
1.84926
1.83281
1.81837
1.81093
1.80565
1.80044
1.79479
1.78827
1.77947
1.76436
1.73946
1.72196
1.71646
1.71318
1.71095
1.71025
1.71287
1.71651
1.71536
1.71224
1.70706
1.69708
1.68663
1.68433
1.6842
1.6857
1.68841
1.68903
1.68843
1.67891
1.65244
1.63635
1.63641
1.63915
1.64247
1.65582
1.40001
1.40001
1.40001
1.40001
1.40001
1.40001
1.40001
1.40001
1.40001
1.40001
1.40001
1.40001
1.40001
1.40001
1.40001
1.40001
1.40001
1.40028
1.40672
1.47679
1.88782
2.65686
3.5863
4.58409
5.51162
6.17064
6.62673
6.95159
6.9069
6.60015
6.23416
5.8652
5.49697
5.17749
4.94506
4.76378
4.61243
4.48015
4.36379
4.25897
4.14725
4.0159
3.88628
3.77291
3.67774
3.60306
3.53204
3.44423
3.34553
3.26106
3.19631
3.1298
3.05601
2.98401
2.91477
2.84817
2.79202
2.74853
2.70812
2.66298
2.61152
2.55199
2.47739
2.39296
2.33483
2.31473
2.2983
2.27788
2.25335
2.22591
2.19355
2.14969
2.09794
2.05888
2.03573
2.01874
2.0046
1.99142
1.97457
1.94843
1.91154
1.87142
1.83857
1.81682
1.80173
1.78596
1.77485
1.76949
1.76498
1.75999
1.75444
1.74818
1.73986
1.72488
1.6988
1.68164
1.67797
1.67529
1.67336
1.6729
1.67703
1.68222
1.68142
1.67884
1.67468
1.66599
1.65605
1.65402
1.65396
1.65531
1.65657
1.65601
1.65282
1.63803
1.60679
1.59117
1.59161
1.59436
1.59846
1.61557
)
;

boundaryField
{
    inlet
    {
        type            calculated;
        value           uniform 1.40001;
    }
    outlet
    {
        type            calculated;
        value           nonuniform List<scalar> 
40
(
1.429
1.42054
1.42555
1.42737
1.42853
1.4271
1.42383
1.41926
1.41785
1.41542
1.41405
1.41269
1.41143
1.41022
1.40926
1.40973
1.41492
1.42058
1.42315
1.42233
1.41802
1.41239
1.40971
1.40893
1.40886
1.41569
1.42866
1.44826
1.45635
1.45881
1.49294
1.69312
1.8158
1.8474
1.80255
1.71255
1.67205
1.65078
1.65447
1.61367
)
;
    }
    bottom
    {
        type            symmetryPlane;
    }
    top
    {
        type            symmetryPlane;
    }
    obstacle
    {
        type            calculated;
        value           nonuniform List<scalar> 
130
(
5.34008
5.32238
5.29202
5.25373
5.21369
5.16784
5.12101
5.03756
4.90431
4.75309
1.07635
0.377962
0.187619
0.133355
0.133768
0.15994
0.232678
0.32434
0.415124
0.483808
0.528786
0.571571
0.602301
0.631294
0.683316
0.751244
0.764948
0.752482
0.750478
0.754845
0.756818
0.760692
0.764477
0.763019
0.758158
0.752668
0.748307
0.743553
0.741173
0.740158
0.739592
0.742986
0.749721
0.750812
0.748956
0.741555
0.733011
0.728554
0.726433
0.725229
0.724527
0.722302
0.718713
0.714002
0.708057
0.701688
0.695289
0.689203
0.684032
0.679577
0.675028
0.670062
0.666109
0.664212
0.663128
0.66333
0.665157
0.667118
0.666829
0.665166
0.660219
0.645019
0.626672
0.618909
0.618282
0.619447
0.623589
0.632774
0.644483
0.65066
0.652068
0.65199
0.647941
0.647893
0.650137
0.651906
0.653439
0.654847
0.656093
0.657881
0.66048
0.664601
0.671054
0.677548
0.680752
0.682779
0.683216
0.682123
0.682712
0.683928
0.685555
0.689746
0.699881
0.721097
0.754271
0.77154
0.772862
0.770578
0.768901
0.769704
0.775722
0.783489
0.791361
0.802582
0.81975
0.844128
0.877591
0.918427
0.972264
1.06712
1.23204
1.38181
1.41091
1.40784
1.39425
1.38676
1.38375
1.38543
1.40712
1.42981
)
;
    }
    defaultFaces
    {
        type            empty;
    }
}


// ************************************************************************* //
