/*--------------------------------*- C++ -*----------------------------------*\
  =========                 |
  \\      /  F ield         | OpenFOAM: The Open Source CFD Toolbox
   \\    /   O peration     | Website:  https://openfoam.org
    \\  /    A nd           | Version:  9
     \\/     M anipulation  |
\*---------------------------------------------------------------------------*/
FoamFile
{
    format      ascii;
    class       volScalarField;
    location    "38.3";
    object      p;
}
// * * * * * * * * * * * * * * * * * * * * * * * * * * * * * * * * * * * * * //

dimensions      [0 2 -2 0 0 0 0];

internalField   nonuniform List<scalar> 
8500
(
-0.294566
-0.298781
-0.299618
-0.301367
-0.303455
-0.303703
-0.307462
-0.303838
-0.310018
-0.302704
-0.294831
-0.298985
-0.299815
-0.301533
-0.303653
-0.303798
-0.307759
-0.303774
-0.310431
-0.302592
-0.295354
-0.299387
-0.300203
-0.301858
-0.304042
-0.303975
-0.308345
-0.303628
-0.311253
-0.302364
-0.296122
-0.299976
-0.300769
-0.302324
-0.304605
-0.304216
-0.309199
-0.303372
-0.312472
-0.302018
-0.297116
-0.300738
-0.301494
-0.302912
-0.305315
-0.304494
-0.310288
-0.302968
-0.314064
-0.301549
-0.298313
-0.301653
-0.302356
-0.303594
-0.306138
-0.304782
-0.311556
-0.302382
-0.315988
-0.30094
-0.299689
-0.3027
-0.303328
-0.30434
-0.307031
-0.305059
-0.312928
-0.301582
-0.318189
-0.30013
-0.301215
-0.303858
-0.304384
-0.305123
-0.307941
-0.305309
-0.31431
-0.300559
-0.320573
-0.299112
-0.302866
-0.305105
-0.305493
-0.305917
-0.308811
-0.305529
-0.315584
-0.299385
-0.322702
-0.298093
-0.304618
-0.306423
-0.306628
-0.3067
-0.309585
-0.305735
-0.316533
-0.298289
-0.324501
-0.296698
-0.306453
-0.307795
-0.307765
-0.307457
-0.310203
-0.306014
-0.317024
-0.297167
-0.325927
-0.295082
-0.308358
-0.309211
-0.308885
-0.30818
-0.310563
-0.306409
-0.31707
-0.296089
-0.326572
-0.293723
-0.310326
-0.310664
-0.309976
-0.308885
-0.310688
-0.306792
-0.31667
-0.295378
-0.32589
-0.293177
-0.31236
-0.312155
-0.311031
-0.309552
-0.310632
-0.30711
-0.315758
-0.295194
-0.323487
-0.29347
-0.314473
-0.31369
-0.312061
-0.310159
-0.310443
-0.307344
-0.314397
-0.295459
-0.319346
-0.293798
-0.31669
-0.315277
-0.313103
-0.310713
-0.310171
-0.3073
-0.312712
-0.295805
-0.313966
-0.293066
-0.319045
-0.316936
-0.314187
-0.311246
-0.309892
-0.30694
-0.310791
-0.295845
-0.30799
-0.290752
-0.321578
-0.3187
-0.315346
-0.311796
-0.309667
-0.306283
-0.308604
-0.295384
-0.301676
-0.286873
-0.324338
-0.320603
-0.316626
-0.3124
-0.309501
-0.305442
-0.306057
-0.29435
-0.294952
-0.281849
-0.327382
-0.322686
-0.318077
-0.313085
-0.309354
-0.304537
-0.303129
-0.292601
-0.287864
-0.27646
-0.330764
-0.324999
-0.319749
-0.31385
-0.3092
-0.303605
-0.299895
-0.289912
-0.28103
-0.271194
-0.334529
-0.32761
-0.321682
-0.31468
-0.309071
-0.302587
-0.296438
-0.286229
-0.274894
-0.264665
-0.338751
-0.330572
-0.323881
-0.315586
-0.309024
-0.301361
-0.292787
-0.281817
-0.268736
-0.257917
-0.343494
-0.333948
-0.326308
-0.316648
-0.309055
-0.29982
-0.288944
-0.276815
-0.262576
-0.251124
-0.34882
-0.337792
-0.328912
-0.317997
-0.309073
-0.297905
-0.28486
-0.27142
-0.256302
-0.244242
-0.354797
-0.342115
-0.331698
-0.319709
-0.308957
-0.295589
-0.280516
-0.265727
-0.24989
-0.237337
-0.361498
-0.346868
-0.334777
-0.321706
-0.308606
-0.292868
-0.275893
-0.259798
-0.243342
-0.230341
-0.368994
-0.351954
-0.338353
-0.323786
-0.307942
-0.289746
-0.270985
-0.253654
-0.236642
-0.223253
-0.377328
-0.35727
-0.342611
-0.325733
-0.306897
-0.286226
-0.265781
-0.247299
-0.229787
-0.216034
-0.386474
-0.362754
-0.347592
-0.327394
-0.305399
-0.282302
-0.260272
-0.240723
-0.222758
-0.208663
-0.396315
-0.36842
-0.353118
-0.328672
-0.303387
-0.277957
-0.254439
-0.233906
-0.215536
-0.201113
-0.406628
-0.374345
-0.358799
-0.329489
-0.300806
-0.27316
-0.248261
-0.226828
-0.2081
-0.193364
-0.417079
-0.380625
-0.36415
-0.329756
-0.297614
-0.267875
-0.241709
-0.219465
-0.200424
-0.185394
-0.427351
-0.387324
-0.36871
-0.329359
-0.29377
-0.262065
-0.234751
-0.211788
-0.192488
-0.177184
-0.437139
-0.394407
-0.372127
-0.328166
-0.289233
-0.255695
-0.227354
-0.20377
-0.184269
-0.168716
-0.446187
-0.4017
-0.374181
-0.326041
-0.283958
-0.248733
-0.219486
-0.195382
-0.175746
-0.159976
-0.454292
-0.40888
-0.374768
-0.322858
-0.277893
-0.241144
-0.211117
-0.186599
-0.1669
-0.150947
-0.461294
-0.41549
-0.373874
-0.318517
-0.270984
-0.232896
-0.202218
-0.177399
-0.157711
-0.141625
-0.467064
-0.421004
-0.371528
-0.312949
-0.263178
-0.223955
-0.192763
-0.167762
-0.148166
-0.13202
-0.471496
-0.424947
-0.367708
-0.306106
-0.254427
-0.214287
-0.182731
-0.157668
-0.13825
-0.122155
-0.474487
-0.426982
-0.362297
-0.297943
-0.244688
-0.203864
-0.172101
-0.147102
-0.127955
-0.112048
-0.475931
-0.426831
-0.355199
-0.288416
-0.233926
-0.192661
-0.16086
-0.136049
-0.11727
-0.101678
-0.475697
-0.424294
-0.346355
-0.277486
-0.222113
-0.180659
-0.148993
-0.124496
-0.106205
-0.0909813
-0.473628
-0.419232
-0.335718
-0.26513
-0.20923
-0.167843
-0.136486
-0.112435
-0.0948042
-0.0798797
-0.469537
-0.411558
-0.32324
-0.251346
-0.195263
-0.154199
-0.123329
-0.099867
-0.0831125
-0.0683502
-0.463217
-0.401211
-0.308881
-0.23614
-0.180201
-0.139723
-0.109528
-0.0868317
-0.0711053
-0.056526
-0.454453
-0.388158
-0.29262
-0.219509
-0.164026
-0.124437
-0.0951227
-0.0734102
-0.0586701
-0.0444982
-0.443032
-0.37238
-0.274451
-0.201452
-0.146748
-0.108405
-0.0801768
-0.0595801
-0.0458158
-0.0322725
-0.428762
-0.353878
-0.254368
-0.18199
-0.128451
-0.0916841
-0.0646483
-0.0453512
-0.0325885
-0.0198557
-0.411482
-0.332669
-0.232357
-0.161209
-0.109288
-0.0741764
-0.0485782
-0.0307372
-0.019036
-0.0072612
-0.391075
-0.308812
-0.208421
-0.139262
-0.0891971
-0.0559371
-0.0320065
-0.0157624
-0.00520118
0.00548426
-0.367474
-0.282435
-0.182642
-0.116121
-0.0682243
-0.0370258
-0.014977
-0.00045937
0.00887457
0.018344
-0.340668
-0.253704
-0.155209
-0.0917021
-0.0464275
-0.0175086
0.00246261
0.0151322
0.0231514
0.0312739
-0.310704
-0.22265
-0.12626
-0.0661218
-0.023874
0.00254429
0.020258
0.0309682
0.0375929
0.0442293
-0.277702
-0.189013
-0.0961849
-0.0395239
-0.000638161
0.0230578
0.0383487
0.0470034
0.0521677
0.0571665
-0.241837
-0.153099
-0.0649345
-0.0120582
0.0231935
0.0439522
0.0566698
0.0631964
0.0668438
0.0700151
-0.203211
-0.115315
-0.032561
0.0161288
0.0475209
0.0651422
0.0751561
0.0795131
0.0815655
0.0826016
-0.161788
-0.0762937
0.000805931
0.0448948
0.072233
0.0865381
0.0937454
0.0959202
0.0962204
0.0945894
-0.118055
-0.0361939
0.0349867
0.0740967
0.0972104
0.108047
0.112377
0.112358
0.110634
0.10569
-0.0723703
0.00479271
0.069777
0.103586
0.122327
0.129574
0.130983
0.128717
0.124643
0.116221
-0.0251132
0.046429
0.104957
0.133205
0.147453
0.151021
0.149479
0.144855
0.138195
0.127499
0.023314
0.0884514
0.140299
0.16279
0.172454
0.172287
0.167767
0.160662
0.151493
0.139307
0.0724924
0.130578
0.175566
0.192172
0.197194
0.193268
0.185753
0.176106
0.164584
0.151157
0.121991
0.172517
0.210523
0.221177
0.221536
0.213855
0.203341
0.191141
0.177414
0.162873
0.171372
0.213969
0.244931
0.249628
0.245341
0.233936
0.220443
0.205718
0.189912
0.174274
0.220195
0.254634
0.278553
0.277348
0.268471
0.253403
0.236973
0.219782
0.202009
0.185264
0.268024
0.294212
0.311159
0.304163
0.290789
0.272146
0.252847
0.233269
0.213637
0.195761
0.31443
0.33241
0.34252
0.3299
0.312162
0.290059
0.267983
0.246116
0.224735
0.205709
0.358991
0.368951
0.372419
0.354391
0.332459
0.307038
0.282302
0.258261
0.235239
0.215057
0.401299
0.403572
0.400647
0.377476
0.351555
0.322986
0.295727
0.269642
0.245094
0.223762
0.440978
0.436017
0.427007
0.398998
0.369329
0.337807
0.308185
0.280199
0.254245
0.231786
0.477729
0.465998
0.451308
0.418812
0.38567
0.351414
0.319609
0.289878
0.262639
0.239096
0.511256
0.493257
0.473375
0.436783
0.400474
0.363726
0.329933
0.298625
0.270229
0.24566
0.541268
0.51758
0.493048
0.452787
0.413645
0.374668
0.339101
0.306393
0.276972
0.251452
0.567501
0.53878
0.510184
0.466715
0.425098
0.384174
0.34706
0.313138
0.282828
0.256452
0.589726
0.556696
0.524659
0.47847
0.434759
0.392187
0.353764
0.318819
0.287763
0.26064
0.607745
0.571193
0.536367
0.487973
0.442565
0.398657
0.359176
0.323405
0.291746
0.264004
0.621401
0.582162
0.545223
0.495158
0.448464
0.403545
0.363262
0.326869
0.294755
0.266534
0.630572
0.589522
0.551164
0.499976
0.452419
0.40682
0.365999
0.329189
0.296771
0.268223
0.635178
0.593215
0.554145
0.502393
0.454403
0.408463
0.367372
0.330353
0.297782
0.269067
0.635178
0.593215
0.554145
0.502393
0.454403
0.408463
0.367372
0.330353
0.297782
0.269067
0.630572
0.589522
0.551164
0.499976
0.452419
0.40682
0.365999
0.329189
0.296771
0.268223
0.621401
0.582162
0.545223
0.495158
0.448464
0.403545
0.363262
0.326869
0.294755
0.266534
0.607745
0.571193
0.536367
0.487973
0.442565
0.398657
0.359176
0.323405
0.291746
0.264004
0.589726
0.556696
0.524659
0.47847
0.434759
0.392187
0.353764
0.318819
0.287763
0.26064
0.567501
0.53878
0.510184
0.466715
0.425098
0.384174
0.34706
0.313138
0.282829
0.256452
0.541268
0.51758
0.493048
0.452787
0.413645
0.374668
0.339101
0.306393
0.276972
0.251452
0.511256
0.493257
0.473375
0.436783
0.400474
0.363726
0.329933
0.298625
0.270229
0.24566
0.477729
0.465998
0.451308
0.418813
0.38567
0.351414
0.319609
0.289878
0.262639
0.239096
0.440978
0.436017
0.427007
0.398998
0.369329
0.337807
0.308185
0.280199
0.254245
0.231786
0.401299
0.403572
0.400648
0.377476
0.351555
0.322986
0.295727
0.269642
0.245094
0.223762
0.358991
0.368951
0.372419
0.354391
0.332459
0.307038
0.282302
0.258261
0.235239
0.215057
0.31443
0.332411
0.34252
0.3299
0.312162
0.290059
0.267983
0.246117
0.224735
0.205709
0.268024
0.294212
0.311159
0.304163
0.290789
0.272146
0.252847
0.233269
0.213637
0.195761
0.220195
0.254634
0.278553
0.277348
0.268471
0.253403
0.236973
0.219782
0.202009
0.185264
0.171372
0.213969
0.244931
0.249628
0.245341
0.233936
0.220443
0.205718
0.189912
0.174274
0.121991
0.172517
0.210523
0.221177
0.221536
0.213855
0.203341
0.191141
0.177415
0.162874
0.0724925
0.130578
0.175567
0.192172
0.197194
0.193269
0.185753
0.176107
0.164584
0.151157
0.0233142
0.0884515
0.140299
0.16279
0.172454
0.172287
0.167767
0.160663
0.151493
0.139307
-0.025113
0.0464292
0.104958
0.133205
0.147453
0.151021
0.149479
0.144855
0.138195
0.127499
-0.0723702
0.00479286
0.0697772
0.103586
0.122327
0.129574
0.130983
0.128717
0.124643
0.116221
-0.118055
-0.0361938
0.0349868
0.0740968
0.0972105
0.108047
0.112377
0.112358
0.110634
0.10569
-0.161788
-0.0762935
0.000806074
0.0448949
0.0722331
0.0865382
0.0937455
0.0959203
0.0962205
0.0945895
-0.20321
-0.115315
-0.0325608
0.016129
0.047521
0.0651423
0.0751562
0.0795133
0.0815656
0.0826017
-0.241837
-0.153099
-0.0649343
-0.0120581
0.0231936
0.0439523
0.05667
0.0631965
0.0668439
0.0700153
-0.277702
-0.189013
-0.0961847
-0.0395237
-0.000638025
0.023058
0.0383489
0.0470036
0.0521679
0.0571666
-0.310704
-0.22265
-0.12626
-0.0661216
-0.0238739
0.00254442
0.0202582
0.0309683
0.037593
0.0442294
-0.340668
-0.253704
-0.155209
-0.0917019
-0.0464274
-0.0175085
0.00246275
0.0151323
0.0231516
0.031274
-0.367474
-0.282435
-0.182642
-0.116121
-0.0682242
-0.0370256
-0.0149769
-0.000459232
0.00887471
0.0183442
-0.391075
-0.308812
-0.208421
-0.139262
-0.089197
-0.0559369
-0.0320064
-0.0157622
-0.00520104
0.0054844
-0.411482
-0.332669
-0.232357
-0.161209
-0.109287
-0.0741762
-0.0485781
-0.030737
-0.0190358
-0.00726106
-0.428762
-0.353878
-0.254367
-0.181989
-0.128451
-0.0916839
-0.0646482
-0.0453511
-0.0325883
-0.0198555
-0.443032
-0.37238
-0.274451
-0.201452
-0.146748
-0.108405
-0.0801767
-0.0595799
-0.0458157
-0.0322724
-0.454453
-0.388158
-0.29262
-0.219509
-0.164026
-0.124437
-0.0951225
-0.07341
-0.05867
-0.044498
-0.463217
-0.401211
-0.30888
-0.23614
-0.1802
-0.139723
-0.109528
-0.0868316
-0.0711051
-0.0565258
-0.469537
-0.411558
-0.323239
-0.251346
-0.195263
-0.154199
-0.123329
-0.0998668
-0.0831123
-0.06835
-0.473627
-0.419232
-0.335718
-0.26513
-0.20923
-0.167843
-0.136486
-0.112435
-0.094804
-0.0798795
-0.475697
-0.424293
-0.346355
-0.277486
-0.222113
-0.180659
-0.148993
-0.124496
-0.106205
-0.0909812
-0.47593
-0.426831
-0.355199
-0.288416
-0.233926
-0.192661
-0.16086
-0.136048
-0.117269
-0.101677
-0.474487
-0.426982
-0.362297
-0.297943
-0.244688
-0.203864
-0.172101
-0.147102
-0.127954
-0.112048
-0.471495
-0.424947
-0.367708
-0.306106
-0.254427
-0.214287
-0.182731
-0.157668
-0.13825
-0.122155
-0.467064
-0.421004
-0.371527
-0.312949
-0.263178
-0.223954
-0.192763
-0.167762
-0.148165
-0.13202
-0.461294
-0.41549
-0.373874
-0.318517
-0.270984
-0.232896
-0.202217
-0.177399
-0.157711
-0.141625
-0.454292
-0.40888
-0.374768
-0.322858
-0.277893
-0.241144
-0.211117
-0.186599
-0.1669
-0.150947
-0.446187
-0.4017
-0.374181
-0.326041
-0.283958
-0.248732
-0.219486
-0.195381
-0.175746
-0.159975
-0.437139
-0.394406
-0.372127
-0.328166
-0.289233
-0.255695
-0.227354
-0.203769
-0.184269
-0.168716
-0.427351
-0.387324
-0.36871
-0.329359
-0.29377
-0.262065
-0.234751
-0.211788
-0.192487
-0.177183
-0.417079
-0.380625
-0.36415
-0.329756
-0.297613
-0.267875
-0.241709
-0.219465
-0.200424
-0.185393
-0.406628
-0.374344
-0.358799
-0.329489
-0.300806
-0.27316
-0.248261
-0.226828
-0.208099
-0.193364
-0.396315
-0.36842
-0.353117
-0.328671
-0.303387
-0.277957
-0.254439
-0.233906
-0.215536
-0.201113
-0.386474
-0.362754
-0.347592
-0.327394
-0.305399
-0.282302
-0.260271
-0.240722
-0.222757
-0.208662
-0.377328
-0.35727
-0.342611
-0.325733
-0.306896
-0.286226
-0.265781
-0.247299
-0.229786
-0.216033
-0.368994
-0.351954
-0.338353
-0.323786
-0.307942
-0.289745
-0.270984
-0.253654
-0.236641
-0.223253
-0.361498
-0.346868
-0.334777
-0.321706
-0.308606
-0.292868
-0.275893
-0.259797
-0.243341
-0.230341
-0.354797
-0.342115
-0.331697
-0.319709
-0.308957
-0.295589
-0.280515
-0.265727
-0.24989
-0.237337
-0.34882
-0.337792
-0.328912
-0.317997
-0.309073
-0.297905
-0.28486
-0.27142
-0.256302
-0.244242
-0.343494
-0.333948
-0.326308
-0.316648
-0.309055
-0.29982
-0.288943
-0.276815
-0.262576
-0.251124
-0.338751
-0.330572
-0.32388
-0.315586
-0.309024
-0.301361
-0.292787
-0.281817
-0.268735
-0.257916
-0.334529
-0.32761
-0.321682
-0.31468
-0.309071
-0.302586
-0.296437
-0.286228
-0.274894
-0.264664
-0.330764
-0.324998
-0.319749
-0.31385
-0.309199
-0.303605
-0.299895
-0.289911
-0.28103
-0.271193
-0.327382
-0.322686
-0.318077
-0.313085
-0.309354
-0.304536
-0.303129
-0.292601
-0.287864
-0.276459
-0.324338
-0.320603
-0.316626
-0.3124
-0.309501
-0.305442
-0.306056
-0.294349
-0.294952
-0.281848
-0.321578
-0.3187
-0.315346
-0.311796
-0.309667
-0.306283
-0.308603
-0.295384
-0.301675
-0.286872
-0.319045
-0.316936
-0.314186
-0.311245
-0.309892
-0.306939
-0.310791
-0.295844
-0.30799
-0.290751
-0.31669
-0.315277
-0.313103
-0.310713
-0.310171
-0.307299
-0.312712
-0.295804
-0.313965
-0.293065
-0.314473
-0.31369
-0.31206
-0.310159
-0.310443
-0.307344
-0.314396
-0.295458
-0.319345
-0.293797
-0.31236
-0.312155
-0.311031
-0.309552
-0.310632
-0.30711
-0.315757
-0.295193
-0.323486
-0.293469
-0.310325
-0.310664
-0.309976
-0.308885
-0.310688
-0.306792
-0.316669
-0.295377
-0.325889
-0.293176
-0.308357
-0.309211
-0.308885
-0.30818
-0.310563
-0.306409
-0.31707
-0.296089
-0.326571
-0.293722
-0.306453
-0.307795
-0.307765
-0.307457
-0.310203
-0.306014
-0.317024
-0.297166
-0.325926
-0.295081
-0.304618
-0.306423
-0.306628
-0.3067
-0.309584
-0.305735
-0.316533
-0.298289
-0.3245
-0.296697
-0.302866
-0.305105
-0.305493
-0.305917
-0.308811
-0.305529
-0.315584
-0.299385
-0.322702
-0.298092
-0.301215
-0.303858
-0.304383
-0.305123
-0.307941
-0.305309
-0.31431
-0.300558
-0.320573
-0.299111
-0.299689
-0.3027
-0.303328
-0.30434
-0.307031
-0.305059
-0.312928
-0.301582
-0.318188
-0.30013
-0.298313
-0.301653
-0.302356
-0.303594
-0.306138
-0.304782
-0.311555
-0.302381
-0.315988
-0.300939
-0.297116
-0.300738
-0.301494
-0.302912
-0.305315
-0.304494
-0.310287
-0.302968
-0.314064
-0.301548
-0.296122
-0.299976
-0.300769
-0.302324
-0.304605
-0.304216
-0.309199
-0.303371
-0.312472
-0.302017
-0.295354
-0.299387
-0.300203
-0.301858
-0.304042
-0.303975
-0.308345
-0.303628
-0.311253
-0.302363
-0.294831
-0.298985
-0.299815
-0.301533
-0.303653
-0.303798
-0.307759
-0.303774
-0.310431
-0.302591
-0.294566
-0.298781
-0.299618
-0.301367
-0.303455
-0.303703
-0.307462
-0.303838
-0.310018
-0.302704
-0.310052
-0.300441
-0.301373
-0.293339
-0.289045
-0.280208
-0.272164
-0.261249
-0.249788
-0.236106
-0.221256
-0.204667
-0.186793
-0.168022
-0.14851
-0.129428
-0.110815
-0.0939531
-0.0788183
-0.0658158
-0.0549353
-0.045699
-0.0378511
-0.0298154
-0.0225485
-0.0149894
-0.0094597
-0.00403026
-0.00177117
0.0011882
-0.310293
-0.300578
-0.301474
-0.293461
-0.289147
-0.280324
-0.272276
-0.261369
-0.249909
-0.236232
-0.221383
-0.204796
-0.186919
-0.168143
-0.148622
-0.12953
-0.110903
-0.0940283
-0.0788831
-0.0658707
-0.0549841
-0.0457455
-0.0378988
-0.0298618
-0.0225908
-0.0150244
-0.00948768
-0.00405031
-0.00178531
0.00118166
-0.310744
-0.300834
-0.301668
-0.293692
-0.289349
-0.280547
-0.272496
-0.261602
-0.250147
-0.236479
-0.221632
-0.205048
-0.187165
-0.16838
-0.148842
-0.129731
-0.111078
-0.0941792
-0.0790136
-0.0659816
-0.0550824
-0.0458383
-0.0379932
-0.0299534
-0.0226743
-0.0150937
-0.00954332
-0.00409045
-0.00181346
0.00116845
-0.311361
-0.301179
-0.301941
-0.294018
-0.289628
-0.280869
-0.27281
-0.26194
-0.25049
-0.236836
-0.221995
-0.205414
-0.187523
-0.168728
-0.149165
-0.130023
-0.11134
-0.094405
-0.0792102
-0.0661497
-0.055231
-0.0459774
-0.0381331
-0.0300884
-0.0227972
-0.0151964
-0.0096259
-0.00415066
-0.00185537
0.00114827
-0.312072
-0.301555
-0.302272
-0.294404
-0.289985
-0.281263
-0.273206
-0.262363
-0.250924
-0.237289
-0.222455
-0.205882
-0.187985
-0.169173
-0.149581
-0.130408
-0.111684
-0.0947048
-0.0794736
-0.0663763
-0.0554314
-0.0461629
-0.0383167
-0.0302644
-0.0229572
-0.0153311
-0.00973443
-0.00423087
-0.0019107
0.00112074
-0.312794
-0.301947
-0.30262
-0.294841
-0.290377
-0.281723
-0.273653
-0.262858
-0.25143
-0.237824
-0.223002
-0.206434
-0.188526
-0.169705
-0.150088
-0.130874
-0.112108
-0.0950776
-0.0798043
-0.0666629
-0.0556849
-0.0463948
-0.0385419
-0.0304784
-0.0231514
-0.0154959
-0.00986773
-0.00433095
-0.00197901
0.00108548
-0.313499
-0.302219
-0.302986
-0.295251
-0.290802
-0.282188
-0.274158
-0.263387
-0.251993
-0.238411
-0.223603
-0.207056
-0.189148
-0.170314
-0.15067
-0.131418
-0.112607
-0.0955225
-0.0802028
-0.067011
-0.0559926
-0.0466728
-0.0388066
-0.0307275
-0.0233768
-0.015689
-0.0100245
-0.00445069
-0.00205983
0.00104211
-0.31392
-0.302532
-0.303227
-0.29569
-0.29117
-0.282694
-0.274635
-0.263962
-0.252571
-0.239048
-0.224254
-0.20773
-0.189823
-0.170984
-0.15132
-0.132032
-0.11318
-0.0960386
-0.0806697
-0.0674217
-0.0563553
-0.0469966
-0.0391085
-0.0310086
-0.0236305
-0.0159086
-0.0102035
-0.00458973
-0.0021526
0.000990393
-0.313973
-0.302799
-0.30331
-0.296089
-0.291477
-0.283166
-0.27511
-0.264525
-0.253161
-0.239696
-0.224926
-0.208437
-0.190541
-0.171705
-0.152028
-0.13271
-0.113822
-0.0966246
-0.0812048
-0.0678956
-0.0567733
-0.0473653
-0.0394452
-0.0313188
-0.0239096
-0.0161526
-0.0104032
-0.00474756
-0.00225674
0.00093023
-0.313636
-0.302917
-0.303253
-0.296372
-0.291711
-0.283574
-0.275531
-0.265059
-0.253729
-0.240338
-0.225603
-0.20916
-0.191285
-0.172464
-0.152787
-0.133447
-0.114531
-0.0972791
-0.0818077
-0.0684325
-0.0572464
-0.0477779
-0.0398146
-0.0316555
-0.0242115
-0.0164193
-0.0106222
-0.00492346
-0.0023716
0.000861718
-0.312618
-0.302888
-0.302968
-0.296511
-0.291806
-0.283886
-0.27588
-0.265534
-0.254251
-0.240951
-0.226263
-0.20988
-0.192042
-0.173249
-0.153588
-0.134236
-0.115303
-0.0980003
-0.0824769
-0.0690314
-0.0577732
-0.0482327
-0.0402143
-0.0320162
-0.0245338
-0.0167066
-0.0108592
-0.00511649
-0.00249648
0.000785158
-0.310734
-0.302604
-0.302414
-0.296445
-0.291755
-0.284041
-0.27611
-0.265913
-0.254703
-0.24151
-0.226886
-0.210582
-0.192799
-0.174051
-0.154423
-0.135073
-0.116134
-0.0987856
-0.0832104
-0.0696905
-0.058352
-0.048728
-0.0406423
-0.0323986
-0.0248743
-0.0170126
-0.0111125
-0.00532552
-0.00263059
0.00070105
-0.308007
-0.301918
-0.301557
-0.296083
-0.291463
-0.284035
-0.276209
-0.266175
-0.25506
-0.241992
-0.227455
-0.21125
-0.193543
-0.17486
-0.155285
-0.135952
-0.11702
-0.0996315
-0.0840051
-0.0704068
-0.05898
-0.0492614
-0.0410964
-0.0328008
-0.025231
-0.0173356
-0.0113806
-0.00554921
-0.00277307
0.00061007
-0.304837
-0.300632
-0.300301
-0.295409
-0.290938
-0.28374
-0.276088
-0.266275
-0.255291
-0.242378
-0.227953
-0.21187
-0.194264
-0.175668
-0.156167
-0.136869
-0.117956
-0.100534
-0.0848571
-0.0711768
-0.059654
-0.0498301
-0.0415745
-0.0332208
-0.0256021
-0.0176735
-0.0116619
-0.00578603
-0.002923
0.000513033
-0.301454
-0.298683
-0.298589
-0.294342
-0.290127
-0.283305
-0.275806
-0.266216
-0.255384
-0.242651
-0.228366
-0.21243
-0.194952
-0.176469
-0.157065
-0.137817
-0.118938
-0.101489
-0.0857616
-0.0719959
-0.0603701
-0.0504315
-0.0420746
-0.0336568
-0.0259859
-0.0180246
-0.0119546
-0.0060344
-0.00307941
0.000410856
-0.29778
-0.296144
-0.296348
-0.292806
-0.288867
-0.282333
-0.275168
-0.265917
-0.255304
-0.242795
-0.228684
-0.212926
-0.195603
-0.177256
-0.157972
-0.138792
-0.119958
-0.10249
-0.0867132
-0.0728594
-0.0611242
-0.0510625
-0.042595
-0.0341075
-0.026381
-0.018387
-0.012257
-0.00629257
-0.00324125
0.00030452
-0.293949
-0.292976
-0.293595
-0.290872
-0.287414
-0.281481
-0.274457
-0.265473
-0.255074
-0.242807
-0.228901
-0.213349
-0.196211
-0.178026
-0.158885
-0.139791
-0.121015
-0.103533
-0.0877074
-0.0737625
-0.0619121
-0.0517199
-0.0431332
-0.034571
-0.0267854
-0.0187585
-0.0125673
-0.00655872
-0.00340752
0.000194982
-0.289903
-0.289271
-0.290255
-0.288319
-0.285304
-0.279793
-0.273128
-0.264679
-0.254633
-0.24268
-0.229028
-0.213716
-0.19679
-0.178786
-0.159805
-0.140809
-0.122098
-0.104607
-0.0887322
-0.0746945
-0.0627251
-0.0523977
-0.043686
-0.035045
-0.0271978
-0.0191379
-0.0128845
-0.00683177
-0.00357759
8.30399e-05
-0.285687
-0.285291
-0.286777
-0.285752
-0.283349
-0.278453
-0.272247
-0.263905
-0.254094
-0.242425
-0.229029
-0.213972
-0.197281
-0.179486
-0.160692
-0.141819
-0.12319
-0.105704
-0.0897895
-0.0756616
-0.0635726
-0.0531052
-0.0442624
-0.0355372
-0.0276243
-0.0195289
-0.0132103
-0.00711185
-0.00375084
-3.03493e-05
-0.281724
-0.280515
-0.282046
-0.281858
-0.280141
-0.275929
-0.269966
-0.262571
-0.253309
-0.242102
-0.229081
-0.214361
-0.197958
-0.180393
-0.161787
-0.143027
-0.12446
-0.10695
-0.0909592
-0.0767103
-0.0644725
-0.0538455
-0.0448544
-0.036036
-0.0280497
-0.0199168
-0.0135314
-0.00738874
-0.00392226
-0.000142561
-0.276552
-0.276785
-0.27853
-0.27897
-0.277747
-0.274149
-0.269052
-0.261268
-0.252154
-0.241162
-0.228346
-0.213837
-0.197645
-0.180283
-0.16188
-0.143289
-0.124872
-0.107461
-0.0915262
-0.0772867
-0.0650169
-0.0543273
-0.0452579
-0.0363885
-0.0283613
-0.0202159
-0.013792
-0.00762454
-0.00407389
-0.000243618
-0.270898
-0.271924
-0.273868
-0.274823
-0.273958
-0.270643
-0.265368
-0.25858
-0.249907
-0.239276
-0.226789
-0.212594
-0.196715
-0.179648
-0.161539
-0.143205
-0.125018
-0.107774
-0.0919484
-0.0777575
-0.0654826
-0.0547471
-0.0456061
-0.036693
-0.0286317
-0.0204847
-0.0140291
-0.00784536
-0.00421373
-0.000338932
-0.264973
-0.266613
-0.26881
-0.270326
-0.269935
-0.267122
-0.262557
-0.255907
-0.247538
-0.237246
-0.225084
-0.211211
-0.195656
-0.1789
-0.161105
-0.143045
-0.125106
-0.108045
-0.0923425
-0.0782108
-0.0659376
-0.0551604
-0.045948
-0.0369927
-0.028898
-0.0207538
-0.0142679
-0.00807143
-0.00435632
-0.000437546
-0.258801
-0.261082
-0.263558
-0.265611
-0.265713
-0.263407
-0.259205
-0.253013
-0.245015
-0.235091
-0.223279
-0.209751
-0.194545
-0.178119
-0.160653
-0.142881
-0.125201
-0.10833
-0.0927545
-0.0786841
-0.0664123
-0.055592
-0.0463059
-0.0373067
-0.0291765
-0.0210344
-0.0145161
-0.0083065
-0.00450386
-0.000539588
-0.252331
-0.255358
-0.258131
-0.260678
-0.261273
-0.259452
-0.255675
-0.249926
-0.242324
-0.232792
-0.221358
-0.208201
-0.193364
-0.17729
-0.160172
-0.142703
-0.125294
-0.108622
-0.0931804
-0.0791749
-0.0669053
-0.0560418
-0.04668
-0.0376357
-0.0294678
-0.0213271
-0.0147743
-0.00855073
-0.00465634
-0.000644766
-0.245608
-0.249467
-0.252555
-0.255553
-0.256639
-0.255305
-0.251978
-0.246674
-0.239484
-0.230362
-0.219327
-0.206559
-0.192113
-0.176409
-0.159655
-0.142505
-0.125378
-0.108915
-0.0936137
-0.0796777
-0.0674121
-0.0565063
-0.0470679
-0.0379778
-0.0297704
-0.0216306
-0.0150412
-0.00880322
-0.00481317
-0.000752572
-0.238706
-0.243437
-0.246864
-0.250278
-0.251851
-0.251009
-0.248134
-0.24328
-0.236516
-0.227818
-0.217198
-0.204836
-0.190797
-0.175479
-0.159103
-0.142285
-0.125451
-0.109206
-0.0940515
-0.0801897
-0.0679305
-0.0569838
-0.0474685
-0.0383322
-0.0300834
-0.0219441
-0.0153162
-0.00906321
-0.00497383
-0.000862468
-0.231678
-0.237297
-0.241088
-0.244888
-0.246941
-0.246592
-0.244168
-0.23977
-0.233442
-0.225178
-0.214986
-0.203044
-0.189426
-0.174506
-0.158521
-0.142044
-0.125512
-0.109494
-0.0944917
-0.0807087
-0.0684584
-0.0574729
-0.0478809
-0.0386983
-0.0304067
-0.0222671
-0.0155985
-0.00932998
-0.00513787
-0.000973897
-0.224574
-0.231069
-0.235251
-0.23941
-0.241932
-0.242073
-0.240103
-0.23616
-0.230277
-0.222455
-0.212703
-0.201191
-0.188004
-0.173494
-0.157908
-0.141783
-0.12556
-0.109776
-0.0949316
-0.0812322
-0.0689938
-0.0579719
-0.0483041
-0.0390756
-0.0307396
-0.0225989
-0.0158876
-0.00960269
-0.0053048
-0.00108627
-0.217443
-0.224776
-0.229372
-0.23387
-0.236842
-0.237472
-0.235958
-0.232472
-0.227037
-0.219664
-0.210359
-0.199286
-0.186538
-0.172447
-0.157267
-0.141502
-0.125593
-0.11005
-0.0953688
-0.0817577
-0.0695342
-0.0584791
-0.0487371
-0.0394631
-0.0310815
-0.0229386
-0.0161826
-0.00988047
-0.00547411
-0.00119897
-0.210329
-0.218444
-0.223473
-0.22829
-0.231692
-0.232805
-0.231749
-0.228718
-0.223735
-0.216816
-0.207964
-0.197336
-0.185035
-0.171369
-0.156601
-0.141201
-0.125611
-0.110314
-0.0958007
-0.0822826
-0.0700775
-0.0589927
-0.0491784
-0.0398598
-0.0314314
-0.0232853
-0.0164827
-0.0101623
-0.00564524
-0.00131139
-0.203277
-0.2121
-0.217573
-0.222695
-0.226502
-0.228089
-0.227491
-0.224913
-0.220384
-0.213921
-0.205526
-0.195349
-0.183498
-0.170262
-0.155909
-0.14088
-0.125613
-0.110566
-0.0962252
-0.0828045
-0.0706213
-0.0595107
-0.0496266
-0.0402646
-0.0317884
-0.023638
-0.0167869
-0.0104473
-0.00581766
-0.00142289
-0.196332
-0.205774
-0.211695
-0.217109
-0.221292
-0.223339
-0.223199
-0.221071
-0.216995
-0.210989
-0.203055
-0.193332
-0.181933
-0.169131
-0.155195
-0.140539
-0.125598
-0.110806
-0.09664
-0.083321
-0.0711634
-0.0600312
-0.0500802
-0.0406761
-0.0321515
-0.0239955
-0.0170942
-0.0107342
-0.00599078
-0.00153288
-0.189534
-0.199496
-0.20586
-0.211557
-0.216086
-0.218575
-0.218888
-0.217205
-0.21358
-0.208031
-0.200559
-0.191291
-0.180346
-0.167979
-0.154461
-0.14018
-0.125565
-0.11103
-0.0970433
-0.08383
-0.0717016
-0.060552
-0.0505375
-0.0410929
-0.0325194
-0.0243565
-0.0174036
-0.011022
-0.00616404
-0.00164074
-0.182919
-0.193297
-0.200091
-0.206063
-0.210907
-0.213815
-0.214574
-0.213333
-0.210154
-0.205059
-0.198047
-0.189233
-0.178741
-0.16681
-0.153708
-0.139804
-0.125514
-0.111239
-0.0974331
-0.0843292
-0.0722338
-0.0610712
-0.0509966
-0.0415133
-0.0328907
-0.0247198
-0.017714
-0.0113094
-0.00633682
-0.00174591
-0.176519
-0.18721
-0.194411
-0.20065
-0.20578
-0.20908
-0.210275
-0.209469
-0.206729
-0.202083
-0.195528
-0.187168
-0.177125
-0.165628
-0.15294
-0.139411
-0.125446
-0.111431
-0.0978079
-0.0848164
-0.0727575
-0.0615864
-0.0514556
-0.0419355
-0.033264
-0.0250837
-0.018024
-0.0115952
-0.00650851
-0.00184784
-0.170364
-0.181269
-0.188847
-0.195341
-0.200732
-0.204396
-0.206012
-0.205631
-0.203323
-0.199119
-0.193015
-0.185103
-0.175506
-0.16444
-0.152161
-0.139003
-0.12536
-0.111606
-0.0981659
-0.0852895
-0.0732706
-0.0620952
-0.0519123
-0.0423573
-0.0336373
-0.0254464
-0.0183324
-0.0118779
-0.00667841
-0.001946
-0.164479
-0.175509
-0.183426
-0.190163
-0.195792
-0.199788
-0.201805
-0.20184
-0.199953
-0.196181
-0.190519
-0.18305
-0.173892
-0.163249
-0.151373
-0.138584
-0.125258
-0.111763
-0.0985058
-0.0857464
-0.0737705
-0.062595
-0.0523643
-0.0427766
-0.0340089
-0.0258062
-0.0186376
-0.012156
-0.00684582
-0.00203992
-0.158889
-0.169962
-0.178177
-0.185142
-0.190988
-0.195286
-0.197681
-0.198116
-0.196639
-0.193286
-0.188057
-0.181021
-0.172292
-0.162065
-0.150584
-0.138155
-0.125141
-0.111901
-0.0988261
-0.0861847
-0.0742549
-0.0630831
-0.052809
-0.0431906
-0.0343764
-0.0261608
-0.0189379
-0.012428
-0.00700989
-0.00212918
-0.153618
-0.164665
-0.173131
-0.180307
-0.186352
-0.190921
-0.193665
-0.194485
-0.193402
-0.190455
-0.185643
-0.179029
-0.170717
-0.160895
-0.149797
-0.13772
-0.125011
-0.11202
-0.0991257
-0.0866025
-0.0747209
-0.0635565
-0.0532433
-0.0435966
-0.0347375
-0.0265079
-0.0192316
-0.012692
-0.0071697
-0.00221337
-0.148687
-0.159649
-0.16832
-0.175688
-0.181915
-0.186725
-0.18979
-0.190972
-0.190267
-0.187709
-0.183298
-0.177089
-0.169179
-0.159749
-0.149021
-0.137284
-0.124869
-0.112122
-0.0994034
-0.0869972
-0.0751658
-0.0640118
-0.0536642
-0.0439912
-0.0350892
-0.0268447
-0.0195165
-0.0129461
-0.00732419
-0.00229216
-0.144117
-0.154947
-0.163778
-0.171318
-0.177712
-0.182735
-0.186087
-0.187609
-0.187262
-0.185072
-0.181041
-0.175219
-0.167694
-0.158638
-0.148263
-0.136852
-0.124719
-0.112206
-0.0996581
-0.0873667
-0.0755866
-0.0644455
-0.0540679
-0.044371
-0.0354284
-0.0271683
-0.0197902
-0.0131884
-0.00747216
-0.00236517
-0.139927
-0.150594
-0.15954
-0.167232
-0.173776
-0.178986
-0.182595
-0.184426
-0.184414
-0.182571
-0.178897
-0.173439
-0.166276
-0.157573
-0.147533
-0.13643
-0.124564
-0.112274
-0.0998889
-0.0877086
-0.0759799
-0.0648537
-0.0544505
-0.0447318
-0.0357515
-0.0274753
-0.02005
-0.0134166
-0.00761224
-0.00243206
-0.136141
-0.146622
-0.155645
-0.163468
-0.170145
-0.17552
-0.179353
-0.181462
-0.181758
-0.180235
-0.176892
-0.171771
-0.164944
-0.15657
-0.146841
-0.136024
-0.124408
-0.112326
-0.100095
-0.0880203
-0.0763421
-0.0652322
-0.0548076
-0.0450694
-0.0360546
-0.0277622
-0.020293
-0.0136283
-0.00774287
-0.00249249
-0.132779
-0.143067
-0.152132
-0.160065
-0.166861
-0.172379
-0.176403
-0.178757
-0.179329
-0.178098
-0.175054
-0.170239
-0.163719
-0.155645
-0.146199
-0.135644
-0.124256
-0.112365
-0.100276
-0.0882991
-0.0766692
-0.0655763
-0.0551341
-0.0453787
-0.036333
-0.0280248
-0.0205156
-0.0138209
-0.00786229
-0.00254606
-0.129869
-0.139966
-0.149046
-0.157069
-0.163968
-0.169607
-0.173793
-0.176355
-0.177169
-0.176195
-0.173415
-0.168872
-0.162623
-0.154814
-0.14562
-0.135298
-0.124113
-0.112392
-0.10043
-0.0885422
-0.076957
-0.0658806
-0.0554248
-0.0456542
-0.0365818
-0.0282586
-0.020714
-0.0139913
-0.00796851
-0.00259235
-0.127441
-0.137364
-0.146438
-0.154531
-0.161518
-0.167258
-0.171574
-0.174306
-0.175323
-0.174567
-0.172013
-0.1677
-0.161681
-0.1541
-0.14512
-0.134997
-0.123985
-0.11241
-0.100558
-0.0887462
-0.0772005
-0.0661394
-0.0556732
-0.04589
-0.0367952
-0.0284585
-0.0208839
-0.0141362
-0.00805928
-0.00263086
-0.125527
-0.135306
-0.144363
-0.152507
-0.159566
-0.165386
-0.169802
-0.172666
-0.173841
-0.173261
-0.170887
-0.166757
-0.160923
-0.153523
-0.144715
-0.134751
-0.123878
-0.112421
-0.100656
-0.0889073
-0.0773942
-0.0663461
-0.0558725
-0.0460792
-0.0369668
-0.0286189
-0.0210203
-0.014252
-0.00813205
-0.00266099
-0.12419
-0.133859
-0.142898
-0.151074
-0.158183
-0.164059
-0.168545
-0.171499
-0.172786
-0.172329
-0.170084
-0.166083
-0.16038
-0.153109
-0.144424
-0.134574
-0.1238
-0.112426
-0.100725
-0.0890209
-0.0775315
-0.0664932
-0.0560148
-0.0462142
-0.0370896
-0.0287333
-0.0211179
-0.0143343
-0.00818393
-0.00268195
-0.123458
-0.133081
-0.14211
-0.150302
-0.157439
-0.163348
-0.16787
-0.170872
-0.172219
-0.171829
-0.169652
-0.165722
-0.160089
-0.152887
-0.144268
-0.134478
-0.123757
-0.112429
-0.100762
-0.0890814
-0.077605
-0.0665718
-0.0560913
-0.0462865
-0.0371557
-0.0287945
-0.0211702
-0.0143782
-0.00821172
-0.00269265
-0.114138
-0.123596
-0.132873
-0.141951
-0.150819
-0.159479
-0.167938
-0.176202
-0.184282
-0.192184
-0.199919
-0.207494
-0.21492
-0.222197
-0.229318
-0.236316
-0.243023
-0.249862
-0.255867
-0.263788
-0.11095
-0.120094
-0.129059
-0.137841
-0.146437
-0.154851
-0.163086
-0.171147
-0.179042
-0.186774
-0.194351
-0.201777
-0.209052
-0.216194
-0.223147
-0.230069
-0.23658
-0.243615
-0.249519
-0.257769
-0.107856
-0.116641
-0.125255
-0.133702
-0.141981
-0.150093
-0.158041
-0.165829
-0.173459
-0.180937
-0.188263
-0.195451
-0.202483
-0.209419
-0.216145
-0.222958
-0.229315
-0.236363
-0.242326
-0.250288
-0.104833
-0.113284
-0.121586
-0.12974
-0.137746
-0.145603
-0.153313
-0.16088
-0.168305
-0.175595
-0.182744
-0.189779
-0.196663
-0.203497
-0.210108
-0.216874
-0.223167
-0.230078
-0.236105
-0.243507
-0.101907
-0.11004
-0.118041
-0.125913
-0.133654
-0.141265
-0.148747
-0.156105
-0.163337
-0.170455
-0.177447
-0.18435
-0.191107
-0.197848
-0.204353
-0.211018
-0.217221
-0.223889
-0.229899
-0.236817
-0.0990873
-0.106905
-0.114607
-0.122193
-0.129664
-0.13702
-0.144262
-0.151395
-0.158415
-0.165338
-0.172142
-0.178876
-0.185464
-0.192047
-0.198396
-0.204873
-0.210969
-0.217372
-0.223375
-0.229975
-0.096368
-0.103876
-0.11128
-0.118582
-0.125781
-0.132879
-0.139875
-0.146774
-0.15357
-0.160279
-0.166877
-0.173413
-0.179809
-0.186197
-0.192383
-0.198652
-0.204653
-0.210826
-0.2168
-0.223151
-0.0937491
-0.100953
-0.108064
-0.115086
-0.122017
-0.128857
-0.135606
-0.142268
-0.148836
-0.155326
-0.161713
-0.168044
-0.174249
-0.180438
-0.186468
-0.192532
-0.19842
-0.204371
-0.210241
-0.216355
-0.0912313
-0.0981389
-0.104964
-0.111709
-0.118374
-0.124959
-0.131461
-0.137885
-0.144224
-0.150492
-0.156667
-0.162787
-0.168801
-0.174783
-0.180646
-0.186496
-0.192232
-0.19796
-0.203678
-0.209568
-0.0888154
-0.0954343
-0.101979
-0.108454
-0.114857
-0.121188
-0.127444
-0.13363
-0.139739
-0.145782
-0.151742
-0.157645
-0.163459
-0.169227
-0.174903
-0.180536
-0.186096
-0.19161
-0.197155
-0.202825
-0.0865014
-0.0928399
-0.0991126
-0.105322
-0.111468
-0.117548
-0.123562
-0.12951
-0.135389
-0.141204
-0.146946
-0.15263
-0.158237
-0.163788
-0.169268
-0.174689
-0.18006
-0.185366
-0.190721
-0.196167
-0.0842887
-0.0903558
-0.0963641
-0.102316
-0.108209
-0.114044
-0.119818
-0.125532
-0.131181
-0.13677
-0.142294
-0.147757
-0.153155
-0.158491
-0.163769
-0.168979
-0.174151
-0.179248
-0.184401
-0.189623
-0.0821781
-0.0879832
-0.0937356
-0.0994365
-0.105085
-0.11068
-0.116218
-0.121701
-0.127124
-0.13249
-0.137795
-0.14304
-0.148226
-0.15335
-0.15842
-0.16342
-0.168387
-0.173276
-0.17822
-0.183222
-0.0801681
-0.0857218
-0.0912274
-0.0966859
-0.102096
-0.107458
-0.112767
-0.118023
-0.123224
-0.12837
-0.133459
-0.138489
-0.143464
-0.148376
-0.153238
-0.15803
-0.16279
-0.167473
-0.172205
-0.176987
-0.0782575
-0.0835714
-0.0888397
-0.0940646
-0.0992455
-0.104381
-0.109467
-0.114503
-0.119488
-0.124418
-0.129295
-0.134115
-0.138881
-0.143585
-0.14824
-0.152827
-0.157381
-0.161859
-0.166378
-0.170941
-0.0764505
-0.0815337
-0.0865744
-0.0915749
-0.0965348
-0.101452
-0.106323
-0.111146
-0.11592
-0.120642
-0.125312
-0.129926
-0.134488
-0.138989
-0.143441
-0.147827
-0.152176
-0.156454
-0.160761
-0.165107
-0.074747
-0.0796091
-0.0844325
-0.0892183
-0.0939662
-0.0986736
-0.103338
-0.107956
-0.112527
-0.117047
-0.121517
-0.125932
-0.130295
-0.1346
-0.138854
-0.143044
-0.147194
-0.151276
-0.155377
-0.159509
-0.0731439
-0.077796
-0.0824128
-0.0869946
-0.0915406
-0.0960481
-0.100514
-0.104937
-0.109312
-0.113639
-0.117917
-0.122141
-0.126313
-0.130427
-0.134491
-0.138492
-0.14245
-0.146342
-0.150244
-0.154169
-0.0716434
-0.0760967
-0.0805178
-0.0849061
-0.0892605
-0.0935781
-0.0978562
-0.102092
-0.106282
-0.110425
-0.114518
-0.11856
-0.12255
-0.126483
-0.130365
-0.134185
-0.13796
-0.14167
-0.145381
-0.149106
-0.0702448
-0.0745111
-0.0787478
-0.0829537
-0.0871272
-0.0912657
-0.0953659
-0.0994248
-0.10344
-0.107408
-0.111328
-0.115197
-0.119014
-0.122776
-0.126486
-0.130134
-0.133736
-0.137274
-0.140805
-0.144341
-0.0689489
-0.0730403
-0.0771043
-0.0811393
-0.0851434
-0.0891137
-0.0930471
-0.0969404
-0.100791
-0.104595
-0.108353
-0.112059
-0.115715
-0.119316
-0.122864
-0.126352
-0.129792
-0.133169
-0.136531
-0.13989
-0.067757
-0.0716859
-0.0755894
-0.0794653
-0.0833117
-0.0871256
-0.0909038
-0.0946429
-0.0983401
-0.101993
-0.105598
-0.109154
-0.11266
-0.116111
-0.11951
-0.12285
-0.12614
-0.129369
-0.132575
-0.135769
-0.0666708
-0.0704499
-0.0742053
-0.0779345
-0.0816355
-0.085305
-0.08894
-0.092537
-0.0960932
-0.0996057
-0.103072
-0.10649
-0.109858
-0.113173
-0.116435
-0.119639
-0.122793
-0.125887
-0.128951
-0.131996
-0.0656937
-0.0693362
-0.0729564
-0.0765519
-0.0801201
-0.0836581
-0.0871626
-0.0906303
-0.0940583
-0.0974436
-0.100784
-0.104077
-0.10732
-0.110512
-0.113651
-0.116734
-0.119766
-0.122738
-0.125677
-0.128588
-0.0648278
-0.0683472
-0.0718456
-0.0753204
-0.0787691
-0.0821888
-0.0855761
-0.0889278
-0.092241
-0.0955128
-0.0987409
-0.101923
-0.105056
-0.108139
-0.111171
-0.114147
-0.117072
-0.11994
-0.122768
-0.125564
-0.0640821
-0.067493
-0.070884
-0.0742525
-0.0775957
-0.080911
-0.0841951
-0.0874448
-0.0906573
-0.0938298
-0.0969598
-0.100045
-0.103083
-0.106072
-0.109011
-0.111897
-0.114732
-0.117511
-0.120247
-0.122945
-0.0634552
-0.0667716
-0.0700693
-0.0733457
-0.0765984
-0.0798244
-0.0830206
-0.086184
-0.0893117
-0.0924009
-0.0954494
-0.0984547
-0.101415
-0.104328
-0.107192
-0.110005
-0.112768
-0.115477
-0.11814
-0.120761
-0.0629742
-0.0662138
-0.0694351
-0.0726351
-0.0758118
-0.0789626
-0.0820849
-0.0851758
-0.0882326
-0.0912527
-0.094234
-0.0971741
-0.100071
-0.102923
-0.105729
-0.108486
-0.111195
-0.113853
-0.116465
-0.119031
-0.062616
-0.0657945
-0.0689567
-0.0721002
-0.0752225
-0.0783206
-0.0813916
-0.0844329
-0.0874418
-0.0904159
-0.0933531
-0.0962511
-0.0991082
-0.101922
-0.104692
-0.107415
-0.110092
-0.112719
-0.1153
-0.117832
-0.0624563
-0.0655888
-0.0687033
-0.0717977
-0.0748709
-0.0779216
-0.0809475
-0.0839462
-0.0869155
-0.0898532
-0.0927576
-0.0956266
-0.0984587
-0.101252
-0.104006
-0.106718
-0.109388
-0.112014
-0.114597
-0.117136
0.107689
0.0966338
0.0854957
0.0744801
0.0630071
0.0513073
0.0395775
0.0278417
0.0161138
0.00442939
-0.00716737
-0.0186445
-0.0299736
-0.0411245
-0.0520706
-0.062862
-0.0738533
-0.0844223
-0.0945907
-0.104483
0.102984
0.0914567
0.0798844
0.0691393
0.0580939
0.0468334
0.0355971
0.0243916
0.0132081
0.00207631
-0.00897066
-0.0199099
-0.0307229
-0.041405
-0.0519678
-0.062392
-0.0724166
-0.0823699
-0.0921099
-0.101624
0.0972431
0.0859391
0.0743677
0.0640588
0.0536015
0.0428501
0.0321142
0.0214347
0.0107832
0.000179673
-0.0103438
-0.020762
-0.0310552
-0.0412091
-0.0512122
-0.0610385
-0.0707494
-0.0803539
-0.0897385
-0.0988943
0.0911811
0.0804285
0.0690032
0.0590466
0.0491411
0.0388941
0.0286391
0.0184716
0.00834748
-0.00173214
-0.011738
-0.0216455
-0.0314386
-0.0411114
-0.0506599
-0.0600701
-0.0692938
-0.0784394
-0.0874274
-0.0962208
0.0850447
0.074911
0.0637687
0.0541569
0.044798
0.0350846
0.0253131
0.0156404
0.00602622
-0.00354823
-0.0130586
-0.022478
-0.0317913
-0.0409937
-0.0500782
-0.0590318
-0.0678439
-0.0765865
-0.0851948
-0.0936328
0.0789457
0.0694332
0.0586855
0.0494221
0.0405746
0.0313946
0.0221025
0.0129044
0.0037811
-0.00530296
-0.0143331
-0.0232811
-0.032132
-0.0408835
-0.0495308
-0.0580654
-0.0664738
-0.0748191
-0.0830532
-0.0911423
0.0729449
0.0640301
0.0537538
0.0448538
0.0364838
0.0278293
0.0190167
0.0102783
0.0016254
-0.00698575
-0.0155527
-0.0240481
-0.0324565
-0.040776
-0.0490034
-0.0571325
-0.0651554
-0.0731234
-0.0809968
-0.0887459
0.0670919
0.0587452
0.0489859
0.0404646
0.0325405
0.024392
0.0160538
0.00776099
-0.000443061
-0.00860094
-0.0167221
-0.0247833
-0.0327682
-0.0406749
-0.0485015
-0.0562437
-0.0638961
-0.071501
-0.0790252
-0.0864428
0.0614236
0.0536123
0.0443904
0.0362585
0.0287534
0.0210862
0.0132128
0.00535309
-0.00242249
-0.0101478
-0.0178414
-0.0254866
-0.0330673
-0.0405801
-0.048024
-0.055396
-0.0626929
-0.0699494
-0.0771369
-0.0842328
0.0559645
0.0486557
0.0399752
0.0322384
0.0251294
0.017916
0.0104934
0.0030539
-0.00431254
-0.0116268
-0.0189122
-0.0261598
-0.0333549
-0.0404925
-0.0475715
-0.0545898
-0.0615455
-0.068468
-0.0753313
-0.0821159
0.0507302
0.0438925
0.0357466
0.0284056
0.0216723
0.0148849
0.00789502
0.000861949
-0.00611359
-0.0130381
-0.0199354
-0.0268039
-0.0336316
-0.0404122
-0.0471437
-0.0538247
-0.0604539
-0.0670563
-0.0736078
-0.0800915
0.0457319
0.0393351
0.0317098
0.0247606
0.0183845
0.0119956
0.0054177
-0.00122429
-0.0078265
-0.0143818
-0.0209117
-0.0274201
-0.0338985
-0.0403396
-0.0467402
-0.0530986
-0.0594147
-0.0657116
-0.0719645
-0.0781587
0.0409769
0.034992
0.0278684
0.0213034
0.0152669
0.00924971
0.0030613
-0.00320644
-0.00945261
-0.0156587
-0.0218416
-0.0280089
-0.0341557
-0.040275
-0.0463626
-0.0524165
-0.0584364
-0.0644398
-0.0704038
-0.076318
0.0364702
0.0308688
0.0242244
0.0180333
0.0123195
0.00664819
0.000825619
-0.00508607
-0.0109935
-0.0168697
-0.0227259
-0.0285714
-0.0344042
-0.040217
-0.0460035
-0.0517601
-0.057489
-0.0632207
-0.0689154
-0.0745651
0.0322146
0.0269692
0.0207789
0.0149488
0.00954132
0.00419132
-0.00128959
-0.00686452
-0.0124506
-0.0180156
-0.0235648
-0.0291083
-0.0346467
-0.0401752
-0.0456894
-0.0511856
-0.0566565
-0.0620768
-0.0674955
-0.0728962
0.0282111
0.0232949
0.017532
0.0120481
0.00693084
0.00187878
-0.00328469
-0.00854302
-0.0138255
-0.0190972
-0.0243583
-0.0296174
-0.0348765
-0.0401311
-0.0453749
-0.0506026
-0.0558089
-0.060988
-0.0661638
-0.0713241
0.0244595
0.0198468
0.0144831
0.00932891
0.00448601
-0.000290195
-0.00516013
-0.0101226
-0.0151193
-0.0201154
-0.0251066
-0.0300994
-0.0350967
-0.0400948
-0.0450878
-0.0500702
-0.0550367
-0.0599804
-0.0649199
-0.0698472
0.0209587
0.0166245
0.0116313
0.00678883
0.00220444
-0.00231678
-0.0069165
-0.0116042
-0.0163336
-0.0210714
-0.0258103
-0.0305546
-0.0353066
-0.0400636
-0.0448198
-0.0495697
-0.0543081
-0.0590307
-0.0637498
-0.0684586
0.017707
0.0136272
0.00897539
0.00442539
8.35499e-05
-0.00420248
-0.00855452
-0.0129886
-0.0174692
-0.0219663
-0.0264703
-0.0309833
-0.035507
-0.040039
-0.0445743
-0.0491072
-0.0536327
-0.0581466
-0.0626579
-0.0671606
0.0147026
0.010854
0.00651418
0.00223631
-0.00187921
-0.00594898
-0.010075
-0.0142766
-0.0185274
-0.0228012
-0.0270874
-0.031386
-0.035698
-0.040021
-0.0443504
-0.0486807
-0.0530071
-0.0573256
-0.0616423
-0.0659522
0.0119436
0.00830354
0.00424665
0.000219645
-0.0036862
-0.00755796
-0.0114789
-0.0154688
-0.0195088
-0.0235769
-0.0276623
-0.0317633
-0.0358799
-0.0400098
-0.0441485
-0.048291
-0.0524323
-0.0565686
-0.060704
-0.0648339
0.00942869
0.00597519
0.00217223
-0.00162599
-0.00533931
-0.00903094
-0.0127668
-0.0165656
-0.020414
-0.0242941
-0.0281957
-0.0321157
-0.0360533
-0.0400057
-0.0439691
-0.0479384
-0.0519088
-0.0558764
-0.0598438
-0.0638068
0.00715735
0.00386882
0.000291059
-0.00330119
-0.00683979
-0.010369
-0.0139393
-0.0175671
-0.0212432
-0.0249532
-0.028688
-0.0324436
-0.0362182
-0.040009
-0.0438122
-0.0476229
-0.0514367
-0.0552495
-0.0590626
-0.0628723
0.00513048
0.00198546
-0.00139565
-0.00480543
-0.0081879
-0.0115726
-0.0149966
-0.0184733
-0.0219964
-0.0255547
-0.02914
-0.032748
-0.0363762
-0.0400216
-0.0436803
-0.0473477
-0.0510194
-0.0546913
-0.0583637
-0.0620335
0.00335083
0.000327771
-0.00288521
-0.00613678
-0.00938257
-0.0126409
-0.0159378
-0.0192831
-0.0226725
-0.0260973
-0.0295505
-0.0330276
-0.0365255
-0.0400412
-0.0435707
-0.0471099
-0.0506543
-0.0542004
-0.0577473
-0.061292
0.00182379
-0.00109929
-0.004173
-0.00729169
-0.0104216
-0.0135729
-0.0167624
-0.0199968
-0.0232729
-0.0265839
-0.0299238
-0.0332884
-0.0366741
-0.0400777
-0.0434953
-0.0469226
-0.0503552
-0.0537892
-0.0572236
-0.0606564
0.000558426
-0.00228721
-0.00525078
-0.00826263
-0.0112982
-0.0143618
-0.0174632
-0.0206062
-0.023788
-0.0270035
-0.0302476
-0.0335161
-0.0368057
-0.0401129
-0.043434
-0.0467652
-0.0501027
-0.0534431
-0.0567846
-0.0601239
-0.000432647
-0.00322546
-0.00611042
-0.00904491
-0.0120119
-0.0150119
-0.0180492
-0.0211253
-0.0242375
-0.0273815
-0.0305531
-0.0337483
-0.0369635
-0.0401952
-0.0434396
-0.0466926
-0.0499501
-0.0532082
-0.0564655
-0.0597222
-0.00112569
-0.00388892
-0.0067245
-0.00960781
-0.0125274
-0.0154816
-0.0184718
-0.0214977
-0.024557
-0.0276462
-0.0307616
-0.0338997
-0.0370571
-0.0402306
-0.0434167
-0.0466121
-0.0498134
-0.0530176
-0.0562221
-0.0594235
-0.00150392
-0.00427184
-0.00710374
-0.0099831
-0.0128997
-0.0158497
-0.0188322
-0.0218458
-0.0248882
-0.027956
-0.0310458
-0.0341544
-0.0372783
-0.0404143
-0.0435592
-0.0467096
-0.049862
-0.0530132
-0.0561624
-0.0593114
0.117192
0.118625
0.120809
0.123864
0.127167
0.130842
0.134149
0.137297
0.139353
0.140744
0.140245
0.138706
0.134436
0.128792
0.118321
0.116257
0.117583
0.11959
0.122384
0.12535
0.128597
0.131406
0.133957
0.135372
0.136003
0.134789
0.132362
0.127488
0.120845
0.111754
0.115253
0.116465
0.118285
0.1208
0.123413
0.126214
0.128514
0.130462
0.131252
0.131161
0.129314
0.126129
0.120848
0.11375
0.105193
0.114176
0.115269
0.116889
0.11911
0.121356
0.123694
0.125474
0.126806
0.126978
0.126175
0.123732
0.119859
0.114216
0.10681
0.0983817
0.113023
0.11399
0.115404
0.117319
0.119188
0.12105
0.122308
0.123022
0.122591
0.121103
0.118099
0.113624
0.107643
0.100049
0.0916967
0.111791
0.112627
0.113828
0.115425
0.116911
0.118287
0.119025
0.119128
0.118114
0.115979
0.112453
0.107473
0.101193
0.0935099
0.0852517
0.110477
0.111178
0.112158
0.113428
0.114523
0.11541
0.115632
0.115135
0.11356
0.110826
0.106819
0.101422
0.0948929
0.087182
0.0790333
0.109078
0.10964
0.110394
0.111328
0.112029
0.112423
0.112135
0.111058
0.108945
0.105664
0.101219
0.0954812
0.0887547
0.0810499
0.0730241
0.107595
0.108013
0.108536
0.109127
0.109431
0.109335
0.108545
0.106911
0.104288
0.100514
0.0956744
0.0896613
0.0827884
0.0751138
0.0672256
0.106025
0.106294
0.106583
0.106827
0.106733
0.106154
0.104874
0.102713
0.0996079
0.0953939
0.0902089
0.083976
0.0770048
0.0693825
0.0616462
0.104368
0.104487
0.104538
0.104433
0.103943
0.102892
0.101136
0.0984803
0.0949271
0.0903248
0.0848432
0.0784394
0.071414
0.0638662
0.0562935
0.102627
0.102592
0.102404
0.101951
0.101069
0.0995604
0.0973468
0.0942315
0.090267
0.0853259
0.0795966
0.0730663
0.0660253
0.058574
0.0511745
0.100802
0.100613
0.100185
0.0993893
0.0981207
0.0961736
0.0935235
0.0899857
0.0856493
0.0804168
0.0744869
0.0678707
0.0608478
0.0535135
0.0462952
0.0988976
0.0985548
0.097888
0.0967566
0.0951107
0.0927468
0.0896851
0.0857629
0.0810955
0.0756168
0.0695307
0.0628659
0.0558901
0.0486909
0.0416605
0.0969195
0.096425
0.0955211
0.0940644
0.0920531
0.089297
0.0858517
0.0815836
0.0766269
0.0709451
0.0647436
0.0580641
0.0511599
0.0441113
0.037274
0.0948749
0.0942323
0.093095
0.0913258
0.0889643
0.0858426
0.0820444
0.077469
0.0722641
0.06642
0.0601402
0.053476
0.0466646
0.0397787
0.0331377
0.0927734
0.091988
0.0906227
0.0885563
0.0858627
0.0824036
0.0782851
0.0734409
0.0680276
0.0620591
0.0557344
0.0491116
0.0424102
0.0356961
0.0292527
0.0906272
0.0897057
0.0881197
0.0857733
0.0827685
0.0790017
0.0745968
0.0695211
0.0639374
0.0578794
0.0515392
0.0449798
0.0384022
0.0318657
0.0256191
0.0884512
0.0874017
0.0856044
0.0829968
0.0797042
0.0756599
0.071003
0.0657319
0.0600132
0.0538971
0.0475669
0.0410888
0.0346452
0.0282892
0.0222367
0.0862634
0.0850951
0.0830981
0.0802494
0.0766941
0.0724032
0.0675281
0.062096
0.0562746
0.050128
0.0438293
0.0374465
0.0311436
0.024968
0.0191049
0.0840851
0.0828081
0.0806248
0.0775562
0.0737647
0.0692578
0.0641976
0.0586361
0.0527412
0.0465877
0.0403379
0.0340604
0.0279016
0.0219036
0.0162232
0.0819414
0.0805663
0.0782121
0.0749454
0.0709447
0.0662519
0.0610376
0.055376
0.049433
0.0432921
0.0371046
0.0309385
0.0249238
0.0190978
0.0135917
0.079861
0.0783988
0.0758905
0.0724479
0.0682652
0.0634154
0.0580761
0.0523401
0.0463707
0.0402576
0.0341415
0.0280893
0.0222156
0.0165535
0.0112113
0.077877
0.0763387
0.0736942
0.0700982
0.06576
0.0607804
0.0553425
0.0495543
0.043576
0.0375018
0.0314623
0.0255226
0.0197836
0.0142749
0.00908433
0.0760266
0.0744232
0.0716611
0.0679342
0.063466
0.0583817
0.0528685
0.0470466
0.0410728
0.0350443
0.0290823
0.0232502
0.0176368
0.0122682
0.00721508
0.0743517
0.0726941
0.0698333
0.0659975
0.0614235
0.0562572
0.0506888
0.0448478
0.0388876
0.0329072
0.0270199
0.0212868
0.0157866
0.0105425
0.00561067
0.0728989
0.0711976
0.0682569
0.064334
0.0596772
0.054449
0.0488419
0.0429926
0.0370509
0.031117
0.0252973
0.0196512
0.0142486
0.00911064
0.00428176
0.0717197
0.0699851
0.0669834
0.0629945
0.0582763
0.0530041
0.0473717
0.0415208
0.0355985
0.0297052
0.0239422
0.0183673
0.0130436
0.00799081
0.00324383
0.0708708
0.069113
0.0660691
0.0620355
0.0572762
0.0519758
0.0463286
0.0404796
0.0345735
0.0287112
0.0229898
0.0174663
0.0121992
0.00720735
0.00251974
0.0704139
0.0686441
0.0655771
0.0615202
0.0567397
0.0514253
0.0457711
0.0399245
0.0340281
0.0281834
0.0224848
0.0169895
0.0117529
0.00679348
0.00213587
0.129354
0.131507
0.134929
0.139999
0.146061
0.153386
0.161537
0.17066
0.180466
0.191051
0.202147
0.213817
0.225783
0.238122
0.250522
0.129288
0.131436
0.134851
0.139912
0.14596
0.153268
0.161391
0.170486
0.180251
0.190792
0.201829
0.213436
0.225321
0.237576
0.249861
0.129154
0.131294
0.134697
0.139739
0.145758
0.153034
0.1611
0.170139
0.179823
0.190276
0.201194
0.212675
0.224397
0.236484
0.248537
0.128955
0.131083
0.134467
0.13948
0.145455
0.152681
0.160666
0.16962
0.179183
0.189504
0.200245
0.211535
0.22301
0.234842
0.246547
0.12869
0.130803
0.134162
0.139136
0.145058
0.152216
0.16009
0.168933
0.178333
0.188481
0.198984
0.21002
0.221164
0.232653
0.243891
0.128362
0.130455
0.133783
0.138709
0.144555
0.151632
0.159375
0.16808
0.177278
0.18721
0.197414
0.208134
0.218859
0.229917
0.24057
0.127971
0.130041
0.133332
0.138203
0.143976
0.150941
0.158523
0.167063
0.17602
0.185694
0.195539
0.20588
0.216099
0.226641
0.236591
0.127519
0.129563
0.132812
0.137615
0.143269
0.150131
0.157539
0.165887
0.174563
0.183938
0.193364
0.203265
0.212891
0.22283
0.231961
0.127007
0.129022
0.132224
0.136961
0.142536
0.149214
0.156426
0.164555
0.172912
0.181947
0.190892
0.200294
0.20924
0.218495
0.226691
0.126439
0.128422
0.131572
0.136221
0.141653
0.14819
0.155188
0.16307
0.17107
0.179725
0.188129
0.196975
0.205154
0.213646
0.220798
0.125815
0.127763
0.130857
0.135416
0.140721
0.147071
0.153831
0.161436
0.169046
0.177278
0.185082
0.193315
0.20064
0.208298
0.214298
0.125139
0.12705
0.130083
0.134526
0.139689
0.145851
0.152357
0.159656
0.166843
0.17461
0.181757
0.189325
0.195709
0.202466
0.207211
0.124413
0.126285
0.129254
0.133593
0.138582
0.14454
0.150774
0.157735
0.164469
0.171726
0.178163
0.185011
0.19037
0.196169
0.199559
0.123639
0.12547
0.128377
0.132587
0.137398
0.143138
0.149083
0.155677
0.16193
0.168629
0.17431
0.180383
0.184634
0.189427
0.191361
0.12282
0.12461
0.127422
0.131508
0.136148
0.141652
0.14729
0.153486
0.159233
0.165324
0.170209
0.175444
0.178515
0.18226
0.182637
0.121959
0.123711
0.126469
0.130374
0.134833
0.140086
0.145401
0.151172
0.156387
0.161819
0.165874
0.1702
0.172029
0.174686
0.173395
0.12106
0.122757
0.125413
0.129189
0.133456
0.138443
0.143414
0.148731
0.153387
0.15811
0.16131
0.164648
0.165202
0.166715
0.163644
0.120125
0.121784
0.124335
0.127958
0.132024
0.136736
0.14135
0.146197
0.15027
0.154236
0.156546
0.158798
0.158053
0.158326
0.153363
0.119152
0.120759
0.123211
0.126675
0.130522
0.134929
0.139152
0.143485
0.146939
0.150115
0.151537
0.152632
0.150652
0.149489
0.142566
0.118159
0.119705
0.12207
0.1254
0.129056
0.133204
0.137067
0.140921
0.143729
0.146054
0.146452
0.146257
0.142893
0.140102
0.131193
0.118159
0.119705
0.12207
0.1254
0.129056
0.133205
0.137067
0.140921
0.143729
0.146054
0.146452
0.146257
0.142893
0.140102
0.131193
0.119152
0.120759
0.123211
0.126675
0.130522
0.134929
0.139152
0.143486
0.146939
0.150115
0.151537
0.152632
0.150653
0.149489
0.142566
0.120125
0.121784
0.124335
0.127958
0.132024
0.136736
0.14135
0.146197
0.15027
0.154236
0.156546
0.158798
0.158053
0.158326
0.153363
0.12106
0.122757
0.125413
0.129189
0.133456
0.138443
0.143414
0.148731
0.153387
0.15811
0.16131
0.164648
0.165202
0.166716
0.163644
0.121959
0.123711
0.126469
0.130375
0.134833
0.140086
0.145401
0.151172
0.156387
0.161819
0.165874
0.1702
0.172029
0.174686
0.173395
0.12282
0.12461
0.127422
0.131508
0.136148
0.141652
0.14729
0.153487
0.159233
0.165324
0.170209
0.175444
0.178515
0.18226
0.182637
0.123639
0.12547
0.128377
0.132587
0.137398
0.143138
0.149083
0.155677
0.161931
0.168629
0.17431
0.180383
0.184634
0.189427
0.191361
0.124413
0.126285
0.129254
0.133593
0.138582
0.14454
0.150774
0.157735
0.164469
0.171726
0.178163
0.185011
0.19037
0.196169
0.199559
0.125139
0.12705
0.130083
0.134526
0.139689
0.145851
0.152357
0.159656
0.166843
0.17461
0.181757
0.189325
0.195709
0.202466
0.207211
0.125815
0.127763
0.130857
0.135416
0.140721
0.147071
0.153831
0.161436
0.169046
0.177278
0.185082
0.193316
0.20064
0.208298
0.214298
0.126439
0.128422
0.131572
0.136221
0.141653
0.14819
0.155188
0.16307
0.17107
0.179725
0.188129
0.196975
0.205154
0.213646
0.220798
0.127007
0.129022
0.132224
0.136961
0.142536
0.149214
0.156426
0.164555
0.172912
0.181947
0.190892
0.200294
0.20924
0.218495
0.226691
0.127519
0.129563
0.132812
0.137615
0.143269
0.150131
0.157539
0.165887
0.174563
0.183938
0.193364
0.203265
0.212891
0.22283
0.231961
0.127971
0.130041
0.133332
0.138203
0.143976
0.150941
0.158523
0.167063
0.17602
0.185694
0.195539
0.20588
0.216099
0.226641
0.236591
0.128362
0.130455
0.133783
0.138709
0.144556
0.151632
0.159375
0.16808
0.177278
0.18721
0.197414
0.208134
0.218859
0.229917
0.24057
0.12869
0.130803
0.134162
0.139136
0.145058
0.152216
0.16009
0.168933
0.178333
0.188481
0.198984
0.210021
0.221164
0.232653
0.243891
0.128955
0.131083
0.134467
0.13948
0.145455
0.152681
0.160666
0.16962
0.179183
0.189504
0.200245
0.211535
0.22301
0.234842
0.246547
0.129154
0.131294
0.134697
0.139739
0.145758
0.153034
0.1611
0.170139
0.179823
0.190276
0.201194
0.212675
0.224397
0.236484
0.248537
0.129288
0.131436
0.134851
0.139912
0.14596
0.153268
0.161391
0.170486
0.180251
0.190792
0.201829
0.213436
0.225321
0.237576
0.249861
0.129354
0.131507
0.134929
0.139999
0.146061
0.153386
0.161537
0.17066
0.180466
0.191051
0.202147
0.213817
0.225783
0.238122
0.250522
0.070414
0.0686442
0.0655773
0.0615203
0.0567398
0.0514254
0.0457712
0.0399246
0.0340282
0.0281835
0.022485
0.0169897
0.011753
0.0067936
0.002136
0.0708709
0.0691131
0.0660692
0.0620356
0.0572763
0.0519759
0.0463287
0.0404797
0.0345736
0.0287113
0.0229899
0.0174664
0.0121994
0.00720748
0.00251987
0.0717198
0.0699852
0.0669835
0.0629946
0.0582764
0.0530042
0.0473719
0.0415209
0.0355986
0.0297054
0.0239423
0.0183674
0.0130438
0.00799094
0.00324396
0.072899
0.0711977
0.068257
0.0643342
0.0596773
0.0544491
0.048842
0.0429927
0.037051
0.0311171
0.0252974
0.0196513
0.0142487
0.00911077
0.00428189
0.0743518
0.0726942
0.0698334
0.0659976
0.0614236
0.0562573
0.0506889
0.0448479
0.0388878
0.0329074
0.02702
0.021287
0.0157867
0.0105426
0.0056108
0.0760267
0.0744233
0.0716612
0.0679343
0.0634661
0.0583818
0.0528686
0.0470467
0.0410729
0.0350444
0.0290824
0.0232503
0.0176369
0.0122683
0.00721522
0.0778771
0.0763388
0.0736943
0.0700983
0.0657601
0.0607805
0.0553427
0.0495544
0.0435761
0.037502
0.0314624
0.0255227
0.0197838
0.014275
0.00908447
0.0798611
0.0783989
0.0758906
0.072448
0.0682653
0.0634155
0.0580763
0.0523402
0.0463708
0.0402577
0.0341416
0.0280894
0.0222157
0.0165537
0.0112115
0.0819414
0.0805664
0.0782122
0.0749455
0.0709448
0.066252
0.0610377
0.0553761
0.0494331
0.0432922
0.0371047
0.0309387
0.0249239
0.019098
0.0135919
0.0840852
0.0828082
0.0806249
0.0775563
0.0737648
0.0692579
0.0641977
0.0586363
0.0527413
0.0465878
0.040338
0.0340606
0.0279017
0.0219037
0.0162234
0.0862635
0.0850952
0.0830982
0.0802495
0.0766942
0.0724033
0.0675283
0.0620961
0.0562747
0.0501281
0.0438294
0.0374466
0.0311437
0.0249682
0.019105
0.0884513
0.0874018
0.0856045
0.0829969
0.0797043
0.07566
0.0710031
0.065732
0.0600133
0.0538972
0.047567
0.0410889
0.0346453
0.0282894
0.0222369
0.0906273
0.0897058
0.0881198
0.0857734
0.0827686
0.0790018
0.0745969
0.0695212
0.0639375
0.0578795
0.0515393
0.0449799
0.0384023
0.0318659
0.0256192
0.0927735
0.0919881
0.0906228
0.0885563
0.0858627
0.0824037
0.0782852
0.073441
0.0680277
0.0620592
0.0557345
0.0491117
0.0424103
0.0356963
0.0292528
0.094875
0.0942324
0.0930951
0.0913259
0.0889644
0.0858427
0.0820445
0.0774691
0.0722642
0.0664201
0.0601403
0.0534761
0.0466647
0.0397789
0.0331378
0.0969196
0.0964251
0.0955212
0.0940644
0.0920532
0.0892971
0.0858518
0.0815837
0.076627
0.0709452
0.0647437
0.0580642
0.0511601
0.0441115
0.0372741
0.0988977
0.0985549
0.097888
0.0967567
0.0951108
0.0927469
0.0896852
0.085763
0.0810956
0.0756169
0.0695308
0.0628661
0.0558902
0.0486911
0.0416607
0.100802
0.100613
0.100185
0.0993894
0.0981208
0.0961737
0.0935236
0.0899858
0.0856494
0.0804169
0.074487
0.0678708
0.060848
0.0535136
0.0462953
0.102627
0.102592
0.102404
0.101951
0.101069
0.0995605
0.0973469
0.0942315
0.0902671
0.085326
0.0795967
0.0730664
0.0660254
0.0585742
0.0511746
0.104369
0.104487
0.104538
0.104433
0.103943
0.102892
0.101136
0.0984804
0.0949272
0.0903249
0.0848433
0.0784396
0.0714141
0.0638663
0.0562936
0.106025
0.106295
0.106583
0.106827
0.106733
0.106154
0.104874
0.102713
0.099608
0.095394
0.090209
0.0839761
0.077005
0.0693826
0.0616463
0.107595
0.108013
0.108536
0.109127
0.109431
0.109335
0.108545
0.106912
0.104288
0.100514
0.0956745
0.0896614
0.0827885
0.0751139
0.0672257
0.109079
0.10964
0.110394
0.111328
0.112029
0.112424
0.112135
0.111058
0.108945
0.105665
0.101219
0.0954813
0.0887548
0.08105
0.0730242
0.110477
0.111178
0.112158
0.113428
0.114524
0.11541
0.115632
0.115135
0.11356
0.110826
0.106819
0.101422
0.094893
0.0871821
0.0790334
0.111791
0.112628
0.113828
0.115425
0.116911
0.118287
0.119025
0.119128
0.118114
0.115979
0.112453
0.107473
0.101193
0.09351
0.0852518
0.113023
0.11399
0.115404
0.117319
0.119188
0.12105
0.122308
0.123022
0.122591
0.121103
0.118099
0.113624
0.107643
0.100049
0.0916968
0.114176
0.115269
0.116889
0.11911
0.121356
0.123694
0.125474
0.126806
0.126978
0.126176
0.123732
0.119859
0.114216
0.10681
0.0983818
0.115253
0.116465
0.118285
0.1208
0.123413
0.126215
0.128514
0.130463
0.131252
0.131161
0.129314
0.126129
0.120848
0.11375
0.105193
0.116257
0.117583
0.119591
0.122384
0.12535
0.128597
0.131406
0.133957
0.135372
0.136003
0.134789
0.132362
0.127488
0.120845
0.111754
0.117192
0.118625
0.12081
0.123865
0.127167
0.130842
0.134149
0.137297
0.139353
0.140744
0.140245
0.138706
0.134436
0.128792
0.118322
-0.00150379
-0.00427171
-0.00710361
-0.00998297
-0.0128995
-0.0158496
-0.0188321
-0.0218457
-0.024888
-0.0279559
-0.0310457
-0.0341542
-0.0372781
-0.0404142
-0.0435591
-0.0467095
-0.0498618
-0.0530131
-0.0561623
-0.0593113
-0.00112556
-0.00388879
-0.00672437
-0.00960768
-0.0125272
-0.0154815
-0.0184717
-0.0214976
-0.0245569
-0.0276461
-0.0307615
-0.0338996
-0.037057
-0.0402305
-0.0434166
-0.0466119
-0.0498133
-0.0530175
-0.056222
-0.0594234
-0.000432517
-0.00322533
-0.00611029
-0.00904478
-0.0120118
-0.0150117
-0.0180491
-0.0211251
-0.0242373
-0.0273814
-0.030553
-0.0337481
-0.0369634
-0.0401951
-0.0434394
-0.0466925
-0.04995
-0.0532081
-0.0564654
-0.0597221
0.000558557
-0.00228708
-0.00525065
-0.0082625
-0.0112981
-0.0143617
-0.0174631
-0.0206061
-0.0237879
-0.0270034
-0.0302475
-0.033516
-0.0368056
-0.0401127
-0.0434338
-0.0467651
-0.0501026
-0.053443
-0.0567845
-0.0601238
0.00182392
-0.00109916
-0.00417287
-0.00729156
-0.0104215
-0.0135728
-0.0167623
-0.0199967
-0.0232728
-0.0265838
-0.0299237
-0.0332882
-0.036674
-0.0400776
-0.0434951
-0.0469224
-0.0503551
-0.0537891
-0.0572234
-0.0606563
0.00335096
0.000327904
-0.00288508
-0.00613665
-0.00938244
-0.0126408
-0.0159377
-0.019283
-0.0226724
-0.0260972
-0.0295503
-0.0330274
-0.0365254
-0.0400411
-0.0435706
-0.0471097
-0.0506542
-0.0542003
-0.0577472
-0.0612919
0.00513062
0.00198559
-0.00139552
-0.0048053
-0.00818776
-0.0115724
-0.0149965
-0.0184732
-0.0219963
-0.0255546
-0.0291398
-0.0327478
-0.036376
-0.0400214
-0.0436801
-0.0473476
-0.0510193
-0.0546912
-0.0583636
-0.0620334
0.00715749
0.00386895
0.000291194
-0.00330105
-0.00683965
-0.0103689
-0.0139392
-0.0175669
-0.021243
-0.0249531
-0.0286878
-0.0324434
-0.036218
-0.0400089
-0.043812
-0.0476228
-0.0514366
-0.0552494
-0.0590625
-0.0628722
0.00942882
0.00597532
0.00217237
-0.00162586
-0.00533917
-0.0090308
-0.0127666
-0.0165654
-0.0204139
-0.0242939
-0.0281955
-0.0321156
-0.0360531
-0.0400056
-0.0439689
-0.0479382
-0.0519087
-0.0558763
-0.0598437
-0.0638067
0.0119438
0.00830368
0.00424679
0.000219781
-0.00368606
-0.00755783
-0.0114787
-0.0154687
-0.0195087
-0.0235767
-0.0276622
-0.0317632
-0.0358798
-0.0400096
-0.0441484
-0.0482908
-0.0524322
-0.0565685
-0.0607039
-0.0648337
0.0147028
0.0108541
0.00651432
0.00223645
-0.00187907
-0.00594884
-0.0100749
-0.0142765
-0.0185273
-0.022801
-0.0270873
-0.0313859
-0.0356978
-0.0400209
-0.0443502
-0.0486806
-0.053007
-0.0573254
-0.0616422
-0.065952
0.0177072
0.0136274
0.00897552
0.00442553
8.36879e-05
-0.00420234
-0.00855438
-0.0129885
-0.0174691
-0.0219662
-0.0264702
-0.0309831
-0.0355069
-0.0400389
-0.0445742
-0.049107
-0.0536325
-0.0581464
-0.0626577
-0.0671605
0.0209588
0.0166246
0.0116314
0.00678897
0.00220457
-0.00231664
-0.00691636
-0.0116041
-0.0163334
-0.0210713
-0.0258102
-0.0305544
-0.0353065
-0.0400634
-0.0448197
-0.0495695
-0.054308
-0.0590305
-0.0637497
-0.0684585
0.0244596
0.0198469
0.0144832
0.00932905
0.00448615
-0.000290055
-0.00515999
-0.0101225
-0.0151192
-0.0201153
-0.0251064
-0.0300993
-0.0350966
-0.0400946
-0.0450877
-0.0500701
-0.0550365
-0.0599802
-0.0649197
-0.069847
0.0282112
0.0232951
0.0175321
0.0120482
0.00693098
0.00187892
-0.00328455
-0.00854288
-0.0138253
-0.019097
-0.0243581
-0.0296172
-0.0348764
-0.0401309
-0.0453748
-0.0506025
-0.0558087
-0.0609878
-0.0661636
-0.0713239
0.0322147
0.0269693
0.020779
0.0149489
0.00954146
0.00419145
-0.00128945
-0.00686438
-0.0124505
-0.0180155
-0.0235647
-0.0291081
-0.0346465
-0.0401751
-0.0456893
-0.0511854
-0.0566563
-0.0620767
-0.0674953
-0.072896
0.0364703
0.030869
0.0242246
0.0180334
0.0123196
0.00664833
0.00082576
-0.00508592
-0.0109934
-0.0168696
-0.0227257
-0.0285713
-0.0344041
-0.0402168
-0.0460033
-0.05176
-0.0574889
-0.0632205
-0.0689152
-0.074565
0.040977
0.0349921
0.0278685
0.0213035
0.0152671
0.00924985
0.00306144
-0.0032063
-0.00945246
-0.0156586
-0.0218414
-0.0280088
-0.0341556
-0.0402748
-0.0463624
-0.0524164
-0.0584362
-0.0644396
-0.0704036
-0.0763178
0.045732
0.0393353
0.03171
0.0247607
0.0183846
0.0119957
0.00541784
-0.00122414
-0.00782636
-0.0143817
-0.0209116
-0.02742
-0.0338983
-0.0403394
-0.04674
-0.0530985
-0.0594146
-0.0657115
-0.0719644
-0.0781585
0.0507304
0.0438927
0.0357467
0.0284057
0.0216724
0.0148851
0.00789516
0.00086209
-0.00611345
-0.0130379
-0.0199353
-0.0268038
-0.0336315
-0.0404121
-0.0471436
-0.0538245
-0.0604538
-0.0670561
-0.0736077
-0.0800914
0.0559646
0.0486558
0.0399753
0.0322386
0.0251295
0.0179161
0.0104935
0.00305404
-0.0043124
-0.0116267
-0.0189121
-0.0261596
-0.0333547
-0.0404923
-0.0475713
-0.0545897
-0.0615454
-0.0684678
-0.0753312
-0.0821157
0.0614237
0.0536124
0.0443906
0.0362587
0.0287536
0.0210863
0.013213
0.00535323
-0.00242235
-0.0101477
-0.0178413
-0.0254864
-0.0330671
-0.0405799
-0.0480238
-0.0553959
-0.0626927
-0.0699493
-0.0771367
-0.0842327
0.067092
0.0587453
0.0489861
0.0404647
0.0325407
0.0243922
0.0160539
0.00776113
-0.000442918
-0.00860079
-0.0167219
-0.0247831
-0.0327681
-0.0406747
-0.0485013
-0.0562435
-0.063896
-0.0715008
-0.079025
-0.0864426
0.072945
0.0640302
0.053754
0.0448539
0.0364839
0.0278294
0.0190168
0.0102784
0.00162554
-0.0069856
-0.0155526
-0.024048
-0.0324563
-0.0407758
-0.0490033
-0.0571323
-0.0651552
-0.0731232
-0.0809966
-0.0887457
0.0789458
0.0694333
0.0586856
0.0494222
0.0405747
0.0313948
0.0221027
0.0129046
0.00378125
-0.00530282
-0.014333
-0.0232809
-0.0321319
-0.0408834
-0.0495306
-0.0580652
-0.0664736
-0.0748189
-0.0830531
-0.0911421
0.0850448
0.0749111
0.0637688
0.054157
0.0447981
0.0350847
0.0253133
0.0156405
0.00602636
-0.00354808
-0.0130585
-0.0224778
-0.0317912
-0.0409936
-0.0500781
-0.0590317
-0.0678437
-0.0765863
-0.0851946
-0.0936326
0.0911812
0.0804286
0.0690033
0.0590468
0.0491412
0.0388942
0.0286393
0.0184717
0.00834762
-0.001732
-0.0117378
-0.0216453
-0.0314384
-0.0411113
-0.0506598
-0.0600699
-0.0692936
-0.0784392
-0.0874272
-0.0962207
0.0972432
0.0859392
0.0743678
0.0640589
0.0536016
0.0428502
0.0321143
0.0214348
0.0107834
0.000179815
-0.0103436
-0.0207619
-0.0310551
-0.041209
-0.0512121
-0.0610383
-0.0707492
-0.0803537
-0.0897383
-0.0988942
0.102984
0.0914568
0.0798845
0.0691394
0.058094
0.0468335
0.0355972
0.0243917
0.0132083
0.00207645
-0.00897052
-0.0199097
-0.0307227
-0.0414049
-0.0519676
-0.0623918
-0.0724165
-0.0823697
-0.0921098
-0.101624
0.107689
0.0966339
0.0854958
0.0744802
0.0630072
0.0513074
0.0395776
0.0278418
0.0161139
0.00442953
-0.00716722
-0.0186443
-0.0299734
-0.0411244
-0.0520704
-0.0628619
-0.0738531
-0.0844222
-0.0945905
-0.104483
-0.0624562
-0.0655887
-0.0687032
-0.0717976
-0.0748709
-0.0779215
-0.0809474
-0.0839461
-0.0869154
-0.0898532
-0.0927575
-0.0956265
-0.0984587
-0.101252
-0.104006
-0.106718
-0.109388
-0.112014
-0.114597
-0.117136
-0.0626159
-0.0657944
-0.0689566
-0.0721001
-0.0752224
-0.0783205
-0.0813916
-0.0844328
-0.0874417
-0.0904159
-0.093353
-0.096251
-0.0991081
-0.101922
-0.104692
-0.107415
-0.110092
-0.112719
-0.1153
-0.117832
-0.0629741
-0.0662137
-0.0694349
-0.072635
-0.0758117
-0.0789626
-0.0820848
-0.0851757
-0.0882325
-0.0912526
-0.0942339
-0.0971741
-0.100071
-0.102923
-0.105729
-0.108486
-0.111195
-0.113853
-0.116464
-0.119031
-0.0634551
-0.0667714
-0.0700691
-0.0733456
-0.0765983
-0.0798243
-0.0830205
-0.0861839
-0.0893116
-0.0924009
-0.0954494
-0.0984547
-0.101415
-0.104328
-0.107192
-0.110005
-0.112768
-0.115477
-0.11814
-0.120761
-0.064082
-0.0674929
-0.0708839
-0.0742524
-0.0775956
-0.0809109
-0.084195
-0.0874448
-0.0906573
-0.0938297
-0.0969597
-0.100045
-0.103083
-0.106072
-0.109011
-0.111897
-0.114732
-0.117511
-0.120247
-0.122945
-0.0648277
-0.0683471
-0.0718455
-0.0753203
-0.078769
-0.0821887
-0.085576
-0.0889277
-0.0922409
-0.0955128
-0.0987408
-0.101922
-0.105056
-0.108139
-0.11117
-0.114147
-0.117072
-0.11994
-0.122768
-0.125564
-0.0656935
-0.0693361
-0.0729563
-0.0765518
-0.08012
-0.083658
-0.0871625
-0.0906302
-0.0940582
-0.0974435
-0.100784
-0.104077
-0.10732
-0.110512
-0.113651
-0.116734
-0.119766
-0.122738
-0.125677
-0.128588
-0.0666707
-0.0704498
-0.0742052
-0.0779344
-0.0816353
-0.0853049
-0.0889399
-0.0925369
-0.0960931
-0.0996056
-0.103072
-0.10649
-0.109858
-0.113173
-0.116435
-0.119639
-0.122793
-0.125886
-0.128951
-0.131996
-0.0677569
-0.0716858
-0.0755893
-0.0794652
-0.0833116
-0.0871255
-0.0909037
-0.0946428
-0.09834
-0.101993
-0.105598
-0.109154
-0.11266
-0.116111
-0.11951
-0.12285
-0.12614
-0.129369
-0.132575
-0.135769
-0.0689488
-0.0730402
-0.0771042
-0.0811392
-0.0851433
-0.0891136
-0.093047
-0.0969403
-0.100791
-0.104595
-0.108353
-0.112059
-0.115715
-0.119315
-0.122864
-0.126352
-0.129792
-0.133169
-0.136531
-0.139889
-0.0702446
-0.074511
-0.0787477
-0.0829536
-0.0871271
-0.0912656
-0.0953658
-0.0994247
-0.10344
-0.107408
-0.111328
-0.115197
-0.119014
-0.122776
-0.126486
-0.130134
-0.133736
-0.137274
-0.140805
-0.144341
-0.0716432
-0.0760966
-0.0805177
-0.084906
-0.0892603
-0.093578
-0.0978561
-0.102091
-0.106282
-0.110425
-0.114518
-0.11856
-0.12255
-0.126483
-0.130365
-0.134184
-0.13796
-0.14167
-0.145381
-0.149106
-0.0731438
-0.0777959
-0.0824126
-0.0869945
-0.0915404
-0.096048
-0.100514
-0.104936
-0.109312
-0.113639
-0.117916
-0.12214
-0.126313
-0.130427
-0.134491
-0.138492
-0.14245
-0.146342
-0.150244
-0.154168
-0.0747468
-0.079609
-0.0844323
-0.0892182
-0.0939661
-0.0986735
-0.103338
-0.107956
-0.112527
-0.117047
-0.121517
-0.125932
-0.130295
-0.134599
-0.138854
-0.143043
-0.147194
-0.151275
-0.155377
-0.159509
-0.0764503
-0.0815335
-0.0865743
-0.0915748
-0.0965346
-0.101452
-0.106323
-0.111146
-0.11592
-0.120642
-0.125312
-0.129926
-0.134487
-0.138989
-0.143441
-0.147827
-0.152176
-0.156454
-0.160761
-0.165107
-0.0782573
-0.0835713
-0.0888396
-0.0940644
-0.0992454
-0.10438
-0.109467
-0.114503
-0.119488
-0.124418
-0.129295
-0.134115
-0.13888
-0.143585
-0.14824
-0.152827
-0.15738
-0.161859
-0.166378
-0.170941
-0.0801679
-0.0857217
-0.0912272
-0.0966857
-0.102096
-0.107457
-0.112767
-0.118023
-0.123224
-0.12837
-0.133459
-0.138489
-0.143464
-0.148376
-0.153238
-0.15803
-0.16279
-0.167473
-0.172205
-0.176987
-0.0821779
-0.0879831
-0.0937354
-0.0994364
-0.105085
-0.11068
-0.116218
-0.121701
-0.127124
-0.132489
-0.137794
-0.14304
-0.148226
-0.153349
-0.15842
-0.16342
-0.168387
-0.173276
-0.17822
-0.183222
-0.0842885
-0.0903556
-0.0963639
-0.102316
-0.108209
-0.114044
-0.119818
-0.125531
-0.131181
-0.13677
-0.142293
-0.147757
-0.153154
-0.158491
-0.163768
-0.168979
-0.174151
-0.179248
-0.184401
-0.189623
-0.0865012
-0.0928398
-0.0991124
-0.105322
-0.111467
-0.117548
-0.123561
-0.12951
-0.135388
-0.141204
-0.146946
-0.152629
-0.158237
-0.163788
-0.169268
-0.174689
-0.18006
-0.185366
-0.190721
-0.196167
-0.0888152
-0.0954341
-0.101979
-0.108454
-0.114857
-0.121188
-0.127444
-0.13363
-0.139739
-0.145781
-0.151742
-0.157645
-0.163459
-0.169227
-0.174903
-0.180536
-0.186096
-0.19161
-0.197155
-0.202825
-0.0912312
-0.0981388
-0.104964
-0.111709
-0.118374
-0.124959
-0.131461
-0.137885
-0.144224
-0.150492
-0.156667
-0.162787
-0.168801
-0.174783
-0.180646
-0.186496
-0.192232
-0.197959
-0.203677
-0.209568
-0.0937489
-0.100953
-0.108064
-0.115086
-0.122016
-0.128857
-0.135606
-0.142268
-0.148836
-0.155326
-0.161713
-0.168044
-0.174249
-0.180437
-0.186468
-0.192532
-0.19842
-0.204371
-0.210241
-0.216355
-0.0963679
-0.103876
-0.111279
-0.118582
-0.125781
-0.132879
-0.139875
-0.146774
-0.15357
-0.160279
-0.166877
-0.173413
-0.179808
-0.186197
-0.192383
-0.198652
-0.204653
-0.210826
-0.2168
-0.22315
-0.0990872
-0.106905
-0.114606
-0.122193
-0.129664
-0.13702
-0.144262
-0.151395
-0.158415
-0.165337
-0.172142
-0.178876
-0.185464
-0.192047
-0.198396
-0.204873
-0.210968
-0.217372
-0.223375
-0.229975
-0.101907
-0.11004
-0.118041
-0.125913
-0.133654
-0.141265
-0.148747
-0.156104
-0.163337
-0.170454
-0.177446
-0.18435
-0.191107
-0.197848
-0.204353
-0.211017
-0.217221
-0.223888
-0.229898
-0.236817
-0.104833
-0.113284
-0.121585
-0.12974
-0.137745
-0.145603
-0.153313
-0.16088
-0.168305
-0.175594
-0.182744
-0.189779
-0.196663
-0.203497
-0.210108
-0.216874
-0.223167
-0.230078
-0.236104
-0.243506
-0.107856
-0.116641
-0.125255
-0.133702
-0.141981
-0.150093
-0.158041
-0.165829
-0.173459
-0.180937
-0.188263
-0.195451
-0.202483
-0.209419
-0.216145
-0.222958
-0.229315
-0.236363
-0.242325
-0.250288
-0.110949
-0.120094
-0.129059
-0.137841
-0.146437
-0.15485
-0.163085
-0.171147
-0.179042
-0.186774
-0.194351
-0.201777
-0.209052
-0.216194
-0.223147
-0.230068
-0.23658
-0.243614
-0.249518
-0.257769
-0.114138
-0.123596
-0.132873
-0.141951
-0.150819
-0.159479
-0.167938
-0.176202
-0.184282
-0.192183
-0.199919
-0.207494
-0.214919
-0.222197
-0.229318
-0.236316
-0.243023
-0.249862
-0.255866
-0.263787
-0.123458
-0.133081
-0.14211
-0.150302
-0.157439
-0.163348
-0.16787
-0.170872
-0.172219
-0.171829
-0.169652
-0.165722
-0.160088
-0.152887
-0.144268
-0.134478
-0.123757
-0.112429
-0.100762
-0.0890818
-0.0776052
-0.0665718
-0.0560911
-0.0462863
-0.0371555
-0.0287945
-0.0211703
-0.0143782
-0.00821177
-0.00269267
-0.12419
-0.133859
-0.142898
-0.151074
-0.158183
-0.16406
-0.168545
-0.171499
-0.172786
-0.172329
-0.170083
-0.166083
-0.16038
-0.153109
-0.144424
-0.134574
-0.1238
-0.112427
-0.100726
-0.0890214
-0.0775318
-0.0664932
-0.0560146
-0.046214
-0.0370895
-0.0287332
-0.0211179
-0.0143344
-0.00818397
-0.00268196
-0.125527
-0.135306
-0.144363
-0.152507
-0.159566
-0.165386
-0.169802
-0.172666
-0.173841
-0.173261
-0.170887
-0.166757
-0.160922
-0.153522
-0.144715
-0.134751
-0.123878
-0.112421
-0.100657
-0.0889078
-0.0773945
-0.0663461
-0.0558722
-0.0460789
-0.0369667
-0.0286188
-0.0210204
-0.0142521
-0.0081321
-0.00266101
-0.127441
-0.137364
-0.146438
-0.154531
-0.161518
-0.167258
-0.171574
-0.174306
-0.175323
-0.174567
-0.172013
-0.167699
-0.161681
-0.154099
-0.14512
-0.134997
-0.123985
-0.112411
-0.100558
-0.0887467
-0.0772008
-0.0661394
-0.0556729
-0.0458897
-0.036795
-0.0284585
-0.0208839
-0.0141363
-0.00805933
-0.00263088
-0.129869
-0.139966
-0.149046
-0.157069
-0.163968
-0.169608
-0.173793
-0.176355
-0.177169
-0.176195
-0.173415
-0.168871
-0.162622
-0.154814
-0.14562
-0.135298
-0.124113
-0.112393
-0.100431
-0.0885428
-0.0769573
-0.0658805
-0.0554244
-0.0456539
-0.0365816
-0.0282585
-0.020714
-0.0139914
-0.00796857
-0.00259237
-0.132779
-0.143067
-0.152132
-0.160065
-0.166861
-0.172379
-0.176403
-0.178757
-0.179329
-0.178098
-0.175053
-0.170239
-0.163718
-0.155644
-0.146198
-0.135644
-0.124256
-0.112366
-0.100277
-0.0882998
-0.0766696
-0.0655762
-0.0551338
-0.0453783
-0.0363328
-0.0280247
-0.0205156
-0.013821
-0.00786235
-0.00254607
-0.136141
-0.146622
-0.155645
-0.163468
-0.170145
-0.175521
-0.179353
-0.181463
-0.181758
-0.180235
-0.176891
-0.171771
-0.164944
-0.15657
-0.14684
-0.136024
-0.124408
-0.112327
-0.100096
-0.088021
-0.0763424
-0.0652321
-0.0548071
-0.0450689
-0.0360544
-0.0277621
-0.020293
-0.0136284
-0.00774293
-0.0024925
-0.139927
-0.150594
-0.15954
-0.167233
-0.173776
-0.178987
-0.182596
-0.184427
-0.184415
-0.182571
-0.178897
-0.173439
-0.166275
-0.157572
-0.147532
-0.136429
-0.124564
-0.112274
-0.0998899
-0.0877095
-0.0759803
-0.0648536
-0.05445
-0.0447314
-0.0357513
-0.0274753
-0.0200501
-0.0134167
-0.0076123
-0.00243208
-0.144117
-0.154947
-0.163778
-0.171319
-0.177712
-0.182735
-0.186088
-0.187609
-0.187262
-0.185072
-0.181041
-0.175219
-0.167693
-0.158636
-0.148262
-0.136851
-0.124719
-0.112207
-0.0996592
-0.0873677
-0.0755871
-0.0644453
-0.0540673
-0.0443704
-0.0354281
-0.0271683
-0.0197903
-0.0131885
-0.00747223
-0.00236518
-0.148687
-0.159649
-0.16832
-0.175688
-0.181916
-0.186725
-0.18979
-0.190973
-0.190268
-0.18771
-0.183298
-0.177088
-0.169178
-0.159748
-0.14902
-0.137283
-0.124869
-0.112123
-0.0994046
-0.0869984
-0.0751663
-0.0640116
-0.0536635
-0.0439906
-0.0350889
-0.0268447
-0.0195166
-0.0129463
-0.00732427
-0.00229217
-0.153618
-0.164665
-0.173131
-0.180307
-0.186352
-0.190921
-0.193666
-0.194485
-0.193402
-0.190456
-0.185643
-0.179028
-0.170716
-0.160894
-0.149796
-0.137719
-0.125011
-0.112021
-0.0991272
-0.0866037
-0.0747215
-0.0635562
-0.0532426
-0.0435959
-0.0347371
-0.0265079
-0.0192317
-0.0126921
-0.00716978
-0.00221339
-0.158889
-0.169962
-0.178177
-0.185142
-0.190989
-0.195286
-0.197681
-0.198117
-0.196639
-0.193287
-0.188057
-0.18102
-0.172291
-0.162064
-0.150582
-0.138154
-0.125141
-0.111902
-0.0988278
-0.0861862
-0.0742555
-0.0630828
-0.0528081
-0.0431898
-0.0343761
-0.0261609
-0.0189381
-0.0124281
-0.00700998
-0.00212919
-0.164479
-0.175509
-0.183426
-0.190163
-0.195792
-0.199789
-0.201806
-0.20184
-0.199954
-0.196181
-0.190519
-0.18305
-0.173891
-0.163248
-0.151372
-0.138582
-0.125258
-0.111764
-0.0985077
-0.085748
-0.0737712
-0.0625946
-0.0523634
-0.0427757
-0.0340085
-0.0258063
-0.0186378
-0.0121562
-0.00684591
-0.00203993
-0.170363
-0.181269
-0.188847
-0.195341
-0.200733
-0.204397
-0.206013
-0.205632
-0.203324
-0.199119
-0.193015
-0.185103
-0.175505
-0.164437
-0.152159
-0.139002
-0.12536
-0.111607
-0.098168
-0.0852914
-0.0732713
-0.0620947
-0.0519112
-0.0423564
-0.0336369
-0.0254465
-0.0183326
-0.0118781
-0.00667851
-0.00194601
-0.176519
-0.18721
-0.194411
-0.20065
-0.20578
-0.209081
-0.210276
-0.20947
-0.20673
-0.202084
-0.195528
-0.187167
-0.177124
-0.165626
-0.152938
-0.139409
-0.125446
-0.111433
-0.0978103
-0.0848185
-0.0727583
-0.0615858
-0.0514544
-0.0419344
-0.0332635
-0.0250838
-0.0180243
-0.0115954
-0.00650861
-0.00184785
-0.182919
-0.193297
-0.200091
-0.206063
-0.210907
-0.213815
-0.214575
-0.213334
-0.210155
-0.205059
-0.198047
-0.189232
-0.178739
-0.166808
-0.153706
-0.139802
-0.125514
-0.111241
-0.0974359
-0.0843315
-0.0722346
-0.0610705
-0.0509953
-0.0415122
-0.0328903
-0.0247199
-0.0177143
-0.0113097
-0.00633693
-0.00174592
-0.189534
-0.199496
-0.20586
-0.211558
-0.216086
-0.218576
-0.218889
-0.217207
-0.213582
-0.208032
-0.200559
-0.19129
-0.180344
-0.167976
-0.154458
-0.140178
-0.125565
-0.111032
-0.0970464
-0.0838326
-0.0717025
-0.0605512
-0.050536
-0.0410917
-0.0325189
-0.0243567
-0.017404
-0.0110223
-0.00616415
-0.00164074
-0.196332
-0.205774
-0.211695
-0.217109
-0.221292
-0.22334
-0.2232
-0.221072
-0.216996
-0.21099
-0.203056
-0.193331
-0.181931
-0.169128
-0.155192
-0.140537
-0.125598
-0.110808
-0.0966435
-0.0833239
-0.0711643
-0.0600302
-0.0500785
-0.0406748
-0.032151
-0.0239957
-0.0170946
-0.0107345
-0.0059909
-0.00153287
-0.203277
-0.2121
-0.217573
-0.222695
-0.226502
-0.22809
-0.227492
-0.224914
-0.220386
-0.213922
-0.205527
-0.195348
-0.183495
-0.170259
-0.155906
-0.140877
-0.125613
-0.110569
-0.096229
-0.0828076
-0.0706223
-0.0595096
-0.0496248
-0.0402632
-0.0317879
-0.0236382
-0.0167873
-0.0104476
-0.00581778
-0.00142288
-0.210329
-0.218444
-0.223473
-0.22829
-0.231692
-0.232806
-0.231751
-0.22872
-0.223737
-0.216817
-0.207964
-0.197335
-0.185032
-0.171365
-0.156597
-0.141198
-0.125611
-0.110317
-0.0958049
-0.082286
-0.0700785
-0.0589915
-0.0491763
-0.0398583
-0.0314309
-0.0232855
-0.0164831
-0.0101627
-0.00564537
-0.00131138
-0.217442
-0.224776
-0.229372
-0.23387
-0.236842
-0.237473
-0.23596
-0.232474
-0.227039
-0.219666
-0.210359
-0.199285
-0.186535
-0.172443
-0.157263
-0.141499
-0.125593
-0.110053
-0.0953734
-0.0817614
-0.0695353
-0.0584778
-0.0487348
-0.0394614
-0.0310809
-0.0229389
-0.0161831
-0.00988086
-0.00547424
-0.00119896
-0.224574
-0.231068
-0.23525
-0.23941
-0.241932
-0.242074
-0.240105
-0.236162
-0.230279
-0.222458
-0.212703
-0.20119
-0.188001
-0.173489
-0.157903
-0.14178
-0.125559
-0.109779
-0.0949367
-0.0812363
-0.0689949
-0.0579704
-0.0483017
-0.0390738
-0.0307391
-0.0225992
-0.0158882
-0.00960311
-0.00530494
-0.00108625
-0.231678
-0.237296
-0.241088
-0.244888
-0.246942
-0.246593
-0.24417
-0.239772
-0.233444
-0.22518
-0.214987
-0.203043
-0.189422
-0.174501
-0.158515
-0.142041
-0.125512
-0.109498
-0.0944972
-0.0807131
-0.0684596
-0.0574712
-0.0478782
-0.0386964
-0.0304062
-0.0222675
-0.0155991
-0.00933041
-0.005138
-0.000973872
-0.238706
-0.243437
-0.246863
-0.250278
-0.251852
-0.25101
-0.248136
-0.243283
-0.236519
-0.227821
-0.217199
-0.204835
-0.190794
-0.175473
-0.159097
-0.142281
-0.12545
-0.10921
-0.0940575
-0.0801944
-0.0679318
-0.056982
-0.0474656
-0.0383301
-0.0300829
-0.0219446
-0.0153168
-0.00906368
-0.00497396
-0.000862439
-0.245607
-0.249466
-0.252554
-0.255553
-0.256639
-0.255306
-0.25198
-0.246677
-0.239487
-0.230365
-0.219328
-0.206558
-0.192109
-0.176402
-0.159648
-0.1425
-0.125378
-0.10892
-0.0936201
-0.0796827
-0.0674134
-0.0565043
-0.0470648
-0.0379757
-0.0297698
-0.0216311
-0.0150419
-0.00880371
-0.0048133
-0.000752538
-0.25233
-0.255358
-0.258131
-0.260677
-0.261273
-0.259453
-0.255677
-0.249929
-0.242328
-0.232796
-0.22136
-0.2082
-0.19336
-0.177283
-0.160165
-0.142699
-0.125294
-0.108627
-0.0931873
-0.0791803
-0.0669066
-0.0560396
-0.0466767
-0.0376335
-0.0294673
-0.0213276
-0.014775
-0.00855124
-0.00465648
-0.000644727
-0.2588
-0.261081
-0.263557
-0.265611
-0.265713
-0.263408
-0.259207
-0.253017
-0.245019
-0.235094
-0.223281
-0.209751
-0.19454
-0.178112
-0.160645
-0.142876
-0.125201
-0.108335
-0.0927618
-0.0786898
-0.0664137
-0.0555897
-0.0463024
-0.0373044
-0.0291759
-0.0210349
-0.0145169
-0.00830703
-0.004504
-0.000539544
-0.264973
-0.266612
-0.268809
-0.270326
-0.269936
-0.267123
-0.262559
-0.25591
-0.247542
-0.23725
-0.225086
-0.21121
-0.195652
-0.178893
-0.161097
-0.143039
-0.125106
-0.10805
-0.0923503
-0.0782168
-0.0659391
-0.0551579
-0.0459444
-0.0369902
-0.0288974
-0.0207544
-0.0142687
-0.00807199
-0.00435646
-0.000437498
-0.270898
-0.271923
-0.273868
-0.274822
-0.273958
-0.270644
-0.265371
-0.258584
-0.249912
-0.23928
-0.226791
-0.212593
-0.19671
-0.17964
-0.16153
-0.143199
-0.125018
-0.107779
-0.0919567
-0.0777638
-0.0654841
-0.0547444
-0.0456023
-0.0366904
-0.0286311
-0.0204854
-0.0140299
-0.00784593
-0.00421387
-0.000338879
-0.276551
-0.276784
-0.278529
-0.278969
-0.277747
-0.27415
-0.269055
-0.261272
-0.252159
-0.241166
-0.228349
-0.213836
-0.19764
-0.180275
-0.16187
-0.143283
-0.124871
-0.107467
-0.0915348
-0.0772934
-0.0650185
-0.0543245
-0.0452538
-0.0363858
-0.0283607
-0.0202165
-0.0137928
-0.00762513
-0.00407404
-0.000243561
-0.281724
-0.280515
-0.282045
-0.281858
-0.280141
-0.27593
-0.269968
-0.262575
-0.253314
-0.242107
-0.229084
-0.214361
-0.197953
-0.180385
-0.161778
-0.14302
-0.12446
-0.106956
-0.0909681
-0.0767172
-0.0644741
-0.0538426
-0.0448502
-0.0360332
-0.0280491
-0.0199175
-0.0135323
-0.00738935
-0.0039224
-0.0001425
-0.285686
-0.28529
-0.286776
-0.285751
-0.283348
-0.278455
-0.272249
-0.26391
-0.254099
-0.242431
-0.229032
-0.213971
-0.197276
-0.179476
-0.160682
-0.141812
-0.12319
-0.105711
-0.0897989
-0.0756686
-0.0635741
-0.0531021
-0.044258
-0.0355344
-0.0276237
-0.0195296
-0.0132112
-0.00711247
-0.00375098
-3.02841e-05
-0.289902
-0.289269
-0.290254
-0.288318
-0.285304
-0.279795
-0.273131
-0.264684
-0.254638
-0.242686
-0.229031
-0.213715
-0.196784
-0.178776
-0.159795
-0.140803
-0.122098
-0.104614
-0.088742
-0.0747017
-0.0627265
-0.0523943
-0.0436815
-0.0350421
-0.0271972
-0.0191387
-0.0128854
-0.00683241
-0.00357773
8.31093e-05
-0.293948
-0.292975
-0.293593
-0.290871
-0.287414
-0.281483
-0.27446
-0.265478
-0.25508
-0.242813
-0.228904
-0.213348
-0.196204
-0.178015
-0.158874
-0.139785
-0.121015
-0.10354
-0.0877176
-0.0737699
-0.0619134
-0.0517163
-0.0431285
-0.0345681
-0.0267848
-0.0187594
-0.0125683
-0.00655937
-0.00340766
0.000195055
-0.297779
-0.296143
-0.296346
-0.292806
-0.288867
-0.282335
-0.275171
-0.265922
-0.25531
-0.2428
-0.228687
-0.212925
-0.195596
-0.177245
-0.157961
-0.138785
-0.119959
-0.102497
-0.0867237
-0.0728668
-0.0611254
-0.0510587
-0.0425902
-0.0341046
-0.0263804
-0.0183878
-0.012258
-0.00629324
-0.0032414
0.000304596
-0.301453
-0.298681
-0.298587
-0.294341
-0.290127
-0.283307
-0.27581
-0.266221
-0.25539
-0.242657
-0.228369
-0.212429
-0.194945
-0.176458
-0.157054
-0.13781
-0.118938
-0.101497
-0.0857723
-0.0720035
-0.0603712
-0.0504276
-0.0420697
-0.0336538
-0.0259854
-0.0180255
-0.0119556
-0.00603508
-0.00307955
0.000410935
-0.304835
-0.30063
-0.3003
-0.295408
-0.290938
-0.283742
-0.276092
-0.266281
-0.255298
-0.242384
-0.227956
-0.211868
-0.194256
-0.175657
-0.156156
-0.136862
-0.117957
-0.100542
-0.084868
-0.0711844
-0.0596551
-0.0498262
-0.0415695
-0.0332177
-0.0256016
-0.0176744
-0.0116629
-0.00578672
-0.00292314
0.000513113
-0.308006
-0.301917
-0.301556
-0.296082
-0.291463
-0.284037
-0.276212
-0.26618
-0.255067
-0.241998
-0.227458
-0.211249
-0.193535
-0.174849
-0.155273
-0.135946
-0.117021
-0.0996397
-0.0840161
-0.0704145
-0.0589811
-0.0492574
-0.0410914
-0.0327978
-0.0252305
-0.0173365
-0.0113817
-0.00554989
-0.00277321
0.000610151
-0.310733
-0.302603
-0.302412
-0.296444
-0.291755
-0.284043
-0.276114
-0.265919
-0.254709
-0.241516
-0.226889
-0.210581
-0.192791
-0.17404
-0.154411
-0.135066
-0.116135
-0.0987937
-0.0832214
-0.0696981
-0.0583531
-0.048724
-0.0406373
-0.0323956
-0.0248738
-0.0170135
-0.0111136
-0.0053262
-0.00263073
0.00070113
-0.312617
-0.302887
-0.302966
-0.29651
-0.291806
-0.283888
-0.275884
-0.265539
-0.254258
-0.240956
-0.226266
-0.209879
-0.192035
-0.173238
-0.153577
-0.134229
-0.115304
-0.0980084
-0.0824877
-0.069039
-0.0577743
-0.0482289
-0.0402095
-0.0320132
-0.0245333
-0.0167074
-0.0108602
-0.00511716
-0.00249662
0.000785237
-0.313634
-0.302916
-0.303251
-0.296371
-0.291711
-0.283575
-0.275535
-0.265064
-0.253735
-0.240344
-0.225606
-0.209158
-0.191278
-0.172453
-0.152776
-0.13344
-0.114532
-0.0972869
-0.0818182
-0.0684399
-0.0572475
-0.0477741
-0.0398099
-0.0316526
-0.024211
-0.0164201
-0.0106232
-0.00492411
-0.00237174
0.000861794
-0.313972
-0.302797
-0.303309
-0.296088
-0.291477
-0.283168
-0.275113
-0.26453
-0.253167
-0.239701
-0.224929
-0.208435
-0.190534
-0.171695
-0.152018
-0.132704
-0.113823
-0.096632
-0.0812149
-0.0679027
-0.0567745
-0.0473617
-0.0394407
-0.031316
-0.0239091
-0.0161534
-0.0104041
-0.00474818
-0.00225688
0.000930301
-0.313919
-0.302531
-0.303226
-0.295689
-0.29117
-0.282695
-0.274638
-0.263967
-0.252577
-0.239053
-0.224256
-0.207729
-0.189817
-0.170975
-0.15131
-0.132026
-0.11318
-0.0960455
-0.0806791
-0.0674284
-0.0563564
-0.0469933
-0.0391042
-0.0310059
-0.02363
-0.0159093
-0.0102043
-0.00459032
-0.00215273
0.000990459
-0.313497
-0.302217
-0.302985
-0.295251
-0.290802
-0.28219
-0.274162
-0.263392
-0.251998
-0.238416
-0.223605
-0.207055
-0.189142
-0.170305
-0.150661
-0.131412
-0.112608
-0.0955288
-0.0802115
-0.0670172
-0.0559937
-0.0466698
-0.0388027
-0.030725
-0.0233763
-0.0156897
-0.0100253
-0.00445123
-0.00205995
0.00104217
-0.312793
-0.301946
-0.302619
-0.29484
-0.290377
-0.281724
-0.273656
-0.262862
-0.251434
-0.237828
-0.223004
-0.206433
-0.188521
-0.169697
-0.15008
-0.130869
-0.112108
-0.0950831
-0.079812
-0.0666684
-0.0556859
-0.0463922
-0.0385385
-0.0304762
-0.0231509
-0.0154964
-0.00986842
-0.00433144
-0.00197913
0.00108553
-0.312071
-0.301554
-0.302271
-0.294404
-0.289985
-0.281264
-0.273209
-0.262366
-0.250928
-0.237293
-0.222456
-0.205881
-0.18798
-0.169167
-0.149574
-0.130403
-0.111684
-0.0947094
-0.0794802
-0.0663811
-0.0554324
-0.0461607
-0.0383137
-0.0302625
-0.0229568
-0.0153315
-0.00973501
-0.00423128
-0.0019108
0.00112079
-0.311361
-0.301178
-0.30194
-0.294018
-0.289629
-0.28087
-0.272812
-0.261942
-0.250493
-0.236839
-0.221996
-0.205413
-0.18752
-0.168723
-0.14916
-0.13002
-0.111341
-0.0944088
-0.0792155
-0.0661536
-0.0552318
-0.0459756
-0.0381307
-0.0300869
-0.0227969
-0.0151968
-0.00962637
-0.004151
-0.00185546
0.00114831
-0.310744
-0.300833
-0.301668
-0.293692
-0.289349
-0.280548
-0.272498
-0.261604
-0.250149
-0.236481
-0.221633
-0.205047
-0.187163
-0.168376
-0.148838
-0.129728
-0.111078
-0.0941819
-0.0790175
-0.0659845
-0.055083
-0.045837
-0.0379915
-0.0299523
-0.022674
-0.015094
-0.00954366
-0.0040907
-0.00181352
0.00116848
-0.310292
-0.300578
-0.301474
-0.293461
-0.289147
-0.280324
-0.272277
-0.26137
-0.249911
-0.236233
-0.221384
-0.204795
-0.186917
-0.16814
-0.148619
-0.129528
-0.110903
-0.09403
-0.0788855
-0.0658725
-0.0549845
-0.0457447
-0.0378977
-0.0298611
-0.0225906
-0.0150245
-0.00948789
-0.00405046
-0.00178535
0.00118168
-0.310052
-0.300441
-0.301373
-0.293339
-0.289045
-0.280208
-0.272164
-0.261249
-0.249788
-0.236106
-0.221256
-0.204667
-0.186793
-0.168021
-0.148509
-0.129428
-0.110815
-0.0939536
-0.0788191
-0.0658164
-0.0549355
-0.0456988
-0.0378507
-0.0298152
-0.0225485
-0.0149895
-0.00945977
-0.00403031
-0.00177119
0.0011882
)
;

boundaryField
{
    inlet
    {
        type            zeroGradient;
    }
    outlet
    {
        type            fixedValue;
        value           uniform 0;
    }
    cylinder
    {
        type            zeroGradient;
    }
    top
    {
        type            symmetryPlane;
    }
    bottom
    {
        type            symmetryPlane;
    }
    defaultFaces
    {
        type            empty;
    }
}


// ************************************************************************* //
