/*--------------------------------*- C++ -*----------------------------------*\
  =========                 |
  \\      /  F ield         | OpenFOAM: The Open Source CFD Toolbox
   \\    /   O peration     | Website:  https://openfoam.org
    \\  /    A nd           | Version:  9
     \\/     M anipulation  |
\*---------------------------------------------------------------------------*/
FoamFile
{
    format      ascii;
    class       volScalarField;
    location    "2.6";
    object      p;
}
// * * * * * * * * * * * * * * * * * * * * * * * * * * * * * * * * * * * * * //

dimensions      [0 2 -2 0 0 0 0];

internalField   nonuniform List<scalar> 
8500
(
-0.361752
-0.372926
-0.366986
-0.357997
-0.342778
-0.32248
-0.297689
-0.266635
-0.235517
-0.194596
-0.363028
-0.373786
-0.367782
-0.358721
-0.343522
-0.323282
-0.298637
-0.267597
-0.236801
-0.195327
-0.365559
-0.375492
-0.369358
-0.360152
-0.344988
-0.32486
-0.300504
-0.269475
-0.239313
-0.196757
-0.369305
-0.378017
-0.371686
-0.362258
-0.347136
-0.327155
-0.303062
-0.272329
-0.242947
-0.198828
-0.374206
-0.381323
-0.374723
-0.364991
-0.349912
-0.330098
-0.306373
-0.275912
-0.247543
-0.201459
-0.380191
-0.385363
-0.378419
-0.368295
-0.353255
-0.333602
-0.310311
-0.280096
-0.252912
-0.204552
-0.387172
-0.390081
-0.382715
-0.372105
-0.357031
-0.337604
-0.314743
-0.28475
-0.258839
-0.207999
-0.395059
-0.395419
-0.387547
-0.376354
-0.361217
-0.341962
-0.319535
-0.28973
-0.265103
-0.211691
-0.403752
-0.401318
-0.392856
-0.380979
-0.365726
-0.346586
-0.324558
-0.294895
-0.271482
-0.215519
-0.413159
-0.407704
-0.398588
-0.385919
-0.370483
-0.351392
-0.329694
-0.30012
-0.277772
-0.21938
-0.423201
-0.414522
-0.404675
-0.391119
-0.375425
-0.356307
-0.334838
-0.305295
-0.283788
-0.223186
-0.433757
-0.421741
-0.411074
-0.396536
-0.380501
-0.361267
-0.339902
-0.310327
-0.289369
-0.226855
-0.444758
-0.4293
-0.417747
-0.402134
-0.385671
-0.366225
-0.344814
-0.315143
-0.294381
-0.230318
-0.456136
-0.437154
-0.424656
-0.407888
-0.390907
-0.371145
-0.349518
-0.319689
-0.298716
-0.233521
-0.467826
-0.445268
-0.431777
-0.413779
-0.39619
-0.375999
-0.353968
-0.323922
-0.302287
-0.236441
-0.479772
-0.45361
-0.439089
-0.419796
-0.401504
-0.380765
-0.358132
-0.327811
-0.305027
-0.239075
-0.491924
-0.462154
-0.446575
-0.425928
-0.406839
-0.385424
-0.361981
-0.331333
-0.306854
-0.241317
-0.504236
-0.470872
-0.454219
-0.432167
-0.412183
-0.389954
-0.365499
-0.334486
-0.307631
-0.24289
-0.516665
-0.47974
-0.462004
-0.4385
-0.41752
-0.394327
-0.368677
-0.337274
-0.307294
-0.244437
-0.529169
-0.488729
-0.469912
-0.44491
-0.422824
-0.398506
-0.3715
-0.33964
-0.306242
-0.250348
-0.541702
-0.497809
-0.477916
-0.451371
-0.428062
-0.402443
-0.373924
-0.34139
-0.305208
-0.265765
-0.55421
-0.506942
-0.485981
-0.457845
-0.433186
-0.40608
-0.375892
-0.342391
-0.303748
-0.270517
-0.566635
-0.516085
-0.494065
-0.464285
-0.438136
-0.40935
-0.377343
-0.342568
-0.30179
-0.270932
-0.578908
-0.525183
-0.502112
-0.470627
-0.442841
-0.41218
-0.378215
-0.341915
-0.299387
-0.269237
-0.590949
-0.534175
-0.510055
-0.476796
-0.447216
-0.414493
-0.378448
-0.340444
-0.296481
-0.266013
-0.602665
-0.542985
-0.517813
-0.482705
-0.451168
-0.416205
-0.377981
-0.338162
-0.293021
-0.261658
-0.613951
-0.551527
-0.525292
-0.488251
-0.454592
-0.417231
-0.376753
-0.335076
-0.288972
-0.256464
-0.624691
-0.559706
-0.532386
-0.493321
-0.457378
-0.417483
-0.374711
-0.331189
-0.284309
-0.250607
-0.634753
-0.56741
-0.538975
-0.497793
-0.45941
-0.416875
-0.371803
-0.326502
-0.279014
-0.244187
-0.643998
-0.574522
-0.544931
-0.501536
-0.460573
-0.415324
-0.367986
-0.321012
-0.273073
-0.237254
-0.652274
-0.58091
-0.550112
-0.504414
-0.460748
-0.412753
-0.363218
-0.314714
-0.266478
-0.22983
-0.659421
-0.586436
-0.554372
-0.506287
-0.459822
-0.409089
-0.357467
-0.307604
-0.259219
-0.221917
-0.665273
-0.590952
-0.557558
-0.507014
-0.457686
-0.404267
-0.350702
-0.299675
-0.251293
-0.21351
-0.669659
-0.594307
-0.559512
-0.506456
-0.454238
-0.398229
-0.342901
-0.290922
-0.242694
-0.204596
-0.672405
-0.596343
-0.560078
-0.50448
-0.449385
-0.390928
-0.334046
-0.281341
-0.233418
-0.195167
-0.673338
-0.596902
-0.559098
-0.500957
-0.443044
-0.382323
-0.324125
-0.270929
-0.223464
-0.18521
-0.672287
-0.595825
-0.556423
-0.495771
-0.435145
-0.372385
-0.313129
-0.259685
-0.212831
-0.17472
-0.669087
-0.592957
-0.551907
-0.488815
-0.425628
-0.361092
-0.301058
-0.247611
-0.20152
-0.163691
-0.663581
-0.588149
-0.545418
-0.479996
-0.41445
-0.348434
-0.287913
-0.23471
-0.189537
-0.152124
-0.65562
-0.581259
-0.536833
-0.469237
-0.401578
-0.334407
-0.273703
-0.22099
-0.176887
-0.140024
-0.645073
-0.572157
-0.526046
-0.456476
-0.386994
-0.319018
-0.258442
-0.206461
-0.163581
-0.127401
-0.631822
-0.560726
-0.512969
-0.441671
-0.370695
-0.302283
-0.242149
-0.191138
-0.149628
-0.114262
-0.615766
-0.546865
-0.497533
-0.424797
-0.35269
-0.284224
-0.224848
-0.175039
-0.135048
-0.100593
-0.596827
-0.530491
-0.479689
-0.405846
-0.333002
-0.264876
-0.206568
-0.158186
-0.119885
-0.0863618
-0.574949
-0.511543
-0.45941
-0.38483
-0.311669
-0.24428
-0.18734
-0.140592
-0.104192
-0.071614
-0.550098
-0.48998
-0.436694
-0.361782
-0.288739
-0.222483
-0.167202
-0.122284
-0.0879355
-0.0565488
-0.522267
-0.465787
-0.411561
-0.336749
-0.264274
-0.19954
-0.146206
-0.103399
-0.0710491
-0.0411334
-0.491477
-0.438973
-0.384054
-0.309799
-0.238348
-0.175515
-0.124422
-0.0839175
-0.0536465
-0.0253531
-0.457774
-0.409572
-0.354242
-0.281019
-0.211045
-0.150495
-0.101889
-0.0638725
-0.0357923
-0.00923847
-0.421231
-0.377644
-0.322223
-0.250518
-0.182453
-0.124555
-0.078677
-0.0433167
-0.017531
0.00716875
-0.381952
-0.343276
-0.288124
-0.218407
-0.15267
-0.0977755
-0.0548597
-0.0223079
0.00109123
0.0238211
-0.340067
-0.306603
-0.252059
-0.18475
-0.121865
-0.0702544
-0.0305137
-0.000908552
0.0200247
0.0406656
-0.295744
-0.267814
-0.214047
-0.149814
-0.0901196
-0.042092
-0.00572049
0.0208144
0.0392168
0.0576426
-0.249162
-0.227094
-0.17428
-0.113714
-0.0575701
-0.0133952
0.0194332
0.0427898
0.058611
0.0746841
-0.200468
-0.184342
-0.133279
-0.0765898
-0.0243592
0.0157235
0.044856
0.0649424
0.0781471
0.0917131
-0.149932
-0.140026
-0.0910348
-0.0386197
0.0093659
0.0451474
0.070452
0.0871939
0.0977652
0.108647
-0.0979221
-0.0942807
-0.0477548
5.25296e-06
0.043454
0.0747555
0.0961213
0.109467
0.117419
0.125387
-0.0446291
-0.0473877
-0.00368278
0.0390897
0.0777495
0.104423
0.121761
0.13169
0.137076
0.141738
0.00966629
0.000383585
0.0409398
0.0784337
0.112093
0.134021
0.147267
0.153796
0.15664
0.15734
0.0646483
0.0487587
0.0858665
0.117833
0.146323
0.163421
0.172536
0.175695
0.175817
0.171834
0.119993
0.0974507
0.130844
0.157081
0.180275
0.19249
0.197468
0.197264
0.194233
0.185555
0.175368
0.146164
0.175614
0.195969
0.213786
0.221101
0.221956
0.218392
0.21248
0.200992
0.230435
0.194597
0.219917
0.234289
0.246691
0.249122
0.245895
0.238972
0.230217
0.216633
0.28485
0.242444
0.263493
0.271836
0.278828
0.276424
0.269177
0.258932
0.247347
0.231894
0.338269
0.289402
0.306084
0.308405
0.310037
0.302882
0.291702
0.278199
0.263848
0.246608
0.390347
0.335167
0.347436
0.343796
0.340163
0.328371
0.313369
0.296696
0.279674
0.260709
0.440745
0.379442
0.387301
0.377816
0.369052
0.352772
0.334082
0.314349
0.294768
0.274134
0.489133
0.421935
0.425438
0.410276
0.396558
0.375969
0.353748
0.331085
0.30907
0.286825
0.535188
0.462365
0.461618
0.440996
0.42254
0.397851
0.372278
0.346834
0.322525
0.298729
0.578602
0.500463
0.49562
0.469806
0.446865
0.418312
0.389587
0.36153
0.335079
0.309803
0.619082
0.535974
0.527237
0.496543
0.469407
0.437253
0.405596
0.375109
0.346677
0.320006
0.656353
0.568659
0.556274
0.521059
0.490047
0.45458
0.420229
0.387513
0.357271
0.329301
0.690161
0.598298
0.582555
0.543214
0.508679
0.470208
0.433419
0.398685
0.366814
0.337654
0.720273
0.624689
0.605917
0.562883
0.525205
0.48406
0.445102
0.408575
0.375262
0.345033
0.746482
0.647655
0.626217
0.579955
0.539536
0.496065
0.455224
0.41714
0.382578
0.351411
0.768607
0.667037
0.643328
0.594334
0.551597
0.506164
0.463734
0.424338
0.388728
0.356765
0.786495
0.682704
0.657147
0.605936
0.561324
0.514305
0.470593
0.430138
0.393683
0.361072
0.800021
0.694549
0.667586
0.614696
0.568665
0.520447
0.475766
0.434512
0.39742
0.364318
0.809091
0.702491
0.674582
0.620564
0.573581
0.52456
0.47923
0.437439
0.399921
0.366488
0.813642
0.706476
0.67809
0.623507
0.576046
0.526621
0.480965
0.438906
0.401174
0.367576
0.813642
0.706476
0.67809
0.623507
0.576046
0.526621
0.480965
0.438906
0.401174
0.367576
0.809091
0.702491
0.674582
0.620564
0.573581
0.52456
0.47923
0.437439
0.399921
0.366488
0.800021
0.694549
0.667586
0.614696
0.568665
0.520447
0.475766
0.434512
0.39742
0.364318
0.786495
0.682704
0.657147
0.605936
0.561324
0.514305
0.470593
0.430138
0.393683
0.361072
0.768607
0.667037
0.643328
0.594334
0.551597
0.506164
0.463734
0.424338
0.388728
0.356765
0.746482
0.647655
0.626217
0.579955
0.539536
0.496065
0.455224
0.41714
0.382578
0.351411
0.720273
0.624689
0.605917
0.562883
0.525205
0.48406
0.445102
0.408575
0.375262
0.345033
0.690161
0.598298
0.582555
0.543214
0.508679
0.470208
0.433419
0.398685
0.366814
0.337654
0.656353
0.568659
0.556274
0.521059
0.490047
0.45458
0.420229
0.387513
0.357271
0.329301
0.619082
0.535974
0.527237
0.496543
0.469407
0.437253
0.405596
0.375109
0.346677
0.320006
0.578602
0.500463
0.49562
0.469806
0.446865
0.418312
0.389587
0.36153
0.335079
0.309803
0.535188
0.462365
0.461618
0.440996
0.42254
0.397851
0.372278
0.346834
0.322525
0.298729
0.489133
0.421935
0.425438
0.410276
0.396558
0.375969
0.353748
0.331085
0.30907
0.286825
0.440745
0.379442
0.387301
0.377816
0.369052
0.352772
0.334082
0.314349
0.294768
0.274134
0.390347
0.335167
0.347436
0.343796
0.340163
0.328371
0.313369
0.296696
0.279674
0.260709
0.338269
0.289402
0.306084
0.308405
0.310037
0.302882
0.291702
0.278199
0.263848
0.246608
0.28485
0.242444
0.263493
0.271836
0.278828
0.276424
0.269177
0.258932
0.247347
0.231894
0.230435
0.194597
0.219917
0.234289
0.246691
0.249122
0.245895
0.238972
0.230217
0.216633
0.175368
0.146164
0.175614
0.195969
0.213786
0.221101
0.221956
0.218392
0.21248
0.200992
0.119993
0.0974507
0.130844
0.157081
0.180275
0.19249
0.197468
0.197264
0.194233
0.185555
0.0646483
0.0487587
0.0858665
0.117833
0.146323
0.163421
0.172536
0.175695
0.175817
0.171834
0.00966629
0.000383584
0.0409398
0.0784337
0.112093
0.134021
0.147267
0.153796
0.15664
0.15734
-0.0446291
-0.0473877
-0.00368278
0.0390897
0.0777495
0.104423
0.121761
0.13169
0.137076
0.141738
-0.0979221
-0.0942807
-0.0477548
5.25117e-06
0.043454
0.0747555
0.0961213
0.109467
0.117419
0.125387
-0.149932
-0.140026
-0.0910348
-0.0386197
0.0093659
0.0451474
0.070452
0.0871939
0.0977652
0.108647
-0.200468
-0.184342
-0.133279
-0.0765898
-0.0243592
0.0157235
0.044856
0.0649424
0.0781471
0.0917131
-0.249162
-0.227094
-0.17428
-0.113714
-0.0575701
-0.0133952
0.0194332
0.0427898
0.058611
0.0746841
-0.295744
-0.267814
-0.214047
-0.149814
-0.0901196
-0.042092
-0.00572049
0.0208144
0.0392168
0.0576426
-0.340067
-0.306603
-0.252059
-0.18475
-0.121865
-0.0702544
-0.0305137
-0.000908554
0.0200247
0.0406656
-0.381952
-0.343276
-0.288124
-0.218407
-0.15267
-0.0977755
-0.0548597
-0.0223079
0.00109123
0.0238211
-0.421231
-0.377644
-0.322223
-0.250518
-0.182453
-0.124555
-0.078677
-0.0433167
-0.017531
0.00716875
-0.457774
-0.409572
-0.354242
-0.281019
-0.211045
-0.150496
-0.101889
-0.0638725
-0.0357923
-0.00923848
-0.491477
-0.438973
-0.384054
-0.309799
-0.238348
-0.175515
-0.124422
-0.0839175
-0.0536465
-0.0253531
-0.522267
-0.465787
-0.411561
-0.336749
-0.264274
-0.19954
-0.146206
-0.103399
-0.0710491
-0.0411334
-0.550098
-0.48998
-0.436694
-0.361782
-0.288739
-0.222483
-0.167202
-0.122284
-0.0879355
-0.0565488
-0.574949
-0.511543
-0.45941
-0.38483
-0.311669
-0.24428
-0.18734
-0.140592
-0.104192
-0.071614
-0.596827
-0.530491
-0.479689
-0.405846
-0.333002
-0.264876
-0.206568
-0.158186
-0.119885
-0.0863618
-0.615766
-0.546865
-0.497533
-0.424797
-0.35269
-0.284224
-0.224848
-0.175039
-0.135048
-0.100593
-0.631822
-0.560726
-0.512969
-0.441671
-0.370695
-0.302283
-0.242149
-0.191138
-0.149628
-0.114262
-0.645073
-0.572157
-0.526046
-0.456476
-0.386994
-0.319018
-0.258442
-0.206461
-0.163581
-0.127401
-0.65562
-0.581259
-0.536833
-0.469237
-0.401578
-0.334407
-0.273703
-0.22099
-0.176887
-0.140024
-0.663581
-0.588149
-0.545418
-0.479996
-0.41445
-0.348434
-0.287913
-0.23471
-0.189537
-0.152124
-0.669087
-0.592957
-0.551907
-0.488815
-0.425628
-0.361092
-0.301058
-0.247611
-0.20152
-0.163691
-0.672287
-0.595825
-0.556423
-0.495771
-0.435145
-0.372385
-0.313129
-0.259685
-0.212831
-0.17472
-0.673338
-0.596902
-0.559098
-0.500957
-0.443044
-0.382323
-0.324125
-0.270929
-0.223464
-0.18521
-0.672405
-0.596343
-0.560078
-0.50448
-0.449385
-0.390928
-0.334046
-0.281341
-0.233418
-0.195167
-0.669659
-0.594307
-0.559512
-0.506456
-0.454238
-0.398229
-0.342901
-0.290922
-0.242694
-0.204596
-0.665273
-0.590952
-0.557558
-0.507014
-0.457686
-0.404267
-0.350702
-0.299675
-0.251293
-0.21351
-0.659421
-0.586436
-0.554372
-0.506287
-0.459822
-0.409089
-0.357467
-0.307604
-0.259219
-0.221917
-0.652274
-0.58091
-0.550112
-0.504414
-0.460748
-0.412753
-0.363218
-0.314714
-0.266478
-0.22983
-0.643998
-0.574522
-0.544931
-0.501536
-0.460573
-0.415324
-0.367986
-0.321012
-0.273073
-0.237254
-0.634753
-0.56741
-0.538975
-0.497793
-0.45941
-0.416875
-0.371803
-0.326502
-0.279014
-0.244187
-0.624691
-0.559706
-0.532386
-0.493321
-0.457378
-0.417483
-0.374711
-0.331189
-0.284309
-0.250607
-0.613951
-0.551527
-0.525292
-0.488251
-0.454592
-0.417231
-0.376753
-0.335076
-0.288972
-0.256464
-0.602665
-0.542985
-0.517813
-0.482705
-0.451168
-0.416205
-0.377981
-0.338162
-0.293021
-0.261658
-0.590949
-0.534175
-0.510055
-0.476796
-0.447216
-0.414493
-0.378448
-0.340444
-0.296481
-0.266013
-0.578908
-0.525183
-0.502112
-0.470627
-0.442841
-0.41218
-0.378215
-0.341915
-0.299387
-0.269237
-0.566635
-0.516085
-0.494065
-0.464285
-0.438136
-0.40935
-0.377343
-0.342568
-0.30179
-0.270932
-0.55421
-0.506942
-0.485981
-0.457845
-0.433186
-0.40608
-0.375892
-0.342391
-0.303748
-0.270517
-0.541702
-0.497809
-0.477916
-0.451371
-0.428062
-0.402443
-0.373924
-0.34139
-0.305208
-0.265765
-0.529169
-0.488729
-0.469912
-0.44491
-0.422824
-0.398506
-0.3715
-0.33964
-0.306242
-0.250348
-0.516665
-0.47974
-0.462004
-0.4385
-0.41752
-0.394327
-0.368677
-0.337274
-0.307294
-0.244437
-0.504236
-0.470872
-0.454219
-0.432167
-0.412183
-0.389954
-0.365499
-0.334486
-0.307631
-0.24289
-0.491924
-0.462154
-0.446575
-0.425928
-0.406839
-0.385424
-0.361981
-0.331333
-0.306854
-0.241317
-0.479772
-0.45361
-0.439089
-0.419796
-0.401504
-0.380765
-0.358132
-0.327811
-0.305027
-0.239075
-0.467826
-0.445268
-0.431777
-0.413779
-0.39619
-0.375999
-0.353968
-0.323922
-0.302287
-0.236441
-0.456136
-0.437154
-0.424656
-0.407888
-0.390907
-0.371145
-0.349518
-0.319689
-0.298716
-0.233521
-0.444758
-0.4293
-0.417747
-0.402134
-0.385671
-0.366225
-0.344814
-0.315143
-0.294381
-0.230318
-0.433757
-0.421741
-0.411074
-0.396536
-0.380501
-0.361267
-0.339902
-0.310327
-0.289369
-0.226855
-0.423201
-0.414522
-0.404675
-0.391119
-0.375425
-0.356307
-0.334838
-0.305295
-0.283788
-0.223186
-0.413159
-0.407704
-0.398588
-0.385919
-0.370483
-0.351392
-0.329694
-0.30012
-0.277772
-0.21938
-0.403752
-0.401318
-0.392856
-0.380979
-0.365726
-0.346586
-0.324558
-0.294895
-0.271482
-0.215519
-0.395059
-0.395419
-0.387547
-0.376354
-0.361217
-0.341962
-0.319535
-0.28973
-0.265103
-0.211691
-0.387172
-0.390081
-0.382715
-0.372105
-0.357031
-0.337604
-0.314743
-0.28475
-0.258839
-0.207999
-0.380191
-0.385363
-0.378419
-0.368295
-0.353255
-0.333602
-0.310311
-0.280096
-0.252912
-0.204552
-0.374206
-0.381323
-0.374723
-0.364991
-0.349912
-0.330098
-0.306373
-0.275912
-0.247543
-0.201459
-0.369305
-0.378017
-0.371686
-0.362258
-0.347136
-0.327155
-0.303062
-0.272329
-0.242947
-0.198828
-0.365559
-0.375492
-0.369358
-0.360152
-0.344988
-0.32486
-0.300504
-0.269475
-0.239313
-0.196757
-0.363028
-0.373786
-0.367782
-0.358721
-0.343522
-0.323282
-0.298637
-0.267597
-0.236801
-0.195327
-0.361752
-0.372926
-0.366986
-0.357997
-0.342778
-0.32248
-0.297689
-0.266635
-0.235517
-0.194596
-0.173322
-0.156451
-0.138455
-0.120157
-0.101628
-0.0831613
-0.0651578
-0.0480188
-0.0321467
-0.0179186
-0.00564876
0.00444541
0.0122678
0.0178556
0.0213735
0.0230916
0.023348
0.0225079
0.0209188
0.0188906
0.0166511
0.0144004
0.0121941
0.0102107
0.00825133
0.00675251
0.00488656
0.00411934
0.00172903
0.0024204
-0.175131
-0.158096
-0.139928
-0.12155
-0.102941
-0.0843873
-0.0662938
-0.0490604
-0.0330894
-0.0187597
-0.0063875
0.00380718
0.0117259
0.0174035
0.0210031
0.0227932
0.0231115
0.0223232
0.0207764
0.0187819
0.0165688
0.0143385
0.0121479
0.0101763
0.00822601
0.00673386
0.00487361
0.00410943
0.00172478
0.0024139
-0.178668
-0.16131
-0.142811
-0.12428
-0.105516
-0.0867941
-0.0685264
-0.0511096
-0.0349462
-0.0204183
-0.00784637
0.00254513
0.0106529
0.0165073
0.0202678
0.0222004
0.0226412
0.0219556
0.0204927
0.0185653
0.0164048
0.0142152
0.0120557
0.0101078
0.00817548
0.00669663
0.00484776
0.00408967
0.0017163
0.00240094
-0.18377
-0.165951
-0.146989
-0.12824
-0.109257
-0.0902951
-0.0717792
-0.0541008
-0.037662
-0.0228495
-0.0099893
0.000687185
0.00906976
0.0151824
0.0191787
0.0213206
0.0219422
0.0214085
0.02007
0.0182422
0.01616
0.0140311
0.011918
0.0100053
0.00809996
0.00664097
0.00480912
0.00406015
0.0017036
0.00238161
-0.190195
-0.171825
-0.152294
-0.13328
-0.114026
-0.0947681
-0.0759449
-0.0579413
-0.0411587
-0.0259888
-0.012765
-0.00172672
0.00700676
0.0134508
0.0177515
0.0201651
0.0210221
0.0206872
0.0195119
0.0178152
0.0158361
0.0137873
0.0117355
0.00986944
0.00799979
0.00656709
0.00475787
0.00402106
0.00168674
0.00235603
-0.19764
-0.178696
-0.158523
-0.139212
-0.119657
-0.100064
-0.0808916
-0.0625171
-0.0453398
-0.029757
-0.0161096
-0.00464681
0.00450167
0.0113406
0.0160065
0.018748
0.0198908
0.0197981
0.0188227
0.017287
0.0154351
0.0134851
0.0115091
0.00970079
0.00787537
0.00647527
0.00469418
0.00397268
0.00166576
0.00232438
-0.20577
-0.186296
-0.165446
-0.145828
-0.12596
-0.106014
-0.0864712
-0.0677
-0.0500967
-0.0340639
-0.0199505
-0.00801586
0.00159827
0.00888429
0.0139671
0.0170859
0.0185598
0.0187493
0.0180079
0.0166614
0.0149593
0.0131261
0.0112399
0.00950009
0.00772724
0.00636588
0.0046183
0.00391477
0.00164067
0.00228685
-0.214239
-0.194339
-0.172821
-0.152908
-0.132738
-0.112441
-0.0925272
-0.0733539
-0.0553135
-0.0388131
-0.0242092
-0.0117718
-0.00165554
0.00611792
0.0116599
0.0151977
0.0170423
0.0175496
0.0170735
0.0159425
0.0144116
0.0127123
0.0109293
0.00926824
0.00755601
0.00623933
0.00453058
0.00384779
0.0016114
0.0022437
-0.222714
-0.202536
-0.180403
-0.16023
-0.139791
-0.119168
-0.0989024
-0.0793415
-0.0608727
-0.043906
-0.028805
-0.0158501
-0.00520952
0.00307962
0.00911293
0.0131038
0.0153526
0.0162092
0.0160263
0.0151349
0.0137952
0.0122458
0.0105786
0.00900623
0.00736235
0.00609605
0.00443136
0.00377157
0.00157813
0.00219517
-0.230893
-0.210605
-0.187955
-0.167583
-0.146927
-0.126023
-0.105445
-0.0855297
-0.0666595
-0.0492459
-0.0336579
-0.0201861
-0.00901264
-0.000191421
0.00635559
0.0108256
0.013506
0.0147386
0.0148736
0.0142435
0.0131133
0.0117288
0.0101894
0.00871513
0.00714705
0.00593658
0.00432083
0.0036841
0.00154096
0.00214161
-0.238519
-0.21829
-0.195262
-0.174772
-0.153969
-0.132848
-0.112012
-0.0917938
-0.0725659
-0.0547405
-0.0386908
-0.0247167
-0.0130145
-0.00365593
0.00341768
0.00838504
0.0115184
0.0131493
0.0136233
0.0132738
0.0123697
0.011164
0.00976357
0.00839615
0.00691092
0.00576147
0.0041995
0.00359006
0.00150018
0.00208328
-0.245386
-0.225364
-0.20213
-0.181622
-0.160758
-0.139498
-0.118478
-0.0980207
-0.0784929
-0.0603045
-0.0438314
-0.0293818
-0.0171663
-0.0072753
0.000328895
0.00580441
0.00940594
0.0114526
0.0122832
0.0122312
0.0115681
0.0105538
0.0093028
0.00805053
0.00665486
0.00557135
0.00406789
0.00348894
0.0014616
0.00202058
-0.25134
-0.231643
-0.208397
-0.187985
-0.167153
-0.145848
-0.124729
-0.104111
-0.0843526
-0.0658612
-0.0490136
-0.0341256
-0.0214221
-0.0110127
-0.0028821
0.00310527
0.00718437
0.00965976
0.0108613
0.011121
0.0107123
0.00990086
0.00880891
0.00767953
0.00637976
0.00536685
0.00392639
0.00338003
0.00141446
0.00195395
-0.256285
-0.236986
-0.21393
-0.193738
-0.173042
-0.151796
-0.130673
-0.109981
-0.0900709
-0.0713448
-0.0541799
-0.0388991
-0.0257408
-0.0148347
-0.00618915
0.00030746
0.00486827
0.00778107
0.00936508
0.00994827
0.00980557
0.00920753
0.00828355
0.00728431
0.00608647
0.00514857
0.00377538
0.00326356
0.00136393
0.0018839
-0.26018
-0.241304
-0.218636
-0.198791
-0.178333
-0.157259
-0.136236
-0.115563
-0.0955855
-0.076699
-0.0592798
-0.0436572
-0.0300835
-0.0187086
-0.00956521
-0.00256739
0.00247449
0.00582942
0.00780401
0.0087201
0.00885304
0.00847736
0.00772923
0.00686663
0.00577621
0.00491735
0.00361544
0.00314005
0.00131099
0.00181089
-0.263023
-0.244546
-0.222436
-0.203063
-0.182941
-0.162156
-0.141342
-0.120787
-0.10083
-0.0818606
-0.0642534
-0.0483438
-0.0343984
-0.0225876
-0.0129695
-0.00548467
3.14956e-05
0.00382754
0.00619565
0.00745004
0.00786468
0.00771759
0.00715111
0.00643008
0.00545147
0.00467482
0.00344761
0.00301022
0.00125565
0.00173535
-0.264778
-0.246611
-0.225254
-0.206479
-0.186811
-0.16644
-0.145948
-0.125609
-0.105761
-0.0867841
-0.0690545
-0.0529146
-0.0386449
-0.0264371
-0.0163741
-0.00842343
-0.00244604
0.00178483
0.00454542
0.00614086
0.00684223
0.00692953
0.00655032
0.00597567
0.00511305
0.00442164
0.00327236
0.00287444
0.00119789
0.00165767
-0.265656
-0.247672
-0.227321
-0.209246
-0.190146
-0.170301
-0.150222
-0.130183
-0.110521
-0.0916082
-0.0738201
-0.0575058
-0.0429592
-0.0303915
-0.0199094
-0.0115065
-0.00507046
-0.000397723
0.00276959
0.00472458
0.00573224
0.00607309
0.00589811
0.00548365
0.00474796
0.00414968
0.00308492
0.00273018
0.00113666
0.00157782
-0.266498
-0.248196
-0.228692
-0.211184
-0.192722
-0.173547
-0.154029
-0.134434
-0.115093
-0.0963691
-0.078629
-0.0622264
-0.0474677
-0.0345834
-0.0237073
-0.0148618
-0.00796091
-0.00282633
0.000777932
0.00312816
0.00447823
0.00510478
0.00516169
0.00492996
0.00433973
0.0038482
0.00287882
0.00257405
0.00107002
0.00149616
-0.264485
-0.244308
-0.226263
-0.20957
-0.192099
-0.173939
-0.155282
-0.136388
-0.117587
-0.0992391
-0.0817191
-0.0653895
-0.0505729
-0.0375227
-0.0264085
-0.0172802
-0.0100722
-0.00462486
-0.000718995
0.00190857
0.00350301
0.00433694
0.00456541
0.00447081
0.00399283
0.00358383
0.00269373
0.00242837
0.00100576
0.00141835
-0.248886
-0.241553
-0.227786
-0.211321
-0.193819
-0.175489
-0.156558
-0.137353
-0.118224
-0.0995515
-0.0817219
-0.065109
-0.0500475
-0.0368026
-0.0255375
-0.0163136
-0.00908354
-0.00369098
9.61911e-05
0.00256577
0.00399127
0.00466763
0.0047651
0.00456767
0.00402074
0.00356017
0.00265512
0.00236489
0.000976548
0.00135898
-0.236273
-0.230978
-0.219341
-0.204328
-0.188164
-0.171025
-0.153156
-0.13491
-0.116639
-0.0987136
-0.0815131
-0.0654072
-0.0507259
-0.037736
-0.0266171
-0.0174478
-0.0101982
-0.00473266
-0.00083923
0.00175188
0.00330153
0.00409446
0.00429879
0.00419139
0.00372721
0.00332641
0.00249026
0.00222823
0.000919
0.00128618
-0.225804
-0.219923
-0.20923
-0.19559
-0.180773
-0.164925
-0.148287
-0.131208
-0.114025
-0.0970905
-0.0807645
-0.0653981
-0.0513091
-0.0387597
-0.0279342
-0.018922
-0.0117109
-0.00618956
-0.0021738
0.000577953
0.00230386
0.00326902
0.00363415
0.00366385
0.00332372
0.00301388
0.00227478
0.00205711
0.000848078
0.00120248
-0.21613
-0.209691
-0.199572
-0.187133
-0.173516
-0.158845
-0.143356
-0.127378
-0.111231
-0.0952484
-0.0797706
-0.0651316
-0.0516362
-0.03954
-0.0290277
-0.0201977
-0.0130541
-0.00750854
-0.00340238
-0.000519766
0.00135679
0.00247368
0.00298469
0.00314104
0.00291902
0.00269624
0.00205406
0.00187947
0.000774831
0.00111331
-0.206359
-0.199676
-0.189979
-0.178629
-0.166156
-0.152621
-0.138259
-0.123371
-0.108256
-0.0932226
-0.0785944
-0.0646877
-0.0517947
-0.040164
-0.0299807
-0.0213512
-0.0142957
-0.0087473
-0.00457141
-0.00157665
0.000434858
0.00169118
0.00233929
0.00261636
0.00250934
0.00237174
0.00182712
0.00169523
0.000698823
0.00101885
-0.196148
-0.189607
-0.180293
-0.169938
-0.158572
-0.146154
-0.132911
-0.119119
-0.105047
-0.090982
-0.0772248
-0.0640744
-0.0518093
-0.0406701
-0.0308417
-0.0224378
-0.0154931
-0.00996165
-0.00573193
-0.00263691
-0.00049845
0.000892617
0.00167593
0.00207363
0.00208318
0.00203264
0.00158891
0.00150145
0.000618432
0.000918847
-0.185535
-0.179446
-0.170567
-0.161134
-0.150833
-0.139504
-0.12736
-0.114655
-0.101627
-0.0885375
-0.0756651
-0.0632893
-0.051674
-0.041051
-0.0316032
-0.0234504
-0.0166406
-0.0111471
-0.0068808
-0.00369864
-0.00144228
7.8111e-05
0.000994173
0.00151222
0.00163974
0.00167827
0.00133871
0.00129785
0.000533098
0.000813624
-0.174634
-0.1692
-0.160851
-0.152289
-0.14301
-0.132736
-0.121664
-0.110024
-0.098029
-0.0859112
-0.073927
-0.0623358
-0.0513855
-0.041298
-0.0322533
-0.0243753
-0.0177238
-0.0122898
-0.00800577
-0.00475148
-0.00238833
-0.000746
0.0002986
0.000935321
0.00118103
0.00130999
0.0010771
0.00108498
0.000442586
0.000703752
-0.163566
-0.1589
-0.15118
-0.143456
-0.135153
-0.1259
-0.115866
-0.105264
-0.0942816
-0.0831239
-0.0720238
-0.0612201
-0.0509445
-0.0414077
-0.0327852
-0.0252039
-0.0187332
-0.0133806
-0.00909821
-0.00578796
-0.00333048
-0.00157492
-0.000407263
0.000345482
0.00070867
0.000928962
0.000804542
0.000863384
0.000346624
0.000589868
-0.152463
-0.148606
-0.141597
-0.134684
-0.127311
-0.11904
-0.110006
-0.10041
-0.0904123
-0.0801959
-0.0699689
-0.0599498
-0.0503533
-0.0413781
-0.0331941
-0.0259293
-0.0196612
-0.0144115
-0.0101507
-0.00680153
-0.00426327
-0.00240431
-0.00112016
-0.000254904
0.000224213
0.000536321
0.000521513
0.000633667
0.000244949
0.000472687
-0.141458
-0.138395
-0.13215
-0.126024
-0.119531
-0.112198
-0.104124
-0.0954928
-0.0864483
-0.0771478
-0.0677768
-0.0585335
-0.0496154
-0.0412087
-0.0334761
-0.0265454
-0.0205002
-0.0153747
-0.0111556
-0.00778523
-0.00518077
-0.00322933
-0.00183638
-0.000863044
-0.000270445
0.00013348
0.000228695
0.000396576
0.000137373
0.000353015
-0.13067
-0.128344
-0.122887
-0.117522
-0.111858
-0.105415
-0.0982545
-0.090546
-0.082416
-0.0740004
-0.0654626
-0.0569809
-0.0487358
-0.0409
-0.0336285
-0.0270469
-0.0212434
-0.0162623
-0.0121051
-0.00873183
-0.00607664
-0.00404468
-0.00255174
-0.00147571
-0.000773023
-0.000277843
-7.29895e-05
0.000153032
2.38193e-05
0.000231739
-0.120197
-0.118532
-0.113859
-0.109222
-0.104334
-0.0987264
-0.0924317
-0.0855989
-0.0783411
-0.0707747
-0.0630424
-0.0553032
-0.0477208
-0.0404543
-0.0336499
-0.0274298
-0.0218847
-0.0170674
-0.0129918
-0.00963416
-0.00694436
-0.00484478
-0.00326167
-0.00208931
-0.00128089
-0.000695644
-0.000382364
-9.58762e-05
-9.56556e-05
0.000109808
-0.110119
-0.109027
-0.10511
-0.101163
-0.0969957
-0.0921684
-0.0866865
-0.0806797
-0.0742481
-0.0674913
-0.0605327
-0.0535127
-0.0465784
-0.0398757
-0.0335408
-0.0276916
-0.0224196
-0.0177838
-0.0138089
-0.0104853
-0.00777744
-0.00562386
-0.00396135
-0.00269993
-0.00179107
-0.00111764
-0.000697988
-0.000348892
-0.000220835
-1.17893e-05
-0.100496
-0.0998872
-0.0966809
-0.0933813
-0.0898775
-0.0857719
-0.0810479
-0.075815
-0.0701613
-0.0641714
-0.0579509
-0.0516229
-0.0453186
-0.0391702
-0.0333038
-0.0278318
-0.0228449
-0.0184066
-0.0145504
-0.0112787
-0.00856951
-0.00637611
-0.00464572
-0.00330338
-0.00230028
-0.00154126
-0.00101815
-0.00060459
-0.000351312
-0.000132051
-0.0913694
-0.0911602
-0.0886067
-0.0859056
-0.0830092
-0.079566
-0.0755431
-0.0710305
-0.0661044
-0.0608362
-0.0553156
-0.0496492
-0.0439529
-0.0383457
-0.0329434
-0.0278516
-0.0231592
-0.0189323
-0.0152111
-0.0120087
-0.00931458
-0.00709577
-0.00530962
-0.00389526
-0.00280495
-0.00196369
-0.00134084
-0.000861381
-0.000486447
-0.000250008
-0.0827654
-0.082881
-0.0809162
-0.0787622
-0.0764175
-0.0735774
-0.0701981
-0.0663511
-0.0621011
-0.0575078
-0.0526464
-0.0476083
-0.0424951
-0.0374126
-0.0324663
-0.0277545
-0.023363
-0.0193589
-0.0157874
-0.0126703
-0.0100072
-0.00777735
-0.0059479
-0.00447104
-0.00330128
-0.00238187
-0.00166381
-0.00111753
-0.000625373
-0.000364726
-0.0746988
-0.0750749
-0.073633
-0.0719737
-0.0701262
-0.0678311
-0.0650379
-0.0618015
-0.0581755
-0.054209
-0.0499643
-0.045519
-0.0409609
-0.0363836
-0.0318818
-0.0275465
-0.023459
-0.0196864
-0.0162771
-0.0132597
-0.0106426
-0.00841579
-0.00655558
-0.00502615
-0.00378529
-0.00279256
-0.00198453
-0.00137113
-0.000766997
-0.000475303
-0.0671772
-0.06776
-0.0667766
-0.0655598
-0.0641572
-0.0623506
-0.0600871
-0.0574066
-0.0543523
-0.0509639
-0.0472922
-0.043402
-0.0393685
-0.0352736
-0.0312017
-0.0272358
-0.0234524
-0.0199168
-0.0166796
-0.0137744
-0.011217
-0.00900661
-0.00712795
-0.00555611
-0.00425293
-0.00319236
-0.00230025
-0.00162018
-0.000910017
-0.000580891
-0.0602038
-0.0609489
-0.0603632
-0.0595387
-0.0585308
-0.0571589
-0.0553701
-0.0531917
-0.0506572
-0.0477979
-0.0446543
-0.04128
-0.0377384
-0.0341004
-0.0304404
-0.0268334
-0.0233504
-0.0200543
-0.0169963
-0.0142136
-0.0117278
-0.00954608
-0.00766077
-0.00605664
-0.00470016
-0.00357779
-0.00260804
-0.00186251
-0.00105293
-0.000680695
-0.0537804
-0.0546515
-0.0544077
-0.0539275
-0.0532669
-0.0522786
-0.0509116
-0.0491828
-0.047117
-0.0447378
-0.0420771
-0.0391779
-0.0360934
-0.032884
-0.0296148
-0.0263527
-0.0231631
-0.0201054
-0.0172306
-0.0145779
-0.0121737
-0.0100314
-0.00815039
-0.00652377
-0.00512302
-0.00394532
-0.00290485
-0.00209587
-0.00119404
-0.000773974
-0.0479094
-0.0488766
-0.0489242
-0.0487432
-0.0483857
-0.0477328
-0.0467371
-0.0454071
-0.0437598
-0.0418123
-0.0395885
-0.0371228
-0.0344588
-0.0316472
-0.0287446
-0.0258101
-0.022903
-0.0200791
-0.0173879
-0.0148699
-0.0125547
-0.0104609
-0.00859385
-0.00695394
-0.00551772
-0.00429145
-0.0031875
-0.00231792
-0.00133153
-0.000860033
-0.0425948
-0.0436339
-0.0439271
-0.0440036
-0.0439077
-0.043545
-0.0428728
-0.0418928
-0.0406152
-0.0390514
-0.0372188
-0.035144
-0.032862
-0.0304152
-0.027852
-0.0252242
-0.0225851
-0.0199865
-0.0174759
-0.0150939
-0.0128724
-0.010834
-0.00898902
-0.0073441
-0.00588076
-0.00461278
-0.0034528
-0.00252624
-0.00146344
-0.000938209
-0.0378437
-0.038935
-0.039433
-0.0397282
-0.0398554
-0.0397408
-0.0393468
-0.0386698
-0.0377145
-0.0364873
-0.0350002
-0.0332728
-0.031333
-0.0292157
-0.0269618
-0.0246164
-0.0222271
-0.0198414
-0.0175044
-0.0152562
-0.0131299
-0.0111513
-0.00933462
-0.00769175
-0.0062089
-0.004906
-0.00369753
-0.00271838
-0.00158775
-0.00100785
-0.0336672
-0.0347949
-0.0354609
-0.0359391
-0.0362536
-0.0363479
-0.0361892
-0.0357704
-0.0350914
-0.0341545
-0.0329669
-0.0315429
-0.0299041
-0.0280787
-0.0261011
-0.0240104
-0.0218487
-0.0196596
-0.0174852
-0.0153647
-0.0133319
-0.0114145
-0.00963022
-0.00799492
-0.00649926
-0.00516792
-0.00391847
-0.00289179
-0.00170234
-0.00106831
-0.0300816
-0.0312336
-0.0320346
-0.0326626
-0.0331311
-0.0333974
-0.0334336
-0.0332299
-0.0327824
-0.03209
-0.0311563
-0.0299908
-0.02861
-0.0270366
-0.0252994
-0.023432
-0.0214719
-0.0194586
-0.0174317
-0.015429
-0.0134841
-0.0116265
-0.0098761
-0.00825215
-0.00674917
-0.00539544
-0.0041124
-0.00304388
-0.00180507
-0.00111891
-0.0271114
-0.0282784
-0.0291845
-0.0299313
-0.0305224
-0.0309259
-0.0311183
-0.0310879
-0.0308279
-0.0303345
-0.0296083
-0.0286554
-0.027488
-0.0261242
-0.0245882
-0.0229091
-0.0211204
-0.0192579
-0.0173589
-0.0154596
-0.0135935
-0.0117907
-0.010073
-0.00846222
-0.0069561
-0.00558544
-0.00427601
-0.00317192
-0.0018936
-0.00115894
-0.0247888
-0.0259646
-0.0269488
-0.0277852
-0.0284692
-0.0289767
-0.0292878
-0.0293896
-0.0292733
-0.0289331
-0.0283673
-0.0275793
-0.0265781
-0.0253786
-0.0240011
-0.0224712
-0.0208191
-0.0190778
-0.0172824
-0.0154679
-0.0136671
-0.0119107
-0.0102219
-0.00862389
-0.00711738
-0.00573461
-0.00440575
-0.0032731
-0.00196546
-0.00118754
-0.0231671
-0.0243464
-0.0253823
-0.0262793
-0.0270262
-0.0276043
-0.0279964
-0.0281889
-0.0281714
-0.027937
-0.0274823
-0.026809
-0.0259239
-0.0248393
-0.0235733
-0.0221488
-0.0205937
-0.018939
-0.0172181
-0.0154649
-0.0137119
-0.01199
-0.010323
-0.0087354
-0.00722985
-0.00583908
-0.0044978
-0.00334397
-0.0020189
-0.0012029
-0.0222972
-0.0234818
-0.0245471
-0.0254774
-0.0262583
-0.0268741
-0.0273089
-0.0275491
-0.0275837
-0.0274048
-0.0270087
-0.0263958
-0.025572
-0.0245484
-0.0233415
-0.0219731
-0.0204698
-0.0188614
-0.0171805
-0.0154604
-0.0137335
-0.0120303
-0.0103756
-0.00879375
-0.00728942
-0.00589383
-0.00454809
-0.0033792
-0.0020549
-0.00120206
-0.120464
-0.131028
-0.141086
-0.150627
-0.159645
-0.168133
-0.176085
-0.183501
-0.19038
-0.196727
-0.202556
-0.207887
-0.212758
-0.217231
-0.22141
-0.225459
-0.229645
-0.234346
-0.240328
-0.254098
-0.112481
-0.122474
-0.131994
-0.141032
-0.149582
-0.157638
-0.165199
-0.172267
-0.178849
-0.184961
-0.190627
-0.19589
-0.200816
-0.205508
-0.21012
-0.214882
-0.220148
-0.226372
-0.233832
-0.249802
-0.104795
-0.114282
-0.123349
-0.131988
-0.140197
-0.147972
-0.155317
-0.162237
-0.168744
-0.174856
-0.180605
-0.186032
-0.191199
-0.196195
-0.20114
-0.206198
-0.211608
-0.217619
-0.223962
-0.237889
-0.0973221
-0.106327
-0.114959
-0.123211
-0.131081
-0.138569
-0.145679
-0.152417
-0.158794
-0.164828
-0.170546
-0.175981
-0.181181
-0.186211
-0.191154
-0.196119
-0.201266
-0.206783
-0.21236
-0.224351
-0.0900676
-0.0986004
-0.106798
-0.114656
-0.122172
-0.129346
-0.136182
-0.142685
-0.148866
-0.15474
-0.160329
-0.16566
-0.170773
-0.17572
-0.180569
-0.185409
-0.190379
-0.195647
-0.200936
-0.211107
-0.083044
-0.0911171
-0.0988891
-0.106356
-0.113516
-0.120369
-0.126918
-0.133169
-0.13913
-0.144814
-0.15024
-0.155433
-0.160425
-0.165262
-0.169999
-0.174712
-0.179505
-0.1845
-0.189462
-0.197895
-0.0762521
-0.0838822
-0.0912416
-0.0983264
-0.105135
-0.111667
-0.117926
-0.123915
-0.129643
-0.13512
-0.140363
-0.145391
-0.150231
-0.154919
-0.159498
-0.164023
-0.168569
-0.173216
-0.177815
-0.184785
-0.0696932
-0.0768971
-0.083857
-0.0905692
-0.097032
-0.103245
-0.10921
-0.114931
-0.120414
-0.125667
-0.130703
-0.135539
-0.140193
-0.144694
-0.149073
-0.153371
-0.157641
-0.161941
-0.166191
-0.171974
-0.0633671
-0.0701619
-0.0767362
-0.0830865
-0.0892105
-0.0951076
-0.100779
-0.106227
-0.111456
-0.116473
-0.121287
-0.12591
-0.130357
-0.134649
-0.138809
-0.142866
-0.14686
-0.15083
-0.154732
-0.159553
-0.0572741
-0.0636774
-0.0698808
-0.0758808
-0.0816747
-0.0872615
-0.0926412
-0.0978155
-0.102787
-0.107561
-0.112144
-0.116545
-0.120774
-0.124846
-0.128778
-0.132591
-0.136312
-0.139967
-0.143526
-0.147579
-0.0514152
-0.0574447
-0.0632926
-0.0689549
-0.0744288
-0.0797127
-0.084806
-0.0897091
-0.0944238
-0.0989531
-0.103301
-0.107475
-0.111481
-0.115329
-0.119032
-0.122602
-0.12606
-0.129421
-0.132656
-0.136106
-0.0457921
-0.0514657
-0.0569737
-0.0623118
-0.067477
-0.0724671
-0.0772808
-0.0819178
-0.0863786
-0.0906648
-0.0947791
-0.0987253
-0.102508
-0.106135
-0.109612
-0.112948
-0.116157
-0.11925
-0.122188
-0.125173
-0.0404071
-0.0457427
-0.0509268
-0.0559549
-0.0608235
-0.0655302
-0.070073
-0.0744509
-0.0786635
-0.0827113
-0.0865956
-0.0903184
-0.0938828
-0.0972926
-0.100552
-0.103667
-0.106646
-0.109496
-0.11217
-0.114796
-0.0352625
-0.0402783
-0.0451549
-0.0498876
-0.0544728
-0.0589076
-0.0631896
-0.0673173
-0.0712895
-0.0751058
-0.0787666
-0.0822726
-0.0856255
-0.0888272
-0.0918803
-0.0947878
-0.0975551
-0.100187
-0.102631
-0.104982
-0.0303603
-0.0350754
-0.0396614
-0.0441138
-0.0484294
-0.0526048
-0.0566374
-0.0605251
-0.0642663
-0.06786
-0.0713058
-0.0746035
-0.0777539
-0.0807576
-0.0836161
-0.0863308
-0.0889053
-0.0913418
-0.0935872
-0.0957251
-0.0257113
-0.0301407
-0.0344508
-0.0386378
-0.0426978
-0.046627
-0.0504224
-0.0540816
-0.0576026
-0.0609839
-0.0642245
-0.067324
-0.0702821
-0.0730991
-0.0757754
-0.0783117
-0.0807106
-0.0829726
-0.085047
-0.0870152
-0.0213065
-0.0254707
-0.0295238
-0.0334621
-0.0372817
-0.0409788
-0.0445502
-0.0479933
-0.0513058
-0.054486
-0.0575325
-0.0604446
-0.0632216
-0.0658633
-0.0683699
-0.0707415
-0.0729803
-0.0750855
-0.0770116
-0.0788396
-0.0171554
-0.0210716
-0.0248846
-0.0285904
-0.032185
-0.0356645
-0.0390257
-0.0422658
-0.0453823
-0.0483735
-0.0512377
-0.0539738
-0.0565813
-0.0590595
-0.0614086
-0.0636284
-0.065721
-0.0676846
-0.0694804
-0.0711877
-0.0132599
-0.0169464
-0.0205366
-0.0240263
-0.0274114
-0.0306882
-0.0338534
-0.036904
-0.0398377
-0.0426523
-0.0453464
-0.0479187
-0.0503684
-0.052695
-0.0548984
-0.0569786
-0.0589373
-0.0607727
-0.0624524
-0.0640518
-0.00962464
-0.0130992
-0.0164835
-0.0197734
-0.0229648
-0.0260539
-0.0290375
-0.0319125
-0.0346766
-0.0373278
-0.0398643
-0.0422849
-0.0445889
-0.0467757
-0.048845
-0.0507972
-0.0526336
-0.0543524
-0.0559278
-0.0574284
-0.00625427
-0.00953436
-0.0127297
-0.015836
-0.0188493
-0.0217658
-0.0245822
-0.0272958
-0.029904
-0.0324047
-0.0347964
-0.0370778
-0.0392481
-0.0413067
-0.0432536
-0.0450889
-0.046814
-0.048427
-0.0499082
-0.0513177
-0.00315411
-0.00625703
-0.00928002
-0.0122189
-0.0150696
-0.0178286
-0.0204926
-0.0230588
-0.0255247
-0.0278883
-0.030148
-0.0323027
-0.0343514
-0.0362936
-0.0381294
-0.0398589
-0.0414832
-0.043001
-0.0443972
-0.0457231
-0.000330606
-0.00327342
-0.00614062
-0.00892804
-0.0116318
-0.0142484
-0.0167745
-0.0192074
-0.0215448
-0.0237847
-0.0259254
-0.0279658
-0.0299051
-0.0317428
-0.0334788
-0.0351134
-0.0366476
-0.0380804
-0.0394008
-0.0406507
0.00220827
-0.000591355
-0.00331918
-0.00597113
-0.00854341
-0.0110326
-0.0134355
-0.0157495
-0.0179722
-0.0201017
-0.0221364
-0.0240752
-0.0259173
-0.0276623
-0.02931
-0.0308609
-0.0323156
-0.0336736
-0.0349272
-0.0361093
0.00445246
0.00177917
-0.000825668
-0.00335809
-0.00581444
-0.00819133
-0.0104858
-0.0126951
-0.014817
-0.0168498
-0.0187917
-0.0206418
-0.0223992
-0.0240634
-0.0256345
-0.0271127
-0.0284988
-0.0297924
-0.0309885
-0.0321116
0.0063887
0.00382486
0.00132655
-0.00110241
-0.00345846
-0.00573836
-0.0079392
-0.0100584
-0.0120938
-0.0140435
-0.0159061
-0.0176805
-0.0193658
-0.0209617
-0.022468
-0.023885
-0.0252134
-0.0264531
-0.0276013
-0.028675
0.00800093
0.00552934
0.00312074
0.000778814
-0.00149302
-0.00369164
-0.00581424
-0.00785834
-0.00982182
-0.0117029
-0.0135001
-0.0152123
-0.0168388
-0.0183791
-0.019833
-0.0212009
-0.0224831
-0.02368
-0.0247902
-0.0258245
0.00926336
0.00686675
0.00453098
0.00225961
5.58644e-05
-0.00207726
-0.00413707
-0.0061212
-0.00802757
-0.00985445
-0.0116004
-0.0132644
-0.0148455
-0.0163434
-0.0177578
-0.0190888
-0.020337
-0.0215027
-0.0225856
-0.0235916
0.0101557
0.00781406
0.00553149
0.00331131
0.00115667
-0.000929562
-0.00294479
-0.00488671
-0.0067533
-0.00854286
-0.010254
-0.0118855
-0.0134365
-0.0149066
-0.0162955
-0.0176032
-0.01883
-0.0199763
-0.0210425
-0.0220312
0.0106177
0.00831687
0.00607371
0.00389126
0.00177227
-0.000280657
-0.00226511
-0.00417893
-0.00602018
-0.00778721
-0.00947859
-0.0110932
-0.01263
-0.0140885
-0.0154682
-0.0167689
-0.0179908
-0.019134
-0.0201992
-0.0211869
0.163173
0.146889
0.131557
0.116522
0.101092
0.0855586
0.0700588
0.0546358
0.0393421
0.0242272
0.00933248
-0.00530556
-0.0196547
-0.0336873
-0.0473806
-0.0607207
-0.0734619
-0.0858798
-0.0978717
-0.109405
0.158387
0.141915
0.126586
0.112108
0.0973004
0.0824448
0.067688
0.0530436
0.0385472
0.024239
0.0101523
-0.00368252
-0.0172373
-0.0304851
-0.0433969
-0.0559546
-0.0680207
-0.079789
-0.0911271
-0.102027
0.150998
0.134803
0.119844
0.10614
0.0921927
0.0782089
0.064357
0.0506335
0.0370588
0.0236659
0.0104824
-0.00246651
-0.0151566
-0.0275638
-0.0396631
-0.0514412
-0.0628048
-0.0739111
-0.0846032
-0.0948975
0.14333
0.128011
0.113672
0.10074
0.0876448
0.0744984
0.0614954
0.0486325
0.0359176
0.0233778
0.011036
-0.00108692
-0.0129706
-0.0245945
-0.035938
-0.0469896
-0.0576765
-0.0681534
-0.0782312
-0.0879517
0.135836
0.121556
0.10795
0.0957626
0.0834932
0.0711588
0.0589659
0.0469198
0.0350182
0.0232824
0.0117324
0.000385363
-0.0107417
-0.0216313
-0.0322645
-0.0426137
-0.0525836
-0.0625156
-0.0720301
-0.081207
0.128648
0.115378
0.102553
0.0910865
0.0796147
0.0680735
0.0566638
0.0454015
0.0342781
0.0233091
0.0125121
0.00190149
-0.00850863
-0.018704
-0.0286717
-0.0384135
-0.0479561
-0.05707
-0.066008
-0.0746738
0.121825
0.109518
0.0975014
0.0867407
0.0760344
0.0652607
0.0546032
0.0440885
0.0337051
0.0234638
0.0133797
0.00346543
-0.00626719
-0.0158062
-0.0251394
-0.0342548
-0.0431569
-0.0517585
-0.0601827
-0.0683533
0.1154
0.104006
0.0928046
0.0827345
0.072759
0.0627218
0.0527837
0.0429792
0.0332969
0.0237436
0.0143327
0.00507514
-0.00401866
-0.0129383
-0.021673
-0.0302123
-0.038556
-0.0466429
-0.0545592
-0.0622476
0.109396
0.0988621
0.0884635
0.0790645
0.069783
0.0604476
0.0511944
0.0420626
0.0330426
0.0241386
0.0153619
0.00672272
-0.00176983
-0.0101064
-0.0182776
-0.0262746
-0.0340928
-0.0416903
-0.0491248
-0.0563545
0.103825
0.0940971
0.0844761
0.0757248
0.0670997
0.0584289
0.0498247
0.0413278
0.0329317
0.0246385
0.0164581
0.00839992
0.000472263
-0.00731636
-0.0149573
-0.0224425
-0.0297655
-0.0368976
-0.0438787
-0.0506741
0.0986906
0.0897143
0.0808372
0.0727067
0.0647002
0.0566554
0.0486631
0.0407635
0.032953
0.0252328
0.0176116
0.0100981
0.00270015
-0.00457438
-0.0117174
-0.0187214
-0.0255795
-0.0322701
-0.0388234
-0.0452076
0.0939882
0.0857116
0.0775385
0.069999
0.0625733
0.0551149
0.047697
0.0403573
0.0330948
0.0259106
0.0188123
0.0118083
0.00490588
-0.00188731
-0.00856373
-0.0151161
-0.0215375
-0.0278107
-0.0339611
-0.0399568
0.0897092
0.0820822
0.0745696
0.0675884
0.0607058
0.0537944
0.046913
0.040096
0.0333447
0.0266603
0.0200498
0.013521
0.00708128
0.000737825
-0.00550202
-0.0116313
-0.017643
-0.0235223
-0.0292945
-0.0349241
0.0858413
0.0788155
0.0719173
0.0654599
0.059083
0.0526794
0.0462971
0.0399664
0.0336902
0.0274704
0.0213135
0.0152269
0.00921793
0.00329373
-0.00253828
-0.00827087
-0.0138969
-0.0194046
-0.0248253
-0.0301117
0.0823682
0.0758975
0.0695665
0.0635969
0.0576888
0.0517549
0.0458345
0.0399544
0.0341184
0.0283291
0.0225926
0.0169161
0.0113068
0.00577176
0.000318887
-0.00504244
-0.0102954
-0.015404
-0.0205435
-0.0255195
0.0792714
0.0733116
0.0675002
0.0619818
0.0565063
0.0510048
0.0455103
0.040046
0.0346163
0.0292245
0.0238764
0.0185789
0.0133387
0.00816225
0.00305541
-0.00197745
-0.00693943
-0.011848
-0.0165322
-0.0211679
0.0765298
0.0710386
0.0657002
0.060596
0.0555178
0.0504128
0.0453092
0.0402269
0.035171
0.030145
0.0251548
0.020207
0.0153083
0.0104651
0.00568366
0.000970553
-0.00366784
-0.00822506
-0.0126702
-0.0170356
0.0741208
0.0690579
0.064147
0.0594204
0.0547051
0.049962
0.0452155
0.040483
0.0357694
0.0310789
0.0264174
0.0217913
0.0172072
0.0126717
0.00819121
0.00377247
-0.000578077
-0.00485436
-0.00903681
-0.0131407
0.0720204
0.0673474
0.0628203
0.0584355
0.0540499
0.0496354
0.0452137
0.0407996
0.0363983
0.0320143
0.0276532
0.0233217
0.0190263
0.0147733
0.0105693
0.00642085
0.00233441
-0.00168376
-0.00562031
-0.00948193
0.070204
0.0658842
0.0616994
0.0576216
0.0535336
0.049416
0.0452879
0.0411624
0.0370445
0.0329389
0.0288514
0.0247883
0.0207562
0.0167613
0.0128101
0.0089091
0.00506449
0.00128253
-0.00242643
-0.00606473
0.068647
0.064645
0.0607631
0.0569591
0.0531379
0.0492866
0.0454225
0.0415567
0.0376945
0.0338404
0.0300004
0.0261807
0.0223876
0.0186272
0.014906
0.0112302
0.00760601
0.00403949
0.000539361
-0.00289421
0.0673246
0.0636067
0.0599907
0.0564286
0.0528444
0.0492305
0.0456017
0.0419682
0.0383348
0.0347065
0.031089
0.0274883
0.0239106
0.020362
0.0168487
0.0133768
0.0099523
0.00658124
0.00327123
2.39869e-05
0.0662133
0.0627466
0.0593617
0.056011
0.0526353
0.0492307
0.04581
0.0423821
0.038952
0.0355245
0.0321052
0.0287001
0.0253151
0.0219562
0.0186293
0.0153405
0.0120957
0.00890061
0.00576221
0.00268317
0.0652905
0.0620429
0.0588563
0.0556879
0.0524933
0.0492708
0.0460318
0.0427839
0.0395321
0.0362812
0.0330367
0.0298044
0.0265899
0.0233992
0.0202379
0.017112
0.0140272
0.010989
0.0080039
0.00507516
0.0645353
0.0614752
0.0584556
0.0554416
0.0524012
0.0493347
0.0462517
0.0431588
0.0400611
0.0369632
0.0338706
0.0307886
0.027723
0.0246793
0.0216632
0.0186803
0.0157361
0.012836
0.00998599
0.00718978
0.0639292
0.0610249
0.0581421
0.0552552
0.0523429
0.0494065
0.0464541
0.0434917
0.0405241
0.0375559
0.0345924
0.0316388
0.0287005
0.025783
0.0228916
0.0200319
0.017209
0.0144282
0.0116952
0.00901376
0.0634564
0.0606756
0.0579
0.0551135
0.0523031
0.0494711
0.0466242
0.0437677
0.0409063
0.0380446
0.0351875
0.0323402
0.0295078
0.0266955
0.0239085
0.021152
0.0184311
0.0157508
0.0131162
0.0105314
0.063104
0.0604127
0.0577141
0.0550002
0.0522646
0.0495103
0.0467426
0.0439665
0.0411864
0.038407
0.0356329
0.0328691
0.0301204
0.0273918
0.0246883
0.0220147
0.019376
0.0167769
0.0142225
0.0117168
0.0628672
0.0602308
0.0575795
0.0549115
0.0522247
0.0495222
0.0468085
0.0440881
0.0413651
0.038644
0.0359292
0.0332256
0.0305376
0.0278701
0.0252277
0.0226152
0.0200371
0.0174979
0.0150018
0.0125529
0.0627343
0.060108
0.0574631
0.0548024
0.0521267
0.0494394
0.0467446
0.0440465
0.0413495
0.0386577
0.0359754
0.0333069
0.0306565
0.0280287
0.0254277
0.0228578
0.0203231
0.0178278
0.0153763
0.0129724
0.190555
0.191709
0.194148
0.197269
0.20085
0.20451
0.207883
0.210574
0.212155
0.212249
0.2104
0.20642
0.199588
0.190685
0.173814
0.189413
0.190459
0.192676
0.195476
0.198627
0.201744
0.204459
0.20638
0.207089
0.206228
0.203369
0.198362
0.190519
0.180752
0.164643
0.1882
0.18915
0.191149
0.193636
0.196376
0.19899
0.201114
0.202368
0.202357
0.20075
0.197166
0.191506
0.183173
0.173217
0.158111
0.186901
0.187745
0.189509
0.191662
0.193965
0.196045
0.197547
0.198105
0.197347
0.194977
0.190662
0.184351
0.175566
0.165339
0.150804
0.185511
0.186243
0.187761
0.189565
0.191413
0.192943
0.193809
0.193663
0.192161
0.189043
0.184028
0.177112
0.167941
0.157462
0.143431
0.184029
0.184645
0.185909
0.187354
0.188739
0.189716
0.189949
0.189115
0.186902
0.183086
0.177446
0.170015
0.160561
0.149931
0.136413
0.182453
0.182949
0.183951
0.18503
0.185948
0.186371
0.185983
0.184483
0.181598
0.177142
0.170954
0.163101
0.153459
0.142768
0.129755
0.18078
0.181153
0.181887
0.182595
0.183042
0.182914
0.181917
0.17978
0.176265
0.17123
0.164568
0.156379
0.146626
0.135948
0.123434
0.17901
0.179257
0.179718
0.18005
0.180026
0.179356
0.177768
0.175024
0.170927
0.165375
0.158315
0.149869
0.140077
0.12948
0.117461
0.177141
0.177259
0.177446
0.177399
0.176909
0.175707
0.173552
0.170238
0.16561
0.159606
0.15222
0.143596
0.133828
0.123378
0.111854
0.175175
0.175163
0.175073
0.17465
0.173699
0.171983
0.169288
0.165446
0.160342
0.153952
0.146312
0.137582
0.127897
0.117648
0.106621
0.173113
0.172971
0.172604
0.171809
0.170409
0.168198
0.164996
0.160671
0.155148
0.148439
0.140614
0.131845
0.122294
0.112298
0.101766
0.17096
0.170687
0.170047
0.168886
0.167052
0.164371
0.160699
0.155939
0.150055
0.143091
0.135146
0.1264
0.11703
0.107326
0.0972879
0.16872
0.168318
0.16741
0.165893
0.163644
0.160522
0.156418
0.151274
0.145089
0.137933
0.129929
0.12126
0.112111
0.102731
0.0931823
0.166402
0.165872
0.164704
0.162844
0.160201
0.15667
0.152178
0.146702
0.140272
0.132984
0.124977
0.116433
0.107538
0.0985078
0.0894412
0.164014
0.16336
0.161942
0.159755
0.156744
0.152839
0.148003
0.142247
0.135629
0.128265
0.120304
0.111926
0.103311
0.0946477
0.0860533
0.161568
0.160795
0.159139
0.156645
0.153293
0.149052
0.143918
0.137933
0.131181
0.123791
0.115919
0.107741
0.0994262
0.0911396
0.0830045
0.159081
0.158194
0.156313
0.153533
0.149872
0.145333
0.139947
0.133783
0.126946
0.119576
0.111831
0.103878
0.0958773
0.0879704
0.0802787
0.156569
0.155574
0.153486
0.150444
0.146505
0.141708
0.136115
0.129819
0.122942
0.115631
0.108043
0.100336
0.0926552
0.0851251
0.077858
0.154054
0.152959
0.150681
0.147402
0.143219
0.138204
0.132447
0.126062
0.119184
0.111965
0.104557
0.0971078
0.089749
0.0825873
0.0757235
0.151561
0.150373
0.147925
0.144435
0.140041
0.134846
0.128966
0.122531
0.115687
0.108586
0.101374
0.0941887
0.0871467
0.08034
0.0738556
0.149117
0.147846
0.145247
0.141574
0.137002
0.131664
0.125696
0.119246
0.112463
0.105499
0.0984936
0.0915708
0.0848355
0.0783658
0.0722348
0.146755
0.14541
0.14268
0.138851
0.134133
0.128685
0.122663
0.116224
0.109524
0.10271
0.0959125
0.0892461
0.0828024
0.0766477
0.0708419
0.144511
0.143102
0.14026
0.136302
0.131467
0.12594
0.119891
0.113486
0.106882
0.100222
0.0936295
0.087207
0.0810351
0.0751698
0.0696589
0.142426
0.140962
0.138029
0.133965
0.129041
0.123459
0.117405
0.111049
0.104549
0.0980418
0.0916436
0.0854471
0.0795226
0.0739176
0.068669
0.140545
0.139035
0.136029
0.131883
0.126892
0.121278
0.115234
0.108935
0.102539
0.0961762
0.0899558
0.083962
0.0782563
0.0728788
0.0678578
0.138919
0.137371
0.13431
0.130102
0.125065
0.119433
0.113408
0.107169
0.100869
0.0946356
0.0885705
0.0827506
0.0772306
0.0720444
0.0672138
0.137602
0.136026
0.132924
0.128673
0.123605
0.117967
0.111965
0.10578
0.0995618
0.0934354
0.0874966
0.0818166
0.0764444
0.0714097
0.0667288
0.136656
0.13506
0.131932
0.127654
0.122567
0.116928
0.110947
0.104803
0.0986464
0.0925981
0.0867504
0.0811703
0.0759032
0.0709756
0.066401
0.136148
0.134539
0.131399
0.127107
0.122012
0.116373
0.110404
0.104284
0.0981619
0.0921562
0.0863577
0.0808312
0.07562
0.0707489
0.0662294
0.205128
0.206882
0.210893
0.216409
0.223381
0.231651
0.241066
0.251549
0.262994
0.275299
0.288347
0.302021
0.316191
0.33074
0.345466
0.20505
0.2068
0.210803
0.216308
0.223263
0.231513
0.240898
0.251344
0.262742
0.274987
0.287963
0.30155
0.315614
0.330042
0.344618
0.204894
0.206637
0.210625
0.216107
0.223036
0.231237
0.240564
0.250935
0.262239
0.274366
0.287196
0.300608
0.314462
0.328649
0.342924
0.204662
0.206393
0.210359
0.215806
0.222662
0.230821
0.240064
0.250324
0.261486
0.273437
0.286049
0.299199
0.312739
0.326566
0.34039
0.204353
0.20607
0.210005
0.21541
0.222251
0.230271
0.239399
0.249512
0.260486
0.272202
0.284525
0.297326
0.310448
0.323799
0.337024
0.203968
0.205668
0.209566
0.214915
0.221658
0.229585
0.238573
0.248502
0.259242
0.270666
0.282628
0.294996
0.307598
0.320358
0.332838
0.20351
0.205189
0.209043
0.214325
0.220982
0.22877
0.237589
0.247299
0.257759
0.268833
0.280365
0.292216
0.304197
0.316252
0.327847
0.202979
0.204635
0.208438
0.213643
0.220192
0.227828
0.23645
0.245905
0.25604
0.266709
0.277741
0.288993
0.300254
0.311496
0.322067
0.202377
0.204008
0.207753
0.21287
0.219297
0.226761
0.235161
0.244326
0.254092
0.264301
0.274765
0.285337
0.295781
0.306105
0.315517
0.201707
0.203311
0.206991
0.211993
0.218298
0.225574
0.233725
0.242567
0.25192
0.261615
0.271444
0.281257
0.29079
0.300095
0.308219
0.20097
0.202547
0.206158
0.211085
0.2172
0.224271
0.232147
0.240634
0.249532
0.258659
0.267787
0.276766
0.285295
0.293483
0.300198
0.200168
0.201716
0.205255
0.210082
0.216007
0.222856
0.230434
0.238532
0.246933
0.255441
0.263805
0.271874
0.279309
0.286289
0.291477
0.199305
0.200824
0.204276
0.208971
0.214725
0.221335
0.22859
0.236268
0.244132
0.25197
0.259507
0.266594
0.272848
0.278531
0.282081
0.198383
0.199873
0.203202
0.207794
0.213361
0.219712
0.226621
0.23385
0.241137
0.248255
0.254905
0.260938
0.265927
0.27023
0.272035
0.197404
0.198867
0.202196
0.206549
0.211917
0.217994
0.224536
0.231285
0.237958
0.244309
0.250013
0.254923
0.258566
0.261409
0.261362
0.196372
0.197804
0.201002
0.205237
0.210396
0.216183
0.222336
0.228577
0.234598
0.240134
0.244835
0.248555
0.250772
0.252074
0.250075
0.195289
0.196698
0.199782
0.203865
0.2088
0.214277
0.220018
0.225718
0.231047
0.235715
0.23935
0.241805
0.242512
0.242182
0.238129
0.19416
0.195555
0.198529
0.202452
0.207159
0.212321
0.217636
0.222775
0.227383
0.231144
0.233664
0.234792
0.233917
0.231872
0.225656
0.192988
0.194367
0.19725
0.201027
0.205523
0.210392
0.215307
0.219911
0.223821
0.226697
0.228116
0.227917
0.225446
0.221647
0.21323
0.19177
0.193094
0.195838
0.199406
0.203614
0.208101
0.212518
0.216483
0.219586
0.221461
0.221663
0.220013
0.215788
0.209993
0.198917
0.19177
0.193094
0.195838
0.199406
0.203614
0.208101
0.212518
0.216483
0.219586
0.221461
0.221663
0.220013
0.215788
0.209993
0.198917
0.192988
0.194367
0.19725
0.201027
0.205523
0.210392
0.215307
0.219911
0.223821
0.226697
0.228116
0.227917
0.225446
0.221647
0.21323
0.19416
0.195555
0.198529
0.202452
0.207159
0.212321
0.217636
0.222775
0.227383
0.231144
0.233664
0.234792
0.233917
0.231872
0.225656
0.195289
0.196698
0.199782
0.203865
0.2088
0.214277
0.220018
0.225718
0.231047
0.235715
0.23935
0.241805
0.242512
0.242182
0.238129
0.196372
0.197804
0.201002
0.205237
0.210396
0.216183
0.222336
0.228577
0.234598
0.240134
0.244835
0.248555
0.250772
0.252074
0.250075
0.197404
0.198867
0.202196
0.206549
0.211917
0.217994
0.224536
0.231285
0.237958
0.244309
0.250013
0.254923
0.258566
0.261409
0.261362
0.198383
0.199873
0.203202
0.207794
0.213361
0.219712
0.226621
0.23385
0.241137
0.248255
0.254905
0.260938
0.265927
0.27023
0.272035
0.199305
0.200824
0.204276
0.208971
0.214725
0.221335
0.22859
0.236268
0.244132
0.25197
0.259507
0.266594
0.272848
0.278531
0.282081
0.200168
0.201716
0.205255
0.210082
0.216007
0.222856
0.230434
0.238532
0.246933
0.255441
0.263805
0.271874
0.279309
0.286289
0.291477
0.20097
0.202547
0.206158
0.211085
0.2172
0.224271
0.232147
0.240634
0.249532
0.258659
0.267787
0.276766
0.285295
0.293483
0.300198
0.201707
0.203311
0.206991
0.211993
0.218298
0.225574
0.233725
0.242567
0.25192
0.261615
0.271444
0.281257
0.29079
0.300095
0.308219
0.202377
0.204008
0.207753
0.21287
0.219297
0.226761
0.235161
0.244326
0.254092
0.264301
0.274765
0.285337
0.295781
0.306105
0.315517
0.202979
0.204635
0.208438
0.213643
0.220192
0.227828
0.23645
0.245905
0.25604
0.266709
0.277741
0.288993
0.300254
0.311496
0.322067
0.20351
0.205189
0.209043
0.214325
0.220982
0.22877
0.237589
0.247299
0.257759
0.268833
0.280365
0.292216
0.304197
0.316252
0.327847
0.203968
0.205668
0.209566
0.214915
0.221658
0.229585
0.238573
0.248502
0.259242
0.270666
0.282628
0.294996
0.307598
0.320358
0.332838
0.204353
0.20607
0.210005
0.21541
0.222251
0.230271
0.239399
0.249512
0.260486
0.272202
0.284525
0.297326
0.310448
0.323799
0.337024
0.204662
0.206393
0.210359
0.215806
0.222662
0.230821
0.240064
0.250324
0.261486
0.273437
0.286049
0.299199
0.312739
0.326566
0.34039
0.204894
0.206637
0.210625
0.216107
0.223036
0.231237
0.240564
0.250935
0.262239
0.274366
0.287196
0.300608
0.314462
0.328649
0.342924
0.20505
0.2068
0.210803
0.216308
0.223263
0.231513
0.240898
0.251344
0.262742
0.274987
0.287963
0.30155
0.315614
0.330042
0.344618
0.205128
0.206882
0.210893
0.216409
0.223381
0.231651
0.241066
0.251549
0.262994
0.275299
0.288347
0.302021
0.316191
0.33074
0.345466
0.136148
0.134539
0.131399
0.127107
0.122012
0.116373
0.110404
0.104284
0.0981619
0.0921562
0.0863577
0.0808312
0.07562
0.0707489
0.0662294
0.136656
0.13506
0.131932
0.127654
0.122567
0.116928
0.110947
0.104803
0.0986464
0.0925981
0.0867504
0.0811703
0.0759032
0.0709756
0.066401
0.137602
0.136026
0.132924
0.128673
0.123605
0.117967
0.111965
0.10578
0.0995618
0.0934354
0.0874966
0.0818166
0.0764444
0.0714097
0.0667288
0.138919
0.137371
0.13431
0.130102
0.125065
0.119433
0.113408
0.107169
0.100869
0.0946356
0.0885705
0.0827506
0.0772306
0.0720444
0.0672138
0.140545
0.139035
0.136029
0.131883
0.126892
0.121278
0.115234
0.108935
0.102539
0.0961761
0.0899558
0.083962
0.0782563
0.0728788
0.0678578
0.142426
0.140962
0.138029
0.133965
0.129041
0.123459
0.117405
0.111049
0.104549
0.0980418
0.0916436
0.0854471
0.0795226
0.0739176
0.068669
0.144511
0.143102
0.14026
0.136302
0.131467
0.12594
0.119891
0.113486
0.106882
0.100222
0.0936295
0.087207
0.0810351
0.0751698
0.0696589
0.146755
0.14541
0.14268
0.138851
0.134133
0.128685
0.122663
0.116224
0.109524
0.10271
0.0959125
0.0892461
0.0828024
0.0766477
0.0708419
0.149117
0.147846
0.145247
0.141574
0.137002
0.131664
0.125696
0.119246
0.112463
0.105499
0.0984936
0.0915708
0.0848355
0.0783658
0.0722348
0.151561
0.150373
0.147925
0.144435
0.140041
0.134846
0.128966
0.122531
0.115687
0.108586
0.101374
0.0941887
0.0871467
0.08034
0.0738556
0.154054
0.152959
0.150681
0.147402
0.143219
0.138204
0.132447
0.126062
0.119184
0.111965
0.104557
0.0971078
0.089749
0.0825873
0.0757235
0.156569
0.155574
0.153486
0.150444
0.146505
0.141708
0.136115
0.129819
0.122942
0.115631
0.108043
0.100336
0.0926552
0.0851251
0.077858
0.159081
0.158194
0.156313
0.153533
0.149872
0.145333
0.139947
0.133783
0.126946
0.119576
0.111831
0.103878
0.0958773
0.0879704
0.0802787
0.161568
0.160795
0.159139
0.156645
0.153293
0.149052
0.143918
0.137933
0.131181
0.123791
0.115919
0.107741
0.0994262
0.0911396
0.0830045
0.164014
0.16336
0.161942
0.159755
0.156744
0.152839
0.148003
0.142247
0.135629
0.128265
0.120304
0.111926
0.103311
0.0946477
0.0860533
0.166402
0.165872
0.164704
0.162844
0.160201
0.15667
0.152178
0.146702
0.140272
0.132984
0.124977
0.116433
0.107538
0.0985078
0.0894412
0.16872
0.168318
0.16741
0.165893
0.163644
0.160522
0.156418
0.151274
0.145089
0.137933
0.129929
0.12126
0.112111
0.102731
0.0931823
0.17096
0.170687
0.170047
0.168886
0.167052
0.164371
0.160699
0.155939
0.150055
0.143091
0.135146
0.1264
0.11703
0.107326
0.0972879
0.173113
0.172971
0.172604
0.171809
0.170409
0.168198
0.164996
0.160671
0.155148
0.148439
0.140614
0.131845
0.122294
0.112298
0.101766
0.175175
0.175163
0.175073
0.17465
0.173699
0.171983
0.169288
0.165446
0.160342
0.153952
0.146312
0.137582
0.127897
0.117648
0.106621
0.177141
0.177259
0.177446
0.177399
0.176909
0.175707
0.173552
0.170238
0.16561
0.159606
0.15222
0.143596
0.133828
0.123378
0.111854
0.17901
0.179257
0.179718
0.18005
0.180026
0.179356
0.177768
0.175024
0.170927
0.165375
0.158315
0.149869
0.140077
0.12948
0.117461
0.18078
0.181153
0.181887
0.182595
0.183042
0.182914
0.181917
0.17978
0.176265
0.17123
0.164568
0.156379
0.146626
0.135948
0.123434
0.182453
0.182949
0.183951
0.18503
0.185948
0.186371
0.185983
0.184483
0.181598
0.177142
0.170954
0.163101
0.153459
0.142768
0.129755
0.184029
0.184645
0.185909
0.187354
0.188739
0.189716
0.189949
0.189115
0.186902
0.183086
0.177446
0.170015
0.160561
0.149931
0.136413
0.185511
0.186243
0.187761
0.189565
0.191413
0.192943
0.193809
0.193663
0.192161
0.189043
0.184028
0.177112
0.167941
0.157462
0.143431
0.186901
0.187745
0.189509
0.191662
0.193965
0.196045
0.197547
0.198105
0.197347
0.194977
0.190662
0.184351
0.175566
0.165339
0.150804
0.1882
0.18915
0.191149
0.193636
0.196376
0.19899
0.201114
0.202368
0.202357
0.20075
0.197166
0.191506
0.183173
0.173217
0.158111
0.189413
0.190459
0.192676
0.195476
0.198627
0.201744
0.204459
0.20638
0.207089
0.206228
0.203369
0.198362
0.190519
0.180752
0.164643
0.190555
0.191709
0.194148
0.197269
0.20085
0.20451
0.207883
0.210574
0.212155
0.212249
0.2104
0.20642
0.199588
0.190685
0.173814
0.0627343
0.060108
0.0574631
0.0548024
0.0521267
0.0494394
0.0467446
0.0440465
0.0413495
0.0386577
0.0359754
0.0333069
0.0306565
0.0280287
0.0254277
0.0228578
0.0203231
0.0178278
0.0153763
0.0129724
0.0628672
0.0602308
0.0575795
0.0549115
0.0522247
0.0495222
0.0468085
0.0440881
0.0413651
0.038644
0.0359292
0.0332256
0.0305376
0.0278701
0.0252277
0.0226152
0.0200371
0.0174979
0.0150018
0.0125529
0.063104
0.0604127
0.0577141
0.0550002
0.0522646
0.0495103
0.0467426
0.0439665
0.0411864
0.038407
0.0356329
0.0328691
0.0301204
0.0273918
0.0246883
0.0220147
0.019376
0.0167769
0.0142225
0.0117168
0.0634564
0.0606756
0.0579
0.0551135
0.0523031
0.0494711
0.0466242
0.0437677
0.0409063
0.0380446
0.0351875
0.0323402
0.0295078
0.0266955
0.0239085
0.021152
0.0184311
0.0157508
0.0131162
0.0105314
0.0639292
0.0610249
0.0581421
0.0552552
0.0523429
0.0494065
0.0464541
0.0434917
0.0405241
0.0375559
0.0345924
0.0316388
0.0287005
0.025783
0.0228916
0.0200319
0.017209
0.0144282
0.0116952
0.00901376
0.0645353
0.0614752
0.0584556
0.0554416
0.0524012
0.0493347
0.0462517
0.0431588
0.0400611
0.0369632
0.0338706
0.0307886
0.027723
0.0246793
0.0216632
0.0186803
0.0157361
0.012836
0.00998599
0.00718978
0.0652905
0.0620429
0.0588562
0.0556879
0.0524932
0.0492708
0.0460318
0.0427839
0.0395321
0.0362812
0.0330367
0.0298044
0.0265899
0.0233992
0.0202379
0.017112
0.0140272
0.010989
0.00800389
0.00507516
0.0662133
0.0627466
0.0593617
0.056011
0.0526353
0.0492307
0.04581
0.0423821
0.038952
0.0355245
0.0321052
0.0287001
0.0253151
0.0219561
0.0186293
0.0153405
0.0120957
0.00890061
0.00576221
0.00268317
0.0673246
0.0636067
0.0599907
0.0564286
0.0528444
0.0492304
0.0456017
0.0419682
0.0383348
0.0347065
0.031089
0.0274883
0.0239106
0.020362
0.0168487
0.0133768
0.0099523
0.00658123
0.00327123
2.39844e-05
0.068647
0.064645
0.0607631
0.0569591
0.0531379
0.0492866
0.0454225
0.0415567
0.0376945
0.0338404
0.0300004
0.0261807
0.0223876
0.0186272
0.014906
0.0112302
0.007606
0.00403949
0.000539359
-0.00289422
0.070204
0.0658842
0.0616994
0.0576216
0.0535336
0.049416
0.0452879
0.0411624
0.0370445
0.0329389
0.0288514
0.0247883
0.0207562
0.0167613
0.0128101
0.0089091
0.00506449
0.00128253
-0.00242644
-0.00606473
0.0720204
0.0673474
0.0628203
0.0584355
0.0540499
0.0496354
0.0452137
0.0407996
0.0363983
0.0320143
0.0276532
0.0233217
0.0190262
0.0147732
0.0105693
0.00642084
0.00233441
-0.00168377
-0.00562031
-0.00948193
0.0741208
0.0690579
0.064147
0.0594204
0.0547051
0.0499619
0.0452155
0.040483
0.0357694
0.0310789
0.0264174
0.0217913
0.0172072
0.0126717
0.0081912
0.00377247
-0.00057808
-0.00485436
-0.00903681
-0.0131407
0.0765298
0.0710386
0.0657002
0.060596
0.0555178
0.0504128
0.0453092
0.0402269
0.035171
0.030145
0.0251548
0.020207
0.0153083
0.0104651
0.00568366
0.000970551
-0.00366784
-0.00822506
-0.0126702
-0.0170356
0.0792714
0.0733116
0.0675002
0.0619818
0.0565063
0.0510048
0.0455103
0.040046
0.0346163
0.0292245
0.0238764
0.0185789
0.0133387
0.00816225
0.00305541
-0.00197745
-0.00693943
-0.011848
-0.0165322
-0.0211679
0.0823682
0.0758975
0.0695664
0.0635969
0.0576888
0.0517549
0.0458345
0.0399544
0.0341184
0.0283291
0.0225925
0.0169161
0.0113068
0.00577176
0.000318884
-0.00504245
-0.0102955
-0.015404
-0.0205435
-0.0255195
0.0858412
0.0788155
0.0719173
0.0654599
0.059083
0.0526794
0.0462971
0.0399664
0.0336902
0.0274704
0.0213135
0.0152269
0.00921793
0.00329373
-0.00253829
-0.00827087
-0.0138969
-0.0194046
-0.0248253
-0.0301117
0.0897092
0.0820822
0.0745696
0.0675884
0.0607058
0.0537944
0.046913
0.040096
0.0333447
0.0266603
0.0200498
0.013521
0.00708128
0.000737823
-0.00550202
-0.0116313
-0.017643
-0.0235223
-0.0292945
-0.0349241
0.0939882
0.0857116
0.0775385
0.069999
0.0625733
0.0551149
0.047697
0.0403573
0.0330948
0.0259106
0.0188123
0.0118083
0.00490588
-0.00188731
-0.00856373
-0.0151161
-0.0215375
-0.0278107
-0.0339611
-0.0399568
0.0986906
0.0897143
0.0808371
0.0727067
0.0647002
0.0566554
0.0486631
0.0407635
0.032953
0.0252328
0.0176116
0.0100981
0.00270015
-0.00457438
-0.0117175
-0.0187214
-0.0255795
-0.0322701
-0.0388234
-0.0452076
0.103825
0.0940971
0.0844761
0.0757248
0.0670997
0.0584289
0.0498247
0.0413278
0.0329317
0.0246385
0.0164581
0.00839991
0.00047226
-0.00731636
-0.0149573
-0.0224425
-0.0297655
-0.0368976
-0.0438787
-0.0506741
0.109396
0.0988621
0.0884635
0.0790645
0.069783
0.0604476
0.0511944
0.0420626
0.0330426
0.0241386
0.0153619
0.00672271
-0.00176983
-0.0101064
-0.0182776
-0.0262747
-0.0340928
-0.0416903
-0.0491248
-0.0563545
0.1154
0.104006
0.0928046
0.0827345
0.072759
0.0627218
0.0527837
0.0429792
0.0332969
0.0237436
0.0143327
0.00507513
-0.00401867
-0.0129383
-0.021673
-0.0302123
-0.038556
-0.0466429
-0.0545592
-0.0622477
0.121825
0.109518
0.0975013
0.0867407
0.0760344
0.0652607
0.0546032
0.0440885
0.0337051
0.0234638
0.0133797
0.00346543
-0.00626719
-0.0158062
-0.0251394
-0.0342548
-0.0431569
-0.0517585
-0.0601827
-0.0683533
0.128648
0.115378
0.102553
0.0910865
0.0796147
0.0680735
0.0566638
0.0454015
0.0342781
0.0233091
0.0125121
0.00190149
-0.00850863
-0.018704
-0.0286717
-0.0384135
-0.0479561
-0.05707
-0.066008
-0.0746738
0.135836
0.121556
0.10795
0.0957626
0.0834932
0.0711588
0.0589659
0.0469198
0.0350182
0.0232824
0.0117324
0.00038536
-0.0107417
-0.0216313
-0.0322646
-0.0426137
-0.0525836
-0.0625156
-0.0720301
-0.081207
0.14333
0.128011
0.113672
0.10074
0.0876448
0.0744984
0.0614954
0.0486325
0.0359176
0.0233778
0.011036
-0.00108692
-0.0129706
-0.0245945
-0.035938
-0.0469896
-0.0576765
-0.0681534
-0.0782312
-0.0879517
0.150998
0.134803
0.119844
0.10614
0.0921927
0.0782089
0.064357
0.0506335
0.0370588
0.0236659
0.0104824
-0.00246651
-0.0151566
-0.0275638
-0.0396631
-0.0514412
-0.0628049
-0.0739111
-0.0846032
-0.0948975
0.158387
0.141915
0.126586
0.112108
0.0973004
0.0824448
0.067688
0.0530436
0.0385472
0.024239
0.0101523
-0.00368252
-0.0172373
-0.0304851
-0.043397
-0.0559547
-0.0680207
-0.079789
-0.0911271
-0.102027
0.163173
0.146889
0.131557
0.116522
0.101092
0.0855586
0.0700588
0.0546358
0.0393421
0.0242272
0.00933248
-0.00530556
-0.0196547
-0.0336873
-0.0473806
-0.0607207
-0.0734619
-0.0858798
-0.0978717
-0.109405
0.0106177
0.00831687
0.0060737
0.00389125
0.00177227
-0.000280659
-0.00226511
-0.00417893
-0.00602018
-0.00778721
-0.0094786
-0.0110932
-0.01263
-0.0140885
-0.0154682
-0.0167689
-0.0179908
-0.019134
-0.0201992
-0.0211869
0.0101557
0.00781406
0.00553149
0.00331131
0.00115667
-0.000929564
-0.00294479
-0.00488671
-0.00675331
-0.00854286
-0.010254
-0.0118855
-0.0134365
-0.0149066
-0.0162955
-0.0176032
-0.01883
-0.0199763
-0.0210425
-0.0220312
0.00926336
0.00686675
0.00453098
0.0022596
5.5862e-05
-0.00207726
-0.00413708
-0.0061212
-0.00802757
-0.00985445
-0.0116004
-0.0132644
-0.0148455
-0.0163434
-0.0177578
-0.0190888
-0.020337
-0.0215027
-0.0225856
-0.0235916
0.00800092
0.00552933
0.00312073
0.000778812
-0.00149302
-0.00369164
-0.00581424
-0.00785834
-0.00982182
-0.0117029
-0.0135001
-0.0152123
-0.0168388
-0.0183791
-0.019833
-0.0212009
-0.0224831
-0.02368
-0.0247902
-0.0258245
0.00638869
0.00382486
0.00132655
-0.00110241
-0.00345846
-0.00573836
-0.0079392
-0.0100584
-0.0120938
-0.0140435
-0.0159061
-0.0176805
-0.0193658
-0.0209617
-0.022468
-0.023885
-0.0252134
-0.0264531
-0.0276013
-0.028675
0.00445245
0.00177917
-0.000825671
-0.0033581
-0.00581444
-0.00819133
-0.0104858
-0.0126951
-0.014817
-0.0168498
-0.0187917
-0.0206418
-0.0223992
-0.0240634
-0.0256345
-0.0271127
-0.0284988
-0.0297924
-0.0309885
-0.0321116
0.00220827
-0.000591358
-0.00331918
-0.00597113
-0.00854342
-0.0110326
-0.0134355
-0.0157495
-0.0179722
-0.0201017
-0.0221364
-0.0240752
-0.0259173
-0.0276623
-0.02931
-0.0308609
-0.0323156
-0.0336736
-0.0349272
-0.0361093
-0.000330608
-0.00327342
-0.00614062
-0.00892804
-0.0116318
-0.0142484
-0.0167745
-0.0192074
-0.0215448
-0.0237847
-0.0259254
-0.0279658
-0.0299051
-0.0317428
-0.0334788
-0.0351134
-0.0366476
-0.0380804
-0.0394008
-0.0406507
-0.00315411
-0.00625703
-0.00928002
-0.0122189
-0.0150696
-0.0178286
-0.0204926
-0.0230588
-0.0255247
-0.0278883
-0.030148
-0.0323027
-0.0343514
-0.0362936
-0.0381294
-0.0398589
-0.0414832
-0.043001
-0.0443972
-0.0457231
-0.00625427
-0.00953437
-0.0127297
-0.015836
-0.0188493
-0.0217658
-0.0245823
-0.0272958
-0.029904
-0.0324047
-0.0347964
-0.0370778
-0.0392481
-0.0413067
-0.0432536
-0.0450889
-0.046814
-0.048427
-0.0499082
-0.0513177
-0.00962464
-0.0130992
-0.0164835
-0.0197734
-0.0229648
-0.0260539
-0.0290375
-0.0319125
-0.0346766
-0.0373278
-0.0398643
-0.0422849
-0.0445889
-0.0467757
-0.048845
-0.0507972
-0.0526336
-0.0543524
-0.0559278
-0.0574284
-0.0132599
-0.0169464
-0.0205366
-0.0240263
-0.0274114
-0.0306883
-0.0338534
-0.036904
-0.0398377
-0.0426523
-0.0453464
-0.0479187
-0.0503684
-0.052695
-0.0548984
-0.0569786
-0.0589373
-0.0607727
-0.0624524
-0.0640518
-0.0171554
-0.0210716
-0.0248846
-0.0285904
-0.032185
-0.0356645
-0.0390257
-0.0422658
-0.0453823
-0.0483735
-0.0512377
-0.0539738
-0.0565813
-0.0590596
-0.0614086
-0.0636284
-0.065721
-0.0676846
-0.0694804
-0.0711877
-0.0213065
-0.0254708
-0.0295238
-0.0334621
-0.0372817
-0.0409788
-0.0445502
-0.0479933
-0.0513058
-0.054486
-0.0575325
-0.0604446
-0.0632216
-0.0658633
-0.0683699
-0.0707415
-0.0729803
-0.0750856
-0.0770116
-0.0788397
-0.0257113
-0.0301407
-0.0344508
-0.0386378
-0.0426978
-0.046627
-0.0504224
-0.0540816
-0.0576026
-0.0609839
-0.0642245
-0.067324
-0.0702821
-0.0730991
-0.0757754
-0.0783117
-0.0807106
-0.0829726
-0.085047
-0.0870152
-0.0303603
-0.0350754
-0.0396614
-0.0441139
-0.0484294
-0.0526048
-0.0566374
-0.0605251
-0.0642663
-0.06786
-0.0713058
-0.0746035
-0.0777539
-0.0807576
-0.0836161
-0.0863308
-0.0889053
-0.0913418
-0.0935872
-0.0957251
-0.0352625
-0.0402783
-0.0451549
-0.0498876
-0.0544728
-0.0589076
-0.0631896
-0.0673173
-0.0712895
-0.0751058
-0.0787666
-0.0822726
-0.0856255
-0.0888272
-0.0918803
-0.0947878
-0.0975551
-0.100187
-0.102631
-0.104982
-0.0404071
-0.0457427
-0.0509268
-0.0559549
-0.0608235
-0.0655302
-0.070073
-0.0744509
-0.0786635
-0.0827113
-0.0865956
-0.0903184
-0.0938828
-0.0972926
-0.100552
-0.103667
-0.106646
-0.109496
-0.11217
-0.114796
-0.0457921
-0.0514657
-0.0569737
-0.0623118
-0.067477
-0.0724671
-0.0772808
-0.0819178
-0.0863786
-0.0906648
-0.0947791
-0.0987253
-0.102508
-0.106135
-0.109612
-0.112948
-0.116157
-0.11925
-0.122188
-0.125173
-0.0514152
-0.0574447
-0.0632926
-0.0689549
-0.0744288
-0.0797127
-0.084806
-0.0897091
-0.0944238
-0.0989531
-0.103301
-0.107475
-0.111481
-0.115329
-0.119032
-0.122602
-0.12606
-0.129421
-0.132656
-0.136106
-0.0572741
-0.0636774
-0.0698808
-0.0758808
-0.0816747
-0.0872615
-0.0926412
-0.0978155
-0.102787
-0.107561
-0.112144
-0.116545
-0.120774
-0.124846
-0.128778
-0.132591
-0.136312
-0.139967
-0.143526
-0.147579
-0.0633671
-0.0701619
-0.0767362
-0.0830865
-0.0892105
-0.0951076
-0.100779
-0.106227
-0.111456
-0.116473
-0.121287
-0.12591
-0.130357
-0.134649
-0.138809
-0.142866
-0.14686
-0.15083
-0.154732
-0.159553
-0.0696932
-0.0768971
-0.083857
-0.0905693
-0.097032
-0.103245
-0.10921
-0.114931
-0.120414
-0.125667
-0.130703
-0.135539
-0.140194
-0.144694
-0.149073
-0.153371
-0.157641
-0.161941
-0.166191
-0.171974
-0.0762521
-0.0838822
-0.0912416
-0.0983265
-0.105135
-0.111667
-0.117926
-0.123915
-0.129643
-0.13512
-0.140363
-0.145391
-0.150231
-0.154919
-0.159498
-0.164023
-0.168569
-0.173216
-0.177815
-0.184785
-0.083044
-0.0911171
-0.0988891
-0.106356
-0.113516
-0.120369
-0.126918
-0.133169
-0.13913
-0.144814
-0.15024
-0.155433
-0.160425
-0.165262
-0.169999
-0.174712
-0.179505
-0.1845
-0.189462
-0.197895
-0.0900676
-0.0986004
-0.106798
-0.114656
-0.122172
-0.129346
-0.136182
-0.142685
-0.148866
-0.15474
-0.160329
-0.16566
-0.170773
-0.17572
-0.180569
-0.185409
-0.190379
-0.195647
-0.200936
-0.211107
-0.0973221
-0.106327
-0.114959
-0.123211
-0.131081
-0.138569
-0.145679
-0.152417
-0.158794
-0.164828
-0.170546
-0.175981
-0.181181
-0.186211
-0.191154
-0.196119
-0.201266
-0.206783
-0.21236
-0.224351
-0.104795
-0.114282
-0.123349
-0.131988
-0.140197
-0.147972
-0.155317
-0.162237
-0.168744
-0.174856
-0.180605
-0.186032
-0.191199
-0.196195
-0.20114
-0.206198
-0.211608
-0.217619
-0.223962
-0.237889
-0.112481
-0.122474
-0.131994
-0.141032
-0.149582
-0.157638
-0.165199
-0.172267
-0.178849
-0.184961
-0.190627
-0.19589
-0.200816
-0.205508
-0.21012
-0.214882
-0.220148
-0.226372
-0.233832
-0.249802
-0.120464
-0.131028
-0.141086
-0.150627
-0.159645
-0.168133
-0.176085
-0.183501
-0.19038
-0.196727
-0.202556
-0.207887
-0.212758
-0.217231
-0.22141
-0.225459
-0.229645
-0.234346
-0.240328
-0.254098
-0.0222972
-0.0234818
-0.0245471
-0.0254774
-0.0262583
-0.0268741
-0.0273089
-0.0275491
-0.0275837
-0.0274048
-0.0270087
-0.0263958
-0.025572
-0.0245484
-0.0233415
-0.0219731
-0.0204698
-0.0188614
-0.0171805
-0.0154604
-0.0137335
-0.0120303
-0.0103756
-0.00879375
-0.00728942
-0.00589383
-0.00454809
-0.0033792
-0.0020549
-0.00120206
-0.0231671
-0.0243464
-0.0253823
-0.0262793
-0.0270262
-0.0276043
-0.0279964
-0.0281889
-0.0281714
-0.027937
-0.0274823
-0.026809
-0.0259239
-0.0248393
-0.0235733
-0.0221488
-0.0205937
-0.018939
-0.0172181
-0.0154649
-0.0137119
-0.01199
-0.010323
-0.0087354
-0.00722985
-0.00583908
-0.0044978
-0.00334397
-0.0020189
-0.0012029
-0.0247888
-0.0259646
-0.0269488
-0.0277852
-0.0284692
-0.0289767
-0.0292878
-0.0293896
-0.0292733
-0.0289331
-0.0283673
-0.0275793
-0.0265781
-0.0253786
-0.0240011
-0.0224712
-0.0208191
-0.0190778
-0.0172824
-0.0154679
-0.0136671
-0.0119107
-0.0102219
-0.00862389
-0.00711738
-0.00573461
-0.00440575
-0.0032731
-0.00196546
-0.00118754
-0.0271114
-0.0282784
-0.0291845
-0.0299313
-0.0305224
-0.0309259
-0.0311183
-0.0310879
-0.0308279
-0.0303345
-0.0296083
-0.0286554
-0.027488
-0.0261242
-0.0245882
-0.0229091
-0.0211204
-0.0192579
-0.0173589
-0.0154596
-0.0135935
-0.0117907
-0.010073
-0.00846222
-0.0069561
-0.00558544
-0.00427601
-0.00317192
-0.0018936
-0.00115894
-0.0300816
-0.0312336
-0.0320346
-0.0326626
-0.0331311
-0.0333974
-0.0334336
-0.0332299
-0.0327824
-0.03209
-0.0311563
-0.0299908
-0.02861
-0.0270366
-0.0252994
-0.023432
-0.0214719
-0.0194586
-0.0174317
-0.015429
-0.0134841
-0.0116265
-0.0098761
-0.00825215
-0.00674917
-0.00539544
-0.0041124
-0.00304388
-0.00180507
-0.00111891
-0.0336672
-0.034795
-0.0354609
-0.0359391
-0.0362536
-0.0363479
-0.0361892
-0.0357704
-0.0350914
-0.0341545
-0.0329669
-0.0315429
-0.0299041
-0.0280787
-0.0261011
-0.0240104
-0.0218487
-0.0196596
-0.0174852
-0.0153647
-0.0133319
-0.0114145
-0.00963022
-0.00799493
-0.00649926
-0.00516792
-0.00391847
-0.00289179
-0.00170234
-0.00106831
-0.0378437
-0.038935
-0.039433
-0.0397282
-0.0398554
-0.0397409
-0.0393468
-0.0386698
-0.0377145
-0.0364873
-0.0350002
-0.0332728
-0.031333
-0.0292157
-0.0269618
-0.0246164
-0.0222271
-0.0198414
-0.0175044
-0.0152562
-0.0131299
-0.0111513
-0.00933462
-0.00769175
-0.0062089
-0.004906
-0.00369753
-0.00271838
-0.00158775
-0.00100785
-0.0425948
-0.0436339
-0.0439271
-0.0440036
-0.0439077
-0.0435451
-0.0428728
-0.0418928
-0.0406152
-0.0390514
-0.0372188
-0.035144
-0.032862
-0.0304152
-0.027852
-0.0252242
-0.0225851
-0.0199865
-0.0174759
-0.0150939
-0.0128724
-0.010834
-0.00898902
-0.0073441
-0.00588076
-0.00461278
-0.0034528
-0.00252624
-0.00146344
-0.000938209
-0.0479094
-0.0488766
-0.0489242
-0.0487432
-0.0483857
-0.0477328
-0.0467371
-0.0454071
-0.0437598
-0.0418123
-0.0395885
-0.0371228
-0.0344588
-0.0316472
-0.0287446
-0.0258101
-0.022903
-0.0200791
-0.0173879
-0.0148699
-0.0125547
-0.0104609
-0.00859385
-0.00695394
-0.00551772
-0.00429145
-0.0031875
-0.00231792
-0.00133153
-0.000860033
-0.0537804
-0.0546515
-0.0544077
-0.0539275
-0.0532669
-0.0522786
-0.0509116
-0.0491828
-0.047117
-0.0447378
-0.0420771
-0.0391779
-0.0360934
-0.032884
-0.0296148
-0.0263527
-0.0231631
-0.0201054
-0.0172306
-0.0145779
-0.0121737
-0.0100314
-0.00815039
-0.00652377
-0.00512302
-0.00394532
-0.00290485
-0.00209587
-0.00119404
-0.000773974
-0.0602038
-0.0609489
-0.0603632
-0.0595387
-0.0585308
-0.0571589
-0.0553701
-0.0531917
-0.0506572
-0.0477979
-0.0446543
-0.04128
-0.0377384
-0.0341004
-0.0304404
-0.0268334
-0.0233504
-0.0200543
-0.0169963
-0.0142136
-0.0117278
-0.00954608
-0.00766078
-0.00605664
-0.00470016
-0.00357779
-0.00260804
-0.00186251
-0.00105293
-0.000680695
-0.0671772
-0.06776
-0.0667766
-0.0655598
-0.0641572
-0.0623506
-0.0600871
-0.0574066
-0.0543523
-0.0509639
-0.0472922
-0.043402
-0.0393685
-0.0352736
-0.0312017
-0.0272358
-0.0234524
-0.0199168
-0.0166796
-0.0137744
-0.011217
-0.00900661
-0.00712795
-0.00555611
-0.00425293
-0.00319236
-0.00230025
-0.00162018
-0.000910017
-0.000580891
-0.0746988
-0.0750749
-0.073633
-0.0719737
-0.0701262
-0.0678311
-0.0650379
-0.0618015
-0.0581755
-0.054209
-0.0499643
-0.045519
-0.0409609
-0.0363836
-0.0318818
-0.0275465
-0.023459
-0.0196864
-0.0162771
-0.0132597
-0.0106426
-0.00841579
-0.00655558
-0.00502615
-0.00378529
-0.00279256
-0.00198453
-0.00137114
-0.000766997
-0.000475303
-0.0827654
-0.082881
-0.0809162
-0.0787622
-0.0764175
-0.0735774
-0.0701981
-0.0663511
-0.0621011
-0.0575078
-0.0526464
-0.0476083
-0.0424951
-0.0374126
-0.0324663
-0.0277545
-0.023363
-0.0193589
-0.0157874
-0.0126703
-0.0100072
-0.00777735
-0.0059479
-0.00447104
-0.00330128
-0.00238187
-0.00166381
-0.00111753
-0.000625373
-0.000364726
-0.0913694
-0.0911602
-0.0886067
-0.0859056
-0.0830092
-0.079566
-0.0755431
-0.0710305
-0.0661044
-0.0608362
-0.0553156
-0.0496492
-0.0439529
-0.0383457
-0.0329434
-0.0278516
-0.0231592
-0.0189323
-0.0152111
-0.0120087
-0.00931458
-0.00709577
-0.00530962
-0.00389526
-0.00280495
-0.00196369
-0.00134084
-0.000861382
-0.000486448
-0.000250008
-0.100496
-0.0998872
-0.0966809
-0.0933813
-0.0898775
-0.0857719
-0.0810479
-0.075815
-0.0701613
-0.0641714
-0.0579509
-0.0516229
-0.0453186
-0.0391702
-0.0333038
-0.0278318
-0.0228449
-0.0184066
-0.0145504
-0.0112787
-0.00856952
-0.00637611
-0.00464572
-0.00330338
-0.00230028
-0.00154126
-0.00101815
-0.00060459
-0.000351312
-0.000132051
-0.110119
-0.109027
-0.10511
-0.101163
-0.0969957
-0.0921684
-0.0866865
-0.0806797
-0.0742481
-0.0674913
-0.0605327
-0.0535127
-0.0465784
-0.0398757
-0.0335408
-0.0276916
-0.0224196
-0.0177838
-0.0138089
-0.0104853
-0.00777744
-0.00562387
-0.00396135
-0.00269993
-0.00179107
-0.00111764
-0.000697988
-0.000348892
-0.000220835
-1.17893e-05
-0.120197
-0.118532
-0.113859
-0.109222
-0.104334
-0.0987264
-0.0924317
-0.0855989
-0.0783411
-0.0707747
-0.0630424
-0.0553032
-0.0477208
-0.0404543
-0.0336499
-0.0274298
-0.0218847
-0.0170674
-0.0129918
-0.00963416
-0.00694436
-0.00484478
-0.00326167
-0.00208931
-0.00128089
-0.000695645
-0.000382364
-9.58764e-05
-9.56557e-05
0.000109808
-0.13067
-0.128344
-0.122887
-0.117522
-0.111858
-0.105415
-0.0982545
-0.090546
-0.082416
-0.0740004
-0.0654626
-0.0569809
-0.0487358
-0.0409
-0.0336285
-0.0270469
-0.0212434
-0.0162623
-0.0121051
-0.00873183
-0.00607664
-0.00404468
-0.00255174
-0.00147571
-0.000773024
-0.000277843
-7.29898e-05
0.000153032
2.38192e-05
0.000231739
-0.141458
-0.138395
-0.13215
-0.126024
-0.119531
-0.112198
-0.104124
-0.0954928
-0.0864483
-0.0771478
-0.0677768
-0.0585335
-0.0496154
-0.0412087
-0.0334761
-0.0265454
-0.0205002
-0.0153747
-0.0111556
-0.00778523
-0.00518077
-0.00322933
-0.00183638
-0.000863045
-0.000270446
0.00013348
0.000228694
0.000396576
0.000137373
0.000353015
-0.152463
-0.148606
-0.141597
-0.134684
-0.127311
-0.11904
-0.110006
-0.10041
-0.0904123
-0.0801959
-0.0699689
-0.0599498
-0.0503533
-0.0413781
-0.0331941
-0.0259293
-0.0196612
-0.0144115
-0.0101507
-0.00680153
-0.00426327
-0.00240431
-0.00112016
-0.000254905
0.000224212
0.00053632
0.000521513
0.000633667
0.000244949
0.000472687
-0.163566
-0.1589
-0.15118
-0.143456
-0.135153
-0.1259
-0.115866
-0.105264
-0.0942816
-0.0831239
-0.0720238
-0.0612201
-0.0509445
-0.0414077
-0.0327852
-0.0252039
-0.0187332
-0.0133806
-0.00909821
-0.00578796
-0.00333048
-0.00157492
-0.000407264
0.000345481
0.00070867
0.000928962
0.000804542
0.000863383
0.000346624
0.000589868
-0.174634
-0.1692
-0.160851
-0.152289
-0.14301
-0.132736
-0.121664
-0.110024
-0.098029
-0.0859112
-0.073927
-0.0623358
-0.0513855
-0.041298
-0.0322533
-0.0243753
-0.0177238
-0.0122898
-0.00800577
-0.00475148
-0.00238833
-0.000746
0.000298599
0.00093532
0.00118103
0.00130999
0.0010771
0.00108498
0.000442586
0.000703752
-0.185535
-0.179446
-0.170567
-0.161134
-0.150833
-0.139504
-0.12736
-0.114655
-0.101627
-0.0885375
-0.0756651
-0.0632893
-0.051674
-0.041051
-0.0316032
-0.0234504
-0.0166406
-0.0111471
-0.00688081
-0.00369864
-0.00144228
7.81104e-05
0.000994172
0.00151222
0.00163974
0.00167827
0.00133871
0.00129785
0.000533098
0.000813624
-0.196148
-0.189607
-0.180293
-0.169938
-0.158572
-0.146154
-0.132911
-0.119119
-0.105047
-0.090982
-0.0772248
-0.0640744
-0.0518093
-0.0406701
-0.0308417
-0.0224378
-0.0154931
-0.00996165
-0.00573194
-0.00263691
-0.000498451
0.000892616
0.00167593
0.00207363
0.00208318
0.00203264
0.00158891
0.00150145
0.000618432
0.000918847
-0.206359
-0.199676
-0.189979
-0.178629
-0.166156
-0.152621
-0.138259
-0.123371
-0.108256
-0.0932226
-0.0785944
-0.0646877
-0.0517947
-0.040164
-0.0299807
-0.0213512
-0.0142957
-0.00874731
-0.00457141
-0.00157665
0.000434858
0.00169118
0.00233929
0.00261636
0.00250934
0.00237174
0.00182712
0.00169523
0.000698823
0.00101885
-0.21613
-0.209691
-0.199572
-0.187133
-0.173516
-0.158845
-0.143356
-0.127378
-0.111231
-0.0952484
-0.0797706
-0.0651316
-0.0516362
-0.03954
-0.0290277
-0.0201977
-0.0130541
-0.00750854
-0.00340238
-0.000519767
0.00135679
0.00247368
0.00298469
0.00314104
0.00291902
0.00269624
0.00205406
0.00187947
0.000774831
0.00111331
-0.225804
-0.219923
-0.20923
-0.19559
-0.180773
-0.164925
-0.148287
-0.131208
-0.114025
-0.0970905
-0.0807645
-0.0653981
-0.0513091
-0.0387597
-0.0279342
-0.018922
-0.0117109
-0.00618956
-0.0021738
0.000577952
0.00230386
0.00326902
0.00363415
0.00366385
0.00332372
0.00301388
0.00227478
0.00205711
0.000848078
0.00120248
-0.236273
-0.230978
-0.219341
-0.204328
-0.188164
-0.171025
-0.153156
-0.13491
-0.116639
-0.0987136
-0.0815131
-0.0654072
-0.0507259
-0.037736
-0.0266171
-0.0174478
-0.0101982
-0.00473266
-0.000839231
0.00175188
0.00330153
0.00409446
0.00429879
0.00419139
0.00372721
0.00332641
0.00249026
0.00222823
0.000919
0.00128618
-0.248886
-0.241553
-0.227786
-0.211321
-0.193819
-0.175489
-0.156558
-0.137353
-0.118224
-0.0995515
-0.0817219
-0.065109
-0.0500475
-0.0368026
-0.0255375
-0.0163136
-0.00908354
-0.00369098
9.61905e-05
0.00256577
0.00399127
0.00466763
0.0047651
0.00456767
0.00402074
0.00356017
0.00265512
0.00236489
0.000976548
0.00135898
-0.264485
-0.244308
-0.226263
-0.20957
-0.192099
-0.173939
-0.155282
-0.136388
-0.117587
-0.0992391
-0.0817191
-0.0653895
-0.0505729
-0.0375227
-0.0264085
-0.0172802
-0.0100722
-0.00462486
-0.000718996
0.00190857
0.003503
0.00433694
0.00456541
0.00447081
0.00399283
0.00358383
0.00269373
0.00242837
0.00100576
0.00141835
-0.266498
-0.248196
-0.228692
-0.211184
-0.192722
-0.173547
-0.154029
-0.134434
-0.115093
-0.0963691
-0.078629
-0.0622264
-0.0474677
-0.0345834
-0.0237073
-0.0148618
-0.00796091
-0.00282633
0.000777931
0.00312816
0.00447823
0.00510478
0.00516169
0.00492996
0.00433973
0.0038482
0.00287882
0.00257405
0.00107002
0.00149616
-0.265656
-0.247672
-0.227321
-0.209246
-0.190146
-0.170301
-0.150222
-0.130183
-0.110521
-0.0916082
-0.0738201
-0.0575058
-0.0429592
-0.0303915
-0.0199094
-0.0115065
-0.00507047
-0.000397724
0.00276959
0.00472458
0.00573224
0.00607309
0.00589811
0.00548365
0.00474796
0.00414968
0.00308492
0.00273018
0.00113666
0.00157782
-0.264778
-0.246611
-0.225254
-0.206479
-0.186811
-0.16644
-0.145948
-0.125609
-0.105761
-0.0867841
-0.0690545
-0.0529146
-0.0386449
-0.0264371
-0.0163741
-0.00842343
-0.00244604
0.00178483
0.00454542
0.00614086
0.00684222
0.00692953
0.00655032
0.00597567
0.00511305
0.00442164
0.00327236
0.00287444
0.00119789
0.00165767
-0.263023
-0.244546
-0.222436
-0.203063
-0.182941
-0.162156
-0.141342
-0.120787
-0.10083
-0.0818606
-0.0642534
-0.0483438
-0.0343984
-0.0225876
-0.0129695
-0.00548467
3.1495e-05
0.00382754
0.00619565
0.00745004
0.00786468
0.00771759
0.00715111
0.00643008
0.00545147
0.00467482
0.00344761
0.00301022
0.00125565
0.00173535
-0.26018
-0.241304
-0.218636
-0.198791
-0.178333
-0.157259
-0.136236
-0.115563
-0.0955855
-0.076699
-0.0592798
-0.0436572
-0.0300835
-0.0187086
-0.00956521
-0.00256739
0.00247449
0.00582942
0.00780401
0.0087201
0.00885304
0.00847736
0.00772923
0.00686663
0.00577621
0.00491735
0.00361544
0.00314005
0.00131099
0.00181089
-0.256285
-0.236986
-0.21393
-0.193738
-0.173042
-0.151796
-0.130673
-0.109981
-0.0900709
-0.0713448
-0.0541799
-0.0388991
-0.0257408
-0.0148347
-0.00618915
0.000307459
0.00486827
0.00778107
0.00936508
0.00994827
0.00980557
0.00920753
0.00828355
0.00728431
0.00608647
0.00514857
0.00377538
0.00326356
0.00136393
0.0018839
-0.25134
-0.231643
-0.208397
-0.187985
-0.167153
-0.145848
-0.124729
-0.104111
-0.0843526
-0.0658612
-0.0490136
-0.0341256
-0.0214221
-0.0110127
-0.0028821
0.00310527
0.00718437
0.00965976
0.0108613
0.011121
0.0107123
0.00990086
0.00880891
0.00767953
0.00637976
0.00536685
0.00392639
0.00338003
0.00141446
0.00195395
-0.245386
-0.225364
-0.20213
-0.181622
-0.160758
-0.139498
-0.118478
-0.0980207
-0.0784929
-0.0603045
-0.0438314
-0.0293818
-0.0171663
-0.0072753
0.000328894
0.00580441
0.00940593
0.0114526
0.0122832
0.0122312
0.0115681
0.0105538
0.0093028
0.00805053
0.00665486
0.00557135
0.00406789
0.00348894
0.0014616
0.00202058
-0.238519
-0.21829
-0.195262
-0.174772
-0.153969
-0.132848
-0.112012
-0.0917938
-0.0725659
-0.0547405
-0.0386908
-0.0247167
-0.0130145
-0.00365593
0.00341767
0.00838504
0.0115184
0.0131493
0.0136233
0.0132738
0.0123697
0.011164
0.00976357
0.00839615
0.00691092
0.00576147
0.0041995
0.00359006
0.00150018
0.00208328
-0.230893
-0.210605
-0.187955
-0.167583
-0.146927
-0.126023
-0.105445
-0.0855297
-0.0666595
-0.0492459
-0.0336579
-0.0201861
-0.00901264
-0.000191422
0.00635559
0.0108256
0.013506
0.0147386
0.0148736
0.0142435
0.0131133
0.0117288
0.0101894
0.00871513
0.00714705
0.00593658
0.00432083
0.0036841
0.00154096
0.00214161
-0.222714
-0.202536
-0.180403
-0.16023
-0.139791
-0.119168
-0.0989024
-0.0793415
-0.0608727
-0.043906
-0.028805
-0.0158501
-0.00520952
0.00307962
0.00911293
0.0131038
0.0153526
0.0162092
0.0160263
0.0151349
0.0137952
0.0122458
0.0105786
0.00900623
0.00736235
0.00609605
0.00443136
0.00377157
0.00157813
0.00219517
-0.214239
-0.194339
-0.172821
-0.152908
-0.132738
-0.112441
-0.0925272
-0.0733539
-0.0553135
-0.0388131
-0.0242092
-0.0117718
-0.00165554
0.00611792
0.0116599
0.0151977
0.0170423
0.0175496
0.0170735
0.0159425
0.0144116
0.0127123
0.0109293
0.00926824
0.00755601
0.00623933
0.00453058
0.00384779
0.0016114
0.00224369
-0.20577
-0.186296
-0.165446
-0.145828
-0.12596
-0.106014
-0.0864712
-0.0677
-0.0500967
-0.0340639
-0.0199505
-0.00801586
0.00159827
0.00888429
0.0139671
0.0170859
0.0185598
0.0187493
0.0180079
0.0166614
0.0149593
0.0131261
0.0112399
0.00950009
0.00772724
0.00636588
0.0046183
0.00391477
0.00164067
0.00228685
-0.19764
-0.178696
-0.158523
-0.139212
-0.119657
-0.100064
-0.0808916
-0.0625171
-0.0453398
-0.029757
-0.0161096
-0.00464681
0.00450167
0.0113406
0.0160065
0.018748
0.0198908
0.0197981
0.0188227
0.017287
0.0154351
0.0134851
0.0115091
0.00970079
0.00787537
0.00647527
0.00469418
0.00397268
0.00166576
0.00232438
-0.190195
-0.171825
-0.152294
-0.13328
-0.114026
-0.0947681
-0.0759449
-0.0579413
-0.0411587
-0.0259888
-0.012765
-0.00172672
0.00700676
0.0134508
0.0177515
0.0201651
0.0210221
0.0206872
0.0195119
0.0178152
0.0158361
0.0137873
0.0117355
0.00986944
0.00799979
0.00656709
0.00475787
0.00402106
0.00168674
0.00235603
-0.18377
-0.165951
-0.146989
-0.12824
-0.109257
-0.0902951
-0.0717792
-0.0541008
-0.037662
-0.0228495
-0.0099893
0.000687185
0.00906976
0.0151824
0.0191787
0.0213206
0.0219422
0.0214085
0.02007
0.0182422
0.01616
0.0140311
0.011918
0.0100053
0.00809996
0.00664097
0.00480912
0.00406015
0.0017036
0.00238161
-0.178668
-0.16131
-0.142811
-0.12428
-0.105516
-0.0867941
-0.0685264
-0.0511096
-0.0349462
-0.0204183
-0.00784637
0.00254513
0.0106529
0.0165073
0.0202678
0.0222004
0.0226412
0.0219556
0.0204927
0.0185653
0.0164048
0.0142152
0.0120557
0.0101078
0.00817548
0.00669663
0.00484776
0.00408967
0.0017163
0.00240094
-0.175131
-0.158096
-0.139928
-0.12155
-0.102941
-0.0843873
-0.0662938
-0.0490604
-0.0330894
-0.0187597
-0.0063875
0.00380718
0.0117259
0.0174035
0.0210031
0.0227932
0.0231115
0.0223232
0.0207764
0.0187819
0.0165688
0.0143385
0.0121479
0.0101763
0.00822601
0.00673386
0.00487361
0.00410943
0.00172478
0.0024139
-0.173322
-0.156451
-0.138455
-0.120157
-0.101628
-0.0831613
-0.0651578
-0.0480188
-0.0321467
-0.0179186
-0.00564876
0.00444541
0.0122678
0.0178556
0.0213735
0.0230916
0.023348
0.0225079
0.0209188
0.0188906
0.0166511
0.0144004
0.0121941
0.0102107
0.00825133
0.00675251
0.00488656
0.00411934
0.00172903
0.0024204
)
;

boundaryField
{
    inlet
    {
        type            zeroGradient;
    }
    outlet
    {
        type            fixedValue;
        value           uniform 0;
    }
    cylinder
    {
        type            zeroGradient;
    }
    top
    {
        type            symmetryPlane;
    }
    bottom
    {
        type            symmetryPlane;
    }
    defaultFaces
    {
        type            empty;
    }
}


// ************************************************************************* //
