/*--------------------------------*- C++ -*----------------------------------*\
  =========                 |
  \\      /  F ield         | OpenFOAM: The Open Source CFD Toolbox
   \\    /   O peration     | Website:  https://openfoam.org
    \\  /    A nd           | Version:  9
     \\/     M anipulation  |
\*---------------------------------------------------------------------------*/
FoamFile
{
    format      ascii;
    class       volScalarField;
    location    "36.5";
    object      p;
}
// * * * * * * * * * * * * * * * * * * * * * * * * * * * * * * * * * * * * * //

dimensions      [0 2 -2 0 0 0 0];

internalField   nonuniform List<scalar> 
8500
(
-0.297056
-0.301272
-0.302109
-0.30386
-0.305948
-0.306197
-0.309958
-0.306335
-0.312517
-0.305204
-0.297321
-0.301476
-0.302307
-0.304026
-0.306147
-0.306292
-0.310255
-0.30627
-0.312931
-0.305091
-0.297844
-0.301878
-0.302695
-0.30435
-0.306536
-0.306469
-0.310841
-0.306124
-0.313753
-0.304864
-0.298613
-0.302468
-0.303261
-0.304817
-0.307098
-0.30671
-0.311696
-0.305868
-0.314972
-0.304517
-0.299607
-0.303229
-0.303986
-0.305405
-0.307809
-0.306988
-0.312784
-0.305464
-0.316564
-0.304049
-0.300805
-0.304144
-0.304848
-0.306086
-0.308632
-0.307277
-0.314053
-0.304877
-0.318489
-0.303439
-0.30218
-0.305192
-0.305821
-0.306833
-0.309525
-0.307553
-0.315425
-0.304078
-0.320689
-0.30263
-0.303707
-0.30635
-0.306876
-0.307616
-0.310435
-0.307803
-0.316807
-0.303054
-0.323074
-0.301612
-0.305358
-0.307598
-0.307985
-0.30841
-0.311305
-0.308024
-0.318081
-0.30188
-0.325202
-0.300593
-0.307111
-0.308915
-0.309121
-0.309193
-0.312079
-0.308229
-0.319029
-0.300784
-0.327
-0.299197
-0.308946
-0.310288
-0.310258
-0.30995
-0.312697
-0.308508
-0.31952
-0.299662
-0.328425
-0.29758
-0.310851
-0.311704
-0.311378
-0.310673
-0.313057
-0.308903
-0.319565
-0.298585
-0.329069
-0.296222
-0.312819
-0.313157
-0.312469
-0.311378
-0.313181
-0.309286
-0.319165
-0.297873
-0.328384
-0.295677
-0.314854
-0.314648
-0.313524
-0.312045
-0.313125
-0.309603
-0.318252
-0.29769
-0.325979
-0.295971
-0.316967
-0.316183
-0.314554
-0.312652
-0.312936
-0.309838
-0.31689
-0.297955
-0.321836
-0.296297
-0.319184
-0.31777
-0.315596
-0.313206
-0.312664
-0.309793
-0.315205
-0.2983
-0.316454
-0.295562
-0.321539
-0.31943
-0.31668
-0.313738
-0.312385
-0.309432
-0.313284
-0.298339
-0.310477
-0.293244
-0.324072
-0.321193
-0.31784
-0.314288
-0.31216
-0.308775
-0.311095
-0.297877
-0.304161
-0.289361
-0.326833
-0.323097
-0.31912
-0.314893
-0.311994
-0.307934
-0.308547
-0.296841
-0.297436
-0.284333
-0.329877
-0.32518
-0.32057
-0.315578
-0.311846
-0.307028
-0.305618
-0.295091
-0.290346
-0.278939
-0.33326
-0.327493
-0.322243
-0.316343
-0.311692
-0.306096
-0.302383
-0.292399
-0.28351
-0.273669
-0.337025
-0.330104
-0.324176
-0.317173
-0.311563
-0.305077
-0.298924
-0.288713
-0.277372
-0.267136
-0.341248
-0.333067
-0.326375
-0.318079
-0.311516
-0.303851
-0.295272
-0.284299
-0.271211
-0.260386
-0.345991
-0.336444
-0.328802
-0.319141
-0.311546
-0.302309
-0.291428
-0.279294
-0.265049
-0.253591
-0.351318
-0.340288
-0.331407
-0.320491
-0.311564
-0.300393
-0.287342
-0.273898
-0.258773
-0.246707
-0.357295
-0.344612
-0.334193
-0.322202
-0.311448
-0.298076
-0.282997
-0.268203
-0.252359
-0.2398
-0.363997
-0.349365
-0.337272
-0.3242
-0.311096
-0.295353
-0.278373
-0.262271
-0.245809
-0.232802
-0.371494
-0.354452
-0.340849
-0.32628
-0.310432
-0.292229
-0.273462
-0.256126
-0.239107
-0.225713
-0.379829
-0.359768
-0.345108
-0.328227
-0.309385
-0.288708
-0.268257
-0.24977
-0.232251
-0.218492
-0.388976
-0.365253
-0.35009
-0.329887
-0.307886
-0.284784
-0.262747
-0.243192
-0.22522
-0.211119
-0.398819
-0.370919
-0.355616
-0.331164
-0.305873
-0.280437
-0.256913
-0.236374
-0.217998
-0.203569
-0.409132
-0.376844
-0.361298
-0.33198
-0.303291
-0.275638
-0.250734
-0.229295
-0.21056
-0.195819
-0.419584
-0.383126
-0.366648
-0.332247
-0.300097
-0.270352
-0.24418
-0.22193
-0.202884
-0.187847
-0.429856
-0.389825
-0.371208
-0.331849
-0.296253
-0.264541
-0.237221
-0.214252
-0.194946
-0.179637
-0.439644
-0.396908
-0.374624
-0.330655
-0.291715
-0.25817
-0.229823
-0.206233
-0.186726
-0.171169
-0.448692
-0.404202
-0.376677
-0.328529
-0.286438
-0.251206
-0.221954
-0.197844
-0.178203
-0.162427
-0.456797
-0.411382
-0.377262
-0.325345
-0.280372
-0.243617
-0.213584
-0.18906
-0.169356
-0.153398
-0.463798
-0.417992
-0.376367
-0.321003
-0.273462
-0.235367
-0.204684
-0.17986
-0.160167
-0.144076
-0.469568
-0.423506
-0.374019
-0.315433
-0.265655
-0.226425
-0.195228
-0.170222
-0.15062
-0.13447
-0.473999
-0.427448
-0.370199
-0.308588
-0.256902
-0.216756
-0.185195
-0.160127
-0.140705
-0.124605
-0.476989
-0.429482
-0.364786
-0.300424
-0.247162
-0.206332
-0.174565
-0.14956
-0.130409
-0.114498
-0.478432
-0.42933
-0.357687
-0.290896
-0.236399
-0.195128
-0.163322
-0.138506
-0.119723
-0.104127
-0.478198
-0.42679
-0.348841
-0.279964
-0.224585
-0.183125
-0.151454
-0.126953
-0.108658
-0.09343
-0.476128
-0.421728
-0.338203
-0.267607
-0.2117
-0.170308
-0.138947
-0.114891
-0.097257
-0.0823277
-0.472036
-0.414051
-0.325722
-0.253822
-0.197733
-0.156663
-0.125789
-0.102323
-0.0855649
-0.0707979
-0.465715
-0.403703
-0.311362
-0.238614
-0.182669
-0.142187
-0.111987
-0.0892869
-0.0735573
-0.0589737
-0.456949
-0.390647
-0.2951
-0.221981
-0.166493
-0.1269
-0.0975809
-0.0758649
-0.0611217
-0.0469459
-0.445526
-0.374868
-0.276929
-0.203923
-0.149213
-0.110866
-0.0826343
-0.0620343
-0.048267
-0.0347202
-0.431255
-0.356363
-0.256843
-0.184459
-0.130916
-0.0941445
-0.0671051
-0.0478049
-0.0350393
-0.0223034
-0.413973
-0.335152
-0.234831
-0.163677
-0.111751
-0.0766358
-0.0510343
-0.0331904
-0.0214864
-0.00970879
-0.393564
-0.311293
-0.210893
-0.141728
-0.0916595
-0.0583956
-0.034462
-0.0182151
-0.0076513
0.00303678
-0.369961
-0.284913
-0.185112
-0.118586
-0.0706855
-0.0394835
-0.0174318
-0.00291161
0.00642476
0.0158967
-0.343152
-0.25618
-0.157678
-0.0941657
-0.0488876
-0.0199654
8.44541e-06
0.0126804
0.0207019
0.0288267
-0.313186
-0.225124
-0.128727
-0.0685841
-0.026333
8.82729e-05
0.0178045
0.0285169
0.0351437
0.0417822
-0.280181
-0.191484
-0.0986506
-0.0419848
-0.0030961
0.0206026
0.0358958
0.0445526
0.0497188
0.0547196
-0.244314
-0.155568
-0.0673985
-0.0145179
0.0207366
0.0414977
0.0542175
0.0607459
0.0643951
0.0675683
-0.205684
-0.117782
-0.0350232
0.0136704
0.045065
0.0626885
0.0727043
0.0770631
0.0791171
0.0801549
-0.164259
-0.0787584
-0.00165462
0.0424376
0.0697781
0.0840852
0.0912942
0.0934706
0.0937723
0.0921429
-0.120524
-0.0386566
0.0325278
0.0716407
0.0947564
0.105595
0.109926
0.109909
0.108186
0.103243
-0.0748366
0.00233199
0.0673197
0.101131
0.119874
0.127122
0.128533
0.126268
0.122195
0.113774
-0.027577
0.0439702
0.102502
0.130751
0.145001
0.14857
0.147029
0.142407
0.135748
0.125052
0.0208526
0.0859944
0.137844
0.160338
0.170002
0.169837
0.165318
0.158214
0.149046
0.136861
0.0700332
0.128123
0.173113
0.189721
0.194743
0.190819
0.183304
0.173659
0.162137
0.148711
0.119534
0.170064
0.208071
0.218726
0.219086
0.211406
0.200892
0.188693
0.174968
0.160428
0.168917
0.211517
0.24248
0.247178
0.242892
0.231488
0.217995
0.203271
0.187465
0.171828
0.217742
0.252183
0.276104
0.274899
0.266022
0.250955
0.234525
0.217335
0.199562
0.182818
0.265573
0.291763
0.30871
0.301715
0.288342
0.269698
0.250399
0.230822
0.211191
0.193316
0.31198
0.329962
0.340073
0.327452
0.309715
0.287611
0.265536
0.24367
0.222289
0.203263
0.356543
0.366504
0.369973
0.351945
0.330013
0.304592
0.279855
0.255815
0.232794
0.212611
0.398852
0.401126
0.398202
0.37503
0.349109
0.320539
0.29328
0.267196
0.242649
0.221317
0.438533
0.433572
0.424562
0.396553
0.366883
0.335361
0.305739
0.277754
0.251799
0.229341
0.475285
0.463554
0.448864
0.416368
0.383225
0.348969
0.317163
0.287432
0.260193
0.23665
0.508813
0.490814
0.470931
0.434339
0.398029
0.361281
0.327488
0.29618
0.267784
0.243215
0.538825
0.515138
0.490605
0.450343
0.4112
0.372223
0.336656
0.303948
0.274527
0.249007
0.56506
0.536338
0.507741
0.464271
0.422653
0.381729
0.344615
0.310692
0.280383
0.254007
0.587285
0.554255
0.522216
0.476027
0.432315
0.389742
0.351319
0.316374
0.285318
0.258195
0.605305
0.568752
0.533925
0.48553
0.440121
0.396212
0.356731
0.32096
0.289301
0.261559
0.618961
0.579722
0.542781
0.492715
0.44602
0.4011
0.360817
0.324424
0.29231
0.264089
0.628133
0.587081
0.548722
0.497533
0.449975
0.404375
0.363555
0.326744
0.294326
0.265778
0.632739
0.590774
0.551703
0.49995
0.451959
0.406018
0.364927
0.327908
0.295337
0.266623
0.632739
0.590774
0.551703
0.49995
0.451959
0.406018
0.364927
0.327908
0.295337
0.266623
0.628133
0.587081
0.548722
0.497533
0.449975
0.404375
0.363555
0.326744
0.294326
0.265778
0.618961
0.579722
0.542781
0.492715
0.44602
0.4011
0.360817
0.324424
0.29231
0.264089
0.605305
0.568752
0.533925
0.48553
0.440121
0.396212
0.356731
0.32096
0.289301
0.261559
0.587285
0.554255
0.522216
0.476027
0.432315
0.389742
0.351319
0.316374
0.285318
0.258195
0.56506
0.536338
0.507741
0.464271
0.422653
0.381729
0.344615
0.310692
0.280383
0.254007
0.538826
0.515138
0.490605
0.450343
0.4112
0.372223
0.336656
0.303948
0.274527
0.249007
0.508813
0.490814
0.470931
0.434339
0.398029
0.361281
0.327488
0.29618
0.267784
0.243215
0.475285
0.463554
0.448864
0.416368
0.383225
0.348969
0.317163
0.287432
0.260193
0.23665
0.438533
0.433572
0.424562
0.396553
0.366883
0.335361
0.305739
0.277754
0.251799
0.229341
0.398852
0.401126
0.398202
0.37503
0.349109
0.320539
0.29328
0.267196
0.242649
0.221317
0.356543
0.366504
0.369973
0.351945
0.330013
0.304592
0.279855
0.255815
0.232794
0.212611
0.31198
0.329962
0.340073
0.327452
0.309715
0.287612
0.265536
0.24367
0.222289
0.203263
0.265573
0.291763
0.30871
0.301715
0.288342
0.269698
0.250399
0.230822
0.211191
0.193316
0.217742
0.252183
0.276104
0.274899
0.266023
0.250955
0.234525
0.217335
0.199562
0.182818
0.168917
0.211517
0.24248
0.247178
0.242892
0.231488
0.217995
0.203271
0.187465
0.171828
0.119534
0.170064
0.208071
0.218726
0.219086
0.211406
0.200892
0.188693
0.174968
0.160428
0.0700333
0.128123
0.173113
0.189721
0.194743
0.190819
0.183304
0.173659
0.162137
0.148711
0.0208527
0.0859944
0.137844
0.160338
0.170002
0.169837
0.165318
0.158214
0.149046
0.136861
-0.0275769
0.0439703
0.102502
0.130751
0.145001
0.14857
0.147029
0.142407
0.135748
0.125052
-0.0748365
0.00233205
0.0673197
0.101131
0.119874
0.127122
0.128533
0.126268
0.122195
0.113774
-0.120524
-0.0386565
0.0325278
0.0716408
0.0947565
0.105595
0.109926
0.109909
0.108186
0.103243
-0.164259
-0.0787583
-0.00165456
0.0424376
0.0697781
0.0840852
0.0912942
0.0934706
0.0937723
0.0921429
-0.205684
-0.117782
-0.0350231
0.0136705
0.045065
0.0626885
0.0727044
0.0770631
0.0791171
0.0801549
-0.244314
-0.155568
-0.0673984
-0.0145179
0.0207367
0.0414978
0.0542175
0.060746
0.0643951
0.0675684
-0.280181
-0.191484
-0.0986506
-0.0419848
-0.00309604
0.0206027
0.0358958
0.0445526
0.0497188
0.0547196
-0.313185
-0.225123
-0.128727
-0.068584
-0.026333
8.83258e-05
0.0178045
0.0285169
0.0351437
0.0417823
-0.343152
-0.25618
-0.157678
-0.0941656
-0.0488876
-0.0199654
8.49395e-06
0.0126804
0.020702
0.0288267
-0.369961
-0.284913
-0.185112
-0.118586
-0.0706855
-0.0394834
-0.0174318
-0.00291156
0.0064248
0.0158967
-0.393563
-0.311293
-0.210893
-0.141728
-0.0916594
-0.0583956
-0.0344619
-0.018215
-0.00765126
0.00303681
-0.413973
-0.335152
-0.234831
-0.163677
-0.111751
-0.0766357
-0.0510343
-0.0331903
-0.0214864
-0.00970876
-0.431254
-0.356363
-0.256843
-0.184459
-0.130915
-0.0941444
-0.067105
-0.0478049
-0.0350392
-0.0223033
-0.445526
-0.374867
-0.276929
-0.203923
-0.149213
-0.110866
-0.0826342
-0.0620342
-0.0482669
-0.0347202
-0.456949
-0.390647
-0.2951
-0.221981
-0.166493
-0.126899
-0.0975808
-0.0758649
-0.0611217
-0.0469459
-0.465715
-0.403703
-0.311362
-0.238614
-0.182669
-0.142186
-0.111987
-0.0892868
-0.0735572
-0.0589736
-0.472036
-0.414051
-0.325722
-0.253822
-0.197733
-0.156663
-0.125789
-0.102323
-0.0855648
-0.0707978
-0.476127
-0.421727
-0.338203
-0.267606
-0.2117
-0.170308
-0.138947
-0.114891
-0.0972569
-0.0823277
-0.478198
-0.42679
-0.348841
-0.279964
-0.224585
-0.183125
-0.151454
-0.126953
-0.108658
-0.0934299
-0.478432
-0.429329
-0.357686
-0.290895
-0.236399
-0.195128
-0.163322
-0.138506
-0.119723
-0.104127
-0.476989
-0.429482
-0.364786
-0.300424
-0.247162
-0.206332
-0.174565
-0.14956
-0.130409
-0.114498
-0.473998
-0.427448
-0.370199
-0.308588
-0.256902
-0.216756
-0.185195
-0.160127
-0.140705
-0.124605
-0.469568
-0.423506
-0.374019
-0.315433
-0.265655
-0.226425
-0.195228
-0.170222
-0.15062
-0.13447
-0.463798
-0.417992
-0.376367
-0.321002
-0.273462
-0.235367
-0.204683
-0.17986
-0.160167
-0.144076
-0.456796
-0.411382
-0.377262
-0.325345
-0.280372
-0.243616
-0.213584
-0.18906
-0.169356
-0.153398
-0.448692
-0.404202
-0.376676
-0.328529
-0.286438
-0.251206
-0.221954
-0.197844
-0.178203
-0.162427
-0.439644
-0.396908
-0.374624
-0.330655
-0.291715
-0.25817
-0.229823
-0.206233
-0.186726
-0.171169
-0.429856
-0.389825
-0.371208
-0.331849
-0.296252
-0.264541
-0.237221
-0.214252
-0.194946
-0.179637
-0.419583
-0.383125
-0.366648
-0.332247
-0.300097
-0.270352
-0.24418
-0.22193
-0.202884
-0.187847
-0.409132
-0.376844
-0.361297
-0.33198
-0.303291
-0.275638
-0.250734
-0.229295
-0.21056
-0.195819
-0.398818
-0.370919
-0.355616
-0.331164
-0.305873
-0.280437
-0.256913
-0.236374
-0.217998
-0.203569
-0.388976
-0.365253
-0.35009
-0.329887
-0.307886
-0.284783
-0.262747
-0.243191
-0.22522
-0.211119
-0.379829
-0.359768
-0.345108
-0.328227
-0.309385
-0.288708
-0.268257
-0.24977
-0.232251
-0.218492
-0.371494
-0.354452
-0.340849
-0.32628
-0.310431
-0.292229
-0.273462
-0.256126
-0.239107
-0.225713
-0.363997
-0.349365
-0.337272
-0.324199
-0.311096
-0.295353
-0.278372
-0.262271
-0.245809
-0.232802
-0.357295
-0.344612
-0.334192
-0.322202
-0.311448
-0.298076
-0.282996
-0.268203
-0.252359
-0.2398
-0.351318
-0.340288
-0.331407
-0.32049
-0.311564
-0.300393
-0.287342
-0.273898
-0.258773
-0.246707
-0.345991
-0.336444
-0.328802
-0.319141
-0.311546
-0.302309
-0.291427
-0.279294
-0.265049
-0.253591
-0.341247
-0.333067
-0.326375
-0.318079
-0.311516
-0.30385
-0.295272
-0.284299
-0.271211
-0.260386
-0.337025
-0.330104
-0.324176
-0.317173
-0.311563
-0.305077
-0.298924
-0.288713
-0.277372
-0.267136
-0.33326
-0.327493
-0.322243
-0.316343
-0.311691
-0.306096
-0.302383
-0.292399
-0.28351
-0.273669
-0.329877
-0.32518
-0.32057
-0.315577
-0.311846
-0.307028
-0.305618
-0.295091
-0.290346
-0.278939
-0.326833
-0.323097
-0.319119
-0.314893
-0.311993
-0.307934
-0.308547
-0.296841
-0.297436
-0.284333
-0.324072
-0.321193
-0.317839
-0.314288
-0.31216
-0.308775
-0.311095
-0.297877
-0.304161
-0.289361
-0.321539
-0.31943
-0.31668
-0.313738
-0.312385
-0.309432
-0.313283
-0.298339
-0.310477
-0.293244
-0.319184
-0.31777
-0.315596
-0.313206
-0.312664
-0.309792
-0.315205
-0.2983
-0.316453
-0.295562
-0.316967
-0.316183
-0.314553
-0.312652
-0.312935
-0.309838
-0.31689
-0.297955
-0.321835
-0.296297
-0.314854
-0.314648
-0.313524
-0.312045
-0.313125
-0.309603
-0.318251
-0.297689
-0.325979
-0.295971
-0.312819
-0.313157
-0.312469
-0.311378
-0.313181
-0.309286
-0.319164
-0.297873
-0.328384
-0.295677
-0.310851
-0.311704
-0.311378
-0.310673
-0.313057
-0.308903
-0.319565
-0.298584
-0.329068
-0.296222
-0.308946
-0.310288
-0.310258
-0.30995
-0.312697
-0.308508
-0.31952
-0.299662
-0.328425
-0.29758
-0.307111
-0.308915
-0.309121
-0.309193
-0.312078
-0.308229
-0.319029
-0.300784
-0.327
-0.299197
-0.305358
-0.307597
-0.307985
-0.30841
-0.311305
-0.308023
-0.318081
-0.30188
-0.325202
-0.300592
-0.303707
-0.30635
-0.306876
-0.307616
-0.310435
-0.307803
-0.316807
-0.303054
-0.323074
-0.301611
-0.30218
-0.305192
-0.305821
-0.306833
-0.309525
-0.307553
-0.315425
-0.304078
-0.320689
-0.30263
-0.300805
-0.304144
-0.304848
-0.306086
-0.308632
-0.307277
-0.314052
-0.304877
-0.318489
-0.303439
-0.299607
-0.303229
-0.303986
-0.305405
-0.307809
-0.306988
-0.312784
-0.305464
-0.316564
-0.304049
-0.298613
-0.302468
-0.303261
-0.304817
-0.307098
-0.30671
-0.311696
-0.305868
-0.314972
-0.304517
-0.297844
-0.301878
-0.302695
-0.30435
-0.306536
-0.306469
-0.310841
-0.306124
-0.313753
-0.304864
-0.297321
-0.301476
-0.302307
-0.304026
-0.306147
-0.306292
-0.310255
-0.30627
-0.312931
-0.305091
-0.297056
-0.301272
-0.302109
-0.30386
-0.305948
-0.306197
-0.309958
-0.306335
-0.312517
-0.305204
-0.312555
-0.302948
-0.303882
-0.295853
-0.291559
-0.282723
-0.274678
-0.263753
-0.252281
-0.238573
-0.223697
-0.207064
-0.189159
-0.170347
-0.150846
-0.131764
-0.113243
-0.0963449
-0.0811153
-0.0677424
-0.0562592
-0.0454464
-0.0353602
-0.0254018
-0.0172629
-0.0100948
-0.00558376
-0.00170327
-0.000478919
0.00131448
-0.312796
-0.303085
-0.303983
-0.295974
-0.291662
-0.282839
-0.27479
-0.263874
-0.252403
-0.2387
-0.223825
-0.207193
-0.189284
-0.170467
-0.150956
-0.131863
-0.113331
-0.096422
-0.0811848
-0.0678063
-0.0563237
-0.0455125
-0.035424
-0.0254575
-0.0173093
-0.0101302
-0.00561088
-0.00172205
-0.000491833
0.00130864
-0.313247
-0.303341
-0.304177
-0.296205
-0.291863
-0.283063
-0.275011
-0.264108
-0.252642
-0.238948
-0.224075
-0.207445
-0.18953
-0.170703
-0.151173
-0.132061
-0.113506
-0.0965765
-0.0813237
-0.0679339
-0.0564517
-0.0456432
-0.03555
-0.0255679
-0.0174016
-0.0102009
-0.00566508
-0.00175977
-0.000517612
0.00129681
-0.313864
-0.303685
-0.304449
-0.296532
-0.292145
-0.283385
-0.275325
-0.264447
-0.252987
-0.239307
-0.224439
-0.207812
-0.189887
-0.171049
-0.151494
-0.132351
-0.113768
-0.0968076
-0.0815321
-0.0681249
-0.0566417
-0.0458356
-0.0357354
-0.025731
-0.0175384
-0.0103068
-0.00574625
-0.00181673
-0.000556188
0.00127866
-0.314575
-0.304062
-0.30478
-0.296917
-0.292498
-0.283779
-0.275723
-0.264871
-0.253422
-0.239762
-0.2249
-0.208282
-0.190348
-0.171492
-0.151907
-0.132732
-0.114112
-0.0971142
-0.0818102
-0.0683792
-0.0568919
-0.0460862
-0.0359761
-0.0259439
-0.017718
-0.0104472
-0.00585423
-0.00189333
-0.000607456
0.0012538
-0.315297
-0.304453
-0.305128
-0.297354
-0.292894
-0.28424
-0.27617
-0.265368
-0.25393
-0.240299
-0.225449
-0.208835
-0.19089
-0.172022
-0.152411
-0.133195
-0.114537
-0.0974953
-0.0821576
-0.0686964
-0.0572
-0.0463911
-0.0362678
-0.0262037
-0.0179385
-0.0106219
-0.00598878
-0.00198994
-0.000671275
0.0012218
-0.316001
-0.304725
-0.305494
-0.297764
-0.293317
-0.284705
-0.276677
-0.265897
-0.254495
-0.240888
-0.226052
-0.209458
-0.191511
-0.17263
-0.15299
-0.133736
-0.115038
-0.0979495
-0.0825742
-0.069076
-0.0575635
-0.0467459
-0.0366059
-0.0265069
-0.0181976
-0.0108301
-0.00614958
-0.00210685
-0.000747458
0.00118228
-0.316422
-0.305038
-0.305735
-0.298203
-0.293686
-0.285211
-0.277154
-0.266473
-0.255074
-0.241527
-0.226705
-0.210134
-0.192187
-0.1733
-0.153639
-0.134348
-0.115613
-0.098475
-0.0830593
-0.0695171
-0.05798
-0.0471467
-0.0369859
-0.0268503
-0.0184932
-0.0110709
-0.00633614
-0.0022442
-0.000835754
0.00113497
-0.316474
-0.305304
-0.305818
-0.298601
-0.293992
-0.285683
-0.277629
-0.267036
-0.255665
-0.242176
-0.227379
-0.210842
-0.192905
-0.174021
-0.154347
-0.135025
-0.116257
-0.09907
-0.0836115
-0.0700185
-0.0584468
-0.0475896
-0.0374037
-0.0272306
-0.018823
-0.0113434
-0.0065478
-0.00240185
-0.000935833
0.00107977
-0.316135
-0.305422
-0.305759
-0.298883
-0.294226
-0.28609
-0.278051
-0.267571
-0.256233
-0.24282
-0.228057
-0.211566
-0.19365
-0.17478
-0.155106
-0.135761
-0.116967
-0.099732
-0.084229
-0.0705786
-0.0589612
-0.0480712
-0.0378555
-0.0276449
-0.0191846
-0.0116461
-0.00678364
-0.00257939
-0.00104726
0.00101677
-0.315116
-0.305392
-0.305474
-0.299022
-0.294321
-0.286401
-0.278398
-0.268045
-0.256756
-0.243433
-0.228717
-0.212288
-0.194409
-0.175566
-0.155906
-0.13655
-0.117739
-0.100458
-0.0849095
-0.0711948
-0.0595205
-0.0485881
-0.0383378
-0.0280901
-0.0195757
-0.0119774
-0.00704245
-0.00277606
-0.0011695
0.000946242
-0.313231
-0.305107
-0.304919
-0.298954
-0.294267
-0.286555
-0.278628
-0.268424
-0.257207
-0.243992
-0.229341
-0.212991
-0.195166
-0.176369
-0.156741
-0.137385
-0.118568
-0.101245
-0.0856495
-0.0718645
-0.0601215
-0.0491375
-0.0388477
-0.0285633
-0.0199936
-0.0123352
-0.00732275
-0.00299079
-0.00130186
0.000868681
-0.310502
-0.304419
-0.304061
-0.29859
-0.293977
-0.286547
-0.278724
-0.268683
-0.257563
-0.244473
-0.229909
-0.213659
-0.19591
-0.177179
-0.157603
-0.138263
-0.11945
-0.102089
-0.0864454
-0.0725842
-0.0607615
-0.0497164
-0.0393822
-0.0290617
-0.0204357
-0.0127172
-0.00762277
-0.00322222
-0.00144356
0.000784725
-0.30733
-0.30313
-0.302803
-0.297913
-0.293444
-0.286251
-0.278603
-0.268782
-0.257792
-0.244857
-0.230405
-0.214278
-0.19663
-0.177986
-0.158485
-0.139176
-0.120378
-0.102984
-0.0872926
-0.0733502
-0.0614372
-0.0503224
-0.0399387
-0.0295823
-0.0208994
-0.0131209
-0.0079405
-0.00346875
-0.00159369
0.000695143
-0.303944
-0.301179
-0.301088
-0.296844
-0.292635
-0.285808
-0.278316
-0.268718
-0.257882
-0.245127
-0.230816
-0.214837
-0.197318
-0.178785
-0.15938
-0.140119
-0.12135
-0.103928
-0.0881863
-0.0741582
-0.0621455
-0.0509529
-0.0405149
-0.0301225
-0.0213817
-0.0135435
-0.00827381
-0.00372862
-0.00175127
0.000600789
-0.300269
-0.298636
-0.298843
-0.295304
-0.291369
-0.284841
-0.277676
-0.268415
-0.257798
-0.245267
-0.231131
-0.215331
-0.197966
-0.17957
-0.160284
-0.141088
-0.122357
-0.104913
-0.0891214
-0.0750039
-0.0628833
-0.0516056
-0.0411085
-0.0306796
-0.02188
-0.0139822
-0.00862041
-0.00399991
-0.00191523
0.000502564
-0.296435
-0.295465
-0.296086
-0.293366
-0.289912
-0.283971
-0.276957
-0.267966
-0.257563
-0.245275
-0.231344
-0.21575
-0.198571
-0.180337
-0.161192
-0.142079
-0.123398
-0.105936
-0.0900937
-0.0758836
-0.0636478
-0.0522783
-0.0417172
-0.0312507
-0.0223911
-0.0144338
-0.00897779
-0.00428061
-0.0020845
0.000401347
-0.292385
-0.291755
-0.292743
-0.290808
-0.287797
-0.282288
-0.275629
-0.267167
-0.257115
-0.245142
-0.231465
-0.216113
-0.199146
-0.181093
-0.162106
-0.143087
-0.124462
-0.106986
-0.0910919
-0.0767873
-0.0644316
-0.0529658
-0.0423373
-0.0318323
-0.0229124
-0.014896
-0.00934443
-0.00456943
-0.00225835
0.000297878
-0.288167
-0.287772
-0.289261
-0.288236
-0.285837
-0.280938
-0.274728
-0.266386
-0.25657
-0.244882
-0.231462
-0.216365
-0.199634
-0.181789
-0.162987
-0.144087
-0.125536
-0.108059
-0.0921205
-0.077724
-0.0652468
-0.05368
-0.0429797
-0.0324331
-0.0234501
-0.0153721
-0.00972134
-0.00486599
-0.00243599
0.000193016
-0.284203
-0.282992
-0.284525
-0.284337
-0.282624
-0.278409
-0.272463
-0.265046
-0.255778
-0.244552
-0.231507
-0.216748
-0.200305
-0.18269
-0.164073
-0.145281
-0.126781
-0.109273
-0.0932539
-0.0787356
-0.0661083
-0.0544219
-0.0436346
-0.0330387
-0.023986
-0.0158454
-0.010095
-0.00516087
-0.00261314
8.89008e-05
-0.279028
-0.279259
-0.281006
-0.281446
-0.280226
-0.276623
-0.271518
-0.263738
-0.254618
-0.243605
-0.230765
-0.216217
-0.199986
-0.182574
-0.164158
-0.145534
-0.127176
-0.109761
-0.0937914
-0.0792784
-0.0666118
-0.0548846
-0.0440647
-0.0334625
-0.0243851
-0.0162206
-0.010407
-0.00541734
-0.00277211
-5.35264e-06
-0.273372
-0.274394
-0.27634
-0.277293
-0.276431
-0.273109
-0.267841
-0.261045
-0.252363
-0.24171
-0.229199
-0.214965
-0.199046
-0.181929
-0.163806
-0.145437
-0.127301
-0.110043
-0.0941724
-0.0797013
-0.0670181
-0.0552644
-0.0444246
-0.0338324
-0.0247445
-0.0165697
-0.0106998
-0.0056615
-0.00292117
-9.47532e-05
-0.267443
-0.269079
-0.271277
-0.272791
-0.272403
-0.269583
-0.265021
-0.258361
-0.249984
-0.23967
-0.227483
-0.213571
-0.197978
-0.181171
-0.163359
-0.145262
-0.127364
-0.110279
-0.0945197
-0.0801005
-0.0674064
-0.0556306
-0.0447741
-0.0341977
-0.0251037
-0.016924
-0.0109991
-0.00591377
-0.0030748
-0.000187572
-0.261267
-0.263544
-0.26602
-0.268071
-0.268175
-0.265862
-0.26166
-0.255459
-0.247451
-0.237504
-0.225667
-0.212101
-0.196855
-0.180379
-0.162894
-0.145081
-0.127431
-0.110526
-0.0948816
-0.0805166
-0.0678117
-0.0560139
-0.0451399
-0.034579
-0.0254775
-0.0172926
-0.0113103
-0.00617636
-0.00323431
-0.000283714
-0.254793
-0.257816
-0.260589
-0.263132
-0.263729
-0.2619
-0.258123
-0.252363
-0.244751
-0.235195
-0.223735
-0.210538
-0.195662
-0.179537
-0.162397
-0.144885
-0.127494
-0.110778
-0.0952542
-0.080947
-0.068233
-0.0564142
-0.0455221
-0.0349767
-0.0258664
-0.0176757
-0.0116336
-0.00644933
-0.00339963
-0.000382932
-0.248067
-0.25192
-0.255007
-0.258002
-0.259088
-0.257746
-0.254418
-0.249101
-0.2419
-0.232754
-0.221691
-0.208884
-0.194398
-0.178642
-0.161863
-0.144666
-0.127546
-0.111029
-0.0956309
-0.0813865
-0.068666
-0.056828
-0.045918
-0.0353883
-0.0262684
-0.0180718
-0.0119679
-0.00673189
-0.00357026
-0.000484812
-0.241161
-0.245886
-0.249311
-0.252721
-0.254294
-0.253444
-0.250565
-0.245698
-0.238921
-0.230198
-0.21955
-0.207148
-0.193068
-0.177698
-0.161293
-0.144424
-0.127584
-0.111274
-0.0960096
-0.0818327
-0.0691091
-0.0572541
-0.0463265
-0.0358128
-0.0266825
-0.0184798
-0.0123122
-0.00702322
-0.00374569
-0.000588896
-0.234129
-0.239741
-0.243531
-0.247326
-0.249378
-0.249019
-0.24659
-0.242177
-0.235835
-0.227545
-0.217325
-0.205342
-0.191682
-0.176709
-0.16069
-0.144159
-0.127609
-0.111515
-0.0963883
-0.0822841
-0.0695609
-0.0576917
-0.0467471
-0.0362495
-0.0271078
-0.0188987
-0.0126655
-0.0073225
-0.00392544
-0.000694701
-0.227021
-0.233508
-0.237688
-0.241842
-0.244361
-0.244493
-0.242516
-0.238557
-0.232659
-0.224811
-0.215028
-0.203475
-0.190245
-0.175681
-0.160056
-0.143873
-0.127619
-0.111747
-0.0967652
-0.0827387
-0.07002
-0.0581396
-0.0471789
-0.0366973
-0.0275433
-0.0193273
-0.013027
-0.00762885
-0.00410898
-0.000801713
-0.219885
-0.227211
-0.231805
-0.236295
-0.239264
-0.239884
-0.238362
-0.234859
-0.229408
-0.222007
-0.212671
-0.201555
-0.188763
-0.174616
-0.159393
-0.143564
-0.127613
-0.111971
-0.097138
-0.0831944
-0.0704847
-0.0585966
-0.0476208
-0.0371551
-0.0279877
-0.0197643
-0.0133955
-0.00794126
-0.00429575
-0.000909398
-0.212766
-0.220875
-0.2259
-0.23071
-0.234107
-0.235209
-0.234144
-0.231095
-0.226095
-0.219146
-0.210262
-0.199591
-0.187243
-0.173519
-0.158703
-0.143235
-0.127591
-0.112183
-0.0975048
-0.0836492
-0.0709534
-0.0590612
-0.0480715
-0.0376215
-0.0284397
-0.0202084
-0.0137699
-0.00825867
-0.00448516
-0.00101721
-0.205711
-0.214527
-0.219995
-0.225109
-0.22891
-0.230485
-0.229877
-0.227279
-0.222732
-0.216238
-0.20781
-0.197588
-0.185689
-0.172394
-0.157987
-0.142884
-0.127551
-0.112384
-0.0978637
-0.0841013
-0.0714242
-0.0595319
-0.0485296
-0.0380952
-0.0288981
-0.0206581
-0.0141488
-0.00857995
-0.00467658
-0.00112459
-0.198761
-0.208195
-0.214111
-0.219517
-0.223693
-0.225727
-0.225575
-0.223427
-0.219331
-0.213293
-0.205325
-0.195555
-0.184106
-0.171243
-0.157248
-0.142513
-0.127493
-0.11257
-0.0982131
-0.0845485
-0.0718953
-0.060007
-0.0489937
-0.0385744
-0.0293612
-0.0211119
-0.0145311
-0.0089039
-0.00486937
-0.00123099
-0.191958
-0.201912
-0.208271
-0.213959
-0.21848
-0.220955
-0.221255
-0.219551
-0.215904
-0.210322
-0.202814
-0.193498
-0.182501
-0.17007
-0.156487
-0.142123
-0.127417
-0.112742
-0.0985513
-0.0849891
-0.072365
-0.0604845
-0.0494621
-0.0390576
-0.0298275
-0.021568
-0.0149154
-0.00922924
-0.00506285
-0.00133585
-0.185338
-0.195709
-0.202496
-0.208458
-0.213294
-0.216187
-0.216932
-0.215668
-0.212466
-0.207336
-0.200287
-0.191424
-0.180877
-0.16888
-0.155708
-0.141714
-0.127323
-0.112898
-0.0988769
-0.0854213
-0.0728312
-0.0609627
-0.0499329
-0.0395428
-0.0302953
-0.0220247
-0.0153
-0.0095546
-0.00525631
-0.00143866
-0.178934
-0.189618
-0.196811
-0.203039
-0.20816
-0.211445
-0.212624
-0.211793
-0.20903
-0.204348
-0.197753
-0.189343
-0.179243
-0.167677
-0.154913
-0.141289
-0.127212
-0.113038
-0.0991884
-0.0858431
-0.073292
-0.0614393
-0.0504041
-0.040028
-0.0307625
-0.0224801
-0.0156836
-0.00987853
-0.005449
-0.00153887
-0.172774
-0.183672
-0.191242
-0.197724
-0.203105
-0.206752
-0.208351
-0.207946
-0.205612
-0.20137
-0.195225
-0.187262
-0.177605
-0.166466
-0.154106
-0.140848
-0.127083
-0.11316
-0.0994847
-0.0862527
-0.0737452
-0.061912
-0.0508735
-0.040511
-0.0312271
-0.0229321
-0.0160644
-0.0101995
-0.0056401
-0.00163599
-0.166885
-0.177907
-0.185815
-0.19254
-0.198157
-0.202137
-0.204136
-0.204144
-0.20223
-0.198419
-0.192715
-0.185192
-0.175971
-0.165254
-0.153291
-0.140395
-0.126939
-0.113265
-0.0997646
-0.0866483
-0.0741887
-0.0623784
-0.0513385
-0.0409891
-0.0316868
-0.0233784
-0.0164404
-0.0105157
-0.0058287
-0.00172955
-0.161291
-0.172356
-0.180561
-0.187513
-0.193347
-0.197627
-0.200002
-0.200411
-0.198904
-0.195512
-0.190238
-0.183147
-0.174352
-0.164048
-0.152474
-0.139933
-0.12678
-0.113354
-0.100027
-0.087028
-0.0746201
-0.0628356
-0.0517965
-0.0414595
-0.032139
-0.0238164
-0.0168097
-0.0108254
-0.0060138
-0.00181911
-0.156015
-0.167053
-0.175509
-0.182672
-0.188704
-0.193253
-0.195978
-0.196769
-0.195656
-0.192669
-0.18781
-0.181138
-0.172758
-0.162856
-0.151661
-0.139466
-0.126609
-0.113425
-0.100271
-0.0873899
-0.0750368
-0.0632807
-0.0522443
-0.0419193
-0.0325808
-0.0242433
-0.0171699
-0.0111265
-0.00619429
-0.00190421
-0.15108
-0.162033
-0.170693
-0.178048
-0.184261
-0.189051
-0.192094
-0.193247
-0.192511
-0.189911
-0.185451
-0.179183
-0.171202
-0.161688
-0.150858
-0.138998
-0.126427
-0.11348
-0.100496
-0.0877319
-0.0754361
-0.0637104
-0.0526786
-0.0423648
-0.0330089
-0.0246561
-0.0175185
-0.0114169
-0.00636891
-0.00198442
-0.146506
-0.157328
-0.166146
-0.173673
-0.180051
-0.185053
-0.188383
-0.189875
-0.189494
-0.187262
-0.183181
-0.177298
-0.169699
-0.160556
-0.150075
-0.138535
-0.12624
-0.11352
-0.100701
-0.0880522
-0.0758151
-0.0641212
-0.0530956
-0.0427923
-0.0334198
-0.0250512
-0.0178525
-0.0116943
-0.00653625
-0.00205931
-0.142313
-0.15297
-0.161904
-0.169582
-0.176109
-0.181298
-0.184884
-0.186684
-0.186637
-0.18475
-0.181024
-0.175503
-0.168264
-0.159471
-0.14932
-0.138083
-0.126049
-0.113546
-0.100886
-0.0883485
-0.0761705
-0.0645091
-0.0534911
-0.0431975
-0.0338095
-0.025425
-0.0181688
-0.011956
-0.00669472
-0.00212843
-0.138523
-0.148994
-0.158005
-0.165812
-0.172473
-0.177826
-0.181634
-0.183712
-0.183972
-0.182403
-0.179007
-0.173821
-0.166916
-0.158449
-0.148605
-0.137651
-0.12586
-0.11356
-0.10105
-0.0886188
-0.0764988
-0.0648698
-0.0538604
-0.0435755
-0.0341733
-0.0257732
-0.0184639
-0.0121991
-0.00684253
-0.00219132
-0.135158
-0.145435
-0.154488
-0.162405
-0.169183
-0.174679
-0.178678
-0.180999
-0.181534
-0.180256
-0.177157
-0.172276
-0.165676
-0.157506
-0.147942
-0.137245
-0.125678
-0.113564
-0.101193
-0.0888607
-0.0767962
-0.0651986
-0.0541984
-0.0439213
-0.0345062
-0.0260912
-0.0187336
-0.0124205
-0.00697766
-0.00224745
-0.132245
-0.142332
-0.151398
-0.159405
-0.166286
-0.171902
-0.176062
-0.17859
-0.179366
-0.178344
-0.17551
-0.170898
-0.164566
-0.15666
-0.147345
-0.136876
-0.125508
-0.11356
-0.101314
-0.0890716
-0.0770585
-0.0654903
-0.0544993
-0.0442288
-0.0348026
-0.0263736
-0.0189736
-0.0126167
-0.00709785
-0.00229628
-0.129814
-0.139727
-0.148787
-0.156864
-0.163833
-0.169549
-0.173838
-0.176536
-0.177514
-0.17671
-0.174099
-0.169715
-0.163613
-0.155931
-0.146828
-0.136555
-0.125357
-0.113552
-0.101414
-0.0892487
-0.077281
-0.0657389
-0.0547566
-0.0444915
-0.035056
-0.0266146
-0.0191786
-0.0127838
-0.00720053
-0.00233713
-0.127898
-0.137666
-0.14671
-0.154838
-0.161877
-0.167673
-0.172062
-0.174891
-0.176028
-0.175397
-0.172966
-0.168765
-0.162846
-0.155344
-0.14641
-0.136294
-0.125232
-0.113542
-0.10149
-0.0893886
-0.0774583
-0.0659379
-0.0549631
-0.0447021
-0.0352593
-0.0268077
-0.0193431
-0.0129174
-0.00728283
-0.00236926
-0.12656
-0.136218
-0.145244
-0.153403
-0.160492
-0.166344
-0.170802
-0.173721
-0.174968
-0.174461
-0.172157
-0.168086
-0.162297
-0.154922
-0.14611
-0.136105
-0.125141
-0.113532
-0.101544
-0.0894873
-0.0775841
-0.0660797
-0.0551106
-0.0448523
-0.0354044
-0.0269453
-0.0194604
-0.0130125
-0.00734149
-0.00239173
-0.125828
-0.135439
-0.144455
-0.15263
-0.159747
-0.165631
-0.170126
-0.173093
-0.174399
-0.173959
-0.171724
-0.167721
-0.162001
-0.154696
-0.145949
-0.136004
-0.125091
-0.113527
-0.101572
-0.0895398
-0.0776515
-0.0661556
-0.0551899
-0.0449327
-0.0354822
-0.0270188
-0.0195234
-0.0130632
-0.00737288
-0.00240327
-0.116585
-0.126043
-0.13532
-0.144399
-0.153267
-0.161928
-0.170387
-0.178652
-0.186732
-0.194635
-0.202371
-0.209947
-0.217374
-0.224653
-0.231776
-0.238776
-0.245485
-0.252326
-0.258333
-0.266257
-0.113395
-0.12254
-0.131505
-0.140287
-0.148884
-0.157297
-0.165533
-0.173595
-0.18149
-0.189223
-0.196801
-0.204228
-0.211504
-0.218648
-0.225602
-0.232525
-0.239038
-0.246075
-0.251981
-0.260234
-0.110301
-0.119086
-0.1277
-0.136147
-0.144426
-0.152538
-0.160487
-0.168275
-0.175906
-0.183384
-0.190711
-0.197899
-0.204933
-0.21187
-0.218597
-0.225412
-0.231771
-0.23882
-0.244785
-0.252749
-0.107276
-0.115727
-0.124029
-0.132183
-0.140189
-0.148047
-0.155757
-0.163325
-0.17075
-0.17804
-0.18519
-0.192225
-0.19911
-0.205945
-0.212558
-0.219325
-0.225619
-0.232532
-0.238561
-0.245965
-0.10435
-0.112482
-0.120483
-0.128355
-0.136096
-0.143707
-0.151189
-0.158547
-0.165779
-0.172898
-0.17989
-0.186794
-0.193552
-0.200294
-0.2068
-0.213466
-0.219671
-0.22634
-0.232352
-0.239272
-0.101528
-0.109346
-0.117047
-0.124633
-0.132104
-0.13946
-0.146702
-0.153835
-0.160856
-0.167779
-0.174584
-0.181318
-0.187906
-0.19449
-0.20084
-0.207318
-0.213415
-0.21982
-0.225825
-0.232426
-0.0988075
-0.106315
-0.113719
-0.121021
-0.12822
-0.135318
-0.142314
-0.149213
-0.156009
-0.162718
-0.169316
-0.175853
-0.182249
-0.188638
-0.194824
-0.201095
-0.207097
-0.213271
-0.219246
-0.225598
-0.0961871
-0.103391
-0.110502
-0.117523
-0.124454
-0.131294
-0.138043
-0.144705
-0.151273
-0.157763
-0.16415
-0.170481
-0.176687
-0.182876
-0.188907
-0.194971
-0.200861
-0.206812
-0.212684
-0.218799
-0.093668
-0.100575
-0.1074
-0.114145
-0.120809
-0.127394
-0.133896
-0.14032
-0.146658
-0.152927
-0.159102
-0.165222
-0.171236
-0.177219
-0.183082
-0.188932
-0.194669
-0.200398
-0.206117
-0.212008
-0.0912506
-0.0978691
-0.104414
-0.110888
-0.11729
-0.123621
-0.129877
-0.136063
-0.142171
-0.148214
-0.154174
-0.160077
-0.165892
-0.17166
-0.177336
-0.18297
-0.18853
-0.194045
-0.199591
-0.205262
-0.0889351
-0.0952732
-0.101545
-0.107755
-0.113899
-0.11998
-0.125993
-0.131941
-0.137819
-0.143634
-0.149377
-0.15506
-0.160667
-0.166218
-0.171698
-0.177119
-0.182491
-0.187797
-0.193153
-0.1986
-0.0867209
-0.0927875
-0.0987952
-0.104746
-0.110639
-0.116474
-0.122247
-0.12796
-0.133609
-0.139198
-0.144721
-0.150184
-0.155582
-0.160919
-0.166196
-0.171406
-0.176579
-0.181676
-0.18683
-0.192053
-0.0846088
-0.0904134
-0.0961651
-0.101865
-0.107513
-0.113107
-0.118646
-0.124127
-0.12955
-0.134915
-0.14022
-0.145465
-0.150651
-0.155774
-0.160844
-0.165844
-0.170812
-0.175701
-0.180645
-0.185648
-0.0825972
-0.0881504
-0.0936552
-0.099113
-0.104523
-0.109883
-0.115192
-0.120448
-0.125648
-0.130793
-0.135882
-0.140912
-0.145886
-0.150798
-0.15566
-0.160452
-0.165212
-0.169894
-0.174626
-0.179409
-0.0806852
-0.0859984
-0.0912659
-0.09649
-0.10167
-0.106805
-0.11189
-0.116926
-0.12191
-0.12684
-0.131716
-0.136535
-0.1413
-0.146004
-0.150659
-0.155246
-0.159799
-0.164277
-0.168795
-0.173359
-0.0788766
-0.0839591
-0.088999
-0.0939987
-0.0989577
-0.103874
-0.108744
-0.113567
-0.11834
-0.123061
-0.12773
-0.132343
-0.136904
-0.141405
-0.145857
-0.150242
-0.154591
-0.158868
-0.163175
-0.167521
-0.0771716
-0.0820328
-0.0868553
-0.0916403
-0.0963873
-0.101094
-0.105757
-0.110375
-0.114944
-0.119464
-0.123933
-0.128347
-0.132709
-0.137013
-0.141267
-0.145456
-0.149605
-0.153686
-0.157787
-0.161919
-0.075567
-0.0802181
-0.084834
-0.0894149
-0.0939599
-0.0984665
-0.102932
-0.107353
-0.111728
-0.116054
-0.12033
-0.124553
-0.128725
-0.132838
-0.136901
-0.140901
-0.144859
-0.14875
-0.152651
-0.156575
-0.0740649
-0.0785173
-0.0829374
-0.0873247
-0.091678
-0.0959946
-0.100272
-0.104506
-0.108695
-0.112837
-0.11693
-0.12097
-0.124959
-0.128891
-0.132772
-0.136591
-0.140365
-0.144074
-0.147785
-0.151509
-0.0726647
-0.0769301
-0.0811657
-0.0853706
-0.089543
-0.0936804
-0.0977795
-0.101837
-0.105851
-0.109818
-0.113737
-0.117605
-0.121421
-0.125181
-0.12889
-0.132537
-0.136138
-0.139675
-0.143205
-0.14674
-0.0713674
-0.0754577
-0.0795207
-0.0835545
-0.0875575
-0.0915266
-0.0954589
-0.0993509
-0.1032
-0.107003
-0.110759
-0.114465
-0.118119
-0.121718
-0.125265
-0.128752
-0.132191
-0.135567
-0.138928
-0.142285
-0.070174
-0.0741019
-0.0780042
-0.081879
-0.0857242
-0.0895368
-0.0933137
-0.0970515
-0.100747
-0.104399
-0.108003
-0.111558
-0.115062
-0.118512
-0.121909
-0.125248
-0.128536
-0.131764
-0.134969
-0.138162
-0.0690865
-0.0728644
-0.0766186
-0.0803467
-0.0840463
-0.0877146
-0.0913483
-0.094944
-0.0984988
-0.10201
-0.105475
-0.108891
-0.112258
-0.115571
-0.118832
-0.122035
-0.125187
-0.128279
-0.131342
-0.134385
-0.068108
-0.0717493
-0.0753684
-0.0789626
-0.0825295
-0.0860662
-0.0895693
-0.0930356
-0.0964621
-0.099846
-0.103185
-0.106476
-0.109718
-0.112908
-0.116046
-0.119127
-0.122157
-0.125128
-0.128065
-0.130975
-0.0672409
-0.0707591
-0.0742563
-0.0777298
-0.0811772
-0.0845955
-0.0879814
-0.0913316
-0.0946433
-0.0979136
-0.10114
-0.10432
-0.107452
-0.110533
-0.113563
-0.116538
-0.119461
-0.122327
-0.125154
-0.127948
-0.0664941
-0.0699038
-0.0732936
-0.0766607
-0.0800026
-0.0833164
-0.0865991
-0.0898473
-0.0930583
-0.0962291
-0.0993575
-0.102441
-0.105478
-0.108465
-0.111402
-0.114286
-0.117119
-0.119896
-0.12263
-0.125326
-0.0658663
-0.0691814
-0.0724778
-0.0757529
-0.0790042
-0.0822288
-0.0854235
-0.0885854
-0.0917114
-0.0947991
-0.0978459
-0.100849
-0.103808
-0.106719
-0.109581
-0.112392
-0.115153
-0.11786
-0.120522
-0.12314
-0.0653845
-0.0686228
-0.0718428
-0.0750415
-0.0782168
-0.0813662
-0.084487
-0.0875763
-0.0906314
-0.0936499
-0.0966295
-0.0995678
-0.102463
-0.105313
-0.108117
-0.110873
-0.113579
-0.116235
-0.118844
-0.121408
-0.0650258
-0.0682031
-0.0713639
-0.074506
-0.0776269
-0.0807235
-0.0837931
-0.0868327
-0.08984
-0.0928124
-0.0957479
-0.0986441
-0.101499
-0.104311
-0.107079
-0.109801
-0.112475
-0.1151
-0.117678
-0.120209
-0.0648658
-0.0679971
-0.0711102
-0.0742032
-0.0772751
-0.0803243
-0.0833486
-0.0863458
-0.0893134
-0.0922495
-0.095152
-0.0980193
-0.10085
-0.103641
-0.106393
-0.109103
-0.111771
-0.114394
-0.116975
-0.119512
0.105243
0.0941878
0.0830496
0.072034
0.0605609
0.048861
0.0371312
0.0253953
0.0136674
0.00198292
-0.00961387
-0.021091
-0.0324202
-0.0435714
-0.0545181
-0.0653104
-0.0762998
-0.0868685
-0.0970372
-0.10693
0.100538
0.089011
0.0774387
0.0666936
0.0556481
0.0443876
0.0331513
0.0219458
0.0107623
-0.000369519
-0.0114165
-0.0223557
-0.0331687
-0.0438508
-0.0544134
-0.0648371
-0.0748622
-0.0848154
-0.0945555
-0.10407
0.0947978
0.0834937
0.0719223
0.0616135
0.0511562
0.0404048
0.0296689
0.0189894
0.00833798
-0.00226555
-0.012789
-0.0232072
-0.0335003
-0.0436542
-0.0536573
-0.0634836
-0.0731943
-0.0827985
-0.092183
-0.101339
0.0887362
0.0779835
0.0665583
0.0566018
0.0466962
0.0364493
0.0261944
0.0160269
0.00590285
-0.00417669
-0.0141824
-0.0240898
-0.0338828
-0.0435556
-0.0531039
-0.0625139
-0.0717375
-0.0808829
-0.0898708
-0.0986642
0.0826001
0.0724665
0.0613243
0.0517125
0.0423536
0.0326403
0.022869
0.0131963
0.00358225
-0.00599208
-0.0155024
-0.0249216
-0.0342347
-0.043437
-0.0525213
-0.0614747
-0.0702866
-0.079029
-0.0876371
-0.096075
0.0765016
0.0669891
0.0562415
0.0469782
0.0381308
0.028951
0.019659
0.010461
0.00133784
-0.00774607
-0.0167761
-0.0257238
-0.0345745
-0.0433258
-0.0519728
-0.0605072
-0.0689154
-0.0772605
-0.0854944
-0.0935832
0.0705012
0.0615865
0.0513104
0.0424105
0.0340406
0.0253862
0.0165738
0.00783558
-0.000817127
-0.00942807
-0.0179948
-0.02649
-0.0348981
-0.0432173
-0.0514445
-0.0595733
-0.0675959
-0.0755636
-0.0834367
-0.0911856
0.0646487
0.0563021
0.0465431
0.0380219
0.030098
0.0219497
0.0136117
0.00531904
-0.0028848
-0.0110424
-0.0191633
-0.0272242
-0.0352088
-0.0431152
-0.0509415
-0.0586834
-0.0663355
-0.07394
-0.0814639
-0.0888812
0.0589811
0.0511698
0.0419482
0.0338165
0.0263116
0.0186445
0.0107714
0.00291192
-0.00486341
-0.0125885
-0.0202817
-0.0279266
-0.0355069
-0.0430194
-0.0504629
-0.0578346
-0.065131
-0.0723872
-0.0795743
-0.0866699
0.0535225
0.0462138
0.0375336
0.0297971
0.0226882
0.0154751
0.00805276
0.000613562
-0.00675259
-0.0140666
-0.0213516
-0.0285988
-0.0357935
-0.0429307
-0.0500093
-0.0570272
-0.0639825
-0.0709046
-0.0777674
-0.0845515
0.0482889
0.0414514
0.0333058
0.025965
0.0192319
0.0124448
0.00545524
-0.00157752
-0.00855274
-0.0154769
-0.0223739
-0.0292419
-0.0360692
-0.0428494
-0.0495804
-0.0562609
-0.0628896
-0.0694915
-0.0760426
-0.0825258
0.0432913
0.0368947
0.0292697
0.0223208
0.0159449
0.00955635
0.0029788
-0.00366284
-0.0102647
-0.0168196
-0.0233491
-0.0298571
-0.0363349
-0.0427756
-0.0491757
-0.0555337
-0.0618493
-0.0681456
-0.0743979
-0.0805915
0.038537
0.0325523
0.0254291
0.0188644
0.0128282
0.00681134
0.000623306
-0.00564405
-0.0118898
-0.0180955
-0.0242779
-0.0304448
-0.0365911
-0.0427098
-0.0487968
-0.0548501
-0.0608693
-0.0668722
-0.0728356
-0.0787493
0.0340311
0.0284299
0.0217859
0.0155951
0.00988169
0.00421075
-0.00161142
-0.0075227
-0.0134297
-0.0193055
-0.0251612
-0.0310062
-0.0368384
-0.0426507
-0.0484369
-0.0541933
-0.0599218
-0.0656519
-0.0713457
-0.0769949
0.0297763
0.0245311
0.0183413
0.0125116
0.00710444
0.00175482
-0.00372565
-0.00930013
-0.0148858
-0.0204503
-0.025999
-0.0315418
-0.0370797
-0.0426076
-0.048121
-0.0536163
-0.0590864
-0.0645065
-0.0699246
-0.0753246
0.0257737
0.0208578
0.0150953
0.00961179
0.00449492
-0.000556727
-0.00571974
-0.0109776
-0.0162596
-0.0215308
-0.0267913
-0.0320498
-0.0373083
-0.0425622
-0.0478055
-0.0530326
-0.0582381
-0.0634166
-0.0685916
-0.0737511
0.022023
0.0174105
0.0120473
0.00689358
0.00205108
-0.00272468
-0.00759414
-0.0125561
-0.0175523
-0.0225479
-0.0275384
-0.0325306
-0.0375273
-0.0425246
-0.047517
-0.0524987
-0.0574644
-0.0624074
-0.0673461
-0.0722726
0.0185231
0.0141892
0.00919647
0.00435448
-0.000229472
-0.00475023
-0.00934945
-0.0140366
-0.0187654
-0.0235027
-0.028241
-0.0329846
-0.037736
-0.0424922
-0.0472477
-0.0519968
-0.0567346
-0.0614563
-0.0661746
-0.0708826
0.0152724
0.0111929
0.00654155
0.00199205
-0.00234932
-0.00663488
-0.0109864
-0.01542
-0.0199
-0.0243964
-0.0288998
-0.0334121
-0.0379351
-0.0424664
-0.0470009
-0.051533
-0.0560577
-0.0605708
-0.0650812
-0.0695831
0.0122689
0.0084206
0.00408133
-0.000196015
-0.00431105
-0.00838031
-0.0125058
-0.0167069
-0.020957
-0.0252301
-0.0295157
-0.0338136
-0.0381249
-0.0424471
-0.0467757
-0.0511052
-0.0554308
-0.0597484
-0.0640642
-0.0683731
0.0095109
0.00587117
0.0018148
-0.00221167
-0.00611699
-0.00998824
-0.0139086
-0.0178979
-0.0219373
-0.0260047
-0.0300894
-0.0341898
-0.0383056
-0.0424346
-0.0465726
-0.0507142
-0.0548547
-0.0589901
-0.0631245
-0.0672534
0.00699692
0.00354379
-0.000258631
-0.00405631
-0.00776909
-0.0114602
-0.0151954
-0.0189936
-0.0228414
-0.0267208
-0.0306217
-0.034541
-0.0384777
-0.0424294
-0.0463919
-0.0503603
-0.0543298
-0.0582965
-0.0622629
-0.0662249
0.00472652
0.00143838
-0.00213884
-0.00573053
-0.00926857
-0.0127972
-0.016367
-0.0199941
-0.0236695
-0.0273788
-0.0311129
-0.0348677
-0.0386415
-0.0424315
-0.0462338
-0.0500437
-0.0538565
-0.0576683
-0.0614804
-0.0652891
0.00270055
-0.00044406
-0.00382463
-0.00723384
-0.0106157
-0.0139998
-0.0174233
-0.0208993
-0.0244217
-0.0279793
-0.0315638
-0.035171
-0.0387984
-0.042443
-0.0461008
-0.0497673
-0.053438
-0.0571089
-0.0607803
-0.064449
0.000921741
-0.00210088
-0.00531332
-0.00856431
-0.0118095
-0.0150672
-0.0183635
-0.0217081
-0.0250969
-0.028521
-0.0319733
-0.0354496
-0.0389468
-0.0424615
-0.0459902
-0.0495283
-0.0530718
-0.0566168
-0.0601627
-0.0637063
-0.000604529
-0.00352715
-0.00660031
-0.00971841
-0.0128477
-0.0159984
-0.0191873
-0.022421
-0.0256964
-0.0290067
-0.0323458
-0.0357095
-0.0390944
-0.0424971
-0.0459137
-0.0493401
-0.0527717
-0.0562046
-0.0596379
-0.0630696
-0.00186922
-0.00471437
-0.00767739
-0.0106887
-0.0137236
-0.0167866
-0.0198874
-0.0230296
-0.0262108
-0.0294255
-0.0326688
-0.0359365
-0.0392252
-0.0425315
-0.0458516
-0.0491818
-0.0525184
-0.0558577
-0.059198
-0.0625362
-0.00285974
-0.00565204
-0.00853645
-0.0114704
-0.0144367
-0.0174361
-0.0204728
-0.0235481
-0.0266596
-0.0298029
-0.0329736
-0.036168
-0.0393823
-0.0426131
-0.0458565
-0.0491086
-0.0523651
-0.055622
-0.0588782
-0.0621338
-0.00355238
-0.00631509
-0.00915011
-0.0120328
-0.0149518
-0.0179054
-0.0208949
-0.0239201
-0.0269787
-0.0300671
-0.0331817
-0.0363189
-0.0394755
-0.042648
-0.0458332
-0.0490275
-0.0522278
-0.055431
-0.0586344
-0.0618345
-0.00393039
-0.00669778
-0.00952911
-0.0124079
-0.0153238
-0.0182732
-0.021255
-0.0242679
-0.0273095
-0.0303766
-0.0334656
-0.0365733
-0.0396963
-0.0428315
-0.0459754
-0.0491248
-0.0522761
-0.0554263
-0.0585743
-0.0617221
0.114752
0.116185
0.118369
0.121424
0.124726
0.128401
0.131708
0.134855
0.13691
0.138301
0.137802
0.136263
0.131992
0.126347
0.115876
0.113817
0.115143
0.11715
0.119943
0.122909
0.126156
0.128965
0.131515
0.13293
0.13356
0.132346
0.129918
0.125044
0.1184
0.109309
0.112813
0.114026
0.115845
0.118359
0.120972
0.123774
0.126073
0.128021
0.12881
0.128719
0.126871
0.123686
0.118404
0.111306
0.102748
0.111737
0.112829
0.114449
0.11667
0.118916
0.121253
0.123033
0.124365
0.124536
0.123733
0.12129
0.117416
0.111773
0.104366
0.0959372
0.110583
0.11155
0.112964
0.114879
0.116748
0.118609
0.119867
0.120581
0.12015
0.118661
0.115656
0.111181
0.1052
0.0976053
0.0892526
0.109351
0.110188
0.111388
0.112985
0.11447
0.115847
0.116585
0.116687
0.115673
0.113537
0.110011
0.105031
0.0987503
0.0910667
0.082808
0.108037
0.108739
0.109719
0.110988
0.112083
0.11297
0.113191
0.112695
0.111119
0.108385
0.104377
0.0989802
0.0924505
0.0847391
0.0765901
0.106639
0.107201
0.107955
0.108888
0.109589
0.109983
0.109695
0.108617
0.106504
0.103223
0.0987771
0.0930394
0.0863126
0.0786075
0.0705813
0.105156
0.105573
0.106096
0.106687
0.106991
0.106895
0.106105
0.104471
0.101847
0.0980728
0.0932333
0.08722
0.0803468
0.0726719
0.0647834
0.103586
0.103855
0.104144
0.104387
0.104294
0.103715
0.102434
0.100273
0.0971676
0.0929534
0.0877682
0.0815351
0.0745637
0.0669411
0.0592045
0.101929
0.102048
0.102099
0.101994
0.101504
0.100453
0.0986965
0.0960405
0.0924871
0.0878847
0.0824029
0.075999
0.0689734
0.0614254
0.0538524
0.100188
0.100153
0.0999649
0.0995122
0.0986298
0.0971212
0.0949075
0.091792
0.0878274
0.0828862
0.0771567
0.0706263
0.0635852
0.0561338
0.0487341
0.0983631
0.098174
0.0977462
0.0969505
0.0956818
0.0937346
0.0910844
0.0875465
0.0832101
0.0779775
0.0720475
0.0654313
0.0584083
0.0510739
0.0438555
0.096459
0.0961162
0.0954493
0.0943179
0.092672
0.090308
0.0872463
0.0833241
0.0786567
0.073178
0.0670918
0.0604271
0.0534512
0.046252
0.0392216
0.0944811
0.0939865
0.0930826
0.0916259
0.0896147
0.0868585
0.0834133
0.0791452
0.0741885
0.0685067
0.0623053
0.0556258
0.0487217
0.0416732
0.0348358
0.0924366
0.091794
0.0906567
0.0888875
0.0865261
0.0834044
0.0796063
0.075031
0.0698262
0.0639821
0.0577025
0.0510383
0.044227
0.0373413
0.0307003
0.0903353
0.0895499
0.0881846
0.0861182
0.0834247
0.0799657
0.0758474
0.0710032
0.0655901
0.0596218
0.0532972
0.0466746
0.0399734
0.0332595
0.0268161
0.0881893
0.0872678
0.0856818
0.0833355
0.0803308
0.0765641
0.0721594
0.0670838
0.0615004
0.0554426
0.0491026
0.0425434
0.0359661
0.0294299
0.0231835
0.0860134
0.0849639
0.0831668
0.0805593
0.0772668
0.0732227
0.068566
0.0632951
0.0575766
0.0514608
0.0451309
0.0386531
0.0322098
0.0258542
0.019802
0.0838258
0.0826575
0.0806606
0.0778121
0.074257
0.0699663
0.0650915
0.0596596
0.0538385
0.0476923
0.0413939
0.0350115
0.028709
0.0225338
0.0166711
0.0816477
0.0803707
0.0781876
0.0751192
0.0713279
0.0668213
0.0617613
0.0562003
0.0503057
0.0441526
0.0379032
0.0316262
0.0254678
0.0194702
0.0137903
0.0795041
0.0781291
0.0757751
0.0725086
0.0685082
0.0638157
0.0586018
0.0529406
0.046998
0.0408576
0.0346705
0.028505
0.0224907
0.0166653
0.0111597
0.0774239
0.0759618
0.0734537
0.0700114
0.065829
0.0609795
0.0556407
0.0499051
0.0439362
0.0378236
0.0317081
0.0256564
0.0197833
0.0141218
0.00878012
0.0754401
0.0739019
0.0712576
0.0676619
0.0633241
0.0583448
0.0529075
0.0471197
0.041142
0.0350684
0.0290294
0.0230904
0.0173521
0.0118439
0.00665397
0.0735898
0.0719866
0.0692248
0.0654982
0.0610303
0.0559464
0.0504338
0.0446125
0.0386392
0.0326113
0.02665
0.0208186
0.0152058
0.00983794
0.00478551
0.0719151
0.0702576
0.0673971
0.0635617
0.0589881
0.0538222
0.0482544
0.042414
0.0364545
0.0304748
0.0245881
0.0188558
0.0133563
0.0081129
0.00318181
0.0704624
0.0687613
0.0658209
0.0618984
0.0572419
0.0520143
0.0464078
0.0405591
0.0346181
0.0286849
0.022866
0.0172206
0.0118188
0.00668165
0.00185353
0.0692833
0.0675489
0.0645475
0.060559
0.0558413
0.0505696
0.0449378
0.0390876
0.033166
0.0272735
0.0215113
0.0159371
0.0106143
0.00556229
0.000816105
0.0684345
0.0666769
0.0636333
0.0596001
0.0548413
0.0495414
0.0438949
0.0380466
0.0321412
0.0262797
0.0205591
0.0150365
0.00977023
0.00477917
9.23843e-05
0.0679777
0.066208
0.0631414
0.0590849
0.0543048
0.048991
0.0433375
0.0374916
0.0315959
0.025752
0.0200543
0.0145599
0.00932407
0.00436549
-0.000291284
0.126914
0.129066
0.132488
0.137558
0.14362
0.150944
0.159095
0.168218
0.178023
0.188608
0.199704
0.211373
0.223339
0.235678
0.248077
0.126847
0.128995
0.13241
0.137471
0.143518
0.150826
0.158949
0.168043
0.177808
0.188349
0.199386
0.210992
0.222877
0.235132
0.247416
0.126714
0.128854
0.132256
0.137298
0.143317
0.150592
0.158658
0.167696
0.17738
0.187832
0.198751
0.210231
0.221953
0.234039
0.246092
0.126514
0.128642
0.132026
0.137039
0.143014
0.150239
0.158224
0.167178
0.17674
0.187061
0.197801
0.209091
0.220566
0.232398
0.244102
0.12625
0.128362
0.131721
0.136695
0.142616
0.149774
0.157648
0.166491
0.175891
0.186038
0.19654
0.207577
0.218719
0.230209
0.241446
0.125921
0.128014
0.131342
0.136268
0.142114
0.14919
0.156932
0.165637
0.174835
0.184766
0.19497
0.20569
0.216414
0.227473
0.238126
0.12553
0.127601
0.130891
0.135762
0.141535
0.148499
0.156081
0.164621
0.173577
0.183251
0.193096
0.203436
0.213655
0.224196
0.234146
0.125078
0.127122
0.130371
0.135174
0.140828
0.147689
0.155097
0.163445
0.17212
0.181495
0.19092
0.200821
0.210447
0.220386
0.229516
0.124567
0.126582
0.129784
0.13452
0.140095
0.146772
0.153983
0.162113
0.170469
0.179504
0.188448
0.19785
0.206796
0.21605
0.224247
0.123998
0.125981
0.129131
0.13378
0.139212
0.145748
0.152746
0.160627
0.168628
0.177282
0.185686
0.194531
0.202709
0.211202
0.218353
0.123375
0.125323
0.128417
0.132975
0.138279
0.14463
0.151389
0.158993
0.166603
0.174835
0.182638
0.190872
0.198196
0.205853
0.211853
0.122699
0.12461
0.127643
0.132085
0.137248
0.14341
0.149916
0.157213
0.1644
0.172167
0.179314
0.186881
0.193265
0.200022
0.204766
0.121972
0.123844
0.126814
0.131152
0.136141
0.142098
0.148332
0.155292
0.162026
0.169283
0.17572
0.182567
0.187926
0.193725
0.197114
0.121198
0.12303
0.125936
0.130146
0.134957
0.140696
0.146641
0.153234
0.159488
0.166186
0.171867
0.177939
0.18219
0.186982
0.188916
0.12038
0.122169
0.124982
0.129067
0.133707
0.139211
0.144849
0.151044
0.156791
0.162881
0.167765
0.173
0.17607
0.179816
0.180192
0.119519
0.12127
0.124028
0.127934
0.132392
0.137645
0.142959
0.14873
0.153945
0.159376
0.16343
0.167756
0.169585
0.172241
0.17095
0.11862
0.120317
0.122973
0.126748
0.131015
0.136002
0.140972
0.146289
0.150945
0.155667
0.158866
0.162204
0.162758
0.164271
0.161199
0.117685
0.119344
0.121895
0.125517
0.129583
0.134295
0.138909
0.143755
0.147827
0.151793
0.154103
0.156355
0.155609
0.155881
0.150918
0.116712
0.118319
0.120771
0.124235
0.128081
0.132488
0.136711
0.141043
0.144497
0.147672
0.149094
0.150188
0.148208
0.147045
0.140121
0.115719
0.117265
0.11963
0.12296
0.126615
0.130763
0.134626
0.138479
0.141287
0.143611
0.144008
0.143813
0.140448
0.137657
0.128748
0.115719
0.117265
0.11963
0.12296
0.126615
0.130763
0.134626
0.138479
0.141287
0.143611
0.144008
0.143813
0.140448
0.137657
0.128748
0.116712
0.118319
0.120771
0.124235
0.128081
0.132488
0.136711
0.141043
0.144497
0.147672
0.149094
0.150188
0.148208
0.147045
0.140121
0.117685
0.119344
0.121895
0.125517
0.129583
0.134295
0.138909
0.143755
0.147827
0.151793
0.154103
0.156355
0.155609
0.155881
0.150918
0.11862
0.120317
0.122973
0.126748
0.131015
0.136002
0.140972
0.146289
0.150945
0.155667
0.158866
0.162204
0.162758
0.164271
0.161199
0.119519
0.12127
0.124028
0.127934
0.132392
0.137645
0.142959
0.14873
0.153945
0.159376
0.16343
0.167756
0.169585
0.172241
0.17095
0.12038
0.122169
0.124982
0.129067
0.133707
0.139211
0.144849
0.151044
0.156791
0.162881
0.167765
0.173
0.17607
0.179816
0.180192
0.121198
0.12303
0.125936
0.130146
0.134957
0.140696
0.146641
0.153234
0.159488
0.166186
0.171867
0.177939
0.18219
0.186982
0.188916
0.121972
0.123844
0.126814
0.131152
0.136141
0.142098
0.148332
0.155292
0.162026
0.169283
0.17572
0.182567
0.187926
0.193725
0.197114
0.122699
0.12461
0.127643
0.132085
0.137248
0.14341
0.149916
0.157213
0.1644
0.172167
0.179314
0.186881
0.193265
0.200022
0.204766
0.123375
0.125323
0.128417
0.132975
0.138279
0.14463
0.151389
0.158993
0.166603
0.174835
0.182638
0.190872
0.198196
0.205853
0.211853
0.123998
0.125981
0.129131
0.13378
0.139212
0.145748
0.152746
0.160627
0.168628
0.177282
0.185686
0.194531
0.202709
0.211202
0.218353
0.124567
0.126582
0.129784
0.13452
0.140095
0.146772
0.153983
0.162113
0.170469
0.179504
0.188448
0.19785
0.206796
0.21605
0.224247
0.125078
0.127122
0.130371
0.135174
0.140828
0.147689
0.155097
0.163445
0.17212
0.181495
0.19092
0.200821
0.210447
0.220386
0.229516
0.12553
0.127601
0.130891
0.135762
0.141535
0.148499
0.156081
0.164621
0.173577
0.183251
0.193096
0.203436
0.213655
0.224196
0.234146
0.125921
0.128014
0.131342
0.136268
0.142114
0.14919
0.156932
0.165637
0.174835
0.184767
0.19497
0.20569
0.216414
0.227473
0.238126
0.12625
0.128362
0.131721
0.136695
0.142616
0.149774
0.157648
0.166491
0.175891
0.186038
0.19654
0.207577
0.218719
0.230209
0.241446
0.126514
0.128642
0.132026
0.137039
0.143014
0.150239
0.158224
0.167178
0.17674
0.187061
0.197801
0.209091
0.220566
0.232398
0.244102
0.126714
0.128854
0.132256
0.137298
0.143317
0.150592
0.158658
0.167696
0.17738
0.187832
0.198751
0.210231
0.221953
0.234039
0.246092
0.126847
0.128995
0.13241
0.137471
0.143518
0.150826
0.158949
0.168043
0.177808
0.188349
0.199386
0.210992
0.222877
0.235132
0.247416
0.126914
0.129066
0.132488
0.137558
0.14362
0.150944
0.159095
0.168218
0.178023
0.188608
0.199704
0.211373
0.223339
0.235678
0.248077
0.0679776
0.066208
0.0631414
0.0590849
0.0543048
0.048991
0.0433375
0.0374916
0.0315959
0.025752
0.0200543
0.0145598
0.00932406
0.00436548
-0.000291293
0.0684345
0.0666769
0.0636333
0.0596001
0.0548413
0.0495414
0.0438949
0.0380466
0.0321412
0.0262797
0.0205591
0.0150364
0.00977023
0.00477917
9.23764e-05
0.0692833
0.0675489
0.0645475
0.060559
0.0558412
0.0505696
0.0449378
0.0390876
0.033166
0.0272735
0.0215113
0.0159371
0.0106143
0.00556229
0.000816097
0.0704624
0.0687613
0.0658209
0.0618984
0.0572419
0.0520142
0.0464078
0.0405591
0.0346181
0.0286849
0.022866
0.0172206
0.0118188
0.00668165
0.00185352
0.0719151
0.0702576
0.0673971
0.0635617
0.0589881
0.0538222
0.0482544
0.042414
0.0364545
0.0304748
0.0245881
0.0188558
0.0133563
0.00811289
0.0031818
0.0735898
0.0719866
0.0692248
0.0654982
0.0610303
0.0559464
0.0504338
0.0446124
0.0386392
0.0326113
0.02665
0.0208186
0.0152058
0.00983794
0.0047855
0.0754401
0.0739019
0.0712576
0.0676619
0.0633241
0.0583448
0.0529075
0.0471197
0.041142
0.0350684
0.0290294
0.0230904
0.017352
0.0118439
0.00665397
0.0774239
0.0759618
0.0734537
0.0700114
0.065829
0.0609795
0.0556407
0.0499051
0.0439362
0.0378236
0.0317081
0.0256564
0.0197833
0.0141218
0.00878012
0.0795041
0.0781291
0.0757751
0.0725086
0.0685082
0.0638157
0.0586018
0.0529406
0.046998
0.0408576
0.0346705
0.028505
0.0224907
0.0166653
0.0111597
0.0816477
0.0803707
0.0781876
0.0751192
0.0713279
0.0668213
0.0617613
0.0562003
0.0503057
0.0441526
0.0379032
0.0316262
0.0254678
0.0194702
0.0137903
0.0838258
0.0826575
0.0806606
0.0778121
0.074257
0.0699663
0.0650915
0.0596596
0.0538385
0.0476923
0.0413939
0.0350115
0.028709
0.0225338
0.016671
0.0860134
0.0849639
0.0831668
0.0805593
0.0772668
0.0732227
0.068566
0.0632951
0.0575766
0.0514608
0.0451309
0.0386531
0.0322098
0.0258542
0.019802
0.0881893
0.0872678
0.0856818
0.0833355
0.0803308
0.0765641
0.0721594
0.0670838
0.0615004
0.0554426
0.0491026
0.0425434
0.0359661
0.0294299
0.0231835
0.0903353
0.0895499
0.0881846
0.0861182
0.0834247
0.0799657
0.0758474
0.0710032
0.0655901
0.0596218
0.0532972
0.0466746
0.0399734
0.0332595
0.0268162
0.0924366
0.091794
0.0906567
0.0888875
0.0865261
0.0834044
0.0796063
0.075031
0.0698262
0.0639821
0.0577025
0.0510383
0.044227
0.0373413
0.0307003
0.0944811
0.0939865
0.0930826
0.0916259
0.0896147
0.0868585
0.0834133
0.0791452
0.0741885
0.0685067
0.0623053
0.0556258
0.0487217
0.0416732
0.0348358
0.096459
0.0961162
0.0954493
0.0943179
0.092672
0.090308
0.0872463
0.0833241
0.0786567
0.073178
0.0670918
0.0604271
0.0534512
0.046252
0.0392216
0.0983631
0.098174
0.0977462
0.0969505
0.0956818
0.0937346
0.0910844
0.0875465
0.0832101
0.0779775
0.0720475
0.0654313
0.0584083
0.051074
0.0438555
0.100188
0.100153
0.0999649
0.0995122
0.0986298
0.0971212
0.0949075
0.091792
0.0878274
0.0828862
0.0771567
0.0706263
0.0635853
0.0561338
0.0487341
0.101929
0.102048
0.102099
0.101994
0.101504
0.100453
0.0986965
0.0960405
0.0924871
0.0878847
0.0824029
0.075999
0.0689734
0.0614254
0.0538525
0.103586
0.103855
0.104144
0.104387
0.104294
0.103715
0.102434
0.100273
0.0971676
0.0929534
0.0877682
0.0815351
0.0745637
0.0669411
0.0592045
0.105156
0.105573
0.106096
0.106687
0.106991
0.106895
0.106105
0.104471
0.101847
0.0980728
0.0932333
0.08722
0.0803468
0.0726719
0.0647834
0.106639
0.107201
0.107955
0.108888
0.109589
0.109983
0.109695
0.108617
0.106504
0.103223
0.0987771
0.0930394
0.0863126
0.0786075
0.0705813
0.108037
0.108739
0.109719
0.110988
0.112083
0.11297
0.113191
0.112695
0.111119
0.108385
0.104377
0.0989802
0.0924505
0.0847391
0.0765901
0.109351
0.110188
0.111388
0.112985
0.11447
0.115847
0.116585
0.116687
0.115673
0.113537
0.110011
0.105031
0.0987503
0.0910667
0.082808
0.110583
0.11155
0.112964
0.114879
0.116748
0.118609
0.119867
0.120581
0.12015
0.118661
0.115656
0.111181
0.1052
0.0976053
0.0892526
0.111737
0.112829
0.114449
0.11667
0.118916
0.121253
0.123033
0.124365
0.124536
0.123733
0.12129
0.117416
0.111773
0.104366
0.0959373
0.112813
0.114026
0.115845
0.118359
0.120972
0.123774
0.126073
0.128021
0.12881
0.128719
0.126871
0.123686
0.118404
0.111306
0.102748
0.113817
0.115143
0.11715
0.119943
0.122909
0.126156
0.128965
0.131515
0.13293
0.13356
0.132346
0.129918
0.125044
0.1184
0.109309
0.114752
0.116185
0.118369
0.121424
0.124726
0.128401
0.131708
0.134855
0.13691
0.138302
0.137802
0.136263
0.131992
0.126347
0.115876
-0.0039304
-0.00669779
-0.00952912
-0.0124079
-0.0153238
-0.0182732
-0.021255
-0.0242679
-0.0273095
-0.0303766
-0.0334656
-0.0365733
-0.0396963
-0.0428315
-0.0459754
-0.0491248
-0.0522761
-0.0554263
-0.0585743
-0.0617222
-0.00355239
-0.0063151
-0.00915012
-0.0120328
-0.0149518
-0.0179054
-0.0208949
-0.0239201
-0.0269787
-0.0300671
-0.0331817
-0.036319
-0.0394755
-0.042648
-0.0458332
-0.0490275
-0.0522279
-0.055431
-0.0586344
-0.0618345
-0.00285975
-0.00565205
-0.00853646
-0.0114704
-0.0144368
-0.0174361
-0.0204728
-0.0235481
-0.0266596
-0.0298029
-0.0329736
-0.036168
-0.0393823
-0.0426131
-0.0458566
-0.0491086
-0.0523651
-0.0556221
-0.0588782
-0.0621338
-0.00186922
-0.00471438
-0.0076774
-0.0106887
-0.0137236
-0.0167866
-0.0198874
-0.0230296
-0.0262108
-0.0294255
-0.0326688
-0.0359365
-0.0392252
-0.0425315
-0.0458516
-0.0491819
-0.0525184
-0.0558577
-0.0591981
-0.0625363
-0.000604536
-0.00352715
-0.00660032
-0.00971842
-0.0128477
-0.0159984
-0.0191873
-0.022421
-0.0256964
-0.0290067
-0.0323458
-0.0357095
-0.0390944
-0.0424971
-0.0459138
-0.0493401
-0.0527717
-0.0562047
-0.0596379
-0.0630697
0.000921735
-0.00210088
-0.00531332
-0.00856431
-0.0118095
-0.0150673
-0.0183635
-0.0217082
-0.0250969
-0.028521
-0.0319733
-0.0354496
-0.0389468
-0.0424616
-0.0459902
-0.0495284
-0.0530719
-0.0566169
-0.0601627
-0.0637063
0.00270054
-0.000444065
-0.00382463
-0.00723384
-0.0106157
-0.0139998
-0.0174233
-0.0208993
-0.0244217
-0.0279793
-0.0315638
-0.035171
-0.0387984
-0.042443
-0.0461008
-0.0497673
-0.053438
-0.0571089
-0.0607803
-0.064449
0.00472652
0.00143837
-0.00213885
-0.00573053
-0.00926858
-0.0127972
-0.016367
-0.0199941
-0.0236695
-0.0273789
-0.0311129
-0.0348677
-0.0386415
-0.0424315
-0.0462338
-0.0500437
-0.0538565
-0.0576683
-0.0614805
-0.0652891
0.00699692
0.00354379
-0.000258635
-0.00405631
-0.00776909
-0.0114602
-0.0151954
-0.0189936
-0.0228414
-0.0267208
-0.0306217
-0.034541
-0.0384777
-0.0424294
-0.0463919
-0.0503603
-0.0543298
-0.0582965
-0.0622629
-0.0662249
0.00951089
0.00587116
0.0018148
-0.00221167
-0.006117
-0.00998824
-0.0139086
-0.0178979
-0.0219373
-0.0260047
-0.0300895
-0.0341898
-0.0383056
-0.0424347
-0.0465726
-0.0507142
-0.0548547
-0.0589901
-0.0631245
-0.0672534
0.0122689
0.0084206
0.00408133
-0.000196017
-0.00431105
-0.00838031
-0.0125058
-0.0167069
-0.020957
-0.0252301
-0.0295157
-0.0338137
-0.0381249
-0.0424471
-0.0467757
-0.0511053
-0.0554308
-0.0597484
-0.0640642
-0.0683731
0.0152724
0.0111929
0.00654155
0.00199205
-0.00234933
-0.00663488
-0.0109864
-0.01542
-0.0199
-0.0243965
-0.0288998
-0.0334121
-0.0379351
-0.0424664
-0.0470009
-0.051533
-0.0560577
-0.0605708
-0.0650812
-0.0695831
0.0185231
0.0141892
0.00919647
0.00435448
-0.000229472
-0.00475023
-0.00934945
-0.0140366
-0.0187654
-0.0235027
-0.028241
-0.0329846
-0.037736
-0.0424922
-0.0472477
-0.0519968
-0.0567346
-0.0614563
-0.0661746
-0.0708826
0.022023
0.0174105
0.0120473
0.00689358
0.00205109
-0.00272468
-0.00759414
-0.0125561
-0.0175523
-0.0225479
-0.0275384
-0.0325307
-0.0375273
-0.0425246
-0.047517
-0.0524987
-0.0574644
-0.0624074
-0.0673461
-0.0722726
0.0257737
0.0208578
0.0150953
0.0096118
0.00449492
-0.000556725
-0.00571974
-0.0109776
-0.0162596
-0.0215308
-0.0267913
-0.0320498
-0.0373083
-0.0425622
-0.0478055
-0.0530326
-0.0582382
-0.0634166
-0.0685916
-0.0737511
0.0297763
0.0245311
0.0183413
0.0125116
0.00710445
0.00175483
-0.00372565
-0.00930013
-0.0148858
-0.0204503
-0.025999
-0.0315418
-0.0370797
-0.0426076
-0.048121
-0.0536163
-0.0590864
-0.0645065
-0.0699246
-0.0753246
0.0340311
0.0284299
0.0217859
0.0155951
0.0098817
0.00421075
-0.00161142
-0.00752269
-0.0134297
-0.0193055
-0.0251611
-0.0310062
-0.0368384
-0.0426507
-0.0484369
-0.0541933
-0.0599218
-0.0656519
-0.0713457
-0.0769949
0.0385371
0.0325523
0.0254291
0.0188644
0.0128282
0.00681135
0.000623313
-0.00564405
-0.0118898
-0.0180955
-0.0242779
-0.0304448
-0.0365911
-0.0427098
-0.0487968
-0.0548501
-0.0608693
-0.0668722
-0.0728356
-0.0787493
0.0432913
0.0368947
0.0292697
0.0223208
0.0159449
0.00955636
0.00297881
-0.00366284
-0.0102647
-0.0168196
-0.0233491
-0.029857
-0.0363349
-0.0427756
-0.0491757
-0.0555337
-0.0618493
-0.0681456
-0.0743979
-0.0805915
0.0482889
0.0414514
0.0333058
0.025965
0.0192319
0.0124449
0.00545525
-0.00157751
-0.00855273
-0.0154768
-0.0223738
-0.0292419
-0.0360692
-0.0428493
-0.0495804
-0.0562609
-0.0628896
-0.0694915
-0.0760426
-0.0825258
0.0535225
0.0462138
0.0375336
0.0297971
0.0226882
0.0154751
0.00805278
0.000613574
-0.00675258
-0.0140666
-0.0213516
-0.0285988
-0.0357935
-0.0429307
-0.0500093
-0.0570272
-0.0639825
-0.0709046
-0.0777674
-0.0845515
0.0589811
0.0511698
0.0419482
0.0338165
0.0263116
0.0186445
0.0107714
0.00291194
-0.00486339
-0.0125885
-0.0202817
-0.0279266
-0.0355069
-0.0430193
-0.0504629
-0.0578346
-0.065131
-0.0723872
-0.0795743
-0.0866699
0.0646487
0.0563021
0.0465431
0.0380219
0.030098
0.0219497
0.0136117
0.00531905
-0.00288479
-0.0110424
-0.0191633
-0.0272242
-0.0352088
-0.0431152
-0.0509415
-0.0586834
-0.0663355
-0.07394
-0.0814639
-0.0888812
0.0705013
0.0615865
0.0513104
0.0424105
0.0340406
0.0253863
0.0165738
0.0078356
-0.000817109
-0.00942806
-0.0179948
-0.02649
-0.034898
-0.0432173
-0.0514445
-0.0595733
-0.0675959
-0.0755636
-0.0834367
-0.0911856
0.0765016
0.0669891
0.0562415
0.0469783
0.0381308
0.028951
0.019659
0.0104611
0.00133786
-0.00774605
-0.016776
-0.0257238
-0.0345745
-0.0433258
-0.0519728
-0.0605072
-0.0689154
-0.0772605
-0.0854944
-0.0935832
0.0826001
0.0724665
0.0613243
0.0517125
0.0423537
0.0326403
0.022869
0.0131963
0.00358227
-0.00599205
-0.0155023
-0.0249215
-0.0342347
-0.0434369
-0.0525213
-0.0614747
-0.0702866
-0.079029
-0.0876371
-0.096075
0.0887362
0.0779835
0.0665583
0.0566018
0.0466963
0.0364493
0.0261944
0.0160269
0.00590288
-0.00417667
-0.0141824
-0.0240898
-0.0338828
-0.0435555
-0.0531039
-0.0625138
-0.0717375
-0.0808829
-0.0898708
-0.0986642
0.0947978
0.0834937
0.0719223
0.0616135
0.0511562
0.0404048
0.0296689
0.0189894
0.00833801
-0.00226552
-0.0127889
-0.0232071
-0.0335003
-0.0436542
-0.0536573
-0.0634836
-0.0731943
-0.0827985
-0.092183
-0.101339
0.100538
0.089011
0.0774387
0.0666936
0.0556482
0.0443877
0.0331513
0.0219458
0.0107623
-0.000369493
-0.0114165
-0.0223557
-0.0331687
-0.0438508
-0.0544134
-0.0648371
-0.0748621
-0.0848154
-0.0945555
-0.10407
0.105243
0.0941878
0.0830496
0.072034
0.0605609
0.0488611
0.0371312
0.0253954
0.0136674
0.00198295
-0.00961384
-0.021091
-0.0324202
-0.0435714
-0.0545181
-0.0653104
-0.0762998
-0.0868685
-0.0970372
-0.10693
-0.0648658
-0.0679971
-0.0711102
-0.0742032
-0.0772751
-0.0803243
-0.0833486
-0.0863458
-0.0893134
-0.0922495
-0.0951521
-0.0980193
-0.10085
-0.103641
-0.106393
-0.109103
-0.111771
-0.114394
-0.116975
-0.119512
-0.0650259
-0.0682031
-0.0713639
-0.0745061
-0.0776269
-0.0807235
-0.0837931
-0.0868328
-0.08984
-0.0928125
-0.0957479
-0.0986441
-0.101499
-0.104311
-0.107079
-0.109801
-0.112475
-0.1151
-0.117678
-0.120209
-0.0653846
-0.0686229
-0.0718428
-0.0750415
-0.0782168
-0.0813662
-0.084487
-0.0875763
-0.0906314
-0.0936499
-0.0966295
-0.0995679
-0.102463
-0.105313
-0.108117
-0.110873
-0.113579
-0.116235
-0.118844
-0.121408
-0.0658663
-0.0691814
-0.0724778
-0.0757529
-0.0790042
-0.0822288
-0.0854235
-0.0885854
-0.0917115
-0.0947991
-0.0978459
-0.100849
-0.103808
-0.106719
-0.109581
-0.112392
-0.115153
-0.11786
-0.120522
-0.12314
-0.0664941
-0.0699038
-0.0732936
-0.0766607
-0.0800026
-0.0833165
-0.0865991
-0.0898473
-0.0930583
-0.0962292
-0.0993576
-0.102441
-0.105478
-0.108465
-0.111402
-0.114286
-0.117119
-0.119896
-0.12263
-0.125326
-0.067241
-0.0707591
-0.0742563
-0.0777298
-0.0811772
-0.0845955
-0.0879814
-0.0913317
-0.0946434
-0.0979136
-0.10114
-0.10432
-0.107452
-0.110533
-0.113563
-0.116538
-0.119461
-0.122327
-0.125154
-0.127948
-0.068108
-0.0717494
-0.0753684
-0.0789626
-0.0825295
-0.0860662
-0.0895693
-0.0930356
-0.0964621
-0.099846
-0.103185
-0.106476
-0.109718
-0.112908
-0.116046
-0.119127
-0.122157
-0.125128
-0.128065
-0.130975
-0.0690865
-0.0728644
-0.0766186
-0.0803467
-0.0840463
-0.0877146
-0.0913483
-0.094944
-0.0984988
-0.10201
-0.105475
-0.108891
-0.112258
-0.115571
-0.118832
-0.122035
-0.125187
-0.128279
-0.131342
-0.134385
-0.0701741
-0.0741019
-0.0780042
-0.081879
-0.0857242
-0.0895369
-0.0933138
-0.0970516
-0.100748
-0.104399
-0.108003
-0.111558
-0.115062
-0.118512
-0.121909
-0.125248
-0.128537
-0.131764
-0.134969
-0.138162
-0.0713674
-0.0754578
-0.0795207
-0.0835545
-0.0875575
-0.0915267
-0.0954589
-0.0993509
-0.1032
-0.107004
-0.110759
-0.114465
-0.118119
-0.121719
-0.125266
-0.128752
-0.132191
-0.135567
-0.138928
-0.142285
-0.0726648
-0.0769301
-0.0811657
-0.0853706
-0.0895431
-0.0936804
-0.0977795
-0.101837
-0.105851
-0.109818
-0.113737
-0.117605
-0.121421
-0.125182
-0.12889
-0.132537
-0.136138
-0.139675
-0.143205
-0.14674
-0.0740649
-0.0785173
-0.0829374
-0.0873247
-0.091678
-0.0959947
-0.100272
-0.104506
-0.108695
-0.112837
-0.11693
-0.12097
-0.124959
-0.128891
-0.132772
-0.136591
-0.140365
-0.144074
-0.147785
-0.151509
-0.075567
-0.0802181
-0.084834
-0.0894149
-0.0939599
-0.0984665
-0.102932
-0.107353
-0.111728
-0.116054
-0.12033
-0.124553
-0.128725
-0.132838
-0.136901
-0.140901
-0.144859
-0.14875
-0.152651
-0.156575
-0.0771716
-0.0820329
-0.0868554
-0.0916403
-0.0963873
-0.101094
-0.105757
-0.110375
-0.114944
-0.119464
-0.123933
-0.128347
-0.132709
-0.137013
-0.141267
-0.145456
-0.149606
-0.153687
-0.157787
-0.161919
-0.0788767
-0.0839591
-0.088999
-0.0939987
-0.0989577
-0.103874
-0.108744
-0.113567
-0.11834
-0.123061
-0.12773
-0.132343
-0.136904
-0.141405
-0.145857
-0.150242
-0.154591
-0.158868
-0.163175
-0.167522
-0.0806852
-0.0859984
-0.0912659
-0.0964901
-0.10167
-0.106805
-0.11189
-0.116926
-0.12191
-0.12684
-0.131716
-0.136535
-0.1413
-0.146004
-0.150659
-0.155246
-0.159799
-0.164277
-0.168796
-0.173359
-0.0825973
-0.0881504
-0.0936552
-0.0991131
-0.104523
-0.109883
-0.115192
-0.120448
-0.125648
-0.130793
-0.135882
-0.140912
-0.145886
-0.150798
-0.15566
-0.160452
-0.165212
-0.169894
-0.174626
-0.179409
-0.0846088
-0.0904134
-0.0961651
-0.101865
-0.107513
-0.113108
-0.118646
-0.124127
-0.12955
-0.134915
-0.14022
-0.145465
-0.150651
-0.155774
-0.160844
-0.165845
-0.170812
-0.175701
-0.180646
-0.185648
-0.086721
-0.0927875
-0.0987953
-0.104746
-0.110639
-0.116474
-0.122247
-0.12796
-0.13361
-0.139198
-0.144721
-0.150185
-0.155582
-0.160919
-0.166196
-0.171406
-0.176579
-0.181676
-0.18683
-0.192053
-0.0889351
-0.0952732
-0.101545
-0.107755
-0.113899
-0.11998
-0.125993
-0.131941
-0.137819
-0.143635
-0.149377
-0.15506
-0.160667
-0.166218
-0.171698
-0.177119
-0.182491
-0.187797
-0.193154
-0.1986
-0.0912506
-0.0978691
-0.104414
-0.110888
-0.11729
-0.123621
-0.129877
-0.136063
-0.142171
-0.148214
-0.154174
-0.160077
-0.165892
-0.17166
-0.177336
-0.18297
-0.18853
-0.194045
-0.199591
-0.205262
-0.093668
-0.100575
-0.1074
-0.114145
-0.120809
-0.127394
-0.133896
-0.14032
-0.146658
-0.152927
-0.159102
-0.165222
-0.171236
-0.177219
-0.183082
-0.188932
-0.19467
-0.200398
-0.206117
-0.212009
-0.0961871
-0.103391
-0.110502
-0.117523
-0.124454
-0.131294
-0.138043
-0.144705
-0.151273
-0.157763
-0.16415
-0.170481
-0.176687
-0.182876
-0.188907
-0.194972
-0.200861
-0.206812
-0.212684
-0.2188
-0.0988075
-0.106315
-0.113719
-0.121021
-0.12822
-0.135318
-0.142314
-0.149213
-0.156009
-0.162718
-0.169316
-0.175853
-0.182249
-0.188638
-0.194825
-0.201095
-0.207097
-0.213271
-0.219246
-0.225598
-0.101528
-0.109346
-0.117047
-0.124633
-0.132104
-0.13946
-0.146702
-0.153835
-0.160856
-0.167779
-0.174584
-0.181318
-0.187907
-0.19449
-0.20084
-0.207318
-0.213415
-0.21982
-0.225825
-0.232427
-0.104349
-0.112482
-0.120483
-0.128355
-0.136096
-0.143707
-0.151189
-0.158547
-0.165779
-0.172898
-0.17989
-0.186794
-0.193552
-0.200294
-0.2068
-0.213466
-0.219671
-0.22634
-0.232352
-0.239272
-0.107276
-0.115727
-0.124029
-0.132183
-0.140189
-0.148047
-0.155757
-0.163325
-0.17075
-0.17804
-0.18519
-0.192226
-0.19911
-0.205945
-0.212558
-0.219325
-0.225619
-0.232532
-0.238561
-0.245965
-0.110301
-0.119086
-0.1277
-0.136147
-0.144426
-0.152538
-0.160487
-0.168275
-0.175906
-0.183384
-0.190711
-0.197899
-0.204933
-0.21187
-0.218597
-0.225412
-0.231771
-0.23882
-0.244785
-0.252749
-0.113395
-0.12254
-0.131505
-0.140287
-0.148884
-0.157297
-0.165533
-0.173595
-0.18149
-0.189223
-0.196801
-0.204228
-0.211504
-0.218648
-0.225602
-0.232525
-0.239039
-0.246075
-0.251981
-0.260234
-0.116585
-0.126043
-0.13532
-0.144399
-0.153267
-0.161928
-0.170387
-0.178652
-0.186732
-0.194635
-0.202371
-0.209947
-0.217374
-0.224653
-0.231776
-0.238776
-0.245485
-0.252326
-0.258333
-0.266257
-0.125828
-0.135439
-0.144455
-0.15263
-0.159747
-0.165631
-0.170126
-0.173093
-0.174399
-0.173958
-0.171723
-0.167721
-0.162001
-0.154696
-0.145949
-0.136004
-0.125092
-0.113527
-0.101572
-0.0895397
-0.0776513
-0.0661554
-0.0551898
-0.0449327
-0.0354823
-0.0270189
-0.0195235
-0.0130633
-0.0073729
-0.00240327
-0.12656
-0.136218
-0.145244
-0.153403
-0.160492
-0.166344
-0.170802
-0.173721
-0.174968
-0.174461
-0.172157
-0.168086
-0.162296
-0.154922
-0.14611
-0.136106
-0.125141
-0.113533
-0.101544
-0.0894872
-0.0775839
-0.0660795
-0.0551105
-0.0448522
-0.0354044
-0.0269453
-0.0194605
-0.0130125
-0.0073415
-0.00239173
-0.127898
-0.137666
-0.14671
-0.154838
-0.161877
-0.167673
-0.172062
-0.174891
-0.176027
-0.175397
-0.172966
-0.168765
-0.162846
-0.155344
-0.146411
-0.136294
-0.125233
-0.113542
-0.10149
-0.0893885
-0.077458
-0.0659376
-0.054963
-0.0447021
-0.0352594
-0.0268078
-0.0193431
-0.0129175
-0.00728285
-0.00236927
-0.129814
-0.139727
-0.148787
-0.156864
-0.163833
-0.169549
-0.173838
-0.176536
-0.177514
-0.176709
-0.174099
-0.169715
-0.163613
-0.155931
-0.146828
-0.136556
-0.125357
-0.113552
-0.101414
-0.0892486
-0.0772807
-0.0657387
-0.0547565
-0.0444915
-0.0350561
-0.0266147
-0.0191787
-0.0127839
-0.00720055
-0.00233713
-0.132245
-0.142332
-0.151398
-0.159405
-0.166286
-0.171902
-0.176061
-0.17859
-0.179366
-0.178344
-0.175509
-0.170897
-0.164566
-0.15666
-0.147345
-0.136877
-0.125508
-0.11356
-0.101314
-0.0890715
-0.0770583
-0.06549
-0.0544992
-0.0442288
-0.0348026
-0.0263737
-0.0189736
-0.0126168
-0.00709786
-0.00229628
-0.135158
-0.145436
-0.154488
-0.162405
-0.169183
-0.174679
-0.178678
-0.180999
-0.181534
-0.180256
-0.177157
-0.172276
-0.165676
-0.157506
-0.147942
-0.137245
-0.125678
-0.113564
-0.101193
-0.0888605
-0.0767959
-0.0651983
-0.0541983
-0.0439213
-0.0345063
-0.0260913
-0.0187337
-0.0124205
-0.00697767
-0.00224745
-0.138523
-0.148994
-0.158005
-0.165813
-0.172473
-0.177826
-0.181634
-0.183712
-0.183971
-0.182403
-0.179006
-0.173821
-0.166916
-0.158449
-0.148605
-0.137651
-0.125861
-0.11356
-0.10105
-0.0886186
-0.0764984
-0.0648694
-0.0538602
-0.0435755
-0.0341734
-0.0257734
-0.018464
-0.0121991
-0.00684254
-0.00219132
-0.142313
-0.15297
-0.161904
-0.169582
-0.176109
-0.181298
-0.184884
-0.186684
-0.186637
-0.184749
-0.181024
-0.175503
-0.168264
-0.159471
-0.149321
-0.138084
-0.12605
-0.113546
-0.100886
-0.0883483
-0.07617
-0.0645087
-0.0534909
-0.0431975
-0.0338096
-0.0254252
-0.0181689
-0.011956
-0.00669473
-0.00212843
-0.146506
-0.157328
-0.166146
-0.173673
-0.180051
-0.185053
-0.188383
-0.189874
-0.189494
-0.187261
-0.183181
-0.177297
-0.169699
-0.160556
-0.150075
-0.138536
-0.126241
-0.11352
-0.100702
-0.0880519
-0.0758146
-0.0641207
-0.0530954
-0.0427923
-0.03342
-0.0250514
-0.0178526
-0.0116943
-0.00653625
-0.00205931
-0.15108
-0.162033
-0.170693
-0.178048
-0.184261
-0.189051
-0.192094
-0.193247
-0.19251
-0.18991
-0.18545
-0.179182
-0.171202
-0.161688
-0.150859
-0.138999
-0.126428
-0.113481
-0.100496
-0.0877316
-0.0754355
-0.0637099
-0.0526784
-0.0423649
-0.0330091
-0.0246562
-0.0175186
-0.011417
-0.00636891
-0.00198441
-0.156015
-0.167054
-0.175509
-0.182672
-0.188704
-0.193253
-0.195978
-0.196769
-0.195656
-0.192668
-0.18781
-0.181138
-0.172758
-0.162856
-0.151661
-0.139467
-0.12661
-0.113426
-0.100271
-0.0873895
-0.0750361
-0.0632801
-0.052244
-0.0419193
-0.0325809
-0.0242435
-0.01717
-0.0111265
-0.00619428
-0.0019042
-0.161291
-0.172356
-0.180561
-0.187513
-0.193347
-0.197627
-0.200002
-0.20041
-0.198903
-0.195512
-0.190237
-0.183146
-0.174352
-0.164048
-0.152475
-0.139934
-0.126781
-0.113354
-0.100027
-0.0870276
-0.0746193
-0.0628349
-0.0517962
-0.0414596
-0.0321392
-0.0238166
-0.0168098
-0.0108254
-0.00601379
-0.0018191
-0.166885
-0.177907
-0.185815
-0.19254
-0.198157
-0.202137
-0.204136
-0.204144
-0.202229
-0.198419
-0.192714
-0.185191
-0.175971
-0.165254
-0.153292
-0.140397
-0.12694
-0.113266
-0.0997649
-0.0866478
-0.0741878
-0.0623776
-0.0513382
-0.0409891
-0.031687
-0.0233786
-0.0164406
-0.0105157
-0.00582868
-0.00172954
-0.172774
-0.183672
-0.191242
-0.197725
-0.203105
-0.206752
-0.208351
-0.207945
-0.205611
-0.20137
-0.195224
-0.187261
-0.177604
-0.166466
-0.154107
-0.14085
-0.127085
-0.113161
-0.099485
-0.0862521
-0.0737442
-0.0619112
-0.0508732
-0.0405111
-0.0312274
-0.0229324
-0.0160645
-0.0101995
-0.00564007
-0.00163598
-0.178934
-0.189618
-0.196811
-0.203039
-0.20816
-0.211445
-0.212624
-0.211793
-0.209029
-0.204347
-0.197752
-0.189341
-0.179242
-0.167677
-0.154914
-0.14129
-0.127214
-0.113039
-0.0991887
-0.0858424
-0.0732908
-0.0614384
-0.0504038
-0.0400282
-0.0307628
-0.0224804
-0.0156838
-0.00987856
-0.00544897
-0.00153885
-0.185338
-0.195709
-0.202496
-0.208459
-0.213294
-0.216187
-0.216932
-0.215668
-0.212465
-0.207335
-0.200285
-0.191423
-0.180876
-0.16888
-0.155709
-0.141716
-0.127325
-0.112899
-0.0988772
-0.0854205
-0.0728299
-0.0609617
-0.0499326
-0.039543
-0.0302956
-0.022025
-0.0153002
-0.00955462
-0.00525628
-0.00143864
-0.191958
-0.201913
-0.208271
-0.213959
-0.21848
-0.220955
-0.221255
-0.219551
-0.215904
-0.210321
-0.202812
-0.193496
-0.1825
-0.17007
-0.156488
-0.142125
-0.127419
-0.112744
-0.0985516
-0.0849882
-0.0723635
-0.0604834
-0.0494617
-0.0390578
-0.0298279
-0.0215683
-0.0149155
-0.00922925
-0.00506281
-0.00133583
-0.198761
-0.208196
-0.214111
-0.219517
-0.223694
-0.225728
-0.225576
-0.223426
-0.21933
-0.213292
-0.205323
-0.195553
-0.184105
-0.171243
-0.157249
-0.142516
-0.127495
-0.112572
-0.0982134
-0.0845474
-0.0718937
-0.0600058
-0.0489934
-0.0385746
-0.0293617
-0.0211122
-0.0145313
-0.00890391
-0.00486932
-0.00123096
-0.205711
-0.214527
-0.219995
-0.225109
-0.22891
-0.230485
-0.229877
-0.227279
-0.222731
-0.216236
-0.207809
-0.197586
-0.185687
-0.172393
-0.157988
-0.142887
-0.127553
-0.112386
-0.0978641
-0.0841
-0.0714224
-0.0595306
-0.0485292
-0.0380954
-0.0288986
-0.0206585
-0.014149
-0.00857996
-0.00467653
-0.00112456
-0.212767
-0.220875
-0.2259
-0.23071
-0.234108
-0.23521
-0.234145
-0.231095
-0.226094
-0.219144
-0.21026
-0.199588
-0.187241
-0.173519
-0.158704
-0.143237
-0.127594
-0.112186
-0.0975051
-0.0836479
-0.0709514
-0.0590598
-0.0480711
-0.0376218
-0.0284403
-0.0202088
-0.01377
-0.00825867
-0.0044851
-0.00101718
-0.219885
-0.227212
-0.231805
-0.236296
-0.239265
-0.239884
-0.238363
-0.234859
-0.229407
-0.222005
-0.212668
-0.201553
-0.188761
-0.174616
-0.159394
-0.143567
-0.127616
-0.111973
-0.0971383
-0.0831929
-0.0704825
-0.0585951
-0.0476203
-0.0371555
-0.0279883
-0.0197648
-0.0133957
-0.00794125
-0.00429568
-0.000909364
-0.227021
-0.233509
-0.237689
-0.241843
-0.244362
-0.244493
-0.242517
-0.238557
-0.232659
-0.224809
-0.215026
-0.203472
-0.190243
-0.17568
-0.160057
-0.143876
-0.127623
-0.11175
-0.0967655
-0.082737
-0.0700176
-0.058138
-0.0471785
-0.0366978
-0.0275439
-0.0193278
-0.0130272
-0.00762883
-0.0041089
-0.000801675
-0.234129
-0.239741
-0.243531
-0.247326
-0.249378
-0.249019
-0.246591
-0.242177
-0.235835
-0.227544
-0.217322
-0.205339
-0.191679
-0.176708
-0.160691
-0.144163
-0.127613
-0.111518
-0.0963887
-0.0822823
-0.0695583
-0.0576899
-0.0467467
-0.03625
-0.0271085
-0.0188992
-0.0126657
-0.00732248
-0.00392535
-0.00069466
-0.241161
-0.245886
-0.249312
-0.252722
-0.254295
-0.253444
-0.250565
-0.245698
-0.23892
-0.230196
-0.219547
-0.207145
-0.193066
-0.177697
-0.161294
-0.144427
-0.127589
-0.111278
-0.09601
-0.0818307
-0.0691063
-0.0572522
-0.0463261
-0.0358134
-0.0266833
-0.0184803
-0.0123124
-0.00702319
-0.00374559
-0.000588853
-0.248067
-0.25192
-0.255008
-0.258003
-0.259089
-0.257747
-0.254419
-0.249101
-0.241899
-0.232751
-0.221688
-0.20888
-0.194395
-0.178641
-0.161864
-0.14467
-0.127551
-0.111032
-0.0956313
-0.0813843
-0.0686631
-0.056826
-0.0459175
-0.0353889
-0.0262692
-0.0180723
-0.0119681
-0.00673185
-0.00357015
-0.000484765
-0.254793
-0.257816
-0.260589
-0.263133
-0.26373
-0.261901
-0.258124
-0.252363
-0.24475
-0.235193
-0.223732
-0.210534
-0.195659
-0.179536
-0.162399
-0.144889
-0.1275
-0.110782
-0.0952546
-0.0809446
-0.0682299
-0.0564121
-0.0455216
-0.0349773
-0.0258672
-0.0176762
-0.0116338
-0.00644929
-0.00339952
-0.000382883
-0.261267
-0.263544
-0.266021
-0.268072
-0.268176
-0.265863
-0.261661
-0.25546
-0.247451
-0.237502
-0.225664
-0.212097
-0.196851
-0.180377
-0.162896
-0.145086
-0.127437
-0.11053
-0.0948821
-0.080514
-0.0678083
-0.0560117
-0.0451394
-0.0345797
-0.0254784
-0.0172931
-0.0113105
-0.00617631
-0.00323418
-0.000283662
-0.267444
-0.269079
-0.271278
-0.272792
-0.272404
-0.269584
-0.265023
-0.258362
-0.249983
-0.239668
-0.227479
-0.213567
-0.197974
-0.18117
-0.163361
-0.145267
-0.12737
-0.110283
-0.0945201
-0.0800978
-0.0674028
-0.0556283
-0.0447736
-0.0341984
-0.0251046
-0.0169246
-0.0109994
-0.00591372
-0.00307467
-0.000187517
-0.273372
-0.274394
-0.27634
-0.277294
-0.276433
-0.273111
-0.267842
-0.261046
-0.252362
-0.241708
-0.229194
-0.214961
-0.199042
-0.181928
-0.163808
-0.145442
-0.127307
-0.110047
-0.0941729
-0.0796985
-0.0670143
-0.055262
-0.0444241
-0.0338331
-0.0247455
-0.0165703
-0.0107
-0.00566144
-0.00292103
-9.46957e-05
-0.279029
-0.279259
-0.281007
-0.281447
-0.280228
-0.276624
-0.271519
-0.263738
-0.254617
-0.243602
-0.230761
-0.216212
-0.199982
-0.182572
-0.16416
-0.145539
-0.127183
-0.109766
-0.0937919
-0.0792754
-0.0666079
-0.0548821
-0.0440642
-0.0334633
-0.0243862
-0.0162213
-0.0104072
-0.00541727
-0.00277197
-5.29272e-06
-0.284203
-0.282992
-0.284526
-0.284338
-0.282625
-0.278411
-0.272465
-0.265046
-0.255778
-0.244549
-0.231503
-0.216743
-0.2003
-0.182688
-0.164075
-0.145287
-0.126788
-0.109278
-0.0932544
-0.0787325
-0.0661043
-0.0544194
-0.0436342
-0.0330396
-0.0239871
-0.015846
-0.0100952
-0.00516079
-0.00261298
8.89631e-05
-0.288167
-0.287772
-0.289262
-0.288237
-0.285839
-0.28094
-0.27473
-0.266386
-0.256569
-0.244879
-0.231457
-0.216359
-0.199629
-0.181787
-0.162989
-0.144093
-0.125543
-0.108063
-0.0921208
-0.0777206
-0.0652425
-0.0536773
-0.0429793
-0.032434
-0.0234512
-0.0153728
-0.00972155
-0.00486591
-0.00243583
0.000193081
-0.292386
-0.291755
-0.292743
-0.290809
-0.287799
-0.28229
-0.275631
-0.267168
-0.257114
-0.245139
-0.23146
-0.216107
-0.199142
-0.181091
-0.162109
-0.143094
-0.124469
-0.106991
-0.0910921
-0.0767837
-0.0644272
-0.0529631
-0.0423369
-0.0318332
-0.0229136
-0.0148967
-0.00934465
-0.00456935
-0.00225818
0.000297945
-0.296435
-0.295465
-0.296087
-0.293367
-0.289914
-0.283973
-0.276958
-0.267967
-0.257562
-0.245272
-0.231339
-0.215744
-0.198566
-0.180336
-0.161195
-0.142086
-0.123406
-0.105941
-0.0900938
-0.0758798
-0.0636432
-0.0522756
-0.0417169
-0.0312517
-0.0223923
-0.0144345
-0.008978
-0.00428052
-0.00208433
0.000401417
-0.300269
-0.298637
-0.298844
-0.295305
-0.291371
-0.284843
-0.277678
-0.268416
-0.257796
-0.245263
-0.231126
-0.215324
-0.197961
-0.179569
-0.160287
-0.141095
-0.122365
-0.104918
-0.0891214
-0.0749999
-0.0628786
-0.0516029
-0.0411082
-0.0306807
-0.0218812
-0.0139829
-0.00862062
-0.00399982
-0.00191505
0.000502636
-0.303945
-0.301179
-0.301089
-0.296845
-0.292638
-0.28581
-0.278318
-0.268719
-0.25788
-0.245123
-0.23081
-0.214831
-0.197313
-0.178784
-0.159383
-0.140126
-0.121358
-0.103933
-0.0881862
-0.074154
-0.0621407
-0.0509501
-0.0405146
-0.0301236
-0.0213829
-0.0135442
-0.00827402
-0.00372852
-0.00175109
0.000600863
-0.30733
-0.303131
-0.302804
-0.297914
-0.293446
-0.286254
-0.278605
-0.268782
-0.257791
-0.244853
-0.230399
-0.214271
-0.196625
-0.177985
-0.158488
-0.139183
-0.120387
-0.10299
-0.0872924
-0.0733459
-0.0614323
-0.0503196
-0.0399384
-0.0295834
-0.0209006
-0.0131216
-0.00794071
-0.00346865
-0.00159351
0.000695219
-0.310502
-0.30442
-0.304062
-0.298591
-0.29398
-0.286549
-0.278726
-0.268684
-0.257562
-0.244469
-0.229903
-0.213653
-0.195905
-0.177177
-0.157607
-0.13827
-0.119458
-0.102094
-0.0864451
-0.0725799
-0.0607566
-0.0497136
-0.0393819
-0.0290628
-0.020437
-0.012718
-0.00762298
-0.00322212
-0.00144337
0.000784801
-0.313231
-0.305108
-0.30492
-0.298956
-0.294269
-0.286557
-0.27863
-0.268424
-0.257206
-0.243988
-0.229335
-0.212985
-0.195161
-0.176368
-0.156745
-0.137393
-0.118576
-0.10125
-0.0856493
-0.0718602
-0.0601166
-0.0491347
-0.0388474
-0.0285645
-0.0199948
-0.0123359
-0.00732296
-0.00299069
-0.00130167
0.000868757
-0.315117
-0.305393
-0.305475
-0.299023
-0.294323
-0.286404
-0.2784
-0.268046
-0.256755
-0.243429
-0.228711
-0.212282
-0.194403
-0.175565
-0.15591
-0.136557
-0.117747
-0.100463
-0.0849092
-0.0711906
-0.0595156
-0.0485854
-0.0383376
-0.0280912
-0.0195769
-0.0119781
-0.00704266
-0.00277596
-0.00116931
0.000946318
-0.316136
-0.305423
-0.30576
-0.298885
-0.294228
-0.286092
-0.278052
-0.267571
-0.256232
-0.242816
-0.228051
-0.21156
-0.193646
-0.174779
-0.155109
-0.135768
-0.116975
-0.0997369
-0.0842288
-0.0705744
-0.0589566
-0.0480685
-0.0378552
-0.027646
-0.0191858
-0.0116468
-0.00678384
-0.0025793
-0.00104709
0.00101684
-0.316474
-0.305305
-0.305819
-0.298602
-0.293995
-0.285685
-0.277631
-0.267037
-0.255664
-0.242172
-0.227373
-0.210836
-0.192901
-0.17402
-0.15435
-0.135032
-0.116265
-0.0990747
-0.0836113
-0.0700146
-0.0584423
-0.047587
-0.0374034
-0.0272316
-0.0188241
-0.0113441
-0.006548
-0.00240177
-0.000935665
0.00107984
-0.316422
-0.305039
-0.305736
-0.298204
-0.293688
-0.285213
-0.277155
-0.266473
-0.255073
-0.241524
-0.2267
-0.210128
-0.192182
-0.173299
-0.153642
-0.134355
-0.11562
-0.0984795
-0.0830591
-0.0695134
-0.0579758
-0.0471442
-0.0369856
-0.0268512
-0.0184943
-0.0110716
-0.00633633
-0.00224413
-0.000835597
0.00113504
-0.316001
-0.304725
-0.305495
-0.297765
-0.293319
-0.284707
-0.276678
-0.265898
-0.254494
-0.240885
-0.226047
-0.209453
-0.191507
-0.172629
-0.152993
-0.133742
-0.115045
-0.0979536
-0.0825742
-0.0690726
-0.0575596
-0.0467436
-0.0366056
-0.0265077
-0.0181986
-0.0108307
-0.00614976
-0.00210679
-0.000747315
0.00118234
-0.315297
-0.304454
-0.305129
-0.297355
-0.292895
-0.284241
-0.276171
-0.265368
-0.253929
-0.240296
-0.225445
-0.20883
-0.190886
-0.172021
-0.152413
-0.1332
-0.114543
-0.0974991
-0.0821576
-0.0686935
-0.0571965
-0.046389
-0.0362675
-0.0262044
-0.0179394
-0.0106224
-0.00598895
-0.00198988
-0.000671149
0.00122186
-0.314575
-0.304062
-0.304781
-0.296918
-0.2925
-0.28378
-0.275724
-0.264871
-0.253422
-0.23976
-0.224897
-0.208278
-0.190345
-0.171491
-0.151908
-0.132736
-0.114117
-0.0971175
-0.0818102
-0.0683767
-0.0568889
-0.0460844
-0.0359759
-0.0259445
-0.0177188
-0.0104477
-0.00585437
-0.00189328
-0.000607349
0.00125385
-0.313865
-0.303686
-0.30445
-0.296533
-0.292146
-0.283386
-0.275326
-0.264447
-0.252986
-0.239306
-0.224436
-0.207809
-0.189884
-0.171048
-0.151495
-0.132354
-0.113772
-0.0968102
-0.0815322
-0.0681229
-0.0566393
-0.0458341
-0.0357351
-0.0257315
-0.017539
-0.0103071
-0.00574637
-0.0018167
-0.000556102
0.0012787
-0.313247
-0.303341
-0.304178
-0.296206
-0.291864
-0.283064
-0.275011
-0.264109
-0.252642
-0.238947
-0.224073
-0.207443
-0.189528
-0.170702
-0.151175
-0.132064
-0.113509
-0.0965784
-0.0813238
-0.0679324
-0.05645
-0.0456421
-0.0355499
-0.0255683
-0.017402
-0.0102012
-0.00566517
-0.00175974
-0.00051755
0.00129683
-0.312796
-0.303085
-0.303983
-0.295974
-0.291662
-0.28284
-0.274791
-0.263874
-0.252403
-0.238699
-0.223823
-0.207191
-0.189283
-0.170467
-0.150957
-0.131865
-0.113333
-0.0964232
-0.0811848
-0.0678054
-0.0563226
-0.0455119
-0.0354239
-0.0254577
-0.0173096
-0.0101304
-0.00561093
-0.00172203
-0.000491794
0.00130866
-0.312555
-0.302948
-0.303882
-0.295853
-0.291559
-0.282724
-0.274678
-0.263754
-0.252281
-0.238573
-0.223696
-0.207063
-0.189158
-0.170347
-0.150846
-0.131765
-0.113244
-0.0963453
-0.0811153
-0.0677421
-0.0562588
-0.0454461
-0.0353601
-0.0254019
-0.017263
-0.0100948
-0.00558378
-0.00170326
-0.000478905
0.00131448
)
;

boundaryField
{
    inlet
    {
        type            zeroGradient;
    }
    outlet
    {
        type            fixedValue;
        value           uniform 0;
    }
    cylinder
    {
        type            zeroGradient;
    }
    top
    {
        type            symmetryPlane;
    }
    bottom
    {
        type            symmetryPlane;
    }
    defaultFaces
    {
        type            empty;
    }
}


// ************************************************************************* //
