/*--------------------------------*- C++ -*----------------------------------*\
  =========                 |
  \\      /  F ield         | OpenFOAM: The Open Source CFD Toolbox
   \\    /   O peration     | Website:  https://openfoam.org
    \\  /    A nd           | Version:  9
     \\/     M anipulation  |
\*---------------------------------------------------------------------------*/
FoamFile
{
    format      ascii;
    class       volScalarField;
    location    "2.3";
    object      p;
}
// * * * * * * * * * * * * * * * * * * * * * * * * * * * * * * * * * * * * * //

dimensions      [0 2 -2 0 0 0 0];

internalField   nonuniform List<scalar> 
8500
(
-0.360303
-0.371672
-0.364824
-0.35435
-0.336807
-0.313341
-0.284553
-0.248978
-0.212867
-0.167863
-0.361675
-0.372609
-0.365704
-0.355173
-0.337674
-0.314304
-0.285663
-0.250192
-0.214397
-0.16888
-0.364397
-0.374467
-0.367448
-0.3568
-0.339383
-0.316195
-0.28782
-0.252595
-0.217391
-0.170871
-0.368422
-0.377216
-0.370023
-0.359193
-0.341889
-0.318949
-0.290978
-0.256058
-0.221722
-0.173754
-0.373688
-0.380814
-0.37338
-0.362297
-0.34512
-0.322485
-0.29502
-0.260448
-0.227204
-0.177417
-0.380113
-0.385207
-0.377462
-0.366048
-0.348995
-0.326693
-0.299807
-0.265607
-0.233612
-0.181724
-0.387602
-0.390334
-0.382203
-0.370371
-0.353419
-0.331458
-0.305184
-0.271357
-0.240692
-0.186526
-0.396054
-0.396129
-0.38753
-0.375183
-0.358306
-0.33666
-0.310994
-0.277515
-0.248182
-0.191666
-0.40536
-0.402525
-0.393374
-0.380416
-0.363557
-0.342181
-0.317081
-0.283906
-0.255825
-0.19699
-0.415418
-0.409438
-0.399677
-0.385996
-0.369086
-0.347914
-0.323301
-0.290368
-0.263378
-0.202352
-0.426136
-0.416812
-0.406358
-0.39186
-0.374818
-0.353766
-0.329524
-0.29676
-0.270629
-0.20762
-0.437386
-0.424605
-0.413369
-0.397954
-0.38069
-0.359656
-0.335641
-0.302962
-0.277392
-0.212678
-0.44909
-0.43275
-0.420663
-0.404235
-0.38665
-0.365521
-0.341562
-0.308878
-0.283514
-0.217424
-0.461172
-0.441198
-0.4282
-0.410671
-0.392662
-0.371313
-0.347215
-0.314434
-0.288875
-0.221783
-0.47356
-0.449909
-0.435948
-0.417237
-0.398697
-0.376993
-0.352544
-0.319576
-0.293382
-0.225715
-0.48619
-0.458847
-0.443884
-0.423916
-0.404735
-0.382531
-0.357506
-0.324266
-0.296965
-0.229211
-0.499008
-0.467981
-0.451985
-0.430694
-0.410758
-0.387901
-0.362068
-0.328477
-0.299543
-0.232161
-0.511964
-0.477281
-0.460234
-0.437558
-0.416749
-0.393074
-0.366211
-0.332207
-0.300976
-0.234292
-0.525011
-0.486719
-0.46861
-0.444492
-0.422689
-0.39802
-0.369925
-0.335466
-0.301194
-0.23624
-0.538103
-0.496264
-0.47709
-0.451476
-0.428548
-0.402701
-0.373196
-0.338205
-0.300606
-0.242303
-0.551191
-0.505883
-0.485645
-0.458478
-0.434289
-0.407067
-0.375987
-0.340252
-0.299989
-0.257552
-0.564219
-0.515535
-0.494238
-0.465458
-0.439861
-0.411062
-0.378245
-0.341493
-0.298912
-0.262704
-0.577126
-0.525173
-0.502821
-0.472364
-0.445202
-0.41462
-0.379914
-0.341861
-0.297306
-0.263585
-0.589841
-0.534741
-0.511336
-0.47913
-0.450239
-0.417671
-0.380941
-0.341361
-0.295221
-0.262335
-0.602281
-0.544172
-0.519712
-0.485677
-0.454887
-0.420141
-0.381273
-0.340008
-0.292604
-0.259547
-0.614352
-0.553389
-0.527862
-0.491912
-0.45905
-0.421949
-0.380855
-0.337818
-0.289411
-0.255622
-0.625946
-0.562302
-0.53569
-0.497732
-0.462625
-0.423015
-0.379636
-0.334803
-0.285609
-0.250842
-0.636944
-0.57081
-0.543086
-0.50302
-0.465503
-0.423257
-0.377568
-0.330972
-0.281178
-0.24538
-0.647215
-0.578802
-0.549926
-0.507654
-0.467569
-0.422593
-0.374608
-0.326328
-0.276102
-0.239333
-0.656615
-0.586154
-0.556079
-0.511499
-0.468711
-0.420947
-0.370716
-0.320873
-0.270369
-0.232752
-0.664993
-0.592734
-0.561402
-0.514421
-0.468813
-0.418245
-0.365857
-0.314604
-0.263971
-0.225656
-0.672188
-0.5984
-0.565745
-0.516279
-0.467765
-0.414421
-0.360002
-0.307517
-0.256899
-0.218049
-0.678032
-0.603003
-0.568955
-0.516935
-0.465464
-0.409415
-0.353125
-0.299608
-0.24915
-0.209926
-0.682354
-0.60639
-0.570875
-0.516252
-0.461812
-0.403174
-0.345206
-0.290872
-0.240717
-0.201277
-0.684982
-0.608402
-0.571347
-0.514099
-0.45672
-0.395654
-0.33623
-0.281305
-0.231598
-0.192093
-0.685743
-0.608882
-0.570218
-0.510352
-0.450111
-0.38682
-0.326186
-0.270904
-0.22179
-0.182363
-0.684467
-0.607671
-0.567338
-0.504897
-0.441919
-0.376644
-0.315066
-0.259669
-0.211292
-0.172083
-0.680993
-0.604615
-0.562566
-0.497634
-0.432091
-0.36511
-0.302872
-0.247601
-0.200108
-0.161248
-0.675164
-0.599568
-0.555773
-0.488475
-0.420585
-0.352208
-0.289606
-0.234703
-0.188241
-0.149858
-0.666838
-0.59239
-0.54684
-0.477346
-0.407375
-0.337937
-0.275276
-0.220983
-0.175698
-0.137922
-0.655885
-0.582955
-0.535668
-0.464193
-0.392446
-0.322306
-0.259897
-0.206451
-0.16249
-0.125451
-0.642191
-0.571148
-0.522172
-0.448978
-0.375799
-0.305332
-0.243489
-0.191121
-0.148624
-0.112449
-0.625662
-0.556875
-0.506289
-0.431679
-0.357445
-0.28704
-0.226077
-0.175014
-0.134125
-0.0988966
-0.606222
-0.540056
-0.487976
-0.412295
-0.337412
-0.267465
-0.20769
-0.158148
-0.11905
-0.0847594
-0.583821
-0.520635
-0.467211
-0.390844
-0.315739
-0.246649
-0.188355
-0.140513
-0.10348
-0.0701262
-0.558431
-0.498577
-0.443998
-0.367359
-0.292478
-0.22464
-0.168103
-0.122121
-0.0873277
-0.0551827
-0.53005
-0.473871
-0.418362
-0.341894
-0.267691
-0.20149
-0.146997
-0.103302
-0.0704318
-0.0398582
-0.498703
-0.446533
-0.390352
-0.314521
-0.241455
-0.177262
-0.125141
-0.0838283
-0.0530502
-0.0241565
-0.464441
-0.416599
-0.360041
-0.285329
-0.213854
-0.152068
-0.102522
-0.0637811
-0.0352271
-0.00811184
-0.427343
-0.384137
-0.327532
-0.254423
-0.184982
-0.125958
-0.0792299
-0.0432208
-0.0169987
0.0082322
-0.387516
-0.349243
-0.292959
-0.221902
-0.154946
-0.0990193
-0.0553394
-0.0222061
0.00159021
0.0248268
-0.345097
-0.312057
-0.256438
-0.187875
-0.12388
-0.07135
-0.0309255
-0.000800712
0.020491
0.0416181
-0.300255
-0.272753
-0.217956
-0.152616
-0.0918946
-0.0430503
-0.00607001
0.0209275
0.0396513
0.0585457
-0.253165
-0.231488
-0.177808
-0.116196
-0.0591239
-0.0142273
0.0191402
0.0429068
0.0590151
0.0755409
-0.203982
-0.188308
-0.136377
-0.0787698
-0.0257093
0.0150067
0.0446135
0.0650616
0.0785222
0.092526
-0.153006
-0.143545
-0.0937382
-0.0405191
0.00820246
0.0445353
0.0702541
0.0873131
0.0981129
0.109418
-0.100566
-0.097376
-0.0500972
-0.00163482
0.0424605
0.0742377
0.0959625
0.109584
0.117741
0.126117
-0.0468698
-0.0500846
-0.00569185
0.0376881
0.0769099
0.103989
0.121636
0.131804
0.137377
0.142432
0.00779757
-0.00194036
0.0392372
0.0772499
0.111392
0.133662
0.147169
0.153904
0.156924
0.157994
0.0631211
0.0467812
0.0844437
0.116847
0.145745
0.163127
0.172461
0.175796
0.176082
0.172414
0.118777
0.0957924
0.129675
0.156272
0.179807
0.192253
0.197411
0.197357
0.194466
0.185984
0.174435
0.144797
0.174673
0.195319
0.213414
0.220913
0.221915
0.218476
0.212687
0.201323
0.229754
0.193495
0.21918
0.23378
0.246403
0.248976
0.245865
0.239047
0.230401
0.216905
0.284395
0.241581
0.262937
0.27145
0.278613
0.276314
0.269157
0.259
0.247512
0.232127
0.338011
0.288752
0.305687
0.308127
0.309885
0.302802
0.29169
0.27826
0.263997
0.246816
0.390262
0.334705
0.347178
0.343612
0.340063
0.328316
0.313363
0.296752
0.27981
0.260902
0.440809
0.379146
0.387164
0.377712
0.368997
0.352738
0.334081
0.3144
0.294893
0.27432
0.489324
0.421783
0.425405
0.41024
0.396541
0.375952
0.353751
0.331132
0.309188
0.287007
0.535486
0.462338
0.461673
0.441018
0.422554
0.397847
0.372283
0.346878
0.322638
0.298912
0.57899
0.500542
0.495749
0.469876
0.446904
0.418319
0.389594
0.361571
0.335187
0.309988
0.619543
0.536144
0.527428
0.496653
0.469466
0.437268
0.405604
0.375149
0.346784
0.320194
0.656874
0.568905
0.556516
0.5212
0.490122
0.454601
0.420239
0.387551
0.357377
0.329494
0.690729
0.598606
0.582838
0.543381
0.508767
0.470234
0.433429
0.398722
0.36692
0.337852
0.720878
0.625049
0.606233
0.563071
0.525301
0.484089
0.445113
0.408613
0.375369
0.345236
0.747116
0.648055
0.626559
0.580159
0.539639
0.496096
0.455234
0.417177
0.382686
0.351619
0.769263
0.66747
0.643691
0.594549
0.551706
0.506196
0.463745
0.424376
0.388837
0.356977
0.787166
0.683161
0.657525
0.606161
0.561436
0.514339
0.470604
0.430176
0.393793
0.361288
0.800703
0.695024
0.667975
0.614927
0.56878
0.520482
0.475777
0.43455
0.397531
0.364536
0.80978
0.702977
0.674977
0.620799
0.573698
0.524594
0.47924
0.437477
0.400032
0.366709
0.814334
0.706968
0.678489
0.623743
0.576163
0.526656
0.480976
0.438944
0.401286
0.367798
0.814334
0.706968
0.678489
0.623743
0.576163
0.526656
0.480976
0.438944
0.401286
0.367798
0.80978
0.702977
0.674977
0.620799
0.573698
0.524594
0.47924
0.437477
0.400032
0.366709
0.800703
0.695024
0.667975
0.614927
0.56878
0.520482
0.475777
0.43455
0.397531
0.364536
0.787166
0.683161
0.657525
0.606161
0.561436
0.514339
0.470604
0.430176
0.393793
0.361288
0.769263
0.66747
0.643691
0.594549
0.551706
0.506196
0.463745
0.424376
0.388837
0.356977
0.747116
0.648055
0.626559
0.580159
0.539639
0.496096
0.455234
0.417177
0.382686
0.351619
0.720878
0.625049
0.606233
0.563071
0.525301
0.484089
0.445113
0.408613
0.375369
0.345236
0.690729
0.598606
0.582838
0.543381
0.508767
0.470234
0.433429
0.398722
0.36692
0.337852
0.656874
0.568905
0.556516
0.5212
0.490122
0.454601
0.420239
0.387551
0.357377
0.329494
0.619543
0.536144
0.527428
0.496653
0.469466
0.437268
0.405604
0.375149
0.346784
0.320194
0.57899
0.500542
0.495749
0.469876
0.446904
0.418319
0.389594
0.361571
0.335187
0.309988
0.535486
0.462338
0.461673
0.441018
0.422554
0.397847
0.372283
0.346878
0.322638
0.298911
0.489324
0.421783
0.425405
0.41024
0.396541
0.375952
0.353751
0.331132
0.309188
0.287007
0.440809
0.379146
0.387164
0.377712
0.368997
0.352738
0.334081
0.3144
0.294893
0.27432
0.390262
0.334705
0.347178
0.343612
0.340063
0.328316
0.313363
0.296752
0.27981
0.260902
0.338011
0.288752
0.305687
0.308127
0.309885
0.302802
0.29169
0.27826
0.263997
0.246816
0.284395
0.241581
0.262937
0.27145
0.278613
0.276314
0.269157
0.259
0.247512
0.232127
0.229754
0.193495
0.21918
0.23378
0.246403
0.248976
0.245865
0.239047
0.230401
0.216905
0.174435
0.144797
0.174673
0.195319
0.213414
0.220913
0.221915
0.218476
0.212687
0.201323
0.118777
0.0957924
0.129675
0.156272
0.179807
0.192253
0.197411
0.197357
0.194466
0.185984
0.0631211
0.0467812
0.0844437
0.116847
0.145745
0.163127
0.172461
0.175796
0.176082
0.172414
0.00779757
-0.00194036
0.0392372
0.0772499
0.111392
0.133662
0.147169
0.153904
0.156924
0.157994
-0.0468698
-0.0500846
-0.00569185
0.0376881
0.0769099
0.103989
0.121636
0.131804
0.137377
0.142432
-0.100566
-0.097376
-0.0500972
-0.00163482
0.0424605
0.0742377
0.0959625
0.109584
0.117741
0.126117
-0.153006
-0.143545
-0.0937382
-0.0405191
0.00820246
0.0445353
0.0702541
0.0873131
0.0981129
0.109418
-0.203982
-0.188308
-0.136377
-0.0787698
-0.0257093
0.0150067
0.0446135
0.0650616
0.0785222
0.092526
-0.253165
-0.231488
-0.177808
-0.116196
-0.0591239
-0.0142273
0.0191402
0.0429068
0.0590151
0.0755409
-0.300255
-0.272753
-0.217956
-0.152616
-0.0918946
-0.0430503
-0.00607001
0.0209275
0.0396513
0.0585457
-0.345097
-0.312057
-0.256438
-0.187875
-0.12388
-0.07135
-0.0309255
-0.000800713
0.020491
0.0416181
-0.387516
-0.349243
-0.292959
-0.221902
-0.154946
-0.0990193
-0.0553394
-0.0222061
0.00159021
0.0248268
-0.427343
-0.384137
-0.327532
-0.254423
-0.184982
-0.125958
-0.0792299
-0.0432208
-0.0169987
0.0082322
-0.464441
-0.416599
-0.360041
-0.285329
-0.213854
-0.152068
-0.102522
-0.0637811
-0.0352271
-0.00811184
-0.498703
-0.446533
-0.390352
-0.314521
-0.241455
-0.177262
-0.125141
-0.0838283
-0.0530502
-0.0241565
-0.53005
-0.473871
-0.418362
-0.341894
-0.267691
-0.20149
-0.146997
-0.103302
-0.0704318
-0.0398582
-0.558431
-0.498577
-0.443998
-0.367359
-0.292478
-0.22464
-0.168103
-0.122121
-0.0873277
-0.0551827
-0.583821
-0.520635
-0.467211
-0.390844
-0.315739
-0.246649
-0.188355
-0.140513
-0.10348
-0.0701262
-0.606222
-0.540056
-0.487976
-0.412295
-0.337412
-0.267465
-0.20769
-0.158148
-0.11905
-0.0847594
-0.625662
-0.556875
-0.506289
-0.431679
-0.357445
-0.28704
-0.226077
-0.175014
-0.134125
-0.0988966
-0.642191
-0.571148
-0.522172
-0.448978
-0.375799
-0.305332
-0.243489
-0.191121
-0.148624
-0.112449
-0.655885
-0.582955
-0.535668
-0.464193
-0.392446
-0.322306
-0.259897
-0.206451
-0.16249
-0.125451
-0.666838
-0.59239
-0.54684
-0.477346
-0.407375
-0.337937
-0.275276
-0.220983
-0.175698
-0.137922
-0.675164
-0.599568
-0.555773
-0.488475
-0.420585
-0.352208
-0.289606
-0.234703
-0.188241
-0.149858
-0.680993
-0.604615
-0.562566
-0.497634
-0.432091
-0.36511
-0.302872
-0.247601
-0.200108
-0.161248
-0.684467
-0.607671
-0.567338
-0.504897
-0.441919
-0.376644
-0.315066
-0.259669
-0.211292
-0.172083
-0.685743
-0.608882
-0.570218
-0.510352
-0.450111
-0.38682
-0.326186
-0.270904
-0.22179
-0.182363
-0.684982
-0.608402
-0.571347
-0.514099
-0.45672
-0.395654
-0.33623
-0.281305
-0.231598
-0.192093
-0.682354
-0.60639
-0.570875
-0.516252
-0.461812
-0.403174
-0.345206
-0.290872
-0.240717
-0.201277
-0.678032
-0.603003
-0.568955
-0.516935
-0.465464
-0.409415
-0.353125
-0.299608
-0.24915
-0.209926
-0.672188
-0.5984
-0.565745
-0.516279
-0.467765
-0.414421
-0.360002
-0.307517
-0.256899
-0.218049
-0.664993
-0.592734
-0.561402
-0.514421
-0.468813
-0.418245
-0.365857
-0.314604
-0.263971
-0.225656
-0.656615
-0.586154
-0.556079
-0.511499
-0.468711
-0.420947
-0.370716
-0.320873
-0.270369
-0.232752
-0.647215
-0.578802
-0.549926
-0.507654
-0.467569
-0.422593
-0.374608
-0.326328
-0.276102
-0.239333
-0.636944
-0.57081
-0.543086
-0.50302
-0.465503
-0.423257
-0.377568
-0.330972
-0.281178
-0.24538
-0.625946
-0.562302
-0.53569
-0.497732
-0.462625
-0.423015
-0.379636
-0.334803
-0.285609
-0.250842
-0.614352
-0.553389
-0.527862
-0.491912
-0.45905
-0.421949
-0.380855
-0.337818
-0.289411
-0.255622
-0.602281
-0.544172
-0.519712
-0.485677
-0.454887
-0.420141
-0.381273
-0.340008
-0.292604
-0.259547
-0.589841
-0.534741
-0.511336
-0.47913
-0.450239
-0.417671
-0.380941
-0.341361
-0.295221
-0.262335
-0.577126
-0.525173
-0.502821
-0.472364
-0.445202
-0.41462
-0.379914
-0.341861
-0.297306
-0.263585
-0.564219
-0.515535
-0.494238
-0.465458
-0.439861
-0.411062
-0.378245
-0.341493
-0.298912
-0.262704
-0.551191
-0.505883
-0.485645
-0.458478
-0.434289
-0.407067
-0.375987
-0.340252
-0.299989
-0.257552
-0.538103
-0.496264
-0.47709
-0.451476
-0.428548
-0.402701
-0.373196
-0.338205
-0.300606
-0.242303
-0.525011
-0.486719
-0.46861
-0.444492
-0.422689
-0.39802
-0.369925
-0.335466
-0.301194
-0.23624
-0.511964
-0.477281
-0.460234
-0.437558
-0.416749
-0.393074
-0.366211
-0.332207
-0.300976
-0.234292
-0.499008
-0.467981
-0.451985
-0.430694
-0.410758
-0.387901
-0.362068
-0.328477
-0.299543
-0.232161
-0.48619
-0.458847
-0.443884
-0.423916
-0.404735
-0.382531
-0.357506
-0.324266
-0.296965
-0.229211
-0.47356
-0.449909
-0.435948
-0.417237
-0.398697
-0.376993
-0.352544
-0.319576
-0.293382
-0.225715
-0.461172
-0.441198
-0.4282
-0.410671
-0.392662
-0.371313
-0.347215
-0.314434
-0.288875
-0.221783
-0.44909
-0.43275
-0.420663
-0.404235
-0.38665
-0.365521
-0.341562
-0.308878
-0.283514
-0.217424
-0.437386
-0.424605
-0.413369
-0.397954
-0.38069
-0.359656
-0.335641
-0.302962
-0.277392
-0.212678
-0.426136
-0.416812
-0.406358
-0.39186
-0.374818
-0.353766
-0.329524
-0.29676
-0.270629
-0.20762
-0.415418
-0.409438
-0.399677
-0.385996
-0.369086
-0.347914
-0.323301
-0.290368
-0.263378
-0.202352
-0.40536
-0.402525
-0.393374
-0.380416
-0.363557
-0.342181
-0.317081
-0.283906
-0.255825
-0.19699
-0.396054
-0.396129
-0.38753
-0.375183
-0.358306
-0.33666
-0.310994
-0.277515
-0.248182
-0.191666
-0.387602
-0.390334
-0.382203
-0.370371
-0.353419
-0.331458
-0.305184
-0.271357
-0.240692
-0.186526
-0.380113
-0.385207
-0.377462
-0.366048
-0.348995
-0.326693
-0.299807
-0.265607
-0.233612
-0.181724
-0.373688
-0.380814
-0.37338
-0.362297
-0.34512
-0.322485
-0.29502
-0.260448
-0.227204
-0.177417
-0.368422
-0.377216
-0.370023
-0.359193
-0.341889
-0.318949
-0.290978
-0.256058
-0.221722
-0.173754
-0.364397
-0.374467
-0.367448
-0.3568
-0.339383
-0.316195
-0.28782
-0.252595
-0.217391
-0.170871
-0.361675
-0.372609
-0.365704
-0.355173
-0.337674
-0.314304
-0.285663
-0.250192
-0.214397
-0.16888
-0.360303
-0.371672
-0.364824
-0.35435
-0.336807
-0.313341
-0.284553
-0.248978
-0.212867
-0.167863
-0.1445
-0.126547
-0.107825
-0.0893256
-0.0712021
-0.0537995
-0.0375446
-0.0228165
-0.00993656
0.000856037
0.00943356
0.0157952
0.0200656
0.022478
0.0233419
0.0230038
0.0218068
0.0200605
0.0180163
0.0158693
0.0137414
0.0117359
0.00985355
0.00820187
0.00660361
0.00538874
0.00389326
0.00327883
0.0013754
0.00192797
-0.146518
-0.128379
-0.109442
-0.0908218
-0.0725801
-0.055053
-0.0386737
-0.0238214
-0.0108181
9.43774e-05
0.00878583
0.0152532
0.0196194
0.0221163
0.023053
0.0227762
0.0216295
0.0199238
0.0179117
0.0157898
0.0136813
0.0116906
0.00981953
0.00817641
0.00658472
0.00537467
0.00388337
0.00327129
0.00137215
0.00192304
-0.150465
-0.13196
-0.112611
-0.0937583
-0.0752869
-0.057518
-0.0408969
-0.0258022
-0.0125582
-0.00141115
0.00750375
0.014179
0.0187339
0.0213977
0.0224785
0.0223231
0.0212764
0.0196513
0.0177033
0.0156313
0.0135614
0.0116002
0.00975163
0.00812558
0.00654702
0.00534658
0.00386362
0.00325622
0.00136568
0.0019132
-0.156163
-0.137135
-0.117208
-0.0980267
-0.079228
-0.0611136
-0.0441462
-0.0287035
-0.0151124
-0.00362606
0.00561334
0.0125917
0.0174227
0.0203317
0.0216248
0.0216488
0.0207504
0.0192452
0.0173922
0.0153947
0.0133823
0.0114652
0.00965012
0.00804958
0.00649064
0.0053046
0.00383411
0.0032337
0.001356
0.00189852
-0.163349
-0.14369
-0.123056
-0.103473
-0.0842693
-0.0657252
-0.0483256
-0.0324463
-0.0184175
-0.00650107
0.00315192
0.0105187
0.0157054
0.0189321
0.0205014
0.0207598
0.0200557
0.0187081
0.0169805
0.0150813
0.0131449
0.0112861
0.00951544
0.00794869
0.00641579
0.00524889
0.00379498
0.00320378
0.00134315
0.00187908
-0.171698
-0.151365
-0.129941
-0.109907
-0.0902458
-0.0712118
-0.0533161
-0.0369325
-0.0223948
-0.00997464
0.000166285
0.00799461
0.0136071
0.0172163
0.0191203
0.0196642
0.0191979
0.0180437
0.0164706
0.0146927
0.0128503
0.0110637
0.00934812
0.00782331
0.00632273
0.00517968
0.00374602
0.00316658
0.00132719
0.00185499
-0.180845
-0.159865
-0.137619
-0.117115
-0.096971
-0.0774136
-0.058983
-0.0420508
-0.0269544
-0.013976
-0.00328941
0.00505983
0.011157
0.0152051
0.0174961
0.0183718
0.0181836
0.0172567
0.0158656
0.014231
0.0124999
0.010799
0.00914883
0.00767388
0.00621181
0.00509729
0.00368676
0.00312211
0.00130817
0.00182639
-0.190411
-0.168881
-0.145829
-0.124868
-0.104247
-0.0841604
-0.0651823
-0.0476814
-0.031999
-0.0184283
-0.00715588
0.00175886
0.00838764
0.0129219
0.0156449
0.0168941
0.0170204
0.0163521
0.0151689
0.0136986
0.0120953
0.0104931
0.00891835
0.00750095
0.00608339
0.0050022
0.00363273
0.00307063
0.00128613
0.00179345
-0.200034
-0.178096
-0.15431
-0.132937
-0.111873
-0.0912796
-0.0717669
-0.0537017
-0.0374284
-0.0232515
-0.0113708
-0.00186106
0.005334
0.0103917
0.0135846
0.0152433
0.0157167
0.0153356
0.0143843
0.013098
0.0116384
0.0101472
0.00865755
0.00730514
0.00593787
0.004894
0.00355437
0.00301203
0.00126116
0.00175636
-0.209384
-0.18721
-0.162811
-0.141099
-0.119653
-0.0986024
-0.0785927
-0.0599904
-0.0431428
-0.0283651
-0.015871
-0.00575138
0.00203239
0.00764121
0.011334
0.0134326
0.0142815
0.0142133
0.0135162
0.0124323
0.0111312
0.00976276
0.0083674
0.00708711
0.00577574
0.00477315
0.00346802
0.00294669
0.00123334
0.00171535
-0.218177
-0.195945
-0.171098
-0.14915
-0.127406
-0.105969
-0.0855228
-0.0664315
-0.0490455
-0.0336905
-0.0205936
-0.00986337
-0.00148024
0.00469763
0.00891296
0.0114759
0.0127248
0.012992
0.012569
0.0117043
0.0105756
0.00934118
0.00804894
0.00684762
0.00559753
0.00464023
0.00337463
0.00287464
0.00120269
0.00167067
-0.226189
-0.204062
-0.178964
-0.156904
-0.134965
-0.113235
-0.0924307
-0.0729166
-0.0550456
-0.0391523
-0.025478
-0.014149
-0.00516694
0.00158867
0.00634159
0.00938763
0.0110566
0.0116784
0.0115474
0.0109175
0.00997407
0.00888408
0.0077033
0.00658746
0.00540386
0.00449569
0.0032738
0.00279857
0.00116916
0.00162257
-0.233251
-0.211366
-0.186235
-0.164201
-0.142183
-0.120269
-0.099203
-0.0793477
-0.0610592
-0.0446805
-0.0304664
-0.018562
-0.00899173
-0.00165851
0.00363977
0.0071819
0.00928676
0.0102793
0.010456
0.0100749
0.00932868
0.00839297
0.00733157
0.00630743
0.0051953
0.00433992
0.00316536
0.00271563
0.00113279
0.00157131
-0.239255
-0.217708
-0.192768
-0.170909
-0.148938
-0.126962
-0.105743
-0.0856396
-0.0670128
-0.0502125
-0.0355068
-0.0230605
-0.0129217
-0.00501899
0.000825725
0.00487159
0.00742401
0.00880099
0.00929867
0.00917915
0.00864136
0.0078692
0.00693475
0.00600824
0.00497243
0.0041733
0.00304937
0.00262455
0.00109505
0.00151719
-0.244163
-0.223001
-0.198465
-0.176928
-0.155131
-0.133224
-0.111968
-0.0917195
-0.0728419
-0.055692
-0.0405511
-0.0276039
-0.0169238
-0.00846648
-0.00208013
0.00247223
0.00548001
0.00725217
0.00808193
0.00823487
0.00791527
0.00731504
0.00651444
0.00569106
0.00473605
0.00399642
0.00292633
0.00252873
0.00105498
0.00146058
-0.247982
-0.227194
-0.203243
-0.182165
-0.160665
-0.138963
-0.117793
-0.0975073
-0.0784718
-0.0610495
-0.0455352
-0.0321345
-0.0209469
-0.0119572
-0.00504127
1.34687e-05
0.0034782
0.00565075
0.00681964
0.00725227
0.0071579
0.00673586
0.00607447
0.00535854
0.00448802
0.0038105
0.00279707
0.00242841
0.00101168
0.00140194
-0.250683
-0.230194
-0.207013
-0.186543
-0.16547
-0.144115
-0.123156
-0.10294
-0.0838396
-0.0662236
-0.0504015
-0.036601
-0.0249483
-0.0154572
-0.00803257
-0.00248728
0.0014297
0.00400314
0.00551524
0.00623352
0.00637085
0.00613297
0.00561595
0.0050116
0.00422902
0.00361609
0.00266195
0.0023234
0.000966716
0.0013416
-0.252479
-0.232202
-0.210031
-0.190282
-0.169758
-0.148871
-0.12823
-0.108181
-0.0891034
-0.071371
-0.0553076
-0.0411617
-0.0290845
-0.0191178
-0.0111957
-0.00515829
-0.000777321
0.00221568
0.00409311
0.00511924
0.00550926
0.00547374
0.00511592
0.0046346
0.00394881
0.00340675
0.00251713
0.00221156
0.000919251
0.00127945
-0.254324
-0.233736
-0.2124
-0.193266
-0.173392
-0.153137
-0.132979
-0.113259
-0.0943526
-0.0766286
-0.0604221
-0.0460009
-0.0335427
-0.023122
-0.0147035
-0.00815651
-0.00327909
0.00017532
0.00246331
0.0038404
0.00452029
0.00471813
0.00454484
0.00420662
0.00363338
0.00317351
0.00235724
0.00209014
0.000867457
0.00121576
-0.253266
-0.230707
-0.210773
-0.192508
-0.173651
-0.154393
-0.135037
-0.115918
-0.0974175
-0.0799154
-0.0637632
-0.0492534
-0.0365989
-0.0259155
-0.017192
-0.0103188
-0.00511332
-0.00134591
0.00122705
0.00285316
0.0037431
0.00411318
0.00407862
0.00384918
0.00336386
0.00296818
0.0022134
0.0019768
0.000817526
0.00115514
-0.238644
-0.228352
-0.212153
-0.193924
-0.174879
-0.15531
-0.135562
-0.116038
-0.0971465
-0.0792847
-0.0628218
-0.0480678
-0.0352413
-0.0244495
-0.0157019
-0.00889587
-0.00383781
-0.000271967
0.00207776
0.00348795
0.00418865
0.00440408
0.00425116
0.00393367
0.00339083
0.0029531
0.00218574
0.00192892
0.000795787
0.00110929
-0.2257
-0.217846
-0.203934
-0.187296
-0.169703
-0.151406
-0.132769
-0.114218
-0.096157
-0.0789819
-0.0630599
-0.0487003
-0.0361329
-0.0254884
-0.0167938
-0.00996744
-0.00483787
-0.00116997
0.0012956
0.00282289
0.00363456
0.00394928
0.00388422
0.00363911
0.0031617
0.00277077
0.00205725
0.00182219
0.000751086
0.00105224
-0.214768
-0.206788
-0.194086
-0.179005
-0.162927
-0.146057
-0.128751
-0.111423
-0.0944576
-0.0782312
-0.0630943
-0.0493482
-0.0372239
-0.026863
-0.0183081
-0.0115013
-0.00630005
-0.0025
0.000130462
0.00183251
0.00281394
0.00328252
0.00335391
0.00322154
0.00284379
0.00252509
0.00188805
0.00168768
0.000695601
0.000986279
-0.204787
-0.19662
-0.18472
-0.170991
-0.156257
-0.14068
-0.124606
-0.108426
-0.0925021
-0.0771888
-0.0628209
-0.0496898
-0.0380236
-0.0279698
-0.0195851
-0.0128336
-0.00759904
-0.00370463
-0.00094367
0.000904064
0.00203235
0.00263773
0.00283382
0.00280633
0.00252399
0.00227476
0.00171439
0.0015478
0.000638241
0.000915802
-0.194841
-0.186725
-0.175463
-0.16296
-0.149499
-0.135166
-0.120292
-0.10524
-0.090345
-0.0759401
-0.0623434
-0.0498354
-0.038641
-0.0289126
-0.0207202
-0.0140482
-0.00880522
-0.00484001
-0.00196941
6.74411e-06
0.00126851
0.00200091
0.00231514
0.00238829
0.00219933
0.00201843
0.00153547
0.00140248
0.000578645
0.00084094
-0.184571
-0.176828
-0.166161
-0.154785
-0.142552
-0.129435
-0.11575
-0.101827
-0.0879714
-0.0744917
-0.0616874
-0.0498271
-0.0391309
-0.029755
-0.0217812
-0.015213
-0.00998221
-0.00596288
-0.0029951
-0.000899091
0.000490983
0.00134787
0.00177973
0.00195428
0.00186052
0.00174982
0.00134721
0.00124932
0.000515479
0.000761456
-0.174006
-0.166898
-0.156862
-0.146533
-0.135477
-0.123541
-0.111019
-0.0982125
-0.0853951
-0.0728483
-0.0608514
-0.0496593
-0.0394857
-0.0304888
-0.0227604
-0.016321
-0.0111246
-0.0070693
-0.00401822
-0.00181208
-0.000299794
0.000678437
0.00122703
0.00150357
0.00150677
0.00146831
0.00114896
0.00108803
0.000448268
0.000677589
-0.163249
-0.156942
-0.147613
-0.138271
-0.128335
-0.11754
-0.106146
-0.0944313
-0.0826387
-0.0710214
-0.0598375
-0.0493268
-0.0396949
-0.0311001
-0.0236419
-0.0173562
-0.0122172
-0.00814584
-0.00502748
-0.00272317
-0.00109688
-2.27695e-06
0.000660612
0.00103862
0.00113956
0.00117487
0.000941095
0.000919
0.000376794
0.000589771
-0.15241
-0.146988
-0.138443
-0.130043
-0.121172
-0.111472
-0.101167
-0.0905127
-0.0797233
-0.0690245
-0.0586522
-0.0488301
-0.0397544
-0.0315813
-0.0244165
-0.0183085
-0.01325
-0.0091833
-0.00601491
-0.0036258
-0.00189513
-0.000690389
8.32467e-05
0.000561354
0.000760094
0.000870359
0.00072393
0.00074263
0.000300808
0.00049849
-0.141608
-0.137089
-0.129388
-0.121892
-0.114028
-0.105376
-0.0961155
-0.086484
-0.0766697
-0.0668716
-0.0573034
-0.0481717
-0.0396623
-0.0319275
-0.0250769
-0.0191698
-0.0142148
-0.0101739
-0.00697359
-0.00451416
-0.0026899
-0.00138234
-0.000502493
7.36215e-05
0.000369529
0.000555594
0.000497779
0.000559345
0.000220064
0.0004043
-0.130962
-0.127312
-0.120486
-0.11386
-0.106944
-0.0992855
-0.0910231
-0.0823719
-0.0734987
-0.0645777
-0.0558001
-0.0473556
-0.0394181
-0.0321348
-0.025617
-0.0199323
-0.0151033
-0.0111095
-0.00789622
-0.00538198
-0.00347607
-0.00207412
-0.00109361
-0.000422393
-3.06912e-05
0.000231635
0.000263122
0.000369696
0.000134379
0.00030783
-0.120573
-0.117724
-0.111778
-0.105984
-0.0999558
-0.0932354
-0.0859196
-0.0782022
-0.0702315
-0.0621585
-0.0541529
-0.0463872
-0.0390229
-0.0322006
-0.0260313
-0.0205889
-0.0159076
-0.0119823
-0.0087753
-0.00622261
-0.00424806
-0.00276123
-0.00168668
-0.000924114
-0.000438788
-0.000100203
2.06441e-05
0.000174377
4.36553e-05
0.000209774
-0.110527
-0.108392
-0.103306
-0.098302
-0.0930995
-0.0872565
-0.080833
-0.0739999
-0.0668888
-0.0596303
-0.0523735
-0.0452737
-0.0384797
-0.0321242
-0.0263163
-0.021134
-0.0166206
-0.0127846
-0.00960347
-0.00702933
-0.00500007
-0.00343888
-0.0022779
-0.00142863
-0.000852674
-0.000438361
-0.000228763
-2.57816e-05
-5.20948e-05
0.000110884
-0.100888
-0.0993733
-0.0951056
-0.0908449
-0.0864062
-0.0813783
-0.0757899
-0.0697891
-0.0634919
-0.0570106
-0.0504753
-0.0440244
-0.0377935
-0.0319069
-0.0264701
-0.0215631
-0.0172365
-0.0135097
-0.0103738
-0.00779555
-0.00572617
-0.00410202
-0.00286317
-0.00193271
-0.00126996
-0.000781029
-0.000483981
-0.000229805
-0.000152729
1.19486e-05
-0.0917046
-0.090717
-0.0872106
-0.0836417
-0.0799045
-0.075628
-0.070816
-0.0655934
-0.060062
-0.0543179
-0.0484732
-0.0426504
-0.0369718
-0.0315524
-0.0264931
-0.0218741
-0.0177508
-0.0141518
-0.0110799
-0.00851493
-0.00642049
-0.00474548
-0.00343816
-0.00243286
-0.00168795
-0.00112615
-0.000743658
-0.000436576
-0.000257951
-8.62274e-05
-0.0830088
-0.0824613
-0.0796497
-0.0767174
-0.0736204
-0.0700315
-0.0659359
-0.0614365
-0.0566212
-0.0515718
-0.046384
-0.0411649
-0.0360241
-0.0310667
-0.0263878
-0.0220663
-0.0181607
-0.0147065
-0.0117164
-0.00918165
-0.00707734
-0.00536408
-0.00399838
-0.00292536
-0.0021037
-0.00147144
-0.0010062
-0.000644834
-0.000367276
-0.000182851
-0.0748195
-0.0746346
-0.0724469
-0.0700944
-0.0675774
-0.0646132
-0.0611739
-0.0573419
-0.0531921
-0.0487931
-0.0442261
-0.0395836
-0.0349626
-0.0304584
-0.0261592
-0.0221415
-0.0184652
-0.0151708
-0.0122789
-0.00979061
-0.00769144
-0.00595277
-0.00453927
-0.00340631
-0.00251403
-0.00181439
-0.00126976
-0.000853178
-0.000480026
-0.000277153
-0.0671466
-0.0672576
-0.0656226
-0.0637926
-0.0617975
-0.0593968
-0.0565542
-0.053334
-0.0497984
-0.0460044
-0.04202
-0.0379242
-0.0338019
-0.0297384
-0.0258149
-0.0221041
-0.0186656
-0.0155435
-0.0127643
-0.0103377
-0.00825808
-0.00650678
-0.00505636
-0.00387176
-0.00291556
-0.00215229
-0.00153229
-0.00106008
-0.000595333
-0.000368386
-0.0599943
-0.0603447
-0.0591938
-0.0578303
-0.0563013
-0.0544053
-0.0521013
-0.0494377
-0.046465
-0.0432298
-0.0397882
-0.0362069
-0.0325592
-0.0289207
-0.0253652
-0.0219606
-0.0187653
-0.0158251
-0.0131711
-0.0108198
-0.00877333
-0.00702182
-0.00554535
-0.00431775
-0.00330484
-0.00248229
-0.00179151
-0.00126387
-0.000712144
-0.000455832
-0.0533639
-0.0539066
-0.0531756
-0.0522249
-0.0511091
-0.0496615
-0.0478399
-0.0456788
-0.043218
-0.0404951
-0.0375552
-0.034454
-0.0312542
-0.0280218
-0.0248229
-0.0217204
-0.0187702
-0.0160185
-0.0134997
-0.0112353
-0.00923424
-0.0074942
-0.00600229
-0.00474047
-0.00367834
-0.00280143
-0.00204499
-0.00146276
-0.000829231
-0.000538812
-0.0472562
-0.0479519
-0.047582
-0.0469931
-0.0462407
-0.0451886
-0.0437954
-0.0420841
-0.0400851
-0.0378276
-0.0353475
-0.0326905
-0.0299092
-0.0270608
-0.0242038
-0.0213955
-0.0186887
-0.0161289
-0.0137522
-0.0115841
-0.00963899
-0.00792102
-0.00642371
-0.0051363
-0.0040326
-0.0031067
-0.00229012
-0.00165487
-0.000945206
-0.000616677
-0.041673
-0.0424889
-0.0424269
-0.0421523
-0.0417165
-0.04101
-0.0399937
-0.0386814
-0.037095
-0.0352565
-0.0331937
-0.0309433
-0.0285491
-0.0260596
-0.0235263
-0.0210006
-0.0185317
-0.0161634
-0.0139327
-0.0118677
-0.00998704
-0.0083003
-0.00680671
-0.00550196
-0.00436427
-0.00339505
-0.00252423
-0.00183822
-0.00105854
-0.000688807
-0.036618
-0.0375269
-0.0377247
-0.0377203
-0.0375577
-0.0371503
-0.0364622
-0.0354999
-0.0342782
-0.0328126
-0.0311242
-0.0292416
-0.0272008
-0.0250426
-0.0228114
-0.0205531
-0.0183126
-0.0161319
-0.0140476
-0.0120894
-0.0102792
-0.00863107
-0.00714909
-0.00583459
-0.00467019
-0.00366348
-0.00274457
-0.00201074
-0.0011676
-0.000754599
-0.0320981
-0.0330774
-0.0334919
-0.0337169
-0.0337871
-0.0336353
-0.0332294
-0.0325704
-0.0316667
-0.0305287
-0.0291714
-0.0276169
-0.0258939
-0.0240364
-0.0220826
-0.0200726
-0.0180475
-0.0160464
-0.0141051
-0.0122542
-0.0105178
-0.00891343
-0.0074494
-0.00613177
-0.00494742
-0.00390909
-0.00294834
-0.0021703
-0.00127066
-0.000813453
-0.0281238
-0.0291552
-0.0297476
-0.0301644
-0.0304301
-0.0304933
-0.0303262
-0.0299255
-0.0292946
-0.0284393
-0.0273698
-0.0261025
-0.02466
-0.0230704
-0.0213658
-0.0195815
-0.0177544
-0.0159209
-0.0141154
-0.0123688
-0.0107064
-0.00914853
-0.00770691
-0.00639157
-0.0051933
-0.00412901
-0.00313275
-0.0023147
-0.00136592
-0.000864754
-0.0247111
-0.0257797
-0.0265153
-0.0270891
-0.0275153
-0.0277556
-0.0277863
-0.0276008
-0.0271986
-0.0265817
-0.0257563
-0.0247343
-0.0235332
-0.0221757
-0.020689
-0.019104
-0.0174536
-0.0157716
-0.0140906
-0.0124412
-0.0108498
-0.00933846
-0.00792159
-0.00661244
-0.00540538
-0.00432047
-0.00329496
-0.00244165
-0.0014515
-0.000907868
-0.0218835
-0.0229775
-0.0238246
-0.0245228
-0.025077
-0.0254586
-0.0256476
-0.0256356
-0.0254186
-0.0249959
-0.0243706
-0.0235506
-0.0225496
-0.0213858
-0.0200825
-0.0186663
-0.0171671
-0.0156159
-0.0140439
-0.012481
-0.0109539
-0.00948599
-0.00809385
-0.00679314
-0.00558128
-0.00448066
-0.00343207
-0.00254879
-0.00152542
-0.000942131
-0.0196718
-0.0207827
-0.0217128
-0.0225049
-0.0231558
-0.0236444
-0.0239539
-0.0240742
-0.0239993
-0.0237261
-0.0232554
-0.0225925
-0.0217477
-0.0207362
-0.0195777
-0.0182959
-0.0169179
-0.0154725
-0.0139894
-0.0124979
-0.0110248
-0.00959416
-0.00822424
-0.0069324
-0.00571858
-0.00460664
-0.00354096
-0.00263361
-0.0015855
-0.000966731
-0.0181273
-0.0192473
-0.0202324
-0.0210879
-0.0218044
-0.0223658
-0.0227574
-0.0229685
-0.0229914
-0.0228215
-0.0224581
-0.0219045
-0.0211689
-0.0202642
-0.0192079
-0.0180213
-0.0167296
-0.0153601
-0.0139413
-0.0125017
-0.0110683
-0.00966569
-0.00831292
-0.00702853
-0.0058144
-0.00469497
-0.0036183
-0.00269315
-0.00163021
-0.000980089
-0.0172988
-0.0184268
-0.0194429
-0.0203332
-0.021085
-0.021685
-0.02212
-0.0223789
-0.0224532
-0.0223377
-0.0220307
-0.0215348
-0.020857
-0.0200089
-0.0190068
-0.017871
-0.0166255
-0.0152967
-0.0139125
-0.0125011
-0.0110894
-0.00970213
-0.00835899
-0.00707886
-0.00586515
-0.00474132
-0.0036605
-0.0027229
-0.00166031
-0.000979606
-0.117967
-0.12831
-0.138127
-0.147409
-0.156147
-0.164334
-0.171964
-0.179035
-0.185546
-0.191502
-0.196913
-0.201798
-0.206193
-0.210154
-0.213781
-0.217227
-0.22075
-0.224714
-0.229803
-0.242217
-0.109828
-0.119592
-0.128864
-0.137634
-0.145896
-0.153643
-0.160872
-0.167584
-0.173785
-0.179487
-0.184715
-0.189505
-0.193922
-0.198059
-0.202062
-0.206149
-0.210655
-0.216027
-0.222518
-0.236973
-0.101995
-0.111253
-0.120072
-0.128445
-0.136367
-0.143836
-0.15085
-0.157416
-0.163544
-0.169249
-0.174558
-0.179512
-0.184168
-0.188607
-0.19294
-0.197325
-0.201985
-0.207173
-0.212622
-0.225025
-0.0943865
-0.103161
-0.111545
-0.119532
-0.127117
-0.1343
-0.141082
-0.147468
-0.153469
-0.159099
-0.164381
-0.169348
-0.174042
-0.178523
-0.182867
-0.187177
-0.191601
-0.196323
-0.201034
-0.211577
-0.0870073
-0.0953095
-0.10326
-0.110854
-0.118086
-0.124958
-0.131469
-0.137625
-0.143434
-0.148909
-0.154068
-0.158938
-0.163553
-0.167961
-0.172224
-0.176424
-0.180688
-0.185178
-0.189623
-0.198482
-0.0798692
-0.0877133
-0.0952407
-0.102446
-0.109327
-0.115881
-0.122111
-0.128021
-0.133617
-0.138911
-0.143918
-0.148661
-0.153168
-0.15748
-0.161648
-0.165741
-0.169854
-0.174102
-0.178258
-0.185521
-0.072974
-0.0803774
-0.0874955
-0.0943232
-0.100858
-0.107098
-0.113045
-0.118703
-0.124076
-0.129174
-0.134011
-0.138605
-0.142978
-0.147161
-0.151196
-0.155129
-0.159031
-0.162974
-0.166806
-0.172742
-0.066321
-0.073302
-0.0800254
-0.0864863
-0.092682
-0.0986113
-0.104275
-0.109674
-0.114815
-0.119704
-0.124351
-0.128771
-0.13298
-0.137001
-0.140865
-0.144605
-0.14827
-0.151913
-0.155442
-0.160321
-0.0599105
-0.0664873
-0.0728311
-0.0789371
-0.0848024
-0.0904253
-0.0958057
-0.100945
-0.105847
-0.110516
-0.114959
-0.119188
-0.123214
-0.127055
-0.130731
-0.134267
-0.1377
-0.141063
-0.144297
-0.148334
-0.0537429
-0.0599338
-0.0659137
-0.0716777
-0.0772223
-0.0825456
-0.087647
-0.0925267
-0.0971868
-0.101631
-0.105864
-0.109893
-0.113727
-0.117378
-0.120861
-0.124193
-0.127398
-0.130498
-0.133446
-0.136826
-0.0478183
-0.053642
-0.0592745
-0.06471
-0.0699451
-0.0749775
-0.0798056
-0.0844293
-0.0888492
-0.0930674
-0.0970873
-0.100913
-0.104552
-0.108011
-0.111299
-0.11443
-0.117417
-0.120277
-0.12296
-0.125836
-0.0421356
-0.0476127
-0.0529148
-0.0580365
-0.0629742
-0.0677253
-0.072288
-0.0766612
-0.0808449
-0.0848398
-0.0886478
-0.0922716
-0.0957151
-0.0989831
-0.102082
-0.105018
-0.107803
-0.110445
-0.112892
-0.115387
-0.0366994
-0.0418502
-0.046838
-0.0516601
-0.0563131
-0.0607939
-0.0651002
-0.0692305
-0.0731839
-0.0769603
-0.0805605
-0.0839857
-0.0872382
-0.0903207
-0.0932367
-0.0959904
-0.0985888
-0.101037
-0.103277
-0.105487
-0.0315147
-0.0363553
-0.0410458
-0.0455837
-0.0499654
-0.0541876
-0.0582478
-0.0621441
-0.065875
-0.0694399
-0.0728385
-0.0760712
-0.079139
-0.0820433
-0.0847859
-0.0873691
-0.0897975
-0.0920732
-0.0941372
-0.096134
-0.0265863
-0.0311328
-0.035542
-0.0398105
-0.0439346
-0.0479107
-0.0517362
-0.0554085
-0.0589262
-0.0622878
-0.0654927
-0.0685406
-0.0714316
-0.0741664
-0.0767457
-0.0791706
-0.0814443
-0.0835669
-0.0854814
-0.0873162
-0.0219128
-0.0261836
-0.0303284
-0.0343431
-0.0382239
-0.0419671
-0.0455698
-0.0490294
-0.052344
-0.055512
-0.0585322
-0.0614041
-0.0641273
-0.0667019
-0.069128
-0.0714063
-0.0735391
-0.0755252
-0.0773124
-0.07902
-0.0174962
-0.0215099
-0.0254072
-0.029184
-0.0328361
-0.0363601
-0.0397528
-0.0430115
-0.0461341
-0.0491188
-0.0519644
-0.0546698
-0.0572347
-0.0596587
-0.0619418
-0.0640844
-0.0660884
-0.0679518
-0.0696289
-0.0712318
-0.0133391
-0.0171138
-0.0207806
-0.0243353
-0.0277739
-0.0310927
-0.0342886
-0.0373588
-0.040301
-0.0431136
-0.0457949
-0.0483441
-0.0507605
-0.0530437
-0.0551937
-0.0572106
-0.0590964
-0.0608485
-0.0624288
-0.0639406
-0.00944414
-0.0129977
-0.0164508
-0.0197995
-0.0230396
-0.0261675
-0.02918
-0.0320745
-0.0348485
-0.0375004
-0.0400285
-0.0424319
-0.0447099
-0.0468621
-0.0488885
-0.0507893
-0.0525662
-0.0542167
-0.05571
-0.0571392
-0.00581451
-0.00916433
-0.0124206
-0.015579
-0.0186357
-0.021587
-0.0244299
-0.0271616
-0.0297798
-0.0322827
-0.0346688
-0.0369372
-0.039087
-0.041118
-0.0430302
-0.044824
-0.0465008
-0.0480583
-0.0494725
-0.0508248
-0.00245384
-0.00561713
-0.0086928
-0.0116767
-0.014565
-0.0173542
-0.0200411
-0.0226231
-0.025098
-0.0274639
-0.0297194
-0.0318635
-0.0338955
-0.0358152
-0.0376226
-0.0393182
-0.0409032
-0.0423758
-0.0437175
-0.0449979
0.000633474
-0.00236011
-0.00527142
-0.00809638
-0.0108312
-0.0134725
-0.0160171
-0.0184626
-0.0208067
-0.0230476
-0.0251839
-0.0272148
-0.0291395
-0.0309577
-0.0326697
-0.0342758
-0.0357774
-0.0371729
-0.0384485
-0.039662
0.00344192
0.00060149
-0.00216138
-0.00484273
-0.00743886
-0.00994645
-0.0123625
-0.0146846
-0.0169105
-0.0190385
-0.0210673
-0.022996
-0.0248238
-0.0265507
-0.0281767
-0.0297023
-0.0311288
-0.0324549
-0.033671
-0.0348231
0.00596446
0.00326087
0.000630661
-0.0019223
-0.00439446
-0.00678256
-0.00908376
-0.0112956
-0.013416
-0.0154433
-0.0173762
-0.0192138
-0.0209555
-0.0226011
-0.0241508
-0.0256051
-0.0269649
-0.0282298
-0.0293929
-0.0304899
0.00819195
0.00560901
0.00309579
0.000656027
-0.00170683
-0.00398966
-0.0061897
-0.00830457
-0.0103323
-0.0122712
-0.01412
-0.0158779
-0.0175444
-0.0191191
-0.0206024
-0.0219946
-0.0232967
-0.0245085
-0.0256257
-0.0266746
0.0101121
0.0076336
0.00522166
0.00287986
0.00061153
-0.00158034
-0.00369309
-0.00572442
-0.0076724
-0.00953544
-0.0113123
-0.0130022
-0.0146045
-0.0161191
-0.017546
-0.0188859
-0.0201394
-0.0213067
-0.0223856
-0.0233939
0.0117097
0.00931924
0.00699257
0.00473317
0.00254422
0.000428579
-0.00161119
-0.00357286
-0.00545458
-0.00725479
-0.00897232
-0.0106063
-0.0121562
-0.0136218
-0.0150033
-0.0163009
-0.0175155
-0.0186475
-0.019696
-0.0206721
0.01296
0.0106411
0.00838364
0.00619104
0.0040663
0.00201213
3.09841e-05
-0.00187502
-0.00370406
-0.00545465
-0.00712564
-0.00871616
-0.0102257
-0.0116539
-0.013001
-0.0142672
-0.0154532
-0.0165595
-0.0175863
-0.0185396
0.0138434
0.0115769
0.00937006
0.00722593
0.00514747
0.0031373
0.00119777
-0.000669064
-0.00246143
-0.00417788
-0.00581722
-0.00737858
-0.00886137
-0.0102653
-0.0115903
-0.0128366
-0.0140049
-0.0150956
-0.0161095
-0.0170491
0.0143014
0.0120737
0.00990417
0.00779585
0.00575115
0.00377238
0.00186173
2.11222e-05
-0.00174777
-0.00344352
-0.00506495
-0.00661116
-0.00808147
-0.00947546
-0.0107929
-0.012034
-0.0131989
-0.0142882
-0.0153025
-0.0162427
0.163526
0.147264
0.131995
0.117015
0.101643
0.0861741
0.0707444
0.055397
0.0401846
0.025157
0.0103563
-0.00418021
-0.0184191
-0.0323309
-0.0458909
-0.0590761
-0.0717174
-0.083972
-0.0957745
-0.107113
0.158812
0.142357
0.127094
0.112674
0.0979262
0.0831385
0.0684554
0.0538902
0.0394793
0.025263
0.0112751
-0.00245307
-0.0158923
-0.0290144
-0.0417904
-0.0541952
-0.0661192
-0.0777419
-0.0888865
-0.099585
0.151513
0.135341
0.120451
0.106807
0.0929234
0.0790103
0.0652348
0.0515935
0.038107
0.024809
0.0117272
-0.0011123
-0.0136845
-0.0259643
-0.0379247
-0.0495309
-0.0606674
-0.0716893
-0.0822108
-0.0923093
0.143924
0.128635
0.114365
0.101497
0.088468
0.0753948
0.0624713
0.0496936
0.0370701
0.0246281
0.0123911
0.000380295
-0.0113834
-0.0228793
-0.0340874
-0.0450001
-0.0556347
-0.065792
-0.0756889
-0.0852275
0.136513
0.122267
0.108732
0.096611
0.0844103
0.0721516
0.0600406
0.0480822
0.0362744
0.0246389
0.013196
0.00196318
-0.00904216
-0.0198029
-0.0303021
-0.0405243
-0.0504769
-0.0600365
-0.0693622
-0.0783587
0.12941
0.11618
0.103428
0.09203
0.0806293
0.0691659
0.0578401
0.0466676
0.0356398
0.0247729
0.0140847
0.00358996
-0.00669668
-0.0167606
-0.0265872
-0.0361619
-0.0454832
-0.0544755
-0.0632436
-0.0717131
0.122676
0.110414
0.0984713
0.0877817
0.0771486
0.0664544
0.0558825
0.045459
0.0351726
0.0250346
0.0150605
0.00526321
-0.00434476
-0.0137508
-0.0229423
-0.0319072
-0.0406396
-0.0490878
-0.0573234
-0.0652893
0.116343
0.104999
0.0938724
0.083875
0.0739743
0.0640179
0.0541665
0.0444541
0.0348697
0.0254205
0.0161201
0.00698008
-0.00198881
-0.0107755
-0.0193688
-0.027758
-0.0359357
-0.0438652
-0.0515985
-0.0590865
0.110435
0.0999537
0.0896312
0.0803061
0.0711005
0.0618468
0.0526809
0.0436418
0.0347201
0.0259202
0.0172541
0.00873222
0.000364132
-0.00784028
-0.015871
-0.0237186
-0.0313748
-0.0388114
-0.0460706
-0.0531051
0.104962
0.0952897
0.0857452
0.0770686
0.06852
0.0599313
0.0514146
0.0430104
0.0347123
0.026523
0.0184526
0.0105109
0.00270657
-0.00495136
-0.012454
-0.0197927
-0.0269597
-0.0339304
-0.0407419
-0.047346
0.099928
0.0910093
0.0822086
0.0741531
0.0662233
0.0582604
0.0503553
0.0425479
0.0348348
0.0272176
0.0197052
0.0123069
0.00503064
-0.00211514
-0.00912218
-0.0159829
-0.0226907
-0.0292254
-0.0356136
-0.0418095
0.0953271
0.0871098
0.0790126
0.0715478
0.0641984
0.0568214
0.0494898
0.0422413
0.035075
0.0279924
0.0210014
0.0141105
0.00732772
0.000660842
-0.00588199
-0.0122924
-0.0185587
-0.0246617
-0.0306685
-0.0364894
0.0911503
0.0835837
0.0761459
0.0692386
0.0624315
0.0556004
0.0488042
0.042077
0.0354202
0.0288355
0.02233
0.015912
0.00958878
0.00336793
-0.00274305
-0.00873689
-0.01461
-0.0203575
-0.0259323
-0.0313883
0.087384
0.0804195
0.0735944
0.0672097
0.0609072
0.0545825
0.0482836
0.0420408
0.0358572
0.0297348
0.0236803
0.0177016
0.0118058
0.00600034
0.000292525
-0.00530977
-0.010799
-0.0161723
-0.0214046
-0.0265267
0.0840116
0.0776023
0.0713424
0.0654439
0.0596086
0.0537518
0.0479129
0.0421185
0.0363727
0.0306782
0.0250414
0.0194697
0.0139703
0.0085503
0.00321679
-0.00202303
-0.00716267
-0.0121979
-0.0171052
-0.0219068
0.0810133
0.0751146
0.0693722
0.0639227
0.0585182
0.0530917
0.0476764
0.0422953
0.0369532
0.0316535
0.0264022
0.0212066
0.0160737
0.0110104
0.00602365
0.00112034
-0.00369304
-0.00841058
-0.0130158
-0.0175205
0.0783673
0.0729365
0.0676646
0.0626269
0.0576175
0.0525851
0.0475582
0.0425566
0.0375854
0.0326484
0.0277518
0.0229026
0.0181075
0.0133735
0.00870721
0.00411554
-0.000395025
-0.00481817
-0.00914153
-0.0133708
0.07605
0.0710465
0.0661993
0.0615367
0.0568879
0.0522149
0.0475423
0.0428875
0.0382556
0.0336509
0.0290794
0.0245479
0.0200633
0.0156321
0.011261
0.00695674
0.00272575
-0.00142559
-0.00548721
-0.00946124
0.0740367
0.0694216
0.0649555
0.060632
0.0563104
0.0519633
0.0476127
0.0432732
0.0389503
0.0346486
0.0303739
0.0261329
0.0219323
0.0177786
0.0136784
0.00963816
0.0056643
0.00176314
-0.00205666
-0.005795
0.0723021
0.0680384
0.0639117
0.0598926
0.055866
0.0518131
0.0477531
0.0436991
0.0396562
0.0356293
0.0316243
0.0276477
0.0237059
0.0198053
0.0159525
0.0121538
0.00841536
0.00474353
0.001146
-0.00237572
0.0708208
0.066873
0.0630464
0.0592985
0.055536
0.0517467
0.0479478
0.0441504
0.0403598
0.0365809
0.0328196
0.0290822
0.0253749
0.0217042
0.0180762
0.0144972
0.0109733
0.00751059
0.00411618
0.000792506
0.0695677
0.0659019
0.0623384
0.0588299
0.0553019
0.0517473
0.0481808
0.0446126
0.0410477
0.0374911
0.0339486
0.0304262
0.0269302
0.0234666
0.0200417
0.0166614
0.0133317
0.0100586
0.00684863
0.00370487
0.0685187
0.0651019
0.0617671
0.0584677
0.0551458
0.0517978
0.0484367
0.0450713
0.0417065
0.0383474
0.0349997
0.0316691
0.0283618
0.0250837
0.0218407
0.0186387
0.0154836
0.012381
0.00933713
0.00635553
0.067651
0.0644512
0.0613124
0.0581932
0.0550501
0.0518821
0.0487001
0.045512
0.0423227
0.0391372
0.0359609
0.0327997
0.0296593
0.0265454
0.0234638
0.0204203
0.0174204
0.0144697
0.011574
0.00873717
0.0669437
0.0639293
0.0609555
0.0579888
0.0549981
0.0519839
0.0489556
0.0459201
0.0428823
0.0398471
0.0368197
0.0338058
0.0308109
0.0278405
0.0249003
0.0219957
0.0191322
0.0163151
0.0135498
0.0108405
0.066378
0.0635174
0.0606789
0.0578378
0.0549734
0.0520875
0.0491879
0.0462808
0.0433708
0.0404629
0.0375621
0.0346738
0.0318033
0.028956
0.0261372
0.0233522
0.0206063
0.0179045
0.015252
0.012653
0.0659381
0.0631995
0.0604669
0.0577248
0.0549611
0.0521781
0.0493824
0.0465794
0.0437738
0.0409703
0.0381738
0.0353895
0.0326223
0.0298776
0.0271603
0.0244756
0.0218285
0.0192238
0.0166663
0.0141602
0.0656111
0.0629608
0.0603043
0.057634
0.0549441
0.0522376
0.0495199
0.046796
0.0440703
0.0413475
0.0386323
0.0359296
0.0332442
0.030581
0.0279449
0.0253407
0.0227732
0.0202468
0.0177662
0.0153365
0.0653918
0.0627957
0.0601859
0.0575609
0.0549192
0.0522638
0.0495993
0.0469301
0.0442605
0.0415949
0.0389378
0.0362939
0.0336678
0.0310642
0.0284877
0.0259428
0.023434
0.0209657
0.018542
0.0161663
0.0652686
0.0626825
0.0600792
0.0574617
0.0548312
0.0521908
0.049545
0.0468979
0.0442539
0.0416171
0.0389918
0.0363823
0.033793
0.0312281
0.0286918
0.0261882
0.0237215
0.0212955
0.0189139
0.016583
0.191758
0.192905
0.195318
0.198398
0.201928
0.205525
0.208826
0.21144
0.212947
0.212972
0.211068
0.207044
0.200183
0.191244
0.174344
0.190624
0.191663
0.193854
0.196613
0.199713
0.20277
0.205419
0.207271
0.207914
0.206991
0.204082
0.199032
0.191159
0.181353
0.165215
0.189419
0.190362
0.192336
0.194786
0.197479
0.200037
0.202097
0.203283
0.203205
0.201537
0.197902
0.192199
0.183836
0.173843
0.158719
0.188129
0.188967
0.190707
0.192826
0.195085
0.197113
0.198554
0.199046
0.198224
0.195796
0.191432
0.185082
0.17627
0.166012
0.151466
0.186749
0.187475
0.18897
0.190743
0.192551
0.194032
0.19484
0.194633
0.193072
0.1899
0.184841
0.177891
0.168697
0.158194
0.144156
0.185278
0.185887
0.18713
0.188547
0.189895
0.190826
0.191007
0.190117
0.187848
0.183984
0.178304
0.170845
0.161373
0.150726
0.137209
0.183713
0.184203
0.185186
0.18624
0.187124
0.187506
0.187069
0.185518
0.182583
0.178084
0.171862
0.163986
0.154331
0.143631
0.130626
0.182053
0.18242
0.183137
0.183822
0.184239
0.184075
0.183035
0.180851
0.177291
0.172219
0.165529
0.157322
0.147564
0.136885
0.124384
0.180295
0.180537
0.180984
0.181296
0.181247
0.180544
0.178918
0.176133
0.171997
0.166414
0.159332
0.150876
0.141084
0.130495
0.118496
0.178441
0.178555
0.178728
0.178666
0.178153
0.176925
0.174736
0.171388
0.166728
0.160699
0.153298
0.14467
0.13491
0.124474
0.112977
0.17649
0.176474
0.176374
0.175938
0.17497
0.173231
0.170509
0.166638
0.161509
0.155101
0.147454
0.138727
0.129056
0.118829
0.107835
0.174444
0.174299
0.173925
0.17312
0.171707
0.169479
0.166256
0.161909
0.156368
0.149647
0.141822
0.133063
0.123534
0.113566
0.103072
0.172308
0.172033
0.171388
0.170221
0.168379
0.165687
0.161999
0.157224
0.15133
0.144362
0.136424
0.127694
0.118352
0.108683
0.0986887
0.170086
0.169683
0.168773
0.167254
0.165001
0.161873
0.157761
0.152609
0.14642
0.139268
0.131278
0.122632
0.113517
0.104178
0.0946781
0.167786
0.167257
0.16609
0.164232
0.16159
0.158059
0.153566
0.148089
0.141663
0.134386
0.126399
0.117885
0.109029
0.100046
0.0910318
0.165418
0.164766
0.163351
0.161171
0.158166
0.154267
0.149437
0.143687
0.137081
0.129735
0.1218
0.113458
0.104887
0.0962754
0.0877375
0.162994
0.162223
0.160574
0.15809
0.15475
0.15052
0.145399
0.139427
0.132694
0.125329
0.11749
0.109353
0.101087
0.0928559
0.0847804
0.160528
0.159645
0.157774
0.155008
0.151364
0.146843
0.141476
0.135333
0.128521
0.121182
0.113476
0.105569
0.0976212
0.0897731
0.0821435
0.158038
0.157049
0.154973
0.15195
0.148033
0.14326
0.137692
0.131424
0.124579
0.117305
0.109761
0.102104
0.0944797
0.0870111
0.0798081
0.155546
0.154457
0.152195
0.148939
0.144783
0.139798
0.134072
0.127722
0.120882
0.113706
0.106346
0.0989508
0.091651
0.0845527
0.0777545
0.153075
0.151896
0.149466
0.146003
0.141641
0.136482
0.130639
0.124245
0.117445
0.110391
0.103232
0.0961031
0.0891223
0.0823803
0.0759624
0.150653
0.149393
0.146815
0.143173
0.138638
0.133341
0.127417
0.121012
0.114278
0.107366
0.100416
0.0935524
0.0868799
0.0804758
0.0744117
0.148314
0.14698
0.144274
0.14048
0.135804
0.130402
0.124429
0.118041
0.111394
0.104634
0.0978954
0.0912902
0.0849103
0.0788217
0.0730826
0.146091
0.144695
0.14188
0.13796
0.133171
0.127694
0.121699
0.115349
0.108802
0.1022
0.0956681
0.0893081
0.0832006
0.0774013
0.0719567
0.144027
0.142576
0.139673
0.13565
0.130776
0.125249
0.119252
0.112955
0.106515
0.100068
0.0937322
0.087599
0.0817392
0.0761998
0.0710169
0.142165
0.140669
0.137695
0.133593
0.128655
0.123099
0.117116
0.11088
0.104546
0.0982454
0.0920881
0.086158
0.0805169
0.0752045
0.0702485
0.140554
0.139023
0.135994
0.131834
0.126852
0.121282
0.115321
0.109146
0.10291
0.0967407
0.0907393
0.0849835
0.0795278
0.0744061
0.0696396
0.139251
0.137692
0.134624
0.130422
0.125412
0.119838
0.113902
0.107783
0.101631
0.095569
0.0896943
0.0840784
0.0787702
0.0737993
0.0691818
0.138315
0.136736
0.133644
0.129415
0.124388
0.118815
0.112901
0.106825
0.100735
0.0947518
0.0889685
0.0834524
0.078249
0.0733847
0.0688728
0.137812
0.136221
0.133116
0.128876
0.123841
0.118269
0.112368
0.106316
0.100261
0.0943206
0.0885865
0.0831239
0.0779763
0.0731684
0.0687114
0.206235
0.207977
0.211958
0.217436
0.224364
0.232589
0.241955
0.252383
0.263767
0.276003
0.288976
0.302572
0.316662
0.331133
0.345786
0.206157
0.207896
0.211869
0.217336
0.224246
0.232451
0.241787
0.252178
0.263515
0.275691
0.288591
0.302099
0.316084
0.330434
0.344937
0.206002
0.207734
0.211692
0.217136
0.224019
0.232176
0.241454
0.25177
0.263012
0.275069
0.287823
0.301156
0.314931
0.32904
0.343242
0.205771
0.207492
0.211427
0.216837
0.223647
0.231761
0.240955
0.251159
0.262259
0.274139
0.286675
0.299745
0.313205
0.326955
0.340707
0.205464
0.207171
0.211076
0.216443
0.22324
0.231214
0.240292
0.250348
0.261258
0.272903
0.285148
0.297869
0.310911
0.324185
0.33734
0.205082
0.206771
0.210639
0.215951
0.222651
0.23053
0.239468
0.24934
0.260014
0.271365
0.283249
0.295536
0.308058
0.320739
0.333153
0.204626
0.206296
0.210119
0.215364
0.221977
0.229719
0.238487
0.248137
0.25853
0.26953
0.280982
0.292751
0.304652
0.31663
0.32816
0.204099
0.205745
0.209518
0.214686
0.221191
0.22878
0.23735
0.246745
0.256811
0.267404
0.278355
0.289523
0.300705
0.31187
0.322379
0.203501
0.205123
0.208837
0.213917
0.220301
0.227717
0.236064
0.245167
0.254862
0.264992
0.275374
0.285862
0.296227
0.306474
0.315829
0.202835
0.20443
0.20808
0.21305
0.219308
0.226535
0.234631
0.24341
0.252689
0.262303
0.272048
0.281776
0.29123
0.300459
0.308533
0.202102
0.203671
0.207251
0.21213
0.218215
0.225237
0.233057
0.241477
0.250299
0.259343
0.268385
0.277279
0.28573
0.293843
0.300515
0.201306
0.202846
0.206355
0.21115
0.217029
0.223828
0.231347
0.239376
0.247699
0.25612
0.264397
0.27238
0.279739
0.286645
0.291799
0.200448
0.201959
0.205381
0.210043
0.215753
0.222312
0.229507
0.237113
0.244895
0.252643
0.260092
0.267093
0.273274
0.278885
0.282411
0.199532
0.201014
0.2043
0.208872
0.214396
0.220696
0.227542
0.234695
0.241896
0.248922
0.255482
0.26143
0.266349
0.270583
0.272375
0.198559
0.200016
0.20333
0.207636
0.21296
0.218985
0.225461
0.23213
0.238713
0.244969
0.250582
0.255408
0.258984
0.261761
0.261716
0.197534
0.19896
0.202135
0.206332
0.211448
0.21718
0.223264
0.22942
0.235347
0.240785
0.245395
0.249033
0.251188
0.252428
0.250445
0.196459
0.197859
0.200921
0.204969
0.209861
0.215283
0.220949
0.226559
0.23179
0.236358
0.239902
0.242278
0.242928
0.242542
0.23852
0.195337
0.196726
0.199676
0.203566
0.208232
0.213335
0.21857
0.223614
0.228118
0.231778
0.234208
0.23526
0.234337
0.232244
0.226074
0.194173
0.195545
0.198406
0.202154
0.206609
0.211416
0.216243
0.220741
0.224538
0.227307
0.228637
0.228366
0.225855
0.22202
0.213668
0.192963
0.19428
0.197003
0.200543
0.204711
0.209133
0.213457
0.217309
0.220292
0.222056
0.222166
0.220446
0.216182
0.210358
0.199344
0.192963
0.19428
0.197003
0.200543
0.204711
0.209133
0.213457
0.217309
0.220292
0.222056
0.222166
0.220446
0.216182
0.210358
0.199344
0.194173
0.195545
0.198406
0.202154
0.206609
0.211416
0.216243
0.220741
0.224538
0.227307
0.228637
0.228366
0.225855
0.22202
0.213668
0.195337
0.196726
0.199676
0.203566
0.208232
0.213335
0.21857
0.223614
0.228118
0.231778
0.234208
0.23526
0.234337
0.232244
0.226074
0.196459
0.197859
0.200921
0.204969
0.209861
0.215283
0.220949
0.226559
0.23179
0.236358
0.239902
0.242278
0.242928
0.242542
0.23852
0.197534
0.19896
0.202135
0.206332
0.211448
0.21718
0.223264
0.22942
0.235347
0.240785
0.245395
0.249033
0.251188
0.252428
0.250445
0.198559
0.200016
0.20333
0.207636
0.21296
0.218985
0.225461
0.23213
0.238713
0.244969
0.250582
0.255408
0.258984
0.261761
0.261716
0.199532
0.201014
0.2043
0.208872
0.214396
0.220696
0.227542
0.234695
0.241896
0.248922
0.255482
0.26143
0.266349
0.270583
0.272375
0.200448
0.201959
0.205381
0.210043
0.215753
0.222312
0.229507
0.237113
0.244895
0.252643
0.260092
0.267093
0.273274
0.278885
0.282411
0.201306
0.202846
0.206355
0.21115
0.217029
0.223828
0.231347
0.239376
0.247699
0.25612
0.264397
0.27238
0.279739
0.286645
0.291799
0.202102
0.203671
0.207251
0.21213
0.218215
0.225237
0.233057
0.241477
0.250299
0.259343
0.268385
0.277279
0.28573
0.293843
0.300515
0.202835
0.20443
0.20808
0.21305
0.219308
0.226535
0.234631
0.24341
0.252689
0.262303
0.272048
0.281776
0.29123
0.300459
0.308533
0.203501
0.205123
0.208837
0.213917
0.220301
0.227717
0.236064
0.245167
0.254862
0.264992
0.275374
0.285862
0.296227
0.306474
0.315829
0.204099
0.205745
0.209518
0.214686
0.221191
0.22878
0.23735
0.246745
0.256811
0.267404
0.278355
0.289523
0.300705
0.31187
0.322379
0.204626
0.206296
0.210119
0.215364
0.221977
0.229719
0.238487
0.248137
0.25853
0.26953
0.280982
0.292751
0.304652
0.31663
0.32816
0.205082
0.206771
0.210639
0.215951
0.222651
0.23053
0.239468
0.24934
0.260014
0.271365
0.283249
0.295536
0.308058
0.320739
0.333153
0.205464
0.207171
0.211076
0.216443
0.22324
0.231214
0.240292
0.250348
0.261258
0.272903
0.285148
0.297869
0.310911
0.324185
0.33734
0.205771
0.207492
0.211427
0.216837
0.223647
0.231761
0.240955
0.251159
0.262259
0.274139
0.286675
0.299745
0.313205
0.326955
0.340707
0.206002
0.207734
0.211692
0.217136
0.224019
0.232176
0.241454
0.25177
0.263012
0.275069
0.287823
0.301156
0.314931
0.32904
0.343242
0.206157
0.207896
0.211869
0.217336
0.224246
0.232451
0.241787
0.252178
0.263515
0.275691
0.288591
0.302099
0.316084
0.330434
0.344937
0.206235
0.207977
0.211958
0.217436
0.224364
0.232589
0.241955
0.252383
0.263767
0.276003
0.288976
0.302572
0.316662
0.331133
0.345786
0.137812
0.136221
0.133116
0.128876
0.123841
0.118269
0.112368
0.106316
0.100261
0.0943206
0.0885865
0.0831239
0.0779763
0.0731684
0.0687114
0.138315
0.136736
0.133644
0.129415
0.124388
0.118815
0.112901
0.106825
0.100735
0.0947518
0.0889685
0.0834524
0.078249
0.0733847
0.0688728
0.139251
0.137692
0.134624
0.130422
0.125412
0.119838
0.113902
0.107783
0.101631
0.095569
0.0896943
0.0840784
0.0787702
0.0737993
0.0691818
0.140554
0.139023
0.135994
0.131834
0.126852
0.121282
0.115321
0.109146
0.10291
0.0967407
0.0907393
0.0849835
0.0795278
0.0744061
0.0696396
0.142165
0.140669
0.137695
0.133593
0.128655
0.123099
0.117116
0.11088
0.104546
0.0982454
0.0920881
0.086158
0.0805169
0.0752045
0.0702485
0.144027
0.142576
0.139673
0.13565
0.130776
0.125249
0.119252
0.112955
0.106515
0.100068
0.0937322
0.087599
0.0817392
0.0761998
0.0710169
0.146091
0.144695
0.14188
0.13796
0.133171
0.127694
0.121699
0.115349
0.108802
0.1022
0.0956681
0.0893081
0.0832006
0.0774013
0.0719567
0.148314
0.14698
0.144274
0.14048
0.135804
0.130402
0.124429
0.118041
0.111394
0.104634
0.0978954
0.0912902
0.0849103
0.0788217
0.0730826
0.150653
0.149393
0.146815
0.143173
0.138638
0.133341
0.127417
0.121012
0.114278
0.107366
0.100416
0.0935524
0.0868799
0.0804758
0.0744117
0.153075
0.151896
0.149466
0.146003
0.141641
0.136482
0.130639
0.124245
0.117445
0.110391
0.103232
0.0961031
0.0891223
0.0823803
0.0759624
0.155546
0.154457
0.152195
0.148939
0.144783
0.139798
0.134072
0.127722
0.120882
0.113706
0.106346
0.0989508
0.091651
0.0845527
0.0777545
0.158038
0.157049
0.154973
0.15195
0.148033
0.14326
0.137692
0.131424
0.124579
0.117305
0.109761
0.102104
0.0944797
0.0870111
0.0798081
0.160528
0.159645
0.157774
0.155008
0.151364
0.146843
0.141476
0.135333
0.128521
0.121182
0.113476
0.105569
0.0976212
0.0897731
0.0821435
0.162994
0.162223
0.160574
0.15809
0.15475
0.15052
0.145399
0.139427
0.132694
0.125329
0.11749
0.109353
0.101087
0.0928559
0.0847804
0.165418
0.164766
0.163351
0.161171
0.158166
0.154267
0.149437
0.143687
0.137081
0.129735
0.1218
0.113458
0.104887
0.0962754
0.0877375
0.167786
0.167257
0.16609
0.164232
0.16159
0.158059
0.153566
0.148089
0.141663
0.134386
0.126399
0.117885
0.109029
0.100046
0.0910318
0.170086
0.169683
0.168773
0.167254
0.165001
0.161873
0.157761
0.152609
0.14642
0.139268
0.131278
0.122632
0.113517
0.104178
0.0946781
0.172308
0.172033
0.171388
0.170221
0.168379
0.165687
0.161999
0.157224
0.15133
0.144362
0.136424
0.127694
0.118352
0.108683
0.0986887
0.174444
0.174299
0.173925
0.17312
0.171707
0.169479
0.166256
0.161909
0.156368
0.149647
0.141822
0.133063
0.123534
0.113566
0.103072
0.17649
0.176474
0.176374
0.175938
0.17497
0.173231
0.170509
0.166638
0.161509
0.155101
0.147454
0.138727
0.129056
0.118829
0.107835
0.178441
0.178555
0.178728
0.178666
0.178153
0.176925
0.174736
0.171388
0.166728
0.160699
0.153298
0.14467
0.13491
0.124474
0.112977
0.180295
0.180537
0.180984
0.181296
0.181247
0.180544
0.178918
0.176133
0.171997
0.166414
0.159332
0.150876
0.141084
0.130495
0.118496
0.182053
0.18242
0.183137
0.183822
0.184239
0.184075
0.183035
0.180851
0.177291
0.172219
0.165529
0.157322
0.147564
0.136885
0.124384
0.183713
0.184203
0.185186
0.18624
0.187124
0.187506
0.187069
0.185518
0.182583
0.178084
0.171862
0.163986
0.154331
0.143631
0.130626
0.185278
0.185887
0.18713
0.188547
0.189895
0.190826
0.191007
0.190117
0.187848
0.183984
0.178304
0.170845
0.161373
0.150726
0.137209
0.186749
0.187475
0.18897
0.190743
0.192551
0.194032
0.19484
0.194633
0.193072
0.1899
0.184841
0.177891
0.168697
0.158194
0.144156
0.188129
0.188967
0.190707
0.192826
0.195085
0.197113
0.198554
0.199046
0.198224
0.195796
0.191432
0.185082
0.17627
0.166012
0.151466
0.189419
0.190362
0.192336
0.194786
0.197479
0.200037
0.202097
0.203283
0.203205
0.201537
0.197902
0.192199
0.183836
0.173843
0.158719
0.190624
0.191663
0.193854
0.196613
0.199713
0.20277
0.205419
0.207271
0.207914
0.206991
0.204082
0.199032
0.191159
0.181353
0.165215
0.191758
0.192905
0.195318
0.198398
0.201928
0.205525
0.208826
0.21144
0.212947
0.212972
0.211068
0.207044
0.200183
0.191244
0.174344
0.0652686
0.0626825
0.0600792
0.0574617
0.0548312
0.0521908
0.049545
0.0468979
0.0442539
0.0416171
0.0389918
0.0363823
0.033793
0.0312281
0.0286918
0.0261882
0.0237215
0.0212955
0.0189139
0.016583
0.0653918
0.0627957
0.0601859
0.0575609
0.0549192
0.0522638
0.0495993
0.0469301
0.0442605
0.0415949
0.0389378
0.0362939
0.0336678
0.0310642
0.0284877
0.0259427
0.023434
0.0209657
0.018542
0.0161663
0.0656111
0.0629608
0.0603043
0.057634
0.0549441
0.0522376
0.0495199
0.046796
0.0440703
0.0413475
0.0386323
0.0359296
0.0332442
0.030581
0.0279449
0.0253407
0.0227732
0.0202468
0.0177662
0.0153365
0.0659381
0.0631995
0.0604669
0.0577248
0.0549611
0.0521781
0.0493824
0.0465794
0.0437738
0.0409703
0.0381738
0.0353894
0.0326223
0.0298776
0.0271603
0.0244756
0.0218285
0.0192238
0.0166663
0.0141602
0.066378
0.0635174
0.0606789
0.0578378
0.0549734
0.0520875
0.0491879
0.0462808
0.0433708
0.0404629
0.0375621
0.0346738
0.0318033
0.028956
0.0261372
0.0233522
0.0206063
0.0179045
0.015252
0.012653
0.0669437
0.0639293
0.0609555
0.0579888
0.0549981
0.0519839
0.0489556
0.0459201
0.0428823
0.0398471
0.0368197
0.0338058
0.0308109
0.0278405
0.0249003
0.0219957
0.0191322
0.0163151
0.0135498
0.0108405
0.067651
0.0644512
0.0613124
0.0581932
0.0550501
0.0518821
0.0487001
0.045512
0.0423227
0.0391372
0.0359609
0.0327997
0.0296593
0.0265454
0.0234638
0.0204203
0.0174204
0.0144697
0.011574
0.00873717
0.0685187
0.0651019
0.0617671
0.0584677
0.0551458
0.0517978
0.0484367
0.0450713
0.0417065
0.0383474
0.0349997
0.0316691
0.0283618
0.0250837
0.0218407
0.0186387
0.0154836
0.012381
0.00933713
0.00635553
0.0695677
0.0659019
0.0623384
0.0588299
0.0553019
0.0517473
0.0481808
0.0446126
0.0410477
0.0374911
0.0339486
0.0304262
0.0269302
0.0234666
0.0200417
0.0166614
0.0133317
0.0100586
0.00684863
0.00370487
0.0708207
0.066873
0.0630464
0.0592985
0.055536
0.0517467
0.0479478
0.0441504
0.0403598
0.0365809
0.0328196
0.0290822
0.0253749
0.0217042
0.0180762
0.0144971
0.0109733
0.00751059
0.00411617
0.000792505
0.0723021
0.0680384
0.0639116
0.0598926
0.055866
0.0518131
0.0477531
0.0436991
0.0396562
0.0356293
0.0316243
0.0276477
0.0237059
0.0198053
0.0159525
0.0121538
0.00841536
0.00474353
0.001146
-0.00237572
0.0740367
0.0694216
0.0649555
0.060632
0.0563104
0.0519633
0.0476127
0.0432732
0.0389503
0.0346486
0.0303739
0.0261329
0.0219323
0.0177786
0.0136784
0.00963815
0.0056643
0.00176314
-0.00205666
-0.005795
0.07605
0.0710465
0.0661993
0.0615367
0.0568879
0.0522149
0.0475423
0.0428875
0.0382556
0.0336509
0.0290794
0.0245479
0.0200633
0.0156321
0.011261
0.00695674
0.00272575
-0.0014256
-0.00548721
-0.00946124
0.0783673
0.0729365
0.0676646
0.0626269
0.0576175
0.0525851
0.0475582
0.0425566
0.0375854
0.0326484
0.0277518
0.0229026
0.0181075
0.0133735
0.00870721
0.00411553
-0.000395027
-0.00481817
-0.00914154
-0.0133708
0.0810133
0.0751146
0.0693722
0.0639227
0.0585182
0.0530917
0.0476764
0.0422953
0.0369532
0.0316535
0.0264022
0.0212066
0.0160737
0.0110104
0.00602364
0.00112033
-0.00369304
-0.00841058
-0.0130158
-0.0175205
0.0840116
0.0776023
0.0713424
0.0654439
0.0596086
0.0537518
0.0479129
0.0421185
0.0363727
0.0306782
0.0250414
0.0194697
0.0139703
0.0085503
0.00321679
-0.00202303
-0.00716267
-0.0121979
-0.0171052
-0.0219068
0.087384
0.0804195
0.0735944
0.0672097
0.0609072
0.0545825
0.0482836
0.0420408
0.0358572
0.0297348
0.0236803
0.0177016
0.0118058
0.00600034
0.000292523
-0.00530977
-0.010799
-0.0161723
-0.0214046
-0.0265267
0.0911503
0.0835837
0.0761459
0.0692386
0.0624315
0.0556004
0.0488042
0.042077
0.0354202
0.0288355
0.02233
0.015912
0.00958878
0.00336793
-0.00274305
-0.00873689
-0.01461
-0.0203576
-0.0259323
-0.0313883
0.0953271
0.0871098
0.0790126
0.0715478
0.0641984
0.0568214
0.0494898
0.0422413
0.035075
0.0279924
0.0210014
0.0141105
0.00732772
0.00066084
-0.00588199
-0.0122924
-0.0185587
-0.0246617
-0.0306685
-0.0364894
0.099928
0.0910093
0.0822086
0.0741531
0.0662233
0.0582604
0.0503553
0.0425479
0.0348348
0.0272176
0.0197052
0.0123069
0.00503064
-0.00211514
-0.00912218
-0.0159829
-0.0226907
-0.0292254
-0.0356136
-0.0418095
0.104962
0.0952897
0.0857452
0.0770686
0.06852
0.0599313
0.0514146
0.0430104
0.0347123
0.026523
0.0184526
0.0105109
0.00270657
-0.00495136
-0.012454
-0.0197927
-0.0269597
-0.0339304
-0.0407419
-0.047346
0.110435
0.0999537
0.0896312
0.0803061
0.0711005
0.0618467
0.0526809
0.0436418
0.0347201
0.0259202
0.0172541
0.00873222
0.000364131
-0.00784028
-0.015871
-0.0237186
-0.0313748
-0.0388114
-0.0460706
-0.0531051
0.116343
0.104999
0.0938724
0.083875
0.0739743
0.0640179
0.0541665
0.0444541
0.0348697
0.0254205
0.0161201
0.00698008
-0.00198881
-0.0107755
-0.0193688
-0.027758
-0.0359357
-0.0438652
-0.0515985
-0.0590865
0.122676
0.110414
0.0984713
0.0877817
0.0771486
0.0664544
0.0558825
0.045459
0.0351726
0.0250345
0.0150605
0.00526321
-0.00434476
-0.0137508
-0.0229423
-0.0319072
-0.0406396
-0.0490878
-0.0573234
-0.0652893
0.12941
0.11618
0.103428
0.09203
0.0806293
0.0691659
0.0578401
0.0466676
0.0356398
0.0247729
0.0140847
0.00358996
-0.00669668
-0.0167606
-0.0265872
-0.0361619
-0.0454832
-0.0544755
-0.0632436
-0.0717131
0.136513
0.122267
0.108732
0.096611
0.0844103
0.0721516
0.0600406
0.0480822
0.0362744
0.0246389
0.013196
0.00196318
-0.00904216
-0.0198029
-0.0303021
-0.0405244
-0.0504769
-0.0600365
-0.0693622
-0.0783587
0.143924
0.128635
0.114365
0.101497
0.088468
0.0753948
0.0624713
0.0496936
0.0370701
0.0246281
0.0123911
0.000380293
-0.0113834
-0.0228793
-0.0340874
-0.0450001
-0.0556347
-0.065792
-0.0756889
-0.0852275
0.151513
0.135341
0.120451
0.106807
0.0929234
0.0790103
0.0652348
0.0515935
0.038107
0.024809
0.0117272
-0.0011123
-0.0136845
-0.0259643
-0.0379247
-0.0495309
-0.0606674
-0.0716893
-0.0822108
-0.0923093
0.158812
0.142357
0.127094
0.112674
0.0979262
0.0831385
0.0684554
0.0538902
0.0394793
0.025263
0.0112751
-0.00245307
-0.0158923
-0.0290144
-0.0417904
-0.0541952
-0.0661192
-0.0777419
-0.0888865
-0.099585
0.163526
0.147264
0.131995
0.117015
0.101643
0.0861741
0.0707444
0.055397
0.0401846
0.025157
0.0103563
-0.00418021
-0.0184191
-0.0323309
-0.0458909
-0.0590761
-0.0717174
-0.083972
-0.0957745
-0.107113
0.0143014
0.0120737
0.00990417
0.00779585
0.00575115
0.00377238
0.00186173
2.11209e-05
-0.00174777
-0.00344352
-0.00506496
-0.00661116
-0.00808147
-0.00947546
-0.0107929
-0.012034
-0.0131989
-0.0142882
-0.0153025
-0.0162427
0.0138434
0.0115769
0.00937006
0.00722593
0.00514747
0.0031373
0.00119777
-0.000669065
-0.00246143
-0.00417788
-0.00581722
-0.00737858
-0.00886137
-0.0102653
-0.0115903
-0.0128366
-0.0140049
-0.0150956
-0.0161095
-0.0170491
0.01296
0.0106411
0.00838364
0.00619104
0.0040663
0.00201213
3.09829e-05
-0.00187502
-0.00370406
-0.00545466
-0.00712564
-0.00871616
-0.0102257
-0.0116539
-0.013001
-0.0142672
-0.0154532
-0.0165595
-0.0175863
-0.0185396
0.0117097
0.00931924
0.00699257
0.00473317
0.00254422
0.000428578
-0.00161119
-0.00357286
-0.00545458
-0.00725479
-0.00897232
-0.0106063
-0.0121562
-0.0136218
-0.0150033
-0.0163009
-0.0175155
-0.0186475
-0.019696
-0.0206721
0.0101121
0.00763359
0.00522166
0.00287986
0.000611528
-0.00158034
-0.00369309
-0.00572442
-0.0076724
-0.00953544
-0.0113123
-0.0130022
-0.0146045
-0.0161191
-0.017546
-0.0188859
-0.0201394
-0.0213067
-0.0223856
-0.0233939
0.00819195
0.00560901
0.00309579
0.000656025
-0.00170683
-0.00398966
-0.0061897
-0.00830457
-0.0103323
-0.0122712
-0.01412
-0.0158779
-0.0175444
-0.0191191
-0.0206024
-0.0219946
-0.0232967
-0.0245085
-0.0256258
-0.0266746
0.00596446
0.00326087
0.00063066
-0.00192231
-0.00439446
-0.00678256
-0.00908376
-0.0112956
-0.013416
-0.0154433
-0.0173762
-0.0192138
-0.0209555
-0.0226011
-0.0241508
-0.0256051
-0.0269649
-0.0282298
-0.0293929
-0.0304899
0.00344192
0.000601488
-0.00216138
-0.00484273
-0.00743887
-0.00994645
-0.0123625
-0.0146846
-0.0169105
-0.0190385
-0.0210673
-0.022996
-0.0248238
-0.0265507
-0.0281767
-0.0297023
-0.0311288
-0.0324549
-0.033671
-0.0348231
0.000633472
-0.00236012
-0.00527142
-0.00809638
-0.0108312
-0.0134725
-0.0160171
-0.0184626
-0.0208067
-0.0230476
-0.0251839
-0.0272148
-0.0291395
-0.0309577
-0.0326697
-0.0342758
-0.0357774
-0.0371729
-0.0384485
-0.039662
-0.00245384
-0.00561713
-0.0086928
-0.0116767
-0.014565
-0.0173542
-0.0200411
-0.0226231
-0.025098
-0.0274639
-0.0297194
-0.0318635
-0.0338955
-0.0358152
-0.0376226
-0.0393182
-0.0409032
-0.0423758
-0.0437175
-0.0449979
-0.00581451
-0.00916433
-0.0124206
-0.015579
-0.0186357
-0.021587
-0.0244299
-0.0271616
-0.0297798
-0.0322827
-0.0346688
-0.0369372
-0.039087
-0.041118
-0.0430302
-0.044824
-0.0465008
-0.0480583
-0.0494725
-0.0508248
-0.00944414
-0.0129977
-0.0164508
-0.0197995
-0.0230396
-0.0261675
-0.02918
-0.0320745
-0.0348485
-0.0375004
-0.0400285
-0.0424319
-0.0447099
-0.0468621
-0.0488885
-0.0507893
-0.0525662
-0.0542167
-0.0557101
-0.0571392
-0.0133391
-0.0171138
-0.0207806
-0.0243353
-0.0277739
-0.0310927
-0.0342886
-0.0373588
-0.040301
-0.0431136
-0.0457949
-0.0483441
-0.0507605
-0.0530437
-0.0551937
-0.0572106
-0.0590964
-0.0608485
-0.0624288
-0.0639406
-0.0174962
-0.0215099
-0.0254072
-0.029184
-0.0328361
-0.0363601
-0.0397528
-0.0430115
-0.0461341
-0.0491188
-0.0519644
-0.0546698
-0.0572347
-0.0596587
-0.0619418
-0.0640844
-0.0660884
-0.0679518
-0.0696289
-0.0712318
-0.0219128
-0.0261836
-0.0303284
-0.0343431
-0.0382239
-0.0419671
-0.0455698
-0.0490294
-0.052344
-0.055512
-0.0585322
-0.0614041
-0.0641273
-0.0667019
-0.069128
-0.0714063
-0.0735391
-0.0755252
-0.0773124
-0.07902
-0.0265863
-0.0311328
-0.035542
-0.0398105
-0.0439346
-0.0479107
-0.0517362
-0.0554085
-0.0589262
-0.0622878
-0.0654927
-0.0685406
-0.0714316
-0.0741664
-0.0767457
-0.0791706
-0.0814443
-0.0835669
-0.0854814
-0.0873162
-0.0315147
-0.0363553
-0.0410458
-0.0455837
-0.0499654
-0.0541876
-0.0582478
-0.0621441
-0.065875
-0.0694399
-0.0728385
-0.0760712
-0.079139
-0.0820433
-0.0847859
-0.0873691
-0.0897975
-0.0920732
-0.0941372
-0.096134
-0.0366994
-0.0418502
-0.046838
-0.0516601
-0.0563131
-0.0607939
-0.0651002
-0.0692305
-0.0731839
-0.0769603
-0.0805605
-0.0839857
-0.0872382
-0.0903207
-0.0932367
-0.0959904
-0.0985888
-0.101037
-0.103277
-0.105487
-0.0421356
-0.0476127
-0.0529148
-0.0580365
-0.0629742
-0.0677253
-0.072288
-0.0766612
-0.0808449
-0.0848398
-0.0886478
-0.0922716
-0.0957151
-0.0989831
-0.102082
-0.105018
-0.107803
-0.110445
-0.112892
-0.115387
-0.0478183
-0.053642
-0.0592745
-0.06471
-0.0699451
-0.0749775
-0.0798056
-0.0844293
-0.0888492
-0.0930674
-0.0970873
-0.100913
-0.104552
-0.108011
-0.111299
-0.11443
-0.117417
-0.120277
-0.12296
-0.125836
-0.0537429
-0.0599338
-0.0659137
-0.0716777
-0.0772223
-0.0825456
-0.087647
-0.0925267
-0.0971868
-0.101631
-0.105864
-0.109893
-0.113727
-0.117378
-0.120861
-0.124193
-0.127398
-0.130498
-0.133446
-0.136826
-0.0599105
-0.0664873
-0.0728311
-0.0789371
-0.0848024
-0.0904253
-0.0958057
-0.100945
-0.105847
-0.110516
-0.114959
-0.119188
-0.123214
-0.127055
-0.130731
-0.134267
-0.1377
-0.141063
-0.144297
-0.148334
-0.066321
-0.073302
-0.0800254
-0.0864863
-0.092682
-0.0986113
-0.104275
-0.109674
-0.114815
-0.119704
-0.124351
-0.128771
-0.13298
-0.137001
-0.140865
-0.144605
-0.14827
-0.151913
-0.155442
-0.160321
-0.072974
-0.0803774
-0.0874955
-0.0943232
-0.100858
-0.107098
-0.113045
-0.118703
-0.124076
-0.129174
-0.134011
-0.138605
-0.142978
-0.147161
-0.151196
-0.155129
-0.159031
-0.162974
-0.166806
-0.172742
-0.0798692
-0.0877133
-0.0952407
-0.102446
-0.109327
-0.115881
-0.122111
-0.128021
-0.133617
-0.138911
-0.143918
-0.148661
-0.153168
-0.15748
-0.161648
-0.165741
-0.169854
-0.174102
-0.178258
-0.185521
-0.0870073
-0.0953095
-0.10326
-0.110854
-0.118086
-0.124958
-0.131469
-0.137625
-0.143434
-0.148909
-0.154068
-0.158938
-0.163553
-0.167961
-0.172224
-0.176424
-0.180688
-0.185178
-0.189623
-0.198482
-0.0943865
-0.103161
-0.111545
-0.119532
-0.127117
-0.1343
-0.141082
-0.147468
-0.153469
-0.159099
-0.164381
-0.169348
-0.174042
-0.178523
-0.182867
-0.187177
-0.191601
-0.196323
-0.201034
-0.211577
-0.101995
-0.111253
-0.120072
-0.128445
-0.136367
-0.143836
-0.15085
-0.157416
-0.163544
-0.169249
-0.174558
-0.179512
-0.184168
-0.188607
-0.19294
-0.197325
-0.201985
-0.207173
-0.212622
-0.225025
-0.109828
-0.119592
-0.128864
-0.137634
-0.145896
-0.153643
-0.160872
-0.167584
-0.173785
-0.179487
-0.184715
-0.189505
-0.193922
-0.198059
-0.202062
-0.206149
-0.210655
-0.216027
-0.222518
-0.236973
-0.117967
-0.12831
-0.138127
-0.147409
-0.156147
-0.164334
-0.171964
-0.179035
-0.185546
-0.191502
-0.196913
-0.201798
-0.206193
-0.210154
-0.213781
-0.217227
-0.22075
-0.224714
-0.229803
-0.242217
-0.0172988
-0.0184268
-0.0194429
-0.0203332
-0.021085
-0.021685
-0.02212
-0.0223789
-0.0224532
-0.0223377
-0.0220307
-0.0215348
-0.020857
-0.0200089
-0.0190068
-0.017871
-0.0166255
-0.0152967
-0.0139125
-0.0125011
-0.0110894
-0.00970213
-0.00835899
-0.00707886
-0.00586515
-0.00474132
-0.0036605
-0.0027229
-0.00166031
-0.000979606
-0.0181273
-0.0192473
-0.0202324
-0.0210879
-0.0218044
-0.0223658
-0.0227574
-0.0229685
-0.0229914
-0.0228215
-0.0224581
-0.0219045
-0.0211689
-0.0202642
-0.0192079
-0.0180213
-0.0167296
-0.0153601
-0.0139413
-0.0125017
-0.0110684
-0.00966569
-0.00831292
-0.00702853
-0.0058144
-0.00469497
-0.0036183
-0.00269315
-0.00163021
-0.000980089
-0.0196718
-0.0207827
-0.0217128
-0.0225049
-0.0231558
-0.0236444
-0.0239539
-0.0240742
-0.0239993
-0.0237261
-0.0232554
-0.0225925
-0.0217477
-0.0207362
-0.0195777
-0.0182959
-0.0169179
-0.0154725
-0.0139894
-0.0124979
-0.0110248
-0.00959416
-0.00822424
-0.0069324
-0.00571858
-0.00460664
-0.00354096
-0.00263361
-0.0015855
-0.000966731
-0.0218835
-0.0229775
-0.0238246
-0.0245228
-0.025077
-0.0254586
-0.0256476
-0.0256356
-0.0254186
-0.0249959
-0.0243706
-0.0235506
-0.0225496
-0.0213858
-0.0200825
-0.0186663
-0.0171671
-0.0156159
-0.0140439
-0.012481
-0.0109539
-0.00948599
-0.00809385
-0.00679314
-0.00558129
-0.00448066
-0.00343207
-0.00254879
-0.00152542
-0.000942131
-0.0247111
-0.0257797
-0.0265153
-0.0270891
-0.0275153
-0.0277556
-0.0277863
-0.0276008
-0.0271986
-0.0265817
-0.0257563
-0.0247343
-0.0235332
-0.0221757
-0.020689
-0.019104
-0.0174536
-0.0157716
-0.0140906
-0.0124412
-0.0108498
-0.00933846
-0.00792159
-0.00661244
-0.00540538
-0.00432047
-0.00329496
-0.00244165
-0.0014515
-0.000907868
-0.0281238
-0.0291552
-0.0297476
-0.0301644
-0.0304301
-0.0304933
-0.0303262
-0.0299255
-0.0292946
-0.0284393
-0.0273698
-0.0261025
-0.02466
-0.0230704
-0.0213658
-0.0195815
-0.0177544
-0.0159209
-0.0141154
-0.0123688
-0.0107064
-0.00914853
-0.00770691
-0.00639157
-0.0051933
-0.00412901
-0.00313275
-0.0023147
-0.00136592
-0.000864754
-0.0320981
-0.0330774
-0.0334919
-0.0337169
-0.0337871
-0.0336353
-0.0332294
-0.0325704
-0.0316667
-0.0305287
-0.0291714
-0.0276169
-0.0258939
-0.0240364
-0.0220826
-0.0200726
-0.0180475
-0.0160464
-0.0141051
-0.0122542
-0.0105178
-0.00891343
-0.0074494
-0.00613177
-0.00494742
-0.00390909
-0.00294834
-0.0021703
-0.00127066
-0.000813453
-0.036618
-0.0375269
-0.0377247
-0.0377203
-0.0375577
-0.0371503
-0.0364622
-0.0354999
-0.0342782
-0.0328126
-0.0311242
-0.0292416
-0.0272008
-0.0250426
-0.0228114
-0.0205531
-0.0183126
-0.0161319
-0.0140476
-0.0120894
-0.0102792
-0.00863107
-0.00714909
-0.00583459
-0.00467019
-0.00366348
-0.00274457
-0.00201074
-0.0011676
-0.000754599
-0.041673
-0.0424889
-0.0424269
-0.0421523
-0.0417165
-0.04101
-0.0399937
-0.0386814
-0.037095
-0.0352565
-0.0331937
-0.0309433
-0.0285491
-0.0260596
-0.0235263
-0.0210006
-0.0185317
-0.0161634
-0.0139327
-0.0118677
-0.00998704
-0.0083003
-0.00680671
-0.00550196
-0.00436427
-0.00339505
-0.00252424
-0.00183822
-0.00105854
-0.000688807
-0.0472562
-0.0479519
-0.047582
-0.0469931
-0.0462407
-0.0451886
-0.0437954
-0.0420841
-0.0400851
-0.0378276
-0.0353475
-0.0326905
-0.0299092
-0.0270608
-0.0242038
-0.0213955
-0.0186887
-0.0161289
-0.0137522
-0.0115841
-0.00963899
-0.00792102
-0.00642371
-0.0051363
-0.0040326
-0.0031067
-0.00229012
-0.00165487
-0.000945206
-0.000616677
-0.0533639
-0.0539066
-0.0531756
-0.0522249
-0.0511091
-0.0496615
-0.0478399
-0.0456788
-0.043218
-0.0404951
-0.0375552
-0.034454
-0.0312542
-0.0280218
-0.0248229
-0.0217204
-0.0187702
-0.0160185
-0.0134997
-0.0112353
-0.00923424
-0.0074942
-0.00600229
-0.00474047
-0.00367834
-0.00280144
-0.00204499
-0.00146276
-0.000829231
-0.000538812
-0.0599943
-0.0603447
-0.0591938
-0.0578303
-0.0563013
-0.0544053
-0.0521013
-0.0494377
-0.046465
-0.0432298
-0.0397882
-0.0362069
-0.0325592
-0.0289207
-0.0253652
-0.0219606
-0.0187653
-0.0158251
-0.0131711
-0.0108198
-0.00877334
-0.00702182
-0.00554535
-0.00431775
-0.00330484
-0.00248229
-0.00179152
-0.00126387
-0.000712144
-0.000455832
-0.0671467
-0.0672576
-0.0656226
-0.0637926
-0.0617975
-0.0593968
-0.0565542
-0.053334
-0.0497984
-0.0460044
-0.04202
-0.0379242
-0.0338019
-0.0297384
-0.0258149
-0.0221041
-0.0186656
-0.0155435
-0.0127643
-0.0103377
-0.00825808
-0.00650678
-0.00505636
-0.00387176
-0.00291556
-0.00215229
-0.00153229
-0.00106008
-0.000595333
-0.000368386
-0.0748195
-0.0746346
-0.0724469
-0.0700944
-0.0675774
-0.0646132
-0.0611739
-0.0573419
-0.0531921
-0.0487931
-0.0442261
-0.0395836
-0.0349626
-0.0304584
-0.0261592
-0.0221415
-0.0184652
-0.0151708
-0.0122789
-0.00979061
-0.00769144
-0.00595277
-0.00453927
-0.00340631
-0.00251403
-0.00181439
-0.00126976
-0.000853178
-0.000480026
-0.000277153
-0.0830088
-0.0824613
-0.0796497
-0.0767174
-0.0736204
-0.0700315
-0.0659359
-0.0614365
-0.0566212
-0.0515718
-0.046384
-0.0411649
-0.0360241
-0.0310667
-0.0263878
-0.0220663
-0.0181607
-0.0147065
-0.0117164
-0.00918165
-0.00707734
-0.00536408
-0.00399838
-0.00292536
-0.0021037
-0.00147144
-0.0010062
-0.000644834
-0.000367276
-0.000182851
-0.0917046
-0.090717
-0.0872106
-0.0836417
-0.0799045
-0.075628
-0.070816
-0.0655934
-0.060062
-0.0543179
-0.0484732
-0.0426504
-0.0369718
-0.0315524
-0.0264931
-0.0218741
-0.0177508
-0.0141518
-0.0110799
-0.00851493
-0.00642049
-0.00474548
-0.00343816
-0.00243286
-0.00168795
-0.00112615
-0.000743658
-0.000436576
-0.000257951
-8.62274e-05
-0.100888
-0.0993733
-0.0951056
-0.0908449
-0.0864062
-0.0813783
-0.0757899
-0.0697891
-0.0634919
-0.0570106
-0.0504753
-0.0440244
-0.0377935
-0.0319069
-0.0264701
-0.0215631
-0.0172365
-0.0135097
-0.0103738
-0.00779555
-0.00572617
-0.00410202
-0.00286317
-0.00193271
-0.00126996
-0.00078103
-0.000483981
-0.000229805
-0.000152729
1.19486e-05
-0.110527
-0.108392
-0.103306
-0.098302
-0.0930995
-0.0872565
-0.080833
-0.0739999
-0.0668888
-0.0596303
-0.0523735
-0.0452737
-0.0384797
-0.0321242
-0.0263163
-0.021134
-0.0166206
-0.0127846
-0.00960348
-0.00702933
-0.00500007
-0.00343888
-0.0022779
-0.00142863
-0.000852675
-0.000438361
-0.000228763
-2.57818e-05
-5.20949e-05
0.000110884
-0.120573
-0.117724
-0.111779
-0.105984
-0.0999558
-0.0932354
-0.0859196
-0.0782022
-0.0702315
-0.0621585
-0.0541529
-0.0463872
-0.0390229
-0.0322006
-0.0260313
-0.0205889
-0.0159076
-0.0119823
-0.0087753
-0.00622261
-0.00424806
-0.00276123
-0.00168668
-0.000924115
-0.000438789
-0.000100204
2.06439e-05
0.000174377
4.36552e-05
0.000209774
-0.130962
-0.127312
-0.120486
-0.11386
-0.106944
-0.0992855
-0.0910231
-0.0823719
-0.0734987
-0.0645777
-0.0558001
-0.0473556
-0.0394181
-0.0321348
-0.025617
-0.0199323
-0.0151033
-0.0111095
-0.00789622
-0.00538198
-0.00347607
-0.00207412
-0.00109361
-0.000422394
-3.06915e-05
0.000231635
0.000263122
0.000369696
0.000134379
0.00030783
-0.141608
-0.137089
-0.129388
-0.121892
-0.114028
-0.105376
-0.0961155
-0.086484
-0.0766697
-0.0668717
-0.0573034
-0.0481717
-0.0396623
-0.0319276
-0.0250769
-0.0191698
-0.0142148
-0.0101739
-0.00697359
-0.00451416
-0.0026899
-0.00138234
-0.000502494
7.36212e-05
0.000369528
0.000555594
0.000497779
0.000559345
0.000220064
0.0004043
-0.15241
-0.146988
-0.138443
-0.130043
-0.121172
-0.111472
-0.101167
-0.0905127
-0.0797233
-0.0690245
-0.0586522
-0.0488301
-0.0397544
-0.0315813
-0.0244165
-0.0183085
-0.01325
-0.0091833
-0.00601491
-0.0036258
-0.00189513
-0.000690389
8.32464e-05
0.000561354
0.000760093
0.000870359
0.00072393
0.00074263
0.000300808
0.00049849
-0.163249
-0.156942
-0.147613
-0.138271
-0.128335
-0.11754
-0.106146
-0.0944313
-0.0826387
-0.0710214
-0.0598375
-0.0493268
-0.0396949
-0.0311001
-0.0236419
-0.0173562
-0.0122172
-0.00814584
-0.00502748
-0.00272317
-0.00109688
-2.2773e-06
0.000660612
0.00103862
0.00113956
0.00117487
0.000941095
0.000919
0.000376794
0.000589771
-0.174006
-0.166898
-0.156862
-0.146533
-0.135477
-0.123541
-0.111019
-0.0982125
-0.0853951
-0.0728483
-0.0608514
-0.0496593
-0.0394857
-0.0304888
-0.0227604
-0.016321
-0.0111246
-0.0070693
-0.00401822
-0.00181208
-0.000299794
0.000678437
0.00122703
0.00150357
0.00150677
0.00146831
0.00114896
0.00108803
0.000448268
0.000677589
-0.184571
-0.176828
-0.166161
-0.154785
-0.142552
-0.129435
-0.11575
-0.101827
-0.0879714
-0.0744917
-0.0616874
-0.0498271
-0.0391309
-0.029755
-0.0217812
-0.015213
-0.00998221
-0.00596288
-0.0029951
-0.000899092
0.000490982
0.00134787
0.00177973
0.00195428
0.00186052
0.00174982
0.00134721
0.00124932
0.000515479
0.000761456
-0.194841
-0.186725
-0.175463
-0.16296
-0.149499
-0.135166
-0.120292
-0.10524
-0.090345
-0.0759401
-0.0623434
-0.0498354
-0.038641
-0.0289126
-0.0207202
-0.0140482
-0.00880522
-0.00484001
-0.00196941
6.74371e-06
0.00126851
0.00200091
0.00231514
0.00238829
0.00219933
0.00201843
0.00153547
0.00140248
0.000578645
0.00084094
-0.204787
-0.19662
-0.18472
-0.170991
-0.156257
-0.14068
-0.124606
-0.108426
-0.0925021
-0.0771888
-0.0628209
-0.0496898
-0.0380236
-0.0279698
-0.0195851
-0.0128336
-0.00759904
-0.00370463
-0.00094367
0.000904063
0.00203235
0.00263773
0.00283382
0.00280633
0.00252399
0.00227476
0.00171439
0.0015478
0.000638241
0.000915802
-0.214768
-0.206788
-0.194086
-0.179005
-0.162927
-0.146057
-0.128751
-0.111423
-0.0944576
-0.0782312
-0.0630943
-0.0493482
-0.0372239
-0.026863
-0.0183081
-0.0115013
-0.00630005
-0.0025
0.000130461
0.00183251
0.00281394
0.00328251
0.00335391
0.00322154
0.00284379
0.00252509
0.00188805
0.00168768
0.000695601
0.000986279
-0.2257
-0.217846
-0.203934
-0.187296
-0.169703
-0.151406
-0.132769
-0.114218
-0.096157
-0.0789819
-0.0630599
-0.0487003
-0.0361329
-0.0254884
-0.0167938
-0.00996744
-0.00483787
-0.00116998
0.0012956
0.00282289
0.00363456
0.00394927
0.00388422
0.00363911
0.0031617
0.00277077
0.00205725
0.00182219
0.000751086
0.00105224
-0.238644
-0.228352
-0.212153
-0.193924
-0.174879
-0.15531
-0.135562
-0.116038
-0.0971465
-0.0792847
-0.0628218
-0.0480678
-0.0352413
-0.0244495
-0.0157019
-0.00889587
-0.00383781
-0.000271967
0.00207776
0.00348795
0.00418865
0.00440408
0.00425116
0.00393367
0.00339083
0.0029531
0.00218574
0.00192892
0.000795787
0.00110929
-0.253266
-0.230707
-0.210773
-0.192508
-0.173651
-0.154393
-0.135037
-0.115918
-0.0974175
-0.0799154
-0.0637632
-0.0492534
-0.0365989
-0.0259155
-0.017192
-0.0103188
-0.00511332
-0.00134591
0.00122705
0.00285316
0.0037431
0.00411318
0.00407862
0.00384918
0.00336386
0.00296818
0.0022134
0.0019768
0.000817526
0.00115514
-0.254324
-0.233736
-0.2124
-0.193266
-0.173392
-0.153137
-0.132979
-0.113259
-0.0943526
-0.0766286
-0.0604221
-0.0460009
-0.0335427
-0.023122
-0.0147035
-0.00815651
-0.00327909
0.000175319
0.00246331
0.0038404
0.00452029
0.00471813
0.00454484
0.00420662
0.00363338
0.00317351
0.00235724
0.00209014
0.000867457
0.00121576
-0.252479
-0.232202
-0.210031
-0.190282
-0.169758
-0.148871
-0.12823
-0.108181
-0.0891034
-0.071371
-0.0553076
-0.0411617
-0.0290845
-0.0191178
-0.0111957
-0.00515829
-0.000777321
0.00221568
0.00409311
0.00511924
0.00550926
0.00547374
0.00511592
0.0046346
0.00394881
0.00340675
0.00251713
0.00221156
0.000919251
0.00127945
-0.250683
-0.230194
-0.207013
-0.186543
-0.16547
-0.144115
-0.123156
-0.10294
-0.0838396
-0.0662236
-0.0504015
-0.036601
-0.0249483
-0.0154572
-0.00803257
-0.00248728
0.0014297
0.00400314
0.00551524
0.00623352
0.00637085
0.00613297
0.00561595
0.0050116
0.00422902
0.00361609
0.00266195
0.0023234
0.000966716
0.0013416
-0.247982
-0.227194
-0.203243
-0.182165
-0.160665
-0.138963
-0.117793
-0.0975073
-0.0784718
-0.0610495
-0.0455352
-0.0321345
-0.0209469
-0.0119572
-0.00504127
1.34683e-05
0.0034782
0.00565075
0.00681964
0.00725227
0.0071579
0.00673586
0.00607447
0.00535854
0.00448802
0.0038105
0.00279707
0.00242841
0.00101168
0.00140194
-0.244163
-0.223001
-0.198465
-0.176928
-0.155131
-0.133224
-0.111968
-0.0917195
-0.0728419
-0.055692
-0.0405511
-0.0276039
-0.0169238
-0.00846648
-0.00208013
0.00247223
0.00548001
0.00725217
0.00808193
0.00823487
0.00791527
0.00731504
0.00651444
0.00569106
0.00473605
0.00399642
0.00292633
0.00252873
0.00105498
0.00146058
-0.239255
-0.217708
-0.192768
-0.170909
-0.148938
-0.126962
-0.105743
-0.0856396
-0.0670128
-0.0502125
-0.0355068
-0.0230605
-0.0129217
-0.00501899
0.000825724
0.00487159
0.00742401
0.00880099
0.00929867
0.00917915
0.00864136
0.0078692
0.00693475
0.00600824
0.00497243
0.0041733
0.00304937
0.00262455
0.00109505
0.00151719
-0.233251
-0.211366
-0.186235
-0.164201
-0.142183
-0.120269
-0.099203
-0.0793477
-0.0610592
-0.0446805
-0.0304664
-0.018562
-0.00899173
-0.00165851
0.00363977
0.0071819
0.00928676
0.0102793
0.010456
0.0100749
0.00932868
0.00839297
0.00733157
0.00630743
0.0051953
0.00433992
0.00316536
0.00271563
0.00113279
0.00157131
-0.226189
-0.204062
-0.178964
-0.156904
-0.134965
-0.113235
-0.0924307
-0.0729166
-0.0550456
-0.0391523
-0.025478
-0.014149
-0.00516694
0.00158867
0.00634159
0.00938763
0.0110566
0.0116784
0.0115474
0.0109175
0.00997407
0.00888408
0.0077033
0.00658746
0.00540386
0.00449569
0.0032738
0.00279857
0.00116916
0.00162257
-0.218177
-0.195945
-0.171098
-0.14915
-0.127406
-0.105969
-0.0855228
-0.0664315
-0.0490455
-0.0336905
-0.0205936
-0.00986337
-0.00148024
0.00469763
0.00891296
0.0114759
0.0127248
0.012992
0.012569
0.0117043
0.0105756
0.00934118
0.00804894
0.00684762
0.00559753
0.00464023
0.00337463
0.00287464
0.00120269
0.00167067
-0.209384
-0.18721
-0.162811
-0.141099
-0.119653
-0.0986024
-0.0785927
-0.0599904
-0.0431428
-0.0283651
-0.015871
-0.00575138
0.00203239
0.00764121
0.011334
0.0134326
0.0142815
0.0142133
0.0135162
0.0124323
0.0111312
0.00976276
0.0083674
0.00708711
0.00577574
0.00477315
0.00346802
0.00294669
0.00123334
0.00171535
-0.200034
-0.178096
-0.15431
-0.132937
-0.111873
-0.0912796
-0.0717669
-0.0537017
-0.0374284
-0.0232515
-0.0113708
-0.00186106
0.005334
0.0103917
0.0135846
0.0152433
0.0157167
0.0153356
0.0143843
0.013098
0.0116384
0.0101472
0.00865755
0.00730514
0.00593787
0.004894
0.00355437
0.00301203
0.00126116
0.00175636
-0.190411
-0.168881
-0.145829
-0.124868
-0.104247
-0.0841604
-0.0651823
-0.0476814
-0.031999
-0.0184283
-0.00715588
0.00175886
0.00838764
0.0129219
0.0156449
0.0168941
0.0170204
0.0163521
0.0151689
0.0136986
0.0120953
0.0104931
0.00891835
0.00750095
0.00608339
0.0050022
0.00363273
0.00307063
0.00128613
0.00179345
-0.180845
-0.159865
-0.137619
-0.117115
-0.096971
-0.0774136
-0.058983
-0.0420508
-0.0269544
-0.013976
-0.00328941
0.00505983
0.011157
0.0152051
0.0174961
0.0183718
0.0181836
0.0172567
0.0158656
0.014231
0.0124999
0.010799
0.00914883
0.00767388
0.00621181
0.00509729
0.00368676
0.00312211
0.00130817
0.00182639
-0.171698
-0.151365
-0.129941
-0.109907
-0.0902458
-0.0712118
-0.0533161
-0.0369325
-0.0223948
-0.00997464
0.000166285
0.00799461
0.0136071
0.0172163
0.0191203
0.0196642
0.0191979
0.0180437
0.0164706
0.0146927
0.0128503
0.0110637
0.00934812
0.00782331
0.00632273
0.00517968
0.00374602
0.00316658
0.00132719
0.00185499
-0.163349
-0.14369
-0.123056
-0.103473
-0.0842693
-0.0657252
-0.0483256
-0.0324463
-0.0184175
-0.00650107
0.00315192
0.0105187
0.0157054
0.0189321
0.0205014
0.0207598
0.0200557
0.0187081
0.0169805
0.0150813
0.0131449
0.0112861
0.00951544
0.00794869
0.00641579
0.00524889
0.00379498
0.00320378
0.00134315
0.00187908
-0.156163
-0.137135
-0.117208
-0.0980267
-0.079228
-0.0611136
-0.0441462
-0.0287036
-0.0151124
-0.00362606
0.00561334
0.0125917
0.0174227
0.0203317
0.0216248
0.0216488
0.0207504
0.0192452
0.0173922
0.0153947
0.0133823
0.0114652
0.00965012
0.00804958
0.00649064
0.0053046
0.00383411
0.0032337
0.001356
0.00189852
-0.150465
-0.13196
-0.112611
-0.0937583
-0.0752869
-0.057518
-0.0408969
-0.0258022
-0.0125582
-0.00141115
0.00750375
0.014179
0.0187339
0.0213977
0.0224785
0.0223231
0.0212764
0.0196513
0.0177033
0.0156313
0.0135614
0.0116002
0.00975163
0.00812558
0.00654702
0.00534658
0.00386362
0.00325622
0.00136568
0.0019132
-0.146518
-0.128379
-0.109442
-0.0908218
-0.0725801
-0.055053
-0.0386737
-0.0238214
-0.0108181
9.43774e-05
0.00878583
0.0152532
0.0196194
0.0221163
0.023053
0.0227762
0.0216295
0.0199238
0.0179117
0.0157898
0.0136813
0.0116906
0.00981953
0.00817641
0.00658472
0.00537467
0.00388337
0.00327129
0.00137215
0.00192304
-0.1445
-0.126547
-0.107825
-0.0893256
-0.0712021
-0.0537995
-0.0375446
-0.0228165
-0.00993656
0.000856037
0.00943356
0.0157952
0.0200656
0.022478
0.0233419
0.0230038
0.0218068
0.0200605
0.0180163
0.0158693
0.0137414
0.0117359
0.00985355
0.00820187
0.00660361
0.00538874
0.00389326
0.00327883
0.0013754
0.00192797
)
;

boundaryField
{
    inlet
    {
        type            zeroGradient;
    }
    outlet
    {
        type            fixedValue;
        value           uniform 0;
    }
    cylinder
    {
        type            zeroGradient;
    }
    top
    {
        type            symmetryPlane;
    }
    bottom
    {
        type            symmetryPlane;
    }
    defaultFaces
    {
        type            empty;
    }
}


// ************************************************************************* //
