/*--------------------------------*- C++ -*----------------------------------*\
  =========                 |
  \\      /  F ield         | OpenFOAM: The Open Source CFD Toolbox
   \\    /   O peration     | Website:  https://openfoam.org
    \\  /    A nd           | Version:  9
     \\/     M anipulation  |
\*---------------------------------------------------------------------------*/
FoamFile
{
    format      ascii;
    class       volScalarField;
    location    "18.4";
    object      p;
}
// * * * * * * * * * * * * * * * * * * * * * * * * * * * * * * * * * * * * * //

dimensions      [0 2 -2 0 0 0 0];

internalField   nonuniform List<scalar> 
8500
(
-0.309677
-0.313983
-0.314884
-0.316759
-0.319046
-0.31954
-0.323725
-0.320536
-0.327594
-0.321178
-0.30995
-0.314192
-0.315087
-0.316929
-0.31925
-0.319633
-0.324026
-0.320449
-0.327996
-0.320999
-0.31049
-0.314605
-0.315486
-0.317261
-0.319648
-0.319806
-0.324615
-0.320259
-0.32879
-0.320646
-0.311282
-0.315208
-0.316066
-0.317737
-0.320221
-0.320037
-0.325469
-0.319937
-0.329955
-0.32013
-0.312305
-0.315987
-0.316807
-0.318334
-0.320941
-0.320298
-0.326548
-0.319449
-0.331457
-0.319462
-0.313534
-0.31692
-0.317686
-0.319022
-0.321769
-0.32056
-0.327791
-0.318763
-0.333249
-0.318637
-0.314942
-0.317986
-0.318673
-0.31977
-0.32266
-0.320801
-0.32912
-0.317855
-0.335279
-0.317603
-0.3165
-0.31916
-0.319741
-0.32055
-0.323558
-0.321007
-0.330442
-0.316723
-0.337476
-0.31636
-0.318181
-0.320422
-0.320858
-0.321333
-0.324406
-0.321176
-0.331641
-0.315475
-0.339331
-0.315215
-0.31996
-0.321751
-0.321996
-0.3221
-0.325148
-0.321326
-0.332486
-0.314299
-0.34094
-0.313637
-0.321816
-0.323132
-0.32313
-0.322836
-0.325727
-0.321559
-0.332878
-0.313085
-0.342222
-0.311899
-0.323736
-0.324552
-0.324243
-0.323534
-0.326027
-0.321905
-0.33284
-0.311937
-0.34273
-0.310493
-0.325716
-0.326007
-0.325322
-0.324219
-0.326095
-0.322229
-0.332359
-0.311178
-0.341909
-0.309961
-0.327758
-0.327499
-0.32636
-0.324861
-0.325992
-0.322491
-0.331363
-0.310967
-0.339362
-0.310299
-0.329874
-0.329033
-0.327376
-0.325442
-0.32576
-0.322668
-0.329926
-0.311216
-0.335086
-0.310636
-0.332094
-0.330617
-0.328407
-0.325974
-0.325452
-0.32258
-0.328175
-0.311543
-0.329607
-0.30984
-0.334451
-0.332275
-0.329481
-0.32649
-0.325146
-0.322185
-0.326194
-0.311558
-0.323568
-0.307399
-0.336987
-0.33404
-0.330634
-0.32703
-0.324904
-0.321505
-0.323945
-0.311063
-0.317205
-0.30336
-0.339752
-0.335948
-0.331913
-0.327629
-0.324725
-0.320654
-0.321339
-0.309974
-0.310434
-0.298149
-0.342805
-0.338038
-0.333369
-0.328314
-0.324569
-0.319746
-0.318359
-0.308138
-0.303296
-0.292518
-0.3462
-0.340364
-0.335053
-0.329083
-0.324408
-0.318813
-0.315081
-0.305332
-0.296406
-0.286932
-0.349983
-0.342992
-0.337002
-0.329919
-0.324279
-0.317785
-0.311582
-0.301525
-0.290168
-0.280153
-0.354229
-0.345977
-0.339219
-0.330833
-0.324236
-0.316539
-0.307888
-0.296991
-0.283887
-0.273176
-0.359001
-0.349383
-0.341664
-0.331911
-0.324269
-0.314967
-0.303993
-0.291872
-0.27759
-0.266176
-0.364362
-0.353259
-0.344285
-0.333284
-0.324282
-0.313012
-0.299848
-0.286365
-0.271176
-0.259101
-0.37038
-0.357616
-0.347088
-0.335022
-0.324153
-0.310649
-0.295437
-0.280564
-0.264626
-0.252015
-0.377129
-0.362401
-0.350193
-0.337038
-0.323781
-0.307876
-0.290742
-0.274529
-0.257944
-0.24485
-0.384679
-0.367515
-0.353807
-0.339125
-0.323089
-0.304697
-0.285757
-0.268282
-0.251116
-0.237604
-0.393071
-0.372855
-0.358112
-0.341066
-0.322007
-0.301118
-0.280477
-0.261827
-0.24414
-0.230237
-0.402277
-0.378361
-0.363142
-0.342712
-0.320467
-0.297132
-0.274889
-0.255153
-0.236996
-0.22273
-0.412176
-0.384051
-0.368706
-0.343969
-0.318406
-0.292722
-0.268979
-0.248242
-0.229668
-0.215055
-0.422535
-0.390004
-0.374407
-0.344759
-0.315772
-0.287859
-0.262724
-0.241074
-0.22213
-0.207191
-0.433022
-0.396321
-0.379753
-0.344992
-0.312523
-0.282506
-0.256096
-0.233624
-0.214361
-0.199115
-0.443316
-0.403061
-0.384287
-0.344554
-0.30862
-0.276628
-0.249063
-0.225865
-0.206336
-0.190808
-0.453114
-0.410186
-0.38766
-0.343313
-0.304022
-0.270189
-0.241593
-0.217768
-0.198036
-0.182254
-0.462161
-0.417516
-0.389658
-0.341132
-0.298682
-0.263158
-0.233654
-0.209305
-0.189438
-0.173434
-0.470257
-0.424718
-0.390184
-0.337886
-0.292552
-0.255501
-0.225215
-0.200452
-0.180522
-0.164333
-0.477243
-0.43133
-0.389227
-0.333477
-0.285576
-0.247185
-0.216248
-0.191185
-0.171269
-0.154947
-0.482991
-0.436824
-0.386816
-0.327838
-0.277701
-0.238177
-0.206728
-0.181484
-0.161665
-0.145284
-0.487396
-0.440727
-0.382928
-0.32092
-0.26888
-0.228442
-0.196632
-0.17133
-0.151695
-0.135368
-0.490356
-0.442705
-0.377442
-0.312681
-0.25907
-0.217953
-0.185941
-0.160706
-0.141349
-0.125215
-0.491764
-0.442483
-0.370265
-0.303075
-0.248236
-0.206685
-0.17464
-0.149598
-0.130618
-0.114798
-0.49149
-0.439863
-0.361338
-0.292064
-0.236352
-0.194619
-0.162715
-0.137994
-0.119512
-0.104052
-0.489373
-0.43471
-0.350615
-0.279626
-0.223396
-0.181739
-0.150153
-0.125883
-0.108074
-0.0928988
-0.485226
-0.426937
-0.338046
-0.26576
-0.209356
-0.168033
-0.136941
-0.113267
-0.0963476
-0.0813262
-0.478842
-0.416486
-0.323595
-0.25047
-0.19422
-0.153495
-0.123087
-0.100187
-0.0843035
-0.0694852
-0.470002
-0.403323
-0.30724
-0.233756
-0.177972
-0.13815
-0.108628
-0.0867276
-0.0718298
-0.0574443
-0.458496
-0.387431
-0.288973
-0.215615
-0.160625
-0.122061
-0.0936315
-0.0728592
-0.0589396
-0.0452053
-0.444129
-0.36881
-0.268789
-0.196069
-0.142266
-0.105278
-0.0780557
-0.058593
-0.0456798
-0.0327736
-0.426743
-0.347481
-0.246674
-0.175203
-0.123039
-0.0877125
-0.06194
-0.0439429
-0.0320977
-0.0201635
-0.406221
-0.323503
-0.222632
-0.153174
-0.102881
-0.0694178
-0.045324
-0.0289333
-0.0182355
-0.00740222
-0.382497
-0.297002
-0.196754
-0.129947
-0.0818405
-0.0504527
-0.0282515
-0.0135968
-0.00413414
0.00547299
-0.355561
-0.268135
-0.16923
-0.105445
-0.0599771
-0.0308833
-0.0107701
0.00202699
0.0101669
0.0184178
-0.325461
-0.236927
-0.140202
-0.0797852
-0.0373583
-0.0107795
0.00706568
0.017894
0.0246312
0.0313876
-0.292319
-0.203156
-0.110031
-0.0531099
-0.0140586
0.00978354
0.0251954
0.0339591
0.0392279
0.0443387
-0.256309
-0.167116
-0.0786802
-0.0255688
0.00983522
0.030726
0.0435542
0.0501807
0.0539249
0.0572006
-0.217526
-0.129221
-0.0462078
0.00269215
0.0342228
0.0519626
0.0620768
0.066525
0.0686669
0.0697998
-0.175958
-0.0900824
-0.0127445
0.0315302
0.0589931
0.0734036
0.080701
0.0829587
0.0833417
0.0817996
-0.132079
-0.0498668
0.0215297
0.0608024
0.0840267
0.094956
0.0993662
0.0994225
0.0977742
0.0929099
-0.0862504
-0.00876721
0.0564101
0.0903593
0.109197
0.116524
0.118004
0.115806
0.111801
0.103449
-0.0388526
0.0329784
0.091677
0.120044
0.134375
0.138011
0.136531
0.131968
0.125369
0.114734
0.00971108
0.0751059
0.127101
0.149692
0.159425
0.159316
0.154849
0.147797
0.138681
0.12655
0.059021
0.117333
0.162448
0.179135
0.184212
0.180333
0.172863
0.163262
0.151786
0.13841
0.108646
0.159368
0.197479
0.208196
0.208599
0.200954
0.190477
0.178316
0.16463
0.150135
0.158146
0.200911
0.231957
0.236701
0.232446
0.221068
0.207604
0.192911
0.17714
0.161544
0.207083
0.241661
0.265646
0.264472
0.255616
0.240565
0.224157
0.206992
0.18925
0.172542
0.255019
0.281318
0.298313
0.291335
0.277971
0.259337
0.240053
0.220496
0.20089
0.183048
0.301523
0.319591
0.329732
0.317116
0.299378
0.277276
0.255209
0.233358
0.211998
0.193003
0.346176
0.3562
0.359684
0.341648
0.319707
0.29428
0.269547
0.245517
0.222513
0.202357
0.388568
0.390884
0.387961
0.36477
0.338831
0.31025
0.282989
0.25691
0.232377
0.211069
0.428324
0.423386
0.414365
0.386327
0.356632
0.325092
0.295463
0.267479
0.241536
0.219099
0.465143
0.453419
0.438705
0.406172
0.372997
0.338718
0.3069
0.277169
0.249938
0.226413
0.49873
0.480724
0.460808
0.42417
0.387822
0.351046
0.317238
0.285925
0.257536
0.232982
0.528795
0.505087
0.480511
0.440198
0.401011
0.362002
0.326416
0.293702
0.264285
0.238779
0.555074
0.526322
0.497674
0.454146
0.41248
0.371521
0.334385
0.300453
0.270146
0.243781
0.577336
0.544266
0.51217
0.465918
0.422154
0.379543
0.341097
0.30614
0.275085
0.247973
0.595386
0.558786
0.523896
0.475435
0.429971
0.386022
0.346514
0.310731
0.279072
0.251339
0.609064
0.569772
0.532765
0.48263
0.435878
0.390915
0.350605
0.314198
0.282083
0.25387
0.618251
0.577143
0.538715
0.487454
0.439838
0.394195
0.353346
0.316521
0.284101
0.25556
0.622864
0.580842
0.5417
0.489874
0.441825
0.395839
0.35472
0.317686
0.285113
0.256406
0.622864
0.580842
0.5417
0.489874
0.441825
0.395839
0.35472
0.317686
0.285113
0.256406
0.618251
0.577143
0.538715
0.487454
0.439838
0.394195
0.353346
0.316521
0.284101
0.25556
0.609064
0.569772
0.532765
0.48263
0.435878
0.390915
0.350605
0.314198
0.282083
0.25387
0.595386
0.558786
0.523896
0.475435
0.429971
0.386022
0.346514
0.310731
0.279072
0.251339
0.577336
0.544266
0.51217
0.465918
0.422154
0.379543
0.341097
0.30614
0.275085
0.247973
0.555074
0.526322
0.497674
0.454146
0.41248
0.371521
0.334385
0.300453
0.270146
0.243781
0.528795
0.505087
0.480511
0.440198
0.401011
0.362002
0.326416
0.293702
0.264285
0.238779
0.49873
0.480724
0.460808
0.42417
0.387822
0.351046
0.317238
0.285925
0.257536
0.232982
0.465143
0.453419
0.438705
0.406172
0.372997
0.338718
0.3069
0.277169
0.249938
0.226413
0.428324
0.423386
0.414365
0.386327
0.356632
0.325092
0.295463
0.267479
0.241536
0.219099
0.388568
0.390884
0.387961
0.36477
0.338831
0.31025
0.282989
0.25691
0.232377
0.211069
0.346176
0.3562
0.359684
0.341648
0.319707
0.29428
0.269547
0.245517
0.222513
0.202357
0.301523
0.319591
0.329732
0.317116
0.299378
0.277276
0.255209
0.233358
0.211998
0.193003
0.255019
0.281318
0.298313
0.291335
0.277971
0.259337
0.240053
0.220496
0.20089
0.183048
0.207083
0.241661
0.265646
0.264472
0.255616
0.240565
0.224157
0.206992
0.18925
0.172542
0.158146
0.200911
0.231957
0.236701
0.232446
0.221068
0.207604
0.192911
0.17714
0.161544
0.108646
0.159368
0.197479
0.208196
0.208599
0.200954
0.190477
0.178316
0.16463
0.150135
0.059021
0.117333
0.162448
0.179135
0.184212
0.180333
0.172863
0.163262
0.151786
0.13841
0.00971109
0.0751059
0.127101
0.149692
0.159425
0.159316
0.154849
0.147797
0.138681
0.12655
-0.0388526
0.0329784
0.091677
0.120044
0.134375
0.138011
0.136531
0.131968
0.125369
0.114734
-0.0862504
-0.0087672
0.0564101
0.0903593
0.109197
0.116524
0.118004
0.115806
0.111801
0.103449
-0.132079
-0.0498668
0.0215297
0.0608024
0.0840267
0.094956
0.0993663
0.0994225
0.0977742
0.0929099
-0.175958
-0.0900824
-0.0127445
0.0315302
0.0589931
0.0734036
0.080701
0.0829587
0.0833417
0.0817996
-0.217526
-0.129221
-0.0462078
0.00269215
0.0342228
0.0519626
0.0620768
0.066525
0.068667
0.0697998
-0.256309
-0.167116
-0.0786802
-0.0255688
0.00983522
0.030726
0.0435542
0.0501807
0.0539249
0.0572006
-0.292319
-0.203156
-0.110031
-0.0531099
-0.0140586
0.00978354
0.0251954
0.0339591
0.0392279
0.0443387
-0.325461
-0.236927
-0.140202
-0.0797852
-0.0373583
-0.0107795
0.00706569
0.017894
0.0246313
0.0313876
-0.355561
-0.268135
-0.16923
-0.105445
-0.0599771
-0.0308833
-0.0107701
0.00202699
0.0101669
0.0184178
-0.382497
-0.297002
-0.196754
-0.129947
-0.0818405
-0.0504527
-0.0282515
-0.0135968
-0.00413413
0.00547299
-0.406221
-0.323503
-0.222632
-0.153174
-0.102881
-0.0694178
-0.045324
-0.0289332
-0.0182355
-0.00740222
-0.426743
-0.347481
-0.246674
-0.175203
-0.123039
-0.0877125
-0.06194
-0.0439429
-0.0320977
-0.0201635
-0.444129
-0.36881
-0.268789
-0.196069
-0.142266
-0.105278
-0.0780557
-0.058593
-0.0456798
-0.0327736
-0.458496
-0.387431
-0.288973
-0.215615
-0.160625
-0.122061
-0.0936315
-0.0728592
-0.0589396
-0.0452053
-0.470002
-0.403323
-0.30724
-0.233756
-0.177972
-0.13815
-0.108628
-0.0867276
-0.0718298
-0.0574443
-0.478842
-0.416486
-0.323595
-0.25047
-0.19422
-0.153495
-0.123087
-0.100187
-0.0843035
-0.0694852
-0.485226
-0.426937
-0.338046
-0.26576
-0.209356
-0.168033
-0.136941
-0.113267
-0.0963476
-0.0813262
-0.489373
-0.43471
-0.350615
-0.279626
-0.223396
-0.181739
-0.150153
-0.125883
-0.108074
-0.0928988
-0.49149
-0.439863
-0.361338
-0.292064
-0.236352
-0.194619
-0.162715
-0.137994
-0.119512
-0.104052
-0.491764
-0.442483
-0.370265
-0.303075
-0.248236
-0.206685
-0.17464
-0.149598
-0.130618
-0.114798
-0.490356
-0.442705
-0.377442
-0.312681
-0.25907
-0.217953
-0.185941
-0.160706
-0.141349
-0.125215
-0.487396
-0.440727
-0.382928
-0.32092
-0.26888
-0.228442
-0.196632
-0.17133
-0.151695
-0.135368
-0.482991
-0.436824
-0.386816
-0.327838
-0.277701
-0.238176
-0.206728
-0.181484
-0.161665
-0.145284
-0.477243
-0.43133
-0.389227
-0.333477
-0.285576
-0.247185
-0.216248
-0.191185
-0.171269
-0.154947
-0.470257
-0.424718
-0.390184
-0.337886
-0.292552
-0.255501
-0.225215
-0.200452
-0.180522
-0.164333
-0.462161
-0.417516
-0.389658
-0.341132
-0.298682
-0.263158
-0.233654
-0.209305
-0.189438
-0.173434
-0.453114
-0.410186
-0.38766
-0.343313
-0.304022
-0.270189
-0.241593
-0.217768
-0.198036
-0.182254
-0.443316
-0.403061
-0.384287
-0.344554
-0.30862
-0.276628
-0.249063
-0.225865
-0.206336
-0.190808
-0.433022
-0.396321
-0.379753
-0.344992
-0.312523
-0.282506
-0.256096
-0.233624
-0.214361
-0.199115
-0.422535
-0.390004
-0.374407
-0.344759
-0.315772
-0.287859
-0.262724
-0.241074
-0.22213
-0.207191
-0.412176
-0.384051
-0.368706
-0.343969
-0.318406
-0.292722
-0.268979
-0.248242
-0.229668
-0.215055
-0.402277
-0.378361
-0.363142
-0.342712
-0.320467
-0.297132
-0.274889
-0.255153
-0.236996
-0.22273
-0.393071
-0.372855
-0.358112
-0.341066
-0.322007
-0.301118
-0.280477
-0.261827
-0.24414
-0.230237
-0.384679
-0.367515
-0.353807
-0.339125
-0.323089
-0.304697
-0.285757
-0.268282
-0.251116
-0.237604
-0.377129
-0.362401
-0.350193
-0.337038
-0.323781
-0.307876
-0.290742
-0.274529
-0.257944
-0.24485
-0.37038
-0.357616
-0.347088
-0.335022
-0.324153
-0.310649
-0.295437
-0.280564
-0.264626
-0.252015
-0.364362
-0.353259
-0.344285
-0.333284
-0.324282
-0.313012
-0.299848
-0.286365
-0.271176
-0.259101
-0.359001
-0.349383
-0.341664
-0.331911
-0.324269
-0.314967
-0.303993
-0.291872
-0.27759
-0.266176
-0.354229
-0.345977
-0.339219
-0.330833
-0.324236
-0.316539
-0.307888
-0.296991
-0.283887
-0.273176
-0.349983
-0.342992
-0.337002
-0.329919
-0.324279
-0.317785
-0.311582
-0.301525
-0.290168
-0.280153
-0.3462
-0.340364
-0.335053
-0.329083
-0.324408
-0.318813
-0.315081
-0.305332
-0.296406
-0.286932
-0.342805
-0.338038
-0.333369
-0.328314
-0.324569
-0.319746
-0.318359
-0.308138
-0.303296
-0.292518
-0.339752
-0.335948
-0.331913
-0.327629
-0.324725
-0.320654
-0.321339
-0.309974
-0.310434
-0.298149
-0.336987
-0.33404
-0.330634
-0.32703
-0.324904
-0.321505
-0.323945
-0.311063
-0.317205
-0.30336
-0.334451
-0.332275
-0.329481
-0.32649
-0.325146
-0.322185
-0.326194
-0.311558
-0.323568
-0.307399
-0.332094
-0.330617
-0.328407
-0.325974
-0.325452
-0.32258
-0.328175
-0.311543
-0.329607
-0.30984
-0.329874
-0.329033
-0.327376
-0.325442
-0.32576
-0.322668
-0.329926
-0.311216
-0.335086
-0.310636
-0.327758
-0.327499
-0.32636
-0.324861
-0.325992
-0.322491
-0.331363
-0.310967
-0.339362
-0.310299
-0.325716
-0.326007
-0.325322
-0.324219
-0.326095
-0.322229
-0.332359
-0.311178
-0.341909
-0.309961
-0.323736
-0.324552
-0.324243
-0.323534
-0.326027
-0.321905
-0.33284
-0.311937
-0.34273
-0.310493
-0.321816
-0.323132
-0.32313
-0.322836
-0.325727
-0.321559
-0.332878
-0.313085
-0.342222
-0.311899
-0.31996
-0.321751
-0.321996
-0.3221
-0.325148
-0.321326
-0.332486
-0.314299
-0.34094
-0.313637
-0.318181
-0.320422
-0.320858
-0.321333
-0.324406
-0.321176
-0.331641
-0.315475
-0.339331
-0.315215
-0.3165
-0.31916
-0.319741
-0.32055
-0.323558
-0.321007
-0.330442
-0.316723
-0.337476
-0.31636
-0.314942
-0.317986
-0.318673
-0.31977
-0.32266
-0.320801
-0.32912
-0.317855
-0.335279
-0.317603
-0.313534
-0.31692
-0.317686
-0.319022
-0.321769
-0.32056
-0.327791
-0.318763
-0.333249
-0.318637
-0.312305
-0.315987
-0.316807
-0.318334
-0.320941
-0.320298
-0.326548
-0.319449
-0.331457
-0.319462
-0.311282
-0.315208
-0.316066
-0.317737
-0.320221
-0.320037
-0.325469
-0.319937
-0.329955
-0.32013
-0.31049
-0.314605
-0.315486
-0.317261
-0.319648
-0.319806
-0.324615
-0.320259
-0.32879
-0.320646
-0.30995
-0.314192
-0.315087
-0.316929
-0.31925
-0.319633
-0.324026
-0.320449
-0.327996
-0.320999
-0.309677
-0.313983
-0.314884
-0.316759
-0.319046
-0.31954
-0.323725
-0.320536
-0.327594
-0.321178
-0.330705
-0.3245
-0.330509
-0.329541
-0.333969
-0.334687
-0.334812
-0.327079
-0.308932
-0.275818
-0.225621
-0.159279
-0.0912299
-0.0355224
-0.000807873
0.0168021
0.0223723
0.0217016
0.0181938
0.0140153
0.0102592
0.00712347
0.0046894
0.00292869
0.00184499
0.0012255
0.000678701
0.000464243
5.90315e-05
0.000259665
-0.330899
-0.324555
-0.330523
-0.329592
-0.334055
-0.334877
-0.335129
-0.327578
-0.309597
-0.276674
-0.226625
-0.160264
-0.0920228
-0.0361341
-0.00122363
0.0165121
0.0221728
0.0215645
0.0181003
0.0139506
0.0102151
0.00709388
0.00466866
0.00291342
0.00183413
0.00121851
0.000674018
0.00046066
5.60052e-05
0.000257157
-0.331253
-0.324645
-0.33054
-0.329673
-0.334203
-0.335215
-0.335708
-0.328469
-0.310842
-0.278284
-0.228534
-0.162144
-0.0935867
-0.0373266
-0.00205938
0.0159239
0.0217665
0.0212853
0.0179102
0.0138195
0.010126
0.00703413
0.00462697
0.00288287
0.00181243
0.00120449
0.000664665
0.000453536
5.01139e-05
0.000252207
-0.331704
-0.324736
-0.330542
-0.32975
-0.334367
-0.335638
-0.336456
-0.32972
-0.312525
-0.280476
-0.231145
-0.16482
-0.0958143
-0.0390807
-0.00332165
0.0150238
0.0211409
0.0208551
0.0176182
0.013619
0.00999025
0.00694327
0.004564
0.00283711
0.00177999
0.00118337
0.000650676
0.000442946
4.16515e-05
0.000244946
-0.33218
-0.324788
-0.330505
-0.329785
-0.334495
-0.336058
-0.337257
-0.331072
-0.314444
-0.283026
-0.234309
-0.167979
-0.0986862
-0.0413644
-0.00501662
0.0137968
0.0202818
0.0202639
0.0172181
0.0133458
0.00980569
0.00682012
0.00447934
0.00277622
0.00173692
0.00115509
0.000632096
0.000429
3.10192e-05
0.000235563
-0.332592
-0.324762
-0.330402
-0.329745
-0.334529
-0.336393
-0.337986
-0.332423
-0.316431
-0.285752
-0.237652
-0.171622
-0.102032
-0.0441409
-0.00714091
0.0122309
0.019177
0.0195026
0.0167042
0.0129968
0.00957047
0.00666355
0.00437261
0.00270037
0.00168339
0.00111961
0.000608983
0.000411834
1.86788e-05
0.000224291
-0.332984
-0.324596
-0.33025
-0.329578
-0.334456
-0.336552
-0.338567
-0.333618
-0.318289
-0.288387
-0.241154
-0.175487
-0.105777
-0.0473717
-0.009682
0.0103259
0.0178198
0.0185662
0.016073
0.0125699
0.00928332
0.00647278
0.00424362
0.00260983
0.00161966
0.00107691
0.000581404
0.0003916
5.10577e-06
0.000211398
-0.33297
-0.324491
-0.329884
-0.32938
-0.334158
-0.336559
-0.338852
-0.334534
-0.319912
-0.29086
-0.244535
-0.179474
-0.109817
-0.0510041
-0.0126217
0.00808904
0.0162134
0.0174546
0.0153239
0.0120648
0.00894396
0.00624758
0.0040924
0.00250497
0.00154603
0.00102708
0.000549442
0.000368461
-9.25619e-06
0.000197172
-0.332686
-0.324305
-0.329399
-0.32905
-0.333707
-0.336303
-0.338856
-0.335113
-0.32118
-0.293002
-0.247711
-0.18345
-0.114067
-0.0549835
-0.0159272
0.00553861
0.0143678
0.0161728
0.0144595
0.0114832
0.0085533
0.00598837
0.00391932
0.00238631
0.00146292
0.000970276
0.000513196
0.000342586
-2.40309e-05
0.000181907
-0.33202
-0.324026
-0.328767
-0.328584
-0.333066
-0.335793
-0.338516
-0.335289
-0.32203
-0.294742
-0.250567
-0.187325
-0.118448
-0.0592501
-0.0195574
0.00270231
0.0123005
0.0147313
0.0134857
0.0108286
0.0081134
0.00569628
0.00372505
0.00225447
0.00137078
0.000906766
0.000472789
0.000314137
-3.89337e-05
0.000165888
-0.330723
-0.32364
-0.327943
-0.327957
-0.332217
-0.335002
-0.337808
-0.335023
-0.322424
-0.296
-0.253031
-0.191021
-0.122887
-0.0637426
-0.0234647
-0.000385384
0.0100346
0.0131443
0.0124109
0.0101062
0.00762739
0.00537307
0.00351058
0.00211018
0.00127017
0.000836898
0.000428372
0.000283275
-5.3782e-05
0.000149381
-0.3286
-0.323047
-0.326897
-0.327109
-0.331135
-0.333947
-0.336722
-0.334293
-0.322312
-0.296764
-0.25504
-0.194478
-0.127322
-0.0684002
-0.0275979
-0.0036858
0.00759667
0.0114287
0.0112452
0.00932228
0.00709911
0.00502101
0.00327719
0.00195425
0.00116169
0.000761103
0.000380127
0.000250152
-6.84927e-05
0.000132622
-0.325687
-0.322083
-0.32556
-0.325984
-0.329771
-0.33249
-0.335231
-0.33308
-0.321683
-0.296998
-0.256575
-0.19765
-0.131703
-0.0731649
-0.0319049
-0.00715867
0.0050151
0.00960317
0.00999975
0.00848362
0.00653293
0.0046427
0.00302631
0.00178753
0.00104598
0.000679867
0.000328271
0.000214918
-8.307e-05
0.000115811
-0.322341
-0.32052
-0.323842
-0.324524
-0.328072
-0.33075
-0.333311
-0.331368
-0.320525
-0.296702
-0.257632
-0.200506
-0.135985
-0.077983
-0.0363353
-0.0107645
0.00231811
0.0076872
0.00868549
0.00759732
0.00593336
0.00424094
0.00275955
0.00161092
0.000923694
0.000593715
0.000273049
0.000177715
-9.75866e-05
9.91099e-05
-0.318858
-0.318295
-0.321626
-0.322621
-0.326
-0.328564
-0.330961
-0.329167
-0.318852
-0.295905
-0.258227
-0.203037
-0.140135
-0.0828074
-0.0408423
-0.0144659
-0.000467889
0.00569694
0.00731299
0.00667002
0.00530479
0.00381851
0.00247852
0.0014253
0.000795471
0.000503177
0.000214734
0.000138689
-0.000112162
8.26437e-05
-0.315061
-0.315444
-0.318874
-0.320234
-0.323471
-0.325916
-0.328144
-0.326468
-0.316674
-0.294634
-0.2584
-0.205241
-0.144128
-0.0875963
-0.0453847
-0.018231
-0.00332049
0.00364719
0.00589312
0.00570785
0.00465121
0.00337801
0.00218477
0.00123151
0.000661942
0.000408791
0.000153633
9.79954e-05
-0.000126939
6.65002e-05
-0.31104
-0.311952
-0.315554
-0.317357
-0.320526
-0.323017
-0.324986
-0.32338
-0.314085
-0.29297
-0.258212
-0.207156
-0.147954
-0.0923266
-0.0499354
-0.022034
-0.00621751
0.00155485
0.00443811
0.00471847
0.00397714
0.00292226
0.00188004
0.00103049
0.00052376
0.000311097
9.00645e-05
5.57905e-05
-0.00014206
5.07351e-05
-0.306808
-0.307901
-0.311679
-0.31395
-0.317102
-0.319358
-0.321263
-0.319775
-0.31102
-0.290905
-0.257701
-0.208829
-0.15159
-0.0969464
-0.0544333
-0.0258249
-0.00912945
-0.00056947
0.00294852
0.00370687
0.0032873
0.00245448
0.00156625
0.000823199
0.000381435
0.000210437
2.41982e-05
1.21315e-05
-0.000157645
3.53773e-05
-0.302405
-0.303519
-0.307503
-0.310299
-0.313581
-0.316134
-0.317695
-0.316219
-0.30792
-0.288731
-0.256992
-0.210207
-0.154988
-0.101411
-0.0588854
-0.0296455
-0.0121021
-0.00275302
0.00140345
0.00265421
0.00257337
0.00197086
0.00124139
0.000608765
0.000234611
0.000106686
-4.39772e-05
-3.29715e-05
-0.000173827
2.04561e-05
-0.2982
-0.298381
-0.302247
-0.305533
-0.308912
-0.311214
-0.312833
-0.311588
-0.304003
-0.286105
-0.256269
-0.211995
-0.158847
-0.1064
-0.0637332
-0.0336927
-0.0151703
-0.00495649
-0.00013305
0.00158102
0.00183459
0.00146833
0.000903922
0.00038671
8.40384e-05
1.20923e-06
-0.000113121
-7.8545e-05
-0.000190825
6.04646e-06
-0.292986
-0.294426
-0.298331
-0.302037
-0.305655
-0.30838
-0.309767
-0.308257
-0.300641
-0.283002
-0.25373
-0.210619
-0.15893
-0.107739
-0.0657736
-0.0358925
-0.017165
-0.00659483
-0.00137277
0.000691358
0.00120609
0.00103339
0.000607933
0.000185364
-5.45112e-05
-9.47385e-05
-0.000175425
-0.000119491
-0.000207662
-6.8312e-06
-0.287243
-0.289454
-0.293498
-0.297592
-0.301271
-0.303712
-0.304919
-0.303131
-0.295283
-0.277756
-0.24911
-0.207484
-0.157759
-0.108382
-0.0675165
-0.0380201
-0.0191893
-0.00829095
-0.00268694
-0.000274539
0.000516581
0.00055248
0.000280708
-3.11578e-05
-0.000198662
-0.000194302
-0.000239668
-0.000161979
-0.000223791
-1.86075e-05
-0.281215
-0.284015
-0.288222
-0.292701
-0.296516
-0.298984
-0.299928
-0.29775
-0.28967
-0.272306
-0.244349
-0.204246
-0.156496
-0.108938
-0.0692029
-0.040139
-0.0212428
-0.0100405
-0.00406341
-0.00129921
-0.000221109
3.44929e-05
-7.35593e-05
-0.000265568
-0.000354103
-0.000301535
-0.000308937
-0.000207866
-0.000240953
-3.05836e-05
-0.274914
-0.278311
-0.282684
-0.287502
-0.291464
-0.293922
-0.294627
-0.292112
-0.283855
-0.266722
-0.239516
-0.200969
-0.155205
-0.10947
-0.0708808
-0.0422677
-0.023323
-0.0118275
-0.00547847
-0.00235799
-0.000986567
-0.00050488
-0.000443741
-0.0005116
-0.00051764
-0.000414214
-0.000381831
-0.000256194
-0.000259342
-4.2784e-05
-0.268283
-0.272372
-0.276917
-0.282018
-0.286116
-0.288538
-0.289025
-0.28622
-0.277836
-0.260989
-0.234587
-0.197624
-0.153857
-0.109956
-0.072534
-0.0443985
-0.0254271
-0.01365
-0.00693156
-0.00345141
-0.0017807
-0.00106655
-0.000830548
-0.000769656
-0.000689416
-0.000532424
-0.000458379
-0.000307019
-0.000279076
-5.51923e-05
-0.261367
-0.266227
-0.270951
-0.276284
-0.280511
-0.282903
-0.283192
-0.280133
-0.271663
-0.25515
-0.229596
-0.194231
-0.152457
-0.110387
-0.0741508
-0.0465204
-0.0275475
-0.0155038
-0.0084215
-0.00458015
-0.00260481
-0.00165189
-0.00123514
-0.00104053
-0.000869906
-0.000656478
-0.000538754
-0.000360447
-0.000300227
-6.77838e-05
-0.254244
-0.259907
-0.264824
-0.270345
-0.274695
-0.277068
-0.277181
-0.273906
-0.265393
-0.249257
-0.224586
-0.190814
-0.151014
-0.110762
-0.0757237
-0.0486245
-0.0296761
-0.0173833
-0.00994479
-0.00574241
-0.00345813
-0.00226065
-0.0016575
-0.00132435
-0.00105926
-0.000786457
-0.000622978
-0.000416465
-0.000322854
-8.05349e-05
-0.246966
-0.253438
-0.258567
-0.264238
-0.268707
-0.271072
-0.271036
-0.267586
-0.259074
-0.243353
-0.21959
-0.187395
-0.149536
-0.11108
-0.0772458
-0.0507018
-0.031805
-0.0192823
-0.0114973
-0.00693565
-0.00433924
-0.00289211
-0.00209728
-0.00162102
-0.00125748
-0.000922351
-0.000711018
-0.000475009
-0.000347005
-9.34206e-05
-0.239581
-0.246846
-0.252205
-0.257995
-0.262576
-0.264948
-0.264794
-0.261214
-0.252744
-0.237472
-0.214633
-0.183991
-0.148029
-0.111339
-0.0787103
-0.052744
-0.0339262
-0.0211946
-0.0130746
-0.0081572
-0.00524664
-0.00354543
-0.00255405
-0.0019304
-0.00146454
-0.00106412
-0.000802824
-0.000536002
-0.000372712
-0.000106412
-0.232141
-0.240153
-0.24576
-0.251646
-0.25633
-0.258724
-0.258486
-0.25482
-0.246436
-0.231641
-0.209736
-0.180614
-0.1465
-0.111537
-0.0801115
-0.0547434
-0.036032
-0.0231138
-0.0146722
-0.00940408
-0.00617855
-0.00421962
-0.00302729
-0.00225227
-0.00168037
-0.00121171
-0.000898327
-0.000599344
-0.000399988
-0.000119477
-0.22469
-0.233387
-0.239256
-0.245218
-0.249993
-0.252427
-0.252139
-0.248431
-0.240175
-0.225882
-0.204916
-0.177274
-0.144952
-0.111674
-0.0814443
-0.0566924
-0.0381146
-0.0250332
-0.016285
-0.0106729
-0.00713288
-0.00491345
-0.00351626
-0.00258624
-0.00190479
-0.00136499
-0.000997432
-0.000664908
-0.000428822
-0.000132579
-0.217275
-0.226579
-0.232718
-0.238743
-0.243595
-0.246081
-0.245779
-0.242073
-0.233983
-0.220212
-0.200186
-0.173982
-0.14339
-0.111749
-0.0827043
-0.0585841
-0.0401665
-0.026946
-0.0179077
-0.01196
-0.00810718
-0.00562538
-0.00402005
-0.00293181
-0.00213753
-0.00152378
-0.0011
-0.000732537
-0.000459178
-0.000145677
-0.209941
-0.219759
-0.226172
-0.232251
-0.237163
-0.239713
-0.239429
-0.235766
-0.227879
-0.214648
-0.195556
-0.170745
-0.141819
-0.111764
-0.0838878
-0.060412
-0.0421799
-0.0288452
-0.0195345
-0.013261
-0.00909857
-0.00635354
-0.00453747
-0.00328826
-0.00237818
-0.00168781
-0.00120586
-0.000802045
-0.000490997
-0.000158728
-0.202731
-0.212961
-0.219644
-0.225771
-0.230727
-0.233348
-0.233115
-0.229534
-0.221882
-0.209203
-0.191037
-0.16757
-0.140243
-0.111719
-0.0849917
-0.0621701
-0.0441473
-0.0307232
-0.0211592
-0.0145714
-0.0101037
-0.00709572
-0.00506708
-0.00365469
-0.0026262
-0.00185673
-0.00131477
-0.000873207
-0.00052419
-0.000171687
-0.195684
-0.206221
-0.213162
-0.219335
-0.22432
-0.227016
-0.226859
-0.223396
-0.216009
-0.203892
-0.186639
-0.164465
-0.138668
-0.111617
-0.0860139
-0.0638525
-0.0460614
-0.0325724
-0.0227751
-0.0158857
-0.0111188
-0.00784925
-0.00560708
-0.00402995
-0.00288088
-0.00203006
-0.00142644
-0.000945762
-0.000558637
-0.000184503
-0.188835
-0.199575
-0.206755
-0.212974
-0.217974
-0.220744
-0.220689
-0.217376
-0.21028
-0.198729
-0.18237
-0.161438
-0.137099
-0.111459
-0.0869526
-0.0654542
-0.0479146
-0.0343849
-0.0243749
-0.0171981
-0.0121395
-0.008611
-0.00615535
-0.00441259
-0.00314131
-0.00220719
-0.00154047
-0.0010194
-0.000594185
-0.000197129
-0.182216
-0.193061
-0.200455
-0.20672
-0.211724
-0.214567
-0.214631
-0.211496
-0.204713
-0.193727
-0.178242
-0.158496
-0.135543
-0.111249
-0.0878073
-0.0669701
-0.0496998
-0.0361524
-0.0259509
-0.0185022
-0.0131607
-0.00937733
-0.00670932
-0.00480088
-0.00340636
-0.00238738
-0.0016564
-0.00109377
-0.000630643
-0.000209512
-0.175858
-0.186717
-0.194296
-0.200605
-0.205607
-0.208517
-0.208714
-0.205781
-0.199327
-0.188904
-0.174264
-0.155649
-0.134006
-0.110993
-0.0885779
-0.0683962
-0.0514096
-0.0378664
-0.0274947
-0.0197908
-0.0141767
-0.010144
-0.00726596
-0.00519272
-0.00367462
-0.00256969
-0.00177365
-0.00116844
-0.000667776
-0.000221598
-0.16979
-0.180584
-0.188315
-0.194665
-0.199661
-0.202633
-0.20297
-0.200256
-0.194144
-0.184275
-0.17045
-0.152906
-0.132498
-0.110695
-0.0892651
-0.0697285
-0.0530372
-0.0395181
-0.0289975
-0.0210559
-0.0151812
-0.0109061
-0.00782174
-0.00558558
-0.00394442
-0.00275301
-0.0018915
-0.00124295
-0.000705305
-0.000233334
-0.164039
-0.174702
-0.182548
-0.188936
-0.193925
-0.196953
-0.197432
-0.19495
-0.189187
-0.179858
-0.166813
-0.150278
-0.131026
-0.110361
-0.0898709
-0.0709638
-0.0545757
-0.0410984
-0.0304497
-0.022289
-0.0161669
-0.0116581
-0.00837255
-0.00597654
-0.00421374
-0.00293596
-0.0020091
-0.00131673
-0.0007429
-0.000244661
-0.158633
-0.16911
-0.177036
-0.183457
-0.188442
-0.191519
-0.192138
-0.189891
-0.18448
-0.175675
-0.163367
-0.147778
-0.129603
-0.11
-0.0903976
-0.0720995
-0.0560182
-0.0425981
-0.0318412
-0.0234805
-0.017126
-0.0123937
-0.00891365
-0.00636215
-0.0044802
-0.00311697
-0.00212544
-0.00138916
-0.000780176
-0.000255514
-0.1536
-0.163849
-0.17182
-0.178268
-0.183251
-0.186372
-0.187126
-0.185114
-0.180049
-0.171746
-0.160132
-0.145419
-0.128238
-0.109619
-0.0908488
-0.0731334
-0.0573579
-0.0440076
-0.0331614
-0.0246202
-0.0180495
-0.0131057
-0.00943962
-0.00673844
-0.00474104
-0.00329414
-0.00223931
-0.00145952
-0.000816696
-0.000265825
-0.148964
-0.158958
-0.166942
-0.173413
-0.178398
-0.181558
-0.182438
-0.180653
-0.175924
-0.168095
-0.157125
-0.143218
-0.126945
-0.109229
-0.0912288
-0.0740638
-0.0585882
-0.0453168
-0.0343987
-0.025697
-0.0189276
-0.0137861
-0.00994432
-0.00710086
-0.00499302
-0.00346531
-0.00234933
-0.00152699
-0.000851968
-0.000275518
-0.144756
-0.154479
-0.162449
-0.168937
-0.173928
-0.177124
-0.17812
-0.176547
-0.172137
-0.16475
-0.154369
-0.141192
-0.125739
-0.108839
-0.0915426
-0.0748893
-0.0597018
-0.0465151
-0.0355408
-0.0266985
-0.0197493
-0.0144259
-0.0104208
-0.0074442
-0.00523244
-0.00362797
-0.00245389
-0.00159065
-0.000885446
-0.000284507
-0.141005
-0.150456
-0.158389
-0.164891
-0.16989
-0.173121
-0.174219
-0.17284
-0.168724
-0.161741
-0.151889
-0.139362
-0.124636
-0.108462
-0.091796
-0.0756087
-0.0606912
-0.0475913
-0.0365744
-0.0276113
-0.0205027
-0.0150151
-0.0108612
-0.00776259
-0.00545509
-0.00377924
-0.00255114
-0.00164946
-0.00091653
-0.000292692
-0.137746
-0.146935
-0.154816
-0.161328
-0.16634
-0.169602
-0.170789
-0.169581
-0.165727
-0.159102
-0.149714
-0.137751
-0.123655
-0.10811
-0.091995
-0.0762205
-0.0615481
-0.0485329
-0.0374848
-0.0284206
-0.0211743
-0.0155425
-0.0112567
-0.00804941
-0.00565617
-0.00391588
-0.00263899
-0.00170225
-0.000944623
-0.000299951
-0.135018
-0.143972
-0.151792
-0.15831
-0.163338
-0.166629
-0.167889
-0.166824
-0.163194
-0.156875
-0.147878
-0.136387
-0.122816
-0.107798
-0.0921458
-0.0767224
-0.0622632
-0.0493258
-0.038256
-0.0291102
-0.0217493
-0.0159956
-0.0115975
-0.00829722
-0.0058303
-0.00403422
-0.0027151
-0.00174772
-0.000968848
-0.000306141
-0.132863
-0.141623
-0.149383
-0.155903
-0.160948
-0.164265
-0.165583
-0.164632
-0.161181
-0.155107
-0.14642
-0.135301
-0.122143
-0.10754
-0.0922541
-0.0771111
-0.062825
-0.0499537
-0.0388696
-0.0296616
-0.022211
-0.0163605
-0.0118727
-0.00849776
-0.0059715
-0.00413019
-0.00277682
-0.00178441
-0.000988429
-0.00031109
-0.131353
-0.139968
-0.14768
-0.154199
-0.159258
-0.162596
-0.163954
-0.163079
-0.159755
-0.153855
-0.145388
-0.13453
-0.121662
-0.107352
-0.0923247
-0.0773812
-0.0632196
-0.0503971
-0.0393045
-0.0300541
-0.0225407
-0.0166218
-0.0120701
-0.00864187
-0.00607311
-0.00419928
-0.00282126
-0.00181072
-0.00100249
-0.000314603
-0.13053
-0.139078
-0.146763
-0.153282
-0.158349
-0.1617
-0.163081
-0.16225
-0.158994
-0.153188
-0.144837
-0.134119
-0.121405
-0.10725
-0.0923605
-0.077524
-0.0634297
-0.0506332
-0.0395363
-0.030264
-0.0227175
-0.016762
-0.0121762
-0.00871939
-0.00612784
-0.00423645
-0.0028452
-0.00182479
-0.00101002
-0.00031639
-0.127199
-0.136699
-0.146025
-0.155161
-0.164095
-0.17283
-0.181373
-0.189734
-0.197922
-0.205945
-0.213816
-0.221543
-0.229136
-0.236598
-0.24392
-0.251137
-0.258082
-0.265167
-0.271439
-0.279589
-0.123947
-0.13313
-0.14214
-0.150975
-0.159633
-0.168116
-0.176432
-0.184585
-0.192583
-0.200433
-0.208142
-0.215716
-0.223155
-0.23048
-0.237633
-0.244772
-0.251518
-0.258793
-0.264952
-0.273423
-0.120788
-0.129608
-0.138264
-0.146759
-0.155095
-0.163273
-0.171297
-0.179171
-0.186899
-0.194488
-0.20194
-0.209268
-0.216456
-0.223565
-0.23048
-0.237498
-0.244077
-0.251352
-0.25757
-0.265772
-0.117696
-0.126178
-0.134517
-0.142716
-0.150774
-0.158693
-0.166474
-0.174122
-0.18164
-0.189036
-0.196305
-0.203474
-0.210507
-0.217507
-0.224301
-0.231265
-0.237777
-0.244917
-0.251208
-0.258861
-0.114699
-0.122858
-0.130893
-0.138804
-0.146592
-0.154259
-0.161807
-0.16924
-0.17656
-0.183777
-0.190882
-0.197914
-0.204814
-0.211715
-0.218398
-0.225256
-0.231678
-0.238574
-0.244844
-0.252015
-0.111804
-0.119644
-0.127374
-0.134995
-0.142507
-0.149914
-0.157215
-0.164418
-0.171519
-0.178534
-0.185445
-0.1923
-0.199023
-0.205758
-0.212278
-0.218942
-0.225248
-0.231872
-0.238127
-0.244981
-0.109006
-0.116531
-0.123958
-0.13129
-0.138526
-0.145669
-0.152717
-0.159679
-0.166549
-0.173344
-0.18004
-0.186688
-0.193211
-0.199743
-0.20609
-0.212536
-0.218738
-0.225123
-0.231341
-0.237945
-0.106304
-0.113521
-0.12065
-0.127696
-0.134657
-0.141536
-0.148331
-0.15505
-0.161683
-0.168251
-0.174728
-0.181162
-0.187485
-0.193807
-0.199989
-0.206219
-0.212297
-0.218451
-0.224556
-0.230917
-0.103699
-0.110615
-0.117453
-0.124217
-0.130906
-0.137522
-0.144064
-0.150536
-0.156933
-0.16327
-0.169526
-0.175739
-0.181861
-0.187965
-0.193968
-0.199973
-0.205886
-0.211806
-0.217744
-0.223872
-0.101193
-0.107814
-0.114367
-0.120854
-0.127275
-0.13363
-0.139919
-0.146145
-0.152303
-0.158405
-0.164436
-0.170422
-0.176332
-0.18221
-0.188014
-0.193789
-0.199512
-0.205204
-0.210955
-0.216851
-0.0987829
-0.105119
-0.111393
-0.117609
-0.123766
-0.129864
-0.135902
-0.141882
-0.147801
-0.153666
-0.159468
-0.165222
-0.170914
-0.176563
-0.182156
-0.187704
-0.193223
-0.198691
-0.204237
-0.209894
-0.0964712
-0.102531
-0.108535
-0.114486
-0.120384
-0.126229
-0.132018
-0.137754
-0.143434
-0.149063
-0.154635
-0.160157
-0.165626
-0.171046
-0.176422
-0.181745
-0.187048
-0.19229
-0.197615
-0.203031
-0.0942562
-0.100049
-0.105791
-0.111484
-0.11713
-0.122727
-0.128272
-0.133768
-0.139212
-0.144606
-0.149948
-0.15524
-0.160483
-0.165675
-0.170828
-0.175924
-0.181004
-0.186019
-0.191116
-0.196292
-0.0921367
-0.0976732
-0.103162
-0.108607
-0.114007
-0.119362
-0.124669
-0.129929
-0.13514
-0.140303
-0.145416
-0.15048
-0.155498
-0.160463
-0.165391
-0.170261
-0.175115
-0.179904
-0.184766
-0.189703
-0.0901168
-0.0954063
-0.100651
-0.105855
-0.111017
-0.116138
-0.121213
-0.126243
-0.131227
-0.136162
-0.141051
-0.14589
-0.150684
-0.155426
-0.160129
-0.164775
-0.169402
-0.173966
-0.178592
-0.183287
-0.0881969
-0.0932486
-0.098259
-0.103231
-0.108164
-0.113058
-0.117909
-0.122715
-0.127477
-0.132191
-0.13686
-0.141479
-0.146053
-0.150576
-0.155058
-0.159483
-0.163885
-0.168226
-0.172617
-0.177071
-0.0863745
-0.0911988
-0.0959852
-0.100735
-0.105449
-0.110124
-0.114759
-0.11935
-0.123897
-0.128398
-0.132853
-0.137258
-0.141619
-0.145927
-0.150193
-0.154402
-0.158584
-0.162706
-0.166866
-0.17108
-0.0846517
-0.0892597
-0.0938326
-0.0983712
-0.102875
-0.107341
-0.111768
-0.116152
-0.120493
-0.124788
-0.129037
-0.133237
-0.13739
-0.141491
-0.145548
-0.149548
-0.153516
-0.157425
-0.161361
-0.165341
-0.0830287
-0.0874317
-0.0918021
-0.0961397
-0.100443
-0.104711
-0.10894
-0.113127
-0.117271
-0.12137
-0.125422
-0.129424
-0.133379
-0.137282
-0.141138
-0.144937
-0.1487
-0.152403
-0.156123
-0.159877
-0.0815066
-0.0857165
-0.0898958
-0.0940437
-0.0981588
-0.102238
-0.10628
-0.11028
-0.114238
-0.118149
-0.122014
-0.12583
-0.129597
-0.13331
-0.136976
-0.140584
-0.144151
-0.14766
-0.151173
-0.154711
-0.0800872
-0.0841163
-0.0881164
-0.0920862
-0.0960241
-0.0999272
-0.103793
-0.107617
-0.111399
-0.115135
-0.118824
-0.122463
-0.126053
-0.129589
-0.133075
-0.136503
-0.139887
-0.143211
-0.146531
-0.149864
-0.0787734
-0.0826341
-0.0864674
-0.0902714
-0.094044
-0.0977825
-0.101484
-0.105145
-0.108763
-0.112335
-0.11586
-0.119335
-0.122759
-0.12613
-0.129449
-0.13271
-0.135923
-0.139077
-0.142217
-0.145359
-0.0775682
-0.0812737
-0.084953
-0.0886038
-0.0922238
-0.0958102
-0.0993599
-0.102869
-0.106336
-0.109758
-0.113132
-0.116455
-0.119728
-0.122947
-0.126113
-0.12922
-0.132278
-0.135275
-0.13825
-0.141216
-0.0764771
-0.0800409
-0.0835795
-0.0870905
-0.0905712
-0.0940189
-0.0974302
-0.100802
-0.104131
-0.107415
-0.110652
-0.113839
-0.116974
-0.120055
-0.123083
-0.126052
-0.128969
-0.131826
-0.134652
-0.13746
-0.0755045
-0.0789405
-0.0823523
-0.0857371
-0.0890924
-0.0924152
-0.0957023
-0.0989503
-0.102156
-0.105318
-0.108432
-0.111497
-0.11451
-0.11747
-0.120375
-0.123223
-0.126016
-0.128751
-0.131447
-0.134115
-0.0746616
-0.077985
-0.0812851
-0.0845587
-0.0878034
-0.0910161
-0.0941937
-0.097333
-0.100431
-0.103485
-0.106492
-0.109451
-0.112359
-0.115213
-0.118013
-0.120757
-0.123445
-0.126075
-0.12866
-0.131209
-0.0739501
-0.0771758
-0.0803788
-0.0835565
-0.0867063
-0.089825
-0.0929096
-0.0959568
-0.0989638
-0.101928
-0.104846
-0.107717
-0.110537
-0.113306
-0.116021
-0.11868
-0.121284
-0.12383
-0.126326
-0.128779
-0.0734
-0.0765462
-0.0796701
-0.0827684
-0.0858389
-0.088879
-0.0918857
-0.0948562
-0.0977876
-0.100677
-0.103523
-0.106322
-0.109073
-0.111773
-0.114421
-0.117015
-0.119555
-0.122038
-0.12447
-0.126853
-0.0729923
-0.0760759
-0.0791388
-0.0821786
-0.0851924
-0.0881772
-0.09113
-0.0940479
-0.0969281
-0.0997681
-0.102565
-0.105318
-0.108024
-0.11068
-0.113286
-0.11584
-0.11834
-0.120784
-0.123175
-0.125512
-0.0728052
-0.0758424
-0.0788574
-0.0818477
-0.0848122
-0.0877492
-0.0906562
-0.0935309
-0.0963705
-0.099173
-0.101936
-0.104658
-0.107336
-0.10997
-0.112557
-0.115095
-0.117584
-0.120022
-0.122409
-0.124744
0.0949339
0.0838691
0.0727259
0.061703
0.0502213
0.0385126
0.0267735
0.0150279
0.00328941
-0.00840575
-0.0200137
-0.0315037
-0.0428503
-0.05403
-0.0650256
-0.0758769
-0.0867842
-0.0973595
-0.107571
-0.117506
0.0902456
0.0787099
0.0671338
0.0563831
0.0453309
0.0340633
0.0228196
0.0116064
0.000414812
-0.0107256
-0.021782
-0.032732
-0.0435575
-0.0542536
-0.0648236
-0.0752397
-0.0852967
-0.0952691
-0.105039
-0.114587
0.0845205
0.0732089
0.0616352
0.0513224
0.0408605
0.030104
0.0193626
0.00867754
-0.00197997
-0.0125902
-0.0231211
-0.0335471
-0.0438496
-0.0540162
-0.0640344
-0.073882
-0.0835956
-0.0932069
-0.102612
-0.111796
0.078477
0.0677185
0.0562925
0.0463332
0.0364251
0.0261751
0.0159165
0.00574527
-0.00438272
-0.0144668
-0.0244776
-0.03439
-0.0441888
-0.0538689
-0.0634243
-0.0728411
-0.0820776
-0.0912351
-0.10024
-0.109057
0.072361
0.062223
0.0510816
0.0414685
0.0321089
0.0223947
0.0126217
0.0029472
-0.00666867
-0.0162452
-0.0257581
-0.0351792
-0.044495
-0.0537014
-0.062791
-0.0717516
-0.0805723
-0.0893241
-0.0979455
-0.106402
0.0662848
0.0567693
0.0460246
0.0367614
0.0279149
0.0187365
0.00944491
0.000247074
-0.00887581
-0.0179595
-0.0269894
-0.0359362
-0.0447865
-0.0535386
-0.0621876
-0.0707254
-0.0791401
-0.0874933
-0.0957374
-0.103841
0.0603092
0.0513928
0.0411217
0.0322234
0.0238561
0.0152053
0.00639551
-0.00234058
-0.0109909
-0.0195992
-0.028163
-0.0366543
-0.045059
-0.0533761
-0.0616024
-0.0697319
-0.0777579
-0.0857309
-0.093611
-0.10137
0.054484
0.0461371
0.0363852
0.0278673
0.0199476
0.011805
0.00347192
-0.00481649
-0.0130158
-0.0211683
-0.0292834
-0.0373377
-0.0453161
-0.0532173
-0.0610397
-0.0687793
-0.0764314
-0.0840382
-0.0915655
-0.0989887
0.0488463
0.0410361
0.0318238
0.0236974
0.0161982
0.00853887
0.000673028
-0.00718005
-0.0149486
-0.0226662
-0.0303508
-0.0379862
-0.0455575
-0.053062
-0.0604986
-0.0678647
-0.0751576
-0.0824127
-0.0895996
-0.0966967
0.0434206
0.0361142
0.0274455
0.0197163
0.0126148
0.00541134
-0.00200142
-0.00943189
-0.0167891
-0.0240931
-0.0313667
-0.0386016
-0.0457845
-0.0529107
-0.0599794
-0.0669886
-0.073937
-0.0808543
-0.0877128
-0.0944939
0.0382229
0.0313889
0.0232569
0.0159255
0.00920155
0.00242594
-0.00455177
-0.0115734
-0.0185374
-0.0254491
-0.0323319
-0.039185
-0.0459977
-0.0527639
-0.0594813
-0.0661487
-0.0727657
-0.07936
-0.0859031
-0.0923788
0.0332641
0.0268723
0.019263
0.0123257
0.00596072
-0.000414613
-0.00697803
-0.0136061
-0.0201943
-0.0267344
-0.033247
-0.0397371
-0.0461976
-0.0526216
-0.0590064
-0.0653504
-0.0716535
-0.0779363
-0.0841731
-0.0903524
0.0285518
0.0225731
0.0154676
0.00891685
0.00289332
-0.00310855
-0.00928028
-0.0155316
-0.0217614
-0.0279498
-0.0341128
-0.0402593
-0.0463851
-0.0524827
-0.0585465
-0.0645733
-0.0705661
-0.0765618
-0.0825127
-0.0884108
0.0240909
0.0184971
0.0118727
0.00569813
-7.37825e-07
-0.00565491
-0.0114586
-0.0173514
-0.0232398
-0.0290958
-0.0349295
-0.0407522
-0.0465631
-0.0523566
-0.0581288
-0.0638767
-0.0695941
-0.0752587
-0.0809161
-0.086549
0.0198841
0.0146477
0.00847929
0.00266813
-0.00272238
-0.00805345
-0.0135134
-0.0190669
-0.0246314
-0.0301733
-0.0356973
-0.0412144
-0.0467259
-0.0522265
-0.0577102
-0.0631722
-0.0686071
-0.074008
-0.0794037
-0.0847799
0.0159324
0.0110268
0.00528748
-0.000175106
-0.00527326
-0.0103045
-0.015445
-0.0206794
-0.0259375
-0.0311833
-0.0364164
-0.0416464
-0.0468759
-0.0521005
-0.0573143
-0.0625119
-0.0676881
-0.0728359
-0.0779775
-0.0831034
0.0122355
0.00763492
0.00229657
-0.002834
-0.00765559
-0.0124091
-0.017254
-0.0221901
-0.0271598
-0.0321272
-0.0370876
-0.0420484
-0.0470127
-0.0519769
-0.056935
-0.0618815
-0.0668115
-0.0717203
-0.0766235
-0.0815129
0.00879214
0.00447165
-0.000494624
-0.00531124
-0.00987206
-0.0143686
-0.0189413
-0.0236003
-0.0282999
-0.0330064
-0.0377119
-0.0424213
-0.0471374
-0.0518574
-0.0565757
-0.0612866
-0.0659854
-0.0706678
-0.0753451
-0.0800105
0.0056002
0.00153586
-0.0030876
-0.00760963
-0.0119256
-0.016185
-0.020508
-0.0249112
-0.0293595
-0.0338225
-0.0382905
-0.0427658
-0.0472506
-0.0517424
-0.056236
-0.060726
-0.0652074
-0.0696765
-0.0741412
-0.0785955
0.00265737
-0.00117399
-0.00548402
-0.00973193
-0.0138194
-0.0178604
-0.0219555
-0.026124
-0.03034
-0.0345771
-0.0388247
-0.043083
-0.0473531
-0.0516326
-0.055917
-0.0602007
-0.0644789
-0.0687478
-0.073013
-0.0772692
-3.87322e-05
-0.00365959
-0.00768547
-0.0116807
-0.0155563
-0.0193973
-0.0232853
-0.02724
-0.0312429
-0.0352718
-0.0393161
-0.0433741
-0.0474459
-0.0515291
-0.0556194
-0.0597114
-0.0638005
-0.0678828
-0.0719618
-0.0760329
-0.00249018
-0.00592245
-0.00969328
-0.0134581
-0.0171391
-0.020798
-0.024499
-0.0282605
-0.0320696
-0.0359082
-0.0397661
-0.0436406
-0.0475305
-0.0514332
-0.0553447
-0.05926
-0.0631742
-0.0670835
-0.0709898
-0.0748891
-0.00469836
-0.00796362
-0.0115083
-0.0150657
-0.0185701
-0.0220645
-0.0255981
-0.0291867
-0.0328213
-0.0364876
-0.0401764
-0.0438839
-0.0476081
-0.0513463
-0.0550944
-0.0588477
-0.0626015
-0.0663518
-0.0700995
-0.0738408
-0.00666356
-0.00978321
-0.0131303
-0.0165041
-0.0198506
-0.0231986
-0.0265841
-0.0300198
-0.0334994
-0.0370119
-0.040549
-0.0441065
-0.0476817
-0.0512717
-0.0548723
-0.058479
-0.0620872
-0.0656928
-0.0692957
-0.0728927
-0.00838436
-0.01138
-0.0145582
-0.0177727
-0.020981
-0.024201
-0.0274576
-0.0307601
-0.0341043
-0.0374814
-0.0408843
-0.0443087
-0.0477513
-0.051209
-0.0546777
-0.0581531
-0.0616309
-0.0651071
-0.0685808
-0.0720487
-0.00985698
-0.0127506
-0.0157888
-0.0188697
-0.0219608
-0.0250721
-0.0282197
-0.0314097
-0.0346389
-0.0379004
-0.0411882
-0.044498
-0.0478263
-0.0511696
-0.0545239
-0.0578849
-0.061248
-0.0646093
-0.0679671
-0.0713197
-0.0110742
-0.0138885
-0.016816
-0.0197894
-0.0227851
-0.0258074
-0.0288654
-0.0319626
-0.0350961
-0.0382606
-0.0414511
-0.0446632
-0.0478935
-0.0511385
-0.0543942
-0.0576569
-0.0609225
-0.0641874
-0.0674496
-0.0707058
-0.0120255
-0.0147853
-0.0176335
-0.020529
-0.0234552
-0.0264126
-0.0294053
-0.0324343
-0.0354968
-0.0385886
-0.0417052
-0.0448425
-0.047997
-0.051165
-0.0543424
-0.0575253
-0.0607092
-0.0638902
-0.0670661
-0.0702373
-0.0126897
-0.0154185
-0.018217
-0.0210609
-0.0239391
-0.02685
-0.0297946
-0.0327725
-0.0357813
-0.0388174
-0.041877
-0.0449563
-0.048052
-0.0511607
-0.0542786
-0.0574025
-0.0605288
-0.0636542
-0.066776
-0.0698906
-0.0130519
-0.0157843
-0.0185783
-0.0214177
-0.0242922
-0.027198
-0.0301341
-0.033099
-0.0360901
-0.0391041
-0.0421375
-0.0451867
-0.0482484
-0.0513192
-0.0543957
-0.0574744
-0.0605517
-0.0636241
-0.06669
-0.0697516
0.104805
0.106233
0.108405
0.111445
0.114729
0.118383
0.121667
0.124791
0.12682
0.128186
0.127658
0.126091
0.121788
0.116112
0.105598
0.103874
0.105194
0.10719
0.109969
0.112917
0.116145
0.11893
0.121459
0.122848
0.123453
0.12221
0.119756
0.114851
0.108177
0.0990489
0.102874
0.104081
0.105889
0.10839
0.110986
0.113768
0.116046
0.117972
0.118737
0.118621
0.116746
0.113534
0.108223
0.101095
0.0925033
0.101801
0.102888
0.104498
0.106706
0.108936
0.111255
0.113014
0.114325
0.114473
0.113646
0.111177
0.107277
0.101606
0.0941695
0.085709
0.100653
0.101615
0.103019
0.104921
0.106775
0.108619
0.109857
0.110551
0.110097
0.108585
0.105557
0.101056
0.0950489
0.0874257
0.079043
0.099425
0.100257
0.101448
0.103034
0.104504
0.105865
0.106584
0.106667
0.105632
0.103475
0.0999257
0.0949214
0.0886165
0.0809061
0.0726195
0.0981161
0.0988133
0.0997849
0.101044
0.102126
0.102997
0.103201
0.102686
0.101092
0.0983368
0.0943082
0.0888885
0.0823362
0.0745999
0.0664251
0.0967237
0.0972813
0.0980277
0.0989513
0.0996399
0.10002
0.099716
0.0986217
0.0964911
0.0931911
0.0887258
0.0829673
0.0762199
0.068492
0.0604421
0.0952461
0.0956598
0.0961764
0.096758
0.097051
0.0969426
0.0961386
0.0944894
0.0918496
0.0880581
0.0832015
0.0771695
0.070278
0.0625825
0.0546726
0.0936826
0.0939486
0.0942315
0.094467
0.0943638
0.0937735
0.0924812
0.0903063
0.0871872
0.0829578
0.0777578
0.0715083
0.064521
0.0568805
0.0491248
0.0920331
0.0921483
0.0921948
0.0920826
0.0915848
0.0905237
0.0887578
0.08609
0.0825253
0.0779099
0.0724158
0.0659981
0.0589592
0.0513961
0.0438066
0.0902987
0.090261
0.0900694
0.089611
0.0887224
0.0872058
0.0849841
0.0818591
0.0778855
0.072934
0.0671948
0.0606535
0.053602
0.0461384
0.0387249
0.0884818
0.0882903
0.0878601
0.0870599
0.0857868
0.0838335
0.0811776
0.0776327
0.0732897
0.0680496
0.0621128
0.0554888
0.0484585
0.0411152
0.0338859
0.0865859
0.0862412
0.0855731
0.0844387
0.0827902
0.0804222
0.0773572
0.0734305
0.0687595
0.0632763
0.0571864
0.0505172
0.0435372
0.0363325
0.0292944
0.0846166
0.0841208
0.0832168
0.0817587
0.0797468
0.0769889
0.0735428
0.0692732
0.0643159
0.058633
0.0524311
0.0457507
0.038846
0.0317955
0.0249539
0.0825813
0.081938
0.0808019
0.079033
0.076673
0.073552
0.0697557
0.065182
0.0599797
0.054138
0.0478614
0.0412001
0.034392
0.027508
0.0208664
0.0804895
0.0797041
0.0783413
0.076277
0.0735871
0.0701314
0.0660178
0.0611784
0.0557712
0.0498088
0.0434911
0.0368752
0.0301811
0.0234729
0.0170328
0.0783534
0.0774326
0.0758505
0.0735082
0.0705093
0.0667487
0.0623517
0.0572843
0.0517103
0.0456623
0.0393331
0.0327847
0.0262185
0.0196922
0.013453
0.0761878
0.0751399
0.0733478
0.0707464
0.067462
0.063427
0.058781
0.0535219
0.0478165
0.0417145
0.0353994
0.0289367
0.0225087
0.0161673
0.0101265
0.0740106
0.0728449
0.0708544
0.0680141
0.0644695
0.0601908
0.05533
0.0499134
0.0441093
0.0379809
0.0317016
0.0253386
0.0190557
0.0128991
0.00705225
0.0718431
0.0705696
0.0683944
0.0653362
0.0615579
0.0570663
0.0520236
0.0464816
0.0406079
0.0344769
0.0282507
0.0219975
0.0158631
0.00988869
0.00422923
0.0697102
0.0683397
0.0659949
0.0627408
0.0587559
0.0540814
0.0488881
0.0432497
0.0373318
0.0312176
0.0250581
0.0189207
0.012935
0.00713721
0.00165678
0.0676405
0.0661839
0.0636864
0.0602586
0.0560942
0.0512657
0.0459509
0.0402417
0.0343014
0.0282192
0.0221354
0.0161163
0.010276
0.0046467
-0.000665022
0.0656668
0.0641352
0.061503
0.0579238
0.0536063
0.0486511
0.0432408
0.0374831
0.0315377
0.0254985
0.0194954
0.0135931
0.00789189
0.0024204
-0.0027349
0.0638263
0.0622306
0.0594821
0.0557739
0.0513287
0.0462716
0.0407892
0.0350013
0.029064
0.0230742
0.0171526
0.011362
0.00579046
0.000463435
-0.00454977
0.0621604
0.0605114
0.0576655
0.0538503
0.0493015
0.0441649
0.0386301
0.0328263
0.026906
0.0209679
0.0151245
0.00943666
0.00398209
-0.00121646
-0.00610404
0.0607156
0.0590236
0.056099
0.0521983
0.0475685
0.0423724
0.0368015
0.030992
0.0250933
0.0192047
0.0134321
0.00783447
0.00248092
-0.00260792
-0.00738872
0.0595429
0.0578183
0.0548336
0.0508682
0.0461787
0.0409404
0.0353463
0.0295376
0.0236605
0.0178151
0.0121019
0.00657805
0.00130624
-0.00369458
-0.00839025
0.0586987
0.0569515
0.0539253
0.049916
0.0451867
0.0399216
0.0343141
0.0285089
0.0226499
0.0168372
0.0111675
0.00569708
0.000483867
-0.00445392
-0.0090879
0.0582444
0.0564853
0.0534366
0.0494045
0.0446545
0.0393761
0.0337626
0.0279607
0.0221122
0.0163182
0.0106723
0.00523117
4.94736e-05
-0.00485467
-0.0094573
0.116925
0.119072
0.122481
0.127537
0.133581
0.140886
0.149017
0.158119
0.167904
0.17847
0.189549
0.201202
0.213155
0.225481
0.237871
0.116859
0.119001
0.122404
0.12745
0.133479
0.140768
0.148871
0.157945
0.16769
0.178211
0.189231
0.200821
0.212692
0.224935
0.23721
0.116726
0.11886
0.122251
0.127277
0.133279
0.140534
0.148581
0.157598
0.167262
0.177695
0.188596
0.20006
0.211768
0.223842
0.235885
0.116527
0.118649
0.122021
0.127019
0.132976
0.140182
0.148146
0.15708
0.166622
0.176924
0.187647
0.19892
0.210381
0.222201
0.233895
0.116263
0.11837
0.121717
0.126676
0.13258
0.139718
0.147572
0.156394
0.165773
0.175901
0.186386
0.197406
0.208534
0.22001
0.231237
0.115936
0.118023
0.121339
0.12625
0.132077
0.139134
0.146857
0.155541
0.164719
0.17463
0.184816
0.195519
0.206228
0.217274
0.227915
0.115546
0.117611
0.12089
0.125745
0.131502
0.138446
0.146007
0.154526
0.163461
0.173115
0.182942
0.193265
0.203469
0.213996
0.223934
0.115096
0.117134
0.120371
0.125157
0.13079
0.137637
0.145024
0.153351
0.162005
0.17136
0.180766
0.190649
0.20026
0.210184
0.219302
0.114586
0.116595
0.119785
0.124507
0.130067
0.136722
0.143911
0.15202
0.160355
0.169369
0.178295
0.187678
0.196608
0.205846
0.21403
0.114019
0.115997
0.119134
0.123769
0.12918
0.135698
0.142675
0.150536
0.158515
0.167149
0.175533
0.184358
0.19252
0.200996
0.208134
0.113398
0.11534
0.118422
0.122965
0.128252
0.134582
0.14132
0.148903
0.156491
0.164702
0.172486
0.180699
0.188006
0.195645
0.201631
0.112724
0.114629
0.11765
0.12208
0.127222
0.133364
0.139849
0.147125
0.15429
0.162035
0.169161
0.176708
0.183074
0.189811
0.194541
0.112
0.113866
0.116823
0.121145
0.126118
0.132055
0.138267
0.145206
0.151917
0.159152
0.165567
0.172394
0.177733
0.183512
0.186885
0.111229
0.113054
0.115949
0.120146
0.124936
0.130656
0.136579
0.14315
0.14938
0.156057
0.161715
0.167765
0.171996
0.176767
0.178684
0.110413
0.112197
0.114996
0.119067
0.123689
0.129173
0.134788
0.140962
0.146685
0.152753
0.157614
0.162826
0.165875
0.169597
0.169955
0.109555
0.111301
0.114047
0.117938
0.122377
0.12761
0.132901
0.13865
0.143841
0.149249
0.153279
0.157582
0.159388
0.162019
0.16071
0.108659
0.110351
0.112994
0.116755
0.121003
0.125969
0.130917
0.136212
0.140843
0.145542
0.148716
0.15203
0.152558
0.154046
0.150953
0.107728
0.10938
0.11192
0.115527
0.119574
0.124265
0.128856
0.13368
0.137726
0.141668
0.143952
0.14618
0.145407
0.145654
0.140666
0.106758
0.10836
0.110799
0.114248
0.118075
0.122462
0.126662
0.130972
0.134399
0.137551
0.138944
0.140014
0.138005
0.136815
0.129862
0.105769
0.107309
0.109662
0.112977
0.116613
0.12074
0.124579
0.128408
0.131189
0.133488
0.133857
0.133636
0.130239
0.127422
0.118476
0.105769
0.107309
0.109662
0.112977
0.116613
0.12074
0.124579
0.128408
0.131189
0.133488
0.133857
0.133636
0.130239
0.127422
0.118476
0.106758
0.10836
0.110799
0.114248
0.118075
0.122462
0.126662
0.130972
0.134399
0.137551
0.138944
0.140014
0.138005
0.136815
0.129862
0.107728
0.10938
0.11192
0.115527
0.119574
0.124265
0.128856
0.13368
0.137726
0.141668
0.143952
0.14618
0.145407
0.145654
0.140666
0.108659
0.110351
0.112994
0.116755
0.121003
0.125969
0.130917
0.136212
0.140843
0.145542
0.148716
0.15203
0.152558
0.154046
0.150953
0.109555
0.111301
0.114047
0.117938
0.122377
0.12761
0.132901
0.13865
0.143841
0.149249
0.153279
0.157582
0.159388
0.162019
0.16071
0.110413
0.112197
0.114996
0.119067
0.123689
0.129173
0.134788
0.140962
0.146685
0.152753
0.157614
0.162826
0.165875
0.169597
0.169955
0.111229
0.113054
0.115949
0.120146
0.124936
0.130656
0.136579
0.14315
0.14938
0.156057
0.161715
0.167765
0.171996
0.176767
0.178684
0.112
0.113866
0.116823
0.121145
0.126118
0.132055
0.138267
0.145206
0.151917
0.159152
0.165567
0.172394
0.177733
0.183512
0.186885
0.112724
0.114629
0.11765
0.12208
0.127222
0.133364
0.139849
0.147125
0.15429
0.162035
0.169161
0.176708
0.183074
0.189811
0.194541
0.113398
0.11534
0.118422
0.122965
0.128252
0.134582
0.14132
0.148903
0.156491
0.164702
0.172486
0.180699
0.188006
0.195645
0.201631
0.114019
0.115997
0.119134
0.123769
0.12918
0.135698
0.142675
0.150536
0.158515
0.167149
0.175533
0.184358
0.19252
0.200996
0.208134
0.114586
0.116595
0.119785
0.124507
0.130067
0.136722
0.143911
0.15202
0.160355
0.169369
0.178295
0.187678
0.196608
0.205846
0.21403
0.115096
0.117134
0.120371
0.125157
0.13079
0.137637
0.145024
0.153351
0.162005
0.17136
0.180766
0.190649
0.20026
0.210184
0.219302
0.115546
0.117611
0.12089
0.125745
0.131502
0.138446
0.146007
0.154526
0.163461
0.173115
0.182942
0.193265
0.203469
0.213996
0.223934
0.115936
0.118023
0.121339
0.12625
0.132077
0.139134
0.146857
0.155541
0.164719
0.17463
0.184816
0.195519
0.206228
0.217274
0.227915
0.116263
0.11837
0.121717
0.126676
0.13258
0.139718
0.147572
0.156394
0.165773
0.175901
0.186386
0.197406
0.208534
0.22001
0.231237
0.116527
0.118649
0.122021
0.127019
0.132976
0.140182
0.148146
0.15708
0.166622
0.176924
0.187647
0.19892
0.210381
0.222201
0.233895
0.116726
0.11886
0.122251
0.127277
0.133279
0.140534
0.148581
0.157598
0.167262
0.177695
0.188596
0.20006
0.211768
0.223842
0.235885
0.116859
0.119001
0.122404
0.12745
0.133479
0.140768
0.148871
0.157945
0.16769
0.178211
0.189231
0.200821
0.212692
0.224935
0.23721
0.116925
0.119072
0.122481
0.127537
0.133581
0.140886
0.149017
0.158119
0.167904
0.17847
0.189549
0.201202
0.213155
0.225481
0.237871
0.0582444
0.0564853
0.0534366
0.0494045
0.0446545
0.0393761
0.0337626
0.0279607
0.0221122
0.0163182
0.0106723
0.00523118
4.94792e-05
-0.00485467
-0.00945729
0.0586987
0.0569515
0.0539253
0.049916
0.0451867
0.0399216
0.0343141
0.0285089
0.0226499
0.0168372
0.0111675
0.00569709
0.000483872
-0.00445391
-0.0090879
0.0595429
0.0578183
0.0548336
0.0508682
0.0461787
0.0409404
0.0353463
0.0295376
0.0236605
0.0178151
0.0121019
0.00657805
0.00130625
-0.00369458
-0.00839025
0.0607156
0.0590236
0.0560991
0.0521983
0.0475685
0.0423724
0.0368015
0.030992
0.0250933
0.0192047
0.0134321
0.00783448
0.00248093
-0.00260792
-0.00738872
0.0621604
0.0605114
0.0576655
0.0538503
0.0493015
0.0441649
0.0386302
0.0328263
0.026906
0.0209679
0.0151245
0.00943666
0.00398209
-0.00121645
-0.00610403
0.0638263
0.0622306
0.0594821
0.0557739
0.0513288
0.0462716
0.0407892
0.0350013
0.029064
0.0230743
0.0171527
0.011362
0.00579047
0.000463442
-0.00454977
0.0656669
0.0641352
0.061503
0.0579238
0.0536063
0.0486511
0.0432408
0.0374831
0.0315377
0.0254985
0.0194954
0.0135931
0.00789189
0.00242041
-0.00273489
0.0676405
0.0661839
0.0636864
0.0602586
0.0560942
0.0512657
0.0459509
0.0402417
0.0343014
0.0282192
0.0221354
0.0161163
0.010276
0.00464671
-0.000665015
0.0697102
0.0683397
0.0659949
0.0627408
0.0587559
0.0540814
0.0488881
0.0432497
0.0373318
0.0312177
0.0250581
0.0189208
0.012935
0.00713722
0.00165679
0.0718431
0.0705696
0.0683944
0.0653362
0.0615579
0.0570663
0.0520236
0.0464816
0.0406079
0.0344769
0.0282507
0.0219975
0.0158631
0.00988869
0.00422924
0.0740106
0.0728449
0.0708544
0.0680141
0.0644695
0.0601908
0.05533
0.0499134
0.0441093
0.0379809
0.0317016
0.0253386
0.0190557
0.0128991
0.00705226
0.0761878
0.0751399
0.0733478
0.0707464
0.067462
0.063427
0.058781
0.0535219
0.0478165
0.0417145
0.0353994
0.0289367
0.0225087
0.0161673
0.0101265
0.0783534
0.0774326
0.0758505
0.0735082
0.0705093
0.0667488
0.0623517
0.0572843
0.0517103
0.0456623
0.0393331
0.0327847
0.0262185
0.0196922
0.013453
0.0804895
0.0797041
0.0783413
0.076277
0.0735871
0.0701314
0.0660178
0.0611784
0.0557712
0.0498088
0.0434911
0.0368752
0.0301811
0.0234729
0.0170328
0.0825813
0.081938
0.0808019
0.079033
0.076673
0.073552
0.0697557
0.065182
0.0599797
0.054138
0.0478614
0.0412001
0.034392
0.027508
0.0208664
0.0846166
0.0841208
0.0832168
0.0817587
0.0797468
0.0769889
0.0735429
0.0692732
0.0643159
0.058633
0.0524311
0.0457507
0.038846
0.0317955
0.0249539
0.0865859
0.0862412
0.0855731
0.0844387
0.0827902
0.0804222
0.0773572
0.0734305
0.0687595
0.0632763
0.0571864
0.0505172
0.0435372
0.0363325
0.0292944
0.0884818
0.0882903
0.0878601
0.0870599
0.0857868
0.0838335
0.0811776
0.0776327
0.0732897
0.0680496
0.0621128
0.0554888
0.0484585
0.0411152
0.0338859
0.0902987
0.090261
0.0900694
0.089611
0.0887224
0.0872058
0.0849841
0.0818591
0.0778855
0.072934
0.0671948
0.0606535
0.053602
0.0461384
0.0387249
0.0920331
0.0921483
0.0921948
0.0920826
0.0915848
0.0905237
0.0887578
0.08609
0.0825253
0.0779099
0.0724158
0.0659981
0.0589592
0.0513961
0.0438066
0.0936826
0.0939486
0.0942315
0.094467
0.0943638
0.0937735
0.0924812
0.0903063
0.0871872
0.0829578
0.0777578
0.0715083
0.064521
0.0568805
0.0491248
0.0952461
0.0956599
0.0961764
0.096758
0.097051
0.0969426
0.0961386
0.0944894
0.0918496
0.0880581
0.0832015
0.0771695
0.070278
0.0625825
0.0546726
0.0967237
0.0972813
0.0980277
0.0989513
0.0996399
0.10002
0.099716
0.0986217
0.0964911
0.0931911
0.0887258
0.0829673
0.0762199
0.068492
0.0604421
0.0981161
0.0988133
0.0997849
0.101044
0.102126
0.102997
0.103201
0.102686
0.101092
0.0983368
0.0943082
0.0888885
0.0823362
0.0745999
0.0664251
0.099425
0.100257
0.101448
0.103034
0.104504
0.105865
0.106584
0.106667
0.105632
0.103475
0.0999257
0.0949214
0.0886165
0.0809061
0.0726195
0.100653
0.101615
0.103019
0.104921
0.106775
0.108619
0.109857
0.110551
0.110097
0.108585
0.105557
0.101056
0.0950489
0.0874257
0.079043
0.101801
0.102888
0.104498
0.106706
0.108936
0.111255
0.113014
0.114325
0.114473
0.113646
0.111177
0.107277
0.101606
0.0941695
0.085709
0.102874
0.104081
0.105889
0.10839
0.110986
0.113768
0.116046
0.117972
0.118737
0.118621
0.116746
0.113534
0.108223
0.101095
0.0925033
0.103874
0.105194
0.10719
0.109969
0.112917
0.116145
0.11893
0.121459
0.122848
0.123453
0.12221
0.119756
0.114851
0.108177
0.0990489
0.104805
0.106233
0.108405
0.111445
0.114729
0.118383
0.121667
0.124791
0.12682
0.128186
0.127658
0.126091
0.121788
0.116112
0.105598
-0.0130519
-0.0157843
-0.0185783
-0.0214177
-0.0242922
-0.027198
-0.0301341
-0.033099
-0.0360901
-0.0391041
-0.0421375
-0.0451867
-0.0482484
-0.0513192
-0.0543957
-0.0574744
-0.0605517
-0.0636241
-0.06669
-0.0697516
-0.0126897
-0.0154185
-0.018217
-0.0210609
-0.0239391
-0.02685
-0.0297946
-0.0327725
-0.0357813
-0.0388174
-0.0418769
-0.0449563
-0.048052
-0.0511606
-0.0542786
-0.0574025
-0.0605288
-0.0636542
-0.066776
-0.0698906
-0.0120255
-0.0147853
-0.0176335
-0.020529
-0.0234552
-0.0264126
-0.0294053
-0.0324343
-0.0354968
-0.0385886
-0.0417052
-0.0448425
-0.047997
-0.0511649
-0.0543424
-0.0575253
-0.0607092
-0.0638902
-0.0670661
-0.0702373
-0.0110742
-0.0138885
-0.016816
-0.0197894
-0.0227851
-0.0258074
-0.0288654
-0.0319626
-0.0350961
-0.0382606
-0.0414511
-0.0446632
-0.0478935
-0.0511385
-0.0543942
-0.0576568
-0.0609225
-0.0641874
-0.0674496
-0.0707058
-0.00985697
-0.0127506
-0.0157888
-0.0188697
-0.0219608
-0.0250721
-0.0282197
-0.0314097
-0.0346389
-0.0379004
-0.0411882
-0.044498
-0.0478263
-0.0511696
-0.0545239
-0.0578849
-0.061248
-0.0646093
-0.0679671
-0.0713197
-0.00838435
-0.01138
-0.0145582
-0.0177727
-0.020981
-0.024201
-0.0274576
-0.0307601
-0.0341043
-0.0374814
-0.0408843
-0.0443087
-0.0477513
-0.051209
-0.0546777
-0.0581531
-0.0616309
-0.0651071
-0.0685808
-0.0720487
-0.00666355
-0.0097832
-0.0131303
-0.0165041
-0.0198506
-0.0231986
-0.0265841
-0.0300198
-0.0334994
-0.0370119
-0.040549
-0.0441065
-0.0476817
-0.0512717
-0.0548723
-0.058479
-0.0620872
-0.0656928
-0.0692957
-0.0728927
-0.00469836
-0.00796361
-0.0115082
-0.0150657
-0.0185701
-0.0220645
-0.0255981
-0.0291867
-0.0328213
-0.0364876
-0.0401764
-0.0438839
-0.0476081
-0.0513463
-0.0550944
-0.0588477
-0.0626015
-0.0663518
-0.0700995
-0.0738408
-0.00249017
-0.00592244
-0.00969328
-0.0134581
-0.0171391
-0.020798
-0.024499
-0.0282605
-0.0320696
-0.0359082
-0.0397661
-0.0436406
-0.0475305
-0.0514332
-0.0553447
-0.05926
-0.0631742
-0.0670835
-0.0709898
-0.0748891
-3.8725e-05
-0.00365958
-0.00768547
-0.0116807
-0.0155563
-0.0193973
-0.0232853
-0.02724
-0.0312429
-0.0352718
-0.0393161
-0.0433741
-0.0474459
-0.0515291
-0.0556193
-0.0597114
-0.0638005
-0.0678828
-0.0719618
-0.0760329
0.00265737
-0.00117399
-0.00548401
-0.00973192
-0.0138194
-0.0178604
-0.0219555
-0.026124
-0.03034
-0.0345771
-0.0388247
-0.043083
-0.0473531
-0.0516326
-0.055917
-0.0602007
-0.0644789
-0.0687478
-0.073013
-0.0772692
0.0056002
0.00153586
-0.0030876
-0.00760962
-0.0119256
-0.016185
-0.020508
-0.0249112
-0.0293595
-0.0338225
-0.0382904
-0.0427658
-0.0472506
-0.0517423
-0.056236
-0.060726
-0.0652074
-0.0696765
-0.0741411
-0.0785955
0.00879215
0.00447166
-0.000494617
-0.00531124
-0.00987206
-0.0143686
-0.0189413
-0.0236003
-0.0282999
-0.0330063
-0.0377119
-0.0424213
-0.0471374
-0.0518574
-0.0565757
-0.0612866
-0.0659854
-0.0706678
-0.0753451
-0.0800105
0.0122356
0.00763493
0.00229658
-0.002834
-0.00765559
-0.0124091
-0.017254
-0.0221901
-0.0271598
-0.0321272
-0.0370876
-0.0420484
-0.0470127
-0.0519769
-0.056935
-0.0618815
-0.0668115
-0.0717203
-0.0766235
-0.0815129
0.0159324
0.0110268
0.00528749
-0.000175101
-0.00527325
-0.0103045
-0.015445
-0.0206794
-0.0259375
-0.0311833
-0.0364164
-0.0416464
-0.0468759
-0.0521005
-0.0573143
-0.0625119
-0.0676881
-0.0728359
-0.0779775
-0.0831034
0.0198841
0.0146477
0.00847929
0.00266814
-0.00272238
-0.00805344
-0.0135134
-0.0190669
-0.0246314
-0.0301733
-0.0356973
-0.0412144
-0.0467259
-0.0522265
-0.0577102
-0.0631722
-0.0686071
-0.074008
-0.0794037
-0.0847799
0.0240909
0.0184971
0.0118727
0.00569813
-7.32958e-07
-0.00565491
-0.0114586
-0.0173514
-0.0232398
-0.0290957
-0.0349295
-0.0407522
-0.0465631
-0.0523566
-0.0581288
-0.0638767
-0.0695941
-0.0752586
-0.0809161
-0.086549
0.0285518
0.0225731
0.0154676
0.00891686
0.00289332
-0.00310855
-0.00928027
-0.0155316
-0.0217614
-0.0279498
-0.0341128
-0.0402593
-0.0463851
-0.0524827
-0.0585465
-0.0645733
-0.0705661
-0.0765618
-0.0825127
-0.0884108
0.0332641
0.0268723
0.019263
0.0123257
0.00596073
-0.000414609
-0.00697802
-0.0136061
-0.0201943
-0.0267344
-0.0332469
-0.0397371
-0.0461976
-0.0526216
-0.0590064
-0.0653504
-0.0716535
-0.0779363
-0.0841731
-0.0903524
0.0382229
0.0313889
0.0232569
0.0159255
0.00920155
0.00242594
-0.00455176
-0.0115734
-0.0185374
-0.0254491
-0.0323319
-0.039185
-0.0459977
-0.0527638
-0.0594813
-0.0661487
-0.0727657
-0.07936
-0.0859031
-0.0923788
0.0434207
0.0361142
0.0274455
0.0197163
0.0126148
0.00541135
-0.00200141
-0.00943188
-0.0167891
-0.0240931
-0.0313667
-0.0386016
-0.0457845
-0.0529107
-0.0599794
-0.0669886
-0.073937
-0.0808543
-0.0877128
-0.0944939
0.0488463
0.0410361
0.0318238
0.0236974
0.0161982
0.00853887
0.000673031
-0.00718005
-0.0149486
-0.0226662
-0.0303508
-0.0379862
-0.0455575
-0.0530619
-0.0604986
-0.0678647
-0.0751576
-0.0824127
-0.0895996
-0.0966967
0.054484
0.0461371
0.0363852
0.0278673
0.0199476
0.011805
0.00347192
-0.00481648
-0.0130158
-0.0211683
-0.0292834
-0.0373377
-0.0453161
-0.0532173
-0.0610397
-0.0687793
-0.0764314
-0.0840382
-0.0915655
-0.0989887
0.0603092
0.0513928
0.0411217
0.0322234
0.0238561
0.0152053
0.00639551
-0.00234058
-0.0109909
-0.0195992
-0.028163
-0.0366543
-0.045059
-0.0533761
-0.0616024
-0.0697319
-0.0777579
-0.0857309
-0.093611
-0.10137
0.0662848
0.0567693
0.0460246
0.0367614
0.0279149
0.0187365
0.00944492
0.000247077
-0.00887581
-0.0179595
-0.0269894
-0.0359362
-0.0447865
-0.0535386
-0.0621876
-0.0707254
-0.0791401
-0.0874932
-0.0957374
-0.103841
0.072361
0.062223
0.0510816
0.0414685
0.0321089
0.0223947
0.0126217
0.0029472
-0.00666866
-0.0162452
-0.0257581
-0.0351792
-0.044495
-0.0537014
-0.062791
-0.0717516
-0.0805723
-0.0893241
-0.0979455
-0.106402
0.078477
0.0677185
0.0562925
0.0463332
0.0364251
0.0261751
0.0159165
0.00574527
-0.00438272
-0.0144668
-0.0244776
-0.03439
-0.0441888
-0.0538689
-0.0634243
-0.0728411
-0.0820776
-0.0912351
-0.10024
-0.109057
0.0845205
0.0732089
0.0616352
0.0513224
0.0408605
0.030104
0.0193626
0.00867754
-0.00197997
-0.0125902
-0.0231211
-0.0335471
-0.0438496
-0.0540162
-0.0640344
-0.073882
-0.0835956
-0.0932069
-0.102612
-0.111795
0.0902456
0.0787099
0.0671338
0.0563831
0.0453309
0.0340633
0.0228196
0.0116064
0.000414815
-0.0107256
-0.021782
-0.032732
-0.0435575
-0.0542536
-0.0648236
-0.0752397
-0.0852967
-0.0952691
-0.105039
-0.114587
0.0949339
0.0838691
0.0727259
0.061703
0.0502213
0.0385126
0.0267735
0.0150279
0.00328941
-0.00840575
-0.0200137
-0.0315037
-0.0428503
-0.05403
-0.0650256
-0.0758769
-0.0867842
-0.0973595
-0.107571
-0.117506
-0.0728052
-0.0758424
-0.0788574
-0.0818477
-0.0848122
-0.0877492
-0.0906562
-0.0935308
-0.0963705
-0.099173
-0.101936
-0.104658
-0.107336
-0.10997
-0.112557
-0.115095
-0.117584
-0.120022
-0.122409
-0.124744
-0.0729923
-0.0760759
-0.0791388
-0.0821786
-0.0851924
-0.0881772
-0.09113
-0.0940479
-0.0969281
-0.0997681
-0.102565
-0.105318
-0.108024
-0.11068
-0.113286
-0.11584
-0.11834
-0.120784
-0.123175
-0.125512
-0.0734
-0.0765462
-0.0796701
-0.0827684
-0.0858389
-0.088879
-0.0918857
-0.0948562
-0.0977876
-0.100677
-0.103523
-0.106322
-0.109073
-0.111773
-0.114421
-0.117015
-0.119555
-0.122038
-0.12447
-0.126853
-0.0739501
-0.0771757
-0.0803788
-0.0835565
-0.0867063
-0.089825
-0.0929096
-0.0959568
-0.0989638
-0.101928
-0.104846
-0.107717
-0.110537
-0.113306
-0.116021
-0.11868
-0.121284
-0.123829
-0.126326
-0.128779
-0.0746615
-0.077985
-0.0812851
-0.0845587
-0.0878034
-0.0910161
-0.0941937
-0.097333
-0.100431
-0.103485
-0.106492
-0.109451
-0.112358
-0.115213
-0.118013
-0.120757
-0.123445
-0.126075
-0.12866
-0.131209
-0.0755045
-0.0789405
-0.0823523
-0.0857371
-0.0890924
-0.0924152
-0.0957022
-0.0989503
-0.102156
-0.105318
-0.108432
-0.111497
-0.11451
-0.11747
-0.120375
-0.123223
-0.126016
-0.128751
-0.131447
-0.134115
-0.0764771
-0.0800409
-0.0835795
-0.0870905
-0.0905712
-0.0940189
-0.0974302
-0.100802
-0.104131
-0.107415
-0.110652
-0.113839
-0.116974
-0.120055
-0.123083
-0.126052
-0.128969
-0.131826
-0.134652
-0.13746
-0.0775682
-0.0812737
-0.084953
-0.0886038
-0.0922238
-0.0958102
-0.0993598
-0.102869
-0.106336
-0.109758
-0.113132
-0.116455
-0.119728
-0.122947
-0.126113
-0.12922
-0.132277
-0.135275
-0.13825
-0.141216
-0.0787733
-0.0826341
-0.0864674
-0.0902714
-0.094044
-0.0977825
-0.101484
-0.105145
-0.108763
-0.112335
-0.11586
-0.119335
-0.122759
-0.12613
-0.129449
-0.13271
-0.135923
-0.139077
-0.142217
-0.145359
-0.0800872
-0.0841163
-0.0881164
-0.0920862
-0.0960241
-0.0999272
-0.103793
-0.107617
-0.111399
-0.115135
-0.118824
-0.122463
-0.126053
-0.129589
-0.133075
-0.136503
-0.139887
-0.143211
-0.146531
-0.149864
-0.0815066
-0.0857165
-0.0898958
-0.0940437
-0.0981587
-0.102238
-0.10628
-0.11028
-0.114238
-0.118149
-0.122014
-0.12583
-0.129597
-0.13331
-0.136976
-0.140584
-0.144151
-0.14766
-0.151173
-0.154711
-0.0830287
-0.0874317
-0.0918021
-0.0961397
-0.100443
-0.104711
-0.10894
-0.113127
-0.117271
-0.12137
-0.125422
-0.129424
-0.133379
-0.137282
-0.141138
-0.144937
-0.1487
-0.152403
-0.156123
-0.159877
-0.0846517
-0.0892597
-0.0938326
-0.0983712
-0.102875
-0.107341
-0.111768
-0.116152
-0.120493
-0.124788
-0.129037
-0.133237
-0.13739
-0.141491
-0.145548
-0.149548
-0.153516
-0.157425
-0.161361
-0.165341
-0.0863745
-0.0911988
-0.0959852
-0.100735
-0.105449
-0.110124
-0.114759
-0.11935
-0.123897
-0.128398
-0.132853
-0.137258
-0.141619
-0.145927
-0.150193
-0.154402
-0.158584
-0.162706
-0.166866
-0.17108
-0.0881969
-0.0932486
-0.098259
-0.103231
-0.108164
-0.113058
-0.117909
-0.122715
-0.127477
-0.132191
-0.13686
-0.141479
-0.146053
-0.150576
-0.155058
-0.159483
-0.163885
-0.168226
-0.172617
-0.177071
-0.0901167
-0.0954063
-0.100651
-0.105855
-0.111017
-0.116138
-0.121213
-0.126243
-0.131227
-0.136162
-0.141051
-0.14589
-0.150684
-0.155426
-0.160129
-0.164775
-0.169402
-0.173966
-0.178592
-0.183287
-0.0921367
-0.0976732
-0.103162
-0.108607
-0.114007
-0.119362
-0.124669
-0.129929
-0.13514
-0.140303
-0.145416
-0.15048
-0.155498
-0.160463
-0.165391
-0.170261
-0.175115
-0.179904
-0.184766
-0.189703
-0.0942562
-0.100049
-0.105791
-0.111484
-0.11713
-0.122727
-0.128272
-0.133768
-0.139212
-0.144606
-0.149948
-0.15524
-0.160483
-0.165675
-0.170828
-0.175924
-0.181004
-0.186019
-0.191116
-0.196292
-0.0964712
-0.102531
-0.108535
-0.114486
-0.120384
-0.126229
-0.132018
-0.137754
-0.143434
-0.149063
-0.154635
-0.160157
-0.165626
-0.171046
-0.176422
-0.181745
-0.187048
-0.19229
-0.197615
-0.203031
-0.0987829
-0.105119
-0.111393
-0.117609
-0.123766
-0.129864
-0.135902
-0.141882
-0.147801
-0.153666
-0.159468
-0.165222
-0.170914
-0.176563
-0.182156
-0.187704
-0.193223
-0.198691
-0.204237
-0.209894
-0.101193
-0.107814
-0.114367
-0.120854
-0.127275
-0.13363
-0.139919
-0.146145
-0.152303
-0.158405
-0.164436
-0.170422
-0.176332
-0.18221
-0.188014
-0.193789
-0.199512
-0.205204
-0.210955
-0.216851
-0.103699
-0.110615
-0.117453
-0.124217
-0.130906
-0.137522
-0.144064
-0.150536
-0.156933
-0.16327
-0.169526
-0.175739
-0.181861
-0.187965
-0.193968
-0.199973
-0.205886
-0.211806
-0.217744
-0.223872
-0.106304
-0.113521
-0.12065
-0.127696
-0.134657
-0.141536
-0.148331
-0.15505
-0.161683
-0.168251
-0.174728
-0.181162
-0.187485
-0.193807
-0.199989
-0.206219
-0.212297
-0.218451
-0.224556
-0.230917
-0.109006
-0.116531
-0.123958
-0.13129
-0.138526
-0.145669
-0.152717
-0.159679
-0.166549
-0.173344
-0.18004
-0.186688
-0.193211
-0.199743
-0.20609
-0.212536
-0.218738
-0.225123
-0.231341
-0.237945
-0.111804
-0.119644
-0.127374
-0.134995
-0.142507
-0.149914
-0.157215
-0.164418
-0.171519
-0.178534
-0.185445
-0.1923
-0.199023
-0.205758
-0.212278
-0.218942
-0.225248
-0.231872
-0.238127
-0.244981
-0.114699
-0.122858
-0.130893
-0.138804
-0.146592
-0.154259
-0.161807
-0.16924
-0.17656
-0.183777
-0.190882
-0.197914
-0.204814
-0.211715
-0.218398
-0.225256
-0.231678
-0.238574
-0.244844
-0.252015
-0.117696
-0.126178
-0.134517
-0.142716
-0.150774
-0.158693
-0.166474
-0.174122
-0.18164
-0.189036
-0.196305
-0.203474
-0.210507
-0.217507
-0.224301
-0.231265
-0.237777
-0.244917
-0.251208
-0.258861
-0.120788
-0.129608
-0.138264
-0.146759
-0.155095
-0.163273
-0.171297
-0.179171
-0.186899
-0.194488
-0.20194
-0.209268
-0.216456
-0.223565
-0.23048
-0.237498
-0.244077
-0.251352
-0.25757
-0.265772
-0.123947
-0.13313
-0.14214
-0.150975
-0.159633
-0.168116
-0.176432
-0.184585
-0.192583
-0.200433
-0.208142
-0.215716
-0.223155
-0.23048
-0.237633
-0.244772
-0.251518
-0.258793
-0.264952
-0.273423
-0.127199
-0.136699
-0.146025
-0.155161
-0.164095
-0.17283
-0.181373
-0.189734
-0.197922
-0.205945
-0.213816
-0.221543
-0.229136
-0.236598
-0.24392
-0.251137
-0.258082
-0.265167
-0.271439
-0.279589
-0.13053
-0.139078
-0.146763
-0.153282
-0.158349
-0.1617
-0.163081
-0.16225
-0.158994
-0.153188
-0.144837
-0.134119
-0.121405
-0.10725
-0.0923605
-0.077524
-0.0634297
-0.0506332
-0.0395363
-0.030264
-0.0227175
-0.016762
-0.0121762
-0.00871939
-0.00612785
-0.00423645
-0.0028452
-0.0018248
-0.00101002
-0.000316391
-0.131353
-0.139968
-0.14768
-0.154199
-0.159258
-0.162596
-0.163954
-0.163079
-0.159755
-0.153855
-0.145388
-0.13453
-0.121662
-0.107352
-0.0923247
-0.0773812
-0.0632196
-0.0503971
-0.0393045
-0.0300541
-0.0225407
-0.0166218
-0.0120701
-0.00864187
-0.00607311
-0.00419928
-0.00282126
-0.00181072
-0.00100249
-0.000314603
-0.132863
-0.141623
-0.149383
-0.155903
-0.160948
-0.164265
-0.165583
-0.164632
-0.161181
-0.155107
-0.14642
-0.135301
-0.122143
-0.10754
-0.0922541
-0.0771111
-0.062825
-0.0499537
-0.0388696
-0.0296616
-0.022211
-0.0163605
-0.0118727
-0.00849776
-0.0059715
-0.0041302
-0.00277683
-0.00178442
-0.000988429
-0.000311091
-0.135018
-0.143972
-0.151792
-0.15831
-0.163338
-0.166629
-0.167889
-0.166824
-0.163194
-0.156875
-0.147878
-0.136387
-0.122816
-0.107798
-0.0921458
-0.0767224
-0.0622632
-0.0493258
-0.038256
-0.0291102
-0.0217493
-0.0159956
-0.0115975
-0.00829722
-0.00583031
-0.00403422
-0.0027151
-0.00174772
-0.000968849
-0.000306142
-0.137746
-0.146935
-0.154816
-0.161328
-0.16634
-0.169602
-0.170789
-0.169581
-0.165727
-0.159102
-0.149714
-0.137751
-0.123655
-0.10811
-0.091995
-0.0762205
-0.0615481
-0.0485329
-0.0374848
-0.0284206
-0.0211743
-0.0155425
-0.0112567
-0.00804941
-0.00565617
-0.00391588
-0.002639
-0.00170225
-0.000944624
-0.000299952
-0.141005
-0.150456
-0.158389
-0.164891
-0.16989
-0.173121
-0.174219
-0.17284
-0.168724
-0.161741
-0.151889
-0.139362
-0.124636
-0.108462
-0.091796
-0.0756087
-0.0606912
-0.0475913
-0.0365744
-0.0276113
-0.0205027
-0.0150151
-0.0108612
-0.0077626
-0.00545509
-0.00377924
-0.00255114
-0.00164946
-0.000916531
-0.000292692
-0.144756
-0.154479
-0.162449
-0.168937
-0.173928
-0.177124
-0.17812
-0.176547
-0.172137
-0.16475
-0.154369
-0.141192
-0.125739
-0.108839
-0.0915426
-0.0748893
-0.0597018
-0.0465151
-0.0355408
-0.0266985
-0.0197493
-0.0144259
-0.0104208
-0.0074442
-0.00523245
-0.00362797
-0.00245389
-0.00159065
-0.000885447
-0.000284508
-0.148964
-0.158958
-0.166942
-0.173413
-0.178398
-0.181558
-0.182438
-0.180653
-0.175924
-0.168095
-0.157125
-0.143218
-0.126945
-0.109229
-0.0912288
-0.0740638
-0.0585882
-0.0453168
-0.0343987
-0.025697
-0.0189276
-0.0137861
-0.00994432
-0.00710086
-0.00499302
-0.00346532
-0.00234933
-0.00152699
-0.00085197
-0.000275519
-0.1536
-0.163849
-0.17182
-0.178268
-0.183251
-0.186372
-0.187126
-0.185114
-0.180049
-0.171746
-0.160132
-0.145419
-0.128238
-0.109619
-0.0908488
-0.0731334
-0.0573579
-0.0440076
-0.0331614
-0.0246202
-0.0180495
-0.0131057
-0.00943962
-0.00673844
-0.00474104
-0.00329415
-0.00223931
-0.00145952
-0.000816698
-0.000265826
-0.158633
-0.16911
-0.177036
-0.183457
-0.188442
-0.191519
-0.192138
-0.189891
-0.18448
-0.175675
-0.163367
-0.147778
-0.129603
-0.11
-0.0903976
-0.0720995
-0.0560182
-0.0425981
-0.0318412
-0.0234805
-0.017126
-0.0123937
-0.00891365
-0.00636215
-0.0044802
-0.00311697
-0.00212544
-0.00138916
-0.000780178
-0.000255515
-0.164039
-0.174702
-0.182548
-0.188936
-0.193925
-0.196953
-0.197432
-0.19495
-0.189187
-0.179858
-0.166813
-0.150278
-0.131026
-0.110361
-0.0898709
-0.0709638
-0.0545757
-0.0410984
-0.0304497
-0.022289
-0.0161669
-0.0116581
-0.00837255
-0.00597654
-0.00421374
-0.00293597
-0.0020091
-0.00131673
-0.000742902
-0.000244662
-0.16979
-0.180584
-0.188315
-0.194665
-0.199661
-0.202633
-0.20297
-0.200256
-0.194144
-0.184275
-0.17045
-0.152906
-0.132498
-0.110695
-0.0892651
-0.0697285
-0.0530372
-0.0395181
-0.0289975
-0.0210559
-0.0151812
-0.0109061
-0.00782175
-0.00558559
-0.00394442
-0.00275301
-0.0018915
-0.00124295
-0.000705307
-0.000233335
-0.175858
-0.186717
-0.194296
-0.200605
-0.205607
-0.208517
-0.208714
-0.205781
-0.199327
-0.188904
-0.174264
-0.155649
-0.134006
-0.110993
-0.0885779
-0.0683962
-0.0514096
-0.0378664
-0.0274947
-0.0197908
-0.0141767
-0.010144
-0.00726597
-0.00519272
-0.00367462
-0.0025697
-0.00177365
-0.00116844
-0.000667778
-0.000221599
-0.182216
-0.193061
-0.200455
-0.20672
-0.211724
-0.214567
-0.214631
-0.211496
-0.204713
-0.193727
-0.178242
-0.158496
-0.135543
-0.111249
-0.0878073
-0.0669701
-0.0496998
-0.0361524
-0.0259509
-0.0185022
-0.0131607
-0.00937733
-0.00670932
-0.00480089
-0.00340636
-0.00238738
-0.00165641
-0.00109377
-0.000630645
-0.000209512
-0.188835
-0.199575
-0.206755
-0.212974
-0.217974
-0.220744
-0.220689
-0.217376
-0.21028
-0.198729
-0.18237
-0.161438
-0.137099
-0.111459
-0.0869526
-0.0654541
-0.0479146
-0.0343849
-0.0243749
-0.0171981
-0.0121395
-0.008611
-0.00615535
-0.0044126
-0.00314131
-0.00220719
-0.00154047
-0.0010194
-0.000594187
-0.00019713
-0.195684
-0.206221
-0.213162
-0.219335
-0.22432
-0.227016
-0.226859
-0.223396
-0.216009
-0.203892
-0.186639
-0.164465
-0.138668
-0.111617
-0.0860139
-0.0638525
-0.0460614
-0.0325724
-0.0227751
-0.0158857
-0.0111188
-0.00784925
-0.00560708
-0.00402995
-0.00288088
-0.00203006
-0.00142644
-0.000945763
-0.000558639
-0.000184504
-0.202731
-0.212961
-0.219644
-0.225771
-0.230727
-0.233348
-0.233115
-0.229534
-0.221882
-0.209203
-0.191037
-0.16757
-0.140243
-0.111719
-0.0849917
-0.06217
-0.0441473
-0.0307232
-0.0211592
-0.0145714
-0.0101037
-0.00709572
-0.00506708
-0.0036547
-0.0026262
-0.00185673
-0.00131477
-0.000873209
-0.000524192
-0.000171687
-0.209941
-0.219759
-0.226172
-0.232251
-0.237163
-0.239713
-0.239429
-0.235766
-0.227879
-0.214648
-0.195556
-0.170745
-0.141819
-0.111764
-0.0838878
-0.060412
-0.0421799
-0.0288452
-0.0195345
-0.013261
-0.00909858
-0.00635355
-0.00453748
-0.00328826
-0.00237818
-0.00168781
-0.00120586
-0.000802046
-0.000490999
-0.000158729
-0.217274
-0.226579
-0.232718
-0.238743
-0.243595
-0.246081
-0.245779
-0.242073
-0.233983
-0.220212
-0.200186
-0.173982
-0.14339
-0.111749
-0.0827043
-0.0585841
-0.0401665
-0.026946
-0.0179077
-0.01196
-0.00810718
-0.00562538
-0.00402005
-0.00293181
-0.00213753
-0.00152378
-0.0011
-0.000732539
-0.00045918
-0.000145678
-0.22469
-0.233387
-0.239256
-0.245218
-0.249993
-0.252427
-0.252139
-0.248431
-0.240175
-0.225882
-0.204916
-0.177274
-0.144952
-0.111674
-0.0814443
-0.0566924
-0.0381146
-0.0250332
-0.016285
-0.0106729
-0.00713288
-0.00491345
-0.00351627
-0.00258624
-0.00190479
-0.00136499
-0.000997433
-0.000664909
-0.000428823
-0.000132579
-0.232141
-0.240153
-0.24576
-0.251646
-0.25633
-0.258724
-0.258486
-0.25482
-0.246436
-0.231641
-0.209736
-0.180614
-0.1465
-0.111537
-0.0801115
-0.0547434
-0.036032
-0.0231138
-0.0146722
-0.00940408
-0.00617855
-0.00421962
-0.00302729
-0.00225227
-0.00168038
-0.00121171
-0.000898328
-0.000599345
-0.00039999
-0.000119478
-0.239581
-0.246846
-0.252205
-0.257995
-0.262576
-0.264948
-0.264794
-0.261214
-0.252744
-0.237472
-0.214633
-0.183991
-0.148029
-0.111339
-0.0787103
-0.052744
-0.0339262
-0.0211946
-0.0130746
-0.0081572
-0.00524664
-0.00354543
-0.00255405
-0.0019304
-0.00146455
-0.00106413
-0.000802824
-0.000536004
-0.000372714
-0.000106413
-0.246966
-0.253438
-0.258567
-0.264238
-0.268707
-0.271072
-0.271036
-0.267586
-0.259074
-0.243353
-0.21959
-0.187395
-0.149536
-0.11108
-0.0772457
-0.0507018
-0.031805
-0.0192823
-0.0114973
-0.00693566
-0.00433925
-0.00289211
-0.00209728
-0.00162102
-0.00125748
-0.000922351
-0.000711019
-0.000475011
-0.000347006
-9.34213e-05
-0.254244
-0.259907
-0.264824
-0.270345
-0.274695
-0.277068
-0.277181
-0.273906
-0.265393
-0.249257
-0.224586
-0.190814
-0.151014
-0.110762
-0.0757237
-0.0486244
-0.0296761
-0.0173833
-0.00994479
-0.00574241
-0.00345813
-0.00226066
-0.0016575
-0.00132435
-0.00105926
-0.000786458
-0.000622979
-0.000416466
-0.000322855
-8.05356e-05
-0.261367
-0.266227
-0.270951
-0.276284
-0.280511
-0.282903
-0.283192
-0.280133
-0.271663
-0.25515
-0.229596
-0.194231
-0.152457
-0.110387
-0.0741508
-0.0465204
-0.0275475
-0.0155038
-0.0084215
-0.00458016
-0.00260481
-0.00165189
-0.00123514
-0.00104053
-0.000869907
-0.000656479
-0.000538754
-0.000360449
-0.000300228
-6.77845e-05
-0.268283
-0.272372
-0.276917
-0.282018
-0.286116
-0.288538
-0.289025
-0.28622
-0.277836
-0.260989
-0.234587
-0.197624
-0.153857
-0.109956
-0.072534
-0.0443984
-0.0254271
-0.01365
-0.00693156
-0.00345141
-0.0017807
-0.00106655
-0.00083055
-0.000769656
-0.000689418
-0.000532425
-0.00045838
-0.00030702
-0.000279077
-5.51931e-05
-0.274914
-0.278311
-0.282684
-0.287502
-0.291464
-0.293922
-0.294627
-0.292112
-0.283855
-0.266722
-0.239516
-0.200969
-0.155205
-0.10947
-0.0708808
-0.0422677
-0.023323
-0.0118275
-0.00547847
-0.00235799
-0.000986568
-0.000504882
-0.000443742
-0.000511601
-0.000517641
-0.000414215
-0.000381832
-0.000256195
-0.000259343
-4.27847e-05
-0.281215
-0.284015
-0.288222
-0.292701
-0.296516
-0.298984
-0.299928
-0.29775
-0.28967
-0.272306
-0.24435
-0.204247
-0.156496
-0.108938
-0.0692029
-0.0401389
-0.0212428
-0.0100405
-0.00406341
-0.00129922
-0.00022111
3.4491e-05
-7.35609e-05
-0.000265569
-0.000354104
-0.000301536
-0.000308938
-0.000207867
-0.000240953
-3.05844e-05
-0.287243
-0.289454
-0.293498
-0.297592
-0.301271
-0.303712
-0.304919
-0.303131
-0.295283
-0.277756
-0.24911
-0.207484
-0.157759
-0.108382
-0.0675165
-0.0380201
-0.0191893
-0.00829094
-0.00268694
-0.000274541
0.00051658
0.000552478
0.000280707
-3.11584e-05
-0.000198663
-0.000194303
-0.000239669
-0.000161981
-0.000223792
-1.86083e-05
-0.292986
-0.294426
-0.298331
-0.302037
-0.305655
-0.30838
-0.309767
-0.308257
-0.300641
-0.283002
-0.25373
-0.210619
-0.15893
-0.107739
-0.0657736
-0.0358925
-0.0171649
-0.00659483
-0.00137277
0.000691357
0.00120609
0.00103339
0.000607932
0.000185363
-5.45124e-05
-9.47391e-05
-0.000175426
-0.000119493
-0.000207663
-6.83197e-06
-0.2982
-0.298381
-0.302247
-0.305533
-0.308912
-0.311214
-0.312833
-0.311588
-0.304003
-0.286105
-0.256269
-0.211995
-0.158847
-0.1064
-0.0637332
-0.0336927
-0.0151703
-0.00495649
-0.000133048
0.00158102
0.00183459
0.00146833
0.00090392
0.000386709
8.40372e-05
1.20859e-06
-0.000113122
-7.85469e-05
-0.000190825
6.04568e-06
-0.302405
-0.303519
-0.307502
-0.310299
-0.313581
-0.316134
-0.317695
-0.316219
-0.30792
-0.288731
-0.256992
-0.210207
-0.154988
-0.101411
-0.0588854
-0.0296454
-0.0121021
-0.00275302
0.00140345
0.00265421
0.00257337
0.00197086
0.00124139
0.000608765
0.00023461
0.000106685
-4.39783e-05
-3.29734e-05
-0.000173827
2.04554e-05
-0.306808
-0.307901
-0.311679
-0.31395
-0.317102
-0.319358
-0.321263
-0.319775
-0.31102
-0.290905
-0.257701
-0.208829
-0.15159
-0.0969464
-0.0544333
-0.0258249
-0.00912944
-0.000569468
0.00294852
0.00370687
0.0032873
0.00245448
0.00156625
0.000823198
0.000381434
0.000210437
2.41969e-05
1.21296e-05
-0.000157645
3.53765e-05
-0.31104
-0.311952
-0.315554
-0.317357
-0.320526
-0.323017
-0.324986
-0.32338
-0.314085
-0.29297
-0.258213
-0.207156
-0.147954
-0.0923266
-0.0499354
-0.022034
-0.0062175
0.00155485
0.00443811
0.00471846
0.00397714
0.00292226
0.00188004
0.00103049
0.000523759
0.000311096
9.00632e-05
5.57887e-05
-0.00014206
5.07343e-05
-0.315061
-0.315444
-0.318874
-0.320234
-0.32347
-0.325916
-0.328144
-0.326468
-0.316674
-0.294634
-0.2584
-0.205241
-0.144128
-0.0875963
-0.0453847
-0.018231
-0.00332048
0.0036472
0.00589312
0.00570785
0.00465121
0.00337801
0.00218477
0.00123151
0.000661941
0.00040879
0.000153632
9.79935e-05
-0.000126939
6.64994e-05
-0.318858
-0.318295
-0.321626
-0.32262
-0.326
-0.328564
-0.330961
-0.329167
-0.318852
-0.295906
-0.258227
-0.203037
-0.140135
-0.0828074
-0.0408423
-0.0144659
-0.00046788
0.00569695
0.00731299
0.00667001
0.00530479
0.00381851
0.00247852
0.00142529
0.00079547
0.000503176
0.000214733
0.000138687
-0.000112162
8.26428e-05
-0.32234
-0.32052
-0.323842
-0.324524
-0.328072
-0.33075
-0.333311
-0.331368
-0.320525
-0.296703
-0.257632
-0.200506
-0.135985
-0.077983
-0.0363352
-0.0107645
0.00231812
0.00768721
0.00868549
0.00759732
0.00593335
0.00424094
0.00275955
0.00161091
0.000923694
0.000593714
0.000273047
0.000177713
-9.75863e-05
9.91091e-05
-0.325687
-0.322082
-0.32556
-0.325984
-0.329771
-0.33249
-0.335231
-0.33308
-0.321683
-0.296998
-0.256575
-0.19765
-0.131703
-0.0731648
-0.0319048
-0.00715865
0.00501511
0.00960318
0.00999975
0.00848362
0.00653293
0.0046427
0.00302631
0.00178753
0.00104598
0.000679867
0.000328269
0.000214916
-8.30694e-05
0.00011581
-0.3286
-0.323047
-0.326897
-0.327109
-0.331135
-0.333947
-0.336722
-0.334293
-0.322312
-0.296764
-0.25504
-0.194478
-0.127322
-0.0684002
-0.0275979
-0.00368578
0.00759668
0.0114287
0.0112452
0.00932227
0.00709911
0.00502101
0.00327718
0.00195424
0.00116169
0.000761102
0.000380125
0.000250151
-6.84919e-05
0.000132621
-0.330723
-0.323639
-0.327943
-0.327957
-0.332217
-0.335002
-0.337808
-0.335024
-0.322424
-0.296
-0.253031
-0.191021
-0.122886
-0.0637426
-0.0234647
-0.000385367
0.0100346
0.0131443
0.0124109
0.0101062
0.00762738
0.00537307
0.00351058
0.00211018
0.00127017
0.000836897
0.00042837
0.000283274
-5.3781e-05
0.00014938
-0.33202
-0.324026
-0.328766
-0.328583
-0.333066
-0.335793
-0.338516
-0.335289
-0.32203
-0.294743
-0.250567
-0.187325
-0.118448
-0.05925
-0.0195573
0.00270233
0.0123005
0.0147313
0.0134857
0.0108286
0.0081134
0.00569628
0.00372505
0.00225447
0.00137078
0.000906765
0.000472787
0.000314136
-3.89325e-05
0.000165887
-0.332686
-0.324305
-0.329399
-0.32905
-0.333707
-0.336303
-0.338856
-0.335113
-0.32118
-0.293002
-0.247711
-0.18345
-0.114067
-0.0549835
-0.0159271
0.00553863
0.0143678
0.0161728
0.0144595
0.0114832
0.0085533
0.00598837
0.00391932
0.00238631
0.00146292
0.000970275
0.000513194
0.000342585
-2.40294e-05
0.000181906
-0.332969
-0.324491
-0.329884
-0.32938
-0.334158
-0.336559
-0.338852
-0.334535
-0.319912
-0.29086
-0.244535
-0.179474
-0.109817
-0.0510041
-0.0126217
0.00808905
0.0162134
0.0174546
0.0153239
0.0120648
0.00894396
0.00624758
0.0040924
0.00250497
0.00154603
0.00102708
0.00054944
0.000368461
-9.25445e-06
0.000197171
-0.332984
-0.324596
-0.33025
-0.329578
-0.334456
-0.336552
-0.338567
-0.333618
-0.318289
-0.288387
-0.241154
-0.175487
-0.105777
-0.0473717
-0.00968198
0.0103259
0.0178198
0.0185662
0.016073
0.0125698
0.00928332
0.00647278
0.00424362
0.00260983
0.00161966
0.00107691
0.000581402
0.000391599
5.10779e-06
0.000211397
-0.332592
-0.324762
-0.330402
-0.329745
-0.334529
-0.336393
-0.337986
-0.332423
-0.316431
-0.285752
-0.237652
-0.171622
-0.102032
-0.0441409
-0.00714089
0.0122309
0.019177
0.0195026
0.0167042
0.0129968
0.00957047
0.00666355
0.00437261
0.00270037
0.00168339
0.00111961
0.00060898
0.000411833
1.86811e-05
0.00022429
-0.33218
-0.324788
-0.330505
-0.329785
-0.334495
-0.336058
-0.337257
-0.331072
-0.314444
-0.283026
-0.234309
-0.167979
-0.0986862
-0.0413644
-0.0050166
0.0137968
0.0202818
0.0202639
0.0172181
0.0133458
0.00980568
0.00682012
0.00447934
0.00277622
0.00173692
0.00115509
0.000632094
0.000429
3.10218e-05
0.000235562
-0.331704
-0.324736
-0.330542
-0.32975
-0.334367
-0.335638
-0.336456
-0.32972
-0.312525
-0.280476
-0.231145
-0.16482
-0.0958142
-0.0390807
-0.00332163
0.0150238
0.0211409
0.0208551
0.0176182
0.013619
0.00999024
0.00694327
0.004564
0.00283711
0.00177999
0.00118337
0.000650673
0.000442946
4.16545e-05
0.000244945
-0.331253
-0.324645
-0.33054
-0.329673
-0.334203
-0.335215
-0.335708
-0.328469
-0.310842
-0.278284
-0.228534
-0.162144
-0.0935867
-0.0373266
-0.00205937
0.0159239
0.0217665
0.0212853
0.0179102
0.0138195
0.010126
0.00703413
0.00462697
0.00288287
0.00181244
0.00120448
0.000664662
0.000453536
5.01173e-05
0.000252206
-0.330899
-0.324555
-0.330523
-0.329592
-0.334055
-0.334877
-0.335129
-0.327578
-0.309597
-0.276674
-0.226625
-0.160264
-0.0920228
-0.036134
-0.00122362
0.0165121
0.0221728
0.0215645
0.0181003
0.0139506
0.0102151
0.00709388
0.00466866
0.00291342
0.00183413
0.0012185
0.000674015
0.000460661
5.6009e-05
0.000257156
-0.330705
-0.3245
-0.330509
-0.329541
-0.333969
-0.334687
-0.334812
-0.327079
-0.308932
-0.275818
-0.225621
-0.159279
-0.0912299
-0.0355224
-0.00080787
0.0168021
0.0223723
0.0217016
0.0181938
0.0140153
0.0102592
0.00712347
0.0046894
0.0029287
0.00184499
0.0012255
0.0006787
0.000464244
5.90334e-05
0.000259664
)
;

boundaryField
{
    inlet
    {
        type            zeroGradient;
    }
    outlet
    {
        type            fixedValue;
        value           uniform 0;
    }
    cylinder
    {
        type            zeroGradient;
    }
    top
    {
        type            symmetryPlane;
    }
    bottom
    {
        type            symmetryPlane;
    }
    defaultFaces
    {
        type            empty;
    }
}


// ************************************************************************* //
