/*--------------------------------*- C++ -*----------------------------------*\
  =========                 |
  \\      /  F ield         | OpenFOAM: The Open Source CFD Toolbox
   \\    /   O peration     | Website:  https://openfoam.org
    \\  /    A nd           | Version:  9
     \\/     M anipulation  |
\*---------------------------------------------------------------------------*/
FoamFile
{
    format      ascii;
    class       volScalarField;
    location    "1";
    object      p;
}
// * * * * * * * * * * * * * * * * * * * * * * * * * * * * * * * * * * * * * //

dimensions      [0 2 -2 0 0 0 0];

internalField   nonuniform List<scalar> 
8500
(
-0.32512
-0.324708
-0.301604
-0.267096
-0.220982
-0.168249
-0.115043
-0.0670619
-0.0308288
-0.00385749
-0.32717
-0.326354
-0.303301
-0.268857
-0.222903
-0.170294
-0.117136
-0.0690569
-0.0326884
-0.005289
-0.331242
-0.329625
-0.306668
-0.27235
-0.226708
-0.174339
-0.12127
-0.0729955
-0.0363585
-0.00811643
-0.337284
-0.334478
-0.311647
-0.277528
-0.232325
-0.180296
-0.127346
-0.0787774
-0.0417436
-0.0122703
-0.345218
-0.340856
-0.318177
-0.284297
-0.239647
-0.188039
-0.135221
-0.0862584
-0.0487056
-0.0176505
-0.354946
-0.348679
-0.326168
-0.292552
-0.24854
-0.197406
-0.144714
-0.095257
-0.0570705
-0.0241305
-0.366346
-0.357846
-0.335526
-0.302169
-0.258849
-0.208211
-0.155613
-0.105562
-0.0666357
-0.0315628
-0.379295
-0.368254
-0.346132
-0.313009
-0.270401
-0.220246
-0.167687
-0.116944
-0.077178
-0.0397846
-0.393674
-0.37979
-0.357844
-0.324926
-0.283011
-0.233293
-0.18069
-0.129158
-0.0884625
-0.0486231
-0.40929
-0.392363
-0.370542
-0.337767
-0.296491
-0.247126
-0.194373
-0.141962
-0.10025
-0.0579012
-0.425986
-0.405852
-0.384098
-0.35138
-0.310652
-0.261524
-0.208489
-0.155113
-0.112303
-0.0674421
-0.443627
-0.420128
-0.398383
-0.365615
-0.32531
-0.27627
-0.2228
-0.168384
-0.124394
-0.0770722
-0.462062
-0.435074
-0.413272
-0.380329
-0.340288
-0.291159
-0.237085
-0.181563
-0.136305
-0.0866244
-0.481139
-0.450579
-0.428645
-0.395384
-0.35542
-0.306001
-0.251139
-0.194459
-0.147835
-0.0959451
-0.500715
-0.466536
-0.444388
-0.410651
-0.370551
-0.320621
-0.264779
-0.206904
-0.158798
-0.104909
-0.520654
-0.48284
-0.460393
-0.426009
-0.385539
-0.334861
-0.277844
-0.218758
-0.169031
-0.11341
-0.540824
-0.499391
-0.476555
-0.441342
-0.40025
-0.348579
-0.2902
-0.229904
-0.178346
-0.121246
-0.561099
-0.516092
-0.492775
-0.456541
-0.414565
-0.361652
-0.301739
-0.240257
-0.186484
-0.12807
-0.581358
-0.532849
-0.508954
-0.471502
-0.428369
-0.37397
-0.312386
-0.249758
-0.193216
-0.134255
-0.601481
-0.549565
-0.524994
-0.486121
-0.441558
-0.385439
-0.32209
-0.258352
-0.198858
-0.14284
-0.621349
-0.566146
-0.540796
-0.500296
-0.45403
-0.395974
-0.330798
-0.265963
-0.204357
-0.157424
-0.640843
-0.582491
-0.556258
-0.513925
-0.465691
-0.405499
-0.33846
-0.272527
-0.20924
-0.166264
-0.659843
-0.5985
-0.571274
-0.526903
-0.476445
-0.413946
-0.345033
-0.277999
-0.213526
-0.172158
-0.678223
-0.614064
-0.585732
-0.539122
-0.486203
-0.421256
-0.350484
-0.282368
-0.217139
-0.176289
-0.695856
-0.62907
-0.599516
-0.550472
-0.494876
-0.427373
-0.354781
-0.285637
-0.21998
-0.179018
-0.712606
-0.643399
-0.612501
-0.56084
-0.502376
-0.43225
-0.357904
-0.287812
-0.22199
-0.180568
-0.728333
-0.656924
-0.624558
-0.570111
-0.50862
-0.435842
-0.359832
-0.288902
-0.223128
-0.181093
-0.742891
-0.669512
-0.635553
-0.578168
-0.513525
-0.438108
-0.360551
-0.288914
-0.22337
-0.180687
-0.756128
-0.681023
-0.645346
-0.584893
-0.517015
-0.439013
-0.360049
-0.287854
-0.222697
-0.179405
-0.767889
-0.691314
-0.653794
-0.590171
-0.519014
-0.438524
-0.358317
-0.285726
-0.221098
-0.17728
-0.778012
-0.700236
-0.660752
-0.593886
-0.519454
-0.436612
-0.355348
-0.282535
-0.218567
-0.17433
-0.786335
-0.707635
-0.666078
-0.59593
-0.518272
-0.433252
-0.351136
-0.278284
-0.2151
-0.170565
-0.792695
-0.71336
-0.669626
-0.596198
-0.51541
-0.428425
-0.345677
-0.272975
-0.210696
-0.16599
-0.79693
-0.717258
-0.671261
-0.594592
-0.510819
-0.422114
-0.33897
-0.266612
-0.205355
-0.160608
-0.798881
-0.719177
-0.670848
-0.591025
-0.504457
-0.414307
-0.331015
-0.259198
-0.19908
-0.154425
-0.798395
-0.718973
-0.668265
-0.585417
-0.496291
-0.404997
-0.321816
-0.25074
-0.191877
-0.147444
-0.795326
-0.716505
-0.663397
-0.577703
-0.486296
-0.394183
-0.311379
-0.241244
-0.183752
-0.139674
-0.789538
-0.711645
-0.656143
-0.567827
-0.474458
-0.381871
-0.299714
-0.230719
-0.174718
-0.131123
-0.780908
-0.704271
-0.646417
-0.555749
-0.460771
-0.368069
-0.286835
-0.219177
-0.164788
-0.121806
-0.769326
-0.69428
-0.634146
-0.541442
-0.445241
-0.352794
-0.27276
-0.206638
-0.153977
-0.111741
-0.754701
-0.68158
-0.619278
-0.524895
-0.427883
-0.336071
-0.257514
-0.19312
-0.142303
-0.100942
-0.736959
-0.666098
-0.601778
-0.506112
-0.408723
-0.31793
-0.241124
-0.178639
-0.1298
-0.0894042
-0.716046
-0.64778
-0.581629
-0.485111
-0.387798
-0.298409
-0.223615
-0.163199
-0.116538
-0.0771398
-0.691931
-0.626593
-0.558839
-0.461928
-0.365156
-0.277549
-0.205013
-0.146834
-0.102536
-0.0642906
-0.664604
-0.602525
-0.533432
-0.436614
-0.340855
-0.255395
-0.18537
-0.12973
-0.0876942
-0.0508537
-0.634083
-0.575587
-0.505455
-0.409233
-0.314963
-0.232007
-0.164791
-0.111814
-0.0721319
-0.0368405
-0.600408
-0.545813
-0.474979
-0.379871
-0.287558
-0.207485
-0.143274
-0.0931375
-0.0559122
-0.0222882
-0.563645
-0.513263
-0.442098
-0.348644
-0.258713
-0.181883
-0.120895
-0.0737568
-0.0390829
-0.00724214
-0.523887
-0.478029
-0.406932
-0.315658
-0.228516
-0.155275
-0.0977279
-0.0537291
-0.0216948
0.00824801
-0.481253
-0.440233
-0.369606
-0.280921
-0.197158
-0.127756
-0.0738466
-0.0331176
-0.003802
0.0241285
-0.435895
-0.400036
-0.330171
-0.244701
-0.164689
-0.0994198
-0.0493304
-0.0119906
0.0145385
0.0403413
-0.387986
-0.357609
-0.288695
-0.207205
-0.13124
-0.07037
-0.024264
0.00957978
0.0332669
0.0568243
-0.337668
-0.31302
-0.245612
-0.168486
-0.0969498
-0.0407144
0.00126247
0.0315173
0.0523208
0.0735093
-0.285131
-0.266502
-0.20114
-0.128712
-0.0619574
-0.0105658
0.0271547
0.0537423
0.0716349
0.0903199
-0.230768
-0.218246
-0.155407
-0.0880664
-0.0264083
0.0199584
0.0533141
0.0761713
0.0911405
0.10717
-0.17481
-0.168499
-0.108625
-0.0467399
0.00954736
0.0507364
0.079638
0.0987183
0.11077
0.123969
-0.117481
-0.117548
-0.0610276
-0.00492599
0.0457552
0.0816429
0.106021
0.121299
0.130473
0.140617
-0.0590754
-0.0656612
-0.0128541
0.0371768
0.0820572
0.112549
0.132353
0.143837
0.150226
0.156934
9.15682e-05
-0.0131176
0.03565
0.0793656
0.118292
0.143323
0.158526
0.166261
0.16994
0.172524
0.0596968
0.0397933
0.0842332
0.121435
0.154298
0.173833
0.184431
0.188476
0.189272
0.186821
0.119409
0.0927738
0.13264
0.163179
0.189911
0.203946
0.209965
0.210351
0.20775
0.199875
0.17889
0.145522
0.180611
0.20439
0.224968
0.233533
0.235023
0.23177
0.226085
0.214882
0.237797
0.197731
0.227889
0.244865
0.259306
0.262462
0.259495
0.252625
0.243912
0.230281
0.295784
0.249097
0.274218
0.284399
0.292766
0.290606
0.283277
0.272844
0.261128
0.245412
0.352508
0.299316
0.319344
0.322795
0.325191
0.317839
0.306264
0.292354
0.277714
0.260063
0.407629
0.348087
0.363019
0.359857
0.356427
0.34404
0.328359
0.311079
0.293623
0.274146
0.460813
0.395117
0.405002
0.395397
0.386327
0.369089
0.349463
0.328942
0.308798
0.287583
0.511735
0.440121
0.44506
0.429233
0.414747
0.392873
0.369484
0.345871
0.32318
0.300302
0.56008
0.482825
0.482971
0.461191
0.441551
0.415283
0.388336
0.361796
0.336711
0.312246
0.605549
0.522968
0.518522
0.491107
0.46661
0.436217
0.405933
0.37665
0.349335
0.323365
0.647859
0.560304
0.551515
0.518826
0.489802
0.455576
0.422198
0.390371
0.360999
0.333615
0.686743
0.594601
0.581764
0.544204
0.511013
0.473271
0.437056
0.4029
0.371653
0.342955
0.721956
0.625647
0.609099
0.567108
0.530141
0.489218
0.450441
0.414181
0.381249
0.35135
0.753275
0.65325
0.633365
0.58742
0.54709
0.503342
0.462292
0.424166
0.389745
0.358769
0.780501
0.677237
0.654426
0.605032
0.561777
0.515577
0.472554
0.432809
0.397101
0.365181
0.803462
0.697461
0.672163
0.619853
0.57413
0.525863
0.481179
0.440073
0.403285
0.370564
0.822009
0.713793
0.686474
0.631804
0.584087
0.534152
0.488129
0.445924
0.408267
0.374895
0.836024
0.726133
0.697279
0.640824
0.591598
0.540404
0.493369
0.450336
0.412024
0.378158
0.845418
0.734402
0.704517
0.646863
0.596627
0.544589
0.496876
0.453288
0.414538
0.380341
0.85013
0.73855
0.708146
0.649891
0.599148
0.546686
0.498634
0.454768
0.415798
0.381435
0.85013
0.73855
0.708146
0.649891
0.599148
0.546686
0.498634
0.454768
0.415798
0.381435
0.845418
0.734402
0.704517
0.646863
0.596627
0.544589
0.496876
0.453288
0.414538
0.380341
0.836024
0.726133
0.697279
0.640824
0.591598
0.540404
0.493369
0.450336
0.412024
0.378158
0.822009
0.713793
0.686474
0.631804
0.584087
0.534152
0.488129
0.445924
0.408267
0.374895
0.803462
0.697461
0.672163
0.619853
0.57413
0.525863
0.481179
0.440073
0.403285
0.370564
0.780501
0.677237
0.654426
0.605032
0.561777
0.515577
0.472554
0.432809
0.397101
0.365181
0.753275
0.65325
0.633365
0.58742
0.54709
0.503342
0.462292
0.424166
0.389745
0.358769
0.721956
0.625647
0.609099
0.567108
0.530141
0.489218
0.450441
0.414181
0.381249
0.35135
0.686743
0.594601
0.581764
0.544204
0.511013
0.473271
0.437056
0.4029
0.371653
0.342955
0.647859
0.560304
0.551515
0.518826
0.489802
0.455576
0.422198
0.390371
0.360999
0.333615
0.605549
0.522968
0.518522
0.491107
0.46661
0.436217
0.405933
0.37665
0.349335
0.323365
0.56008
0.482825
0.482971
0.461191
0.441551
0.415283
0.388336
0.361796
0.336711
0.312246
0.511735
0.440121
0.44506
0.429233
0.414747
0.392873
0.369484
0.345871
0.32318
0.300302
0.460813
0.395117
0.405002
0.395397
0.386327
0.369089
0.349463
0.328942
0.308798
0.287583
0.407629
0.348087
0.363019
0.359857
0.356427
0.34404
0.328359
0.311079
0.293623
0.274146
0.352508
0.299316
0.319344
0.322795
0.325191
0.317839
0.306264
0.292354
0.277714
0.260063
0.295784
0.249097
0.274218
0.284399
0.292766
0.290606
0.283277
0.272844
0.261128
0.245412
0.237797
0.197731
0.227889
0.244865
0.259306
0.262462
0.259495
0.252625
0.243912
0.230281
0.17889
0.145522
0.180611
0.20439
0.224968
0.233533
0.235023
0.23177
0.226085
0.214882
0.119409
0.0927738
0.13264
0.163179
0.189911
0.203946
0.209965
0.210351
0.20775
0.199875
0.0596968
0.0397933
0.0842332
0.121435
0.154298
0.173833
0.184431
0.188476
0.189272
0.186821
9.15684e-05
-0.0131176
0.03565
0.0793656
0.118292
0.143323
0.158526
0.166261
0.16994
0.172524
-0.0590754
-0.0656612
-0.0128541
0.0371768
0.0820572
0.112549
0.132353
0.143837
0.150226
0.156934
-0.117481
-0.117548
-0.0610276
-0.00492599
0.0457552
0.0816429
0.106021
0.121299
0.130473
0.140617
-0.17481
-0.168499
-0.108625
-0.0467399
0.00954736
0.0507364
0.079638
0.0987183
0.11077
0.123969
-0.230768
-0.218246
-0.155407
-0.0880664
-0.0264083
0.0199584
0.0533141
0.0761714
0.0911405
0.10717
-0.285131
-0.266502
-0.20114
-0.128712
-0.0619574
-0.0105658
0.0271547
0.0537423
0.0716349
0.0903199
-0.337668
-0.31302
-0.245612
-0.168486
-0.0969498
-0.0407144
0.00126247
0.0315173
0.0523208
0.0735093
-0.387986
-0.357609
-0.288695
-0.207205
-0.13124
-0.07037
-0.024264
0.00957978
0.0332669
0.0568243
-0.435895
-0.400036
-0.330171
-0.244701
-0.164689
-0.0994198
-0.0493303
-0.0119906
0.0145385
0.0403413
-0.481253
-0.440233
-0.369606
-0.280921
-0.197158
-0.127756
-0.0738466
-0.0331176
-0.003802
0.0241285
-0.523887
-0.478029
-0.406932
-0.315658
-0.228516
-0.155275
-0.0977279
-0.0537291
-0.0216948
0.00824801
-0.563645
-0.513263
-0.442098
-0.348644
-0.258713
-0.181883
-0.120895
-0.0737568
-0.0390829
-0.00724214
-0.600408
-0.545813
-0.474979
-0.379871
-0.287558
-0.207485
-0.143274
-0.0931375
-0.0559122
-0.0222882
-0.634083
-0.575587
-0.505455
-0.409233
-0.314963
-0.232007
-0.164791
-0.111814
-0.0721319
-0.0368405
-0.664604
-0.602525
-0.533432
-0.436614
-0.340855
-0.255395
-0.18537
-0.12973
-0.0876942
-0.0508537
-0.691931
-0.626593
-0.558839
-0.461928
-0.365156
-0.277549
-0.205013
-0.146834
-0.102536
-0.0642906
-0.716046
-0.64778
-0.581629
-0.485111
-0.387798
-0.298409
-0.223615
-0.163199
-0.116538
-0.0771398
-0.736959
-0.666098
-0.601778
-0.506112
-0.408723
-0.31793
-0.241124
-0.178639
-0.1298
-0.0894042
-0.754701
-0.68158
-0.619278
-0.524895
-0.427883
-0.336071
-0.257514
-0.19312
-0.142303
-0.100942
-0.769326
-0.69428
-0.634146
-0.541442
-0.445241
-0.352794
-0.27276
-0.206638
-0.153977
-0.111741
-0.780908
-0.704271
-0.646417
-0.555749
-0.460771
-0.368069
-0.286835
-0.219177
-0.164788
-0.121806
-0.789538
-0.711645
-0.656143
-0.567827
-0.474458
-0.381871
-0.299714
-0.230719
-0.174718
-0.131123
-0.795326
-0.716505
-0.663397
-0.577703
-0.486296
-0.394183
-0.311379
-0.241244
-0.183752
-0.139674
-0.798395
-0.718973
-0.668265
-0.585417
-0.496291
-0.404997
-0.321816
-0.25074
-0.191877
-0.147444
-0.798881
-0.719177
-0.670848
-0.591025
-0.504457
-0.414307
-0.331015
-0.259198
-0.19908
-0.154425
-0.79693
-0.717258
-0.671261
-0.594592
-0.510819
-0.422114
-0.33897
-0.266612
-0.205355
-0.160608
-0.792695
-0.71336
-0.669626
-0.596198
-0.51541
-0.428425
-0.345677
-0.272975
-0.210696
-0.16599
-0.786335
-0.707635
-0.666078
-0.59593
-0.518272
-0.433252
-0.351136
-0.278284
-0.2151
-0.170565
-0.778012
-0.700236
-0.660752
-0.593886
-0.519454
-0.436612
-0.355348
-0.282535
-0.218567
-0.17433
-0.767889
-0.691314
-0.653794
-0.590171
-0.519014
-0.438524
-0.358317
-0.285726
-0.221098
-0.17728
-0.756128
-0.681023
-0.645346
-0.584893
-0.517015
-0.439013
-0.360049
-0.287854
-0.222697
-0.179405
-0.742891
-0.669512
-0.635553
-0.578168
-0.513525
-0.438108
-0.360551
-0.288914
-0.22337
-0.180687
-0.728333
-0.656924
-0.624558
-0.570111
-0.50862
-0.435842
-0.359832
-0.288902
-0.223128
-0.181093
-0.712606
-0.643399
-0.612501
-0.56084
-0.502376
-0.43225
-0.357904
-0.287812
-0.22199
-0.180568
-0.695856
-0.62907
-0.599516
-0.550472
-0.494876
-0.427373
-0.354781
-0.285637
-0.21998
-0.179018
-0.678223
-0.614064
-0.585732
-0.539122
-0.486203
-0.421256
-0.350484
-0.282368
-0.217139
-0.176289
-0.659843
-0.5985
-0.571274
-0.526903
-0.476445
-0.413946
-0.345033
-0.277999
-0.213526
-0.172158
-0.640843
-0.582491
-0.556258
-0.513925
-0.465691
-0.405499
-0.33846
-0.272527
-0.20924
-0.166264
-0.621349
-0.566146
-0.540796
-0.500296
-0.45403
-0.395974
-0.330798
-0.265963
-0.204357
-0.157424
-0.601481
-0.549565
-0.524994
-0.486121
-0.441558
-0.385439
-0.32209
-0.258352
-0.198858
-0.14284
-0.581358
-0.532849
-0.508954
-0.471502
-0.428369
-0.37397
-0.312386
-0.249758
-0.193216
-0.134255
-0.561099
-0.516092
-0.492775
-0.456541
-0.414565
-0.361652
-0.301739
-0.240257
-0.186484
-0.12807
-0.540824
-0.499391
-0.476555
-0.441342
-0.40025
-0.348579
-0.2902
-0.229904
-0.178346
-0.121246
-0.520654
-0.48284
-0.460393
-0.426009
-0.385539
-0.334861
-0.277844
-0.218758
-0.169031
-0.11341
-0.500715
-0.466536
-0.444388
-0.410651
-0.370551
-0.320621
-0.264779
-0.206904
-0.158798
-0.104909
-0.481139
-0.450579
-0.428645
-0.395384
-0.35542
-0.306001
-0.251139
-0.194459
-0.147835
-0.0959451
-0.462062
-0.435074
-0.413272
-0.380329
-0.340288
-0.291159
-0.237085
-0.181563
-0.136305
-0.0866244
-0.443627
-0.420128
-0.398383
-0.365615
-0.32531
-0.27627
-0.2228
-0.168384
-0.124394
-0.0770722
-0.425986
-0.405852
-0.384098
-0.35138
-0.310652
-0.261524
-0.208489
-0.155113
-0.112303
-0.0674421
-0.40929
-0.392363
-0.370542
-0.337767
-0.296491
-0.247126
-0.194373
-0.141962
-0.10025
-0.0579012
-0.393674
-0.37979
-0.357844
-0.324926
-0.283011
-0.233293
-0.18069
-0.129158
-0.0884625
-0.0486231
-0.379295
-0.368254
-0.346132
-0.313009
-0.270401
-0.220246
-0.167687
-0.116944
-0.077178
-0.0397846
-0.366346
-0.357846
-0.335526
-0.302169
-0.258849
-0.208211
-0.155613
-0.105562
-0.0666357
-0.0315628
-0.354946
-0.348679
-0.326168
-0.292552
-0.24854
-0.197406
-0.144714
-0.095257
-0.0570705
-0.0241305
-0.345218
-0.340856
-0.318177
-0.284297
-0.239647
-0.188039
-0.135221
-0.0862584
-0.0487056
-0.0176505
-0.337284
-0.334478
-0.311647
-0.277528
-0.232325
-0.180296
-0.127346
-0.0787774
-0.0417436
-0.0122703
-0.331242
-0.329625
-0.306668
-0.27235
-0.226708
-0.174339
-0.12127
-0.0729955
-0.0363585
-0.00811643
-0.32717
-0.326354
-0.303301
-0.268857
-0.222903
-0.170294
-0.117136
-0.0690569
-0.0326884
-0.005289
-0.32512
-0.324708
-0.301604
-0.267096
-0.220982
-0.168249
-0.115043
-0.0670619
-0.0308288
-0.00385749
0.00316419
0.00779537
0.011609
0.0140318
0.0153638
0.0158899
0.0157859
0.0152157
0.0143308
0.0132526
0.0120735
0.010862
0.00966708
0.00852197
0.00744841
0.0064594
0.00556126
0.00475551
0.00403975
0.00340979
0.00285853
0.00238044
0.00196218
0.00161017
0.00128447
0.00104844
0.000750627
0.000671066
0.000248099
0.000518865
0.00162242
0.00650325
0.010605
0.0132267
0.0147144
0.015372
0.015375
0.0148904
0.0140739
0.0130502
0.0119144
0.0107373
0.00956948
0.00844576
0.00738905
0.00641326
0.00552548
0.00472783
0.00401837
0.00339333
0.00284587
0.00237078
0.00195481
0.00160456
0.00128026
0.0010453
0.000748413
0.000669321
0.000247356
0.000517508
-0.00142333
0.00394947
0.00861558
0.0116279
0.0134233
0.0143413
0.0145564
0.0142416
0.0135613
0.0126463
0.0115968
0.0104881
0.00937447
0.00829349
0.00727041
0.00632104
0.00545396
0.00467249
0.00397566
0.00336043
0.00282059
0.00235152
0.00194009
0.00159336
0.00127186
0.00103902
0.000743992
0.000665838
0.000245875
0.000514802
-0.00589888
0.000193454
0.00567688
0.00925761
0.0115056
0.012808
0.0133364
0.0132736
0.0127956
0.0120423
0.0111217
0.0101152
0.00908246
0.0080654
0.00709268
0.00618287
0.0053468
0.00458957
0.00391166
0.00331116
0.00278273
0.00232283
0.00191802
0.00157659
0.00125929
0.00102963
0.000737382
0.00066063
0.000243661
0.000510765
-0.0116964
-0.00467926
0.00184145
0.00614908
0.00898401
0.010787
0.0117247
0.011992
0.0117805
0.0112408
0.0104905
0.00961941
0.00869404
0.00776188
0.00685611
0.00599894
0.00520415
0.0044792
0.00382648
0.00324558
0.00273236
0.00228503
0.00188864
0.0015543
0.0012426
0.00101715
0.000728609
0.000653718
0.000240726
0.000505422
-0.0186784
-0.0105607
-0.00282355
0.00234545
0.0058881
0.00829797
0.00973384
0.010405
0.0105209
0.0102448
0.00970513
0.00900198
0.00820998
0.00738343
0.00656103
0.00576947
0.00502617
0.00434151
0.00372024
0.0031638
0.00266947
0.00223767
0.00185186
0.00152654
0.00122182
0.00100164
0.000717703
0.00064513
0.000237085
0.000498807
-0.026683
-0.0173248
-0.00823838
-0.00210089
0.00225381
0.00536464
0.00737906
0.00852259
0.00902294
0.00905792
0.00876799
0.00826437
0.0076312
0.00693065
0.00620785
0.00549477
0.0048131
0.00417669
0.00359309
0.00306599
0.00259415
0.00217896
0.00180745
0.0014934
0.00119705
0.000983131
0.000704707
0.000634898
0.000232753
0.000490963
-0.03553
-0.0248316
-0.0143129
-0.00712933
-0.00187703
0.00201475
0.0046783
0.0063563
0.00729431
0.00768469
0.00768175
0.00740827
0.00695876
0.00640421
0.00579703
0.00517516
0.00456519
0.00398495
0.0034452
0.00295225
0.00250679
0.00211223
0.00175577
0.00145496
0.00116834
0.000961696
0.000689669
0.000623063
0.000227752
0.000481941
-0.0450272
-0.0329321
-0.0209487
-0.0126722
-0.00645747
-0.00172047
0.00165186
0.00391917
0.00534345
0.00613052
0.00644947
0.00643554
0.00619385
0.00580489
0.00532908
0.00481101
0.00428272
0.00376651
0.00327678
0.00282278
0.00240722
0.00203379
0.00169728
0.00141141
0.00113578
0.000937398
0.000672643
0.000609669
0.000222104
0.000471801
-0.0549771
-0.0414719
-0.0280411
-0.0186558
-0.0114361
-0.00580664
-0.00167772
0.00122573
0.00317944
0.00440161
0.00507486
0.00534823
0.00533771
0.00513347
0.00480453
0.00440269
0.00396599
0.00352164
0.00308806
0.00267777
0.00229595
0.00194881
0.00163241
0.00136283
0.00109948
0.000910314
0.000653691
0.000594768
0.000215834
0.000460611
-0.0651833
-0.0502954
-0.0354814
-0.025002
-0.0167577
-0.0102066
-0.00528591
-0.0017081
0.000812342
0.00250406
0.00356236
0.00414883
0.0043917
0.00439081
0.00422396
0.00395064
0.00361533
0.0032506
0.00287928
0.00251746
0.00217332
0.00185609
0.0015644
0.00130926
0.00105954
0.000880533
0.00063288
0.000578415
0.000208968
0.000448448
-0.0754558
-0.0592488
-0.0431578
-0.0316285
-0.0223636
-0.0148802
-0.00914594
-0.00486484
-0.00174671
0.000444818
0.00191623
0.00284058
0.00335757
0.0035779
0.00358802
0.00345532
0.00323111
0.00295372
0.00265072
0.00234213
0.00203941
0.00175464
0.00148753
0.00125052
0.00101599
0.000848149
0.000610287
0.000560672
0.000201535
0.000435397
-0.0856163
-0.0681824
-0.0509567
-0.038449
-0.0281914
-0.0197846
-0.0132288
-0.00822552
-0.0044857
-0.00176869
0.000140841
0.0014261
0.00223727
0.00269561
0.00289713
0.00291698
0.00281353
0.00263119
0.00240258
0.00215195
0.0018943
0.00164449
0.001403
0.00118742
0.000968806
0.000813239
0.000585989
0.000541599
0.000193562
0.000421552
-0.0955066
-0.0769551
-0.0587657
-0.0453769
-0.0341786
-0.0248771
-0.0175065
-0.0117726
-0.00739434
-0.00413081
-0.00176102
-9.35845e-05
0.00103115
0.00174413
0.00215098
0.00233527
0.00236233
0.00228284
0.0021348
0.00194695
0.00173804
0.00152591
0.00131299
0.00112125
0.000918212
0.000775835
0.000560056
0.000521262
0.000185075
0.000407016
-0.105006
-0.0854508
-0.0664865
-0.0523333
-0.0402681
-0.0301189
-0.0219534
-0.0154903
-0.0104632
-0.00663604
-0.00378609
-0.00171649
-0.000259569
0.000724646
0.00135074
0.00171097
0.00187816
0.00190928
0.00184791
0.00172759
0.00157106
0.00139936
0.0012174
0.00104861
0.000865893
0.000736061
0.000532572
0.000499746
0.000176114
0.000391907
-0.114005
-0.0935487
-0.073999
-0.0592068
-0.0463679
-0.0354367
-0.0265112
-0.0193322
-0.0136556
-0.0092552
-0.00591113
-0.00342408
-0.00162016
-0.000351275
0.00050581
0.00105165
0.0013668
0.0015149
0.00154528
0.00149643
0.00139527
0.00126626
0.00111702
0.000972948
0.000810132
0.000694573
0.000503763
0.000477201
0.000166749
0.000376362
-0.12231
-0.101006
-0.081073
-0.0657958
-0.0523101
-0.0406937
-0.0310701
-0.0232127
-0.0169062
-0.0119398
-0.008101
-0.00519146
-0.00303342
-0.00147209
-0.000376392
0.000362128
0.000831445
0.00110182
0.00122828
0.00125436
0.00121127
0.001127
0.00101207
0.000894349
0.000751604
0.000651656
0.000473839
0.00045367
0.000156964
0.000360493
-0.130147
-0.108008
-0.087914
-0.0723072
-0.0583066
-0.0461055
-0.0358423
-0.0273344
-0.0204026
-0.0148581
-0.0105026
-0.00714414
-0.00460469
-0.00272487
-0.00136676
-0.000414425
0.000227302
0.000635318
0.000870443
0.000981489
0.0010043
0.000970807
0.000894817
0.000806895
0.000686943
0.000603704
0.000441241
0.000428432
0.000146334
0.000344257
-0.139001
-0.11591
-0.0955577
-0.0795713
-0.0651224
-0.052384
-0.0414782
-0.0322768
-0.0246457
-0.0184313
-0.0134619
-0.00956097
-0.00655562
-0.00428368
-0.00260024
-0.00138118
-0.000523392
5.74086e-05
0.000429045
0.000646764
0.000752141
0.000782047
0.000754476
0.000703259
0.000611406
0.000548504
0.000403815
0.000400244
0.000137484
0.000327733
-0.144379
-0.119416
-0.0994946
-0.0835537
-0.0691451
-0.0563574
-0.0452458
-0.0357285
-0.0277128
-0.0210829
-0.015701
-0.0114149
-0.00806581
-0.00549669
-0.00356226
-0.00213511
-0.00110774
-0.000390959
8.80552e-05
0.000389411
0.000559166
0.000638112
0.000647659
0.000624205
0.000553547
0.00050556
0.000374451
0.000376702
0.000127689
0.000312787
-0.127352
-0.110018
-0.0921513
-0.0765559
-0.0625628
-0.0502779
-0.0397551
-0.0309014
-0.0235772
-0.0176167
-0.0128426
-0.00908226
-0.00617525
-0.00397512
-0.00234943
-0.00118062
-0.000367455
0.00017464
0.00051384
0.000705143
0.000789441
0.000802665
0.000762316
0.000701075
0.000602968
0.000533758
0.000390496
0.00037928
0.000130716
0.000304036
-0.119565
-0.105095
-0.0891213
-0.0746987
-0.0616137
-0.0499585
-0.0398575
-0.0312735
-0.0241031
-0.0182117
-0.0134478
-0.00965857
-0.00669898
-0.00443447
-0.00274134
-0.0015079
-0.000636236
-4.31995e-05
0.000339177
0.000566299
0.000679903
0.000716615
0.000695232
0.000648548
0.000562869
0.000501743
0.000368476
0.000359187
0.000123643
0.000290137
-0.113974
-0.100768
-0.0862863
-0.0731496
-0.0610756
-0.0501401
-0.04052
-0.0322285
-0.0252047
-0.0193542
-0.0145594
-0.0106938
-0.00763177
-0.0052526
-0.00344257
-0.00209706
-0.00112281
-0.0004392
2.09712e-05
0.000313417
0.000481048
0.000561595
0.000575848
0.000556985
0.000494577
0.00044962
0.000333326
0.000330295
0.000112966
0.000273149
-0.108289
-0.0962265
-0.0829743
-0.0709983
-0.0598819
-0.049672
-0.0405754
-0.0326406
-0.0258382
-0.0201045
-0.0153501
-0.0114717
-0.00836178
-0.00591358
-0.00402419
-0.00259697
-0.00154415
-0.000788518
-0.000264563
8.2847e-05
0.000296999
0.000416031
0.000462212
0.000468603
0.000427867
0.000397924
0.000298217
0.000300779
0.000102334
0.000254879
-0.102551
-0.0916042
-0.0794649
-0.0685591
-0.0583608
-0.0488728
-0.0403171
-0.0327694
-0.0262251
-0.0206467
-0.0159695
-0.0121114
-0.00898229
-0.00648954
-0.00454112
-0.0030487
-0.00193039
-0.00111284
-0.000532726
-0.000135987
0.000120604
0.000275215
0.000351312
0.000381567
0.00036164
0.000346088
0.000262811
0.000270551
9.15996e-05
0.000235343
-0.0967026
-0.0869099
-0.0758394
-0.0659429
-0.0566378
-0.047873
-0.0398733
-0.0327356
-0.0264758
-0.021079
-0.0165034
-0.0126869
-0.00955668
-0.00703394
-0.00503787
-0.00348874
-0.00231101
-0.00143566
-0.000801995
-0.000357434
-5.91417e-05
0.000130828
0.000236952
0.00029136
0.000292676
0.000291905
0.000225633
0.000238742
8.02549e-05
0.00021441
-0.0907144
-0.0821017
-0.0720781
-0.0631383
-0.0546997
-0.0466568
-0.0392262
-0.0325206
-0.0265724
-0.0213854
-0.0169379
-0.0131869
-0.0100759
-0.00753986
-0.00550932
-0.00391349
-0.00268362
-0.00175549
-0.00107156
-0.000581154
-0.000242205
-1.72786e-05
0.000118889
0.000197718
0.000220706
0.000235164
0.000186479
0.000205258
6.81453e-05
0.000192137
-0.0846256
-0.0771689
-0.0681738
-0.0601439
-0.052541
-0.0452132
-0.0383604
-0.0321058
-0.0264945
-0.0215451
-0.0172534
-0.0135934
-0.010524
-0.00799367
-0.00594407
-0.00431365
-0.00304079
-0.00206655
-0.00133702
-0.00080387
-0.000426199
-0.000167401
-1.69931e-06
0.000101446
0.000146237
0.000176209
0.000145506
0.000170245
5.52163e-05
0.000168656
-0.0784828
-0.0721252
-0.0641355
-0.0569733
-0.0501728
-0.0435483
-0.0372772
-0.031488
-0.0262354
-0.0215494
-0.01744
-0.0138964
-0.0108916
-0.00838668
-0.00633455
-0.00468282
-0.00337728
-0.00236469
-0.00159515
-0.00102314
-0.000609323
-0.000318243
-0.000123909
3.16695e-06
6.96636e-05
0.000115311
0.000102829
0.00013383
4.13951e-05
0.000144111
-0.0723301
-0.0669957
-0.0599787
-0.0536437
-0.0476106
-0.0416728
-0.0359824
-0.0306685
-0.0257927
-0.0213931
-0.0174909
-0.0140882
-0.0111708
-0.00871165
-0.00667425
-0.0050154
-0.00368845
-0.00264613
-0.001843
-0.00123672
-0.000789918
-0.000468604
-0.000246906
-9.65433e-05
-8.65331e-06
5.27235e-05
5.85493e-05
9.61387e-05
2.66033e-05
0.000118665
-0.0662095
-0.0618107
-0.0557229
-0.0501747
-0.044872
-0.0396002
-0.0344846
-0.0296515
-0.0251663
-0.0210726
-0.0174003
-0.0141619
-0.0113544
-0.00896145
-0.0069566
-0.00530558
-0.00396935
-0.00290683
-0.00207735
-0.00144212
-0.000966106
-0.000617107
-0.000369708
-0.000196998
-8.82665e-05
-1.12397e-05
1.28134e-05
5.73285e-05
1.0778e-05
9.2502e-05
-0.0601585
-0.0566034
-0.0513921
-0.0465884
-0.0419779
-0.037347
-0.0327958
-0.028444
-0.024359
-0.0205874
-0.0171648
-0.0141124
-0.0114361
-0.00912956
-0.00717528
-0.0055476
-0.00421496
-0.00314257
-0.00229476
-0.00163661
-0.0011358
-0.000762193
-0.000491184
-0.00029739
-0.000168632
-7.61957e-05
-3.41791e-05
1.759e-05
-6.12044e-06
6.58275e-05
-0.05421
-0.0514071
-0.0470131
-0.0429098
-0.0389515
-0.0349332
-0.0309313
-0.027057
-0.0233771
-0.0199395
-0.0167835
-0.0139362
-0.0114114
-0.00921052
-0.00732469
-0.0057361
-0.00442043
-0.00334914
-0.00249173
-0.00181738
-0.00129679
-0.000902169
-0.000610079
-0.000396808
-0.00024912
-0.000141698
-8.21754e-05
-2.2854e-05
-2.41029e-05
3.88599e-05
-0.0483935
-0.046255
-0.0426151
-0.0391661
-0.0358187
-0.0323813
-0.0289097
-0.0255044
-0.0222302
-0.0191345
-0.0162583
-0.0136326
-0.0112772
-0.00920029
-0.00740019
-0.00586635
-0.00458127
-0.00352252
-0.0026648
-0.00198157
-0.00144677
-0.00103525
-0.000725042
-0.000494255
-0.00032902
-0.000207239
-0.000130868
-6.37498e-05
-4.31461e-05
1.18273e-05
-0.0427361
-0.0411792
-0.0382285
-0.035386
-0.0326072
-0.0297166
-0.0267525
-0.0238035
-0.0209311
-0.018181
-0.0155939
-0.0132032
-0.0110329
-0.00909647
-0.0073984
-0.00593451
-0.00469359
-0.00365905
-0.0028107
-0.00212637
-0.00158345
-0.00115961
-0.000834653
-0.000588659
-0.000407551
-0.000272255
-0.000179895
-0.000104814
-6.31868e-05
-1.5038e-05
-0.037263
-0.0362111
-0.0338844
-0.0315999
-0.0293464
-0.0269665
-0.0244837
-0.0219747
-0.019496
-0.0170907
-0.0147981
-0.0126525
-0.0106801
-0.00889863
-0.00731745
-0.00593786
-0.00475429
-0.00375558
-0.0029265
-0.00224918
-0.0017046
-0.00127341
-0.00093746
-0.000678904
-0.000483874
-0.000336134
-0.000228841
-0.000145734
-8.4117e-05
-4.15051e-05
-0.0319979
-0.0313805
-0.0296141
-0.0278387
-0.0260671
-0.0241603
-0.0221299
-0.0200407
-0.0179438
-0.0158786
-0.013882
-0.0119876
-0.010223
-0.00860851
-0.00715726
-0.0058751
-0.00476134
-0.00380974
-0.00300974
-0.0023477
-0.00180819
-0.00137493
-0.00103204
-0.000763858
-0.000557117
-0.000398228
-0.000277244
-0.000186176
-0.000105781
-6.73493e-05
-0.0269632
-0.0267162
-0.0254486
-0.0241339
-0.0228009
-0.0213285
-0.0197193
-0.018027
-0.0162962
-0.0145624
-0.0128592
-0.0112187
-0.00966842
-0.00823022
-0.00691979
-0.00574656
-0.00471396
-0.0038201
-0.00305868
-0.00242009
-0.00189244
-0.00146258
-0.00111703
-0.00084242
-0.000626397
-0.000457866
-0.000324604
-0.000225782
-0.000127979
-9.23524e-05
-0.0221801
-0.0222456
-0.0214182
-0.0205169
-0.0195796
-0.0185027
-0.0172822
-0.015961
-0.0145775
-0.0131628
-0.0117468
-0.010359
-0.00902615
-0.00777043
-0.00660919
-0.00555443
-0.0046129
-0.00378639
-0.00307244
-0.00246513
-0.00195604
-0.00153507
-0.00119127
-0.000913566
-0.00069086
-0.000514379
-0.000370397
-0.000264181
-0.000150467
-0.000116305
-0.0176685
-0.017995
-0.0175526
-0.0170188
-0.0164354
-0.0157152
-0.0148495
-0.0138719
-0.0128143
-0.011703
-0.0105643
-0.00942452
-0.00830864
-0.00723846
-0.006232
-0.00530298
-0.00446061
-0.00370972
-0.00305117
-0.0024824
-0.00199821
-0.00159147
-0.00125378
-0.000976411
-0.000749718
-0.000567125
-0.000414091
-0.000300995
-0.000172968
-0.000139006
-0.0134475
-0.0139893
-0.0138804
-0.0136702
-0.0134003
-0.0129986
-0.0124537
-0.0117905
-0.0110349
-0.0102087
-0.00933398
-0.00843397
-0.00753119
-0.00664632
-0.00579726
-0.00499865
-0.00426142
-0.00359276
-0.00299629
-0.00247241
-0.00201887
-0.00163134
-0.00130395
-0.00103027
-0.000802298
-0.000615515
-0.000455168
-0.000335846
-0.000195172
-0.000160265
-0.00953516
-0.0102525
-0.0104293
-0.0105011
-0.0105062
-0.0103859
-0.0101275
-0.0097487
-0.00926949
-0.00870742
-0.00808066
-0.00740885
-0.00671188
-0.00600872
-0.00531656
-0.00465022
-0.00402169
-0.00343988
-0.00291059
-0.00243676
-0.00201875
-0.00165484
-0.00134157
-0.00107474
-0.00084809
-0.00065905
-0.000493143
-0.00036837
-0.000216752
-0.000179898
-0.00594939
-0.00680782
-0.0072268
-0.00754146
-0.00778482
-0.0079103
-0.00790464
-0.00777956
-0.00754986
-0.00722898
-0.00683135
-0.00637314
-0.0058714
-0.00534303
-0.00480403
-0.00426886
-0.00374992
-0.00325726
-0.00279838
-0.00237826
-0.00199953
-0.00166281
-0.0013669
-0.00110972
-0.000886792
-0.00069735
-0.000527594
-0.000398222
-0.000237373
-0.000197726
-0.00270848
-0.00367861
-0.00429999
-0.00482102
-0.00526818
-0.00560522
-0.00581931
-0.00591723
-0.00590915
-0.00580483
-0.00561522
-0.0053532
-0.00503298
-0.0046692
-0.00427634
-0.00386806
-0.00345673
-0.00305301
-0.00266558
-0.00230103
-0.00196392
-0.00165689
-0.0013808
-0.00113553
-0.000918359
-0.000730186
-0.000558176
-0.000425094
-0.000256701
-0.000213576
0.000167973
-0.000889013
-0.00167682
-0.00237033
-0.00298893
-0.00350502
-0.00390677
-0.00419703
-0.004382
-0.00446816
-0.00446341
-0.00437761
-0.0042222
-0.00400958
-0.00375252
-0.00346363
-0.00315485
-0.00283706
-0.00251969
-0.00221054
-0.00191569
-0.00163952
-0.0013847
-0.00115289
-0.000943023
-0.0007575
-0.000584641
-0.000448718
-0.000274411
-0.000227274
0.00265795
0.0015349
0.00061313
-0.000221423
-0.000981064
-0.00164531
-0.00220358
-0.00265573
-0.00300462
-0.00325398
-0.00340904
-0.00347701
-0.00346684
-0.00338877
-0.00325386
-0.00307351
-0.00285903
-0.00262117
-0.00236979
-0.00211353
-0.00185966
-0.00161397
-0.00138067
-0.00116296
-0.000961311
-0.000779413
-0.000606845
-0.000468868
-0.000290197
-0.000238649
0.00473494
0.00356331
0.0025371
0.00159088
0.000718906
-6.39146e-05
-0.000748347
-0.00133201
-0.00181514
-0.00219917
-0.00248715
-0.00268407
-0.00279672
-0.00283342
-0.00280363
-0.00271755
-0.00258574
-0.00241867
-0.00222634
-0.00201794
-0.0018016
-0.00158425
-0.00137132
-0.00116732
-0.000974017
-0.000796214
-0.000624737
-0.000485362
-0.000303749
-0.000247526
0.00636853
0.00516245
0.00405861
0.00302825
0.00207127
0.00119841
0.000417672
-0.000267025
-0.000853925
-0.00134272
-0.00173477
-0.00203332
-0.00224344
-0.00237188
-0.00242672
-0.00241711
-0.00235289
-0.00224414
-0.00210087
-0.00193259
-0.00174804
-0.00155494
-0.00135969
-0.0011678
-0.00098213
-0.000808304
-0.00063833
-0.000498056
-0.000314753
-0.0002537
0.0075134
0.00628615
0.00513067
0.00404357
0.00302899
0.00209487
0.00124824
0.000494001
-0.000164725
-0.000726412
-0.00119125
-0.00156125
-0.00184027
-0.0020339
-0.00214922
-0.00219459
-0.00217922
-0.0021129
-0.00200554
-0.00186683
-0.00170586
-0.0015309
-0.00134902
-0.00116641
-0.000986706
-0.000816099
-0.000647636
-0.00050676
-0.000323115
-0.000256762
0.00813162
0.00689026
0.00570558
0.00458732
0.00354164
0.00257486
0.00169331
0.000902316
0.000205651
-0.00039457
-0.000897946
-0.00130588
-0.00162158
-0.00185002
-0.00199775
-0.00207266
-0.00208366
-0.00204031
-0.00195248
-0.0018299
-0.00168187
-0.00151691
-0.00134243
-0.001165
-0.000988706
-0.000819878
-0.000652638
-0.000510931
-0.000329408
-0.000256031
-0.0904862
-0.0987888
-0.106373
-0.113222
-0.119322
-0.124661
-0.129229
-0.133018
-0.136025
-0.138246
-0.139688
-0.140357
-0.140273
-0.139465
-0.137979
-0.13589
-0.133318
-0.130423
-0.127185
-0.127424
-0.0818629
-0.0896391
-0.0967474
-0.103174
-0.108904
-0.113929
-0.118242
-0.121839
-0.124722
-0.126897
-0.128376
-0.129178
-0.129337
-0.128899
-0.127934
-0.126547
-0.124898
-0.123224
-0.121417
-0.123897
-0.0736235
-0.0809855
-0.0877522
-0.0939111
-0.0994513
-0.104366
-0.10865
-0.112304
-0.115331
-0.11774
-0.119541
-0.120753
-0.121403
-0.12153
-0.121187
-0.120445
-0.119417
-0.118248
-0.116601
-0.118489
-0.0656947
-0.0726588
-0.0790909
-0.0849796
-0.0903161
-0.0950944
-0.0993111
-0.102965
-0.10606
-0.108599
-0.110594
-0.112056
-0.113006
-0.11347
-0.113483
-0.113091
-0.112366
-0.111401
-0.10984
-0.111234
-0.0580759
-0.0646523
-0.0707509
-0.0763611
-0.0814751
-0.0860877
-0.0901958
-0.0937982
-0.0968964
-0.0994943
-0.101599
-0.103222
-0.104377
-0.105085
-0.105375
-0.105281
-0.104863
-0.104193
-0.102968
-0.104088
-0.0507712
-0.0569799
-0.0627591
-0.0680995
-0.0729945
-0.0774395
-0.0814319
-0.0849707
-0.0880571
-0.0906946
-0.0928894
-0.0946509
-0.0959914
-0.0969279
-0.0974827
-0.0976839
-0.0975777
-0.0972095
-0.0963165
-0.0971791
-0.0437787
-0.0496414
-0.0551174
-0.0601996
-0.0648826
-0.0691628
-0.0730376
-0.0765065
-0.0795704
-0.0822325
-0.0844977
-0.0863739
-0.0878711
-0.089002
-0.0897833
-0.090235
-0.0903899
-0.0902701
-0.0896644
-0.0903688
-0.0370994
-0.0426336
-0.0478204
-0.0526544
-0.0571312
-0.0612475
-0.065001
-0.068391
-0.0714185
-0.0740857
-0.0763968
-0.0783576
-0.0799762
-0.081262
-0.0822271
-0.0828855
-0.0832618
-0.0833647
-0.0830323
-0.0836834
-0.0307255
-0.0359496
-0.040862
-0.0454583
-0.049735
-0.0536887
-0.0573176
-0.0606209
-0.0635993
-0.0662546
-0.06859
-0.0706099
-0.0723206
-0.0737298
-0.0748463
-0.0756804
-0.0762511
-0.0765583
-0.0764779
-0.0771371
-0.0246549
-0.0295859
-0.034238
-0.0386073
-0.0426902
-0.0464838
-0.0499863
-0.0531972
-0.0561166
-0.058746
-0.061088
-0.0631462
-0.0649252
-0.0664313
-0.0676712
-0.0686528
-0.0693903
-0.069878
-0.070021
-0.0707236
-0.0188831
-0.0235384
-0.0279443
-0.0320968
-0.0359926
-0.0396292
-0.0430049
-0.0461189
-0.0489714
-0.0515634
-0.0538971
-0.0559751
-0.0578013
-0.0593803
-0.0607178
-0.0618197
-0.0626969
-0.0633409
-0.0636797
-0.0644441
-0.0134069
-0.0178033
-0.0219763
-0.0259222
-0.029638
-0.0331212
-0.0363702
-0.0393843
-0.0421634
-0.0447084
-0.0470208
-0.0491028
-0.0509576
-0.0525887
-0.0540005
-0.0551982
-0.0561904
-0.0569673
-0.0574746
-0.0583056
-0.00822352
-0.0123768
-0.0163298
-0.0200792
-0.0236219
-0.0269558
-0.0300793
-0.0329915
-0.0356924
-0.0381823
-0.0404627
-0.0425353
-0.0444025
-0.0460674
-0.0475334
-0.048805
-0.049889
-0.050776
-0.0514252
-0.0523187
-0.00332936
-0.00725459
-0.0110002
-0.014563
-0.01794
-0.0211292
-0.024129
-0.0269385
-0.0295574
-0.0319862
-0.0342257
-0.0362774
-0.0381435
-0.0398263
-0.0413288
-0.0426546
-0.0438094
-0.0447848
-0.0455504
-0.0464975
0.0012792
-0.00243258
-0.00598304
-0.009369
-0.0125878
-0.0156373
-0.0185159
-0.0212228
-0.0237576
-0.0261204
-0.028312
-0.0303336
-0.032187
-0.0338741
-0.0353976
-0.0367605
-0.0379675
-0.0390111
-0.0398694
-0.040859
0.00560601
0.00209367
-0.00127352
-0.00449248
-0.00756062
-0.0104759
-0.0132366
-0.015842
-0.0182914
-0.020585
-0.0227234
-0.0247074
-0.0265385
-0.0282186
-0.0297498
-0.0311349
-0.0323777
-0.0334718
-0.0344014
-0.0354217
0.009655
0.00632857
0.00313303
7.13591e-05
-0.00285391
-0.0056407
-0.00828747
-0.0107932
-0.0131573
-0.0153797
-0.0174608
-0.0194015
-0.021203
-0.0228667
-0.0243946
-0.0257892
-0.0270536
-0.0281827
-0.0291649
-0.0302053
0.0134301
0.0102765
0.00724121
0.00432718
0.00153688
-0.00112765
-0.00366483
-0.00607358
-0.00835329
-0.0105038
-0.0125253
-0.0144185
-0.0161845
-0.0178245
-0.0193402
-0.0207339
-0.0220082
-0.023159
-0.0241781
-0.0252291
0.0169348
0.0139415
0.0110553
0.00827937
0.00561598
0.00306723
0.000634683
-0.00168052
-0.00387769
-0.00595658
-0.00791731
-0.00976041
-0.0114867
-0.0130975
-0.0145942
-0.0159787
-0.0172533
-0.018415
-0.0194579
-0.0205116
0.0201726
0.0173272
0.0145793
0.0119318
0.00938717
0.00694739
0.00461408
0.00238838
0.000271045
-0.00173758
-0.00363752
-0.0054292
-0.00711333
-0.00869096
-0.0101634
-0.0115324
-0.0128
-0.0139639
-0.0150201
-0.0160703
0.023146
0.0204365
0.0178161
0.0152876
0.0128535
0.0105156
0.00827566
0.00613483
0.0040939
0.00215329
0.000313058
-0.0014271
-0.00306781
-0.00460998
-0.00605479
-0.00740382
-0.00865882
-0.00981825
-0.0108797
-0.0119217
0.0258568
0.0232715
0.020768
0.018349
0.0160169
0.0137736
0.0116207
0.00955959
0.00759093
0.00571526
0.00393269
0.00224302
0.000645715
-0.00086002
-0.00227526
-0.00360141
-0.00484006
-0.00599031
-0.00705079
-0.00808135
0.0283053
0.0258328
0.0234357
0.0211166
0.0188779
0.0167216
0.0146492
0.012662
0.0107609
0.00894629
0.00721845
0.00557722
0.00402217
0.00255258
0.00116749
-0.000134393
-0.0013545
-0.00249248
-0.00354777
-0.00456497
0.0304904
0.0281193
0.025818
0.0235893
0.0214353
0.019358
0.0173591
0.0154396
0.0136006
0.0118425
0.0101656
0.00856986
0.00705486
0.00561999
0.00426436
0.00298681
0.00178602
0.000661891
-0.000385638
-0.00138879
0.0324089
0.0301277
0.0279118
0.0257636
0.0236853
0.0216788
0.0197458
0.0178873
0.0161044
0.0143975
0.012767
0.0112129
0.00973473
0.00833207
0.00700408
0.00574968
0.00456766
0.00345757
0.0024189
0.00142926
0.0340542
0.0318516
0.0297102
0.0276325
0.0256206
0.0236763
0.0218012
0.0199965
0.0182631
0.0166015
0.015012
0.0134947
0.0120494
0.0106755
0.00937221
0.00813867
0.0069737
0.00587658
0.00484648
0.00386869
0.0354173
0.0332814
0.0312035
0.0291858
0.0272304
0.0253391
0.0235134
0.0217544
0.020063
0.0184399
0.0168852
0.0153991
0.0139814
0.0126316
0.0113491
0.010133
0.0089821
0.00789567
0.0068726
0.00590402
0.03648
0.0343992
0.0323735
0.0304052
0.0284964
0.0266487
0.0248636
0.023142
0.021485
0.019893
0.0183664
0.0169052
0.0155094
0.0141785
0.0129119
0.0117087
0.010568
0.00948885
0.00846995
0.00750658
0.0372291
0.0351888
0.0332017
0.0312699
0.0293952
0.0275792
0.0258232
0.0241284
0.0224956
0.0209253
0.0194179
0.0179736
0.0165921
0.0152732
0.0140163
0.0128207
0.0116855
0.0106095
0.0095917
0.00862989
0.0376154
0.0356074
0.0336507
0.0317474
0.0298993
0.0281077
0.0263737
0.0246983
0.0230824
0.0215264
0.0200307
0.0185953
0.0172204
0.0159054
0.0146502
0.0134539
0.012316
0.0112354
0.010211
0.00924232
0.176011
0.15986
0.14491
0.130118
0.114942
0.0997155
0.0845715
0.069562
0.0547499
0.040194
0.0259451
0.01205
-0.00144738
-0.0145059
-0.0270874
-0.0391575
-0.050687
-0.0616579
-0.0718433
-0.0814822
0.1716
0.15517
0.140232
0.126018
0.111488
0.096971
0.0826061
0.0684132
0.0544376
0.0407276
0.0273249
0.014269
0.0015978
-0.0106528
-0.0224487
-0.0337571
-0.0445438
-0.0547819
-0.0643837
-0.0734325
0.164692
0.14855
0.133981
0.120568
0.106926
0.0933114
0.0798845
0.0666454
0.053623
0.0408574
0.0283833
0.0162335
0.00444
-0.00696637
-0.0179559
-0.0284997
-0.0385684
-0.0481391
-0.0571636
-0.0656772
0.157405
0.142162
0.128217
0.115607
0.102848
0.0901017
0.0775555
0.0652082
0.0530745
0.041188
0.029578
0.0182715
0.00729522
-0.00332455
-0.0135625
-0.023394
-0.032795
-0.0417456
-0.050207
-0.0582076
0.15029
0.136116
0.122914
0.111077
0.0991712
0.0872629
0.0755534
0.0640478
0.05275
0.041687
0.0308842
0.0203641
0.0101494
0.000262308
-0.00927534
-0.0184423
-0.0272181
-0.0355851
-0.0435118
-0.0510279
0.143494
0.130366
0.117958
0.106867
0.0957847
0.0846921
0.0737874
0.0630852
0.052582
0.0422989
0.0322579
0.0224782
0.012979
0.00377924
-0.00510209
-0.0136465
-0.0218356
-0.0296521
-0.0370678
-0.0441357
0.137074
0.124944
0.113361
0.102998
0.0927023
0.0823958
0.0722603
0.06232
0.052568
0.0430197
0.0336946
0.0246091
0.0157797
0.00722279
-0.00104539
-0.00900877
-0.0166509
-0.0239505
-0.0308558
-0.0375276
0.131065
0.119882
0.109127
0.0994733
0.0899261
0.0803704
0.0709662
0.0617452
0.0526998
0.0438413
0.0351865
0.02675
0.0185458
0.0105882
0.00289111
-0.00453205
-0.0116692
-0.0185153
-0.0250899
-0.0312345
0.12549
0.115196
0.105255
0.0962869
0.0874466
0.0786024
0.06989
0.0613457
0.0529631
0.0447501
0.0367214
0.0288901
0.0212684
0.0138688
0.00670334
-0.000216146
-0.00687874
-0.0132747
-0.0193978
-0.025201
0.120357
0.110894
0.101738
0.0934277
0.0852524
0.0770779
0.0690166
0.0611062
0.0533429
0.0457323
0.0382869
0.0310186
0.0239384
0.0170573
0.0103862
0.00393561
-0.00228429
-0.00826366
-0.0139945
-0.0194534
0.115665
0.106975
0.0985654
0.0908822
0.0833298
0.0757817
0.0683298
0.0610113
0.0538245
0.0467739
0.0398703
0.0331246
0.0265467
0.0201466
0.0139341
0.00791879
0.00210997
-0.00348346
-0.0088537
-0.013985
0.111406
0.103433
0.0957254
0.0886342
0.0816626
0.0746972
0.067813
0.0610446
0.0543928
0.0478611
0.0414594
0.0351975
0.0290845
0.0231296
0.0173417
0.0117296
0.00630191
0.00106668
-0.00396872
-0.0087928
0.107566
0.100256
0.093202
0.0866657
0.0802332
0.0738073
0.067449
0.0611901
0.0550327
0.0489806
0.0430423
0.037227
0.0315433
0.0259995
0.020604
0.0153648
0.0102899
0.00538669
0.000662018
-0.00387499
0.104126
0.0974273
0.0909774
0.0849571
0.0790228
0.0730939
0.0672208
0.0614315
0.0557298
0.0501192
0.0446077
0.0392037
0.0339154
0.0287505
0.0237168
0.0188218
0.0140729
0.00947699
0.00504047
0.000771042
0.101067
0.094929
0.0890318
0.0834877
0.0780116
0.0725387
0.067111
0.0617532
0.0564697
0.0512644
0.0461447
0.0411186
0.0361935
0.031377
0.0266763
0.0220984
0.0176503
0.0133384
0.00916881
0.00514821
0.0983639
0.0927389
0.0873442
0.0822366
0.0771797
0.0721234
0.0671029
0.0621398
0.0572389
0.0524045
0.0476435
0.0429633
0.0383713
0.0338743
0.0294793
0.0251931
0.021022
0.0169721
0.0130493
0.00925964
0.0959912
0.0908339
0.0858927
0.0811824
0.0765074
0.0718298
0.06718
0.0625765
0.0580245
0.0535283
0.0490945
0.0447304
0.0404427
0.0362382
0.0321234
0.0281046
0.0241881
0.0203795
0.0166845
0.0131086
0.0939223
0.0891894
0.0846552
0.080304
0.075975
0.0716405
0.0673266
0.0630493
0.058814
0.0546252
0.0504892
0.0464128
0.0424025
0.0384649
0.034606
0.0308321
0.0271489
0.0235621
0.0200768
0.0166984
0.0921304
0.0877807
0.0836093
0.0795807
0.0755636
0.0715383
0.0675274
0.0635449
0.059596
0.0556855
0.0518193
0.048004
0.0442458
0.0405509
0.0369253
0.0333748
0.0299051
0.0265213
0.0232287
0.020032
0.0905888
0.0865833
0.0827333
0.0789927
0.075255
0.0715069
0.0677681
0.0640506
0.0603596
0.0566999
0.0530773
0.049498
0.045968
0.0424932
0.0390793
0.0357321
0.0324567
0.0292585
0.0261421
0.0231123
0.0892717
0.0855733
0.0820064
0.078521
0.075032
0.0715311
0.0680351
0.0645545
0.0610945
0.0576597
0.0542559
0.0508889
0.0475645
0.0442884
0.0410661
0.0379029
0.034804
0.0317744
0.0288187
0.0259414
0.0881545
0.0847281
0.0814086
0.0781476
0.0748784
0.0715963
0.0683155
0.0650454
0.0617909
0.0585567
0.0553483
0.0521712
0.0490311
0.0459333
0.0428831
0.0398858
0.0369463
0.0340692
0.0312593
0.0285206
0.0872147
0.0840266
0.0809214
0.0778559
0.0747791
0.0716889
0.0685973
0.0655126
0.0624395
0.0593827
0.0563474
0.053339
0.0503628
0.047424
0.0445277
0.0416789
0.0388822
0.0361423
0.0334636
0.0308501
0.0864317
0.0834496
0.0805277
0.0776304
0.07472
0.0717962
0.068869
0.0659458
0.0630311
0.0601296
0.0572463
0.0543862
0.0515545
0.0487562
0.045996
0.0432788
0.0406092
0.0379916
0.03543
0.0329285
0.0857873
0.08298
0.0802123
0.0774571
0.0746881
0.0719061
0.0691196
0.0663349
0.0635566
0.0607891
0.0580372
0.0553059
0.0525999
0.049924
0.0472829
0.0446812
0.0421231
0.039613
0.0371548
0.0347524
0.0852661
0.082603
0.0799614
0.0773231
0.0746712
0.0720072
0.0693382
0.0666697
0.0640062
0.061352
0.0587116
0.0560898
0.0534911
0.0509201
0.0483813
0.0458789
0.0434172
0.0410002
0.0386317
0.0363153
0.084856
0.0823062
0.0797634
0.0772175
0.0746586
0.0720891
0.0695147
0.0669404
0.0643704
0.0618089
0.0592604
0.0567291
0.0542195
0.0517359
0.0492825
0.0468636
0.0444829
0.0421445
0.0398519
0.0376085
0.0845474
0.0820794
0.0796076
0.0771285
0.0746381
0.0721387
0.0696354
0.0671324
0.064634
0.0621442
0.0596671
0.0572069
0.0547678
0.0523538
0.049969
0.0476173
0.0453024
0.0430278
0.0407971
0.0386134
0.0843382
0.0819201
0.0794919
0.0770552
0.0746093
0.0721568
0.0697017
0.067248
0.0647997
0.0623606
0.0599346
0.0575256
0.0551377
0.0527746
0.0504401
0.0481379
0.0458716
0.0436445
0.0414598
0.0393206
0.0842198
0.0818112
0.0793898
0.0769606
0.0745253
0.0720868
0.0696488
0.0672152
0.0647899
0.0623764
0.0599785
0.0575998
0.055244
0.0529145
0.0506147
0.048348
0.0461174
0.0439261
0.0417768
0.0396721
0.20639
0.207419
0.209768
0.212732
0.216126
0.219566
0.222723
0.225228
0.226676
0.226689
0.224826
0.220854
0.214101
0.20508
0.188358
0.205274
0.206202
0.208332
0.210993
0.213982
0.216907
0.219433
0.221188
0.221779
0.220847
0.217978
0.212975
0.205195
0.195286
0.179391
0.204094
0.20494
0.206858
0.209206
0.211782
0.214202
0.216137
0.217229
0.217104
0.215431
0.211839
0.20618
0.197907
0.187816
0.172971
0.202831
0.203584
0.205272
0.20729
0.20943
0.211322
0.212644
0.213052
0.212193
0.209769
0.205454
0.199151
0.190432
0.180098
0.165835
0.201482
0.202133
0.20358
0.205254
0.206948
0.208301
0.209001
0.208721
0.207134
0.203977
0.198976
0.192083
0.182989
0.172443
0.158694
0.200045
0.200589
0.201786
0.20311
0.20435
0.205162
0.205245
0.204294
0.202012
0.198174
0.192562
0.185173
0.175815
0.165163
0.151943
0.198518
0.198951
0.199892
0.200858
0.20164
0.201912
0.201389
0.19979
0.196853
0.192394
0.186253
0.178463
0.168937
0.158272
0.145576
0.196899
0.197217
0.197896
0.198499
0.198821
0.198557
0.197442
0.195224
0.191677
0.186659
0.180064
0.171962
0.162351
0.151748
0.139569
0.195187
0.195386
0.195799
0.196036
0.195899
0.195108
0.193421
0.190615
0.186507
0.180993
0.174022
0.165691
0.156067
0.145594
0.13393
0.193381
0.19346
0.193603
0.193473
0.192882
0.191577
0.189341
0.185987
0.18137
0.175427
0.168153
0.159672
0.150101
0.139819
0.128669
0.191483
0.191438
0.191312
0.190817
0.18978
0.187978
0.185223
0.181362
0.176291
0.169986
0.162483
0.153925
0.144465
0.134428
0.123792
0.189494
0.189325
0.18893
0.188075
0.186605
0.184327
0.181085
0.176764
0.171297
0.164696
0.157033
0.148465
0.139167
0.129422
0.119297
0.187418
0.187126
0.186465
0.185257
0.183369
0.180641
0.17695
0.172217
0.166413
0.159582
0.151823
0.143306
0.134215
0.124798
0.115178
0.185261
0.184845
0.183925
0.182375
0.180088
0.176939
0.172839
0.167745
0.161662
0.154663
0.14687
0.138455
0.129609
0.120548
0.111428
0.18303
0.182493
0.181321
0.179442
0.176779
0.173242
0.168776
0.163372
0.157068
0.14996
0.142185
0.133919
0.125348
0.116664
0.108034
0.180734
0.180079
0.178665
0.176475
0.173462
0.169571
0.164784
0.159122
0.152652
0.145488
0.13778
0.129701
0.121429
0.113133
0.104979
0.178384
0.177616
0.175973
0.17349
0.170155
0.165949
0.160885
0.155015
0.148432
0.141262
0.133662
0.1258
0.117843
0.10994
0.102248
0.175996
0.175119
0.173262
0.170509
0.166882
0.162399
0.157103
0.151075
0.144424
0.137292
0.129835
0.122213
0.114581
0.107069
0.0998198
0.173587
0.172608
0.170553
0.167552
0.163666
0.158945
0.153461
0.147319
0.140645
0.133587
0.126299
0.118934
0.111631
0.104503
0.0976743
0.171176
0.170103
0.167868
0.164645
0.160532
0.155611
0.149981
0.143767
0.137108
0.130154
0.123056
0.115955
0.108978
0.102221
0.0957905
0.168788
0.167628
0.165232
0.161812
0.157506
0.152422
0.146685
0.140435
0.133822
0.126996
0.120101
0.113269
0.10661
0.100207
0.0941472
0.166449
0.16521
0.162674
0.159084
0.154616
0.149404
0.143594
0.137341
0.130799
0.124117
0.117433
0.110865
0.10451
0.0984402
0.0927242
0.16419
0.162882
0.160224
0.156491
0.15189
0.146583
0.140731
0.1345
0.128048
0.12152
0.115046
0.108733
0.102666
0.0969042
0.0915022
0.162045
0.160678
0.157918
0.154066
0.149361
0.143986
0.138118
0.131929
0.125578
0.119207
0.112937
0.106865
0.101064
0.0955829
0.0904637
0.160054
0.158635
0.155792
0.151846
0.147062
0.141643
0.135778
0.129643
0.123399
0.117182
0.111105
0.105254
0.0996927
0.0944623
0.0895931
0.158259
0.156798
0.153889
0.149869
0.145028
0.139584
0.133736
0.127663
0.121524
0.115451
0.109548
0.103894
0.0985439
0.0935312
0.0888776
0.156707
0.155212
0.152254
0.14818
0.143299
0.137844
0.13202
0.126009
0.119967
0.114021
0.10827
0.102784
0.0976123
0.0927817
0.0883073
0.155451
0.153931
0.150937
0.146825
0.141918
0.136463
0.130665
0.124709
0.118749
0.112908
0.107279
0.101928
0.0968975
0.0922101
0.0878763
0.154549
0.15301
0.149994
0.145859
0.140937
0.135484
0.129708
0.123795
0.117896
0.112131
0.106591
0.101336
0.0964047
0.0918184
0.0875838
0.154066
0.152513
0.149488
0.145341
0.140413
0.134962
0.1292
0.12331
0.117444
0.111722
0.106228
0.101024
0.0961466
0.0916134
0.0874303
0.220512
0.222219
0.22618
0.231599
0.238446
0.24651
0.255692
0.265916
0.277102
0.289171
0.302027
0.31557
0.32968
0.344247
0.359076
0.220437
0.222139
0.226092
0.231499
0.23833
0.246371
0.255523
0.265709
0.276848
0.288858
0.301642
0.315097
0.329104
0.34355
0.358231
0.220287
0.22198
0.225917
0.231301
0.2381
0.246093
0.255186
0.265297
0.276341
0.288233
0.300872
0.314154
0.327952
0.342159
0.356544
0.220062
0.221741
0.225655
0.231003
0.237754
0.245677
0.254683
0.26468
0.275582
0.287298
0.299721
0.312743
0.32623
0.340078
0.354021
0.219764
0.221425
0.225308
0.230609
0.237295
0.245126
0.254014
0.263862
0.274575
0.286056
0.298192
0.310869
0.323941
0.337314
0.350671
0.219394
0.221032
0.224877
0.230119
0.236725
0.244441
0.253182
0.262844
0.273322
0.284512
0.296291
0.308537
0.321094
0.333877
0.346505
0.218952
0.220565
0.224364
0.229525
0.236042
0.243624
0.252191
0.26163
0.271827
0.28267
0.294021
0.305755
0.317698
0.329777
0.341538
0.218439
0.220024
0.223772
0.22886
0.235252
0.242679
0.251044
0.260225
0.270097
0.280536
0.291392
0.302532
0.313761
0.325029
0.335788
0.217859
0.219412
0.223103
0.228126
0.234356
0.241609
0.249745
0.258633
0.268135
0.278116
0.28841
0.298876
0.309297
0.319646
0.329274
0.217211
0.218732
0.222357
0.227271
0.23336
0.240418
0.248298
0.25686
0.265949
0.275419
0.285084
0.294798
0.304318
0.313647
0.322019
0.2165
0.217986
0.221537
0.226341
0.232268
0.23911
0.246709
0.254911
0.263546
0.272452
0.281424
0.290311
0.298838
0.307049
0.314048
0.215725
0.217177
0.220638
0.22533
0.231082
0.237689
0.244982
0.252792
0.260932
0.269224
0.277441
0.285426
0.292872
0.299872
0.305384
0.214891
0.216309
0.219698
0.224242
0.229807
0.236161
0.243123
0.25051
0.258116
0.265744
0.273144
0.280156
0.286435
0.292136
0.296054
0.213999
0.215385
0.218705
0.223082
0.228448
0.234529
0.241138
0.248073
0.255105
0.262021
0.268546
0.274514
0.279545
0.283861
0.28608
0.213052
0.214403
0.217624
0.221856
0.227007
0.232801
0.239034
0.245488
0.251911
0.258069
0.263661
0.268519
0.272219
0.275071
0.275489
0.212053
0.213365
0.216492
0.220565
0.225489
0.230977
0.236814
0.24276
0.248538
0.253892
0.258495
0.262175
0.264466
0.265773
0.264289
0.211005
0.212306
0.215308
0.219213
0.223896
0.229061
0.234479
0.239885
0.24498
0.24948
0.253033
0.255462
0.256259
0.255929
0.252436
0.209909
0.211187
0.214088
0.21782
0.222254
0.227087
0.232073
0.236923
0.241307
0.244919
0.247377
0.248496
0.247733
0.245692
0.240078
0.20877
0.210045
0.212851
0.21641
0.220598
0.225107
0.229676
0.233988
0.237685
0.240426
0.241803
0.241612
0.239277
0.235504
0.227757
0.207591
0.208813
0.211474
0.214813
0.218699
0.222813
0.226875
0.230543
0.233429
0.235166
0.235318
0.233661
0.22955
0.223743
0.213341
0.207591
0.208813
0.211474
0.214813
0.218699
0.222813
0.226875
0.230543
0.233429
0.235166
0.235318
0.233661
0.22955
0.223743
0.213341
0.20877
0.210045
0.212851
0.21641
0.220598
0.225107
0.229676
0.233988
0.237685
0.240426
0.241803
0.241612
0.239277
0.235504
0.227757
0.209909
0.211187
0.214088
0.21782
0.222254
0.227087
0.232073
0.236923
0.241307
0.244919
0.247377
0.248496
0.247733
0.245692
0.240078
0.211005
0.212306
0.215308
0.219213
0.223896
0.229061
0.234479
0.239885
0.24498
0.24948
0.253033
0.255462
0.256259
0.255929
0.252436
0.212053
0.213365
0.216492
0.220565
0.225489
0.230977
0.236814
0.24276
0.248538
0.253892
0.258495
0.262175
0.264466
0.265773
0.264289
0.213052
0.214403
0.217624
0.221856
0.227007
0.232801
0.239034
0.245488
0.251911
0.258069
0.263661
0.268519
0.272219
0.275071
0.275489
0.213999
0.215385
0.218705
0.223082
0.228448
0.234529
0.241138
0.248073
0.255105
0.262021
0.268546
0.274514
0.279545
0.283861
0.28608
0.214891
0.216309
0.219698
0.224242
0.229807
0.236161
0.243123
0.25051
0.258116
0.265744
0.273144
0.280156
0.286435
0.292136
0.296054
0.215725
0.217177
0.220638
0.22533
0.231082
0.237689
0.244982
0.252792
0.260932
0.269224
0.277441
0.285426
0.292872
0.299872
0.305384
0.2165
0.217986
0.221537
0.226341
0.232268
0.23911
0.246709
0.254911
0.263546
0.272452
0.281424
0.290311
0.298838
0.307049
0.314048
0.217211
0.218732
0.222357
0.227271
0.23336
0.240418
0.248298
0.25686
0.265949
0.275419
0.285084
0.294798
0.304318
0.313647
0.322019
0.217859
0.219412
0.223103
0.228126
0.234356
0.241609
0.249745
0.258633
0.268135
0.278116
0.28841
0.298876
0.309297
0.319646
0.329274
0.218439
0.220024
0.223772
0.22886
0.235252
0.242679
0.251044
0.260225
0.270097
0.280536
0.291392
0.302532
0.313761
0.325029
0.335788
0.218952
0.220565
0.224364
0.229525
0.236042
0.243624
0.252191
0.26163
0.271827
0.28267
0.294021
0.305755
0.317698
0.329777
0.341538
0.219394
0.221032
0.224877
0.230119
0.236725
0.244441
0.253182
0.262844
0.273322
0.284512
0.296291
0.308537
0.321094
0.333877
0.346505
0.219764
0.221425
0.225308
0.230609
0.237295
0.245126
0.254014
0.263862
0.274575
0.286056
0.298192
0.310869
0.323941
0.337314
0.350671
0.220062
0.221741
0.225655
0.231003
0.237754
0.245677
0.254683
0.26468
0.275582
0.287298
0.299721
0.312743
0.32623
0.340078
0.354021
0.220287
0.22198
0.225917
0.231301
0.2381
0.246093
0.255186
0.265297
0.276341
0.288233
0.300872
0.314154
0.327952
0.342159
0.356544
0.220437
0.222139
0.226092
0.231499
0.23833
0.246371
0.255523
0.265709
0.276848
0.288858
0.301642
0.315097
0.329104
0.34355
0.358231
0.220512
0.222219
0.22618
0.231599
0.238446
0.24651
0.255692
0.265916
0.277102
0.289171
0.302027
0.31557
0.32968
0.344247
0.359076
0.154066
0.152513
0.149488
0.145341
0.140413
0.134962
0.1292
0.12331
0.117444
0.111722
0.106228
0.101024
0.0961466
0.0916135
0.0874303
0.154549
0.15301
0.149994
0.145859
0.140937
0.135484
0.129708
0.123795
0.117896
0.112132
0.106591
0.101336
0.0964047
0.0918184
0.0875838
0.155451
0.153931
0.150937
0.146825
0.141918
0.136463
0.130665
0.124709
0.118749
0.112908
0.107279
0.101928
0.0968975
0.0922101
0.0878763
0.156707
0.155212
0.152254
0.14818
0.143299
0.137844
0.13202
0.126009
0.119967
0.114021
0.10827
0.102784
0.0976123
0.0927817
0.0883073
0.158259
0.156798
0.153889
0.149869
0.145028
0.139584
0.133736
0.127663
0.121524
0.115451
0.109548
0.103894
0.0985439
0.0935312
0.0888776
0.160054
0.158635
0.155792
0.151846
0.147062
0.141643
0.135778
0.129643
0.123399
0.117182
0.111105
0.105254
0.0996927
0.0944623
0.0895931
0.162045
0.160678
0.157918
0.154066
0.149361
0.143986
0.138118
0.131929
0.125578
0.119207
0.112937
0.106865
0.101064
0.0955829
0.0904637
0.16419
0.162882
0.160224
0.156491
0.15189
0.146583
0.140731
0.1345
0.128048
0.12152
0.115046
0.108733
0.102666
0.0969042
0.0915022
0.166449
0.16521
0.162674
0.159084
0.154616
0.149404
0.143594
0.137341
0.130799
0.124117
0.117433
0.110865
0.10451
0.0984402
0.0927242
0.168788
0.167628
0.165232
0.161812
0.157506
0.152422
0.146685
0.140435
0.133822
0.126996
0.120101
0.113269
0.10661
0.100207
0.0941472
0.171176
0.170103
0.167868
0.164645
0.160532
0.155611
0.149981
0.143767
0.137108
0.130154
0.123056
0.115955
0.108978
0.102221
0.0957905
0.173587
0.172608
0.170553
0.167552
0.163666
0.158945
0.153461
0.147319
0.140645
0.133587
0.126299
0.118934
0.111631
0.104503
0.0976743
0.175996
0.175119
0.173262
0.170509
0.166882
0.162399
0.157103
0.151075
0.144424
0.137292
0.129835
0.122213
0.114581
0.107069
0.0998198
0.178384
0.177616
0.175973
0.17349
0.170155
0.165949
0.160885
0.155015
0.148432
0.141262
0.133662
0.1258
0.117843
0.10994
0.102248
0.180734
0.180079
0.178665
0.176475
0.173462
0.169571
0.164784
0.159122
0.152652
0.145488
0.13778
0.129701
0.121429
0.113133
0.104979
0.18303
0.182493
0.181321
0.179442
0.176779
0.173242
0.168776
0.163372
0.157068
0.14996
0.142185
0.133919
0.125348
0.116664
0.108034
0.185261
0.184845
0.183925
0.182375
0.180088
0.176939
0.172839
0.167745
0.161662
0.154663
0.14687
0.138455
0.129609
0.120548
0.111428
0.187418
0.187126
0.186465
0.185257
0.183369
0.180641
0.17695
0.172217
0.166413
0.159582
0.151823
0.143306
0.134215
0.124798
0.115178
0.189494
0.189325
0.18893
0.188075
0.186605
0.184327
0.181085
0.176764
0.171297
0.164696
0.157033
0.148465
0.139167
0.129422
0.119297
0.191483
0.191438
0.191312
0.190817
0.18978
0.187978
0.185223
0.181362
0.176291
0.169986
0.162483
0.153925
0.144465
0.134428
0.123792
0.193381
0.19346
0.193603
0.193473
0.192882
0.191577
0.189341
0.185987
0.18137
0.175427
0.168153
0.159672
0.150101
0.139819
0.128669
0.195187
0.195386
0.195799
0.196036
0.195899
0.195108
0.193421
0.190615
0.186507
0.180993
0.174022
0.165691
0.156067
0.145594
0.13393
0.196899
0.197217
0.197896
0.198499
0.198821
0.198557
0.197442
0.195224
0.191677
0.186659
0.180064
0.171962
0.162351
0.151748
0.139569
0.198518
0.198951
0.199892
0.200858
0.20164
0.201912
0.201389
0.19979
0.196853
0.192394
0.186253
0.178463
0.168937
0.158272
0.145576
0.200045
0.200589
0.201786
0.20311
0.20435
0.205162
0.205245
0.204294
0.202012
0.198174
0.192562
0.185173
0.175815
0.165163
0.151943
0.201482
0.202133
0.20358
0.205254
0.206948
0.208301
0.209001
0.208721
0.207134
0.203977
0.198976
0.192083
0.182989
0.172443
0.158694
0.202831
0.203584
0.205272
0.20729
0.20943
0.211322
0.212644
0.213052
0.212193
0.209769
0.205454
0.199151
0.190432
0.180098
0.165835
0.204094
0.20494
0.206858
0.209206
0.211782
0.214202
0.216137
0.217229
0.217104
0.215431
0.211839
0.20618
0.197907
0.187816
0.172971
0.205274
0.206202
0.208332
0.210993
0.213982
0.216907
0.219433
0.221188
0.221779
0.220847
0.217978
0.212975
0.205195
0.195286
0.179391
0.20639
0.207419
0.209768
0.212732
0.216126
0.219566
0.222723
0.225228
0.226676
0.226689
0.224826
0.220854
0.214101
0.20508
0.188358
0.0842198
0.0818112
0.0793898
0.0769606
0.0745253
0.0720868
0.0696488
0.0672152
0.0647899
0.0623764
0.0599785
0.0575998
0.055244
0.0529145
0.0506147
0.048348
0.0461174
0.0439261
0.0417768
0.0396721
0.0843382
0.0819201
0.0794919
0.0770552
0.0746093
0.0721568
0.0697017
0.067248
0.0647997
0.0623606
0.0599346
0.0575256
0.0551377
0.0527746
0.0504401
0.0481379
0.0458716
0.0436445
0.0414598
0.0393206
0.0845474
0.0820794
0.0796076
0.0771285
0.0746381
0.0721387
0.0696354
0.0671324
0.064634
0.0621442
0.0596671
0.0572069
0.0547678
0.0523538
0.049969
0.0476173
0.0453024
0.0430278
0.0407971
0.0386134
0.084856
0.0823062
0.0797634
0.0772175
0.0746586
0.0720891
0.0695147
0.0669404
0.0643704
0.0618089
0.0592604
0.0567291
0.0542195
0.0517359
0.0492825
0.0468636
0.0444829
0.0421445
0.0398519
0.0376085
0.0852661
0.082603
0.0799614
0.0773231
0.0746712
0.0720072
0.0693382
0.0666697
0.0640062
0.061352
0.0587116
0.0560898
0.0534911
0.0509201
0.0483813
0.0458789
0.0434172
0.0410002
0.0386317
0.0363153
0.0857873
0.08298
0.0802123
0.0774571
0.0746881
0.0719061
0.0691196
0.0663349
0.0635566
0.0607891
0.0580372
0.0553059
0.0525999
0.049924
0.0472829
0.0446812
0.0421231
0.039613
0.0371548
0.0347524
0.0864317
0.0834496
0.0805277
0.0776304
0.07472
0.0717962
0.068869
0.0659458
0.0630311
0.0601296
0.0572463
0.0543862
0.0515545
0.0487562
0.045996
0.0432788
0.0406092
0.0379916
0.03543
0.0329285
0.0872147
0.0840266
0.0809214
0.0778559
0.0747791
0.0716889
0.0685973
0.0655126
0.0624395
0.0593827
0.0563474
0.053339
0.0503628
0.047424
0.0445277
0.0416789
0.0388822
0.0361423
0.0334636
0.0308501
0.0881545
0.0847281
0.0814086
0.0781476
0.0748784
0.0715963
0.0683155
0.0650454
0.0617909
0.0585567
0.0553483
0.0521712
0.0490311
0.0459333
0.0428831
0.0398858
0.0369463
0.0340692
0.0312593
0.0285206
0.0892717
0.0855733
0.0820064
0.078521
0.075032
0.0715311
0.0680351
0.0645545
0.0610945
0.0576597
0.0542559
0.0508889
0.0475645
0.0442884
0.0410661
0.0379029
0.034804
0.0317744
0.0288187
0.0259414
0.0905888
0.0865833
0.0827333
0.0789927
0.075255
0.0715069
0.0677681
0.0640506
0.0603596
0.0566999
0.0530773
0.049498
0.045968
0.0424932
0.0390793
0.0357321
0.0324567
0.0292585
0.0261421
0.0231123
0.0921304
0.0877807
0.0836093
0.0795807
0.0755636
0.0715383
0.0675274
0.0635449
0.059596
0.0556855
0.0518193
0.048004
0.0442458
0.0405509
0.0369253
0.0333748
0.0299051
0.0265213
0.0232287
0.020032
0.0939223
0.0891894
0.0846552
0.080304
0.075975
0.0716405
0.0673266
0.0630493
0.058814
0.0546252
0.0504892
0.0464128
0.0424025
0.0384649
0.034606
0.0308321
0.0271489
0.0235621
0.0200768
0.0166984
0.0959912
0.0908339
0.0858927
0.0811824
0.0765074
0.0718298
0.06718
0.0625765
0.0580245
0.0535283
0.0490945
0.0447304
0.0404427
0.0362382
0.0321234
0.0281046
0.0241881
0.0203795
0.0166845
0.0131086
0.0983639
0.0927389
0.0873442
0.0822366
0.0771797
0.0721234
0.0671029
0.0621398
0.0572389
0.0524045
0.0476435
0.0429633
0.0383713
0.0338743
0.0294793
0.0251931
0.021022
0.0169721
0.0130493
0.00925964
0.101067
0.094929
0.0890318
0.0834877
0.0780116
0.0725387
0.067111
0.0617532
0.0564697
0.0512644
0.0461447
0.0411186
0.0361935
0.031377
0.0266763
0.0220984
0.0176503
0.0133384
0.00916881
0.00514821
0.104126
0.0974273
0.0909774
0.0849571
0.0790228
0.0730939
0.0672208
0.0614315
0.0557298
0.0501192
0.0446077
0.0392037
0.0339154
0.0287505
0.0237168
0.0188218
0.0140729
0.00947699
0.00504048
0.000771043
0.107566
0.100256
0.093202
0.0866657
0.0802332
0.0738073
0.067449
0.0611901
0.0550327
0.0489806
0.0430423
0.037227
0.0315433
0.0259995
0.020604
0.0153648
0.0102899
0.00538669
0.000662019
-0.00387499
0.111406
0.103433
0.0957254
0.0886342
0.0816626
0.0746972
0.067813
0.0610446
0.0543928
0.0478611
0.0414594
0.0351975
0.0290845
0.0231296
0.0173417
0.0117296
0.00630192
0.00106668
-0.00396872
-0.0087928
0.115665
0.106975
0.0985654
0.0908822
0.0833298
0.0757817
0.0683298
0.0610113
0.0538245
0.0467739
0.0398703
0.0331246
0.0265468
0.0201466
0.0139341
0.00791879
0.00210997
-0.00348346
-0.0088537
-0.013985
0.120357
0.110894
0.101738
0.0934277
0.0852524
0.0770779
0.0690166
0.0611062
0.0533429
0.0457323
0.0382869
0.0310186
0.0239384
0.0170573
0.0103862
0.00393561
-0.00228429
-0.00826366
-0.0139945
-0.0194534
0.12549
0.115196
0.105255
0.0962869
0.0874466
0.0786024
0.06989
0.0613457
0.0529631
0.0447501
0.0367214
0.0288901
0.0212684
0.0138688
0.00670334
-0.000216145
-0.00687874
-0.0132747
-0.0193978
-0.025201
0.131065
0.119882
0.109127
0.0994733
0.0899261
0.0803704
0.0709662
0.0617452
0.0526998
0.0438413
0.0351865
0.02675
0.0185458
0.0105882
0.00289111
-0.00453205
-0.0116692
-0.0185153
-0.0250899
-0.0312345
0.137074
0.124944
0.113361
0.102998
0.0927023
0.0823958
0.0722603
0.06232
0.052568
0.0430197
0.0336946
0.0246091
0.0157797
0.0072228
-0.00104539
-0.00900877
-0.0166509
-0.0239505
-0.0308558
-0.0375276
0.143494
0.130366
0.117958
0.106867
0.0957847
0.0846921
0.0737874
0.0630852
0.052582
0.0422989
0.0322579
0.0224782
0.012979
0.00377924
-0.00510208
-0.0136465
-0.0218356
-0.0296521
-0.0370678
-0.0441357
0.15029
0.136116
0.122914
0.111077
0.0991712
0.0872629
0.0755534
0.0640478
0.05275
0.041687
0.0308842
0.0203641
0.0101494
0.000262309
-0.00927534
-0.0184423
-0.0272181
-0.0355851
-0.0435118
-0.0510279
0.157405
0.142162
0.128217
0.115607
0.102848
0.0901017
0.0775555
0.0652082
0.0530745
0.041188
0.029578
0.0182715
0.00729522
-0.00332455
-0.0135625
-0.023394
-0.0327949
-0.0417456
-0.050207
-0.0582075
0.164692
0.14855
0.133981
0.120568
0.106926
0.0933114
0.0798845
0.0666454
0.053623
0.0408574
0.0283833
0.0162335
0.00444
-0.00696637
-0.0179559
-0.0284997
-0.0385684
-0.0481391
-0.0571636
-0.0656772
0.1716
0.15517
0.140232
0.126018
0.111488
0.096971
0.0826061
0.0684132
0.0544376
0.0407276
0.0273249
0.014269
0.0015978
-0.0106528
-0.0224487
-0.0337571
-0.0445438
-0.0547819
-0.0643837
-0.0734325
0.176011
0.15986
0.14491
0.130118
0.114942
0.0997155
0.0845715
0.069562
0.0547499
0.040194
0.0259451
0.01205
-0.00144738
-0.0145059
-0.0270874
-0.0391575
-0.050687
-0.0616579
-0.0718433
-0.0814822
0.0376154
0.0356074
0.0336507
0.0317474
0.0298993
0.0281077
0.0263737
0.0246983
0.0230824
0.0215264
0.0200307
0.0185953
0.0172204
0.0159054
0.0146502
0.0134539
0.012316
0.0112354
0.010211
0.00924232
0.0372291
0.0351888
0.0332017
0.0312699
0.0293952
0.0275792
0.0258232
0.0241284
0.0224956
0.0209253
0.0194179
0.0179736
0.0165921
0.0152732
0.0140163
0.0128207
0.0116855
0.0106095
0.0095917
0.00862989
0.0364801
0.0343992
0.0323735
0.0304052
0.0284964
0.0266487
0.0248636
0.023142
0.021485
0.019893
0.0183664
0.0169052
0.0155094
0.0141785
0.0129119
0.0117087
0.010568
0.00948885
0.00846995
0.00750658
0.0354173
0.0332814
0.0312035
0.0291858
0.0272304
0.0253391
0.0235134
0.0217544
0.020063
0.0184399
0.0168852
0.0153991
0.0139814
0.0126316
0.0113491
0.010133
0.0089821
0.00789567
0.0068726
0.00590402
0.0340542
0.0318516
0.0297102
0.0276325
0.0256206
0.0236763
0.0218012
0.0199965
0.0182631
0.0166015
0.015012
0.0134947
0.0120494
0.0106755
0.00937221
0.00813867
0.0069737
0.00587658
0.00484648
0.00386869
0.0324089
0.0301277
0.0279118
0.0257636
0.0236853
0.0216788
0.0197458
0.0178873
0.0161044
0.0143975
0.012767
0.0112129
0.00973474
0.00833207
0.00700408
0.00574968
0.00456766
0.00345757
0.0024189
0.00142926
0.0304904
0.0281193
0.025818
0.0235893
0.0214353
0.019358
0.0173591
0.0154396
0.0136006
0.0118425
0.0101656
0.00856986
0.00705486
0.00561999
0.00426436
0.00298681
0.00178602
0.000661892
-0.000385637
-0.00138879
0.0283053
0.0258328
0.0234357
0.0211166
0.0188779
0.0167216
0.0146492
0.012662
0.0107609
0.00894629
0.00721845
0.00557722
0.00402217
0.00255258
0.00116749
-0.000134392
-0.0013545
-0.00249247
-0.00354777
-0.00456497
0.0258568
0.0232715
0.020768
0.018349
0.0160169
0.0137736
0.0116207
0.00955959
0.00759093
0.00571526
0.00393269
0.00224302
0.000645715
-0.000860019
-0.00227525
-0.00360141
-0.00484006
-0.00599031
-0.00705079
-0.00808135
0.023146
0.0204365
0.0178161
0.0152876
0.0128535
0.0105156
0.00827566
0.00613483
0.0040939
0.00215329
0.000313059
-0.0014271
-0.00306781
-0.00460998
-0.00605479
-0.00740381
-0.00865882
-0.00981825
-0.0108797
-0.0119217
0.0201726
0.0173272
0.0145793
0.0119318
0.00938717
0.00694739
0.00461408
0.00238838
0.000271046
-0.00173757
-0.00363752
-0.00542919
-0.00711333
-0.00869096
-0.0101634
-0.0115324
-0.0128
-0.0139639
-0.0150201
-0.0160703
0.0169348
0.0139415
0.0110553
0.00827937
0.00561598
0.00306723
0.000634684
-0.00168052
-0.00387769
-0.00595658
-0.00791731
-0.00976041
-0.0114867
-0.0130975
-0.0145942
-0.0159787
-0.0172533
-0.018415
-0.0194579
-0.0205116
0.0134301
0.0102765
0.00724121
0.00432718
0.00153688
-0.00112765
-0.00366483
-0.00607358
-0.00835329
-0.0105038
-0.0125253
-0.0144185
-0.0161844
-0.0178245
-0.0193402
-0.0207339
-0.0220082
-0.023159
-0.0241781
-0.0252291
0.009655
0.00632857
0.00313303
7.13598e-05
-0.00285391
-0.0056407
-0.00828747
-0.0107932
-0.0131573
-0.0153797
-0.0174608
-0.0194015
-0.0212029
-0.0228667
-0.0243946
-0.0257892
-0.0270536
-0.0281827
-0.0291649
-0.0302053
0.00560601
0.00209367
-0.00127352
-0.00449248
-0.00756062
-0.0104759
-0.0132366
-0.015842
-0.0182914
-0.020585
-0.0227234
-0.0247074
-0.0265385
-0.0282186
-0.0297498
-0.0311349
-0.0323777
-0.0334718
-0.0344014
-0.0354217
0.00127921
-0.00243258
-0.00598304
-0.00936899
-0.0125878
-0.0156373
-0.0185159
-0.0212228
-0.0237576
-0.0261204
-0.028312
-0.0303336
-0.032187
-0.0338741
-0.0353976
-0.0367605
-0.0379675
-0.0390111
-0.0398694
-0.040859
-0.00332936
-0.00725459
-0.0110002
-0.014563
-0.01794
-0.0211292
-0.024129
-0.0269385
-0.0295574
-0.0319862
-0.0342257
-0.0362774
-0.0381435
-0.0398263
-0.0413288
-0.0426546
-0.0438094
-0.0447848
-0.0455504
-0.0464975
-0.00822352
-0.0123768
-0.0163298
-0.0200792
-0.0236219
-0.0269558
-0.0300793
-0.0329915
-0.0356924
-0.0381823
-0.0404627
-0.0425353
-0.0444025
-0.0460674
-0.0475334
-0.048805
-0.049889
-0.050776
-0.0514252
-0.0523187
-0.0134069
-0.0178033
-0.0219763
-0.0259222
-0.029638
-0.0331212
-0.0363702
-0.0393843
-0.0421634
-0.0447084
-0.0470208
-0.0491028
-0.0509576
-0.0525887
-0.0540005
-0.0551982
-0.0561904
-0.0569673
-0.0574746
-0.0583056
-0.0188831
-0.0235384
-0.0279443
-0.0320968
-0.0359926
-0.0396292
-0.0430049
-0.0461189
-0.0489714
-0.0515634
-0.0538971
-0.0559751
-0.0578013
-0.0593803
-0.0607178
-0.0618197
-0.0626969
-0.0633409
-0.0636797
-0.0644441
-0.0246549
-0.0295859
-0.034238
-0.0386073
-0.0426902
-0.0464838
-0.0499863
-0.0531972
-0.0561166
-0.058746
-0.061088
-0.0631462
-0.0649252
-0.0664312
-0.0676712
-0.0686528
-0.0693903
-0.069878
-0.070021
-0.0707236
-0.0307255
-0.0359496
-0.040862
-0.0454583
-0.049735
-0.0536887
-0.0573176
-0.0606209
-0.0635993
-0.0662546
-0.06859
-0.0706099
-0.0723206
-0.0737298
-0.0748463
-0.0756804
-0.0762511
-0.0765583
-0.0764779
-0.0771371
-0.0370994
-0.0426336
-0.0478204
-0.0526543
-0.0571312
-0.0612475
-0.065001
-0.068391
-0.0714185
-0.0740857
-0.0763968
-0.0783576
-0.0799762
-0.081262
-0.0822271
-0.0828855
-0.0832618
-0.0833647
-0.0830323
-0.0836834
-0.0437787
-0.0496414
-0.0551174
-0.0601996
-0.0648826
-0.0691628
-0.0730376
-0.0765065
-0.0795704
-0.0822325
-0.0844977
-0.0863739
-0.0878711
-0.089002
-0.0897833
-0.090235
-0.0903899
-0.0902701
-0.0896644
-0.0903688
-0.0507712
-0.0569799
-0.0627591
-0.0680995
-0.0729945
-0.0774395
-0.0814319
-0.0849707
-0.0880571
-0.0906946
-0.0928894
-0.0946509
-0.0959914
-0.0969279
-0.0974827
-0.0976839
-0.0975777
-0.0972095
-0.0963165
-0.0971791
-0.0580759
-0.0646523
-0.0707509
-0.0763611
-0.0814751
-0.0860877
-0.0901958
-0.0937982
-0.0968964
-0.0994943
-0.101599
-0.103222
-0.104377
-0.105085
-0.105375
-0.105281
-0.104863
-0.104193
-0.102968
-0.104088
-0.0656947
-0.0726588
-0.0790909
-0.0849796
-0.0903161
-0.0950944
-0.0993111
-0.102965
-0.10606
-0.108599
-0.110594
-0.112056
-0.113006
-0.11347
-0.113483
-0.113091
-0.112366
-0.111401
-0.10984
-0.111234
-0.0736235
-0.0809855
-0.0877522
-0.0939111
-0.0994513
-0.104366
-0.10865
-0.112304
-0.115331
-0.11774
-0.119541
-0.120753
-0.121403
-0.12153
-0.121187
-0.120445
-0.119417
-0.118248
-0.116601
-0.118489
-0.0818629
-0.0896391
-0.0967474
-0.103174
-0.108904
-0.113929
-0.118242
-0.121839
-0.124722
-0.126897
-0.128376
-0.129178
-0.129337
-0.128899
-0.127934
-0.126547
-0.124898
-0.123224
-0.121417
-0.123897
-0.0904862
-0.0987888
-0.106373
-0.113222
-0.119322
-0.124661
-0.129229
-0.133018
-0.136025
-0.138246
-0.139688
-0.140357
-0.140273
-0.139465
-0.137979
-0.13589
-0.133318
-0.130423
-0.127185
-0.127424
0.00813162
0.00689026
0.00570558
0.00458732
0.00354164
0.00257486
0.00169331
0.000902317
0.000205652
-0.000394569
-0.000897946
-0.00130587
-0.00162158
-0.00185002
-0.00199775
-0.00207266
-0.00208366
-0.00204031
-0.00195248
-0.0018299
-0.00168187
-0.00151691
-0.00134243
-0.001165
-0.000988706
-0.000819878
-0.000652638
-0.000510931
-0.000329408
-0.000256031
0.0075134
0.00628615
0.00513067
0.00404358
0.00302899
0.00209487
0.00124824
0.000494001
-0.000164724
-0.000726412
-0.00119125
-0.00156125
-0.00184027
-0.0020339
-0.00214922
-0.00219459
-0.00217922
-0.0021129
-0.00200554
-0.00186683
-0.00170586
-0.0015309
-0.00134902
-0.00116641
-0.000986706
-0.000816098
-0.000647636
-0.00050676
-0.000323115
-0.000256762
0.00636853
0.00516245
0.00405861
0.00302825
0.00207127
0.00119841
0.000417673
-0.000267025
-0.000853924
-0.00134272
-0.00173477
-0.00203332
-0.00224344
-0.00237188
-0.00242672
-0.00241711
-0.00235289
-0.00224414
-0.00210087
-0.00193259
-0.00174804
-0.00155494
-0.00135969
-0.0011678
-0.00098213
-0.000808304
-0.00063833
-0.000498056
-0.000314753
-0.0002537
0.00473494
0.00356331
0.0025371
0.00159088
0.000718907
-6.39141e-05
-0.000748346
-0.00133201
-0.00181514
-0.00219917
-0.00248715
-0.00268407
-0.00279672
-0.00283342
-0.00280363
-0.00271755
-0.00258574
-0.00241867
-0.00222634
-0.00201794
-0.0018016
-0.00158425
-0.00137132
-0.00116732
-0.000974016
-0.000796214
-0.000624737
-0.000485362
-0.000303749
-0.000247526
0.00265795
0.00153491
0.000613131
-0.000221422
-0.000981064
-0.00164531
-0.00220358
-0.00265573
-0.00300462
-0.00325398
-0.00340904
-0.00347701
-0.00346684
-0.00338877
-0.00325386
-0.00307351
-0.00285903
-0.00262117
-0.00236979
-0.00211353
-0.00185966
-0.00161397
-0.00138067
-0.00116296
-0.000961311
-0.000779413
-0.000606845
-0.000468868
-0.000290197
-0.000238649
0.000167974
-0.000889013
-0.00167682
-0.00237033
-0.00298893
-0.00350502
-0.00390677
-0.00419703
-0.004382
-0.00446816
-0.00446341
-0.00437761
-0.0042222
-0.00400958
-0.00375252
-0.00346363
-0.00315485
-0.00283706
-0.00251969
-0.00221054
-0.00191569
-0.00163952
-0.0013847
-0.00115289
-0.000943023
-0.0007575
-0.000584641
-0.000448718
-0.000274411
-0.000227274
-0.00270848
-0.00367861
-0.00429998
-0.00482102
-0.00526818
-0.00560522
-0.00581931
-0.00591723
-0.00590915
-0.00580483
-0.00561522
-0.0053532
-0.00503298
-0.0046692
-0.00427634
-0.00386805
-0.00345673
-0.00305301
-0.00266558
-0.00230103
-0.00196392
-0.00165689
-0.0013808
-0.00113553
-0.000918358
-0.000730186
-0.000558176
-0.000425094
-0.0002567
-0.000213576
-0.00594939
-0.00680782
-0.0072268
-0.00754146
-0.00778481
-0.0079103
-0.00790464
-0.00777956
-0.00754986
-0.00722898
-0.00683135
-0.00637314
-0.0058714
-0.00534303
-0.00480403
-0.00426886
-0.00374992
-0.00325726
-0.00279838
-0.00237826
-0.00199953
-0.00166281
-0.0013669
-0.00110972
-0.000886792
-0.00069735
-0.000527594
-0.000398222
-0.000237373
-0.000197726
-0.00953516
-0.0102525
-0.0104293
-0.0105011
-0.0105062
-0.0103859
-0.0101275
-0.0097487
-0.00926949
-0.00870742
-0.00808066
-0.00740885
-0.00671188
-0.00600872
-0.00531656
-0.00465022
-0.00402169
-0.00343988
-0.00291059
-0.00243676
-0.00201875
-0.00165484
-0.00134157
-0.00107474
-0.000848089
-0.00065905
-0.000493143
-0.00036837
-0.000216752
-0.000179898
-0.0134475
-0.0139893
-0.0138804
-0.0136702
-0.0134003
-0.0129986
-0.0124537
-0.0117905
-0.0110349
-0.0102087
-0.00933398
-0.00843397
-0.00753119
-0.00664632
-0.00579726
-0.00499865
-0.00426142
-0.00359276
-0.00299629
-0.00247241
-0.00201887
-0.00163134
-0.00130395
-0.00103027
-0.000802298
-0.000615515
-0.000455168
-0.000335846
-0.000195172
-0.000160265
-0.0176685
-0.017995
-0.0175526
-0.0170188
-0.0164354
-0.0157152
-0.0148495
-0.0138719
-0.0128143
-0.011703
-0.0105643
-0.00942452
-0.00830864
-0.00723846
-0.006232
-0.00530298
-0.00446061
-0.00370972
-0.00305117
-0.0024824
-0.00199821
-0.00159147
-0.00125378
-0.000976411
-0.000749718
-0.000567125
-0.000414091
-0.000300995
-0.000172968
-0.000139006
-0.0221801
-0.0222456
-0.0214182
-0.0205169
-0.0195796
-0.0185027
-0.0172822
-0.015961
-0.0145775
-0.0131628
-0.0117468
-0.010359
-0.00902615
-0.00777043
-0.00660919
-0.00555443
-0.0046129
-0.00378639
-0.00307244
-0.00246513
-0.00195604
-0.00153507
-0.00119127
-0.000913566
-0.00069086
-0.000514379
-0.000370397
-0.000264181
-0.000150467
-0.000116305
-0.0269632
-0.0267162
-0.0254486
-0.0241339
-0.0228009
-0.0213285
-0.0197193
-0.018027
-0.0162962
-0.0145624
-0.0128592
-0.0112187
-0.00966842
-0.00823022
-0.00691979
-0.00574656
-0.00471396
-0.0038201
-0.00305868
-0.00242009
-0.00189244
-0.00146258
-0.00111703
-0.00084242
-0.000626397
-0.000457866
-0.000324604
-0.000225782
-0.000127979
-9.23524e-05
-0.0319979
-0.0313805
-0.0296141
-0.0278387
-0.0260671
-0.0241603
-0.0221299
-0.0200407
-0.0179438
-0.0158786
-0.013882
-0.0119876
-0.010223
-0.00860851
-0.00715726
-0.0058751
-0.00476134
-0.00380974
-0.00300974
-0.0023477
-0.00180819
-0.00137493
-0.00103204
-0.000763858
-0.000557117
-0.000398228
-0.000277244
-0.000186176
-0.000105781
-6.73493e-05
-0.037263
-0.0362111
-0.0338844
-0.0315999
-0.0293464
-0.0269665
-0.0244837
-0.0219747
-0.019496
-0.0170907
-0.0147981
-0.0126525
-0.0106801
-0.00889863
-0.00731744
-0.00593786
-0.00475429
-0.00375558
-0.0029265
-0.00224918
-0.0017046
-0.00127341
-0.00093746
-0.000678904
-0.000483874
-0.000336134
-0.000228841
-0.000145734
-8.41169e-05
-4.15051e-05
-0.0427361
-0.0411792
-0.0382285
-0.035386
-0.0326072
-0.0297166
-0.0267525
-0.0238035
-0.0209311
-0.018181
-0.0155939
-0.0132032
-0.0110329
-0.00909647
-0.0073984
-0.00593451
-0.00469359
-0.00365905
-0.0028107
-0.00212637
-0.00158345
-0.00115961
-0.000834652
-0.000588659
-0.000407551
-0.000272255
-0.000179895
-0.000104814
-6.31868e-05
-1.5038e-05
-0.0483935
-0.046255
-0.0426151
-0.0391661
-0.0358187
-0.0323813
-0.0289097
-0.0255044
-0.0222302
-0.0191345
-0.0162583
-0.0136326
-0.0112772
-0.00920029
-0.00740019
-0.00586635
-0.00458127
-0.00352252
-0.0026648
-0.00198157
-0.00144677
-0.00103525
-0.000725042
-0.000494254
-0.00032902
-0.000207238
-0.000130868
-6.37497e-05
-4.31461e-05
1.18273e-05
-0.05421
-0.0514071
-0.0470131
-0.0429098
-0.0389515
-0.0349332
-0.0309313
-0.027057
-0.0233771
-0.0199395
-0.0167835
-0.0139362
-0.0114114
-0.00921052
-0.00732469
-0.0057361
-0.00442043
-0.00334914
-0.00249173
-0.00181738
-0.00129679
-0.000902169
-0.000610079
-0.000396808
-0.00024912
-0.000141698
-8.21753e-05
-2.2854e-05
-2.41029e-05
3.88599e-05
-0.0601585
-0.0566034
-0.0513921
-0.0465884
-0.0419779
-0.037347
-0.0327958
-0.028444
-0.024359
-0.0205874
-0.0171648
-0.0141124
-0.0114361
-0.00912955
-0.00717528
-0.0055476
-0.00421496
-0.00314257
-0.00229476
-0.00163661
-0.0011358
-0.000762193
-0.000491184
-0.00029739
-0.000168632
-7.61956e-05
-3.41791e-05
1.759e-05
-6.12042e-06
6.58276e-05
-0.0662095
-0.0618107
-0.0557229
-0.0501747
-0.044872
-0.0396002
-0.0344846
-0.0296515
-0.0251663
-0.0210726
-0.0174003
-0.0141619
-0.0113544
-0.00896145
-0.0069566
-0.00530558
-0.00396935
-0.00290683
-0.00207735
-0.00144212
-0.000966106
-0.000617107
-0.000369708
-0.000196998
-8.82664e-05
-1.12396e-05
1.28134e-05
5.73286e-05
1.0778e-05
9.25021e-05
-0.0723301
-0.0669957
-0.0599787
-0.0536437
-0.0476106
-0.0416728
-0.0359824
-0.0306685
-0.0257927
-0.0213931
-0.0174909
-0.0140882
-0.0111708
-0.00871165
-0.00667425
-0.0050154
-0.00368845
-0.00264613
-0.001843
-0.00123672
-0.000789918
-0.000468604
-0.000246906
-9.65432e-05
-8.65325e-06
5.27235e-05
5.85493e-05
9.61387e-05
2.66033e-05
0.000118665
-0.0784828
-0.0721252
-0.0641355
-0.0569733
-0.0501728
-0.0435483
-0.0372772
-0.031488
-0.0262354
-0.0215494
-0.01744
-0.0138964
-0.0108916
-0.00838668
-0.00633455
-0.00468282
-0.00337728
-0.00236469
-0.00159515
-0.00102314
-0.000609323
-0.000318242
-0.000123909
3.16704e-06
6.96637e-05
0.000115311
0.000102829
0.00013383
4.13951e-05
0.000144111
-0.0846256
-0.0771689
-0.0681738
-0.0601439
-0.052541
-0.0452132
-0.0383604
-0.0321058
-0.0264945
-0.0215451
-0.0172534
-0.0135934
-0.010524
-0.00799367
-0.00594407
-0.00431365
-0.00304079
-0.00206655
-0.00133702
-0.00080387
-0.000426199
-0.000167401
-1.69919e-06
0.000101446
0.000146237
0.000176209
0.000145506
0.000170245
5.52163e-05
0.000168656
-0.0907144
-0.0821017
-0.0720781
-0.0631383
-0.0546997
-0.0466568
-0.0392262
-0.0325206
-0.0265724
-0.0213854
-0.0169379
-0.0131869
-0.0100759
-0.00753986
-0.00550932
-0.00391349
-0.00268362
-0.00175549
-0.00107156
-0.000581153
-0.000242204
-1.72785e-05
0.000118889
0.000197718
0.000220706
0.000235164
0.000186479
0.000205258
6.81453e-05
0.000192137
-0.0967026
-0.0869099
-0.0758394
-0.0659429
-0.0566378
-0.047873
-0.0398733
-0.0327356
-0.0264758
-0.021079
-0.0165034
-0.0126869
-0.00955668
-0.00703394
-0.00503786
-0.00348874
-0.00231101
-0.00143566
-0.000801995
-0.000357434
-5.91416e-05
0.000130828
0.000236952
0.00029136
0.000292676
0.000291905
0.000225633
0.000238742
8.02549e-05
0.00021441
-0.102551
-0.0916042
-0.0794649
-0.0685591
-0.0583608
-0.0488728
-0.0403171
-0.0327694
-0.0262251
-0.0206467
-0.0159695
-0.0121114
-0.00898229
-0.00648954
-0.00454112
-0.0030487
-0.00193039
-0.00111284
-0.000532726
-0.000135986
0.000120604
0.000275215
0.000351312
0.000381567
0.00036164
0.000346088
0.000262811
0.000270551
9.15996e-05
0.000235343
-0.108289
-0.0962265
-0.0829743
-0.0709983
-0.0598819
-0.049672
-0.0405754
-0.0326406
-0.0258382
-0.0201045
-0.0153501
-0.0114717
-0.00836178
-0.00591358
-0.00402419
-0.00259697
-0.00154415
-0.000788518
-0.000264563
8.28472e-05
0.000296999
0.000416031
0.000462213
0.000468603
0.000427867
0.000397924
0.000298217
0.000300779
0.000102334
0.000254879
-0.113974
-0.100768
-0.0862863
-0.0731496
-0.0610756
-0.0501401
-0.04052
-0.0322285
-0.0252047
-0.0193542
-0.0145594
-0.0106938
-0.00763177
-0.0052526
-0.00344257
-0.00209706
-0.00112281
-0.000439199
2.09713e-05
0.000313417
0.000481048
0.000561596
0.000575848
0.000556985
0.000494577
0.00044962
0.000333326
0.000330295
0.000112966
0.000273149
-0.119565
-0.105095
-0.0891213
-0.0746987
-0.0616137
-0.0499585
-0.0398575
-0.0312735
-0.0241031
-0.0182117
-0.0134478
-0.00965857
-0.00669898
-0.00443447
-0.00274134
-0.0015079
-0.000636236
-4.31993e-05
0.000339178
0.000566299
0.000679903
0.000716615
0.000695232
0.000648548
0.000562869
0.000501743
0.000368476
0.000359187
0.000123643
0.000290137
-0.127352
-0.110018
-0.0921513
-0.0765559
-0.0625628
-0.0502779
-0.0397551
-0.0309014
-0.0235772
-0.0176167
-0.0128426
-0.00908226
-0.00617525
-0.00397512
-0.00234943
-0.00118062
-0.000367455
0.00017464
0.00051384
0.000705143
0.000789441
0.000802665
0.000762316
0.000701075
0.000602968
0.000533758
0.000390496
0.00037928
0.000130716
0.000304036
-0.144379
-0.119416
-0.0994945
-0.0835537
-0.0691451
-0.0563574
-0.0452458
-0.0357285
-0.0277128
-0.0210829
-0.015701
-0.0114149
-0.00806581
-0.00549669
-0.00356226
-0.00213511
-0.00110774
-0.000390959
8.80554e-05
0.000389412
0.000559166
0.000638112
0.00064766
0.000624205
0.000553547
0.00050556
0.000374451
0.000376702
0.000127689
0.000312787
-0.139001
-0.11591
-0.0955577
-0.0795713
-0.0651224
-0.052384
-0.0414782
-0.0322768
-0.0246457
-0.0184313
-0.0134619
-0.00956097
-0.00655562
-0.00428368
-0.00260024
-0.00138118
-0.000523391
5.74088e-05
0.000429046
0.000646764
0.000752142
0.000782047
0.000754476
0.000703259
0.000611407
0.000548504
0.000403815
0.000400244
0.000137484
0.000327733
-0.130147
-0.108008
-0.087914
-0.0723072
-0.0583066
-0.0461055
-0.0358423
-0.0273344
-0.0204026
-0.0148581
-0.0105026
-0.00714414
-0.00460469
-0.00272487
-0.00136675
-0.000414425
0.000227302
0.000635319
0.000870444
0.000981489
0.0010043
0.000970808
0.000894817
0.000806895
0.000686943
0.000603704
0.000441241
0.000428432
0.000146334
0.000344257
-0.12231
-0.101006
-0.081073
-0.0657958
-0.0523101
-0.0406937
-0.0310701
-0.0232127
-0.0169062
-0.0119398
-0.008101
-0.00519146
-0.00303342
-0.00147209
-0.000376392
0.000362128
0.000831445
0.00110182
0.00122828
0.00125436
0.00121127
0.001127
0.00101207
0.000894349
0.000751604
0.000651656
0.000473839
0.00045367
0.000156964
0.000360493
-0.114005
-0.0935487
-0.073999
-0.0592068
-0.0463679
-0.0354367
-0.0265112
-0.0193322
-0.0136556
-0.0092552
-0.00591113
-0.00342408
-0.00162016
-0.000351274
0.00050581
0.00105165
0.0013668
0.0015149
0.00154528
0.00149643
0.00139527
0.00126626
0.00111702
0.000972948
0.000810132
0.000694573
0.000503763
0.000477201
0.000166749
0.000376362
-0.105006
-0.0854508
-0.0664865
-0.0523333
-0.0402681
-0.0301189
-0.0219534
-0.0154903
-0.0104632
-0.00663604
-0.00378609
-0.00171649
-0.000259569
0.000724646
0.00135074
0.00171097
0.00187816
0.00190928
0.00184791
0.00172759
0.00157106
0.00139936
0.0012174
0.00104861
0.000865893
0.000736061
0.000532572
0.000499746
0.000176114
0.000391907
-0.0955066
-0.0769551
-0.0587657
-0.0453769
-0.0341786
-0.0248771
-0.0175065
-0.0117726
-0.00739434
-0.00413081
-0.00176102
-9.35843e-05
0.00103115
0.00174413
0.00215098
0.00233527
0.00236233
0.00228284
0.0021348
0.00194695
0.00173804
0.00152591
0.00131299
0.00112125
0.000918212
0.000775835
0.000560056
0.000521262
0.000185075
0.000407016
-0.0856163
-0.0681824
-0.0509567
-0.038449
-0.0281914
-0.0197846
-0.0132288
-0.00822552
-0.0044857
-0.00176869
0.000140842
0.0014261
0.00223727
0.00269561
0.00289713
0.00291698
0.00281353
0.00263119
0.00240258
0.00215195
0.0018943
0.00164449
0.001403
0.00118742
0.000968806
0.000813239
0.000585989
0.000541599
0.000193562
0.000421552
-0.0754558
-0.0592488
-0.0431578
-0.0316285
-0.0223636
-0.0148802
-0.00914594
-0.00486484
-0.00174671
0.000444818
0.00191623
0.00284058
0.00335757
0.0035779
0.00358802
0.00345532
0.00323111
0.00295372
0.00265072
0.00234213
0.00203941
0.00175464
0.00148753
0.00125052
0.00101599
0.000848149
0.000610287
0.000560672
0.000201535
0.000435397
-0.0651833
-0.0502954
-0.0354814
-0.025002
-0.0167577
-0.0102066
-0.00528591
-0.0017081
0.000812343
0.00250406
0.00356236
0.00414883
0.0043917
0.00439081
0.00422397
0.00395064
0.00361533
0.00325061
0.00287928
0.00251746
0.00217332
0.00185609
0.0015644
0.00130926
0.00105954
0.000880534
0.00063288
0.000578415
0.000208968
0.000448448
-0.0549771
-0.0414719
-0.0280411
-0.0186558
-0.0114361
-0.00580664
-0.00167772
0.00122573
0.00317944
0.00440161
0.00507486
0.00534823
0.00533771
0.00513347
0.00480453
0.00440269
0.00396599
0.00352164
0.00308806
0.00267777
0.00229595
0.00194881
0.00163241
0.00136283
0.00109948
0.000910314
0.000653691
0.000594768
0.000215834
0.000460611
-0.0450272
-0.0329321
-0.0209487
-0.0126722
-0.00645747
-0.00172047
0.00165187
0.00391917
0.00534345
0.00613052
0.00644947
0.00643554
0.00619385
0.00580489
0.00532908
0.00481101
0.00428272
0.00376651
0.00327678
0.00282278
0.00240722
0.00203379
0.00169728
0.00141141
0.00113578
0.000937398
0.000672643
0.000609669
0.000222104
0.000471801
-0.03553
-0.0248316
-0.0143129
-0.00712933
-0.00187703
0.00201475
0.0046783
0.0063563
0.00729431
0.00768469
0.00768175
0.00740827
0.00695876
0.00640421
0.00579703
0.00517516
0.00456519
0.00398495
0.0034452
0.00295225
0.00250679
0.00211223
0.00175577
0.00145496
0.00116834
0.000961696
0.000689669
0.000623063
0.000227752
0.000481941
-0.026683
-0.0173248
-0.00823838
-0.00210089
0.00225381
0.00536464
0.00737906
0.00852259
0.00902294
0.00905792
0.00876799
0.00826437
0.0076312
0.00693065
0.00620785
0.00549477
0.0048131
0.00417669
0.00359309
0.00306599
0.00259415
0.00217896
0.00180745
0.0014934
0.00119705
0.000983131
0.000704707
0.000634898
0.000232753
0.000490963
-0.0186784
-0.0105607
-0.00282355
0.00234545
0.0058881
0.00829797
0.00973384
0.010405
0.0105209
0.0102448
0.00970513
0.00900198
0.00820998
0.00738343
0.00656103
0.00576947
0.00502617
0.00434151
0.00372024
0.0031638
0.00266947
0.00223767
0.00185186
0.00152654
0.00122182
0.00100164
0.000717703
0.00064513
0.000237085
0.000498807
-0.0116964
-0.00467926
0.00184145
0.00614908
0.00898401
0.010787
0.0117247
0.011992
0.0117805
0.0112408
0.0104905
0.00961941
0.00869404
0.00776188
0.00685611
0.00599894
0.00520415
0.0044792
0.00382648
0.00324558
0.00273236
0.00228503
0.00188864
0.0015543
0.0012426
0.00101715
0.000728609
0.000653718
0.000240726
0.000505422
-0.00589888
0.000193454
0.00567688
0.00925761
0.0115056
0.012808
0.0133364
0.0132736
0.0127956
0.0120423
0.0111217
0.0101152
0.00908246
0.0080654
0.00709268
0.00618287
0.0053468
0.00458957
0.00391166
0.00331116
0.00278273
0.00232283
0.00191802
0.00157659
0.00125929
0.00102963
0.000737382
0.00066063
0.000243661
0.000510765
-0.00142333
0.00394947
0.00861558
0.0116279
0.0134233
0.0143413
0.0145564
0.0142416
0.0135613
0.0126463
0.0115968
0.0104881
0.00937447
0.00829349
0.00727041
0.00632104
0.00545396
0.00467249
0.00397566
0.00336043
0.00282059
0.00235152
0.00194009
0.00159336
0.00127186
0.00103902
0.000743992
0.000665838
0.000245875
0.000514802
0.00162242
0.00650325
0.010605
0.0132267
0.0147144
0.015372
0.015375
0.0148904
0.0140739
0.0130502
0.0119144
0.0107373
0.00956948
0.00844576
0.00738905
0.00641326
0.00552548
0.00472783
0.00401837
0.00339333
0.00284587
0.00237078
0.00195481
0.00160456
0.00128026
0.0010453
0.000748413
0.000669321
0.000247356
0.000517508
0.00316419
0.00779537
0.011609
0.0140318
0.0153638
0.0158899
0.0157859
0.0152157
0.0143308
0.0132526
0.0120735
0.010862
0.00966708
0.00852197
0.00744841
0.0064594
0.00556126
0.00475551
0.00403975
0.00340979
0.00285853
0.00238044
0.00196218
0.00161017
0.00128447
0.00104844
0.000750627
0.000671066
0.000248099
0.000518865
)
;

boundaryField
{
    inlet
    {
        type            zeroGradient;
    }
    outlet
    {
        type            fixedValue;
        value           uniform 0;
    }
    cylinder
    {
        type            zeroGradient;
    }
    top
    {
        type            symmetryPlane;
    }
    bottom
    {
        type            symmetryPlane;
    }
    defaultFaces
    {
        type            empty;
    }
}


// ************************************************************************* //
