/*--------------------------------*- C++ -*----------------------------------*\
  =========                 |
  \\      /  F ield         | OpenFOAM: The Open Source CFD Toolbox
   \\    /   O peration     | Website:  https://openfoam.org
    \\  /    A nd           | Version:  9
     \\/     M anipulation  |
\*---------------------------------------------------------------------------*/
FoamFile
{
    format      ascii;
    class       volScalarField;
    location    "51.1";
    object      p;
}
// * * * * * * * * * * * * * * * * * * * * * * * * * * * * * * * * * * * * * //

dimensions      [0 2 -2 0 0 0 0];

internalField   nonuniform List<scalar> 
8500
(
-0.277031
-0.281243
-0.282079
-0.283826
-0.28591
-0.286156
-0.289908
-0.286284
-0.292452
-0.285138
-0.277295
-0.281447
-0.282277
-0.283993
-0.286109
-0.286251
-0.290205
-0.28622
-0.292865
-0.285026
-0.277818
-0.281849
-0.282664
-0.284317
-0.286498
-0.286429
-0.290791
-0.286075
-0.293687
-0.284799
-0.278586
-0.282438
-0.28323
-0.284783
-0.28706
-0.28667
-0.291645
-0.285819
-0.294905
-0.284453
-0.279579
-0.283199
-0.283954
-0.285371
-0.28777
-0.286948
-0.292732
-0.285417
-0.296496
-0.283985
-0.280776
-0.284114
-0.284816
-0.286052
-0.288593
-0.287236
-0.294
-0.284831
-0.298419
-0.283377
-0.28215
-0.28516
-0.285788
-0.286798
-0.289485
-0.287513
-0.295372
-0.284033
-0.300619
-0.282568
-0.283675
-0.286318
-0.286843
-0.287581
-0.290395
-0.287763
-0.296754
-0.283011
-0.303004
-0.281551
-0.285326
-0.287565
-0.287951
-0.288375
-0.291265
-0.287984
-0.298028
-0.281838
-0.305135
-0.280532
-0.287077
-0.288882
-0.289087
-0.289158
-0.292039
-0.288191
-0.298979
-0.280743
-0.306936
-0.279138
-0.288911
-0.290254
-0.290224
-0.289915
-0.292658
-0.288469
-0.299471
-0.279622
-0.308364
-0.277523
-0.290815
-0.291669
-0.291343
-0.290638
-0.293019
-0.288865
-0.29952
-0.278545
-0.309015
-0.276162
-0.292782
-0.293122
-0.292434
-0.291344
-0.293145
-0.289249
-0.299121
-0.277832
-0.30834
-0.275613
-0.294816
-0.294612
-0.293489
-0.29201
-0.29309
-0.289568
-0.298211
-0.277647
-0.305945
-0.275905
-0.296928
-0.296147
-0.294519
-0.292618
-0.292902
-0.289802
-0.296853
-0.277911
-0.301812
-0.276237
-0.299145
-0.297733
-0.295561
-0.293173
-0.292631
-0.289759
-0.29517
-0.278258
-0.296438
-0.275513
-0.301499
-0.299393
-0.296645
-0.293705
-0.292353
-0.289401
-0.293252
-0.278301
-0.290467
-0.27321
-0.304031
-0.301156
-0.297804
-0.294255
-0.292128
-0.288746
-0.291067
-0.277843
-0.284158
-0.269344
-0.306791
-0.303058
-0.299084
-0.29486
-0.291962
-0.287906
-0.288523
-0.276813
-0.27744
-0.264333
-0.309834
-0.305141
-0.300534
-0.295544
-0.291815
-0.287
-0.2856
-0.275071
-0.270358
-0.258958
-0.313215
-0.307452
-0.302206
-0.296309
-0.291661
-0.28607
-0.28237
-0.272389
-0.26353
-0.253707
-0.316978
-0.310062
-0.304137
-0.297139
-0.291533
-0.285053
-0.278916
-0.268714
-0.257401
-0.247187
-0.321199
-0.313023
-0.306335
-0.298045
-0.291487
-0.283829
-0.275269
-0.264311
-0.251249
-0.240448
-0.32594
-0.316398
-0.308761
-0.299106
-0.291518
-0.282292
-0.27143
-0.259315
-0.245096
-0.233663
-0.331264
-0.32024
-0.311365
-0.300455
-0.291537
-0.28038
-0.267351
-0.253927
-0.238829
-0.226788
-0.337238
-0.324561
-0.31415
-0.302165
-0.291422
-0.278068
-0.263012
-0.24824
-0.232423
-0.219888
-0.343937
-0.329312
-0.317228
-0.304162
-0.291073
-0.275351
-0.258394
-0.242316
-0.22588
-0.212898
-0.35143
-0.334397
-0.320802
-0.306242
-0.290412
-0.272233
-0.25349
-0.236178
-0.219185
-0.205815
-0.35976
-0.339711
-0.325057
-0.30819
-0.28937
-0.268717
-0.248291
-0.229828
-0.212335
-0.1986
-0.368903
-0.345195
-0.330036
-0.309852
-0.287875
-0.264798
-0.242786
-0.223255
-0.20531
-0.191233
-0.378742
-0.35086
-0.335559
-0.311132
-0.285866
-0.260456
-0.236958
-0.216443
-0.198092
-0.183687
-0.389052
-0.356782
-0.34124
-0.311951
-0.283289
-0.255663
-0.230784
-0.209369
-0.190659
-0.175941
-0.399501
-0.363061
-0.346592
-0.31222
-0.2801
-0.250382
-0.224235
-0.202009
-0.182987
-0.167974
-0.409772
-0.369758
-0.351154
-0.311826
-0.27626
-0.244576
-0.217281
-0.194336
-0.175053
-0.159766
-0.41956
-0.376838
-0.354574
-0.310637
-0.271727
-0.23821
-0.209887
-0.186321
-0.166837
-0.151301
-0.428608
-0.38413
-0.356631
-0.308516
-0.266456
-0.231251
-0.202023
-0.177936
-0.158317
-0.142562
-0.436714
-0.391309
-0.357222
-0.305336
-0.260394
-0.223666
-0.193656
-0.169156
-0.149473
-0.133536
-0.443717
-0.397919
-0.356332
-0.300999
-0.253489
-0.215421
-0.18476
-0.159959
-0.140286
-0.124215
-0.449489
-0.403435
-0.353989
-0.295435
-0.245687
-0.206483
-0.175309
-0.150324
-0.130742
-0.114611
-0.453922
-0.40738
-0.350174
-0.288596
-0.23694
-0.196819
-0.165279
-0.140232
-0.120829
-0.104747
-0.456915
-0.409419
-0.344767
-0.280438
-0.227205
-0.186399
-0.154653
-0.129668
-0.110534
-0.0946421
-0.458361
-0.409272
-0.337674
-0.270915
-0.216446
-0.175199
-0.143414
-0.118617
-0.0998508
-0.0842724
-0.45813
-0.406739
-0.328835
-0.25999
-0.204637
-0.163201
-0.131549
-0.107067
-0.0887877
-0.0735777
-0.456064
-0.401684
-0.318203
-0.247638
-0.191758
-0.150388
-0.119045
-0.0950073
-0.0773877
-0.0624777
-0.451976
-0.394015
-0.305729
-0.233859
-0.177796
-0.136747
-0.105891
-0.0824414
-0.065697
-0.0509495
-0.445661
-0.383674
-0.291376
-0.218657
-0.162737
-0.122274
-0.0920921
-0.0694078
-0.053691
-0.0391252
-0.436901
-0.370627
-0.275121
-0.202031
-0.146566
-0.106991
-0.0776892
-0.0559875
-0.0412573
-0.0270973
-0.425485
-0.354856
-0.256957
-0.183979
-0.129291
-0.0909617
-0.0627457
-0.0421589
-0.0284043
-0.0148716
-0.41122
-0.336361
-0.236879
-0.164521
-0.110998
-0.0742438
-0.0472193
-0.0279317
-0.0151781
-0.00245495
-0.393946
-0.315159
-0.214875
-0.143745
-0.0918375
-0.056739
-0.0311512
-0.0133192
-0.00162661
0.0101393
-0.373546
-0.291308
-0.190944
-0.121802
-0.0717506
-0.0385025
-0.0145816
0.00165408
0.0122072
0.0228844
-0.349952
-0.264938
-0.165171
-0.098666
-0.0507813
-0.0195939
0.00244594
0.0169556
0.026282
0.0357438
-0.323153
-0.236215
-0.137743
-0.0742515
-0.028988
-7.93001e-05
0.0198836
0.0325457
0.0405579
0.0486733
-0.293197
-0.20517
-0.108797
-0.0486755
-0.00643793
0.019971
0.0376771
0.0483803
0.0549985
0.0616283
-0.260203
-0.171541
-0.0787276
-0.0220817
0.0167946
0.0404821
0.0557659
0.0644143
0.0695725
0.074565
-0.224346
-0.135633
-0.0474828
0.00537989
0.040623
0.061374
0.0740852
0.0806059
0.0842476
0.0874132
-0.185728
-0.0978552
-0.0151147
0.033563
0.0649472
0.0825616
0.0925697
0.0969214
0.0989685
0.0999992
-0.144313
-0.0588399
0.0182469
0.0623251
0.0896562
0.103955
0.111157
0.113327
0.113623
0.111987
-0.100589
-0.0187464
0.0524225
0.0915233
0.114631
0.125462
0.129787
0.129764
0.128035
0.123086
-0.0549116
0.0222341
0.087208
0.121009
0.139745
0.146987
0.148391
0.146121
0.142043
0.133617
-0.00766208
0.0638646
0.122384
0.150624
0.164868
0.168432
0.166886
0.162259
0.155595
0.144895
0.0407578
0.105881
0.157721
0.180206
0.189866
0.189696
0.185172
0.178065
0.168892
0.156703
0.089929
0.148003
0.192984
0.209585
0.214604
0.210675
0.203157
0.193508
0.181982
0.168553
0.139421
0.189936
0.227937
0.238587
0.238943
0.23126
0.220744
0.208541
0.194812
0.180269
0.188795
0.231384
0.26234
0.267035
0.262746
0.25134
0.237844
0.223118
0.207309
0.191669
0.237612
0.272044
0.29596
0.294752
0.285874
0.270805
0.254373
0.23718
0.219406
0.202658
0.285436
0.311617
0.328562
0.321565
0.30819
0.289546
0.270246
0.250667
0.231034
0.213155
0.331836
0.349812
0.35992
0.347299
0.329562
0.307458
0.285381
0.263514
0.24213
0.223103
0.376392
0.386349
0.389816
0.371789
0.349857
0.324436
0.299699
0.275658
0.252635
0.23245
0.418696
0.420966
0.418042
0.394871
0.368951
0.340382
0.313123
0.287038
0.262489
0.241155
0.458371
0.453408
0.444399
0.416392
0.386724
0.355202
0.325581
0.297595
0.271639
0.249179
0.495118
0.483386
0.468698
0.436204
0.403064
0.368809
0.337004
0.307273
0.280033
0.256488
0.528642
0.510644
0.490763
0.454174
0.417866
0.38112
0.347328
0.31602
0.287623
0.263052
0.558651
0.534964
0.510434
0.470177
0.431036
0.392061
0.356495
0.323787
0.294366
0.268845
0.584882
0.556162
0.527569
0.484103
0.442488
0.401567
0.364453
0.330531
0.300222
0.273844
0.607105
0.574077
0.542043
0.495858
0.452149
0.409579
0.371157
0.336212
0.305156
0.278032
0.625123
0.588573
0.55375
0.50536
0.459954
0.416048
0.376568
0.340798
0.309139
0.281396
0.638777
0.599541
0.562606
0.512544
0.465853
0.420936
0.380654
0.344262
0.312148
0.283926
0.647948
0.6069
0.568546
0.517361
0.469808
0.424211
0.383392
0.346582
0.314164
0.285615
0.652553
0.610593
0.571526
0.519778
0.471791
0.425853
0.384764
0.347746
0.315175
0.28646
0.652553
0.610593
0.571526
0.519778
0.471791
0.425853
0.384764
0.347746
0.315175
0.28646
0.647948
0.6069
0.568546
0.517362
0.469808
0.424211
0.383392
0.346582
0.314164
0.285615
0.638777
0.599542
0.562606
0.512544
0.465853
0.420936
0.380654
0.344262
0.312148
0.283926
0.625123
0.588573
0.55375
0.50536
0.459954
0.416048
0.376568
0.340798
0.309139
0.281397
0.607105
0.574077
0.542043
0.495858
0.452149
0.409579
0.371158
0.336213
0.305156
0.278033
0.584883
0.556163
0.52757
0.484103
0.442489
0.401567
0.364454
0.330531
0.300222
0.273844
0.558652
0.534965
0.510435
0.470177
0.431036
0.392061
0.356495
0.323788
0.294366
0.268845
0.528642
0.510644
0.490764
0.454174
0.417866
0.38112
0.347328
0.31602
0.287623
0.263053
0.495119
0.483387
0.468699
0.436205
0.403064
0.368809
0.337004
0.307273
0.280033
0.256489
0.458372
0.453409
0.4444
0.416392
0.386724
0.355203
0.325581
0.297595
0.271639
0.24918
0.418697
0.420967
0.418043
0.394872
0.368951
0.340383
0.313124
0.287038
0.26249
0.241156
0.376393
0.38635
0.389817
0.371789
0.349858
0.324437
0.299699
0.275658
0.252635
0.232451
0.331837
0.349813
0.359921
0.3473
0.329562
0.307458
0.285382
0.263514
0.242131
0.223103
0.285437
0.311619
0.328563
0.321566
0.308191
0.289547
0.270247
0.250667
0.231034
0.213156
0.237614
0.272045
0.295961
0.294753
0.285875
0.270806
0.254374
0.237181
0.219406
0.202659
0.188797
0.231385
0.262342
0.267036
0.262747
0.251341
0.237845
0.223118
0.20731
0.19167
0.139423
0.189938
0.227938
0.238588
0.238944
0.231261
0.220744
0.208542
0.194813
0.18027
0.0899309
0.148004
0.192985
0.209586
0.214605
0.210676
0.203158
0.193509
0.181983
0.168554
0.0407598
0.105883
0.157722
0.180208
0.189867
0.189697
0.185173
0.178066
0.168893
0.156703
-0.00765994
0.0638664
0.122385
0.150626
0.164869
0.168433
0.166887
0.16226
0.155596
0.144896
-0.0549093
0.0222361
0.0872097
0.12101
0.139746
0.146988
0.148393
0.146122
0.142044
0.133618
-0.100586
-0.0187443
0.0524243
0.0915249
0.114632
0.125463
0.129788
0.129765
0.128036
0.123087
-0.144311
-0.0588377
0.0182488
0.0623268
0.0896577
0.103957
0.111159
0.113328
0.113624
0.111988
-0.185725
-0.0978529
-0.0151127
0.0335648
0.0649488
0.082563
0.092571
0.0969226
0.0989696
0.1
-0.224343
-0.135631
-0.0474807
0.00538171
0.0406246
0.0613755
0.0740866
0.0806072
0.0842488
0.0874143
-0.2602
-0.171538
-0.0787255
-0.0220798
0.0167963
0.0404836
0.0557673
0.0644156
0.0695737
0.0745661
-0.293194
-0.205168
-0.108795
-0.0486735
-0.00643614
0.0199726
0.0376786
0.0483817
0.0549997
0.0616294
-0.32315
-0.236212
-0.137741
-0.0742495
-0.0289861
-7.76131e-05
0.0198851
0.0325471
0.0405592
0.0486744
-0.349949
-0.264935
-0.165168
-0.0986639
-0.0507794
-0.0195921
0.00244754
0.016957
0.0262833
0.035745
-0.373543
-0.291306
-0.190942
-0.1218
-0.0717486
-0.0385007
-0.0145799
0.00165558
0.0122085
0.0228856
-0.393943
-0.315156
-0.214872
-0.143742
-0.0918355
-0.0567371
-0.0311495
-0.0133177
-0.0016252
0.0101405
-0.411217
-0.336358
-0.236876
-0.164519
-0.110995
-0.0742419
-0.0472176
-0.0279301
-0.0151766
-0.00245366
-0.425481
-0.354853
-0.256954
-0.183976
-0.129289
-0.0909596
-0.0627439
-0.0421573
-0.0284028
-0.0148703
-0.436897
-0.370624
-0.275118
-0.202028
-0.146564
-0.106989
-0.0776874
-0.0559858
-0.0412558
-0.0270959
-0.445657
-0.383671
-0.291373
-0.218655
-0.162734
-0.122272
-0.0920902
-0.069406
-0.0536895
-0.0391239
-0.451973
-0.394011
-0.305726
-0.233857
-0.177793
-0.136745
-0.105889
-0.0824396
-0.0656954
-0.0509481
-0.45606
-0.40168
-0.3182
-0.247635
-0.191756
-0.150385
-0.119043
-0.0950054
-0.077386
-0.0624763
-0.458126
-0.406736
-0.328831
-0.259987
-0.204635
-0.163198
-0.131547
-0.107065
-0.088786
-0.0735762
-0.458357
-0.409268
-0.337671
-0.270912
-0.216444
-0.175197
-0.143412
-0.118615
-0.099849
-0.0842709
-0.456911
-0.409415
-0.344764
-0.280435
-0.227202
-0.186396
-0.15465
-0.129666
-0.110533
-0.0946406
-0.453918
-0.407376
-0.350171
-0.288593
-0.236937
-0.196816
-0.165277
-0.14023
-0.120827
-0.104746
-0.449485
-0.403431
-0.353986
-0.295432
-0.245685
-0.20648
-0.175306
-0.150322
-0.13074
-0.11461
-0.443713
-0.397915
-0.356329
-0.300996
-0.253486
-0.215418
-0.184758
-0.159956
-0.140284
-0.124214
-0.43671
-0.391305
-0.357218
-0.305333
-0.260391
-0.223663
-0.193654
-0.169154
-0.149471
-0.133534
-0.428604
-0.384126
-0.356628
-0.308512
-0.266453
-0.231248
-0.20202
-0.177933
-0.158315
-0.142561
-0.419556
-0.376834
-0.35457
-0.310633
-0.271724
-0.238207
-0.209885
-0.186318
-0.166835
-0.1513
-0.409768
-0.369754
-0.35115
-0.311823
-0.276257
-0.244573
-0.217278
-0.194333
-0.175051
-0.159765
-0.399497
-0.363057
-0.346588
-0.312217
-0.280097
-0.250379
-0.224232
-0.202007
-0.182985
-0.167972
-0.389048
-0.356778
-0.341237
-0.311947
-0.283286
-0.25566
-0.230781
-0.209366
-0.190657
-0.175939
-0.378738
-0.350856
-0.335556
-0.311128
-0.285863
-0.260453
-0.236955
-0.21644
-0.19809
-0.183685
-0.368899
-0.345191
-0.330032
-0.309849
-0.287872
-0.264794
-0.242782
-0.223252
-0.205307
-0.191231
-0.359757
-0.339708
-0.325054
-0.308187
-0.289366
-0.268713
-0.248287
-0.229824
-0.212332
-0.198598
-0.351426
-0.334393
-0.320798
-0.306238
-0.290409
-0.272229
-0.253486
-0.236174
-0.219182
-0.205813
-0.343933
-0.329309
-0.317224
-0.304158
-0.291069
-0.275347
-0.25839
-0.242312
-0.225877
-0.212895
-0.337234
-0.324557
-0.314146
-0.302161
-0.291419
-0.278064
-0.263007
-0.248236
-0.232419
-0.219886
-0.33126
-0.320237
-0.311362
-0.300451
-0.291533
-0.280376
-0.267347
-0.253923
-0.238825
-0.226785
-0.325936
-0.316395
-0.308758
-0.299102
-0.291514
-0.282287
-0.271425
-0.25931
-0.245092
-0.23366
-0.321195
-0.31302
-0.306331
-0.298041
-0.291482
-0.283825
-0.275264
-0.264305
-0.251245
-0.240444
-0.316974
-0.310059
-0.304134
-0.297136
-0.291529
-0.285048
-0.27891
-0.268709
-0.257396
-0.247183
-0.313211
-0.307449
-0.302202
-0.296305
-0.291657
-0.286065
-0.282364
-0.272383
-0.263524
-0.253702
-0.30983
-0.305137
-0.30053
-0.29554
-0.291811
-0.286995
-0.285594
-0.275065
-0.270351
-0.258953
-0.306787
-0.303055
-0.29908
-0.294856
-0.291957
-0.2879
-0.288517
-0.276806
-0.277433
-0.264327
-0.304028
-0.301152
-0.297801
-0.294251
-0.292123
-0.28874
-0.29106
-0.277836
-0.28415
-0.269337
-0.301495
-0.299389
-0.296641
-0.293701
-0.292348
-0.289395
-0.293245
-0.278293
-0.290459
-0.273203
-0.299141
-0.29773
-0.295557
-0.293169
-0.292626
-0.289753
-0.295163
-0.27825
-0.296429
-0.275505
-0.296925
-0.296144
-0.294515
-0.292614
-0.292897
-0.289796
-0.296846
-0.277902
-0.301803
-0.276228
-0.294813
-0.294609
-0.293485
-0.292006
-0.293086
-0.289562
-0.298204
-0.277638
-0.305936
-0.275895
-0.292779
-0.293118
-0.292431
-0.29134
-0.29314
-0.289243
-0.299114
-0.277823
-0.30833
-0.275603
-0.290812
-0.291666
-0.29134
-0.290634
-0.293015
-0.288859
-0.299513
-0.278536
-0.309005
-0.276151
-0.288908
-0.290251
-0.29022
-0.289911
-0.292653
-0.288464
-0.299465
-0.279614
-0.308355
-0.277512
-0.287074
-0.288879
-0.289084
-0.289155
-0.292035
-0.288186
-0.298972
-0.280735
-0.306927
-0.279128
-0.285323
-0.287562
-0.287949
-0.288372
-0.291261
-0.287979
-0.298022
-0.281831
-0.305126
-0.280523
-0.283673
-0.286315
-0.28684
-0.287578
-0.290391
-0.287759
-0.296748
-0.283005
-0.302995
-0.281542
-0.282148
-0.285158
-0.285785
-0.286796
-0.289482
-0.287509
-0.295367
-0.284027
-0.300612
-0.28256
-0.280774
-0.284112
-0.284814
-0.28605
-0.28859
-0.287233
-0.293995
-0.284826
-0.298413
-0.28337
-0.279578
-0.283198
-0.283953
-0.285369
-0.287767
-0.286945
-0.292729
-0.285412
-0.296491
-0.28398
-0.278584
-0.282437
-0.283229
-0.284782
-0.287058
-0.286667
-0.291642
-0.285816
-0.294901
-0.284449
-0.277817
-0.281848
-0.282664
-0.284316
-0.286496
-0.286427
-0.290789
-0.286072
-0.293684
-0.284795
-0.277295
-0.281447
-0.282276
-0.283992
-0.286108
-0.28625
-0.290204
-0.286218
-0.292864
-0.285024
-0.27703
-0.281243
-0.282079
-0.283826
-0.28591
-0.286156
-0.289907
-0.286283
-0.292451
-0.285137
-0.292471
-0.282853
-0.283775
-0.275734
-0.271432
-0.262602
-0.254565
-0.243693
-0.232277
-0.218727
-0.203977
-0.187701
-0.16996
-0.151756
-0.132348
-0.114007
-0.0954366
-0.0791497
-0.064111
-0.0512528
-0.0410125
-0.0315498
-0.025568
-0.0186633
-0.0152833
-0.0103257
-0.00796877
-0.00472612
-0.00240519
-0.000225892
-0.292712
-0.28299
-0.283875
-0.275854
-0.271529
-0.262713
-0.254672
-0.243809
-0.232395
-0.218853
-0.204106
-0.187835
-0.170091
-0.151882
-0.132459
-0.114102
-0.0955124
-0.07921
-0.0641646
-0.0513003
-0.0410602
-0.0315914
-0.0256041
-0.0186872
-0.015298
-0.0103346
-0.0079761
-0.00473592
-0.00241193
-0.000230298
-0.293164
-0.283245
-0.284068
-0.276083
-0.271732
-0.262933
-0.254886
-0.244037
-0.232627
-0.219097
-0.204355
-0.18809
-0.170339
-0.15212
-0.132674
-0.114293
-0.0956717
-0.079343
-0.0642813
-0.0513986
-0.0411513
-0.0316664
-0.0256689
-0.0187333
-0.015331
-0.0103578
-0.00799421
-0.00475518
-0.00242364
-0.000238442
-0.293781
-0.28359
-0.284339
-0.276407
-0.272
-0.263249
-0.255194
-0.244368
-0.232964
-0.21945
-0.204713
-0.188456
-0.170694
-0.152465
-0.132986
-0.114573
-0.0959176
-0.0795479
-0.0644617
-0.0515486
-0.0412868
-0.0317761
-0.0257629
-0.0188025
-0.0153827
-0.0103963
-0.00802349
-0.00478404
-0.0024405
-0.00025041
-0.294492
-0.283966
-0.284669
-0.276791
-0.272366
-0.263639
-0.255584
-0.244784
-0.233391
-0.219898
-0.205167
-0.188921
-0.171147
-0.152907
-0.13339
-0.114938
-0.0962416
-0.0798239
-0.0647061
-0.051752
-0.0414683
-0.0319225
-0.0258872
-0.0188965
-0.0154541
-0.0104509
-0.00806447
-0.00482268
-0.00246277
-0.000266314
-0.295215
-0.284358
-0.285016
-0.277225
-0.272742
-0.264094
-0.256025
-0.245273
-0.233889
-0.220427
-0.205706
-0.18947
-0.17168
-0.153427
-0.133882
-0.115385
-0.0966433
-0.08017
-0.0650154
-0.0520104
-0.0416975
-0.0321081
-0.0260433
-0.0190173
-0.015546
-0.010523
-0.00811771
-0.00487128
-0.00249076
-0.000286265
-0.29592
-0.284631
-0.285381
-0.277636
-0.273171
-0.264556
-0.256524
-0.245796
-0.234445
-0.221008
-0.206299
-0.190083
-0.172291
-0.154024
-0.134445
-0.115905
-0.0971192
-0.0805853
-0.0653904
-0.0523262
-0.0419765
-0.0323357
-0.0262328
-0.0191669
-0.0156596
-0.0106139
-0.00818378
-0.00493001
-0.00252479
-0.00031034
-0.296344
-0.284944
-0.285624
-0.278072
-0.273535
-0.265058
-0.256997
-0.246365
-0.235016
-0.221638
-0.206941
-0.190749
-0.172953
-0.15468
-0.135075
-0.116494
-0.0976672
-0.081069
-0.065832
-0.0527013
-0.0423075
-0.0326079
-0.0264574
-0.0193476
-0.015796
-0.0107247
-0.00826321
-0.00499904
-0.00256518
-0.00033856
-0.296399
-0.285212
-0.285707
-0.278473
-0.273841
-0.265529
-0.257467
-0.246924
-0.2356
-0.222279
-0.207605
-0.191448
-0.173658
-0.155385
-0.135763
-0.117144
-0.0982845
-0.0816207
-0.0663411
-0.0531378
-0.0426923
-0.0329273
-0.0267187
-0.0195613
-0.0159559
-0.0108565
-0.00835642
-0.00507845
-0.00261219
-0.000370862
-0.296065
-0.285332
-0.285651
-0.278756
-0.274076
-0.265935
-0.257887
-0.247455
-0.236163
-0.222918
-0.208274
-0.192162
-0.174388
-0.156127
-0.136501
-0.117851
-0.0989687
-0.0822397
-0.0669182
-0.0536373
-0.0431324
-0.0332959
-0.0270181
-0.0198094
-0.0161403
-0.0110102
-0.00846371
-0.00516826
-0.002666
-0.000407091
-0.295053
-0.285306
-0.285369
-0.278898
-0.27417
-0.266249
-0.258236
-0.24793
-0.236683
-0.223527
-0.208927
-0.192876
-0.175133
-0.156895
-0.137283
-0.11861
-0.0997172
-0.0829251
-0.0675633
-0.0542005
-0.0436285
-0.033715
-0.0273563
-0.020093
-0.0163496
-0.0111861
-0.00858519
-0.0052684
-0.00272668
-0.000446997
-0.293175
-0.285025
-0.284818
-0.278836
-0.274128
-0.266406
-0.258468
-0.248311
-0.237134
-0.224087
-0.209546
-0.193573
-0.175879
-0.157681
-0.138101
-0.119417
-0.100527
-0.0836754
-0.0682754
-0.0548274
-0.0441805
-0.0341849
-0.0277336
-0.0204124
-0.0165837
-0.0113844
-0.00872079
-0.00537868
-0.00279421
-0.000490248
-0.290455
-0.284344
-0.283967
-0.278479
-0.27383
-0.266409
-0.258572
-0.248578
-0.237493
-0.224572
-0.210112
-0.194237
-0.176615
-0.158474
-0.138948
-0.120266
-0.101395
-0.0844883
-0.0690523
-0.0555165
-0.0447872
-0.0347048
-0.0281495
-0.0207671
-0.0168424
-0.0116047
-0.00887023
-0.00549879
-0.00286841
-0.000536443
-0.287289
-0.283066
-0.282718
-0.277814
-0.273331
-0.266113
-0.258457
-0.248687
-0.237729
-0.224964
-0.21061
-0.194856
-0.177331
-0.159268
-0.13982
-0.121155
-0.102316
-0.0853607
-0.0698911
-0.0562655
-0.0454465
-0.035273
-0.0286029
-0.0211559
-0.017125
-0.0118462
-0.00903302
-0.00562833
-0.00294903
-0.00058514
-0.283914
-0.281126
-0.281014
-0.276755
-0.272514
-0.265709
-0.258187
-0.248638
-0.23783
-0.225246
-0.211026
-0.195418
-0.178017
-0.160056
-0.14071
-0.122077
-0.103287
-0.0862886
-0.0707875
-0.0570707
-0.0461551
-0.0358868
-0.0290916
-0.021577
-0.0174303
-0.0121078
-0.00920852
-0.00576676
-0.00303568
-0.000635878
-0.280248
-0.278598
-0.278784
-0.275233
-0.271276
-0.264716
-0.257562
-0.248354
-0.237761
-0.225402
-0.21135
-0.195918
-0.178669
-0.160832
-0.141614
-0.123029
-0.104301
-0.0872668
-0.071736
-0.0579275
-0.0469092
-0.0365427
-0.0296132
-0.0220281
-0.0177569
-0.0123882
-0.00939589
-0.00591346
-0.00312788
-0.000688196
-0.276425
-0.275443
-0.276043
-0.273312
-0.269837
-0.263932
-0.256859
-0.247926
-0.237546
-0.225429
-0.211576
-0.196347
-0.17928
-0.161594
-0.142526
-0.124008
-0.105354
-0.0882912
-0.0727322
-0.0588312
-0.0477042
-0.0372365
-0.0301645
-0.0225061
-0.0181027
-0.0126853
-0.00959403
-0.00606763
-0.00322506
-0.000741676
-0.272387
-0.27175
-0.272718
-0.270775
-0.267743
-0.262222
-0.255566
-0.247155
-0.237121
-0.225319
-0.211715
-0.196723
-0.179866
-0.162348
-0.14345
-0.125009
-0.106438
-0.0893512
-0.0737639
-0.0597707
-0.048531
-0.0379606
-0.0307404
-0.0230067
-0.0184655
-0.0129973
-0.00980211
-0.00622878
-0.00332686
-0.000796009
-0.26818
-0.267784
-0.269254
-0.268222
-0.265802
-0.260921
-0.25467
-0.246397
-0.236599
-0.225081
-0.21173
-0.196985
-0.180366
-0.163042
-0.14434
-0.126002
-0.107533
-0.0904362
-0.07483
-0.0607486
-0.0493962
-0.0387206
-0.0313469
-0.0235342
-0.0188483
-0.0133259
-0.010021
-0.00639723
-0.00343303
-0.000850814
-0.264223
-0.263022
-0.264539
-0.264348
-0.262615
-0.258417
-0.25248
-0.245087
-0.235834
-0.224778
-0.211797
-0.197384
-0.181052
-0.163946
-0.145444
-0.127197
-0.108811
-0.091677
-0.0760166
-0.0618199
-0.0503236
-0.0395271
-0.0319806
-0.0240819
-0.0192418
-0.0136621
-0.0102436
-0.00656729
-0.00353998
-0.000904862
-0.259057
-0.259299
-0.261033
-0.261469
-0.260229
-0.256637
-0.251488
-0.243811
-0.234702
-0.223857
-0.211084
-0.196875
-0.180759
-0.163845
-0.145552
-0.127461
-0.109235
-0.0921917
-0.0765992
-0.0624194
-0.0508933
-0.040068
-0.0324317
-0.024494
-0.0195524
-0.0139364
-0.0104329
-0.00671492
-0.00363511
-0.000953732
-0.253411
-0.25445
-0.256386
-0.25734
-0.256462
-0.253166
-0.247916
-0.241141
-0.232481
-0.222
-0.209559
-0.195659
-0.179862
-0.163228
-0.145241
-0.127389
-0.109407
-0.0925198
-0.0770484
-0.0629291
-0.0513985
-0.0405693
-0.0328513
-0.0248875
-0.0198462
-0.014199
-0.0106123
-0.00685355
-0.0037242
-0.000999137
-0.247496
-0.249153
-0.251342
-0.25286
-0.252458
-0.249663
-0.245076
-0.2385
-0.230144
-0.220003
-0.20789
-0.194305
-0.17884
-0.162502
-0.144841
-0.127245
-0.109524
-0.0928116
-0.0774752
-0.0634299
-0.0519017
-0.0410774
-0.0332778
-0.0252925
-0.0201482
-0.0144711
-0.0107978
-0.00699682
-0.00381628
-0.00104547
-0.241335
-0.243635
-0.246104
-0.248162
-0.248255
-0.24597
-0.241769
-0.235637
-0.227655
-0.21788
-0.206124
-0.192876
-0.177767
-0.161745
-0.144425
-0.1271
-0.109651
-0.0931207
-0.0779239
-0.063956
-0.0524299
-0.041611
-0.0337263
-0.0257188
-0.0204664
-0.0147581
-0.0109935
-0.00714791
-0.00391313
-0.00109317
-0.234876
-0.237925
-0.240693
-0.243246
-0.243835
-0.24204
-0.238266
-0.232579
-0.224999
-0.215616
-0.204243
-0.191357
-0.176627
-0.160941
-0.143982
-0.126943
-0.10978
-0.0934413
-0.0783905
-0.0645051
-0.0529821
-0.0421699
-0.0341972
-0.0261667
-0.0208016
-0.0150604
-0.0111998
-0.00730716
-0.00401489
-0.00114221
-0.228165
-0.232047
-0.235132
-0.23814
-0.239222
-0.237918
-0.234596
-0.229358
-0.222195
-0.213221
-0.202252
-0.189748
-0.175418
-0.160086
-0.143505
-0.126768
-0.109902
-0.0937664
-0.0788684
-0.0650717
-0.0535536
-0.0427503
-0.0346877
-0.0266341
-0.0211522
-0.0153769
-0.0114161
-0.00747405
-0.0041212
-0.00119238
-0.221275
-0.226032
-0.229456
-0.232884
-0.234456
-0.233647
-0.23078
-0.225997
-0.219264
-0.210713
-0.200165
-0.188059
-0.174146
-0.159185
-0.142996
-0.126574
-0.110015
-0.0940933
-0.0793545
-0.0656527
-0.0541417
-0.0433499
-0.035196
-0.0271193
-0.0215174
-0.0157065
-0.0116419
-0.00764816
-0.00423176
-0.00124349
-0.21426
-0.219906
-0.223697
-0.227513
-0.229568
-0.229255
-0.226843
-0.222517
-0.216227
-0.208109
-0.197996
-0.186302
-0.172818
-0.158243
-0.142456
-0.126363
-0.110119
-0.0944202
-0.0798462
-0.0662454
-0.054744
-0.0439662
-0.0357206
-0.0276207
-0.0218961
-0.0160483
-0.0118767
-0.00782908
-0.00434628
-0.00129539
-0.20717
-0.213693
-0.217876
-0.222055
-0.224581
-0.224762
-0.222808
-0.218941
-0.2131
-0.205423
-0.195756
-0.184484
-0.171442
-0.157262
-0.141888
-0.126133
-0.110212
-0.0947446
-0.0803407
-0.0668467
-0.0553577
-0.0445966
-0.0362594
-0.0281364
-0.0222872
-0.016401
-0.0121199
-0.00801633
-0.00446442
-0.0013479
-0.200051
-0.207415
-0.212015
-0.216534
-0.219514
-0.220186
-0.218693
-0.215285
-0.209898
-0.202668
-0.193456
-0.182615
-0.170022
-0.156248
-0.141293
-0.125885
-0.110292
-0.0950643
-0.0808348
-0.0674537
-0.0559802
-0.0452385
-0.0368105
-0.0286644
-0.0226895
-0.0167635
-0.0123709
-0.0082093
-0.00458582
-0.00140085
-0.192951
-0.201098
-0.206132
-0.210974
-0.214387
-0.215545
-0.214515
-0.211563
-0.206635
-0.199856
-0.191105
-0.180703
-0.168564
-0.155204
-0.140673
-0.125619
-0.110358
-0.0953769
-0.0813259
-0.0680631
-0.0566084
-0.0458889
-0.0373717
-0.0292025
-0.0231016
-0.0171344
-0.0126288
-0.00840736
-0.00471007
-0.00145405
-0.185914
-0.194769
-0.20025
-0.205399
-0.20922
-0.210854
-0.210287
-0.20779
-0.203321
-0.196998
-0.188712
-0.178753
-0.167074
-0.154133
-0.140028
-0.125335
-0.110408
-0.0956805
-0.0818114
-0.0686722
-0.0572397
-0.0465451
-0.0379408
-0.0297486
-0.0235221
-0.0175121
-0.0128929
-0.00860977
-0.00483675
-0.00150734
-0.178983
-0.188458
-0.194389
-0.199833
-0.204034
-0.206131
-0.206025
-0.20398
-0.19997
-0.194102
-0.186284
-0.176773
-0.165555
-0.153039
-0.13936
-0.125034
-0.110442
-0.0959733
-0.0822887
-0.069278
-0.0578711
-0.0472042
-0.0385155
-0.0303004
-0.0239493
-0.0178952
-0.0131622
-0.00881574
-0.00496539
-0.00156052
-0.172199
-0.182195
-0.188572
-0.194301
-0.198852
-0.201392
-0.201745
-0.200147
-0.196594
-0.191181
-0.183831
-0.17477
-0.164013
-0.151925
-0.138672
-0.124715
-0.110459
-0.0962535
-0.0827556
-0.0698778
-0.0585001
-0.0478633
-0.0390936
-0.0308555
-0.0243818
-0.0182821
-0.0134357
-0.00902442
-0.00509552
-0.00161343
-0.165598
-0.176011
-0.18282
-0.188826
-0.193696
-0.196657
-0.197461
-0.196306
-0.193204
-0.188245
-0.181361
-0.172751
-0.162453
-0.150794
-0.137966
-0.124381
-0.110459
-0.0965197
-0.0832101
-0.0704688
-0.059124
-0.0485197
-0.0396724
-0.0314116
-0.0248176
-0.018671
-0.0137123
-0.00923487
-0.00522662
-0.00166585
-0.159212
-0.169938
-0.177159
-0.183432
-0.188593
-0.191948
-0.193192
-0.192473
-0.189817
-0.185305
-0.178884
-0.170723
-0.160882
-0.149651
-0.137244
-0.124031
-0.110441
-0.0967705
-0.0836501
-0.0710484
-0.0597399
-0.0491702
-0.0402496
-0.031966
-0.0252549
-0.0190602
-0.0139909
-0.00944612
-0.00535813
-0.00171761
-0.153071
-0.164012
-0.171612
-0.178144
-0.183568
-0.187288
-0.188958
-0.188666
-0.186446
-0.182376
-0.176411
-0.168697
-0.159306
-0.148502
-0.136509
-0.123668
-0.110406
-0.0970047
-0.0840738
-0.0716138
-0.0603452
-0.0498117
-0.0408224
-0.0325161
-0.0256917
-0.0194477
-0.0142701
-0.00965708
-0.00548945
-0.00176848
-0.1472
-0.158265
-0.166208
-0.172985
-0.178651
-0.182705
-0.18478
-0.184904
-0.183111
-0.179473
-0.173956
-0.166682
-0.157734
-0.147352
-0.135767
-0.123293
-0.110354
-0.0972215
-0.0844794
-0.0721624
-0.0609367
-0.0504411
-0.0413878
-0.0330589
-0.0261257
-0.0198314
-0.0145485
-0.00986657
-0.00561991
-0.00181824
-0.141624
-0.152732
-0.160976
-0.167983
-0.173869
-0.178226
-0.180683
-0.18121
-0.17983
-0.176613
-0.171532
-0.16469
-0.156175
-0.146207
-0.135021
-0.12291
-0.110287
-0.09742
-0.0848652
-0.0726913
-0.0615116
-0.0510547
-0.0419426
-0.0335913
-0.0265542
-0.0202089
-0.0148245
-0.0100733
-0.00574876
-0.00186666
-0.136367
-0.147448
-0.155946
-0.163166
-0.169254
-0.173884
-0.176695
-0.177607
-0.176626
-0.173815
-0.169155
-0.162734
-0.15464
-0.145076
-0.134277
-0.12252
-0.110205
-0.0975997
-0.0852294
-0.0731975
-0.0620664
-0.0516488
-0.0424833
-0.0341098
-0.0269744
-0.0205779
-0.0150961
-0.0102758
-0.00587515
-0.00191347
-0.131448
-0.142445
-0.15115
-0.158565
-0.164838
-0.16971
-0.172845
-0.174121
-0.173522
-0.171101
-0.166845
-0.160829
-0.153141
-0.143968
-0.133542
-0.122128
-0.110111
-0.0977604
-0.0855705
-0.0736782
-0.0625977
-0.0522193
-0.0430059
-0.0346105
-0.0273832
-0.0209353
-0.0153613
-0.0104726
-0.00599812
-0.00195838
-0.12689
-0.137756
-0.146623
-0.154212
-0.160654
-0.165741
-0.169167
-0.170784
-0.170546
-0.168494
-0.164622
-0.158993
-0.151692
-0.142894
-0.132823
-0.12174
-0.110007
-0.0979018
-0.0858866
-0.0741303
-0.0631016
-0.0527619
-0.0435061
-0.0350893
-0.0277768
-0.0212783
-0.0156176
-0.0106618
-0.00611658
-0.00200108
-0.122713
-0.133415
-0.1424
-0.150142
-0.156736
-0.162013
-0.165697
-0.167626
-0.167725
-0.166021
-0.162509
-0.157246
-0.150308
-0.141865
-0.13213
-0.121359
-0.109896
-0.0980245
-0.0861761
-0.0745504
-0.063574
-0.0532716
-0.0439792
-0.0355415
-0.0281513
-0.0216033
-0.0158622
-0.0108416
-0.00622929
-0.00204122
-0.118937
-0.129454
-0.138518
-0.146391
-0.153122
-0.158565
-0.162476
-0.164684
-0.165094
-0.163712
-0.160532
-0.155607
-0.149008
-0.140896
-0.131473
-0.120993
-0.109782
-0.0981287
-0.0864375
-0.0749351
-0.0640104
-0.0537434
-0.0444198
-0.035962
-0.028502
-0.0219066
-0.0160922
-0.0110097
-0.00633488
-0.0020784
-0.115586
-0.125909
-0.135017
-0.143002
-0.149853
-0.15544
-0.159545
-0.161999
-0.162688
-0.161599
-0.15872
-0.154103
-0.147812
-0.140001
-0.130863
-0.120649
-0.109668
-0.0982154
-0.086669
-0.0752807
-0.0644058
-0.0541715
-0.044822
-0.0363453
-0.0288239
-0.022184
-0.0163038
-0.0111637
-0.00643177
-0.00211215
-0.112685
-0.122818
-0.131941
-0.140017
-0.146974
-0.152684
-0.156951
-0.159615
-0.160547
-0.159717
-0.157105
-0.15276
-0.146741
-0.139198
-0.130313
-0.120336
-0.109559
-0.0982855
-0.086869
-0.0755831
-0.0647545
-0.0545495
-0.0451793
-0.0366853
-0.0291111
-0.0224309
-0.0164932
-0.011301
-0.00651824
-0.00214198
-0.110264
-0.120224
-0.129342
-0.137489
-0.144535
-0.150347
-0.154746
-0.157582
-0.158718
-0.158108
-0.155722
-0.151608
-0.145821
-0.138507
-0.129837
-0.120063
-0.10946
-0.0983402
-0.0870353
-0.0758378
-0.0650503
-0.0548705
-0.0454843
-0.0369749
-0.0293573
-0.0226419
-0.016656
-0.0114184
-0.00659233
-0.00216727
-0.108356
-0.118173
-0.127275
-0.135473
-0.142592
-0.148485
-0.152986
-0.155953
-0.15725
-0.156816
-0.154612
-0.150682
-0.14508
-0.137949
-0.129452
-0.11984
-0.109377
-0.0983805
-0.0871657
-0.0760396
-0.0652859
-0.0551265
-0.0457286
-0.0372066
-0.0295552
-0.0228111
-0.016787
-0.0115127
-0.00665187
-0.00218738
-0.107023
-0.116732
-0.125816
-0.134046
-0.141215
-0.147166
-0.151736
-0.154795
-0.156204
-0.155895
-0.153819
-0.150021
-0.144549
-0.137549
-0.129175
-0.119678
-0.109316
-0.0984073
-0.0872572
-0.0761823
-0.0654533
-0.0553083
-0.0459028
-0.0373715
-0.0296966
-0.0229318
-0.0168809
-0.0115799
-0.00669443
-0.00220152
-0.106295
-0.115956
-0.12503
-0.133277
-0.140475
-0.146458
-0.151066
-0.154173
-0.155642
-0.1554
-0.153394
-0.149665
-0.144264
-0.137334
-0.129026
-0.119591
-0.109282
-0.0984211
-0.0873057
-0.0762584
-0.0655429
-0.0554056
-0.0459962
-0.0374597
-0.0297725
-0.0229964
-0.0169314
-0.0116158
-0.00671731
-0.00220874
-0.09674
-0.106197
-0.115473
-0.12455
-0.133418
-0.142076
-0.150533
-0.158796
-0.166873
-0.174772
-0.182504
-0.190076
-0.197497
-0.20477
-0.211885
-0.218877
-0.225578
-0.232409
-0.238406
-0.24632
-0.0935548
-0.102699
-0.111663
-0.120445
-0.12904
-0.137453
-0.145686
-0.153746
-0.161639
-0.169369
-0.176943
-0.184366
-0.191637
-0.198775
-0.205723
-0.212639
-0.219145
-0.226174
-0.23207
-0.240315
-0.0904652
-0.09925
-0.107864
-0.11631
-0.124588
-0.1327
-0.140647
-0.148433
-0.156062
-0.163538
-0.170862
-0.178046
-0.185076
-0.192008
-0.19873
-0.205538
-0.21189
-0.218933
-0.224888
-0.232845
-0.0874456
-0.0958969
-0.104199
-0.112353
-0.120358
-0.128215
-0.135924
-0.14349
-0.150914
-0.158202
-0.165349
-0.172382
-0.179263
-0.186093
-0.192701
-0.199463
-0.20575
-0.212657
-0.218676
-0.226073
-0.0845242
-0.0926568
-0.100659
-0.108531
-0.116271
-0.123882
-0.131364
-0.13872
-0.145951
-0.153068
-0.160058
-0.16696
-0.173714
-0.180452
-0.186954
-0.193615
-0.199813
-0.206477
-0.21248
-0.219393
-0.0817082
-0.0895266
-0.0972284
-0.104815
-0.112286
-0.119642
-0.126884
-0.134016
-0.141036
-0.147957
-0.154761
-0.161493
-0.168079
-0.174659
-0.181005
-0.187479
-0.19357
-0.19997
-0.205967
-0.212562
-0.078993
-0.0865017
-0.093906
-0.101209
-0.108408
-0.115507
-0.122503
-0.129402
-0.136197
-0.142906
-0.149502
-0.156037
-0.162431
-0.168817
-0.175001
-0.181267
-0.187264
-0.193434
-0.199402
-0.205749
-0.0763783
-0.0835834
-0.0906954
-0.0977178
-0.104649
-0.11149
-0.118239
-0.124902
-0.131469
-0.137959
-0.144346
-0.150675
-0.156879
-0.163066
-0.169095
-0.175156
-0.181041
-0.186989
-0.192854
-0.198965
-0.0738649
-0.0807737
-0.0875996
-0.0943462
-0.101012
-0.107597
-0.1141
-0.120525
-0.126863
-0.133132
-0.139307
-0.145426
-0.151439
-0.15742
-0.163281
-0.169129
-0.174863
-0.180588
-0.186301
-0.192189
-0.0714535
-0.0780737
-0.0846201
-0.091096
-0.0974997
-0.103832
-0.110089
-0.116276
-0.122385
-0.128428
-0.134388
-0.140292
-0.146105
-0.151872
-0.157547
-0.163179
-0.168736
-0.174249
-0.17979
-0.185458
-0.0691441
-0.0754841
-0.0817583
-0.0879694
-0.094116
-0.100198
-0.106212
-0.112162
-0.118041
-0.123858
-0.1296
-0.135284
-0.140891
-0.146442
-0.151921
-0.157341
-0.16271
-0.168015
-0.173367
-0.178811
-0.066936
-0.0730048
-0.0790148
-0.0849681
-0.0908633
-0.0966999
-0.102475
-0.10819
-0.113841
-0.119431
-0.124955
-0.130419
-0.135817
-0.141154
-0.146431
-0.151641
-0.156812
-0.161908
-0.167058
-0.172279
-0.0648302
-0.0706372
-0.0763914
-0.0820943
-0.0877445
-0.093341
-0.0988814
-0.104365
-0.10979
-0.115157
-0.120463
-0.12571
-0.130897
-0.136021
-0.141091
-0.146092
-0.151058
-0.155947
-0.160889
-0.16589
-0.062825
-0.0683807
-0.0738884
-0.079349
-0.0847616
-0.0901247
-0.095436
-0.100694
-0.105897
-0.111044
-0.116135
-0.121167
-0.126143
-0.131056
-0.135919
-0.140712
-0.145471
-0.150155
-0.154885
-0.159667
-0.060919
-0.0662352
-0.0715058
-0.076733
-0.0819163
-0.0870536
-0.0921424
-0.0971808
-0.102167
-0.1071
-0.111979
-0.1168
-0.121568
-0.126274
-0.13093
-0.135518
-0.140072
-0.144552
-0.149069
-0.153633
-0.0591167
-0.0642025
-0.0692458
-0.0742488
-0.0792112
-0.0841306
-0.0890045
-0.0938302
-0.0986064
-0.103331
-0.108003
-0.112619
-0.117183
-0.121686
-0.12614
-0.130527
-0.134878
-0.139157
-0.143464
-0.147811
-0.0574182
-0.0622831
-0.0671091
-0.0718977
-0.0766483
-0.0813585
-0.0860255
-0.0906465
-0.0952199
-0.0997428
-0.104215
-0.108633
-0.112999
-0.117305
-0.121562
-0.125754
-0.129906
-0.133989
-0.138091
-0.142225
-0.05582
-0.0604749
-0.0650946
-0.0696793
-0.0742283
-0.0787388
-0.0832082
-0.0876333
-0.0920122
-0.0963421
-0.100622
-0.104849
-0.109024
-0.113142
-0.117208
-0.121211
-0.125172
-0.129067
-0.13297
-0.136896
-0.0543243
-0.0587807
-0.0632048
-0.0675962
-0.0719537
-0.0762746
-0.080556
-0.0847946
-0.0889883
-0.0931343
-0.0972313
-0.101276
-0.105269
-0.109206
-0.113091
-0.116914
-0.120692
-0.124405
-0.128118
-0.131846
-0.0529305
-0.0572
-0.0614399
-0.0656491
-0.069826
-0.0739679
-0.0780716
-0.082134
-0.0861526
-0.0901245
-0.0940483
-0.0979206
-0.101742
-0.105507
-0.10922
-0.112872
-0.116478
-0.120019
-0.123553
-0.127092
-0.0516393
-0.055734
-0.0598014
-0.0638398
-0.0678475
-0.0718214
-0.0757586
-0.0796556
-0.0835098
-0.0873184
-0.0910795
-0.0947901
-0.0984498
-0.102054
-0.105607
-0.109099
-0.112543
-0.115924
-0.119289
-0.122651
-0.0504519
-0.0543843
-0.0582913
-0.0621708
-0.066021
-0.0698387
-0.0736207
-0.0773638
-0.0810652
-0.0847218
-0.0883318
-0.0918922
-0.0954021
-0.0988577
-0.102261
-0.105605
-0.1089
-0.112133
-0.115343
-0.118542
-0.0493701
-0.0531528
-0.0569118
-0.0606448
-0.0643496
-0.0680232
-0.0716623
-0.0752635
-0.078824
-0.0823409
-0.085812
-0.0892344
-0.092607
-0.0959263
-0.0991933
-0.102403
-0.105561
-0.108659
-0.111728
-0.114779
-0.048397
-0.0520432
-0.0556673
-0.0592666
-0.0628388
-0.066381
-0.0698898
-0.0733619
-0.0767943
-0.0801843
-0.0835294
-0.086827
-0.0900756
-0.093272
-0.0964166
-0.0995048
-0.102541
-0.10552
-0.108463
-0.11138
-0.047535
-0.0510581
-0.0545604
-0.0580392
-0.0614921
-0.0649161
-0.0683078
-0.0716641
-0.074982
-0.0782586
-0.0814916
-0.0846783
-0.0878171
-0.0909052
-0.0939421
-0.0969244
-0.0998548
-0.102728
-0.105562
-0.108364
-0.0467926
-0.0502073
-0.0536024
-0.0569749
-0.0603225
-0.0636422
-0.0669308
-0.0701853
-0.0734026
-0.07658
-0.0797152
-0.0828055
-0.0858493
-0.0888439
-0.0917885
-0.0946802
-0.0975206
-0.100306
-0.103048
-0.105753
-0.0461686
-0.0494889
-0.0527907
-0.0560713
-0.0593284
-0.0625589
-0.0657598
-0.0689279
-0.0720606
-0.075155
-0.0782087
-0.0812195
-0.0841853
-0.0871038
-0.0899739
-0.0927931
-0.0955619
-0.0982773
-0.100947
-0.103575
-0.04569
-0.0489335
-0.0521589
-0.0553632
-0.0585443
-0.0616998
-0.0648268
-0.0679225
-0.0709843
-0.0740097
-0.0769964
-0.0799421
-0.082845
-0.085703
-0.0885148
-0.0912783
-0.0939934
-0.0966578
-0.0992756
-0.101849
-0.0453335
-0.048516
-0.0516823
-0.0548301
-0.0579568
-0.0610595
-0.0641354
-0.0671816
-0.0701956
-0.073175
-0.0761176
-0.0790213
-0.0818841
-0.0847042
-0.0874801
-0.0902099
-0.0928928
-0.095527
-0.098114
-0.100654
-0.0451747
-0.0483112
-0.0514298
-0.0545285
-0.0576062
-0.0606614
-0.0636921
-0.0666957
-0.0696701
-0.0726132
-0.075523
-0.0783977
-0.0812357
-0.0840353
-0.0867951
-0.0895137
-0.0921902
-0.0948232
-0.0974131
-0.09996
0.125085
0.11403
0.102891
0.0918761
0.0804033
0.0687037
0.0569741
0.0452384
0.0335107
0.0218264
0.0102297
-0.00124728
-0.0125761
-0.0237261
-0.0346701
-0.0454589
-0.0564562
-0.0670263
-0.0771936
-0.0870855
0.120378
0.108851
0.097279
0.086534
0.0754887
0.0642283
0.0529921
0.0417866
0.0306032
0.0194713
0.00842435
-0.00251487
-0.0133278
-0.02401
-0.0345734
-0.0449994
-0.0550226
-0.064976
-0.0747158
-0.08423
0.114637
0.103333
0.0917612
0.0814523
0.070995
0.0602436
0.0495076
0.038828
0.0281765
0.0175728
0.0070492
-0.00336921
-0.0136626
-0.0238165
-0.0338196
-0.0436454
-0.0533572
-0.0629627
-0.0723476
-0.0815034
0.108573
0.0978209
0.0863954
0.0764388
0.0665331
0.0562859
0.0460308
0.0358631
0.0257388
0.0156589
0.00565283
-0.00425501
-0.0140485
-0.0237217
-0.0332707
-0.0426814
-0.0519053
-0.0610515
-0.0700399
-0.0788335
0.102436
0.0923021
0.0811595
0.0715476
0.0621884
0.0524747
0.042703
0.0330299
0.0234154
0.0138406
0.00432984
-0.00509001
-0.0144039
-0.0236068
-0.0326918
-0.0416459
-0.0504586
-0.0592018
-0.0678107
-0.0762492
0.0963354
0.0868228
0.0760747
0.0668111
0.0579633
0.0487829
0.0394904
0.0302919
0.0211681
0.0120836
0.00305289
-0.0058957
-0.0147473
-0.0234995
-0.0321475
-0.0406829
-0.0490919
-0.0574379
-0.0656728
-0.0737626
0.0903332
0.0814182
0.0711414
0.062241
0.0538706
0.0452156
0.0364025
0.0276636
0.0190101
0.0103984
0.00183072
-0.00666551
-0.0150747
-0.023395
-0.0316233
-0.0397532
-0.047777
-0.0557458
-0.0636201
-0.0713701
0.0844785
0.0761316
0.0663717
0.0578499
0.0499253
0.0417762
0.0334374
0.025144
0.0169392
0.00878062
0.000658667
-0.00740346
-0.0153894
-0.023297
-0.0311246
-0.0388679
-0.0465213
-0.0541271
-0.0616524
-0.0690711
0.0788085
0.0709969
0.0617743
0.0536418
0.0461361
0.0384681
0.0305941
0.0227336
0.0149572
0.00723101
-0.000463511
-0.00810976
-0.0156915
-0.0232055
-0.0306505
-0.0380237
-0.0453217
-0.0525794
-0.0597681
-0.0668653
0.0733474
0.0660383
0.0573569
0.0496196
0.0425098
0.0352956
0.0278721
0.0204318
0.0130645
0.00574922
-0.00153729
-0.00878602
-0.0159823
-0.0231212
-0.0302014
-0.0372211
-0.0441781
-0.0511019
-0.0579666
-0.0647526
0.0681112
0.0612731
0.0531262
0.0457844
0.0390503
0.0322621
0.0252712
0.0182372
0.0112606
0.00433507
-0.00256354
-0.00943334
-0.0162624
-0.0230444
-0.0297773
-0.0364597
-0.0430905
-0.0496943
-0.0562474
-0.0627327
0.0631107
0.0567134
0.0490871
0.0421369
0.03576
0.0293701
0.0227911
0.0161481
0.00954477
0.00298825
-0.00354299
-0.0100528
-0.0165326
-0.0229752
-0.0293773
-0.0357371
-0.0420548
-0.0483534
-0.0546083
-0.0608042
0.0583534
0.0523679
0.0452431
0.0386772
0.0326398
0.0266215
0.0204319
0.014163
0.00791561
0.0017082
-0.0044761
-0.010645
-0.0167933
-0.0229143
-0.0290037
-0.0350597
-0.0410818
-0.0470868
-0.0530525
-0.0589683
0.0538442
0.0482422
0.0415966
0.0354043
0.0296896
0.0240171
0.0181933
0.0122803
0.00637154
0.000493896
-0.00536379
-0.0112109
-0.0170453
-0.0228594
-0.028647
-0.0344043
-0.0401342
-0.0458711
-0.0515689
-0.0572203
0.049586
0.0443399
0.0381484
0.032317
0.0269085
0.0215572
0.016075
0.0104987
0.00491113
-0.000655361
-0.00620626
-0.0117514
-0.0172918
-0.0228223
-0.028339
-0.0338379
-0.0393117
-0.0447323
-0.0501524
-0.0555554
0.0455798
0.0406629
0.0348986
0.0294134
0.024295
0.0192416
0.0140767
0.0088169
0.00353292
-0.00174043
-0.00700326
-0.0122642
-0.0175253
-0.0227818
-0.0280276
-0.0332572
-0.0384653
-0.0436465
-0.0488248
-0.0539877
0.0418254
0.0372119
0.0318468
0.0266912
0.021847
0.0170695
0.012198
0.00723398
0.0022356
-0.0027622
-0.00775519
-0.01275
-0.0177493
-0.0227495
-0.0277448
-0.0327295
-0.0376982
-0.0426441
-0.047586
-0.0525158
0.0383218
0.0339867
0.028992
0.024148
0.0195623
0.0150396
0.0104383
0.00574898
0.00101791
-0.00372179
-0.00846262
-0.0132089
-0.0179631
-0.0227222
-0.0274807
-0.0322328
-0.0369737
-0.0416986
-0.0464204
-0.0511319
0.0350672
0.0309864
0.026333
0.0217815
0.0174382
0.0131506
0.00879697
0.00436111
-0.000121294
-0.00462029
-0.00912633
-0.0136414
-0.0181673
-0.0227016
-0.0272392
-0.0317745
-0.0363026
-0.0408191
-0.045333
-0.0498386
0.0320598
0.0282101
0.0238687
0.0195892
0.0154722
0.0114008
0.00727309
0.00306967
-0.00118297
-0.00545873
-0.00974708
-0.0140479
-0.0183621
-0.0226875
-0.0270193
-0.0313522
-0.0356812
-0.0400024
-0.044322
-0.0486348
0.0292978
0.0256566
0.0215981
0.0175694
0.0136619
0.00978854
0.0058659
0.00187408
-0.00216788
-0.00623799
-0.0103256
-0.0144289
-0.0185478
-0.0226801
-0.0268214
-0.0309665
-0.0351106
-0.0392498
-0.0433881
-0.047521
0.0267798
0.0233252
0.0195206
0.0157206
0.0120056
0.0083123
0.00457466
0.000773963
-0.00307649
-0.00695871
-0.0108625
-0.0147849
-0.0187249
-0.0226799
-0.0266459
-0.0306179
-0.0345911
-0.0385617
-0.0425322
-0.0464984
0.0245056
0.0212158
0.0176364
0.0140424
0.0105021
0.00697108
0.00339889
-0.000230827
-0.003909
-0.00762124
-0.0113583
-0.0151163
-0.0188934
-0.0226868
-0.0264927
-0.0303063
-0.034123
-0.0379388
-0.0417551
-0.0455681
0.0224759
0.0193296
0.0159468
0.0125352
0.00915097
0.00576449
0.00233852
-0.00114017
-0.00466541
-0.00822594
-0.0118135
-0.015424
-0.0190548
-0.0227028
-0.0263643
-0.0300347
-0.0337094
-0.0373844
-0.0410601
-0.0447333
0.0206936
0.0176692
0.0144545
0.0112011
0.00795351
0.00469331
0.00139447
-0.0019529
-0.00534451
-0.00877161
-0.0122271
-0.0157067
-0.0192073
-0.0227257
-0.0262581
-0.0298002
-0.0333478
-0.036897
-0.0404473
-0.0439955
0.0191642
0.0162396
0.0131642
0.0100437
0.00691193
0.00375874
0.000567214
-0.00266929
-0.0059476
-0.00926094
-0.0126033
-0.0159704
-0.0193588
-0.0227652
-0.0261856
-0.0296159
-0.0330517
-0.036489
-0.0399268
-0.0433632
0.0178967
0.0150495
0.0120843
0.00907058
0.00603312
0.00296756
-0.000135893
-0.00328099
-0.00646509
-0.00968295
-0.0129295
-0.0162006
-0.0194929
-0.0228028
-0.0261269
-0.0294612
-0.0328019
-0.0361457
-0.0394906
-0.0428336
0.0169039
0.0141095
0.0112228
0.0082865
0.00531759
0.00231564
-0.0007238
-0.00380201
-0.00691648
-0.0100629
-0.013237
-0.0164348
-0.0196528
-0.0228873
-0.0261347
-0.0293908
-0.0326515
-0.035913
-0.0391738
-0.0424342
0.0162096
0.0134448
0.0106074
0.00772229
0.0048008
0.00184453
-0.00114775
-0.00417584
-0.00723742
-0.010329
-0.013447
-0.0165877
-0.0197479
-0.0229242
-0.0261133
-0.0293118
-0.0325164
-0.035724
-0.0389321
-0.0421371
0.0158307
0.0130611
0.0102274
0.00734622
0.00442771
0.00147564
-0.00150898
-0.00452484
-0.0075695
-0.0106398
-0.0137321
-0.0168433
-0.01997
-0.0231089
-0.0262568
-0.0294103
-0.0325659
-0.0357206
-0.0388733
-0.042026
0.134568
0.136002
0.138187
0.141243
0.144546
0.148222
0.151531
0.15468
0.156737
0.15813
0.157632
0.156095
0.151826
0.146183
0.135715
0.133633
0.134959
0.136968
0.139762
0.142729
0.145977
0.148787
0.151339
0.152756
0.153388
0.152175
0.14975
0.144877
0.138236
0.129147
0.132629
0.133842
0.135662
0.138177
0.140791
0.143594
0.145894
0.147844
0.148635
0.148546
0.146699
0.143516
0.138236
0.13114
0.122584
0.131552
0.132645
0.134266
0.136488
0.138734
0.141073
0.142854
0.144188
0.144361
0.143559
0.141117
0.137245
0.131604
0.124199
0.115772
0.130399
0.131366
0.132781
0.134696
0.136566
0.138429
0.139688
0.140403
0.139973
0.138486
0.135483
0.13101
0.12503
0.117437
0.109086
0.129166
0.130003
0.131204
0.132802
0.134288
0.135666
0.136405
0.136508
0.135495
0.133361
0.129836
0.124858
0.118579
0.110897
0.10264
0.127852
0.128554
0.129534
0.130804
0.131901
0.132788
0.13301
0.132515
0.130941
0.128208
0.124202
0.118806
0.112278
0.104568
0.0964203
0.126453
0.127015
0.12777
0.128704
0.129406
0.129801
0.129513
0.128437
0.126325
0.123045
0.1186
0.112864
0.106138
0.0984343
0.0904095
0.124969
0.125387
0.125911
0.126502
0.126807
0.126712
0.125922
0.12429
0.121666
0.117893
0.113055
0.107043
0.10017
0.0924966
0.0846094
0.123399
0.123669
0.123958
0.124202
0.124109
0.12353
0.122251
0.12009
0.116986
0.112772
0.107588
0.101356
0.0943853
0.0867637
0.0790282
0.121742
0.121861
0.121912
0.121808
0.121318
0.120267
0.118512
0.115857
0.112304
0.107702
0.102221
0.0958178
0.0887929
0.0812457
0.0736736
0.12
0.119965
0.119778
0.119325
0.118443
0.116935
0.114722
0.111607
0.107643
0.102702
0.096973
0.0904431
0.0834025
0.0759516
0.0685525
0.118175
0.117986
0.117558
0.116763
0.115494
0.113547
0.110898
0.10736
0.103024
0.0977916
0.0918618
0.0852459
0.0782232
0.0708891
0.063671
0.11627
0.115927
0.115261
0.114129
0.112484
0.11012
0.107058
0.103136
0.0984688
0.0929902
0.0869041
0.0802394
0.0732635
0.0660644
0.0590341
0.114292
0.113797
0.112893
0.111437
0.109425
0.106669
0.103224
0.0989557
0.0939989
0.088317
0.0821153
0.0754356
0.0685313
0.0614825
0.0546451
0.112247
0.111604
0.110467
0.108697
0.106336
0.103214
0.0994154
0.0948399
0.0896347
0.0837903
0.0775102
0.0708456
0.0640338
0.0571476
0.0505063
0.110145
0.109359
0.107994
0.105927
0.103233
0.0997739
0.0956551
0.0908104
0.0853968
0.0794278
0.0731025
0.0664791
0.0597772
0.0530625
0.0466186
0.107998
0.107076
0.10549
0.103143
0.100138
0.0963709
0.0919656
0.0868893
0.081305
0.0752464
0.0689054
0.0623452
0.0557668
0.0492296
0.0429824
0.105821
0.104772
0.102974
0.100366
0.097073
0.0930282
0.0883706
0.0830988
0.0773793
0.0712623
0.0649311
0.0584521
0.0520075
0.0456506
0.0395972
0.103633
0.102464
0.100467
0.0976179
0.094062
0.0897704
0.0848945
0.0794615
0.0736391
0.0674914
0.0611915
0.0548076
0.0485035
0.0423268
0.0364626
0.101454
0.100177
0.0979931
0.0949239
0.0911317
0.0866239
0.0815627
0.0760002
0.0701041
0.0639493
0.0576982
0.0514194
0.0452591
0.0392597
0.0335782
0.0993097
0.0979344
0.0955797
0.0923123
0.0883108
0.0836169
0.0784016
0.0727387
0.0667943
0.0606519
0.0544629
0.0482953
0.0422789
0.0364514
0.0309439
0.0972288
0.0957663
0.0932574
0.089814
0.0856304
0.0807794
0.0754389
0.0697014
0.0637304
0.0576157
0.0514979
0.0454439
0.0395684
0.0339046
0.0285607
0.0952442
0.0937056
0.0910605
0.0874636
0.0831243
0.0781434
0.0727041
0.0669142
0.0609342
0.0548582
0.0488168
0.0428751
0.0371342
0.0316235
0.0264311
0.0933933
0.0917896
0.0890268
0.0852989
0.0808294
0.0757437
0.070229
0.0644053
0.0584296
0.0523991
0.046435
0.0406008
0.0349852
0.0296145
0.0245594
0.091718
0.0900599
0.0871983
0.0833615
0.0787862
0.0736183
0.0680482
0.0622053
0.0562431
0.0502606
0.044371
0.0386357
0.0331331
0.0278867
0.0229527
0.0902647
0.088563
0.0856215
0.0816975
0.0770392
0.0718093
0.0662004
0.0603491
0.0544053
0.0484691
0.042647
0.0369985
0.0315934
0.0264531
0.0216219
0.0890852
0.0873501
0.0843475
0.0803575
0.0756378
0.0703638
0.0647295
0.0588765
0.0529519
0.0470563
0.0412908
0.0357133
0.0303871
0.0253318
0.0205824
0.088236
0.0864778
0.083433
0.0793981
0.0746373
0.0693351
0.0636859
0.0578346
0.0519262
0.0460614
0.0403375
0.0348114
0.0295418
0.0245473
0.0198571
0.087779
0.0860087
0.0829408
0.0788826
0.0741005
0.0687843
0.0631281
0.0572793
0.0513804
0.0455332
0.0398321
0.0343342
0.0290949
0.0241328
0.0194726
0.146733
0.148886
0.152309
0.15738
0.163443
0.170769
0.178921
0.188045
0.197852
0.208438
0.219535
0.231206
0.243173
0.255513
0.267913
0.146666
0.148815
0.152231
0.157293
0.163342
0.170651
0.178775
0.187871
0.197637
0.208179
0.219217
0.230825
0.242711
0.254967
0.267252
0.146533
0.148674
0.152077
0.15712
0.16314
0.170417
0.178484
0.187524
0.197209
0.207663
0.218583
0.230064
0.241787
0.253874
0.265928
0.146334
0.148462
0.151847
0.15686
0.162837
0.170064
0.17805
0.187005
0.196569
0.206892
0.217633
0.228924
0.2404
0.252233
0.263938
0.146069
0.148182
0.151542
0.156517
0.162439
0.169599
0.177474
0.186318
0.19572
0.205868
0.216372
0.22741
0.238554
0.250044
0.261282
0.145741
0.147834
0.151163
0.15609
0.161937
0.169014
0.176758
0.185465
0.194664
0.204597
0.214802
0.225523
0.236249
0.247308
0.257962
0.145349
0.14742
0.150712
0.155584
0.161357
0.168323
0.175907
0.184448
0.193406
0.203081
0.212927
0.223269
0.233489
0.244032
0.253983
0.144897
0.146942
0.150192
0.154995
0.160651
0.167513
0.174923
0.183272
0.191949
0.201325
0.210752
0.220654
0.230281
0.240221
0.249352
0.144386
0.146401
0.149604
0.154342
0.159917
0.166596
0.173809
0.18194
0.190297
0.199334
0.20828
0.217683
0.22663
0.235886
0.244083
0.143817
0.145801
0.148951
0.153601
0.159034
0.165572
0.172571
0.180454
0.188456
0.197112
0.205517
0.214364
0.222544
0.231037
0.238189
0.143193
0.145142
0.148236
0.152796
0.158102
0.164453
0.171214
0.17882
0.186431
0.194665
0.20247
0.210705
0.21803
0.225689
0.231689
0.142517
0.144429
0.147462
0.151906
0.15707
0.163233
0.169741
0.17704
0.184228
0.191997
0.199145
0.206714
0.213099
0.219857
0.224603
0.141791
0.143663
0.146633
0.150973
0.155963
0.161922
0.168157
0.175119
0.181854
0.189112
0.195551
0.2024
0.20776
0.213561
0.216951
0.141017
0.142848
0.145756
0.149967
0.154778
0.16052
0.166466
0.173061
0.179316
0.186016
0.191698
0.197771
0.202024
0.206818
0.208753
0.140198
0.141988
0.144801
0.148887
0.153529
0.159034
0.164673
0.17087
0.176619
0.182711
0.187596
0.192833
0.195905
0.199652
0.200029
0.139337
0.141089
0.143847
0.147754
0.152213
0.157468
0.162783
0.168556
0.173772
0.179206
0.183261
0.187589
0.189419
0.192077
0.190788
0.138437
0.140135
0.142792
0.146568
0.150836
0.155824
0.160796
0.166115
0.170772
0.175496
0.178697
0.182037
0.182592
0.184107
0.181037
0.137502
0.139161
0.141713
0.145337
0.149404
0.154117
0.158733
0.163581
0.167654
0.171622
0.173934
0.176187
0.175443
0.175718
0.170756
0.136529
0.138137
0.140589
0.144054
0.147902
0.15231
0.156534
0.160869
0.164324
0.167501
0.168924
0.17002
0.168043
0.166881
0.159959
0.135536
0.137082
0.139448
0.142779
0.146435
0.150585
0.154449
0.158304
0.161114
0.16344
0.163839
0.163646
0.160283
0.157493
0.148587
0.135536
0.137082
0.139448
0.142779
0.146436
0.150585
0.154449
0.158305
0.161114
0.16344
0.16384
0.163646
0.160284
0.157494
0.148588
0.136529
0.138137
0.14059
0.144054
0.147902
0.15231
0.156535
0.160869
0.164324
0.167502
0.168925
0.170021
0.168043
0.166882
0.15996
0.137502
0.139162
0.141714
0.145337
0.149404
0.154117
0.158733
0.163581
0.167655
0.171622
0.173934
0.176188
0.175444
0.175718
0.170757
0.138437
0.140135
0.142792
0.146568
0.150837
0.155825
0.160796
0.166115
0.170773
0.175497
0.178698
0.182037
0.182593
0.184108
0.181037
0.139337
0.141089
0.143847
0.147754
0.152213
0.157468
0.162784
0.168556
0.173773
0.179206
0.183262
0.187589
0.18942
0.192078
0.190789
0.140198
0.141988
0.144801
0.148887
0.153529
0.159034
0.164673
0.170871
0.176619
0.182711
0.187597
0.192833
0.195905
0.199652
0.20003
0.141017
0.142848
0.145756
0.149967
0.154779
0.16052
0.166466
0.173061
0.179316
0.186016
0.191698
0.197772
0.202025
0.206819
0.208754
0.141791
0.143663
0.146634
0.150973
0.155963
0.161922
0.168157
0.175119
0.181854
0.189113
0.195551
0.202401
0.20776
0.213561
0.216951
0.142517
0.144429
0.147462
0.151906
0.15707
0.163233
0.169741
0.17704
0.184229
0.191997
0.199145
0.206714
0.213099
0.219858
0.224603
0.143194
0.145142
0.148237
0.152796
0.158102
0.164453
0.171214
0.17882
0.186431
0.194665
0.20247
0.210705
0.218031
0.225689
0.23169
0.143817
0.145801
0.148951
0.153601
0.159034
0.165572
0.172572
0.180455
0.188456
0.197113
0.205518
0.214364
0.222544
0.231037
0.23819
0.144386
0.146401
0.149604
0.154342
0.159918
0.166596
0.173809
0.18194
0.190298
0.199334
0.20828
0.217683
0.22663
0.235886
0.244083
0.144897
0.146942
0.150192
0.154995
0.160651
0.167513
0.174923
0.183272
0.191949
0.201325
0.210752
0.220654
0.230281
0.240221
0.249353
0.145349
0.14742
0.150712
0.155584
0.161358
0.168323
0.175907
0.184448
0.193406
0.203081
0.212928
0.22327
0.23349
0.244032
0.253983
0.145741
0.147834
0.151163
0.15609
0.161937
0.169015
0.176758
0.185465
0.194664
0.204597
0.214802
0.225523
0.236249
0.247308
0.257962
0.146069
0.148182
0.151542
0.156517
0.16244
0.169599
0.177474
0.186318
0.19572
0.205869
0.216372
0.22741
0.238554
0.250044
0.261282
0.146334
0.148462
0.151847
0.15686
0.162837
0.170064
0.17805
0.187005
0.196569
0.206892
0.217633
0.228924
0.240401
0.252233
0.263938
0.146533
0.148674
0.152077
0.15712
0.16314
0.170417
0.178484
0.187524
0.197209
0.207663
0.218583
0.230064
0.241787
0.253874
0.265928
0.146666
0.148815
0.152231
0.157293
0.163342
0.170651
0.178775
0.187871
0.197637
0.208179
0.219217
0.230825
0.242711
0.254967
0.267252
0.146733
0.148886
0.152309
0.15738
0.163443
0.170769
0.178921
0.188045
0.197852
0.208438
0.219535
0.231206
0.243173
0.255513
0.267913
0.0877794
0.0860091
0.0829412
0.078883
0.0741009
0.0687847
0.0631285
0.0572797
0.0513809
0.0455337
0.0398326
0.0343346
0.0290953
0.0241333
0.019473
0.0882365
0.0864782
0.0834334
0.0793985
0.0746377
0.0693355
0.0636863
0.0578351
0.0519267
0.0460619
0.040338
0.0348119
0.0295422
0.0245477
0.0198575
0.0890856
0.0873505
0.0843479
0.0803579
0.0756382
0.0703643
0.06473
0.058877
0.0529524
0.0470567
0.0412912
0.0357137
0.0303876
0.0253322
0.0205828
0.0902651
0.0885634
0.0856219
0.0816979
0.0770396
0.0718098
0.0662009
0.0603495
0.0544057
0.0484695
0.0426475
0.0369989
0.0315939
0.0264536
0.0216223
0.0917184
0.0900603
0.0871988
0.0833619
0.0787867
0.0736188
0.0680486
0.0622058
0.0562436
0.050261
0.0443715
0.0386361
0.0331336
0.0278872
0.0229532
0.0933937
0.09179
0.0890272
0.0852993
0.0808299
0.0757441
0.0702294
0.0644058
0.0584301
0.0523995
0.0464355
0.0406013
0.0349857
0.029615
0.0245599
0.0952446
0.093706
0.0910609
0.087464
0.0831247
0.0781438
0.0727045
0.0669147
0.0609347
0.0548587
0.0488172
0.0428756
0.0371347
0.031624
0.0264316
0.0972292
0.0957667
0.0932578
0.0898145
0.0856308
0.0807798
0.0754393
0.0697018
0.0637309
0.0576162
0.0514984
0.0454444
0.0395689
0.0339051
0.0285612
0.0993101
0.0979348
0.0955801
0.0923127
0.0883112
0.0836174
0.078402
0.0727392
0.0667948
0.0606525
0.0544634
0.0482958
0.0422794
0.0364519
0.0309444
0.101454
0.100177
0.0979935
0.0949243
0.0911321
0.0866244
0.0815632
0.0760007
0.0701046
0.0639498
0.0576987
0.0514199
0.0452596
0.0392603
0.0335787
0.103633
0.102465
0.100467
0.0976183
0.0940624
0.0897708
0.084895
0.0794619
0.0736396
0.0674919
0.0611921
0.0548082
0.048504
0.0423274
0.0364632
0.105822
0.104772
0.102974
0.100367
0.0970734
0.0930286
0.0883711
0.0830993
0.0773798
0.0712628
0.0649317
0.0584527
0.0520081
0.0456512
0.0395978
0.107998
0.107077
0.10549
0.103144
0.100139
0.0963714
0.0919661
0.0868898
0.0813055
0.0752469
0.068906
0.0623458
0.0557674
0.0492303
0.042983
0.110145
0.109359
0.107994
0.105927
0.103234
0.0997743
0.0956555
0.0908109
0.0853973
0.0794283
0.0731031
0.0664797
0.0597778
0.0530632
0.0466193
0.112247
0.111604
0.110467
0.108698
0.106336
0.103214
0.0994159
0.0948404
0.0896353
0.0837909
0.0775108
0.0708462
0.0640344
0.0571482
0.050507
0.114292
0.113798
0.112894
0.111437
0.109426
0.10667
0.103224
0.0989562
0.0939994
0.0883176
0.0821159
0.0754362
0.0685319
0.0614832
0.0546458
0.116271
0.115928
0.115261
0.11413
0.112484
0.11012
0.107059
0.103137
0.0984694
0.0929908
0.0869047
0.08024
0.0732641
0.0660651
0.0590348
0.118175
0.117986
0.117559
0.116763
0.115495
0.113548
0.110898
0.107361
0.103024
0.0977921
0.0918625
0.0852465
0.0782239
0.0708898
0.0636718
0.12
0.119966
0.119778
0.119326
0.118444
0.116936
0.114722
0.111607
0.107643
0.102703
0.0969737
0.0904438
0.0834032
0.0759523
0.0685533
0.121743
0.121861
0.121913
0.121808
0.121318
0.120268
0.118512
0.115857
0.112304
0.107703
0.102222
0.0958185
0.0887936
0.0812464
0.0736743
0.123399
0.123669
0.123958
0.124202
0.124109
0.123531
0.122251
0.120091
0.116986
0.112773
0.107589
0.101357
0.094386
0.0867644
0.079029
0.12497
0.125388
0.125911
0.126502
0.126807
0.126712
0.125923
0.12429
0.121667
0.117894
0.113055
0.107043
0.100171
0.0924974
0.0846102
0.126454
0.127016
0.12777
0.128704
0.129406
0.129801
0.129514
0.128437
0.126325
0.123046
0.118601
0.112864
0.106139
0.098435
0.0904103
0.127852
0.128554
0.129534
0.130805
0.131901
0.132788
0.133011
0.132515
0.130941
0.128208
0.124202
0.118807
0.112278
0.104568
0.0964211
0.129166
0.130003
0.131204
0.132802
0.134288
0.135666
0.136405
0.136509
0.135496
0.133362
0.129837
0.124858
0.11858
0.110898
0.102641
0.130399
0.131366
0.132781
0.134696
0.136566
0.138429
0.139688
0.140404
0.139974
0.138486
0.135484
0.13101
0.125031
0.117438
0.109087
0.131552
0.132645
0.134266
0.136488
0.138735
0.141073
0.142854
0.144188
0.144361
0.14356
0.141118
0.137246
0.131605
0.1242
0.115773
0.13263
0.133842
0.135662
0.138178
0.140792
0.143594
0.145895
0.147845
0.148636
0.148546
0.1467
0.143517
0.138237
0.131141
0.122585
0.133633
0.13496
0.136968
0.139762
0.142729
0.145978
0.148787
0.15134
0.152756
0.153388
0.152176
0.14975
0.144878
0.138237
0.129147
0.134568
0.136003
0.138187
0.141243
0.144546
0.148222
0.151531
0.15468
0.156737
0.15813
0.157633
0.156095
0.151827
0.146184
0.135716
0.0158311
0.0130615
0.0102278
0.00734659
0.00442807
0.00147598
-0.00150865
-0.00452452
-0.00756919
-0.0106395
-0.0137319
-0.016843
-0.0199697
-0.0231087
-0.0262566
-0.0294101
-0.0325657
-0.0357204
-0.0388731
-0.0420259
0.01621
0.0134452
0.0106078
0.00772266
0.00480117
0.00184489
-0.00114741
-0.00417551
-0.00723711
-0.0103287
-0.0134467
-0.0165874
-0.0197476
-0.022924
-0.0261131
-0.0293116
-0.0325162
-0.0357239
-0.038932
-0.042137
0.0169043
0.0141099
0.0112232
0.00828688
0.00531796
0.002316
-0.00072345
-0.00380167
-0.00691616
-0.0100626
-0.0132367
-0.0164345
-0.0196525
-0.0228871
-0.0261344
-0.0293906
-0.0326514
-0.0359128
-0.0391737
-0.0424341
0.0178971
0.01505
0.0120847
0.00907098
0.00603351
0.00296794
-0.000135527
-0.00328063
-0.00646475
-0.00968262
-0.0129292
-0.0162003
-0.0194926
-0.0228026
-0.0261266
-0.029461
-0.0328018
-0.0361455
-0.0394905
-0.0428335
0.0191646
0.0162401
0.0131646
0.0100441
0.00691233
0.00375913
0.000567599
-0.00266892
-0.00594724
-0.0092606
-0.012603
-0.0159701
-0.0193585
-0.0227649
-0.0261854
-0.0296157
-0.0330515
-0.0364888
-0.0399266
-0.0433631
0.0206941
0.0176696
0.0144549
0.0112016
0.00795394
0.00469372
0.00139487
-0.00195251
-0.00534413
-0.00877125
-0.0122268
-0.0157064
-0.019207
-0.0227254
-0.0262578
-0.0297999
-0.0333475
-0.0368968
-0.0404471
-0.0439953
0.0224764
0.0193301
0.0159473
0.0125357
0.00915142
0.00576493
0.00233895
-0.00113975
-0.00466501
-0.00822555
-0.0118132
-0.0154237
-0.0190544
-0.0227025
-0.026364
-0.0300344
-0.0337091
-0.0373842
-0.0410599
-0.0447331
0.0245061
0.0212163
0.0176369
0.0140429
0.0105025
0.00697155
0.00339935
-0.000230381
-0.00390856
-0.00762082
-0.0113579
-0.0151159
-0.018893
-0.0226865
-0.0264924
-0.030306
-0.0341227
-0.0379386
-0.0417549
-0.0455679
0.0267804
0.0233257
0.0195211
0.0157211
0.0120061
0.0083128
0.00457515
0.000774439
-0.00307603
-0.00695826
-0.0108621
-0.0147845
-0.0187245
-0.0226795
-0.0266455
-0.0306175
-0.0345908
-0.0385614
-0.0425319
-0.0464982
0.0292983
0.0256572
0.0215986
0.0175699
0.0136625
0.00978906
0.00586642
0.00187459
-0.00216738
-0.00623751
-0.0103251
-0.0144285
-0.0185474
-0.0226797
-0.026821
-0.0309662
-0.0351103
-0.0392494
-0.0433878
-0.0475208
0.0320603
0.0282107
0.0238693
0.0195898
0.0154727
0.0114014
0.00727364
0.00307021
-0.00118245
-0.00545822
-0.00974658
-0.0140474
-0.0183616
-0.022687
-0.0270189
-0.0313518
-0.0356809
-0.040002
-0.0443217
-0.0486345
0.0350678
0.0309871
0.0263336
0.0217821
0.0174388
0.0131512
0.00879755
0.00436169
-0.000120731
-0.00461974
-0.00912579
-0.0136409
-0.0181668
-0.0227011
-0.0272388
-0.0317741
-0.0363022
-0.0408187
-0.0453327
-0.0498383
0.0383224
0.0339873
0.0289926
0.0241487
0.0195629
0.0150403
0.010439
0.00574959
0.00101851
-0.0037212
-0.00846204
-0.0132083
-0.0179625
-0.0227217
-0.0274802
-0.0322324
-0.0369732
-0.0416982
-0.04642
-0.0511315
0.0418261
0.0372126
0.0318475
0.0266919
0.0218477
0.0170701
0.0121987
0.00723463
0.00223624
-0.00276158
-0.00775457
-0.0127494
-0.0177488
-0.0227489
-0.0277442
-0.0327289
-0.0376977
-0.0426437
-0.0475855
-0.0525154
0.0455805
0.0406637
0.0348993
0.0294141
0.0242957
0.0192423
0.0140774
0.00881759
0.00353359
-0.00173976
-0.0070026
-0.0122636
-0.0175246
-0.0227812
-0.028027
-0.0332567
-0.0384648
-0.043646
-0.0488243
-0.0539872
0.0495867
0.0443407
0.0381491
0.0323178
0.0269092
0.021558
0.0160757
0.0104994
0.00491185
-0.000654654
-0.00620556
-0.0117508
-0.0172911
-0.0228217
-0.0283383
-0.0338373
-0.0393111
-0.0447318
-0.0501519
-0.0555548
0.053845
0.048243
0.0415973
0.0354051
0.0296903
0.0240179
0.018194
0.012281
0.00637229
0.000494644
-0.00536305
-0.0112102
-0.0170445
-0.0228587
-0.0286463
-0.0344036
-0.0401335
-0.0458704
-0.0515683
-0.0572198
0.0583541
0.0523687
0.0452439
0.038678
0.0326406
0.0266223
0.0204327
0.0141638
0.0079164
0.00170899
-0.00447532
-0.0106442
-0.0167926
-0.0229135
-0.029003
-0.035059
-0.0410811
-0.0470861
-0.0530518
-0.0589677
0.0631114
0.0567142
0.0490879
0.0421377
0.0357608
0.0293709
0.022792
0.0161489
0.0095456
0.00298908
-0.00354217
-0.010052
-0.0165318
-0.0229744
-0.0293765
-0.0357364
-0.042054
-0.0483527
-0.0546075
-0.0608035
0.068112
0.0612739
0.053127
0.0457852
0.0390512
0.0322629
0.025272
0.018238
0.0112615
0.00433593
-0.00256268
-0.00943248
-0.0162615
-0.0230435
-0.0297765
-0.0364589
-0.0430897
-0.0496935
-0.0562466
-0.0627319
0.0733483
0.0660392
0.0573578
0.0496204
0.0425107
0.0352965
0.027873
0.0204327
0.0130654
0.00575012
-0.00153638
-0.00878512
-0.0159814
-0.0231203
-0.0302005
-0.0372202
-0.0441772
-0.051101
-0.0579658
-0.0647517
0.0788094
0.0709978
0.0617751
0.0536427
0.046137
0.038469
0.030595
0.0227345
0.0149582
0.00723195
-0.000462567
-0.00810881
-0.0156906
-0.0232045
-0.0306495
-0.0380228
-0.0453208
-0.0525785
-0.0597672
-0.0668644
0.0844794
0.0761325
0.0663726
0.0578508
0.0499263
0.0417772
0.0334383
0.0251449
0.0169402
0.00878159
0.00065965
-0.00740248
-0.0153884
-0.023296
-0.0311236
-0.0388669
-0.0465203
-0.0541262
-0.0616514
-0.0690701
0.090334
0.0814191
0.0711423
0.062242
0.0538715
0.0452165
0.0364034
0.0276646
0.0190111
0.0103994
0.00183174
-0.00666448
-0.0150736
-0.023394
-0.0316223
-0.0397522
-0.0477759
-0.0557448
-0.0636191
-0.0713691
0.0963363
0.0868237
0.0760756
0.0668121
0.0579642
0.0487839
0.0394914
0.030293
0.0211692
0.0120846
0.00305395
-0.00589464
-0.0147463
-0.0234984
-0.0321464
-0.0406818
-0.0490908
-0.0574368
-0.0656717
-0.0737615
0.102437
0.092303
0.0811605
0.0715485
0.0621893
0.0524757
0.042704
0.033031
0.0234165
0.0138417
0.00433093
-0.00508891
-0.0144027
-0.0236057
-0.0326907
-0.0416448
-0.0504574
-0.0592007
-0.0678095
-0.0762481
0.108574
0.0978218
0.0863964
0.0764397
0.0665341
0.056287
0.0460319
0.0358641
0.0257398
0.01566
0.00565395
-0.00425387
-0.0140473
-0.0237205
-0.0332695
-0.0426802
-0.0519041
-0.0610502
-0.0700387
-0.0788323
0.114637
0.103334
0.0917621
0.0814533
0.070996
0.0602446
0.0495086
0.0388291
0.0281776
0.0175739
0.00705034
-0.00336804
-0.0136614
-0.0238153
-0.0338184
-0.0436442
-0.053356
-0.0629614
-0.0723463
-0.0815021
0.120379
0.108852
0.09728
0.086535
0.0754897
0.0642294
0.0529931
0.0417877
0.0306043
0.0194725
0.00842552
-0.00251367
-0.0133266
-0.0240088
-0.0345722
-0.0449981
-0.0550213
-0.0649747
-0.0747145
-0.0842287
0.125086
0.114031
0.102892
0.0918771
0.0804043
0.0687048
0.0569751
0.0452396
0.0335118
0.0218276
0.0102309
-0.00124605
-0.0125748
-0.0237248
-0.0346688
-0.0454575
-0.0564549
-0.067025
-0.0771923
-0.0870841
-0.0451746
-0.0483112
-0.0514298
-0.0545285
-0.0576062
-0.0606615
-0.0636921
-0.0666958
-0.0696703
-0.0726133
-0.0755231
-0.0783979
-0.0812359
-0.0840355
-0.0867954
-0.089514
-0.0921905
-0.0948235
-0.0974134
-0.0999603
-0.0453335
-0.0485159
-0.0516822
-0.0548301
-0.0579568
-0.0610596
-0.0641354
-0.0671817
-0.0701957
-0.0731752
-0.0761178
-0.0790215
-0.0818844
-0.0847045
-0.0874804
-0.0902102
-0.0928931
-0.0955273
-0.0981143
-0.100655
-0.0456899
-0.0489335
-0.0521589
-0.0553632
-0.0585443
-0.0616998
-0.0648268
-0.0679226
-0.0709845
-0.0740099
-0.0769965
-0.0799423
-0.0828452
-0.0857032
-0.0885151
-0.0912786
-0.0939937
-0.0966581
-0.099276
-0.10185
-0.0461685
-0.0494888
-0.0527906
-0.0560713
-0.0593284
-0.0625589
-0.0657598
-0.068928
-0.0720607
-0.0751551
-0.0782089
-0.0812197
-0.0841855
-0.0871041
-0.0899742
-0.0927935
-0.0955623
-0.0982777
-0.100947
-0.103575
-0.0467925
-0.0502073
-0.0536024
-0.0569749
-0.0603225
-0.0636422
-0.0669309
-0.0701854
-0.0734027
-0.0765802
-0.0797154
-0.0828058
-0.0858495
-0.0888442
-0.0917888
-0.0946806
-0.097521
-0.100306
-0.103048
-0.105753
-0.0475348
-0.051058
-0.0545603
-0.0580392
-0.0614921
-0.0649161
-0.0683079
-0.0716642
-0.0749821
-0.0782588
-0.0814918
-0.0846786
-0.0878174
-0.0909055
-0.0939425
-0.0969248
-0.0998553
-0.102729
-0.105563
-0.108365
-0.0483969
-0.0520431
-0.0556672
-0.0592666
-0.0628388
-0.066381
-0.0698898
-0.073362
-0.0767945
-0.0801845
-0.0835297
-0.0868273
-0.0900759
-0.0932724
-0.096417
-0.0995053
-0.102542
-0.10552
-0.108463
-0.111381
-0.0493699
-0.0531526
-0.0569117
-0.0606447
-0.0643496
-0.0680232
-0.0716623
-0.0752636
-0.0788241
-0.0823411
-0.0858122
-0.0892347
-0.0926073
-0.0959267
-0.0991937
-0.102403
-0.105562
-0.10866
-0.111729
-0.114779
-0.0504517
-0.0543841
-0.0582911
-0.0621708
-0.0660209
-0.0698387
-0.0736208
-0.0773639
-0.0810653
-0.084722
-0.0883321
-0.0918925
-0.0954024
-0.0988581
-0.102261
-0.105606
-0.1089
-0.112133
-0.115344
-0.118543
-0.0516391
-0.0557338
-0.0598012
-0.0638397
-0.0678474
-0.0718214
-0.0757586
-0.0796557
-0.0835099
-0.0873186
-0.0910797
-0.0947904
-0.0984501
-0.102055
-0.105607
-0.109099
-0.112543
-0.115925
-0.11929
-0.122652
-0.0529302
-0.0571998
-0.0614397
-0.0656489
-0.0698259
-0.0739678
-0.0780716
-0.0821341
-0.0861527
-0.0901247
-0.0940485
-0.0979209
-0.101742
-0.105507
-0.109221
-0.112873
-0.116478
-0.12002
-0.123554
-0.127093
-0.054324
-0.0587804
-0.0632046
-0.0675961
-0.0719536
-0.0762746
-0.0805559
-0.0847946
-0.0889884
-0.0931344
-0.0972315
-0.101276
-0.10527
-0.109206
-0.113091
-0.116914
-0.120692
-0.124406
-0.128119
-0.131847
-0.0558196
-0.0604746
-0.0650943
-0.0696791
-0.0742281
-0.0787387
-0.0832081
-0.0876333
-0.0920122
-0.0963422
-0.100623
-0.10485
-0.109025
-0.113142
-0.117209
-0.121212
-0.125173
-0.129067
-0.132971
-0.136897
-0.0574179
-0.0622827
-0.0671088
-0.0718974
-0.0766481
-0.0813583
-0.0860254
-0.0906465
-0.0952199
-0.0997429
-0.104215
-0.108633
-0.112999
-0.117306
-0.121562
-0.125754
-0.129907
-0.13399
-0.138092
-0.142226
-0.0591163
-0.0642021
-0.0692454
-0.0742485
-0.0792109
-0.0841304
-0.0890043
-0.0938301
-0.0986064
-0.103331
-0.108003
-0.112619
-0.117183
-0.121687
-0.12614
-0.130528
-0.134878
-0.139158
-0.143465
-0.147812
-0.0609185
-0.0662348
-0.0715054
-0.0767327
-0.081916
-0.0870533
-0.0921422
-0.0971807
-0.102167
-0.1071
-0.111979
-0.1168
-0.121568
-0.126274
-0.130931
-0.135519
-0.140073
-0.144552
-0.14907
-0.153634
-0.0628244
-0.0683802
-0.0738879
-0.0793485
-0.0847612
-0.0901244
-0.0954357
-0.100694
-0.105897
-0.111044
-0.116135
-0.121167
-0.126143
-0.131056
-0.135919
-0.140712
-0.145472
-0.150155
-0.154886
-0.159668
-0.0648296
-0.0706366
-0.0763909
-0.0820938
-0.0877441
-0.0933406
-0.098881
-0.104365
-0.10979
-0.115157
-0.120463
-0.12571
-0.130897
-0.136021
-0.141091
-0.146092
-0.151059
-0.155947
-0.16089
-0.165891
-0.0669353
-0.0730042
-0.0790142
-0.0849675
-0.0908628
-0.0966994
-0.102474
-0.108189
-0.11384
-0.119431
-0.124955
-0.130419
-0.135817
-0.141154
-0.146431
-0.151641
-0.156812
-0.161908
-0.167059
-0.17228
-0.0691433
-0.0754834
-0.0817576
-0.0879688
-0.0941154
-0.100198
-0.106212
-0.112162
-0.118041
-0.123857
-0.1296
-0.135284
-0.140891
-0.146442
-0.151921
-0.157341
-0.162711
-0.168015
-0.173368
-0.178812
-0.0714527
-0.0780729
-0.0846194
-0.0910953
-0.097499
-0.103831
-0.110088
-0.116275
-0.122384
-0.128428
-0.134388
-0.140291
-0.146105
-0.151872
-0.157547
-0.163179
-0.168736
-0.174249
-0.17979
-0.185458
-0.0738641
-0.0807728
-0.0875988
-0.0943454
-0.101011
-0.107597
-0.114099
-0.120524
-0.126863
-0.133131
-0.139306
-0.145426
-0.151439
-0.15742
-0.163281
-0.169129
-0.174863
-0.180588
-0.186301
-0.192189
-0.0763774
-0.0835824
-0.0906945
-0.0977169
-0.104648
-0.111489
-0.118238
-0.124901
-0.131469
-0.137959
-0.144345
-0.150675
-0.156879
-0.163066
-0.169094
-0.175156
-0.181041
-0.186989
-0.192854
-0.198965
-0.078992
-0.0865007
-0.093905
-0.101208
-0.108407
-0.115506
-0.122502
-0.129401
-0.136196
-0.142905
-0.149502
-0.156037
-0.16243
-0.168817
-0.175
-0.181267
-0.187264
-0.193434
-0.199402
-0.205748
-0.0817071
-0.0895255
-0.0972273
-0.104814
-0.112285
-0.119641
-0.126883
-0.134015
-0.141035
-0.147956
-0.15476
-0.161492
-0.168078
-0.174658
-0.181004
-0.187478
-0.193569
-0.19997
-0.205966
-0.212562
-0.0845231
-0.0926556
-0.100657
-0.108529
-0.11627
-0.123881
-0.131362
-0.138719
-0.14595
-0.153067
-0.160057
-0.166959
-0.173713
-0.180451
-0.186953
-0.193614
-0.199812
-0.206476
-0.212479
-0.219392
-0.0874444
-0.0958956
-0.104197
-0.112351
-0.120357
-0.128213
-0.135923
-0.143489
-0.150912
-0.1582
-0.165348
-0.17238
-0.179261
-0.186092
-0.1927
-0.199462
-0.205749
-0.212656
-0.218674
-0.226072
-0.0904639
-0.0992487
-0.107863
-0.116309
-0.124587
-0.132699
-0.140646
-0.148432
-0.156061
-0.163536
-0.17086
-0.178045
-0.185074
-0.192007
-0.198728
-0.205537
-0.211888
-0.218931
-0.224886
-0.232843
-0.0935535
-0.102698
-0.111662
-0.120443
-0.129039
-0.137451
-0.145685
-0.153745
-0.161638
-0.169368
-0.176942
-0.184364
-0.191636
-0.198773
-0.205722
-0.212638
-0.219143
-0.226171
-0.232067
-0.240313
-0.0967386
-0.106196
-0.115472
-0.124549
-0.133416
-0.142075
-0.150532
-0.158794
-0.166871
-0.17477
-0.182502
-0.190074
-0.197495
-0.204768
-0.211883
-0.218875
-0.225575
-0.232407
-0.238403
-0.246317
-0.106295
-0.115956
-0.12503
-0.133277
-0.140475
-0.146457
-0.151065
-0.154171
-0.155639
-0.155396
-0.153389
-0.14966
-0.14426
-0.137331
-0.129026
-0.119595
-0.109289
-0.0984282
-0.0873113
-0.0762603
-0.0655402
-0.0553996
-0.0459903
-0.0374573
-0.0297751
-0.023002
-0.0169367
-0.0116178
-0.00671685
-0.00220812
-0.107024
-0.116732
-0.125816
-0.134046
-0.141215
-0.147165
-0.151735
-0.154793
-0.156201
-0.15589
-0.153814
-0.150015
-0.144545
-0.137546
-0.129175
-0.119682
-0.109322
-0.0984148
-0.087263
-0.0761842
-0.0654504
-0.055302
-0.0458966
-0.0373691
-0.0296993
-0.0229376
-0.0168863
-0.011582
-0.00669389
-0.00220087
-0.108357
-0.118174
-0.127276
-0.135474
-0.142592
-0.148484
-0.152984
-0.155951
-0.157247
-0.156812
-0.154607
-0.150677
-0.145075
-0.137946
-0.129452
-0.119844
-0.109384
-0.0983885
-0.0871721
-0.0760417
-0.0652827
-0.0551197
-0.045722
-0.037204
-0.0295581
-0.0228173
-0.0167927
-0.0115147
-0.00665119
-0.00218668
-0.110265
-0.120225
-0.129343
-0.137489
-0.144536
-0.150347
-0.154745
-0.15758
-0.158715
-0.158103
-0.155717
-0.151602
-0.145815
-0.138503
-0.129837
-0.120067
-0.109468
-0.0983492
-0.0870424
-0.0758401
-0.0650467
-0.054863
-0.0454769
-0.036972
-0.0293605
-0.0226486
-0.0166619
-0.0114204
-0.00659145
-0.0021665
-0.112685
-0.122819
-0.131942
-0.140018
-0.146974
-0.152684
-0.15695
-0.159613
-0.160544
-0.159712
-0.157099
-0.152753
-0.146734
-0.139194
-0.130312
-0.120341
-0.109568
-0.0982957
-0.086877
-0.0755856
-0.0647504
-0.054541
-0.045171
-0.036682
-0.0291147
-0.0224382
-0.0164996
-0.0113029
-0.0065171
-0.0021411
-0.115587
-0.12591
-0.135018
-0.143003
-0.149854
-0.15544
-0.159544
-0.161997
-0.162684
-0.161594
-0.158713
-0.154095
-0.147804
-0.139996
-0.130862
-0.120655
-0.109678
-0.0982271
-0.0866783
-0.0752835
-0.064401
-0.0541617
-0.0448127
-0.0363417
-0.0288279
-0.0221922
-0.0163107
-0.0111656
-0.00643032
-0.00211116
-0.118938
-0.129455
-0.138519
-0.146393
-0.153123
-0.158566
-0.162475
-0.164683
-0.16509
-0.163707
-0.160524
-0.155598
-0.149
-0.14089
-0.131472
-0.120999
-0.109793
-0.0981422
-0.0864481
-0.0749383
-0.0640048
-0.0537322
-0.0444091
-0.035958
-0.0285067
-0.0219157
-0.0160997
-0.0110114
-0.00633304
-0.00207726
-0.122714
-0.133416
-0.142401
-0.150143
-0.156738
-0.162014
-0.165697
-0.167624
-0.167722
-0.166015
-0.1625
-0.157235
-0.150298
-0.141858
-0.132129
-0.121365
-0.109909
-0.09804
-0.0861884
-0.074554
-0.0635675
-0.0532587
-0.043967
-0.035537
-0.0281566
-0.0216135
-0.0158704
-0.0108432
-0.006227
-0.00203993
-0.126891
-0.137758
-0.146625
-0.154214
-0.160656
-0.165743
-0.169167
-0.170783
-0.170542
-0.168487
-0.164612
-0.158982
-0.15168
-0.142886
-0.132822
-0.121747
-0.110022
-0.0979198
-0.0859007
-0.0741344
-0.063094
-0.052747
-0.0434923
-0.0350843
-0.027783
-0.0212897
-0.0156265
-0.0106632
-0.00611378
-0.00199962
-0.131449
-0.142446
-0.151153
-0.158567
-0.164841
-0.169712
-0.172846
-0.174121
-0.173519
-0.171093
-0.166834
-0.160816
-0.153127
-0.143958
-0.133539
-0.122136
-0.110128
-0.097781
-0.0855867
-0.0736829
-0.0625889
-0.0522023
-0.0429901
-0.0346049
-0.0273903
-0.0209482
-0.015371
-0.0104738
-0.00599474
-0.00195672
-0.136368
-0.14745
-0.155948
-0.163169
-0.169258
-0.173887
-0.176697
-0.177607
-0.176623
-0.173807
-0.169143
-0.162718
-0.154624
-0.145064
-0.134274
-0.122529
-0.110224
-0.0976234
-0.085248
-0.0732028
-0.0620562
-0.0516293
-0.0424654
-0.0341036
-0.0269826
-0.0205923
-0.0151068
-0.0102767
-0.00587112
-0.0019116
-0.141626
-0.152734
-0.160978
-0.167986
-0.173873
-0.17823
-0.180686
-0.181211
-0.179827
-0.176605
-0.171518
-0.164672
-0.156157
-0.146193
-0.135017
-0.12292
-0.110309
-0.0974471
-0.0848864
-0.0726972
-0.0614998
-0.0510325
-0.0419224
-0.0335845
-0.0265635
-0.0202251
-0.0148361
-0.0100738
-0.00574401
-0.00186457
-0.147201
-0.158267
-0.166211
-0.172989
-0.178655
-0.182709
-0.184784
-0.184906
-0.183108
-0.179464
-0.173941
-0.166661
-0.157713
-0.147335
-0.135762
-0.123304
-0.110379
-0.0972524
-0.0845034
-0.072169
-0.0609233
-0.0504159
-0.041365
-0.0330515
-0.0261363
-0.0198493
-0.0145612
-0.0098667
-0.00561438
-0.00181592
-0.153072
-0.164014
-0.171615
-0.178148
-0.183574
-0.187294
-0.188963
-0.188668
-0.186444
-0.182367
-0.176395
-0.168674
-0.159282
-0.148483
-0.136504
-0.12368
-0.110434
-0.0970397
-0.0841009
-0.0716212
-0.0603298
-0.0497833
-0.0407969
-0.032508
-0.0257038
-0.0194677
-0.0142839
-0.00965673
-0.00548306
-0.00176591
-0.159214
-0.169941
-0.177162
-0.183438
-0.188599
-0.191955
-0.193199
-0.192476
-0.189815
-0.185296
-0.178865
-0.170697
-0.160854
-0.149629
-0.137237
-0.124045
-0.110473
-0.0968099
-0.0836806
-0.0710566
-0.0597225
-0.0491383
-0.0402212
-0.0319573
-0.0252686
-0.0190824
-0.0140058
-0.00944524
-0.00535082
-0.00171479
-0.165599
-0.176013
-0.182825
-0.188832
-0.193704
-0.196665
-0.197469
-0.196311
-0.193203
-0.188235
-0.18134
-0.172721
-0.162421
-0.150768
-0.137957
-0.124396
-0.110495
-0.0965639
-0.0832442
-0.0704778
-0.0591044
-0.048484
-0.0396409
-0.0314022
-0.024833
-0.0186955
-0.0137284
-0.00923338
-0.00521833
-0.00166277
-0.1722
-0.182197
-0.188576
-0.194307
-0.19886
-0.201401
-0.201754
-0.200153
-0.196593
-0.191171
-0.183808
-0.174737
-0.163976
-0.151895
-0.138662
-0.124732
-0.110499
-0.096303
-0.0827937
-0.0698877
-0.0584782
-0.0478237
-0.0390587
-0.0308454
-0.024399
-0.018309
-0.013453
-0.00902226
-0.0050862
-0.00161006
-0.178984
-0.188461
-0.194394
-0.19984
-0.204044
-0.206142
-0.206037
-0.203988
-0.199971
-0.194092
-0.18626
-0.176737
-0.165514
-0.153006
-0.139348
-0.125051
-0.110486
-0.0960283
-0.0823309
-0.0692888
-0.0578466
-0.0471603
-0.0384772
-0.0302896
-0.0239685
-0.0179247
-0.0131808
-0.00881285
-0.00495498
-0.00155688
-0.185915
-0.194772
-0.200255
-0.205406
-0.209231
-0.210867
-0.210301
-0.2078
-0.203323
-0.196987
-0.188685
-0.178713
-0.167028
-0.154096
-0.140014
-0.125354
-0.110457
-0.0957414
-0.081858
-0.068684
-0.0572125
-0.0464968
-0.0378989
-0.0297372
-0.0235433
-0.0175443
-0.0129129
-0.0086061
-0.00482519
-0.0015034
-0.192952
-0.201101
-0.206137
-0.210982
-0.214399
-0.21556
-0.21453
-0.211575
-0.206638
-0.199845
-0.191076
-0.180658
-0.168513
-0.155162
-0.140657
-0.125639
-0.110412
-0.0954439
-0.0813771
-0.0680759
-0.0565785
-0.045836
-0.037326
-0.0291904
-0.023125
-0.0171693
-0.0126501
-0.00840287
-0.00469734
-0.00144982
-0.200052
-0.207418
-0.21202
-0.216543
-0.219527
-0.220203
-0.218711
-0.215299
-0.209903
-0.202657
-0.193425
-0.182566
-0.169965
-0.156201
-0.141275
-0.125907
-0.110351
-0.0951377
-0.0808909
-0.0674675
-0.0559473
-0.0451808
-0.0367609
-0.0286516
-0.0227151
-0.0168013
-0.0123935
-0.00820395
-0.00457187
-0.00139632
-0.20717
-0.213695
-0.217882
-0.222065
-0.224595
-0.22478
-0.222828
-0.218958
-0.213107
-0.205412
-0.195723
-0.184431
-0.171379
-0.15721
-0.141868
-0.126157
-0.110277
-0.0948248
-0.0804017
-0.0668616
-0.0553219
-0.044534
-0.0362058
-0.0281229
-0.0223151
-0.0164418
-0.012144
-0.0080101
-0.00444924
-0.00134307
-0.214261
-0.219909
-0.223703
-0.227524
-0.229584
-0.229276
-0.226866
-0.222536
-0.216235
-0.208098
-0.197961
-0.186243
-0.172749
-0.158184
-0.142433
-0.126388
-0.110189
-0.0945073
-0.0799125
-0.0662614
-0.0547051
-0.0438985
-0.0356629
-0.0276065
-0.0219263
-0.0160919
-0.0119021
-0.00782198
-0.00432986
-0.00129025
-0.221275
-0.226034
-0.229462
-0.232895
-0.234473
-0.23367
-0.230805
-0.22602
-0.219275
-0.210702
-0.200128
-0.187996
-0.17407
-0.159121
-0.142969
-0.126602
-0.110091
-0.0941874
-0.0794261
-0.06567
-0.0540998
-0.0432772
-0.0351342
-0.0271044
-0.0215499
-0.0157531
-0.0116687
-0.00764019
-0.00421412
-0.00123805
-0.228164
-0.232049
-0.235137
-0.238151
-0.239241
-0.237943
-0.234624
-0.229384
-0.222208
-0.213211
-0.202212
-0.18968
-0.175336
-0.160016
-0.143475
-0.126797
-0.109983
-0.0938676
-0.0789454
-0.0650903
-0.0535087
-0.0426726
-0.0346217
-0.0266184
-0.021187
-0.0154265
-0.0114442
-0.00746524
-0.00410235
-0.00118663
-0.234875
-0.237927
-0.240698
-0.243258
-0.243855
-0.242067
-0.238297
-0.232608
-0.225015
-0.215607
-0.204201
-0.191284
-0.176539
-0.160864
-0.143949
-0.126973
-0.109867
-0.0935496
-0.078473
-0.064525
-0.0529343
-0.0420871
-0.0341271
-0.0261502
-0.0208385
-0.0151129
-0.0112293
-0.00729756
-0.00399486
-0.00113615
-0.241333
-0.243636
-0.246109
-0.248174
-0.248276
-0.246
-0.241803
-0.235669
-0.227674
-0.217872
-0.20608
-0.192798
-0.177672
-0.161662
-0.144389
-0.127131
-0.109744
-0.093236
-0.0780118
-0.0639772
-0.0523794
-0.0415234
-0.0336522
-0.0257015
-0.0205055
-0.0148133
-0.0110243
-0.0071376
-0.00389197
-0.00108681
-0.247494
-0.249153
-0.251347
-0.252872
-0.25248
-0.249695
-0.245115
-0.238535
-0.230165
-0.219996
-0.207845
-0.194223
-0.178739
-0.162414
-0.144801
-0.127277
-0.109622
-0.0929337
-0.0775685
-0.0634526
-0.0518486
-0.040985
-0.0331996
-0.0252743
-0.0201892
-0.014529
-0.01083
-0.00698585
-0.00379404
-0.00103881
-0.253408
-0.25445
-0.25639
-0.257352
-0.256485
-0.2532
-0.247955
-0.24118
-0.232506
-0.221994
-0.209512
-0.195573
-0.179754
-0.163133
-0.145198
-0.127422
-0.109509
-0.0926487
-0.0771471
-0.0629534
-0.051343
-0.0404723
-0.0327693
-0.0248683
-0.019889
-0.0142594
-0.0106458
-0.00684203
-0.00370095
-0.000992184
-0.259053
-0.259297
-0.261037
-0.261481
-0.260253
-0.256673
-0.251536
-0.243854
-0.234729
-0.223852
-0.211036
-0.196785
-0.180645
-0.163744
-0.145505
-0.127494
-0.109342
-0.0923268
-0.0767029
-0.0624453
-0.0508357
-0.0399669
-0.0323461
-0.0244739
-0.0195968
-0.0139991
-0.0104676
-0.00670293
-0.00361095
-0.000946495
-0.264219
-0.26302
-0.264543
-0.26436
-0.26264
-0.258454
-0.252523
-0.245132
-0.235863
-0.224775
-0.211748
-0.197291
-0.180934
-0.163841
-0.145394
-0.12723
-0.108921
-0.0918166
-0.076124
-0.0618471
-0.0502645
-0.0394229
-0.0318922
-0.0240609
-0.0192875
-0.0137268
-0.0102794
-0.00655491
-0.00351496
-0.000897332
-0.268175
-0.267782
-0.269258
-0.268236
-0.265829
-0.260962
-0.254722
-0.246445
-0.236629
-0.225075
-0.211675
-0.196884
-0.180241
-0.162934
-0.144292
-0.126041
-0.107651
-0.0905826
-0.0749404
-0.0607739
-0.0493323
-0.0386114
-0.0312557
-0.0235136
-0.0188964
-0.013393
-0.0100577
-0.00638427
-0.00340708
-0.000842976
-0.272382
-0.271749
-0.272723
-0.270791
-0.267773
-0.262267
-0.255617
-0.247204
-0.237151
-0.225311
-0.211656
-0.196616
-0.179736
-0.162236
-0.143402
-0.125053
-0.106563
-0.0895032
-0.0738768
-0.0597948
-0.0484633
-0.0378471
-0.0306465
-0.0229863
-0.0185156
-0.0130664
-0.00983976
-0.00621535
-0.00330007
-0.000787878
-0.276419
-0.275441
-0.276049
-0.273329
-0.26987
-0.26398
-0.256915
-0.247979
-0.237576
-0.225419
-0.211514
-0.196235
-0.179145
-0.161478
-0.142479
-0.124056
-0.105485
-0.0884484
-0.0728475
-0.0588542
-0.0476331
-0.0371192
-0.0300682
-0.0224857
-0.0181545
-0.0127563
-0.00963256
-0.00605392
-0.00319757
-0.000733267
-0.280242
-0.278595
-0.27879
-0.275252
-0.271312
-0.264766
-0.25762
-0.248408
-0.237792
-0.22539
-0.211284
-0.195801
-0.178529
-0.160715
-0.141567
-0.123081
-0.104436
-0.0874284
-0.0718534
-0.0579496
-0.0468352
-0.0364221
-0.0295148
-0.0220075
-0.01781
-0.0124607
-0.00943525
-0.00589967
-0.00309984
-0.000679531
-0.283907
-0.281123
-0.28102
-0.276775
-0.27255
-0.265761
-0.258248
-0.248694
-0.237861
-0.225233
-0.210957
-0.195298
-0.177873
-0.159936
-0.140664
-0.122131
-0.103426
-0.0864537
-0.0709065
-0.0570924
-0.0460792
-0.0357637
-0.0289915
-0.0215561
-0.0174842
-0.0121813
-0.0092486
-0.0057531
-0.00300728
-0.00062699
-0.287281
-0.283063
-0.282724
-0.277835
-0.273371
-0.266167
-0.25852
-0.248743
-0.237761
-0.22495
-0.210539
-0.194733
-0.177185
-0.159147
-0.139774
-0.12121
-0.102458
-0.0855281
-0.0700114
-0.056287
-0.0453694
-0.0351484
-0.0285016
-0.0211344
-0.017179
-0.0119202
-0.00907366
-0.00561502
-0.00292049
-0.000576076
-0.290447
-0.284341
-0.283973
-0.2785
-0.273869
-0.266464
-0.258635
-0.248635
-0.237524
-0.224557
-0.21004
-0.194113
-0.176468
-0.158353
-0.138902
-0.120323
-0.101538
-0.0846565
-0.0691731
-0.0555381
-0.0447101
-0.0345798
-0.0280478
-0.020745
-0.016896
-0.0116786
-0.0089112
-0.00548606
-0.00284
-0.000527265
-0.293167
-0.285022
-0.284825
-0.278858
-0.274168
-0.266461
-0.258531
-0.248368
-0.237165
-0.224071
-0.209474
-0.193449
-0.175733
-0.15756
-0.138055
-0.119473
-0.100669
-0.0838428
-0.0683957
-0.0548494
-0.0441044
-0.0340608
-0.0276321
-0.0203896
-0.0166361
-0.0114575
-0.0087618
-0.00536672
-0.00276621
-0.000481037
-0.295045
-0.285303
-0.285376
-0.27892
-0.274209
-0.266304
-0.258298
-0.247985
-0.236713
-0.223512
-0.208856
-0.192754
-0.174989
-0.156776
-0.137238
-0.118664
-0.0998565
-0.0830898
-0.0676823
-0.0542231
-0.0435546
-0.0335933
-0.0272561
-0.0200696
-0.0164001
-0.0112576
-0.00862584
-0.00525739
-0.00269941
-0.000437853
-0.296057
-0.285329
-0.285659
-0.278778
-0.274115
-0.265989
-0.257948
-0.247509
-0.236192
-0.222903
-0.208205
-0.192044
-0.174249
-0.156011
-0.136457
-0.117903
-0.0991033
-0.0823997
-0.0670345
-0.0536605
-0.0430618
-0.0331781
-0.0269203
-0.0197855
-0.0161883
-0.0110792
-0.00850352
-0.00515834
-0.0026398
-0.000398132
-0.296392
-0.28521
-0.285715
-0.278494
-0.273878
-0.26558
-0.257525
-0.246975
-0.235628
-0.222265
-0.207539
-0.191335
-0.173524
-0.155274
-0.13572
-0.117192
-0.0984123
-0.0817737
-0.0664532
-0.0531615
-0.0426261
-0.0328151
-0.0266247
-0.0195371
-0.0160008
-0.0109221
-0.00839483
-0.0050697
-0.00258741
-0.000362226
-0.296337
-0.284942
-0.285631
-0.278093
-0.27357
-0.265106
-0.257051
-0.246412
-0.235042
-0.221624
-0.20688
-0.190644
-0.172828
-0.154575
-0.135034
-0.116538
-0.0977862
-0.0812126
-0.0659381
-0.0527251
-0.0422468
-0.032503
-0.0263686
-0.0193238
-0.015837
-0.0107858
-0.00829956
-0.00499152
-0.00254219
-0.000330398
-0.295913
-0.284629
-0.285388
-0.277655
-0.273202
-0.2646
-0.256573
-0.24584
-0.234468
-0.220995
-0.206243
-0.189986
-0.172177
-0.153928
-0.134406
-0.115945
-0.0972275
-0.0807169
-0.0654885
-0.0523494
-0.0419222
-0.03224
-0.026151
-0.019144
-0.0156963
-0.0106696
-0.00821737
-0.00492371
-0.00250396
-0.000302814
-0.295209
-0.284356
-0.285022
-0.277242
-0.272773
-0.264132
-0.256068
-0.245311
-0.23391
-0.220416
-0.205656
-0.189385
-0.171578
-0.153342
-0.133846
-0.115419
-0.0967388
-0.080287
-0.0651034
-0.0520323
-0.0416503
-0.0320234
-0.0259701
-0.0189959
-0.0155778
-0.0105723
-0.0081478
-0.00486616
-0.00247242
-0.000279538
-0.294488
-0.283965
-0.284675
-0.276805
-0.272386
-0.263672
-0.255621
-0.244817
-0.233408
-0.219889
-0.205125
-0.188848
-0.171061
-0.152834
-0.13336
-0.114967
-0.0963226
-0.0799238
-0.0647819
-0.0517716
-0.0414288
-0.0318504
-0.0258244
-0.0188776
-0.0154806
-0.0104927
-0.00809032
-0.00481867
-0.00244727
-0.000260548
-0.293778
-0.283589
-0.284344
-0.276419
-0.272022
-0.263275
-0.255223
-0.244394
-0.232978
-0.219443
-0.20468
-0.188397
-0.170625
-0.152405
-0.13296
-0.114595
-0.0959824
-0.0796284
-0.0645231
-0.0515652
-0.0412556
-0.0317182
-0.0257121
-0.0187868
-0.0154037
-0.0104298
-0.00804442
-0.00478105
-0.00242812
-0.000245752
-0.293162
-0.283245
-0.284071
-0.276092
-0.271745
-0.262952
-0.254908
-0.244056
-0.232638
-0.219091
-0.20433
-0.188047
-0.170288
-0.152077
-0.132655
-0.114309
-0.095719
-0.079402
-0.0643267
-0.0514111
-0.0411287
-0.031624
-0.0256315
-0.0187215
-0.0153462
-0.0103823
-0.00800962
-0.00475312
-0.00241461
-0.000235018
-0.292711
-0.28299
-0.283877
-0.275859
-0.271539
-0.262725
-0.254685
-0.24382
-0.232401
-0.218849
-0.204091
-0.187809
-0.17006
-0.151855
-0.132447
-0.114112
-0.0955413
-0.0792461
-0.0641924
-0.0513082
-0.0410465
-0.0315656
-0.0255813
-0.0186799
-0.0153072
-0.0103495
-0.00798554
-0.00473471
-0.00240644
-0.000228203
-0.292471
-0.282853
-0.283775
-0.275736
-0.271435
-0.262606
-0.254569
-0.243697
-0.232279
-0.218726
-0.203972
-0.187692
-0.169949
-0.151747
-0.132344
-0.11401
-0.095446
-0.0791617
-0.0641205
-0.0512556
-0.0410081
-0.0315413
-0.0255603
-0.0186607
-0.0152863
-0.0103307
-0.00797195
-0.00472574
-0.00240335
-0.000225186
)
;

boundaryField
{
    inlet
    {
        type            zeroGradient;
    }
    outlet
    {
        type            fixedValue;
        value           uniform 0;
    }
    cylinder
    {
        type            zeroGradient;
    }
    top
    {
        type            symmetryPlane;
    }
    bottom
    {
        type            symmetryPlane;
    }
    defaultFaces
    {
        type            empty;
    }
}


// ************************************************************************* //
