/*--------------------------------*- C++ -*----------------------------------*\
  =========                 |
  \\      /  F ield         | OpenFOAM: The Open Source CFD Toolbox
   \\    /   O peration     | Website:  https://openfoam.org
    \\  /    A nd           | Version:  9
     \\/     M anipulation  |
\*---------------------------------------------------------------------------*/
FoamFile
{
    format      ascii;
    class       volScalarField;
    location    "24.3";
    object      p;
}
// * * * * * * * * * * * * * * * * * * * * * * * * * * * * * * * * * * * * * //

dimensions      [0 2 -2 0 0 0 0];

internalField   nonuniform List<scalar> 
8500
(
-0.306376
-0.31061
-0.311457
-0.313228
-0.315347
-0.315628
-0.31945
-0.315867
-0.322162
-0.314922
-0.306643
-0.310815
-0.311656
-0.313395
-0.315547
-0.315723
-0.31975
-0.3158
-0.322577
-0.314803
-0.30717
-0.311219
-0.312047
-0.313721
-0.315938
-0.315901
-0.320339
-0.31565
-0.323402
-0.314564
-0.307942
-0.311812
-0.312616
-0.31419
-0.316504
-0.316142
-0.321197
-0.315387
-0.324622
-0.314204
-0.308943
-0.312577
-0.313344
-0.314781
-0.317218
-0.316419
-0.322289
-0.314975
-0.326213
-0.313719
-0.310147
-0.313496
-0.31421
-0.315465
-0.318044
-0.316706
-0.32356
-0.314377
-0.328133
-0.313092
-0.311529
-0.314548
-0.315187
-0.316214
-0.318939
-0.31698
-0.324932
-0.313565
-0.330324
-0.312265
-0.313063
-0.315711
-0.316246
-0.316998
-0.31985
-0.317226
-0.32631
-0.312528
-0.332695
-0.311229
-0.314721
-0.316962
-0.317358
-0.317792
-0.320718
-0.317441
-0.327577
-0.311348
-0.334793
-0.3102
-0.31648
-0.318283
-0.318496
-0.318574
-0.321489
-0.317642
-0.328511
-0.310243
-0.336569
-0.308785
-0.318321
-0.319659
-0.319634
-0.319329
-0.322102
-0.317917
-0.328986
-0.30911
-0.337972
-0.307157
-0.32023
-0.321077
-0.320754
-0.320049
-0.322452
-0.318307
-0.329017
-0.308028
-0.338584
-0.305802
-0.322203
-0.322532
-0.321844
-0.320753
-0.322568
-0.318683
-0.328604
-0.307316
-0.337859
-0.305269
-0.324241
-0.324025
-0.322897
-0.321416
-0.322504
-0.318992
-0.327673
-0.307136
-0.335408
-0.305572
-0.326357
-0.325562
-0.323925
-0.322019
-0.322307
-0.319216
-0.326296
-0.307401
-0.331219
-0.305882
-0.328577
-0.327149
-0.324967
-0.32257
-0.322029
-0.319161
-0.324597
-0.307739
-0.325804
-0.305104
-0.330935
-0.32881
-0.32605
-0.323099
-0.321746
-0.318791
-0.322661
-0.307764
-0.319803
-0.30273
-0.333472
-0.330576
-0.32721
-0.323648
-0.321517
-0.318126
-0.320455
-0.307284
-0.313464
-0.298786
-0.336237
-0.332482
-0.328491
-0.324252
-0.321348
-0.31728
-0.317887
-0.306224
-0.306713
-0.293694
-0.339285
-0.334569
-0.329944
-0.324937
-0.321198
-0.316371
-0.314938
-0.304441
-0.299594
-0.288227
-0.342674
-0.336886
-0.331621
-0.325703
-0.321041
-0.315435
-0.311683
-0.301708
-0.29273
-0.282869
-0.346446
-0.339504
-0.333559
-0.326534
-0.32091
-0.314408
-0.308205
-0.297979
-0.286555
-0.276278
-0.350677
-0.342474
-0.335763
-0.327441
-0.320862
-0.31317
-0.304532
-0.293523
-0.280355
-0.269473
-0.355431
-0.34586
-0.338196
-0.328507
-0.32089
-0.311613
-0.300665
-0.288479
-0.274154
-0.26263
-0.360769
-0.349715
-0.340805
-0.329862
-0.320903
-0.309679
-0.296555
-0.283046
-0.267838
-0.255701
-0.366759
-0.354049
-0.343596
-0.33158
-0.320779
-0.307342
-0.292184
-0.277316
-0.261387
-0.248752
-0.373477
-0.358813
-0.346683
-0.333582
-0.320417
-0.304598
-0.287534
-0.271352
-0.254801
-0.241715
-0.380991
-0.363908
-0.350271
-0.335662
-0.31974
-0.301452
-0.282597
-0.265176
-0.248067
-0.23459
-0.389344
-0.369231
-0.354544
-0.337605
-0.318678
-0.297909
-0.277367
-0.25879
-0.24118
-0.227336
-0.39851
-0.374723
-0.359541
-0.339258
-0.317163
-0.293962
-0.271831
-0.252185
-0.234121
-0.219933
-0.408371
-0.380397
-0.365078
-0.340526
-0.315131
-0.289593
-0.265973
-0.24534
-0.226872
-0.212355
-0.418698
-0.386331
-0.370765
-0.341331
-0.31253
-0.284772
-0.259769
-0.238237
-0.219409
-0.204579
-0.429161
-0.392624
-0.376113
-0.341584
-0.309316
-0.279464
-0.253193
-0.230848
-0.21171
-0.196585
-0.439439
-0.399336
-0.380662
-0.341171
-0.30545
-0.27363
-0.246211
-0.223148
-0.203751
-0.188354
-0.44923
-0.406432
-0.384063
-0.33996
-0.300892
-0.267237
-0.238792
-0.215108
-0.195512
-0.179867
-0.458277
-0.413737
-0.386096
-0.337815
-0.295594
-0.260252
-0.230902
-0.206699
-0.186971
-0.171108
-0.466377
-0.420923
-0.38666
-0.334609
-0.289506
-0.252641
-0.222512
-0.197897
-0.178107
-0.162064
-0.473373
-0.427532
-0.385744
-0.330244
-0.282574
-0.244371
-0.213592
-0.188679
-0.168903
-0.152728
-0.479135
-0.433038
-0.383374
-0.32465
-0.274745
-0.235408
-0.204118
-0.179024
-0.159343
-0.14311
-0.483556
-0.436965
-0.37953
-0.317781
-0.26597
-0.225719
-0.194067
-0.168913
-0.149414
-0.133234
-0.486535
-0.43898
-0.374092
-0.309591
-0.256207
-0.215275
-0.183419
-0.158331
-0.139106
-0.123117
-0.487966
-0.438803
-0.366966
-0.300037
-0.245421
-0.204051
-0.17216
-0.147262
-0.128409
-0.112736
-0.487717
-0.436236
-0.358092
-0.28908
-0.233584
-0.192029
-0.160275
-0.135695
-0.117335
-0.102027
-0.48563
-0.431143
-0.347426
-0.276695
-0.220677
-0.179192
-0.147752
-0.12362
-0.105925
-0.0909126
-0.481519
-0.423433
-0.334916
-0.262884
-0.206686
-0.165529
-0.134578
-0.111039
-0.094224
-0.0793729
-0.475176
-0.41305
-0.320524
-0.247649
-0.191599
-0.151033
-0.12076
-0.0979916
-0.0822071
-0.0675465
-0.466385
-0.399958
-0.304232
-0.23099
-0.1754
-0.135728
-0.106337
-0.0845611
-0.0697617
-0.0555172
-0.454934
-0.384141
-0.286029
-0.212904
-0.158099
-0.119678
-0.0913755
-0.0707198
-0.0568978
-0.0432897
-0.44063
-0.365598
-0.265911
-0.193414
-0.139782
-0.102937
-0.075833
-0.0564797
-0.0436619
-0.0308701
-0.423313
-0.344348
-0.243865
-0.172604
-0.120598
-0.0854103
-0.0597494
-0.0418546
-0.0301014
-0.0182723
-0.402866
-0.320449
-0.219892
-0.15063
-0.100485
-0.0671532
-0.0431643
-0.0268692
-0.0162592
-0.00552337
-0.379223
-0.294029
-0.194079
-0.12746
-0.0794898
-0.0482245
-0.0261216
-0.011556
-0.00217645
0.00734
-0.352372
-0.265251
-0.166616
-0.103013
-0.057671
-0.0286905
-0.00866906
0.00404527
0.0121071
0.0202735
-0.322361
-0.234144
-0.137642
-0.0774059
-0.035096
-0.00862117
0.00913898
0.0198907
0.0265551
0.0332324
-0.289312
-0.200461
-0.107534
-0.0507822
-0.011839
0.0119084
0.027242
0.0359351
0.0411361
0.0461732
-0.253397
-0.164505
-0.0762496
-0.0232914
0.0120132
0.0328183
0.045575
0.0521369
0.0558182
0.0590253
-0.214718
-0.126684
-0.0438424
0.0049203
0.0363605
0.0540235
0.0640728
0.0684621
0.0705459
0.0716151
-0.173245
-0.0876228
-0.0104429
0.0337103
0.0610919
0.0754341
0.0826733
0.0848775
0.0852067
0.0836062
-0.129463
-0.0474841
0.0237694
0.0629357
0.0860879
0.0969573
0.101316
0.101323
0.0996258
0.0947092
-0.0837299
-0.00645944
0.0585902
0.0924472
0.111223
0.118498
0.119932
0.11769
0.11364
0.105242
-0.0364254
0.0352136
0.0937996
0.122088
0.136365
0.139958
0.138438
0.133836
0.127197
0.116523
0.0120477
0.0772713
0.129169
0.151695
0.161383
0.161237
0.156735
0.14965
0.140499
0.128333
0.0612702
0.119432
0.164463
0.181097
0.186138
0.18223
0.17473
0.165101
0.153595
0.140186
0.110811
0.161403
0.199444
0.21012
0.210495
0.202828
0.192327
0.180141
0.16643
0.151905
0.160232
0.202885
0.233876
0.238589
0.234314
0.22292
0.209437
0.194724
0.178931
0.163308
0.209093
0.243579
0.267521
0.266327
0.257457
0.242396
0.225975
0.208793
0.191032
0.1743
0.256958
0.283183
0.300147
0.293157
0.279788
0.261149
0.241856
0.222286
0.202664
0.1848
0.303397
0.321407
0.331527
0.318909
0.301172
0.27907
0.256998
0.235138
0.213765
0.19475
0.347988
0.35797
0.361444
0.343414
0.32148
0.296058
0.271323
0.247288
0.224273
0.2041
0.390324
0.392612
0.389689
0.366511
0.340585
0.312013
0.284754
0.258672
0.234131
0.212807
0.430029
0.425076
0.416062
0.388045
0.358368
0.326841
0.297218
0.269234
0.243284
0.220833
0.466803
0.455074
0.440377
0.407869
0.374717
0.340454
0.308646
0.278916
0.25168
0.228144
0.50035
0.482349
0.462456
0.425849
0.389528
0.352771
0.318975
0.287666
0.259273
0.23471
0.530379
0.506685
0.482139
0.441861
0.402705
0.363718
0.328146
0.295437
0.266018
0.240503
0.556628
0.527896
0.499284
0.455796
0.414163
0.373229
0.336108
0.302183
0.271876
0.245504
0.578865
0.545822
0.513766
0.467557
0.423829
0.381245
0.342815
0.307867
0.276812
0.249693
0.596894
0.560327
0.52548
0.477064
0.431638
0.387717
0.348228
0.312455
0.280796
0.253058
0.610558
0.571302
0.53434
0.484253
0.43754
0.392607
0.352316
0.315919
0.283806
0.255588
0.619734
0.578664
0.540284
0.489072
0.441497
0.395884
0.355055
0.318241
0.285822
0.257277
0.624342
0.58236
0.543266
0.491491
0.443482
0.397527
0.356428
0.319405
0.286834
0.258122
0.624342
0.58236
0.543266
0.491491
0.443482
0.397527
0.356428
0.319405
0.286834
0.258122
0.619734
0.578664
0.540284
0.489072
0.441497
0.395884
0.355055
0.318241
0.285822
0.257277
0.610558
0.571302
0.53434
0.484253
0.43754
0.392607
0.352316
0.315919
0.283806
0.255588
0.596894
0.560327
0.52548
0.477064
0.431638
0.387717
0.348228
0.312455
0.280796
0.253058
0.578865
0.545822
0.513766
0.467557
0.423829
0.381245
0.342815
0.307867
0.276812
0.249693
0.556628
0.527896
0.499284
0.455796
0.414163
0.373229
0.336108
0.302183
0.271876
0.245504
0.530379
0.506685
0.482139
0.441861
0.402705
0.363718
0.328146
0.295437
0.266018
0.240504
0.50035
0.482349
0.462456
0.425849
0.389528
0.352771
0.318975
0.287666
0.259273
0.23471
0.466803
0.455074
0.440377
0.407869
0.374717
0.340454
0.308646
0.278916
0.25168
0.228144
0.430029
0.425076
0.416063
0.388045
0.358368
0.326841
0.297218
0.269234
0.243284
0.220833
0.390324
0.392612
0.389689
0.366511
0.340585
0.312013
0.284754
0.258672
0.234131
0.212807
0.347988
0.35797
0.361444
0.343414
0.32148
0.296058
0.271323
0.247288
0.224273
0.2041
0.303397
0.321407
0.331527
0.318909
0.301172
0.27907
0.256998
0.235138
0.213765
0.19475
0.256958
0.283183
0.300147
0.293157
0.279788
0.261149
0.241856
0.222286
0.202664
0.1848
0.209093
0.243579
0.267521
0.266327
0.257457
0.242396
0.225975
0.208793
0.191032
0.1743
0.160232
0.202885
0.233876
0.238589
0.234314
0.22292
0.209437
0.194724
0.178931
0.163308
0.110811
0.161403
0.199444
0.21012
0.210495
0.202828
0.192327
0.180141
0.16643
0.151905
0.0612702
0.119432
0.164463
0.181097
0.186138
0.18223
0.17473
0.165101
0.153595
0.140186
0.0120477
0.0772713
0.129169
0.151695
0.161383
0.161237
0.156735
0.14965
0.140499
0.128333
-0.0364254
0.0352136
0.0937996
0.122088
0.136365
0.139958
0.138438
0.133836
0.127197
0.116523
-0.0837299
-0.00645942
0.0585902
0.0924472
0.111223
0.118498
0.119932
0.11769
0.11364
0.105242
-0.129463
-0.047484
0.0237695
0.0629357
0.0860879
0.0969573
0.101316
0.101323
0.0996258
0.0947092
-0.173245
-0.0876228
-0.0104428
0.0337103
0.0610919
0.0754341
0.0826733
0.0848775
0.0852067
0.0836063
-0.214717
-0.126684
-0.0438424
0.00492032
0.0363605
0.0540235
0.0640728
0.0684621
0.0705459
0.0716152
-0.253397
-0.164505
-0.0762495
-0.0232914
0.0120132
0.0328183
0.045575
0.0521369
0.0558182
0.0590253
-0.289312
-0.200461
-0.107534
-0.0507822
-0.011839
0.0119084
0.027242
0.0359351
0.0411361
0.0461732
-0.322361
-0.234144
-0.137642
-0.0774059
-0.0350959
-0.00862115
0.009139
0.0198908
0.0265551
0.0332325
-0.352372
-0.265251
-0.166616
-0.103013
-0.057671
-0.0286905
-0.00866904
0.00404528
0.0121071
0.0202735
-0.379223
-0.294029
-0.194079
-0.12746
-0.0794897
-0.0482245
-0.0261216
-0.011556
-0.00217644
0.00734001
-0.402866
-0.320449
-0.219892
-0.15063
-0.100485
-0.0671531
-0.0431643
-0.0268692
-0.0162592
-0.00552335
-0.423313
-0.344348
-0.243865
-0.172604
-0.120598
-0.0854103
-0.0597494
-0.0418546
-0.0301014
-0.0182723
-0.44063
-0.365598
-0.265911
-0.193414
-0.139782
-0.102937
-0.075833
-0.0564797
-0.0436618
-0.0308701
-0.454934
-0.384141
-0.286029
-0.212904
-0.158099
-0.119678
-0.0913754
-0.0707198
-0.0568978
-0.0432897
-0.466385
-0.399958
-0.304232
-0.23099
-0.1754
-0.135728
-0.106337
-0.0845611
-0.0697617
-0.0555172
-0.475176
-0.41305
-0.320524
-0.247649
-0.191599
-0.151033
-0.12076
-0.0979916
-0.0822071
-0.0675465
-0.481519
-0.423433
-0.334916
-0.262884
-0.206686
-0.165529
-0.134578
-0.111039
-0.094224
-0.0793728
-0.48563
-0.431143
-0.347426
-0.276695
-0.220677
-0.179192
-0.147752
-0.12362
-0.105925
-0.0909126
-0.487717
-0.436236
-0.358092
-0.28908
-0.233584
-0.192029
-0.160275
-0.135695
-0.117335
-0.102027
-0.487966
-0.438803
-0.366966
-0.300037
-0.245421
-0.204051
-0.17216
-0.147262
-0.128409
-0.112736
-0.486535
-0.43898
-0.374092
-0.309591
-0.256207
-0.215275
-0.183419
-0.158331
-0.139106
-0.123117
-0.483556
-0.436965
-0.37953
-0.317781
-0.26597
-0.225719
-0.194067
-0.168913
-0.149414
-0.133234
-0.479135
-0.433038
-0.383374
-0.32465
-0.274745
-0.235408
-0.204118
-0.179024
-0.159342
-0.14311
-0.473373
-0.427532
-0.385744
-0.330244
-0.282574
-0.244371
-0.213592
-0.188679
-0.168903
-0.152728
-0.466377
-0.420923
-0.38666
-0.334609
-0.289506
-0.252641
-0.222512
-0.197897
-0.178107
-0.162064
-0.458277
-0.413737
-0.386096
-0.337815
-0.295594
-0.260252
-0.230902
-0.206699
-0.186971
-0.171108
-0.44923
-0.406432
-0.384063
-0.33996
-0.300892
-0.267237
-0.238792
-0.215108
-0.195512
-0.179867
-0.439439
-0.399336
-0.380662
-0.341171
-0.30545
-0.27363
-0.246211
-0.223148
-0.203751
-0.188354
-0.429161
-0.392624
-0.376113
-0.341584
-0.309316
-0.279464
-0.253193
-0.230848
-0.21171
-0.196585
-0.418698
-0.386331
-0.370765
-0.341331
-0.31253
-0.284772
-0.259769
-0.238237
-0.219409
-0.204579
-0.408371
-0.380397
-0.365078
-0.340526
-0.315131
-0.289593
-0.265973
-0.24534
-0.226872
-0.212355
-0.39851
-0.374723
-0.359541
-0.339258
-0.317163
-0.293962
-0.271831
-0.252185
-0.234121
-0.219933
-0.389344
-0.369231
-0.354544
-0.337605
-0.318678
-0.297909
-0.277367
-0.25879
-0.24118
-0.227336
-0.380991
-0.363908
-0.350271
-0.335662
-0.31974
-0.301452
-0.282597
-0.265176
-0.248067
-0.23459
-0.373477
-0.358813
-0.346683
-0.333582
-0.320417
-0.304598
-0.287534
-0.271352
-0.254801
-0.241715
-0.366759
-0.354049
-0.343596
-0.33158
-0.320779
-0.307342
-0.292184
-0.277316
-0.261387
-0.248752
-0.360769
-0.349715
-0.340805
-0.329862
-0.320903
-0.309679
-0.296555
-0.283046
-0.267838
-0.255701
-0.355431
-0.34586
-0.338196
-0.328507
-0.32089
-0.311612
-0.300665
-0.288479
-0.274153
-0.26263
-0.350677
-0.342474
-0.335763
-0.327441
-0.320862
-0.31317
-0.304532
-0.293523
-0.280355
-0.269473
-0.346446
-0.339504
-0.333559
-0.326534
-0.32091
-0.314408
-0.308205
-0.297979
-0.286555
-0.276278
-0.342674
-0.336886
-0.331621
-0.325703
-0.321041
-0.315435
-0.311683
-0.301708
-0.29273
-0.282869
-0.339285
-0.334569
-0.329944
-0.324937
-0.321198
-0.316371
-0.314938
-0.304441
-0.299594
-0.288227
-0.336237
-0.332482
-0.328491
-0.324252
-0.321348
-0.31728
-0.317887
-0.306224
-0.306713
-0.293694
-0.333472
-0.330576
-0.32721
-0.323648
-0.321517
-0.318126
-0.320455
-0.307284
-0.313464
-0.298786
-0.330935
-0.32881
-0.32605
-0.323099
-0.321746
-0.318791
-0.322661
-0.307764
-0.319803
-0.30273
-0.328577
-0.327149
-0.324967
-0.32257
-0.322029
-0.319161
-0.324597
-0.307739
-0.325804
-0.305104
-0.326357
-0.325562
-0.323925
-0.322019
-0.322307
-0.319216
-0.326296
-0.307401
-0.331219
-0.305882
-0.324241
-0.324025
-0.322897
-0.321416
-0.322504
-0.318992
-0.327673
-0.307136
-0.335408
-0.305571
-0.322203
-0.322532
-0.321844
-0.320753
-0.322568
-0.318683
-0.328604
-0.307316
-0.337859
-0.305269
-0.32023
-0.321077
-0.320754
-0.320049
-0.322452
-0.318307
-0.329017
-0.308028
-0.338584
-0.305801
-0.318321
-0.319659
-0.319634
-0.319329
-0.322102
-0.317917
-0.328986
-0.30911
-0.337972
-0.307157
-0.31648
-0.318283
-0.318496
-0.318574
-0.321489
-0.317642
-0.328511
-0.310243
-0.336569
-0.308785
-0.314721
-0.316962
-0.317358
-0.317792
-0.320718
-0.317441
-0.327577
-0.311348
-0.334793
-0.3102
-0.313063
-0.315711
-0.316246
-0.316998
-0.31985
-0.317226
-0.32631
-0.312528
-0.332695
-0.311229
-0.311529
-0.314548
-0.315187
-0.316214
-0.318939
-0.31698
-0.324932
-0.313565
-0.330324
-0.312265
-0.310147
-0.313496
-0.31421
-0.315465
-0.318044
-0.316706
-0.32356
-0.314377
-0.328133
-0.313092
-0.308943
-0.312577
-0.313344
-0.314781
-0.317218
-0.316419
-0.322289
-0.314975
-0.326213
-0.313719
-0.307942
-0.311812
-0.312616
-0.31419
-0.316504
-0.316142
-0.321197
-0.315387
-0.324622
-0.314204
-0.30717
-0.311219
-0.312047
-0.313721
-0.315938
-0.315901
-0.320339
-0.31565
-0.323402
-0.314564
-0.306643
-0.310815
-0.311656
-0.313395
-0.315547
-0.315723
-0.31975
-0.3158
-0.322577
-0.314803
-0.306376
-0.31061
-0.311457
-0.313228
-0.315347
-0.315628
-0.31945
-0.315867
-0.322162
-0.314922
-0.322495
-0.313185
-0.314607
-0.307331
-0.304219
-0.297151
-0.291605
-0.284036
-0.276396
-0.266494
-0.253841
-0.235569
-0.210421
-0.17614
-0.132494
-0.0858169
-0.0455094
-0.017225
-0.00118208
0.00631928
0.00811415
0.00776521
0.00598043
0.00455243
0.00293847
0.00200963
0.00137432
0.000965544
0.000475667
0.000518233
-0.322731
-0.313312
-0.31469
-0.307427
-0.304287
-0.297224
-0.291671
-0.284116
-0.276499
-0.266648
-0.254064
-0.235869
-0.21081
-0.176618
-0.132989
-0.0862478
-0.0458497
-0.0174715
-0.00135985
0.006195
0.00802561
0.00770412
0.00593731
0.00452326
0.00291779
0.00199482
0.00136478
0.000959041
0.000471266
0.000515667
-0.323175
-0.313548
-0.314852
-0.30761
-0.30442
-0.29736
-0.291795
-0.284275
-0.276705
-0.266944
-0.254485
-0.23644
-0.211555
-0.177526
-0.133952
-0.0870824
-0.0465211
-0.0179649
-0.00171847
0.00594289
0.00784617
0.00758022
0.00585018
0.00446429
0.0028762
0.00196509
0.00134561
0.000946004
0.000462524
0.000510531
-0.323779
-0.313863
-0.315077
-0.307866
-0.304605
-0.297568
-0.291979
-0.284485
-0.276979
-0.267348
-0.255069
-0.237228
-0.212586
-0.178809
-0.135277
-0.0883034
-0.0475072
-0.0187058
-0.00226333
0.0055567
0.00757163
0.00739041
0.00571742
0.00437442
0.00281332
0.00192029
0.00131665
0.000926386
0.000449564
0.000502812
-0.324467
-0.314203
-0.31535
-0.308166
-0.304842
-0.297794
-0.292186
-0.284766
-0.277318
-0.267829
-0.255761
-0.238174
-0.213834
-0.180329
-0.136935
-0.0898394
-0.0487889
-0.0196931
-0.00300074
0.0050289
0.0071968
0.00713091
0.00553704
0.00425225
0.00272866
0.00186025
0.00127769
0.000900131
0.000432553
0.00049251
-0.32516
-0.314553
-0.315633
-0.308507
-0.305083
-0.298107
-0.292457
-0.285069
-0.277679
-0.268346
-0.256519
-0.239198
-0.215181
-0.182037
-0.138816
-0.0916444
-0.0503441
-0.0209242
-0.00393612
0.00435244
0.00671663
0.00679807
0.00530707
0.00409638
0.00262174
0.00178481
0.00122852
0.000867202
0.000411693
0.000479649
-0.325837
-0.314775
-0.315935
-0.308814
-0.305388
-0.298339
-0.29273
-0.285355
-0.278056
-0.268866
-0.257267
-0.240246
-0.216582
-0.183817
-0.140849
-0.093666
-0.0521488
-0.0223939
-0.00507203
0.00352281
0.00612733
0.0063891
0.00502597
0.00390568
0.00249223
0.00169392
0.00116899
0.000827596
0.000387209
0.000464286
-0.326213
-0.315056
-0.316101
-0.309164
-0.305571
-0.298718
-0.29296
-0.285685
-0.278398
-0.269359
-0.257983
-0.241255
-0.217949
-0.185605
-0.142964
-0.0958576
-0.0541784
-0.0240941
-0.00640578
0.00253925
0.00542752
0.00590264
0.00469308
0.00367952
0.00234003
0.00158767
0.00109904
0.00078136
0.000359333
0.000446524
-0.326232
-0.315276
-0.316129
-0.309468
-0.305805
-0.298958
-0.293197
-0.285961
-0.278713
-0.26979
-0.258621
-0.242179
-0.219231
-0.187337
-0.145105
-0.0981774
-0.0564071
-0.0260108
-0.00793028
0.00140451
0.00461879
0.00533917
0.00430878
0.00341793
0.00216535
0.00146635
0.00101874
0.00072861
0.000328297
0.000426515
-0.325856
-0.315359
-0.316014
-0.309669
-0.30589
-0.299216
-0.293378
-0.286203
-0.278965
-0.270138
-0.25915
-0.242981
-0.220385
-0.188966
-0.147226
-0.100588
-0.058808
-0.0281257
-0.00963355
0.00012585
0.00370546
0.00470113
0.00387457
0.00312168
0.00196874
0.00133041
0.000928327
0.000669533
0.000294324
0.000404452
-0.324797
-0.315296
-0.315681
-0.309735
-0.305878
-0.299349
-0.293493
-0.286367
-0.279134
-0.270377
-0.259545
-0.24363
-0.221376
-0.190456
-0.149294
-0.103058
-0.061353
-0.0304168
-0.0114993
-0.00128573
0.00269443
0.00399279
0.00339299
0.00279227
0.0017511
0.00118053
0.000828172
0.000604386
0.000257626
0.000380569
-0.322868
-0.314978
-0.315081
-0.309602
-0.305735
-0.299359
-0.293493
-0.286427
-0.279193
-0.270485
-0.25978
-0.244104
-0.22218
-0.191782
-0.151279
-0.105557
-0.0640139
-0.0328592
-0.0135079
-0.0028164
0.00159463
0.00321985
0.00286748
0.00243182
0.00151364
0.00101755
0.00071881
0.000533493
0.000218404
0.000355124
-0.3201
-0.314255
-0.31418
-0.309174
-0.305323
-0.299195
-0.293354
-0.286352
-0.279115
-0.270438
-0.259834
-0.244385
-0.222787
-0.192928
-0.153165
-0.108063
-0.0667629
-0.0354264
-0.0156381
-0.00445046
0.000416435
0.00238905
0.00230212
0.00204294
0.00125781
0.000842447
0.000600895
0.000457234
0.000176845
0.000328385
-0.316894
-0.31292
-0.312876
-0.308438
-0.304733
-0.298763
-0.293002
-0.286098
-0.278869
-0.270216
-0.259694
-0.244462
-0.223189
-0.19389
-0.154937
-0.110555
-0.0695732
-0.0380916
-0.0178674
-0.00617135
-0.00082907
0.00150781
0.0017013
0.00162851
0.000985242
0.000656297
0.000475171
0.000376035
0.000133131
0.000300619
-0.313476
-0.310924
-0.311107
-0.307294
-0.303778
-0.298149
-0.292461
-0.285654
-0.278439
-0.269805
-0.25935
-0.244333
-0.22339
-0.194674
-0.156593
-0.113018
-0.0724204
-0.0408288
-0.0201739
-0.00796263
-0.00213084
0.000583629
0.00106961
0.00119158
0.000697639
0.000460224
0.00034245
0.000290353
8.74376e-05
0.000272081
-0.309759
-0.308327
-0.308802
-0.305681
-0.302429
-0.297049
-0.291574
-0.284949
-0.277791
-0.269193
-0.258803
-0.244004
-0.223404
-0.195293
-0.158132
-0.115438
-0.0752823
-0.0436141
-0.0225379
-0.00980916
-0.00347822
-0.000376326
0.000411888
0.000735371
0.000396845
0.000255413
0.000203587
0.000200678
3.99398e-05
0.000243005
-0.305881
-0.305094
-0.305973
-0.303653
-0.300828
-0.295951
-0.290562
-0.284065
-0.276955
-0.268394
-0.258068
-0.243495
-0.223257
-0.195772
-0.159568
-0.117813
-0.0781446
-0.0464285
-0.0249405
-0.011695
-0.00485973
-0.00136474
-0.000267334
0.000263114
8.47748e-05
4.30082e-05
5.93896e-05
0.000107475
-9.19658e-06
0.000213594
-0.301784
-0.301317
-0.302553
-0.301002
-0.298592
-0.294101
-0.288966
-0.282812
-0.275859
-0.267388
-0.257146
-0.242818
-0.222969
-0.196135
-0.160904
-0.12012
-0.0809713
-0.0492344
-0.0273534
-0.0136028
-0.00626714
-0.00237798
-0.000966768
-0.000224222
-0.000237754
-0.000176424
-8.96613e-05
1.10459e-05
-5.98506e-05
0.000184005
-0.297519
-0.297264
-0.298985
-0.298327
-0.296491
-0.29255
-0.287725
-0.281581
-0.274694
-0.26629
-0.256128
-0.242043
-0.222587
-0.196397
-0.162152
-0.122364
-0.0837751
-0.0520575
-0.0298076
-0.0155568
-0.00771443
-0.00342084
-0.00168669
-0.000727953
-0.000571586
-0.000402713
-0.000243118
-8.82712e-05
-0.000111898
0.000154405
-0.293508
-0.292411
-0.294159
-0.294311
-0.293111
-0.289764
-0.28517
-0.279691
-0.273119
-0.264915
-0.254917
-0.241169
-0.22222
-0.196801
-0.163614
-0.124855
-0.0868128
-0.0550448
-0.0323475
-0.017546
-0.00917035
-0.00446475
-0.00240748
-0.00123342
-0.000908861
-0.000631304
-0.000398132
-0.000188772
-0.000164818
0.00012514
-0.288309
-0.288637
-0.290585
-0.291356
-0.290639
-0.287866
-0.283964
-0.278104
-0.271565
-0.263413
-0.253425
-0.239754
-0.220967
-0.195871
-0.163292
-0.125312
-0.0879466
-0.0565603
-0.0339033
-0.0189435
-0.010297
-0.00533004
-0.00303078
-0.0016792
-0.00121104
-0.000839633
-0.000539768
-0.000280935
-0.00021411
9.85507e-05
-0.282613
-0.283725
-0.285867
-0.287151
-0.286782
-0.284259
-0.280178
-0.275231
-0.268934
-0.260895
-0.250913
-0.237282
-0.218639
-0.193895
-0.16205
-0.125093
-0.0886731
-0.0578775
-0.0353878
-0.020333
-0.0114388
-0.00621497
-0.00367129
-0.00213924
-0.00152243
-0.00105059
-0.000681503
-0.000372893
-0.000261829
7.31353e-05
-0.276638
-0.27836
-0.28075
-0.282589
-0.282682
-0.280642
-0.277269
-0.272248
-0.2661
-0.258152
-0.24817
-0.23459
-0.216115
-0.191759
-0.160683
-0.124778
-0.0893339
-0.0591642
-0.036876
-0.0217499
-0.0126191
-0.00714055
-0.0043469
-0.00262759
-0.00185452
-0.00127517
-0.000832183
-0.000470799
-0.000312229
4.66674e-05
-0.27041
-0.27277
-0.275433
-0.277797
-0.278368
-0.276795
-0.273667
-0.269032
-0.263067
-0.25523
-0.245275
-0.231774
-0.213503
-0.189572
-0.159294
-0.12446
-0.0900027
-0.0604691
-0.0383911
-0.0231994
-0.0138336
-0.00809808
-0.005049
-0.00313675
-0.00220205
-0.00151076
-0.000990317
-0.000573682
-0.000365219
1.93052e-05
-0.26388
-0.266984
-0.269933
-0.272778
-0.27382
-0.272685
-0.269922
-0.265592
-0.259825
-0.252121
-0.242217
-0.228823
-0.210789
-0.187319
-0.157866
-0.124121
-0.0906652
-0.0617832
-0.039929
-0.0246801
-0.0150818
-0.00908716
-0.0057775
-0.00366678
-0.00256519
-0.0017575
-0.00115597
-0.000681602
-0.000420862
-8.92118e-06
-0.257092
-0.261023
-0.264276
-0.267556
-0.269064
-0.268367
-0.265981
-0.261951
-0.256394
-0.248839
-0.23901
-0.225749
-0.207983
-0.185007
-0.156401
-0.123757
-0.0913131
-0.063097
-0.0414819
-0.0261869
-0.0163609
-0.0101066
-0.00653228
-0.00421792
-0.00294432
-0.00201566
-0.00132928
-0.000794651
-0.00047919
-3.79665e-05
-0.250122
-0.25492
-0.258498
-0.262174
-0.26414
-0.263883
-0.261861
-0.258139
-0.252803
-0.245412
-0.235681
-0.222578
-0.20511
-0.182654
-0.154909
-0.123372
-0.091944
-0.0644047
-0.0430436
-0.0277142
-0.0176673
-0.0111542
-0.00731218
-0.00478953
-0.00333919
-0.00228517
-0.00151017
-0.000912775
-0.000540195
-6.7764e-05
-0.243021
-0.2487
-0.252627
-0.256666
-0.259079
-0.259256
-0.257596
-0.254184
-0.249077
-0.241864
-0.232254
-0.219333
-0.202189
-0.180278
-0.153403
-0.122969
-0.0925557
-0.0657009
-0.0446081
-0.029257
-0.0189971
-0.0122273
-0.00811569
-0.00538069
-0.00374932
-0.00256579
-0.00169851
-0.00103586
-0.000603848
-9.82389e-05
-0.235839
-0.242386
-0.246687
-0.251059
-0.253904
-0.254511
-0.253211
-0.250108
-0.245238
-0.238218
-0.228752
-0.216036
-0.19924
-0.177893
-0.151891
-0.12255
-0.0931457
-0.0669803
-0.0461695
-0.0308096
-0.0203463
-0.0133229
-0.00894113
-0.00599033
-0.00417415
-0.00285725
-0.0018941
-0.00116378
-0.000670105
-0.000129312
-0.228625
-0.236001
-0.240697
-0.245378
-0.248634
-0.249665
-0.248724
-0.245931
-0.241305
-0.234492
-0.225192
-0.212705
-0.196279
-0.175512
-0.150379
-0.122117
-0.0937117
-0.0682378
-0.0477219
-0.0323667
-0.0217106
-0.0144382
-0.00978661
-0.00661725
-0.00461298
-0.00315918
-0.00209672
-0.00129633
-0.000738899
-0.000160897
-0.221424
-0.229571
-0.234678
-0.239647
-0.24329
-0.244737
-0.244154
-0.241671
-0.237297
-0.230704
-0.221593
-0.209355
-0.193319
-0.173143
-0.148875
-0.121673
-0.0942515
-0.0694686
-0.0492596
-0.0339228
-0.0230855
-0.0155698
-0.01065
-0.00726004
-0.00506498
-0.00347109
-0.00230605
-0.0014333
-0.00081014
-0.000192903
-0.214281
-0.223123
-0.228651
-0.233891
-0.237893
-0.239744
-0.239517
-0.237345
-0.233228
-0.226868
-0.217969
-0.206
-0.190371
-0.170797
-0.147383
-0.121218
-0.0947632
-0.0706683
-0.0507771
-0.0354724
-0.0244666
-0.0167142
-0.0115289
-0.00791709
-0.00552912
-0.00379237
-0.00252172
-0.00157441
-0.000883705
-0.00022523
-0.20724
-0.216687
-0.222637
-0.228135
-0.232463
-0.234703
-0.234831
-0.232968
-0.229116
-0.223001
-0.214333
-0.202653
-0.187446
-0.168479
-0.145907
-0.120753
-0.095245
-0.0718327
-0.0522689
-0.0370098
-0.0258488
-0.0178674
-0.0124207
-0.00858652
-0.00600419
-0.00412226
-0.00274325
-0.0017193
-0.000959443
-0.000257772
-0.200341
-0.210292
-0.21666
-0.222402
-0.227025
-0.229635
-0.230112
-0.228559
-0.224976
-0.219117
-0.210699
-0.199326
-0.184553
-0.166197
-0.144452
-0.120281
-0.0956956
-0.0729582
-0.0537299
-0.0385294
-0.0272271
-0.0190255
-0.0133223
-0.00926618
-0.00648875
-0.00445984
-0.00297007
-0.00186756
-0.00103716
-0.000290413
-0.193622
-0.203972
-0.210741
-0.216719
-0.221604
-0.224559
-0.225381
-0.224136
-0.220826
-0.215232
-0.20708
-0.196029
-0.181701
-0.163957
-0.143021
-0.119801
-0.0961137
-0.0740409
-0.0551547
-0.0400254
-0.0285961
-0.0201837
-0.0142302
-0.00995359
-0.00698109
-0.00480398
-0.00320146
-0.00201869
-0.00111662
-0.000323032
-0.187114
-0.197759
-0.204906
-0.211109
-0.216226
-0.219501
-0.220657
-0.219719
-0.216685
-0.211362
-0.203491
-0.192776
-0.1789
-0.161765
-0.141618
-0.119316
-0.0964985
-0.0750777
-0.0565382
-0.0414917
-0.0299498
-0.0213372
-0.0151406
-0.0106459
-0.00747922
-0.00515333
-0.00343656
-0.0021721
-0.00119753
-0.000355497
-0.180847
-0.191688
-0.199181
-0.205599
-0.21092
-0.214486
-0.215963
-0.215328
-0.212571
-0.207525
-0.199948
-0.189579
-0.17616
-0.159627
-0.140248
-0.118829
-0.0968492
-0.0760654
-0.0578751
-0.0429222
-0.0312822
-0.0224804
-0.0160492
-0.0113399
-0.0079808
-0.00550629
-0.00367434
-0.00232707
-0.00127954
-0.000387664
-0.174848
-0.185793
-0.193595
-0.200213
-0.205717
-0.209543
-0.211326
-0.210989
-0.208509
-0.203743
-0.196467
-0.186452
-0.17349
-0.157551
-0.138914
-0.11834
-0.0971658
-0.077001
-0.0591602
-0.0443103
-0.0325865
-0.0236074
-0.0169511
-0.0120318
-0.00848312
-0.00586095
-0.00391357
-0.00248277
-0.00136223
-0.000419381
-0.169142
-0.18011
-0.188178
-0.194983
-0.200647
-0.204705
-0.206773
-0.206725
-0.204521
-0.200036
-0.193066
-0.183411
-0.170903
-0.155545
-0.137621
-0.117853
-0.0974483
-0.0778818
-0.0603881
-0.0456493
-0.0338555
-0.0247115
-0.0178407
-0.0127173
-0.00898303
-0.0062151
-0.00415279
-0.00263823
-0.00144507
-0.000450479
-0.163754
-0.174673
-0.182963
-0.189937
-0.195746
-0.200006
-0.202336
-0.202568
-0.200636
-0.19643
-0.189767
-0.180471
-0.168411
-0.153617
-0.136377
-0.117372
-0.0976973
-0.0787053
-0.0615536
-0.0469323
-0.0350817
-0.0257857
-0.018712
-0.0133917
-0.00947693
-0.00656613
-0.00439027
-0.00279231
-0.00152747
-0.000480772
-0.158706
-0.169519
-0.177984
-0.185109
-0.191047
-0.195482
-0.19805
-0.198547
-0.196881
-0.19295
-0.186591
-0.177651
-0.166029
-0.151777
-0.135186
-0.116899
-0.0979136
-0.0794691
-0.0626511
-0.048152
-0.0362568
-0.0268221
-0.0195582
-0.0140495
-0.00996068
-0.00691108
-0.00462402
-0.0029437
-0.00160872
-0.000510055
-0.154021
-0.16468
-0.173276
-0.180535
-0.186587
-0.191174
-0.193952
-0.194697
-0.193288
-0.189625
-0.183564
-0.174971
-0.163772
-0.150037
-0.134056
-0.116441
-0.0980985
-0.0801709
-0.0636751
-0.0493005
-0.037372
-0.027812
-0.0203716
-0.0146845
-0.0104296
-0.00724649
-0.00485171
-0.00309088
-0.001688
-0.000538098
-0.14972
-0.160193
-0.168878
-0.176251
-0.182405
-0.187121
-0.190084
-0.191057
-0.189893
-0.186488
-0.180713
-0.172453
-0.161656
-0.148409
-0.132997
-0.116001
-0.0982538
-0.0808085
-0.0646197
-0.0503697
-0.0384178
-0.0287461
-0.0211439
-0.0152899
-0.0108784
-0.00756847
-0.00507068
-0.00323216
-0.00176434
-0.000564643
-0.145826
-0.156093
-0.164829
-0.172299
-0.178542
-0.183368
-0.186491
-0.187669
-0.186733
-0.183571
-0.178067
-0.170122
-0.159702
-0.146907
-0.132017
-0.115585
-0.0983816
-0.0813798
-0.0654788
-0.0513507
-0.0393838
-0.0296141
-0.0218657
-0.015858
-0.011301
-0.00787256
-0.00527788
-0.00336558
-0.00183667
-0.000589396
-0.142365
-0.152417
-0.161172
-0.168722
-0.175044
-0.179963
-0.183221
-0.184578
-0.18385
-0.180914
-0.175661
-0.168006
-0.157932
-0.145547
-0.131127
-0.115201
-0.0984841
-0.0818826
-0.0662458
-0.0522338
-0.0402588
-0.0304047
-0.0225267
-0.0163801
-0.0116908
-0.00815377
-0.00546982
-0.00348893
-0.00190373
-0.000612021
-0.139364
-0.149207
-0.157956
-0.165568
-0.171959
-0.176957
-0.180326
-0.181835
-0.181291
-0.178559
-0.17353
-0.166136
-0.156369
-0.144347
-0.130341
-0.114856
-0.098564
-0.0823142
-0.0669132
-0.0530083
-0.0410302
-0.0311053
-0.0231155
-0.0168467
-0.0120402
-0.00840646
-0.0056426
-0.00359975
-0.00196413
-0.000632136
-0.136857
-0.146509
-0.155235
-0.162895
-0.169344
-0.174407
-0.177865
-0.179498
-0.179109
-0.176551
-0.171718
-0.164547
-0.155042
-0.143329
-0.129672
-0.114559
-0.098624
-0.0826715
-0.0674726
-0.0536619
-0.0416843
-0.0317019
-0.0236191
-0.0172471
-0.0123408
-0.00862431
-0.00579179
-0.00369528
-0.00201631
-0.000649304
-0.13488
-0.144373
-0.153069
-0.160761
-0.167259
-0.172373
-0.175898
-0.177627
-0.177361
-0.174945
-0.170269
-0.163278
-0.153984
-0.142517
-0.129138
-0.114319
-0.0986666
-0.0829504
-0.067914
-0.0541804
-0.0422051
-0.0321788
-0.0240232
-0.0175691
-0.0125832
-0.00880029
-0.00591247
-0.00377242
-0.00205851
-0.000663033
-0.133497
-0.14287
-0.151538
-0.159249
-0.16578
-0.170932
-0.174503
-0.176297
-0.176116
-0.173801
-0.169238
-0.162376
-0.153233
-0.141941
-0.128758
-0.114147
-0.0986942
-0.0831456
-0.0682251
-0.0545471
-0.0425745
-0.0325183
-0.0243117
-0.0177995
-0.0127569
-0.00892658
-0.00599916
-0.00382774
-0.00208882
-0.000672747
-0.132741
-0.142062
-0.150714
-0.158435
-0.164985
-0.170158
-0.173755
-0.175583
-0.175448
-0.173188
-0.168687
-0.161894
-0.152831
-0.141633
-0.128555
-0.114054
-0.0987082
-0.0832493
-0.0683912
-0.0547428
-0.0427716
-0.0326998
-0.0244663
-0.0179231
-0.0128502
-0.00899445
-0.00604582
-0.0038574
-0.0021051
-0.000677738
-0.125164
-0.134629
-0.143915
-0.153005
-0.161886
-0.170561
-0.179036
-0.18732
-0.195422
-0.203349
-0.211113
-0.21872
-0.226182
-0.233499
-0.240664
-0.24771
-0.254469
-0.261362
-0.267425
-0.275395
-0.121953
-0.131104
-0.140076
-0.148868
-0.157476
-0.165902
-0.174152
-0.182232
-0.190147
-0.197903
-0.205506
-0.212963
-0.220271
-0.227451
-0.234446
-0.241412
-0.247973
-0.255057
-0.261016
-0.26931
-0.118837
-0.127627
-0.136248
-0.144702
-0.152991
-0.161115
-0.169077
-0.176881
-0.18453
-0.192029
-0.19938
-0.206596
-0.213659
-0.22063
-0.227394
-0.234248
-0.240651
-0.247744
-0.253762
-0.261771
-0.11579
-0.124245
-0.132552
-0.140713
-0.148727
-0.156595
-0.164318
-0.171899
-0.179341
-0.18665
-0.193823
-0.200883
-0.207797
-0.214663
-0.221311
-0.228116
-0.234453
-0.241409
-0.247491
-0.254943
-0.112841
-0.120976
-0.128981
-0.136858
-0.144606
-0.152225
-0.159718
-0.167089
-0.174336
-0.181472
-0.188485
-0.195412
-0.202196
-0.208968
-0.215508
-0.222209
-0.228457
-0.235168
-0.241231
-0.248199
-0.109996
-0.117815
-0.125518
-0.133109
-0.140585
-0.147948
-0.155199
-0.162343
-0.169376
-0.176315
-0.183138
-0.189894
-0.196507
-0.203118
-0.2095
-0.216012
-0.222149
-0.228594
-0.234647
-0.241297
-0.10725
-0.114758
-0.122163
-0.129467
-0.13667
-0.143774
-0.150777
-0.157685
-0.164492
-0.171216
-0.17783
-0.184385
-0.190804
-0.197218
-0.203434
-0.209736
-0.215775
-0.221987
-0.228009
-0.234409
-0.104605
-0.111807
-0.118918
-0.12594
-0.132873
-0.139717
-0.146471
-0.153141
-0.159718
-0.16622
-0.172621
-0.178969
-0.185195
-0.191407
-0.197464
-0.203558
-0.209482
-0.21547
-0.221386
-0.227547
-0.102059
-0.108964
-0.115787
-0.122532
-0.129197
-0.135783
-0.142289
-0.148718
-0.155064
-0.161342
-0.167529
-0.173664
-0.179696
-0.185698
-0.191585
-0.197463
-0.203231
-0.208993
-0.214753
-0.220688
-0.0996146
-0.106229
-0.112771
-0.119243
-0.125644
-0.131976
-0.138234
-0.144423
-0.150536
-0.156586
-0.162556
-0.168472
-0.174301
-0.180086
-0.185784
-0.191441
-0.19703
-0.202575
-0.208159
-0.213871
-0.0972709
-0.103604
-0.109872
-0.116077
-0.122219
-0.128298
-0.134311
-0.140261
-0.146142
-0.151963
-0.157712
-0.163404
-0.169024
-0.17459
-0.180088
-0.18553
-0.190926
-0.19626
-0.20165
-0.207135
-0.0950278
-0.101088
-0.10709
-0.113036
-0.118924
-0.124756
-0.130527
-0.136239
-0.141889
-0.147481
-0.153009
-0.158478
-0.163885
-0.169233
-0.174525
-0.179753
-0.184947
-0.190068
-0.195252
-0.20051
-0.0928855
-0.0986825
-0.104427
-0.11012
-0.115762
-0.121351
-0.126885
-0.132364
-0.137786
-0.143151
-0.148458
-0.153707
-0.158899
-0.16403
-0.169112
-0.174126
-0.179111
-0.18402
-0.188991
-0.194024
-0.0908429
-0.0963873
-0.101883
-0.107333
-0.112735
-0.118088
-0.123391
-0.128641
-0.133838
-0.138981
-0.144069
-0.1491
-0.154077
-0.158994
-0.163863
-0.168665
-0.173439
-0.178138
-0.182892
-0.187701
-0.0889003
-0.0942028
-0.0994598
-0.104674
-0.109844
-0.11497
-0.120047
-0.125076
-0.130053
-0.134978
-0.13985
-0.144667
-0.149432
-0.154138
-0.158797
-0.16339
-0.167952
-0.172443
-0.176978
-0.181564
-0.0870602
-0.0921303
-0.0971581
-0.102146
-0.107093
-0.111999
-0.116859
-0.121672
-0.126436
-0.131149
-0.135812
-0.14042
-0.144977
-0.149476
-0.153928
-0.158315
-0.162669
-0.166953
-0.171273
-0.175636
-0.0853222
-0.0901697
-0.0949786
-0.0997501
-0.104484
-0.109177
-0.113828
-0.118434
-0.122992
-0.127501
-0.13196
-0.136366
-0.140722
-0.14502
-0.149269
-0.153456
-0.157607
-0.16169
-0.165798
-0.169942
-0.0836848
-0.0883208
-0.0929214
-0.0974871
-0.102017
-0.106509
-0.110959
-0.115366
-0.119727
-0.124039
-0.128303
-0.132515
-0.136675
-0.14078
-0.144835
-0.148828
-0.152782
-0.15667
-0.160573
-0.164503
-0.0821494
-0.0865852
-0.0909885
-0.0953588
-0.0996951
-0.103995
-0.108255
-0.112472
-0.116645
-0.120771
-0.124848
-0.128873
-0.132848
-0.136767
-0.140636
-0.144444
-0.148209
-0.15191
-0.155617
-0.159342
-0.0807159
-0.0849632
-0.0891805
-0.0933668
-0.0975204
-0.101639
-0.105719
-0.109757
-0.113752
-0.117701
-0.121601
-0.12545
-0.129249
-0.132992
-0.136685
-0.140316
-0.143904
-0.147428
-0.150948
-0.154478
-0.0793854
-0.0834564
-0.0874995
-0.0915131
-0.0954954
-0.0994437
-0.103355
-0.107225
-0.111053
-0.114835
-0.118569
-0.122253
-0.125886
-0.129465
-0.132991
-0.136458
-0.139878
-0.143236
-0.146582
-0.149928
-0.0781594
-0.0820666
-0.0859477
-0.0898006
-0.0936235
-0.0974134
-0.101167
-0.104881
-0.108553
-0.11218
-0.11576
-0.11929
-0.12277
-0.126195
-0.129568
-0.132882
-0.136148
-0.139352
-0.142536
-0.145711
-0.0770402
-0.0807963
-0.0845278
-0.0882326
-0.0919083
-0.095552
-0.0991604
-0.10273
-0.106259
-0.109743
-0.113181
-0.11657
-0.119908
-0.123193
-0.126426
-0.1296
-0.132724
-0.135788
-0.138825
-0.141845
-0.0760316
-0.0796498
-0.083245
-0.0868145
-0.0903559
-0.0938663
-0.0973424
-0.100781
-0.104179
-0.107534
-0.110843
-0.114103
-0.117314
-0.120473
-0.123579
-0.126628
-0.129625
-0.132563
-0.135468
-0.138348
-0.0751363
-0.0786303
-0.0821024
-0.08555
-0.0889705
-0.092361
-0.0957182
-0.0990388
-0.10232
-0.105559
-0.108753
-0.1119
-0.114998
-0.118045
-0.121039
-0.123978
-0.126865
-0.129693
-0.132483
-0.135242
-0.0743639
-0.0777484
-0.0811122
-0.0844522
-0.087766
-0.0910507
-0.0943032
-0.0975202
-0.100699
-0.103836
-0.10693
-0.109978
-0.112979
-0.115929
-0.118827
-0.121672
-0.124464
-0.1272
-0.129893
-0.132548
-0.0737138
-0.0770031
-0.0802726
-0.0835197
-0.0867419
-0.0899362
-0.0930995
-0.0962288
-0.0993211
-0.102374
-0.105384
-0.108351
-0.11127
-0.114142
-0.116963
-0.119732
-0.122449
-0.125111
-0.127728
-0.1303
-0.0732139
-0.0764257
-0.0796182
-0.0827882
-0.0859336
-0.0890519
-0.0921404
-0.0951961
-0.0982164
-0.101199
-0.104141
-0.10704
-0.109895
-0.112704
-0.115464
-0.118175
-0.120836
-0.123444
-0.126005
-0.128519
-0.0728422
-0.0759926
-0.0791255
-0.0822385
-0.0853289
-0.0883939
-0.0914305
-0.0944359
-0.0974074
-0.100343
-0.10324
-0.106096
-0.108909
-0.111679
-0.114402
-0.117077
-0.119703
-0.122278
-0.124806
-0.127283
-0.072675
-0.0757794
-0.0788645
-0.0819284
-0.0849698
-0.0879872
-0.0909785
-0.0939412
-0.096873
-0.0997717
-0.102635
-0.105462
-0.10825
-0.110998
-0.113704
-0.116367
-0.118986
-0.121558
-0.124086
-0.126567
0.0967175
0.0856595
0.0745204
0.0635031
0.0520281
0.0403263
0.0285945
0.0168567
0.00512673
-0.00655967
-0.0181583
-0.0296377
-0.0409703
-0.0521284
-0.0630885
-0.0738975
-0.084856
-0.0954224
-0.1056
-0.115502
0.0920182
0.0804888
0.068916
0.0581699
0.0471231
0.0358613
0.0246237
0.0134169
0.00223217
-0.00890089
-0.0199491
-0.0308899
-0.0417046
-0.0523886
-0.0629502
-0.0733673
-0.0834014
-0.0933568
-0.103102
-0.112622
0.0862831
0.0749772
0.0634059
0.0530965
0.0426386
0.0318866
0.02115
0.01047
-0.000182
-0.0107861
-0.0213102
-0.0317289
-0.0420228
-0.0521783
-0.0621836
-0.0720142
-0.0817225
-0.0913247
-0.100711
-0.109871
0.0802277
0.0694739
0.0580492
0.0480926
0.0381872
0.0279402
0.0176853
0.00751781
-0.00260608
-0.0126855
-0.0226911
-0.0325981
-0.0423908
-0.0520634
-0.0616112
-0.0710201
-0.0802448
-0.0893902
-0.0983791
-0.107175
0.0740986
0.0639642
0.0528232
0.0432118
0.0338536
0.024141
0.0143703
0.00469827
-0.00491494
-0.0144884
-0.0239977
-0.0334156
-0.0427274
-0.0519285
-0.0610118
-0.0699646
-0.078776
-0.0875175
-0.0961254
-0.104564
0.0680077
0.058495
0.0477492
0.0384867
0.0296406
0.0204622
0.0111715
0.00197486
-0.00714683
-0.0162291
-0.0252573
-0.0342028
-0.0430512
-0.0518003
-0.0604453
-0.0689778
-0.0773848
-0.0857286
-0.0939615
-0.10205
0.0620158
0.0531013
0.0428276
0.0339291
0.0255609
0.0169087
0.0080983
-0.000637968
-0.00928849
-0.017897
-0.0264611
-0.0349532
-0.043358
-0.0516742
-0.0598985
-0.0680246
-0.076045
-0.0840107
-0.0918818
-0.0996293
0.0561725
0.0478265
0.0380706
0.0295514
0.0216297
0.0134843
0.00514897
-0.00314105
-0.011342
-0.0194965
-0.0276139
-0.0356708
-0.0436513
-0.0515538
-0.0593762
-0.0671145
-0.0747635
-0.0823651
-0.089886
-0.0973007
0.0505149
0.0427047
0.0334869
0.0253578
0.0178556
0.010192
0.00232236
-0.00553385
-0.0133057
-0.0210269
-0.0287158
-0.0363558
-0.0439312
-0.0514389
-0.0588777
-0.0662449
-0.0735371
-0.0807894
-0.0879726
-0.0950643
0.0450673
0.0377601
0.0290843
0.021351
0.0142454
0.00703634
-0.000381854
-0.00781707
-0.015179
-0.0224884
-0.0297683
-0.0370098
-0.0441988
-0.0513304
-0.0584034
-0.0654159
-0.0723661
-0.0792832
-0.086141
-0.09292
0.0398456
0.0330098
0.0248694
0.0175324
0.0108031
0.00402065
-0.0029641
-0.00999216
-0.0169625
-0.0238813
-0.0307723
-0.037634
-0.0444548
-0.0512285
-0.057953
-0.0646269
-0.0712492
-0.0778453
-0.0843902
-0.0908673
0.0348606
0.0284662
0.0208471
0.0139026
0.00753107
0.00114761
-0.00542444
-0.0120607
-0.018657
-0.0252059
-0.0317286
-0.0382294
-0.0447
-0.0511335
-0.0575266
-0.0638777
-0.0701865
-0.0764754
-0.0827196
-0.0889053
0.03012
0.0241378
0.017021
0.0104615
0.00443016
-0.00158109
-0.00776299
-0.0140242
-0.0202638
-0.0264628
-0.0326377
-0.0387967
-0.044935
-0.0510454
-0.0571235
-0.0631668
-0.0691756
-0.0751715
-0.0811276
-0.0870335
0.0256285
0.0200304
0.0133933
0.00720835
0.00150029
-0.00416452
-0.00997996
-0.0158844
-0.0217845
-0.0276529
-0.0335004
-0.039337
-0.045161
-0.0509658
-0.0567458
-0.0624976
-0.0682205
-0.0739273
-0.079607
-0.0852482
0.021389
0.0161473
0.00996486
0.00414169
-0.00125946
-0.00660246
-0.0120756
-0.0176426
-0.0232206
-0.0287769
-0.0343167
-0.0398502
-0.0453783
-0.0508958
-0.0563979
-0.0618803
-0.067337
-0.0727512
-0.0781607
-0.0835503
0.0174025
0.0124905
0.00673586
0.0012596
-0.0038507
-0.00889523
-0.0140504
-0.0193001
-0.0245736
-0.0298359
-0.0350868
-0.0403352
-0.0455834
-0.0508268
-0.0560594
-0.0612759
-0.0664709
-0.0716382
-0.0768008
-0.0819473
0.0136687
0.00906053
0.00370566
-0.00144023
-0.00627555
-0.0110437
-0.0159048
-0.0208579
-0.025845
-0.0308309
-0.0358111
-0.0407926
-0.045778
-0.0507638
-0.0557443
-0.0607136
-0.0656667
-0.0705977
-0.0755238
-0.080437
0.0101864
0.00585717
0.000873219
-0.00396033
-0.0085365
-0.0130491
-0.0176395
-0.0223172
-0.0270362
-0.0317632
-0.0364905
-0.0412226
-0.0459621
-0.0507061
-0.055449
-0.0601852
-0.0649097
-0.069618
-0.0743222
-0.0790155
0.00695378
0.00287948
-0.00176277
-0.00630327
-0.0106363
-0.0149132
-0.0192553
-0.0236789
-0.0281484
-0.0326339
-0.0371257
-0.0416258
-0.0461362
-0.0506545
-0.0551755
-0.0596937
-0.0642041
-0.0687026
-0.0731978
-0.0776839
0.00396883
0.000126195
-0.00420365
-0.0084715
-0.0125776
-0.0166377
-0.0207533
-0.0249438
-0.0291829
-0.0334444
-0.0377178
-0.0420029
-0.0463008
-0.0506093
-0.0549236
-0.0592384
-0.0635487
-0.0678505
-0.07215
-0.0764418
0.00122955
-0.00240397
-0.00645062
-0.0104671
-0.014363
-0.0182245
-0.0221345
-0.0261128
-0.0301406
-0.0341958
-0.0382677
-0.0423546
-0.0464564
-0.050571
-0.0546938
-0.0588198
-0.062944
-0.0670626
-0.0711796
-0.0752902
-0.00126564
-0.00471203
-0.0085045
-0.0122918
-0.0159946
-0.0196755
-0.0233999
-0.0271866
-0.0310222
-0.0348889
-0.0387763
-0.0426816
-0.0466037
-0.0505402
-0.0544868
-0.0584387
-0.062391
-0.0663399
-0.0702877
-0.0742303
-0.0035175
-0.00679836
-0.0103654
-0.0139464
-0.017474
-0.0209919
-0.0245504
-0.0281656
-0.0318283
-0.0355244
-0.0392444
-0.0429847
-0.0467432
-0.0505173
-0.054303
-0.0580955
-0.0618903
-0.0656834
-0.0694759
-0.073264
-0.00552548
-0.00866225
-0.0120325
-0.0154307
-0.0188017
-0.0221747
-0.0255864
-0.02905
-0.0325593
-0.0361031
-0.0396731
-0.0432652
-0.0468768
-0.0505047
-0.0541452
-0.0577937
-0.0614455
-0.0650968
-0.0687476
-0.0723948
-0.00728724
-0.0103015
-0.0135034
-0.0167432
-0.0199772
-0.0232233
-0.0265075
-0.0298393
-0.0332145
-0.0366244
-0.0400618
-0.0435224
-0.0470031
-0.0505007
-0.0540114
-0.0575308
-0.0610547
-0.0645793
-0.0681037
-0.0716249
-0.00879783
-0.0117115
-0.014774
-0.0178808
-0.0209986
-0.0241373
-0.0273137
-0.0305342
-0.0337956
-0.0370913
-0.040415
-0.0437626
-0.0471306
-0.0505156
-0.0539137
-0.0573207
-0.0607321
-0.0641439
-0.067555
-0.0709636
-0.0100487
-0.0128845
-0.0158367
-0.0188365
-0.0218597
-0.0249104
-0.0279983
-0.031127
-0.0342939
-0.0374936
-0.0407212
-0.0439724
-0.0472438
-0.0505319
-0.0538331
-0.0571434
-0.0604592
-0.0637768
-0.0670943
-0.0704086
-0.0110279
-0.0138103
-0.0166838
-0.0196062
-0.0225605
-0.0255473
-0.0285708
-0.0316323
-0.0347292
-0.0378572
-0.0410119
-0.0441894
-0.0473861
-0.0505984
-0.0538225
-0.0570543
-0.0602896
-0.0635245
-0.0667574
-0.0699885
-0.0117123
-0.0144648
-0.0172888
-0.0201599
-0.0230666
-0.0260075
-0.0289836
-0.0319948
-0.0350386
-0.0381115
-0.0412098
-0.0443301
-0.0474687
-0.0506226
-0.0537881
-0.0569619
-0.0601407
-0.0633213
-0.0665011
-0.0696767
-0.0120857
-0.0148426
-0.0176627
-0.0205297
-0.0234333
-0.0263697
-0.0293379
-0.0323366
-0.0353632
-0.0384146
-0.0414872
-0.0445777
-0.0476828
-0.0507991
-0.0539234
-0.0570522
-0.0601821
-0.0633098
-0.0664341
-0.0695572
0.106341
0.107772
0.109953
0.113003
0.116299
0.119967
0.123267
0.126407
0.128454
0.129837
0.129328
0.12778
0.123499
0.117844
0.10736
0.105407
0.106731
0.108735
0.111524
0.114484
0.117725
0.120526
0.123069
0.124476
0.125098
0.123875
0.121439
0.116555
0.109902
0.100799
0.104405
0.105615
0.107431
0.109941
0.112549
0.115344
0.117636
0.119577
0.120359
0.12026
0.118404
0.11521
0.109919
0.102811
0.0942433
0.103329
0.10442
0.106037
0.108254
0.110494
0.112826
0.114599
0.115924
0.116088
0.115278
0.112827
0.108944
0.103293
0.0958768
0.0874384
0.102177
0.103143
0.104554
0.106464
0.108329
0.110184
0.111436
0.112144
0.111706
0.110209
0.107198
0.102715
0.0967256
0.0891221
0.0807602
0.100947
0.101782
0.102979
0.104573
0.106053
0.107425
0.108157
0.108253
0.107233
0.10509
0.101557
0.0965694
0.0902816
0.0825899
0.0743228
0.0996342
0.100334
0.101312
0.102578
0.103669
0.104551
0.104767
0.104264
0.102683
0.0999426
0.0959287
0.0905248
0.0839883
0.0762696
0.0681129
0.098238
0.0987985
0.0995501
0.10048
0.101178
0.101567
0.101274
0.100191
0.0980731
0.0947863
0.0903345
0.0845906
0.0778577
0.0701459
0.0621128
0.0967564
0.0971728
0.0976939
0.0982817
0.0985823
0.0984827
0.0976883
0.0960497
0.0934209
0.0896416
0.084797
0.0787782
0.0718998
0.064219
0.0563244
0.0951885
0.095457
0.0957438
0.0959848
0.0958882
0.0953058
0.0940219
0.0918565
0.088747
0.0845284
0.079339
0.0731011
0.0661253
0.0584977
0.0507558
0.0935344
0.0936518
0.0937015
0.0935942
0.0931019
0.0920477
0.0902887
0.0876292
0.0840726
0.0794665
0.0739813
0.0675735
0.0605443
0.0529922
0.0454148
0.0917951
0.0917593
0.0915702
0.0911158
0.0902316
0.0887206
0.0865046
0.0833864
0.0794193
0.0744753
0.0687433
0.06221
0.0551663
0.0477117
0.0403085
0.0899728
0.089783
0.0893545
0.0885575
0.0872876
0.0853386
0.0826869
0.0791471
0.0748089
0.0695744
0.0636428
0.0570247
0.0500002
0.0426637
0.0354427
0.0880714
0.087728
0.0870608
0.0859286
0.084282
0.0819169
0.0788544
0.0749311
0.070263
0.0647833
0.0586965
0.052031
0.0450545
0.0378544
0.0308224
0.0860962
0.0856013
0.0846974
0.0832404
0.0812291
0.0784726
0.0750273
0.0707591
0.0658026
0.060121
0.0539199
0.0472408
0.0403373
0.0332889
0.0264511
0.0840546
0.0834119
0.082275
0.0805061
0.0781452
0.0750239
0.0712267
0.0666522
0.0614486
0.0556058
0.0493276
0.042665
0.0358554
0.0289711
0.0223307
0.0819564
0.081171
0.0798065
0.077741
0.0750487
0.071591
0.0674744
0.0626321
0.0572213
0.0512553
0.0449334
0.0383135
0.0316152
0.0249039
0.0184624
0.0798135
0.0788923
0.0773076
0.0749626
0.0719599
0.0681954
0.0637933
0.0587207
0.0531406
0.0470864
0.0407503
0.0341951
0.0276219
0.0210895
0.0148462
0.0776409
0.0765919
0.0747965
0.072191
0.0689012
0.0648602
0.0602071
0.0549402
0.0492262
0.0431152
0.0367904
0.0303179
0.0238801
0.0175295
0.0114816
0.0754565
0.0742891
0.0722943
0.0694485
0.0658968
0.0616101
0.05674
0.0513132
0.0454978
0.0393575
0.0330656
0.0266898
0.0203939
0.0142252
0.00836805
0.0732818
0.072006
0.0698254
0.0667603
0.0629732
0.0584715
0.0534172
0.0478624
0.0419747
0.0358288
0.0295872
0.023318
0.0171676
0.0111778
0.00550481
0.0711416
0.0697681
0.067417
0.0641545
0.0601591
0.0554724
0.0502652
0.0446113
0.0386768
0.0325448
0.0263667
0.0202104
0.0142054
0.008389
0.00289171
0.0690647
0.0676044
0.0650997
0.061662
0.0574853
0.0526426
0.0473115
0.0415843
0.0356246
0.0295218
0.0234164
0.0173752
0.0115125
0.00586142
0.000529437
0.0670841
0.065548
0.0629076
0.0593171
0.0549857
0.0500142
0.0445854
0.0388072
0.0328397
0.0267771
0.0207495
0.014822
0.00909546
0.00359894
-0.00158
0.0652369
0.0636361
0.0608785
0.0571577
0.052697
0.0476216
0.0421186
0.0363077
0.0303459
0.0243299
0.0183811
0.0125625
0.00696261
0.0016075
-0.00343265
0.063565
0.0619102
0.0590542
0.0552252
0.0506595
0.0455028
0.0399454
0.0341165
0.0281692
0.0222025
0.0163294
0.0106108
0.00512526
-0.000104217
-0.00502184
0.0621148
0.0604165
0.0574811
0.0535654
0.0489174
0.0436996
0.0381043
0.0322678
0.02634
0.0204207
0.0146161
0.00898549
0.00359853
-0.00152378
-0.00633739
0.0609377
0.0592064
0.0562102
0.052229
0.0475201
0.0422589
0.0366389
0.0308015
0.0248938
0.0190158
0.0132687
0.00771
0.00240281
-0.00263357
-0.00736437
0.0600903
0.058336
0.0552979
0.0512721
0.0465226
0.0412336
0.0355992
0.0297642
0.0238732
0.0180267
0.0123218
0.00681516
0.00156511
-0.00340975
-0.00808053
0.0596343
0.057868
0.0548069
0.0507581
0.0459874
0.0406847
0.0350436
0.0292113
0.0233302
0.0175017
0.0118199
0.00634171
0.0011224
-0.00381967
-0.00846006
0.118489
0.120639
0.124057
0.129123
0.135179
0.142497
0.150641
0.159757
0.169556
0.180134
0.191225
0.202889
0.21485
0.227185
0.239581
0.118422
0.120569
0.12398
0.129036
0.135077
0.142379
0.150495
0.159583
0.169341
0.179876
0.190907
0.202508
0.214388
0.226639
0.23892
0.118289
0.120427
0.123826
0.128863
0.134876
0.142145
0.150205
0.159236
0.168913
0.179359
0.190272
0.201746
0.213463
0.225546
0.237595
0.11809
0.120216
0.123596
0.128604
0.134573
0.141793
0.14977
0.158718
0.168273
0.178588
0.189322
0.200607
0.212077
0.223905
0.235605
0.117826
0.119936
0.123291
0.128261
0.134176
0.141328
0.149195
0.158031
0.167424
0.177565
0.188061
0.199092
0.21023
0.221715
0.232949
0.117498
0.119589
0.122913
0.127834
0.133674
0.140744
0.14848
0.157178
0.166369
0.176294
0.186492
0.197206
0.207925
0.218979
0.229628
0.117107
0.119176
0.122463
0.127328
0.133096
0.140054
0.147629
0.156162
0.165111
0.174778
0.184617
0.194952
0.205166
0.215702
0.225648
0.116655
0.118698
0.121943
0.12674
0.132387
0.139244
0.146645
0.154986
0.163654
0.173023
0.182442
0.192336
0.201957
0.211891
0.221017
0.116145
0.118158
0.121356
0.126088
0.131658
0.138328
0.145532
0.153654
0.162003
0.171032
0.17997
0.189365
0.198306
0.207555
0.215747
0.115577
0.117558
0.120704
0.125348
0.130773
0.137304
0.144295
0.15217
0.160163
0.168811
0.177208
0.186046
0.194219
0.202706
0.209853
0.114954
0.1169
0.11999
0.124544
0.129842
0.136186
0.142938
0.150536
0.158138
0.166364
0.17416
0.182387
0.189706
0.197357
0.203352
0.114279
0.116188
0.119217
0.123655
0.128811
0.134967
0.141466
0.148756
0.155936
0.163696
0.170836
0.178397
0.184774
0.191525
0.196264
0.113553
0.115423
0.118388
0.122721
0.127705
0.133656
0.139883
0.146836
0.153563
0.160812
0.167242
0.174083
0.179435
0.185227
0.188611
0.11278
0.114609
0.117512
0.121718
0.126522
0.132255
0.138193
0.144779
0.151025
0.157716
0.163389
0.169454
0.173699
0.178484
0.180412
0.111962
0.11375
0.116558
0.120639
0.125273
0.13077
0.136401
0.14259
0.148328
0.154412
0.159288
0.164515
0.167579
0.171317
0.171687
0.111102
0.112852
0.115606
0.119507
0.123959
0.129205
0.134512
0.140276
0.145483
0.150907
0.154953
0.159272
0.161093
0.163741
0.162444
0.110204
0.1119
0.114551
0.118322
0.122583
0.127563
0.132526
0.137836
0.142484
0.147199
0.15039
0.15372
0.154265
0.15577
0.152691
0.10927
0.110927
0.113475
0.117092
0.121152
0.125857
0.130464
0.135303
0.139367
0.143325
0.145626
0.14787
0.147116
0.14738
0.142409
0.108299
0.109904
0.112352
0.115811
0.119651
0.124051
0.128267
0.132592
0.136038
0.139205
0.140618
0.141704
0.139715
0.138543
0.13161
0.107307
0.108851
0.111212
0.114537
0.118186
0.122328
0.126182
0.130028
0.132828
0.135144
0.135532
0.135328
0.131954
0.129154
0.120233
0.107307
0.108851
0.111212
0.114537
0.118186
0.122328
0.126183
0.130028
0.132828
0.135144
0.135532
0.135328
0.131954
0.129154
0.120233
0.108299
0.109904
0.112352
0.115811
0.119651
0.124051
0.128267
0.132592
0.136038
0.139205
0.140618
0.141704
0.139715
0.138543
0.13161
0.10927
0.110927
0.113475
0.117092
0.121152
0.125857
0.130464
0.135303
0.139367
0.143325
0.145626
0.14787
0.147116
0.14738
0.142409
0.110204
0.1119
0.114551
0.118322
0.122583
0.127563
0.132526
0.137836
0.142484
0.147199
0.15039
0.15372
0.154265
0.15577
0.152691
0.111102
0.112852
0.115606
0.119507
0.123959
0.129205
0.134512
0.140276
0.145483
0.150907
0.154953
0.159272
0.161093
0.163741
0.162444
0.111962
0.11375
0.116558
0.120639
0.125273
0.13077
0.136401
0.14259
0.148328
0.154412
0.159288
0.164515
0.167579
0.171317
0.171687
0.11278
0.114609
0.117512
0.121718
0.126522
0.132255
0.138193
0.144779
0.151025
0.157716
0.163389
0.169454
0.173699
0.178484
0.180412
0.113553
0.115423
0.118389
0.122721
0.127705
0.133656
0.139883
0.146836
0.153563
0.160812
0.167242
0.174083
0.179435
0.185227
0.188611
0.114279
0.116188
0.119217
0.123655
0.128811
0.134967
0.141466
0.148757
0.155936
0.163696
0.170836
0.178397
0.184774
0.191525
0.196264
0.114954
0.1169
0.11999
0.124544
0.129842
0.136186
0.142938
0.150536
0.158138
0.166364
0.17416
0.182387
0.189706
0.197357
0.203352
0.115577
0.117558
0.120704
0.125348
0.130773
0.137304
0.144295
0.15217
0.160163
0.168811
0.177208
0.186046
0.194219
0.202706
0.209853
0.116145
0.118158
0.121356
0.126088
0.131658
0.138328
0.145532
0.153654
0.162003
0.171032
0.17997
0.189365
0.198306
0.207555
0.215747
0.116655
0.118698
0.121943
0.12674
0.132387
0.139244
0.146645
0.154986
0.163655
0.173023
0.182442
0.192336
0.201957
0.211891
0.221017
0.117107
0.119176
0.122463
0.127328
0.133096
0.140054
0.147629
0.156162
0.165111
0.174778
0.184617
0.194952
0.205166
0.215702
0.225648
0.117498
0.119589
0.122913
0.127834
0.133674
0.140744
0.14848
0.157178
0.166369
0.176294
0.186492
0.197206
0.207925
0.218979
0.229628
0.117826
0.119936
0.123291
0.128261
0.134176
0.141328
0.149195
0.158031
0.167424
0.177565
0.188061
0.199092
0.21023
0.221715
0.232949
0.11809
0.120216
0.123596
0.128604
0.134573
0.141793
0.14977
0.158718
0.168273
0.178588
0.189322
0.200607
0.212077
0.223905
0.235605
0.118289
0.120427
0.123826
0.128863
0.134876
0.142145
0.150205
0.159236
0.168913
0.179359
0.190272
0.201746
0.213464
0.225546
0.237595
0.118422
0.120569
0.12398
0.129036
0.135077
0.142379
0.150495
0.159583
0.169341
0.179876
0.190907
0.202508
0.214388
0.226639
0.23892
0.118489
0.120639
0.124057
0.129123
0.135179
0.142497
0.150641
0.159757
0.169556
0.180134
0.191225
0.202889
0.21485
0.227185
0.239581
0.0596343
0.057868
0.0548069
0.0507581
0.0459874
0.0406847
0.0350436
0.0292113
0.0233302
0.0175017
0.0118199
0.00634173
0.00112242
-0.00381965
-0.00846004
0.0600904
0.058336
0.0552979
0.0512721
0.0465226
0.0412336
0.0355992
0.0297643
0.0238733
0.0180268
0.0123218
0.00681518
0.00156513
-0.00340973
-0.00808051
0.0609377
0.0592064
0.0562102
0.052229
0.0475201
0.0422589
0.0366389
0.0308016
0.0248938
0.0190159
0.0132687
0.00771002
0.00240283
-0.00263355
-0.00736435
0.0621148
0.0604165
0.0574811
0.0535654
0.0489174
0.0436996
0.0381043
0.0322679
0.02634
0.0204207
0.0146161
0.00898551
0.00359855
-0.00152376
-0.00633737
0.063565
0.0619102
0.0590543
0.0552252
0.0506595
0.0455028
0.0399454
0.0341165
0.0281693
0.0222025
0.0163294
0.0106109
0.00512528
-0.000104198
-0.00502182
0.0652369
0.0636361
0.0608785
0.0571577
0.052697
0.0476216
0.0421186
0.0363078
0.0303459
0.02433
0.0183811
0.0125625
0.00696263
0.00160752
-0.00343263
0.0670841
0.065548
0.0629076
0.0593172
0.0549857
0.0500142
0.0445854
0.0388072
0.0328398
0.0267771
0.0207495
0.014822
0.00909548
0.00359896
-0.00157999
0.0690647
0.0676044
0.0650997
0.061662
0.0574853
0.0526426
0.0473115
0.0415844
0.0356246
0.0295218
0.0234164
0.0173752
0.0115126
0.00586144
0.000529456
0.0711416
0.0697681
0.067417
0.0641545
0.0601591
0.0554724
0.0502652
0.0446113
0.0386768
0.0325449
0.0263667
0.0202104
0.0142054
0.00838902
0.00289173
0.0732818
0.072006
0.0698254
0.0667603
0.0629732
0.0584715
0.0534172
0.0478624
0.0419747
0.0358289
0.0295872
0.023318
0.0171676
0.0111778
0.00550483
0.0754565
0.0742892
0.0722943
0.0694485
0.0658968
0.0616101
0.05674
0.0513132
0.0454978
0.0393575
0.0330656
0.0266898
0.0203939
0.0142252
0.00836807
0.0776409
0.076592
0.0747965
0.072191
0.0689012
0.0648602
0.0602071
0.0549403
0.0492263
0.0431152
0.0367904
0.030318
0.0238801
0.0175296
0.0114817
0.0798135
0.0788923
0.0773076
0.0749627
0.0719599
0.0681954
0.0637934
0.0587207
0.0531406
0.0470864
0.0407503
0.0341951
0.0276219
0.0210896
0.0148462
0.0819564
0.081171
0.0798066
0.077741
0.0750487
0.071591
0.0674744
0.0626321
0.0572213
0.0512553
0.0449334
0.0383135
0.0316152
0.0249039
0.0184624
0.0840547
0.0834119
0.082275
0.0805061
0.0781452
0.075024
0.0712267
0.0666522
0.0614486
0.0556058
0.0493276
0.042665
0.0358555
0.0289711
0.0223307
0.0860962
0.0856013
0.0846974
0.0832404
0.0812291
0.0784726
0.0750273
0.0707591
0.0658026
0.060121
0.0539199
0.0472408
0.0403373
0.0332889
0.0264511
0.0880714
0.087728
0.0870608
0.0859286
0.084282
0.081917
0.0788544
0.0749311
0.070263
0.0647833
0.0586965
0.052031
0.0450545
0.0378544
0.0308224
0.0899728
0.089783
0.0893545
0.0885575
0.0872876
0.0853386
0.0826869
0.0791471
0.0748089
0.0695744
0.0636428
0.0570248
0.0500002
0.0426637
0.0354427
0.0917951
0.0917593
0.0915702
0.0911158
0.0902316
0.0887206
0.0865046
0.0833864
0.0794193
0.0744753
0.0687433
0.06221
0.0551663
0.0477118
0.0403085
0.0935344
0.0936518
0.0937015
0.0935942
0.0931019
0.0920477
0.0902887
0.0876293
0.0840726
0.0794665
0.0739813
0.0675735
0.0605443
0.0529923
0.0454148
0.0951885
0.095457
0.0957438
0.0959848
0.0958882
0.0953058
0.0940219
0.0918565
0.0887471
0.0845284
0.079339
0.0731012
0.0661253
0.0584977
0.0507558
0.0967564
0.0971728
0.0976939
0.0982818
0.0985823
0.0984827
0.0976883
0.0960498
0.0934209
0.0896416
0.0847971
0.0787783
0.0718998
0.064219
0.0563244
0.098238
0.0987985
0.0995501
0.10048
0.101178
0.101567
0.101274
0.100191
0.0980731
0.0947863
0.0903345
0.0845906
0.0778577
0.0701459
0.0621128
0.0996342
0.100334
0.101312
0.102578
0.103669
0.104551
0.104767
0.104265
0.102683
0.0999426
0.0959288
0.0905248
0.0839884
0.0762696
0.0681129
0.100947
0.101782
0.102979
0.104573
0.106053
0.107425
0.108157
0.108253
0.107233
0.10509
0.101557
0.0965695
0.0902816
0.0825899
0.0743228
0.102177
0.103143
0.104554
0.106464
0.108329
0.110184
0.111436
0.112144
0.111706
0.110209
0.107198
0.102715
0.0967256
0.0891221
0.0807602
0.103329
0.10442
0.106037
0.108254
0.110494
0.112826
0.114599
0.115924
0.116088
0.115278
0.112827
0.108944
0.103293
0.0958768
0.0874384
0.104405
0.105615
0.107431
0.109941
0.112549
0.115344
0.117636
0.119577
0.120359
0.12026
0.118404
0.11521
0.109919
0.102811
0.0942433
0.105407
0.106731
0.108735
0.111524
0.114484
0.117725
0.120526
0.123069
0.124476
0.125099
0.123875
0.121439
0.116555
0.109902
0.100799
0.106341
0.107772
0.109953
0.113003
0.116299
0.119967
0.123267
0.126407
0.128454
0.129837
0.129328
0.12778
0.123499
0.117844
0.10736
-0.0120857
-0.0148426
-0.0176627
-0.0205297
-0.0234332
-0.0263697
-0.0293379
-0.0323365
-0.0353632
-0.0384146
-0.0414872
-0.0445777
-0.0476828
-0.0507991
-0.0539234
-0.0570522
-0.060182
-0.0633097
-0.0664341
-0.0695571
-0.0117123
-0.0144648
-0.0172888
-0.0201599
-0.0230666
-0.0260075
-0.0289836
-0.0319947
-0.0350385
-0.0381115
-0.0412098
-0.04433
-0.0474687
-0.0506225
-0.053788
-0.0569619
-0.0601407
-0.0633213
-0.0665011
-0.0696766
-0.0110279
-0.0138103
-0.0166838
-0.0196061
-0.0225605
-0.0255472
-0.0285708
-0.0316322
-0.0347291
-0.0378571
-0.0410119
-0.0441894
-0.0473861
-0.0505984
-0.0538224
-0.0570542
-0.0602896
-0.0635245
-0.0667573
-0.0699885
-0.0100487
-0.0128844
-0.0158367
-0.0188365
-0.0218596
-0.0249104
-0.0279983
-0.031127
-0.0342939
-0.0374936
-0.0407212
-0.0439724
-0.0472438
-0.0505319
-0.053833
-0.0571434
-0.0604592
-0.0637767
-0.0670943
-0.0704086
-0.00879781
-0.0117115
-0.014774
-0.0178808
-0.0209985
-0.0241373
-0.0273136
-0.0305342
-0.0337956
-0.0370912
-0.040415
-0.0437626
-0.0471306
-0.0505156
-0.0539137
-0.0573207
-0.0607321
-0.0641439
-0.067555
-0.0709636
-0.00728722
-0.0103015
-0.0135034
-0.0167432
-0.0199771
-0.0232233
-0.0265075
-0.0298393
-0.0332145
-0.0366243
-0.0400617
-0.0435224
-0.0470031
-0.0505007
-0.0540114
-0.0575308
-0.0610547
-0.0645793
-0.0681037
-0.0716249
-0.00552547
-0.00866224
-0.0120325
-0.0154307
-0.0188017
-0.0221746
-0.0255864
-0.02905
-0.0325593
-0.0361031
-0.0396731
-0.0432652
-0.0468767
-0.0505047
-0.0541452
-0.0577936
-0.0614455
-0.0650968
-0.0687476
-0.0723948
-0.00351748
-0.00679834
-0.0103654
-0.0139464
-0.0174739
-0.0209919
-0.0245504
-0.0281655
-0.0318283
-0.0355244
-0.0392444
-0.0429846
-0.0467432
-0.0505173
-0.0543029
-0.0580955
-0.0618903
-0.0656834
-0.0694759
-0.073264
-0.00126562
-0.00471201
-0.00850448
-0.0122918
-0.0159946
-0.0196755
-0.0233999
-0.0271866
-0.0310222
-0.0348888
-0.0387763
-0.0426816
-0.0466037
-0.0505401
-0.0544868
-0.0584386
-0.062391
-0.0663399
-0.0702877
-0.0742303
0.00122957
-0.00240395
-0.0064506
-0.0104671
-0.0143629
-0.0182245
-0.0221345
-0.0261128
-0.0301406
-0.0341957
-0.0382677
-0.0423546
-0.0464564
-0.050571
-0.0546938
-0.0588197
-0.062944
-0.0670626
-0.0711795
-0.0752902
0.00396885
0.000126216
-0.00420363
-0.00847147
-0.0125775
-0.0166376
-0.0207533
-0.0249438
-0.0291829
-0.0334444
-0.0377178
-0.0420029
-0.0463008
-0.0506093
-0.0549236
-0.0592384
-0.0635486
-0.0678505
-0.07215
-0.0764418
0.0069538
0.0028795
-0.00176275
-0.00630325
-0.0106362
-0.0149131
-0.0192553
-0.0236789
-0.0281484
-0.0326339
-0.0371257
-0.0416258
-0.0461362
-0.0506545
-0.0551755
-0.0596937
-0.0642041
-0.0687026
-0.0731978
-0.0776838
0.0101864
0.00585719
0.00087324
-0.00396031
-0.00853648
-0.0130491
-0.0176394
-0.0223172
-0.0270362
-0.0317631
-0.0364904
-0.0412226
-0.0459621
-0.0507061
-0.055449
-0.0601852
-0.0649097
-0.069618
-0.0743222
-0.0790155
0.0136687
0.00906055
0.00370569
-0.00144021
-0.00627553
-0.0110437
-0.0159047
-0.0208579
-0.025845
-0.0308309
-0.0358111
-0.0407926
-0.045778
-0.0507638
-0.0557443
-0.0607136
-0.0656667
-0.0705977
-0.0755238
-0.0804369
0.0174025
0.0124905
0.00673589
0.00125962
-0.00385068
-0.00889521
-0.0140504
-0.0193
-0.0245736
-0.0298359
-0.0350868
-0.0403352
-0.0455834
-0.0508268
-0.0560594
-0.0612759
-0.0664709
-0.0716382
-0.0768007
-0.0819473
0.0213891
0.0161473
0.00996489
0.00414171
-0.00125944
-0.00660243
-0.0120756
-0.0176426
-0.0232205
-0.0287769
-0.0343167
-0.0398501
-0.0453782
-0.0508958
-0.0563979
-0.0618803
-0.067337
-0.0727512
-0.0781607
-0.0835503
0.0256286
0.0200304
0.0133933
0.00720837
0.00150031
-0.0041645
-0.00997994
-0.0158844
-0.0217844
-0.0276528
-0.0335004
-0.039337
-0.045161
-0.0509658
-0.0567458
-0.0624976
-0.0682205
-0.0739273
-0.079607
-0.0852482
0.03012
0.0241379
0.017021
0.0104615
0.00443018
-0.00158107
-0.00776297
-0.0140242
-0.0202638
-0.0264628
-0.0326377
-0.0387967
-0.044935
-0.0510454
-0.0571235
-0.0631667
-0.0691755
-0.0751715
-0.0811276
-0.0870335
0.0348606
0.0284662
0.0208471
0.0139026
0.00753109
0.00114763
-0.00542441
-0.0120606
-0.018657
-0.0252059
-0.0317286
-0.0382293
-0.0447
-0.0511335
-0.0575266
-0.0638777
-0.0701865
-0.0764753
-0.0827196
-0.0889053
0.0398456
0.0330098
0.0248694
0.0175324
0.0108031
0.00402068
-0.00296408
-0.00999213
-0.0169625
-0.0238813
-0.0307723
-0.037634
-0.0444548
-0.0512285
-0.057953
-0.0646269
-0.0712492
-0.0778453
-0.0843902
-0.0908672
0.0450673
0.0377601
0.0290844
0.021351
0.0142454
0.00703637
-0.000381833
-0.00781705
-0.015179
-0.0224884
-0.0297683
-0.0370098
-0.0441988
-0.0513304
-0.0584034
-0.0654159
-0.072366
-0.0792832
-0.086141
-0.09292
0.0505149
0.0427047
0.033487
0.0253578
0.0178556
0.010192
0.00232239
-0.00553383
-0.0133057
-0.0210268
-0.0287157
-0.0363558
-0.0439312
-0.0514388
-0.0588777
-0.0662448
-0.0735371
-0.0807894
-0.0879725
-0.0950643
0.0561725
0.0478266
0.0380707
0.0295514
0.0216297
0.0134843
0.00514899
-0.00314103
-0.011342
-0.0194965
-0.0276139
-0.0356708
-0.0436513
-0.0515537
-0.0593762
-0.0671145
-0.0747635
-0.082365
-0.089886
-0.0973007
0.0620158
0.0531013
0.0428276
0.0339291
0.025561
0.0169088
0.00809832
-0.000637948
-0.00928847
-0.017897
-0.0264611
-0.0349532
-0.043358
-0.0516742
-0.0598985
-0.0680246
-0.076045
-0.0840107
-0.0918818
-0.0996292
0.0680077
0.058495
0.0477492
0.0384868
0.0296406
0.0204622
0.0111715
0.00197488
-0.00714681
-0.0162291
-0.0252573
-0.0342028
-0.0430512
-0.0518003
-0.0604453
-0.0689778
-0.0773848
-0.0857286
-0.0939615
-0.10205
0.0740986
0.0639643
0.0528232
0.0432118
0.0338536
0.024141
0.0143703
0.00469829
-0.00491492
-0.0144884
-0.0239977
-0.0334156
-0.0427274
-0.0519285
-0.0610118
-0.0699646
-0.078776
-0.0875175
-0.0961254
-0.104564
0.0802278
0.0694739
0.0580492
0.0480926
0.0381872
0.0279403
0.0176853
0.00751783
-0.00260606
-0.0126855
-0.0226911
-0.0325981
-0.0423908
-0.0520633
-0.0616112
-0.0710201
-0.0802448
-0.0893902
-0.0983791
-0.107175
0.0862831
0.0749773
0.0634059
0.0530965
0.0426387
0.0318866
0.02115
0.01047
-0.000181981
-0.0107861
-0.0213102
-0.0317289
-0.0420228
-0.0521783
-0.0621836
-0.0720142
-0.0817225
-0.0913246
-0.100711
-0.109871
0.0920182
0.0804888
0.068916
0.0581699
0.0471231
0.0358613
0.0246237
0.0134169
0.00223219
-0.00890087
-0.0199491
-0.0308899
-0.0417046
-0.0523886
-0.0629502
-0.0733672
-0.0834014
-0.0933568
-0.103102
-0.112622
0.0967175
0.0856595
0.0745204
0.0635031
0.0520281
0.0403263
0.0285946
0.0168568
0.00512675
-0.00655965
-0.0181583
-0.0296377
-0.0409703
-0.0521284
-0.0630885
-0.0738975
-0.084856
-0.0954223
-0.1056
-0.115502
-0.072675
-0.0757794
-0.0788645
-0.0819283
-0.0849698
-0.0879872
-0.0909785
-0.0939412
-0.096873
-0.0997717
-0.102635
-0.105462
-0.10825
-0.110998
-0.113704
-0.116367
-0.118986
-0.121558
-0.124086
-0.126567
-0.0728422
-0.0759926
-0.0791255
-0.0822385
-0.0853289
-0.0883939
-0.0914305
-0.0944358
-0.0974074
-0.100343
-0.10324
-0.106096
-0.108909
-0.111678
-0.114402
-0.117077
-0.119703
-0.122278
-0.124805
-0.127283
-0.0732139
-0.0764257
-0.0796181
-0.0827881
-0.0859335
-0.0890519
-0.0921403
-0.0951961
-0.0982163
-0.101199
-0.104141
-0.10704
-0.109895
-0.112704
-0.115464
-0.118175
-0.120836
-0.123444
-0.126005
-0.128518
-0.0737138
-0.0770031
-0.0802725
-0.0835197
-0.0867418
-0.0899362
-0.0930995
-0.0962288
-0.0993211
-0.102374
-0.105384
-0.108351
-0.11127
-0.114142
-0.116963
-0.119732
-0.122449
-0.125111
-0.127728
-0.1303
-0.0743639
-0.0777484
-0.0811121
-0.0844522
-0.087766
-0.0910507
-0.0943032
-0.0975202
-0.100699
-0.103836
-0.10693
-0.109978
-0.112979
-0.115929
-0.118827
-0.121672
-0.124464
-0.1272
-0.129893
-0.132548
-0.0751363
-0.0786303
-0.0821024
-0.08555
-0.0889705
-0.092361
-0.0957182
-0.0990388
-0.10232
-0.105559
-0.108753
-0.1119
-0.114998
-0.118045
-0.121039
-0.123978
-0.126865
-0.129693
-0.132483
-0.135241
-0.0760316
-0.0796498
-0.083245
-0.0868145
-0.0903559
-0.0938663
-0.0973424
-0.100781
-0.104179
-0.107534
-0.110843
-0.114103
-0.117314
-0.120473
-0.123579
-0.126628
-0.129625
-0.132563
-0.135468
-0.138348
-0.0770402
-0.0807963
-0.0845278
-0.0882326
-0.0919083
-0.095552
-0.0991604
-0.10273
-0.106259
-0.109743
-0.113181
-0.11657
-0.119908
-0.123193
-0.126426
-0.1296
-0.132724
-0.135788
-0.138825
-0.141845
-0.0781594
-0.0820666
-0.0859476
-0.0898006
-0.0936235
-0.0974133
-0.101167
-0.104881
-0.108553
-0.11218
-0.11576
-0.11929
-0.12277
-0.126195
-0.129568
-0.132882
-0.136148
-0.139352
-0.142536
-0.145711
-0.0793853
-0.0834564
-0.0874995
-0.0915131
-0.0954954
-0.0994437
-0.103355
-0.107225
-0.111053
-0.114835
-0.118569
-0.122253
-0.125886
-0.129465
-0.132991
-0.136458
-0.139878
-0.143236
-0.146582
-0.149928
-0.0807159
-0.0849632
-0.0891805
-0.0933668
-0.0975204
-0.101639
-0.105719
-0.109757
-0.113752
-0.117701
-0.121601
-0.12545
-0.129249
-0.132992
-0.136684
-0.140316
-0.143904
-0.147428
-0.150948
-0.154478
-0.0821494
-0.0865851
-0.0909884
-0.0953588
-0.0996951
-0.103995
-0.108255
-0.112472
-0.116645
-0.120771
-0.124848
-0.128873
-0.132848
-0.136767
-0.140636
-0.144444
-0.148209
-0.15191
-0.155617
-0.159342
-0.0836848
-0.0883208
-0.0929214
-0.0974871
-0.102017
-0.106509
-0.110959
-0.115366
-0.119727
-0.124039
-0.128303
-0.132515
-0.136675
-0.14078
-0.144835
-0.148828
-0.152782
-0.15667
-0.160573
-0.164503
-0.0853222
-0.0901697
-0.0949786
-0.0997501
-0.104484
-0.109177
-0.113828
-0.118434
-0.122992
-0.127501
-0.13196
-0.136366
-0.140721
-0.145019
-0.149269
-0.153456
-0.157606
-0.16169
-0.165798
-0.169942
-0.0870602
-0.0921303
-0.0971581
-0.102146
-0.107093
-0.111999
-0.116859
-0.121671
-0.126436
-0.131149
-0.135812
-0.14042
-0.144977
-0.149476
-0.153928
-0.158315
-0.162669
-0.166953
-0.171273
-0.175636
-0.0889002
-0.0942028
-0.0994598
-0.104674
-0.109844
-0.11497
-0.120047
-0.125076
-0.130053
-0.134978
-0.13985
-0.144667
-0.149432
-0.154138
-0.158797
-0.16339
-0.167952
-0.172442
-0.176978
-0.181564
-0.0908429
-0.0963873
-0.101883
-0.107333
-0.112735
-0.118088
-0.123391
-0.128641
-0.133838
-0.138981
-0.144069
-0.149099
-0.154077
-0.158994
-0.163863
-0.168665
-0.173439
-0.178138
-0.182892
-0.187701
-0.0928855
-0.0986824
-0.104427
-0.11012
-0.115762
-0.121351
-0.126885
-0.132364
-0.137786
-0.143151
-0.148458
-0.153707
-0.158899
-0.16403
-0.169112
-0.174126
-0.179111
-0.18402
-0.188991
-0.194024
-0.0950278
-0.101088
-0.10709
-0.113036
-0.118924
-0.124756
-0.130527
-0.136239
-0.141889
-0.147481
-0.153009
-0.158478
-0.163885
-0.169233
-0.174525
-0.179753
-0.184947
-0.190068
-0.195252
-0.20051
-0.0972708
-0.103604
-0.109872
-0.116077
-0.122219
-0.128298
-0.134311
-0.140261
-0.146142
-0.151963
-0.157712
-0.163404
-0.169024
-0.17459
-0.180088
-0.185529
-0.190926
-0.19626
-0.20165
-0.207135
-0.0996146
-0.106229
-0.112771
-0.119243
-0.125644
-0.131976
-0.138234
-0.144423
-0.150536
-0.156586
-0.162556
-0.168471
-0.174301
-0.180086
-0.185784
-0.191441
-0.19703
-0.202575
-0.208159
-0.213871
-0.102059
-0.108964
-0.115787
-0.122532
-0.129197
-0.135783
-0.142289
-0.148718
-0.155064
-0.161342
-0.167529
-0.173664
-0.179696
-0.185698
-0.191585
-0.197463
-0.203231
-0.208993
-0.214753
-0.220688
-0.104605
-0.111807
-0.118918
-0.12594
-0.132873
-0.139717
-0.146471
-0.153141
-0.159718
-0.16622
-0.172621
-0.178969
-0.185195
-0.191406
-0.197464
-0.203558
-0.209482
-0.21547
-0.221386
-0.227547
-0.10725
-0.114758
-0.122163
-0.129467
-0.13667
-0.143774
-0.150777
-0.157685
-0.164492
-0.171216
-0.17783
-0.184385
-0.190804
-0.197218
-0.203434
-0.209736
-0.215775
-0.221987
-0.228009
-0.234409
-0.109996
-0.117815
-0.125518
-0.133109
-0.140585
-0.147948
-0.155199
-0.162343
-0.169376
-0.176315
-0.183138
-0.189894
-0.196507
-0.203118
-0.2095
-0.216012
-0.222149
-0.228594
-0.234647
-0.241297
-0.112841
-0.120976
-0.128981
-0.136858
-0.144606
-0.152225
-0.159718
-0.167088
-0.174336
-0.181472
-0.188485
-0.195412
-0.202196
-0.208968
-0.215507
-0.222209
-0.228457
-0.235168
-0.241231
-0.248199
-0.11579
-0.124245
-0.132552
-0.140713
-0.148727
-0.156595
-0.164318
-0.171899
-0.179341
-0.18665
-0.193823
-0.200883
-0.207797
-0.214663
-0.221311
-0.228116
-0.234453
-0.241409
-0.247491
-0.254943
-0.118837
-0.127627
-0.136248
-0.144702
-0.152991
-0.161115
-0.169077
-0.176881
-0.18453
-0.192029
-0.19938
-0.206596
-0.213659
-0.22063
-0.227394
-0.234248
-0.240651
-0.247744
-0.253762
-0.261771
-0.121953
-0.131104
-0.140076
-0.148868
-0.157476
-0.165902
-0.174152
-0.182232
-0.190147
-0.197903
-0.205506
-0.212963
-0.220271
-0.227451
-0.234446
-0.241412
-0.247973
-0.255057
-0.261016
-0.26931
-0.125164
-0.134629
-0.143915
-0.153005
-0.161886
-0.170561
-0.179036
-0.18732
-0.195422
-0.203349
-0.211113
-0.21872
-0.226182
-0.233499
-0.240664
-0.24771
-0.254469
-0.261362
-0.267425
-0.275395
-0.132741
-0.142062
-0.150714
-0.158435
-0.164985
-0.170158
-0.173755
-0.175583
-0.175448
-0.173188
-0.168687
-0.161894
-0.152831
-0.141633
-0.128555
-0.114054
-0.0987082
-0.0832493
-0.0683912
-0.0547428
-0.0427716
-0.0326998
-0.0244663
-0.0179231
-0.0128502
-0.00899444
-0.00604582
-0.0038574
-0.0021051
-0.000677738
-0.133497
-0.14287
-0.151538
-0.159249
-0.16578
-0.170932
-0.174503
-0.176297
-0.176116
-0.173801
-0.169238
-0.162376
-0.153233
-0.141941
-0.128758
-0.114147
-0.0986942
-0.0831456
-0.0682251
-0.0545471
-0.0425745
-0.0325183
-0.0243117
-0.0177995
-0.0127569
-0.00892657
-0.00599916
-0.00382773
-0.00208882
-0.000672747
-0.13488
-0.144373
-0.153069
-0.160761
-0.167259
-0.172373
-0.175898
-0.177627
-0.177361
-0.174945
-0.170269
-0.163278
-0.153984
-0.142517
-0.129138
-0.114319
-0.0986666
-0.0829504
-0.067914
-0.0541803
-0.0422051
-0.0321788
-0.0240232
-0.0175691
-0.0125832
-0.00880029
-0.00591247
-0.00377242
-0.00205852
-0.000663034
-0.136857
-0.146509
-0.155235
-0.162895
-0.169344
-0.174407
-0.177865
-0.179498
-0.179109
-0.176551
-0.171718
-0.164547
-0.155042
-0.143329
-0.129672
-0.114559
-0.098624
-0.0826714
-0.0674726
-0.0536619
-0.0416843
-0.0317019
-0.0236191
-0.0172471
-0.0123408
-0.00862431
-0.00579179
-0.00369528
-0.00201631
-0.000649304
-0.139364
-0.149207
-0.157956
-0.165568
-0.171959
-0.176957
-0.180326
-0.181835
-0.181291
-0.178559
-0.17353
-0.166136
-0.156369
-0.144347
-0.130341
-0.114856
-0.098564
-0.0823141
-0.0669132
-0.0530083
-0.0410302
-0.0311053
-0.0231155
-0.0168467
-0.0120402
-0.00840645
-0.00564259
-0.00359975
-0.00196413
-0.000632136
-0.142365
-0.152417
-0.161172
-0.168722
-0.175044
-0.179963
-0.183221
-0.184578
-0.18385
-0.180914
-0.175661
-0.168006
-0.157932
-0.145546
-0.131127
-0.115201
-0.0984841
-0.0818826
-0.0662458
-0.0522338
-0.0402588
-0.0304047
-0.0225267
-0.0163801
-0.0116908
-0.00815377
-0.00546982
-0.00348893
-0.00190373
-0.000612021
-0.145826
-0.156093
-0.164829
-0.172299
-0.178542
-0.183368
-0.186491
-0.187669
-0.186733
-0.183571
-0.178067
-0.170122
-0.159702
-0.146907
-0.132017
-0.115585
-0.0983816
-0.0813798
-0.0654788
-0.0513507
-0.0393838
-0.0296141
-0.0218657
-0.015858
-0.011301
-0.00787256
-0.00527787
-0.00336557
-0.00183667
-0.000589396
-0.14972
-0.160193
-0.168878
-0.176251
-0.182405
-0.187121
-0.190084
-0.191057
-0.189893
-0.186488
-0.180713
-0.172453
-0.161656
-0.148409
-0.132997
-0.116001
-0.0982538
-0.0808085
-0.0646197
-0.0503697
-0.0384178
-0.0287461
-0.0211439
-0.0152899
-0.0108784
-0.00756846
-0.00507068
-0.00323216
-0.00176434
-0.000564644
-0.154021
-0.16468
-0.173276
-0.180535
-0.186587
-0.191174
-0.193952
-0.194697
-0.193288
-0.189625
-0.183564
-0.174971
-0.163772
-0.150037
-0.134056
-0.116441
-0.0980985
-0.0801709
-0.0636751
-0.0493005
-0.037372
-0.027812
-0.0203716
-0.0146845
-0.0104296
-0.00724649
-0.00485171
-0.00309088
-0.001688
-0.000538098
-0.158706
-0.169519
-0.177984
-0.185109
-0.191047
-0.195482
-0.19805
-0.198547
-0.196881
-0.19295
-0.186591
-0.177651
-0.166029
-0.151777
-0.135186
-0.116899
-0.0979135
-0.0794691
-0.0626511
-0.048152
-0.0362568
-0.0268221
-0.0195582
-0.0140495
-0.00996067
-0.00691107
-0.00462401
-0.00294369
-0.00160872
-0.000510055
-0.163754
-0.174673
-0.182963
-0.189937
-0.195746
-0.200006
-0.202336
-0.202568
-0.200636
-0.19643
-0.189767
-0.180471
-0.168411
-0.153617
-0.136377
-0.117372
-0.0976972
-0.0787053
-0.0615536
-0.0469323
-0.0350817
-0.0257857
-0.018712
-0.0133917
-0.00947692
-0.00656613
-0.00439026
-0.00279231
-0.00152747
-0.000480772
-0.169142
-0.18011
-0.188178
-0.194983
-0.200647
-0.204705
-0.206773
-0.206726
-0.204521
-0.200036
-0.193066
-0.183411
-0.170903
-0.155545
-0.137621
-0.117853
-0.0974483
-0.0778818
-0.0603882
-0.0456493
-0.0338555
-0.0247115
-0.0178407
-0.0127173
-0.00898302
-0.00621509
-0.00415278
-0.00263823
-0.00144507
-0.000450479
-0.174848
-0.185793
-0.193595
-0.200213
-0.205717
-0.209543
-0.211326
-0.210989
-0.208509
-0.203743
-0.196467
-0.186452
-0.17349
-0.157551
-0.138914
-0.11834
-0.0971658
-0.077001
-0.0591602
-0.0443103
-0.0325865
-0.0236074
-0.0169511
-0.0120318
-0.00848311
-0.00586095
-0.00391357
-0.00248277
-0.00136223
-0.000419381
-0.180847
-0.191688
-0.199181
-0.205599
-0.21092
-0.214486
-0.215963
-0.215328
-0.212571
-0.207525
-0.199948
-0.189579
-0.17616
-0.159627
-0.140248
-0.118829
-0.0968492
-0.0760654
-0.0578751
-0.0429222
-0.0312822
-0.0224804
-0.0160492
-0.0113399
-0.00798079
-0.00550628
-0.00367434
-0.00232707
-0.00127954
-0.000387664
-0.187114
-0.197759
-0.204906
-0.211109
-0.216226
-0.219501
-0.220657
-0.219719
-0.216685
-0.211362
-0.203491
-0.192776
-0.1789
-0.161764
-0.141618
-0.119316
-0.0964984
-0.0750777
-0.0565382
-0.0414917
-0.0299498
-0.0213372
-0.0151406
-0.0106459
-0.00747921
-0.00515332
-0.00343656
-0.0021721
-0.00119753
-0.000355497
-0.193622
-0.203972
-0.210741
-0.216719
-0.221604
-0.224559
-0.225381
-0.224136
-0.220826
-0.215232
-0.20708
-0.196029
-0.181701
-0.163957
-0.143021
-0.119801
-0.0961137
-0.0740409
-0.0551547
-0.0400254
-0.0285961
-0.0201837
-0.0142302
-0.00995359
-0.00698108
-0.00480397
-0.00320145
-0.00201869
-0.00111662
-0.000323032
-0.200341
-0.210292
-0.21666
-0.222402
-0.227025
-0.229635
-0.230112
-0.228559
-0.224977
-0.219117
-0.210699
-0.199326
-0.184553
-0.166197
-0.144452
-0.12028
-0.0956956
-0.0729582
-0.0537299
-0.0385295
-0.0272271
-0.0190255
-0.0133223
-0.00926617
-0.00648874
-0.00445983
-0.00297006
-0.00186756
-0.00103716
-0.000290414
-0.20724
-0.216687
-0.222637
-0.228135
-0.232463
-0.234703
-0.234831
-0.232968
-0.229116
-0.223001
-0.214333
-0.202653
-0.187446
-0.168479
-0.145907
-0.120753
-0.095245
-0.0718328
-0.052269
-0.0370098
-0.0258488
-0.0178674
-0.0124207
-0.00858651
-0.00600418
-0.00412225
-0.00274325
-0.00171929
-0.000959444
-0.000257772
-0.214281
-0.223123
-0.228651
-0.233891
-0.237893
-0.239744
-0.239517
-0.237345
-0.233229
-0.226868
-0.217969
-0.206
-0.190371
-0.170797
-0.147383
-0.121218
-0.0947632
-0.0706683
-0.0507771
-0.0354724
-0.0244666
-0.0167142
-0.0115289
-0.00791708
-0.00552911
-0.00379236
-0.00252171
-0.0015744
-0.000883706
-0.00022523
-0.221424
-0.229571
-0.234678
-0.239647
-0.24329
-0.244737
-0.244154
-0.241671
-0.237297
-0.230704
-0.221593
-0.209355
-0.193319
-0.173143
-0.148875
-0.121673
-0.0942515
-0.0694686
-0.0492596
-0.0339228
-0.0230855
-0.0155698
-0.01065
-0.00726004
-0.00506497
-0.00347108
-0.00230605
-0.0014333
-0.00081014
-0.000192903
-0.228625
-0.236001
-0.240697
-0.245378
-0.248634
-0.249665
-0.248724
-0.245932
-0.241305
-0.234492
-0.225192
-0.212705
-0.196279
-0.175511
-0.150379
-0.122117
-0.0937117
-0.0682378
-0.0477219
-0.0323667
-0.0217106
-0.0144382
-0.0097866
-0.00661724
-0.00461297
-0.00315917
-0.00209671
-0.00129633
-0.0007389
-0.000160897
-0.235839
-0.242386
-0.246687
-0.251059
-0.253904
-0.254511
-0.253211
-0.250108
-0.245238
-0.238218
-0.228752
-0.216036
-0.19924
-0.177893
-0.15189
-0.12255
-0.0931457
-0.0669804
-0.0461696
-0.0308096
-0.0203463
-0.0133229
-0.00894112
-0.00599032
-0.00417414
-0.00285725
-0.0018941
-0.00116377
-0.000670105
-0.000129312
-0.243021
-0.2487
-0.252627
-0.256666
-0.259079
-0.259257
-0.257596
-0.254184
-0.249077
-0.241864
-0.232254
-0.219333
-0.202189
-0.180278
-0.153403
-0.122969
-0.0925557
-0.065701
-0.0446082
-0.029257
-0.0189972
-0.0122273
-0.00811569
-0.00538068
-0.00374931
-0.00256579
-0.00169851
-0.00103586
-0.000603848
-9.8239e-05
-0.250122
-0.25492
-0.258498
-0.262174
-0.26414
-0.263883
-0.261861
-0.258139
-0.252803
-0.245412
-0.235681
-0.222578
-0.205109
-0.182654
-0.154909
-0.123372
-0.091944
-0.0644047
-0.0430436
-0.0277143
-0.0176674
-0.0111542
-0.00731218
-0.00478952
-0.00333918
-0.00228516
-0.00151017
-0.000912773
-0.000540195
-6.7764e-05
-0.257092
-0.261023
-0.264276
-0.267556
-0.269064
-0.268367
-0.265981
-0.261951
-0.256394
-0.248839
-0.23901
-0.225749
-0.207983
-0.185007
-0.1564
-0.123757
-0.0913131
-0.063097
-0.0414819
-0.0261869
-0.016361
-0.0101066
-0.00653228
-0.00421791
-0.00294431
-0.00201566
-0.00132927
-0.000794649
-0.00047919
-3.79666e-05
-0.26388
-0.266984
-0.269933
-0.272778
-0.27382
-0.272685
-0.269923
-0.265593
-0.259825
-0.252121
-0.242217
-0.228823
-0.210789
-0.187319
-0.157866
-0.124121
-0.0906652
-0.0617832
-0.039929
-0.0246802
-0.0150818
-0.00908717
-0.0057775
-0.00366678
-0.00256518
-0.00175749
-0.00115597
-0.000681601
-0.000420863
-8.92123e-06
-0.27041
-0.27277
-0.275433
-0.277797
-0.278368
-0.276795
-0.273667
-0.269032
-0.263067
-0.25523
-0.245275
-0.231774
-0.213503
-0.189572
-0.159294
-0.12446
-0.0900027
-0.0604691
-0.0383912
-0.0231995
-0.0138336
-0.00809808
-0.00504899
-0.00313674
-0.00220204
-0.00151075
-0.000990312
-0.000573681
-0.00036522
1.93051e-05
-0.276638
-0.27836
-0.28075
-0.282589
-0.282682
-0.280642
-0.277269
-0.272249
-0.266101
-0.258152
-0.248171
-0.23459
-0.216115
-0.191759
-0.160682
-0.124778
-0.0893339
-0.0591642
-0.0368761
-0.0217499
-0.0126191
-0.00714056
-0.0043469
-0.00262758
-0.00185451
-0.00127517
-0.000832178
-0.000470799
-0.00031223
4.66674e-05
-0.282613
-0.283725
-0.285867
-0.287151
-0.286782
-0.284259
-0.280178
-0.275232
-0.268934
-0.260895
-0.250913
-0.237282
-0.218638
-0.193894
-0.16205
-0.125093
-0.0886732
-0.0578775
-0.0353879
-0.020333
-0.0114389
-0.00621498
-0.00367129
-0.00213923
-0.00152242
-0.00105058
-0.000681499
-0.000372892
-0.00026183
7.31353e-05
-0.288309
-0.288637
-0.290585
-0.291356
-0.290639
-0.287866
-0.283964
-0.278104
-0.271565
-0.263413
-0.253425
-0.239754
-0.220967
-0.19587
-0.163292
-0.125312
-0.0879466
-0.0565604
-0.0339033
-0.0189436
-0.010297
-0.00533004
-0.00303077
-0.00167919
-0.00121102
-0.000839628
-0.000539764
-0.000280934
-0.00021411
9.85507e-05
-0.293508
-0.292411
-0.294159
-0.294311
-0.293111
-0.289764
-0.285171
-0.279692
-0.273119
-0.264915
-0.254917
-0.241169
-0.22222
-0.196801
-0.163614
-0.124855
-0.0868128
-0.0550449
-0.0323476
-0.0175461
-0.00917037
-0.00446475
-0.00240747
-0.00123341
-0.000908851
-0.000631298
-0.000398128
-0.000188771
-0.000164819
0.00012514
-0.297519
-0.297264
-0.298985
-0.298326
-0.296491
-0.29255
-0.287725
-0.281581
-0.274694
-0.26629
-0.256128
-0.242043
-0.222587
-0.196397
-0.162152
-0.122364
-0.0837752
-0.0520576
-0.0298076
-0.0155568
-0.00771445
-0.00342084
-0.00168668
-0.000727943
-0.000571576
-0.000402707
-0.000243113
-8.82709e-05
-0.000111899
0.000154405
-0.301784
-0.301317
-0.302553
-0.301002
-0.298592
-0.294101
-0.288966
-0.282812
-0.275859
-0.267388
-0.257146
-0.242818
-0.222969
-0.196135
-0.160904
-0.12012
-0.0809714
-0.0492344
-0.0273534
-0.0136028
-0.00626716
-0.00237798
-0.000966761
-0.000224211
-0.000237743
-0.000176418
-8.9657e-05
1.10461e-05
-5.98517e-05
0.000184005
-0.305881
-0.305094
-0.305973
-0.303653
-0.300828
-0.295952
-0.290562
-0.284066
-0.276955
-0.268395
-0.258068
-0.243494
-0.223256
-0.195771
-0.159568
-0.117813
-0.0781447
-0.0464285
-0.0249406
-0.0116951
-0.00485975
-0.00136474
-0.000267326
0.000263125
8.4785e-05
4.30136e-05
5.93937e-05
0.000107475
-9.19774e-06
0.000213594
-0.309759
-0.308326
-0.308801
-0.305681
-0.302429
-0.297049
-0.291574
-0.28495
-0.277791
-0.269193
-0.258803
-0.244004
-0.223404
-0.195292
-0.158132
-0.115438
-0.0752823
-0.0436141
-0.0225379
-0.0098092
-0.00347824
-0.000376326
0.000411896
0.000735383
0.000396855
0.000255418
0.000203591
0.000200678
3.99385e-05
0.000243005
-0.313476
-0.310924
-0.311107
-0.307294
-0.303778
-0.298149
-0.292461
-0.285654
-0.278439
-0.269805
-0.259351
-0.244333
-0.22339
-0.194673
-0.156592
-0.113018
-0.0724205
-0.0408289
-0.020174
-0.00796267
-0.00213086
0.000583629
0.00106962
0.00119159
0.000697649
0.000460229
0.000342454
0.000290353
8.74362e-05
0.000272081
-0.316894
-0.31292
-0.312876
-0.308438
-0.304733
-0.298763
-0.293002
-0.286099
-0.27887
-0.270216
-0.259694
-0.244462
-0.223189
-0.193889
-0.154937
-0.110555
-0.0695733
-0.0380917
-0.0178675
-0.0061714
-0.000829088
0.00150781
0.00170131
0.00162853
0.000985252
0.000656302
0.000475175
0.000376034
0.00013313
0.000300619
-0.3201
-0.314255
-0.31418
-0.309174
-0.305323
-0.299195
-0.293355
-0.286353
-0.279116
-0.270439
-0.259834
-0.244385
-0.222787
-0.192927
-0.153164
-0.108063
-0.0667629
-0.0354265
-0.0156381
-0.00445051
0.000416418
0.00238905
0.00230213
0.00204295
0.00125782
0.000842452
0.000600898
0.000457234
0.000176844
0.000328385
-0.322868
-0.314978
-0.315081
-0.309602
-0.305735
-0.299359
-0.293494
-0.286427
-0.279194
-0.270485
-0.25978
-0.244104
-0.22218
-0.191782
-0.151279
-0.105557
-0.064014
-0.0328593
-0.013508
-0.00281644
0.00159461
0.00321985
0.00286749
0.00243183
0.00151365
0.00101755
0.000718813
0.000533492
0.000218402
0.000355124
-0.324796
-0.315296
-0.315681
-0.309735
-0.305879
-0.299349
-0.293493
-0.286367
-0.279135
-0.270377
-0.259545
-0.24363
-0.221375
-0.190455
-0.149293
-0.103058
-0.0613531
-0.0304169
-0.0114994
-0.00128577
0.00269441
0.00399279
0.003393
0.00279228
0.00175111
0.00118053
0.000828175
0.000604385
0.000257625
0.00038057
-0.325856
-0.315359
-0.316014
-0.309669
-0.30589
-0.299216
-0.293378
-0.286203
-0.278965
-0.270138
-0.25915
-0.242981
-0.220385
-0.188965
-0.147226
-0.100588
-0.0588081
-0.0281258
-0.00963363
0.000125809
0.00370545
0.00470113
0.00387458
0.00312169
0.00196875
0.00133041
0.00092833
0.000669532
0.000294322
0.000404452
-0.326232
-0.315276
-0.316129
-0.309468
-0.305805
-0.298958
-0.293197
-0.285961
-0.278713
-0.269791
-0.258621
-0.242179
-0.219231
-0.187336
-0.145104
-0.0981773
-0.0564072
-0.0260109
-0.00793035
0.00140447
0.00461878
0.00533917
0.00430879
0.00341794
0.00216536
0.00146635
0.00101875
0.00072861
0.000328295
0.000426515
-0.326212
-0.315056
-0.316101
-0.309164
-0.305571
-0.298718
-0.292961
-0.285685
-0.278399
-0.269359
-0.257983
-0.241255
-0.217948
-0.185605
-0.142963
-0.0958576
-0.0541784
-0.0240942
-0.00640584
0.00253921
0.00542751
0.00590264
0.00469309
0.00367953
0.00234004
0.00158768
0.00109904
0.000781359
0.000359331
0.000446525
-0.325837
-0.314775
-0.315935
-0.308814
-0.305388
-0.298339
-0.29273
-0.285355
-0.278056
-0.268866
-0.257267
-0.240246
-0.216582
-0.183817
-0.140849
-0.093666
-0.0521488
-0.022394
-0.00507209
0.00352278
0.00612732
0.0063891
0.00502598
0.00390569
0.00249224
0.00169392
0.00116899
0.000827594
0.000387207
0.000464287
-0.32516
-0.314552
-0.315633
-0.308507
-0.305083
-0.298107
-0.292457
-0.285069
-0.277679
-0.268346
-0.256519
-0.239198
-0.215181
-0.182036
-0.138816
-0.0916444
-0.0503441
-0.0209243
-0.00393617
0.00435241
0.00671662
0.00679807
0.00530707
0.00409639
0.00262174
0.00178481
0.00122852
0.000867201
0.000411691
0.00047965
-0.324467
-0.314203
-0.31535
-0.308166
-0.304842
-0.297794
-0.292186
-0.284767
-0.277319
-0.267829
-0.255761
-0.238173
-0.213834
-0.180329
-0.136934
-0.0898394
-0.0487889
-0.0196932
-0.00300079
0.00502887
0.00719679
0.00713091
0.00553705
0.00425226
0.00272866
0.00186025
0.00127769
0.00090013
0.000432551
0.000492511
-0.323779
-0.313863
-0.315077
-0.307866
-0.304605
-0.297568
-0.291979
-0.284485
-0.276979
-0.267348
-0.25507
-0.237228
-0.212586
-0.178809
-0.135277
-0.0883034
-0.0475073
-0.0187059
-0.00226337
0.00555668
0.00757162
0.00739042
0.00571743
0.00437442
0.00281333
0.0019203
0.00131666
0.000926384
0.000449562
0.000502813
-0.323175
-0.313548
-0.314852
-0.30761
-0.30442
-0.29736
-0.291796
-0.284275
-0.276705
-0.266944
-0.254485
-0.23644
-0.211555
-0.177526
-0.133952
-0.0870824
-0.0465211
-0.0179649
-0.0017185
0.00594287
0.00784617
0.00758022
0.00585018
0.00446429
0.00287621
0.00196509
0.00134562
0.000946003
0.000462522
0.000510532
-0.322731
-0.313312
-0.31469
-0.307427
-0.304287
-0.297224
-0.291671
-0.284116
-0.276499
-0.266649
-0.254064
-0.235869
-0.21081
-0.176618
-0.132989
-0.0862478
-0.0458497
-0.0174715
-0.00135987
0.00619499
0.00802561
0.00770412
0.00593731
0.00452326
0.00291779
0.00199482
0.00136478
0.000959039
0.000471264
0.000515669
-0.322495
-0.313185
-0.314607
-0.307331
-0.304219
-0.297151
-0.291605
-0.284036
-0.276396
-0.266494
-0.253841
-0.235569
-0.210421
-0.17614
-0.132494
-0.0858169
-0.0455094
-0.017225
-0.00118209
0.00631927
0.00811415
0.00776521
0.00598043
0.00455243
0.00293847
0.00200963
0.00137432
0.000965543
0.000475666
0.000518233
)
;

boundaryField
{
    inlet
    {
        type            zeroGradient;
    }
    outlet
    {
        type            fixedValue;
        value           uniform 0;
    }
    cylinder
    {
        type            zeroGradient;
    }
    top
    {
        type            symmetryPlane;
    }
    bottom
    {
        type            symmetryPlane;
    }
    defaultFaces
    {
        type            empty;
    }
}


// ************************************************************************* //
