/*--------------------------------*- C++ -*----------------------------------*\
  =========                 |
  \\      /  F ield         | OpenFOAM: The Open Source CFD Toolbox
   \\    /   O peration     | Website:  https://openfoam.org
    \\  /    A nd           | Version:  7
     \\/     M anipulation  |
\*---------------------------------------------------------------------------*/
FoamFile
{
    version     2.0;
    format      ascii;
    class       volScalarField;
    location    "2.3";
    object      p;
}
// * * * * * * * * * * * * * * * * * * * * * * * * * * * * * * * * * * * * * //

dimensions      [1 -1 -2 0 0 0 0];

internalField   nonuniform List<scalar> 
6300
(
1
1
1
1
1
1
1
1
1
1
1
1
1
1
1
5.07232
10.4298
10.685
10.8249
10.9859
11.1324
11.2697
11.3978
11.5176
11.627
11.7264
11.816
11.8904
11.9466
11.9865
1
1
1
1
1
1
1
1
1
1
1
1
1
1
1
4.94378
10.3656
10.6688
10.8093
10.9707
11.1163
11.2519
11.3776
11.4942
11.6
11.6953
11.7811
11.8517
11.9048
11.9432
1
1
1
1
1
1
1
1
1
1
1
1
1
1
1
4.66885
10.2824
10.637
10.7769
10.9396
11.0855
11.2209
11.3454
11.4598
11.5619
11.6518
11.7308
11.7943
11.8403
11.8749
1
1
1
1
1
1
1
1
1
1
1
1
1
1
1
4.26881
10.145
10.5958
10.7342
10.8974
11.0423
11.176
11.298
11.409
11.507
11.5912
11.6623
11.7159
11.7512
11.7775
1
1
1
1
1
1
1
1
1
1
1
1
1
1
1
3.75991
9.9217
10.5412
10.6752
10.8356
10.9761
11.105
11.221
11.325
11.4152
11.4915
11.5559
11.6062
11.6395
11.6683
1
1
1
1
1
1
1
1
1
1
1
1
1
1
1
3.17349
9.57299
10.4811
10.6088
10.7656
10.8983
11.0183
11.1248
11.2198
11.3021
11.3701
11.4267
11.4647
11.4789
11.4916
1
1
1
1
1
1
1
1
1
1
1
1
1
1
1
2.5538
9.07283
10.4485
10.552
10.6973
10.8188
10.9293
11.0239
11.1033
11.1666
11.2108
11.2409
11.2599
11.262
11.2888
1
1
1
1
1
1
1
1
1
1
1
1
1
1
1
1.88215
8.35351
10.4072
10.4675
10.6126
10.7238
10.8209
10.9006
10.9626
11.0063
11.033
11.046
11.0457
11.0089
10.9461
1
1
1
1
1
1
1
1
1
1
1
1
1
1
1
1.24821
7.48384
10.4577
10.3921
10.4882
10.5832
10.6745
10.7442
10.7889
10.8103
10.8051
10.7566
10.6614
10.5428
10.4614
1
1
1
1
1
1
1
1
1
1
1
1
1
1
1
1.00985
6.34641
10.0902
10.1644
10.3124
10.4136
10.4914
10.5477
10.5714
10.5652
10.5145
10.4141
10.2674
10.0832
10.021
1
1
1
1
1
1
1
1
1
1
1
1
1
1
1
1.00001
4.94427
9.74329
10.0292
10.1666
10.2485
10.3003
10.3293
10.3247
10.2823
10.1879
10.0076
9.68311
8.87723
6.9893
1
1
1
1
1
1
1
1
1
1
1
1
1
1
1
1
3.49987
9.15041
9.92816
10.053
10.1186
10.1414
10.121
10.0802
9.9913
9.83486
9.5565
9.03378
8.17706
6.0842
1
1
1
1
1
1
1
1
1
1
1
1
1
1
1
1
2.09032
8.26526
9.91131
9.94598
9.98059
9.97433
9.91987
9.83798
9.70021
9.47751
9.12782
8.51802
7.60557
5.69989
1
1
1
1
1
1
1
1
1
1
1
1
1
1
1
1
1.13341
6.92668
9.92224
9.81343
9.7945
9.77418
9.70256
9.58765
9.41245
9.14625
8.74245
8.13513
7.15554
5.6111
1
1
1
1
1
1
1
1
1
1
1
1
1
1
1
1
1.00149
5.12815
9.36173
9.58269
9.59693
9.56439
9.47786
9.34281
9.14094
8.85146
8.42262
7.82242
6.88555
5.68917
1
1
1
1
1
1
1
1
1
1
1
1
1
1
1
1
0.999982
2.98355
8.60194
9.47381
9.43614
9.4128
9.3109
9.14581
8.91134
8.59322
8.16352
7.58416
6.73284
5.76511
1
1
1
1
1
1
1
1
1
1
1
1
1
1
1
1
0.999996
1.32991
7.47272
9.55913
9.34045
9.22766
9.10601
8.92861
8.68719
8.3682
7.95448
7.3949
6.6502
5.85211
1
1
1
1
1
1
1
1
1
1
1
1
1
1
1
1
0.999999
1.01064
5.53645
8.95961
9.02055
9.00547
8.8977
8.7271
8.49015
8.17293
7.7739
7.24187
6.60226
5.91603
1
1
1
1
1
1
1
1
1
1
1
1
1
1
1
1
1
0.999918
2.94252
8.17871
8.92365
8.88692
8.76984
8.58865
8.34384
8.02945
7.63221
7.1426
6.585
5.98717
1
1
1
1
1
1
1
1
1
1
1
1
1
1
1
1
1
0.999979
1.28037
6.70885
8.90888
8.77731
8.6301
8.44202
8.19913
7.89222
7.50897
7.06335
6.56353
6.03383
1
1
1
1
1
1
1
1
1
1
1
1
1
1
1
1
1
0.999997
1.00656
4.19915
8.32168
8.57343
8.46246
8.31024
8.08359
7.78318
7.41988
7.00937
6.5513
6.07347
1
1
1
1
1
1
1
1
1
1
1
1
1
1
1
1
1
1
0.999975
1.63666
7.25823
8.6409
8.41644
8.23301
7.98455
7.68398
7.33846
6.9562
6.53457
6.10038
1
1
1
1
1
1
1
1
1
1
1
1
1
1
1
1
1
1
0.999994
1.03343
4.9786
8.21211
8.247
8.10185
7.87155
7.58975
7.26387
6.90359
6.51536
6.11916
1
1
1
1
1
1
1
1
1
1
1
1
1
1
1
1
1
1
0.999999
1.00004
1.98836
7.32507
8.29045
8.05874
7.8085
7.52718
7.20958
6.86578
6.50675
6.14107
1
1
1
1
1
1
1
1
1
1
1
1
1
1
1
1
1
1
1
1
1.0743
5.21944
8.03633
7.92576
7.70466
7.44421
7.14426
6.82482
6.4926
6.15002
1
1
1
1
1
1
1
1
1
1
1
1
1
1
1
1
1
1
1
1
1.00039
2.12974
7.0661
7.9277
7.65885
7.39833
7.10798
6.80907
6.50012
6.17801
1
1
1
1
1
1
1
1
1
1
1
1
1
1
1
1
1
1
1
1
1
1.09402
4.93906
7.7097
7.57453
7.32656
7.06274
6.7877
6.50031
6.20363
1
1
1
1
1
1
1
1
1
1
1
1
1
1
1
1
1
1
1
1
1
1.00079
2.01499
6.53941
7.55357
7.29436
7.05804
6.79363
6.51483
6.23199
1
1
1
1
1
1
1
1
1
1
1
1
1
1
1
1
1
1
1
1
1
1
1.07458
4.07044
7.26714
7.26786
7.03543
6.78109
6.5192
6.24955
1
1
1
1
1
1
1
1
1
1
1
1
1
1
1
1
1
1
1
1
1
1
1.00074
1.63298
5.76921
7.31124
7.02056
6.78198
6.53416
6.27668
1
1
1
1
1
1
1
1
1
1
1
1
1
1
1
1
1
1
1
1
1
1
1
1.03093
2.91661
6.53646
7.00501
6.787
6.54939
6.30154
1
1
1
1
1
1
1
1
1
1
1
1
1
1
1
1
1
1
1
1
1
1
1
1.00027
1.25384
4.52936
6.94232
6.83503
6.60112
6.35574
1
1
1
1
1
1
1
1
1
1
1
1
1
1
1
1
1
1
1
1
1
1
1
1
1.00623
1.91809
5.67903
6.81731
6.61249
6.36728
1
1
1
1
1
1
1
1
1
1
1
1
1
1
1
1
1
1
1
1
1
1
1
1
1.00004
1.06288
2.99333
6.20175
6.63615
6.40172
1
1
1
1
1
1
1
1
1
1
1
1
1
1
1
1
1
1
1
1
1
1
1
1
1
1.00083
1.27627
4.19619
6.40552
6.44971
1
1
1
1
1
1
1
1
1
1
1
1
1
1
1
1
1
1
1
1
1
1
1
1
1
1
1.00787
1.76505
5.04155
6.38211
1
1
1
1
1
1
1
1
1
1
1
1
1
1
1
1
1
1
1
1
1
1
1
1
1
1
1.00005
1.04611
2.44967
5.55557
1
1
1
1
1
1
1
1
1
1
1
1
1
1
1
1
1
1
1
1
1
1
1
1
1
1
1
1.00059
1.15462
3.22216
1
1
1
1
1
1
1
1
1
1
1
1
1
1
1
1
1
1
1
1
1
1
1
1
1
1
1
1
1.0034
1.36647
1
1
1
1
1
1
1
1
1
1
1
1
1
1
1
1
1
1
1
1
1
1
1
1
1
1
1
1
1.00002
1.01367
1
1
1
1
1
1
1
1
1
1
1
1
1
1
1
1
1
1
1
1
1
1
1
1
1
1
1
1
1
1.00012
1
1
1
1
1
1
1
1
1
1
1
1
1
1
1
1
1
1
1
1
1
1
1
1
1
1
1
1
1
1
1
1
1
1
1
1
1
1
1
1
1
1
1
1
1
1
1
1
1
1
1
1
1
1
1
1
1
1
1
1
1
1
1
1
1
1
1
1
1
1
1
1
1
1
1
1
1
1
1
1
1
1
1
1
1
1
1
1
1
1
1
1
1
1
1
1
1
1
1
1
1
1
1
1
1
1
1
1
1
1
1
1
1
1
1
1
1
1
1
1
1
1
1
1
1
1
1
1
1
1
1
1
1
1
1
1
1
1
1
1
1
1
1
1
1
1
1
1
1
1
1
1
1
1
1
1
1
1
1
1
1
1
1
1
1
1
1
1
1
1
1
1
1
1
1
1
1
1
1
1
1
1
1
1
1
1
1
1
1
1
1
1
1
1
1
1
1
1
1
1
1
1
1
1
1
1
1
1
1
1
1
1
1
1
1
1
1
1
1
1
1
1
1
1
1
1
1
1
1
1
1
1
1
1
1
1
1
1
1
1
1
1
1
1
1
1
1
1
1
1
1
1
1
1
1
1
1
1
1
1
1
1
1
1
1
1
1
1
1
1
1.50476
0.309968
0.0928447
0.107729
0.173088
0.206261
0.257705
0.369374
0.503282
0.625189
0.72908
0.817366
0.893847
0.958599
1.01531
1.08512
1.14839
1.18504
1.18637
1.18605
1.17826
1.17193
1.17325
1.19861
1.24323
1.27812
1.28202
1.27912
1.26615
1.26403
1.26825
1.28278
1.31221
1.32371
1.32418
1.31557
1.30301
1.30085
1.30228
1.31157
1.32517
1.3276
1.32554
1.31822
1.31025
1.30161
1.31328
1.48777
2.36832
5.32874
7.10064
6.87659
6.60437
6.51367
6.40304
6.16765
5.95798
5.78641
5.6547
5.58604
5.55861
5.50185
5.39262
5.26854
5.12869
4.98533
4.88048
4.80884
4.75511
4.72923
4.70275
4.63939
4.56697
4.47818
4.35351
4.22368
4.13941
4.08062
4.03399
4.01207
4.00064
3.96448
3.91366
3.84721
3.74027
3.61993
3.54779
3.50164
3.46237
3.43746
3.42414
3.39567
3.35707
3.31238
3.23913
3.13053
3.05391
3.01519
2.98465
2.95879
2.9413
2.92191
2.89735
2.86932
2.8205
2.72776
2.64161
2.60436
2.58225
2.56321
2.54874
2.54108
2.52892
2.51217
2.48358
2.42122
2.33143
2.27383
2.2501
2.21526
2.56924
1.36564
0.714878
0.512285
0.501082
0.457479
0.409825
0.407229
0.412301
0.451022
0.507676
0.573757
0.6626
0.761433
0.842178
0.909609
0.983509
1.05961
1.08604
1.10932
1.13399
1.14655
1.16054
1.18648
1.21766
1.24893
1.26486
1.27131
1.27158
1.25801
1.25705
1.26275
1.28679
1.31076
1.31814
1.32153
1.31387
1.30097
1.2971
1.29957
1.31252
1.32584
1.32724
1.31966
1.30207
1.3117
1.45525
2.08047
2.74738
3.84287
5.69621
6.36345
6.38445
6.35792
6.22822
6.05097
5.9468
5.8212
5.69195
5.58097
5.49446
5.42575
5.35449
5.26451
5.16675
5.05591
4.93565
4.83439
4.76082
4.7011
4.6537
4.61024
4.5491
4.47416
4.38278
4.27957
4.1789
4.1009
4.04626
4.00633
3.97256
3.93102
3.8846
3.82858
3.75215
3.66223
3.57438
3.51292
3.47156
3.4402
3.41512
3.38176
3.34375
3.29901
3.23768
3.15659
3.07539
3.02133
2.98806
2.96137
2.93768
2.91245
2.8865
2.85595
2.81299
2.74589
2.66899
2.61491
2.58461
2.56449
2.54792
2.53048
2.51013
2.48758
2.46012
2.41533
2.35413
2.30032
2.2669
2.22323
3.38877
2.26454
1.57431
1.0965
0.893584
0.761039
0.602673
0.541129
0.509073
0.480461
0.499168
0.553364
0.610784
0.669972
0.730705
0.775941
0.828358
0.917267
0.98752
1.04464
1.10614
1.1631
1.19674
1.21868
1.22498
1.23629
1.25819
1.27166
1.27794
1.27951
1.27567
1.27345
1.27563
1.2881
1.30084
1.31369
1.32225
1.3225
1.31355
1.30453
1.30233
1.30917
1.31664
1.31586
1.33988
1.49398
2.08764
2.88385
3.10626
3.18258
3.95155
5.37032
6.26415
6.33398
6.21842
6.09433
5.97745
5.85463
5.74744
5.61587
5.46515
5.35856
5.27877
5.21271
5.15431
5.08052
5.0013
4.91129
4.8033
4.69102
4.61078
4.54817
4.4834
4.42068
4.36002
4.30036
4.23826
4.16573
4.08386
4.00935
3.9488
3.89283
3.8335
3.77337
3.72514
3.67787
3.62241
3.54841
3.48542
3.44471
3.40608
3.36532
3.31894
3.26537
3.21226
3.16431
3.11252
3.05176
2.99847
2.96237
2.93195
2.90206
2.86911
2.8288
2.78177
2.73725
2.69424
2.6496
2.60516
2.56914
2.54139
2.51631
2.48998
2.45729
2.41788
2.37865
2.34831
2.3221
2.29704
2.24607
4.00784
2.98305
2.21893
1.69097
1.38434
1.14819
0.958435
0.850771
0.785483
0.685987
0.651927
0.646907
0.623831
0.626296
0.641334
0.655746
0.675482
0.733132
0.827293
0.903673
0.970536
1.04832
1.10314
1.1385
1.16614
1.1885
1.21615
1.24795
1.26885
1.28821
1.29301
1.29216
1.28513
1.28138
1.28724
1.29541
1.3021
1.30725
1.31039
1.30726
1.30126
1.30396
1.30695
1.33042
1.5276
2.08329
2.91915
3.20989
3.24598
3.18405
3.19029
3.72087
4.9523
5.70322
6.02747
6.1231
6.01818
5.89871
5.75726
5.61967
5.47615
5.33446
5.24699
5.1794
5.12246
5.06766
5.00421
4.9326
4.84203
4.72677
4.61153
4.52697
4.4573
4.39618
4.34311
4.29352
4.24366
4.18652
4.10905
4.01344
3.93211
3.86517
3.80371
3.7568
3.71928
3.68456
3.64334
3.58747
3.50718
3.43311
3.38415
3.33832
3.28599
3.234
3.19723
3.16562
3.13071
3.08466
3.02351
2.96495
2.92417
2.88924
2.84906
2.80011
2.75413
2.72345
2.69833
2.67059
2.63293
2.58487
2.54143
2.50755
2.47367
2.43262
2.38648
2.35286
2.33551
2.31895
2.30352
2.26302
4.47055
3.56951
2.81968
2.25829
1.88196
1.5484
1.27875
1.17197
1.07732
0.955031
0.852784
0.803854
0.745148
0.687481
0.683672
0.673804
0.669624
0.678684
0.701742
0.734696
0.78587
0.873314
0.965014
1.03127
1.09307
1.13025
1.15638
1.18903
1.21446
1.2355
1.26691
1.28998
1.29317
1.28966
1.28863
1.29216
1.29528
1.3026
1.31315
1.31872
1.31506
1.30746
1.32241
1.51268
2.18299
2.80046
3.24976
3.29966
3.27768
3.20356
3.13313
3.12139
3.46101
4.3721
5.345
5.79174
5.93648
5.94925
5.80925
5.66208
5.50683
5.34234
5.21763
5.14343
5.08272
5.0396
4.99741
4.93736
4.86549
4.77195
4.64059
4.50777
4.43189
4.37988
4.33343
4.29114
4.24262
4.18863
4.11623
4.00525
3.89009
3.82512
3.78459
3.7506
3.72504
3.69936
3.66328
3.61888
3.54436
3.43392
3.34672
3.2915
3.24932
3.21722
3.19298
3.17076
3.14152
3.10586
3.0535
2.97949
2.91238
2.86406
2.81878
2.77494
2.7449
2.72327
2.70179
2.67801
2.64697
2.60106
2.54419
2.49387
2.45003
2.40681
2.37457
2.35692
2.34081
2.32173
2.3035
2.26141
4.80213
4.01653
3.28897
2.73756
2.34079
1.99597
1.67064
1.47945
1.34219
1.21042
1.10393
1.02989
0.955822
0.866185
0.830372
0.796824
0.751217
0.730416
0.728276
0.719306
0.720238
0.734603
0.771937
0.823125
0.892985
0.97709
1.02969
1.08185
1.13511
1.17688
1.22453
1.26129
1.28127
1.28674
1.2786
1.2728
1.27773
1.28858
1.30673
1.3177
1.31746
1.33715
1.50346
2.23441
2.90536
3.18024
3.30092
3.27796
3.24015
3.18667
3.11462
3.08708
3.06107
3.23262
3.90991
4.86514
5.57123
5.73932
5.75674
5.68741
5.55986
5.40249
5.22902
5.10941
5.0382
4.98929
4.95801
4.91979
4.85901
4.78667
4.67843
4.52529
4.41619
4.35869
4.30994
4.26976
4.22285
4.17231
4.11042
4.01501
3.89125
3.81661
3.77815
3.74426
3.71884
3.69542
3.6623
3.62213
3.55563
3.43746
3.32232
3.26642
3.23303
3.20473
3.18659
3.17275
3.1476
3.11661
3.07287
2.99375
2.89676
2.82971
2.78859
2.76196
2.7412
2.72211
2.70152
2.67961
2.65367
2.6148
2.55032
2.47219
2.41934
2.39272
2.37631
2.36203
2.34667
2.32788
2.30884
2.26025
5.06238
4.36991
3.70348
3.17021
2.74258
2.34297
2.04213
1.83282
1.64404
1.464
1.33803
1.22886
1.13454
1.04677
0.97988
0.928718
0.879931
0.836756
0.812634
0.783872
0.749785
0.738738
0.737654
0.746025
0.763994
0.800398
0.850856
0.9107
0.986718
1.05763
1.11252
1.17126
1.23697
1.26808
1.2717
1.25966
1.2588
1.26868
1.28001
1.30145
1.34004
1.57936
2.20222
3.03365
3.24777
3.28934
3.27221
3.22539
3.17538
3.15225
3.12092
3.08315
3.05268
3.00505
3.06764
3.46258
4.3411
5.13814
5.51896
5.59417
5.56685
5.44489
5.29096
5.14025
5.02587
4.95766
4.90878
4.88857
4.84236
4.77504
4.69126
4.56982
4.43166
4.34536
4.28956
4.24149
4.19462
4.14502
4.09097
4.02013
3.92062
3.82534
3.77469
3.73755
3.70624
3.6806
3.64401
3.59789
3.53293
3.43555
3.32262
3.25923
3.22773
3.20145
3.18761
3.18226
3.15917
3.12637
3.07782
2.99224
2.87942
2.81276
2.78493
2.76301
2.74254
2.72399
2.70303
2.6809
2.65557
2.61848
2.53994
2.45327
2.41656
2.39964
2.38429
2.36843
2.35107
2.33052
2.30919
2.25186
5.25181
4.62568
4.02487
3.52886
3.0997
2.68636
2.37465
2.13537
1.91603
1.71321
1.585
1.46492
1.33217
1.23314
1.14625
1.06817
1.02539
0.989051
0.947569
0.906974
0.862019
0.814893
0.774627
0.753375
0.757121
0.762426
0.771614
0.791329
0.821118
0.872443
0.938051
1.00172
1.0706
1.14296
1.22302
1.25186
1.25812
1.25728
1.26093
1.29116
1.57818
2.3276
2.9518
3.27815
3.32413
3.3188
3.26399
3.18546
3.14121
3.12399
3.10716
3.07709
3.0448
3.00284
2.94611
2.93494
3.12336
3.76142
4.6234
5.18694
5.35985
5.39889
5.32437
5.1901
5.05957
4.96392
4.89789
4.836
4.77945
4.72636
4.66569
4.58659
4.47277
4.35457
4.28065
4.22676
4.17565
4.12545
4.07498
4.01858
3.9431
3.84827
3.77162
3.72407
3.68341
3.64039
3.59506
3.54782
3.49882
3.44034
3.36157
3.27949
3.23507
3.20794
3.18403
3.15652
3.12524
3.08969
3.04671
2.97703
2.88028
2.81712
2.79069
2.76934
2.75018
2.73264
2.71092
2.68784
2.65673
2.58971
2.50242
2.44702
2.42382
2.40638
2.39033
2.37292
2.35364
2.32964
2.3001
2.2262
5.40945
4.8282
4.28519
3.8293
3.39229
2.98014
2.68846
2.42886
2.18427
1.9596
1.80324
1.66682
1.53189
1.42722
1.34259
1.23829
1.14676
1.10911
1.06384
1.00529
0.959965
0.924168
0.892106
0.855099
0.805533
0.777256
0.775577
0.783453
0.806583
0.813517
0.820825
0.841132
0.877822
0.939643
1.02416
1.113
1.20899
1.23172
1.28056
1.55214
2.39769
2.98127
3.23352
3.3128
3.32291
3.29102
3.22341
3.14016
3.09743
3.08158
3.07007
3.04633
3.02134
2.98382
2.93177
2.87458
2.83212
2.90458
3.27421
4.0686
4.73276
5.16225
5.20774
5.18421
5.08309
4.99613
4.91318
4.80722
4.73565
4.6776
4.61977
4.55985
4.48499
4.38464
4.28965
4.22576
4.17133
4.11909
4.0677
4.01271
3.94397
3.8542
3.76698
3.70699
3.6596
3.61204
3.56387
3.51768
3.47608
3.43743
3.39171
3.32613
3.24927
3.19684
3.16202
3.12848
3.09189
3.05139
3.00624
2.95492
2.89538
2.83511
2.79722
2.77534
2.75854
2.74355
2.72238
2.68997
2.63059
2.54981
2.48213
2.45398
2.43274
2.41138
2.39049
2.37024
2.3503
2.32531
2.28256
2.20064
5.51991
4.98575
4.4957
4.06656
3.63282
3.25217
2.9523
2.67927
2.40833
2.2128
2.04192
1.87508
1.69672
1.58901
1.507
1.41814
1.32195
1.25624
1.19967
1.12755
1.06049
1.03129
1.00939
0.976534
0.926405
0.862819
0.816442
0.806185
0.808386
0.810639
0.813704
0.811423
0.807278
0.813446
0.841086
0.902731
0.999168
1.11732
1.43138
2.22023
2.95629
3.21577
3.28577
3.29682
3.2486
3.20054
3.16613
3.12425
3.07813
3.04044
3.02374
3.01262
2.99279
2.95982
2.91288
2.85592
2.80898
2.7705
2.76439
2.93901
3.4815
4.31552
4.77398
5.00597
5.02268
5.00427
4.92334
4.80824
4.70499
4.63579
4.57338
4.5181
4.46223
4.39382
4.31008
4.23212
4.17145
4.11973
4.06994
4.01518
3.94442
3.84813
3.74722
3.67886
3.63235
3.589
3.54503
3.50371
3.46874
3.43668
3.40107
3.35031
3.27298
3.19055
3.13254
3.0909
3.05472
3.01648
2.97482
2.94001
2.91163
2.87748
2.8288
2.78242
2.7554
2.73051
2.69912
2.6561
2.59472
2.52247
2.48208
2.45747
2.43466
2.41261
2.39016
2.36637
2.34083
2.30593
2.25558
2.18331
5.60182
5.11913
4.66996
4.26212
3.84442
3.48912
3.19506
2.90778
2.62439
2.42682
2.24566
2.07142
1.89537
1.77903
1.66577
1.54866
1.46401
1.40076
1.34181
1.28195
1.20566
1.12216
1.073
1.0467
1.0178
0.981274
0.94184
0.900541
0.856239
0.825124
0.820573
0.826161
0.828456
0.823225
0.812652
0.814725
0.843765
1.0925
1.80867
2.55039
2.8267
3.05987
3.12936
3.11963
3.11244
3.11197
3.10065
3.09196
3.04946
2.99865
2.98035
2.98225
2.9625
2.92593
2.88281
2.82919
2.7858
2.74614
2.71644
2.68257
2.73926
3.05296
3.7029
4.3852
4.75613
4.83276
4.86943
4.80476
4.69849
4.62204
4.54734
4.48932
4.43641
4.37508
4.30616
4.23188
4.16476
4.11067
4.06228
4.01057
3.94604
3.85969
3.75143
3.65433
3.59841
3.56131
3.52719
3.49409
3.46208
3.42984
3.39388
3.34731
3.28158
3.19723
3.11876
3.06366
3.0215
2.98537
2.95756
2.93697
2.91962
2.89607
2.86089
2.80624
2.7491
2.70351
2.6617
2.61715
2.56422
2.52218
2.49288
2.4609
2.43009
2.40518
2.38295
2.36105
2.33369
2.28978
2.23684
2.17915
5.66209
5.22388
4.80911
4.4164
4.03576
3.69206
3.39343
3.10335
2.84157
2.63502
2.44418
2.23608
2.06855
1.95079
1.83881
1.7231
1.62126
1.5245
1.44152
1.39629
1.34887
1.28118
1.19035
1.11354
1.08958
1.0768
1.05428
1.01847
0.969776
0.905893
0.857844
0.851123
0.855232
0.844054
0.829261
0.845185
1.03277
1.62809
2.2077
2.45962
2.52569
2.58123
2.65189
2.7381
2.8289
2.91214
2.9684
2.98602
2.97003
2.9489
2.95243
2.95544
2.92231
2.88484
2.84801
2.79869
2.75164
2.71308
2.68318
2.66382
2.63437
2.6149
2.73694
3.13338
3.80305
4.30547
4.65823
4.69483
4.6703
4.62509
4.55456
4.49339
4.42683
4.35754
4.28748
4.21376
4.14265
4.08152
4.0287
3.97748
3.92077
3.85556
3.7772
3.67953
3.58621
3.53424
3.50352
3.4753
3.44431
3.41142
3.37406
3.32843
3.27139
3.20149
3.12613
3.05872
3.00754
2.97373
2.94954
2.92983
2.9136
2.89015
2.8615
2.8167
2.7472
2.68171
2.63065
2.58222
2.5482
2.52901
2.50471
2.47103
2.42947
2.40215
2.38553
2.36341
2.33131
2.28484
2.23965
2.18252
5.71077
5.30935
4.93126
4.55556
4.19354
3.87708
3.58307
3.28637
3.03585
2.82061
2.62043
2.41862
2.25746
2.11743
1.9813
1.85779
1.77585
1.69426
1.5926
1.47613
1.42486
1.3877
1.32981
1.26136
1.18531
1.13358
1.11539
1.096
1.06686
1.027
0.969773
0.911917
0.889552
0.874429
0.886849
1.04501
1.66049
2.22849
2.4099
2.38545
2.36908
2.34813
2.33149
2.33357
2.37086
2.43483
2.53109
2.63249
2.74129
2.82464
2.86097
2.85201
2.84143
2.83158
2.81406
2.77211
2.70966
2.67697
2.66419
2.64302
2.61146
2.57024
2.5161
2.53483
2.71747
3.1546
3.78783
4.24253
4.47274
4.54019
4.54802
4.51539
4.43662
4.35431
4.27344
4.18982
4.11904
4.05095
3.98643
3.92775
3.8745
3.82583
3.77765
3.71735
3.62947
3.53339
3.47728
3.44531
3.41373
3.38068
3.346
3.30594
3.25598
3.19339
3.12455
3.06722
3.02728
2.99372
2.95877
2.92475
2.89609
2.87263
2.84844
2.8074
2.74065
2.66385
2.60278
2.56816
2.54858
2.52776
2.50457
2.47747
2.44119
2.39864
2.35872
2.32662
2.29709
2.27122
2.2491
2.20126
5.75944
5.38746
5.03235
4.67318
4.3383
4.03767
3.74236
3.45189
3.21738
2.9984
2.78338
2.57861
2.42866
2.28313
2.14751
2.00028
1.89391
1.81208
1.72724
1.63466
1.53963
1.44609
1.40418
1.37261
1.32261
1.2584
1.18415
1.14388
1.13069
1.11282
1.07849
1.02136
0.966778
0.968857
1.12029
1.71018
2.37908
2.533
2.48891
2.43686
2.39159
2.35219
2.31617
2.28523
2.24767
2.22209
2.21789
2.24532
2.30273
2.39318
2.49011
2.57495
2.6307
2.65534
2.67847
2.6668
2.64951
2.65181
2.64889
2.61892
2.57573
2.52842
2.48801
2.45605
2.42459
2.4637
2.68152
3.17883
3.72419
4.17252
4.33332
4.41613
4.41006
4.34927
4.27352
4.17634
4.0858
4.01457
3.95249
3.89419
3.84231
3.7999
3.76244
3.72064
3.66042
3.57272
3.47954
3.41977
3.37929
3.34321
3.31081
3.27905
3.24053
3.18727
3.12132
3.06834
3.0367
3.00802
2.97436
2.93442
2.88953
2.84072
2.78754
2.74264
2.70052
2.64808
2.60644
2.58218
2.55856
2.53337
2.50753
2.48026
2.44732
2.39869
2.34164
2.30264
2.2755
2.25779
2.24418
2.20941
5.80019
5.45775
5.11686
4.78181
4.47409
4.17846
3.88228
3.61688
3.38151
3.15707
2.93162
2.75064
2.58998
2.43196
2.27777
2.14903
2.04672
1.93768
1.81691
1.7447
1.67325
1.57827
1.48362
1.44121
1.41014
1.36673
1.31257
1.24975
1.18056
1.15312
1.13537
1.10232
1.0995
1.26824
1.88542
2.58624
2.75575
2.68022
2.58603
2.50645
2.46248
2.41407
2.35982
2.31266
2.27247
2.22403
2.18965
2.16405
2.13322
2.11603
2.1254
2.14904
2.20044
2.26691
2.33345
2.41263
2.47844
2.53145
2.53794
2.50711
2.49345
2.48905
2.46567
2.43396
2.39372
2.35321
2.33234
2.39813
2.64197
3.146
3.64521
4.06202
4.24201
4.26243
4.24129
4.15803
4.06111
3.98748
3.93211
3.88116
3.83237
3.78303
3.73782
3.69231
3.64206
3.58094
3.50575
3.4277
3.36401
3.3141
3.27541
3.24624
3.21691
3.17868
3.12793
3.06874
3.02386
2.99679
2.97055
2.93881
2.8927
2.82423
2.75149
2.69265
2.65351
2.63232
2.61617
2.59895
2.57768
2.55301
2.52354
2.48616
2.43293
2.36257
2.30861
2.28212
2.2668
2.25383
2.24316
2.21082
5.85176
5.52941
5.19936
4.88531
4.59291
4.30068
4.01111
3.76583
3.52946
3.30177
3.07698
2.90535
2.73526
2.57848
2.41396
2.28677
2.17288
2.0629
1.94084
1.83983
1.77254
1.69771
1.61249
1.54564
1.47554
1.42139
1.39695
1.36173
1.30028
1.22359
1.17941
1.19218
1.3687
2.06548
2.82429
2.99903
2.91125
2.79308
2.69696
2.61994
2.56038
2.51129
2.46332
2.41594
2.37008
2.31816
2.26031
2.19164
2.12382
2.08887
2.0691
2.05846
2.04172
2.01941
2.01124
2.03563
2.09475
2.15458
2.22423
2.29128
2.3312
2.35888
2.36511
2.37658
2.36832
2.34232
2.30088
2.2539
2.24414
2.3218
2.59878
3.06889
3.56305
3.92631
4.09706
4.08255
4.03915
3.9949
3.93418
3.88372
3.84234
3.79061
3.72997
3.65498
3.58705
3.54098
3.49611
3.44262
3.38186
3.31756
3.26026
3.21726
3.18631
3.15711
3.12265
3.07192
3.00464
2.96478
2.94505
2.9207
2.88033
2.81824
2.73514
2.66865
2.64009
2.62371
2.6094
2.59589
2.57929
2.56118
2.5358
2.49049
2.41534
2.33047
2.28382
2.26713
2.2535
2.2421
2.2364
2.20569
5.897
5.58253
5.27277
4.98028
4.6908
4.40006
4.1389
3.89923
3.66493
3.42566
3.22729
3.0494
2.8754
2.70345
2.54977
2.42528
2.29459
2.17645
2.05954
1.96295
1.87361
1.78907
1.71849
1.66085
1.59642
1.50809
1.43956
1.42101
1.38447
1.31639
1.31006
1.50778
2.20097
3.05358
3.19885
3.11034
3.01138
2.9316
2.84941
2.76087
2.68134
2.62274
2.57169
2.51695
2.46111
2.4063
2.3491
2.28434
2.21172
2.13926
2.08099
2.04477
2.01606
1.99822
1.98419
1.95505
1.91635
1.87903
1.8782
1.90886
1.96698
2.03181
2.09907
2.17589
2.24704
2.25792
2.24389
2.20181
2.16443
2.1493
2.15948
2.25076
2.5422
2.98742
3.50879
3.76902
3.88614
3.90033
3.87784
3.87848
3.84795
3.79503
3.74083
3.66405
3.56698
3.48448
3.44711
3.41972
3.38039
3.32761
3.26922
3.21218
3.16744
3.13582
3.10636
3.0665
3.00579
2.93851
2.89224
2.86271
2.83487
2.79529
2.7473
2.70174
2.65597
2.62141
2.60241
2.59117
2.58451
2.56496
2.53177
2.4725
2.39193
2.32593
2.28751
2.26079
2.24268
2.22807
2.2203
2.19724
5.94029
5.63606
5.34346
5.0655
4.78284
4.5023
4.25822
4.02099
3.78511
3.55402
3.36807
3.1798
3.00586
2.82414
2.68711
2.54792
2.41762
2.28689
2.1783
2.08379
1.98961
1.89681
1.81069
1.74701
1.69363
1.6256
1.54726
1.47853
1.42868
1.43681
1.67675
2.45601
3.2294
3.41004
3.34307
3.24756
3.16692
3.09532
3.00693
2.90215
2.79234
2.71446
2.66172
2.60965
2.55697
2.50523
2.44771
2.381
2.30529
2.22717
2.16069
2.10329
2.05552
2.02087
1.99187
1.96523
1.93164
1.88128
1.8042
1.76027
1.75162
1.76069
1.791
1.83858
1.91448
1.99604
2.03866
2.04822
2.06574
2.06278
2.03384
2.03427
2.06703
2.18701
2.49443
2.92596
3.36125
3.60163
3.66716
3.72058
3.74957
3.7696
3.74201
3.68254
3.61159
3.51335
3.41632
3.36309
3.33236
3.29868
3.25822
3.21402
3.16649
3.12256
3.08681
3.0501
3.00313
2.93835
2.86617
2.81508
2.78545
2.7639
2.74478
2.72112
2.68798
2.64903
2.60789
2.56821
2.53122
2.50222
2.46766
2.42019
2.37089
2.33709
2.30426
2.26736
2.23754
2.21591
2.20221
2.1701
5.9697
5.68765
5.41313
5.13892
4.86162
4.60813
4.369
4.13166
3.889
3.68684
3.49439
3.30701
3.11557
2.95312
2.8118
2.66569
2.53428
2.4015
2.29925
2.19045
2.09576
2.00242
1.92569
1.8485
1.76479
1.70441
1.64044
1.56251
1.57039
1.82628
2.71985
3.50551
3.65848
3.56866
3.46013
3.3807
3.30718
3.22385
3.12266
3.00796
2.90261
2.81976
2.75889
2.70696
2.655
2.60164
2.54444
2.4782
2.397
2.30108
2.22058
2.17117
2.13034
2.08996
2.0517
2.0182
1.98142
1.92477
1.8294
1.74697
1.72004
1.70635
1.69664
1.6972
1.70737
1.71539
1.73849
1.75701
1.76696
1.80032
1.8389
1.87012
1.89534
1.92231
1.98627
2.15133
2.42148
2.81889
3.20804
3.44562
3.51364
3.58121
3.63688
3.66608
3.63444
3.56992
3.46395
3.34504
3.28394
3.24265
3.21324
3.19146
3.16198
3.11939
3.07143
3.02498
2.97984
2.93064
2.87207
2.80782
2.76167
2.74043
2.72355
2.70534
2.68576
2.66048
2.61939
2.55845
2.49715
2.44866
2.40961
2.3757
2.35771
2.34136
2.31861
2.28242
2.23768
2.20255
2.18058
2.14234
6.00768
5.74133
5.4795
5.21227
4.94729
4.70735
4.47225
4.23189
4.00281
3.8095
3.61306
3.42231
3.22906
3.08171
2.9264
2.78663
2.63996
2.52374
2.41454
2.30381
2.20247
2.102
2.02651
1.94694
1.86852
1.78085
1.70364
1.72612
2.05232
2.99193
3.88195
3.91843
3.79358
3.6597
3.54602
3.48055
3.41772
3.34304
3.25484
3.13091
3.00337
2.91815
2.85235
2.79601
2.74253
2.68863
2.63134
2.56433
2.47798
2.37013
2.28027
2.22776
2.18748
2.15203
2.11826
2.08167
2.03856
1.98457
1.90803
1.80817
1.7374
1.70552
1.68542
1.67168
1.66048
1.65183
1.64096
1.62209
1.58491
1.56932
1.58154
1.60441
1.64803
1.70554
1.73575
1.78178
1.87281
2.01742
2.28018
2.65997
3.03038
3.23568
3.39261
3.51304
3.56981
3.56747
3.50795
3.38556
3.26447
3.20355
3.1839
3.16855
3.14032
3.10855
3.06739
3.01473
2.95904
2.91069
2.86731
2.81676
2.76011
2.72451
2.70189
2.68006
2.65878
2.63669
2.60681
2.5562
2.47579
2.40667
2.36911
2.35281
2.34219
2.3309
2.31599
2.29062
2.24509
2.19062
2.15713
2.11613
6.04837
5.79372
5.53546
5.27666
5.0342
4.79792
4.56022
4.31982
4.11669
3.91738
3.72281
3.51837
3.35178
3.19678
3.0413
2.89128
2.7498
2.64167
2.5192
2.41256
2.29645
2.21061
2.12134
2.03488
1.95069
1.85749
1.88997
2.3253
3.32009
4.18472
4.22625
4.08282
3.91752
3.77669
3.68713
3.61744
3.54349
3.4648
3.37519
3.25819
3.11869
3.00993
2.93371
2.87004
2.81414
2.76092
2.70593
2.64313
2.56049
2.44843
2.34655
2.28914
2.24621
2.20612
2.16928
2.13231
2.09159
2.04153
1.97584
1.89613
1.82095
1.76509
1.72499
1.68956
1.65815
1.63387
1.61095
1.58855
1.57021
1.53656
1.50452
1.47755
1.4686
1.48075
1.50147
1.52289
1.56495
1.61225
1.68006
1.8116
2.08318
2.4686
2.82925
3.09397
3.34169
3.43828
3.43813
3.40845
3.3136
3.20655
3.13074
3.08993
3.07618
3.07188
3.04556
3.00972
2.96619
2.91434
2.85883
2.80149
2.74534
2.70813
2.68211
2.65589
2.62913
2.60563
2.58434
2.54406
2.46321
2.39219
2.362
2.3416
2.32562
2.31427
2.30306
2.28542
2.24929
2.18593
2.13474
2.09278
6.10552
5.85444
5.5984
5.34672
5.11057
4.8792
4.64249
4.41957
4.21835
4.01835
3.81898
3.62635
3.47109
3.30603
3.15504
2.99078
2.86997
2.74769
2.62748
2.51034
2.39866
2.31023
2.21503
2.1242
2.02639
2.06895
2.63012
3.73767
4.50634
4.56613
4.42509
4.25736
4.0903
3.92876
3.826
3.73534
3.64213
3.54955
3.45778
3.35765
3.23679
3.11025
3.01452
2.94112
2.88043
2.82609
2.77114
2.71066
2.63771
2.54364
2.43581
2.35258
2.29533
2.24563
2.19843
2.1534
2.10936
2.06687
2.02124
1.968
1.90672
1.83859
1.77347
1.72403
1.68671
1.65568
1.62712
1.59979
1.57139
1.5396
1.50295
1.46663
1.43831
1.41617
1.40825
1.40752
1.41283
1.41771
1.42544
1.44124
1.48141
1.59404
1.86706
2.25216
2.69103
2.99646
3.21996
3.28678
3.27216
3.2259
3.14228
3.05789
3.02143
3.00559
3.00698
2.98825
2.96098
2.91915
2.8492
2.76598
2.70453
2.6769
2.6602
2.64231
2.61918
2.58683
2.53885
2.47951
2.42684
2.391
2.36689
2.34459
2.32288
2.30283
2.28444
2.26274
2.23015
2.17243
2.11603
2.0763
6.12409
5.87524
5.63334
5.40257
5.17068
4.93892
4.71457
4.51599
4.31225
4.11211
3.90573
3.74019
3.57487
3.4141
3.24957
3.10058
2.98054
2.84641
2.72849
2.59775
2.50081
2.39986
2.30459
2.20607
2.27002
2.9344
4.16337
4.84444
4.85238
4.70327
4.54447
4.40635
4.23109
4.04675
3.9296
3.83021
3.73033
3.63409
3.54421
3.45468
3.35163
3.2253
3.10623
3.01603
2.94213
2.87802
2.81761
2.75591
2.6903
2.61648
2.53082
2.44104
2.3625
2.29791
2.24206
2.19053
2.13955
2.09185
2.05287
2.01701
1.97657
1.92853
1.87173
1.80146
1.72589
1.675
1.64184
1.61236
1.58736
1.56421
1.53384
1.49564
1.44672
1.40362
1.38382
1.37712
1.37194
1.36399
1.35438
1.34061
1.31276
1.2974
1.31652
1.41843
1.66927
2.07323
2.49339
2.85461
3.07222
3.12479
3.1027
3.03444
3.00577
3.00298
2.99566
2.96881
2.93659
2.89599
2.82994
2.73256
2.67757
2.6665
2.65906
2.64677
2.62315
2.58227
2.5243
2.45559
2.40341
2.37853
2.36031
2.34331
2.32327
2.29962
2.27278
2.24191
2.20211
2.14817
2.1036
2.06917
6.15319
5.91702
5.68905
5.46641
5.24152
5.01345
4.80743
4.60656
4.40484
4.19612
4.01036
3.84765
3.67557
3.51425
3.34217
3.21475
3.07796
2.94877
2.8163
2.69744
2.59185
2.49034
2.39838
2.52877
3.36027
4.70974
5.14979
5.14723
4.99686
4.83507
4.69525
4.55805
4.38039
4.15747
4.01634
3.92117
3.82541
3.73403
3.64572
3.55506
3.45186
3.32941
3.20143
3.09267
3.00362
2.92594
2.85611
2.79124
2.72964
2.66784
2.60069
2.52657
2.44846
2.37013
2.29644
2.23049
2.17154
2.11962
2.07441
2.03399
1.99726
1.9618
1.92213
1.87172
1.80689
1.73696
1.67622
1.63204
1.60367
1.57905
1.55431
1.52851
1.4932
1.43518
1.38605
1.36514
1.34945
1.3364
1.32594
1.31512
1.30449
1.27567
1.22763
1.20946
1.22185
1.30003
1.50479
1.8699
2.29343
2.69674
2.88273
2.89769
2.90203
2.90137
2.92649
2.95522
2.94434
2.90549
2.83473
2.75861
2.694
2.63754
2.59342
2.57435
2.56184
2.54529
2.5122
2.46609
2.43094
2.39565
2.35735
2.33791
2.32051
2.29523
2.26363
2.22532
2.18315
2.12995
2.09976
2.06964
6.21934
5.97812
5.75782
5.53893
5.31233
5.09249
4.8908
4.68832
4.48616
4.28112
4.11225
3.93695
3.77072
3.59496
3.44758
3.31612
3.17209
3.04284
2.90158
2.7876
2.68201
2.59453
2.77247
3.83363
5.3035
5.64978
5.4415
5.22271
5.08748
4.9844
4.85985
4.7115
4.53914
4.32005
4.13931
4.0234
3.91904
3.81963
3.72509
3.6318
3.53414
3.4267
3.30937
3.19088
3.08109
2.98357
2.89753
2.82293
2.75937
2.70192
2.64383
2.58167
2.51344
2.43865
2.36025
2.28419
2.21493
2.15444
2.10347
2.06064
2.02319
1.98805
1.95218
1.91079
1.85549
1.77784
1.70119
1.66185
1.63824
1.61532
1.59037
1.56385
1.53197
1.48275
1.42175
1.3759
1.34905
1.33228
1.32101
1.31161
1.30078
1.27955
1.24083
1.19335
1.16632
1.15938
1.16556
1.2125
1.36818
1.67468
2.05677
2.44304
2.68533
2.71325
2.77405
2.81444
2.83928
2.83945
2.83069
2.79759
2.73649
2.65224
2.5839
2.54358
2.51533
2.4927
2.47864
2.47415
2.45952
2.42544
2.37465
2.32447
2.28097
2.24677
2.21594
2.19362
2.17018
2.14008
2.10976
2.05581
6.27656
6.04058
5.82031
5.59909
5.37414
5.16906
4.96534
4.76347
4.55383
4.3738
4.20191
4.02718
3.85609
3.68317
3.55167
3.40416
3.27009
3.12676
2.9894
2.87824
2.80113
3.05482
4.25329
5.73599
6.2008
6.01903
5.66175
5.34938
5.19497
5.10407
4.98879
4.83842
4.67845
4.49506
4.28539
4.12787
4.00789
3.89688
3.79186
3.69249
3.59628
3.49854
3.39681
3.29143
3.18345
3.07369
2.96726
2.87204
2.79224
2.72598
2.666
2.60874
2.5527
2.49183
2.4207
2.33926
2.25541
2.18475
2.13385
2.09466
2.06057
2.02743
1.9909
1.94488
1.88083
1.79737
1.72413
1.68461
1.66024
1.63775
1.61507
1.59255
1.56824
1.53237
1.48001
1.42369
1.37966
1.34894
1.32654
1.30889
1.29328
1.28005
1.25782
1.20957
1.16161
1.14201
1.13319
1.12711
1.12784
1.15346
1.26079
1.48806
1.82423
2.15167
2.50912
2.62948
2.68435
2.7202
2.73465
2.72518
2.70976
2.67659
2.61045
2.53515
2.50265
2.48842
2.47327
2.45183
2.42205
2.39462
2.36337
2.31086
2.25772
2.22455
2.20136
2.17857
2.15363
2.13397
2.10913
2.05006
6.26627
6.10656
5.87866
5.65319
5.44203
5.24108
5.03819
4.82955
4.63517
4.46638
4.28599
4.11529
3.93127
3.78708
3.64454
3.49469
3.35912
3.1986
3.07409
3.02116
3.38242
4.8069
6.23379
6.45749
6.28129
6.02461
5.80207
5.56951
5.37085
5.22638
5.07934
4.92181
4.76636
4.60749
4.43943
4.26954
4.11083
3.97177
3.85095
3.74333
3.64476
3.55136
3.46066
3.36966
3.27379
3.16933
3.05768
2.94761
2.84987
2.76763
2.69638
2.63354
2.57877
2.52599
2.46645
2.39221
2.30326
2.21968
2.16287
2.12347
2.08864
2.05375
2.01632
1.97046
1.90508
1.82258
1.76027
1.72642
1.69967
1.6711
1.63893
1.60373
1.56924
1.53908
1.50549
1.46094
1.42186
1.39112
1.36314
1.3359
1.30832
1.28095
1.25476
1.22394
1.17852
1.14354
1.12768
1.11804
1.11055
1.10562
1.10161
1.10518
1.16243
1.30415
1.57957
1.93991
2.25956
2.56102
2.61895
2.61876
2.60819
2.58118
2.55121
2.54271
2.53005
2.50531
2.47883
2.44919
2.41512
2.36943
2.30547
2.26208
2.24505
2.22761
2.20697
2.17877
2.15273
2.11935
2.07201
2.0117
5.80764
6.14925
5.96641
5.71693
5.51323
5.31641
5.11345
4.90134
4.72445
4.54822
4.37432
4.19203
4.02267
3.88538
3.72646
3.59183
3.42554
3.27793
3.25144
3.7916
5.49695
6.81095
7.01111
6.72606
6.35102
6.13675
5.98481
5.80709
5.58819
5.36739
5.17532
5.00222
4.84564
4.70038
4.55961
4.41251
4.25279
4.08882
3.93606
3.80246
3.68751
3.58741
3.49734
3.41307
3.32948
3.23975
3.13767
3.024
2.91353
2.82065
2.74364
2.67723
2.61736
2.55873
2.49649
2.42461
2.33942
2.25589
2.19644
2.15448
2.11739
2.08044
2.04093
1.99301
1.92777
1.84798
1.78439
1.75019
1.7262
1.70175
1.67309
1.63738
1.59299
1.54118
1.48985
1.45906
1.43978
1.4187
1.39387
1.36995
1.34318
1.30725
1.26545
1.22491
1.19185
1.16505
1.1467
1.13173
1.11581
1.10228
1.09098
1.0804
1.061
1.03438
1.05187
1.16924
1.39263
1.75261
2.099
2.42213
2.51708
2.4833
2.46017
2.45052
2.45011
2.4769
2.48669
2.46686
2.42888
2.36312
2.29109
2.23783
2.20036
2.18272
2.1754
2.17137
2.15356
2.11813
2.06298
1.98997
3.96918
5.8491
6.00724
5.80516
5.58537
5.38872
5.18082
4.98283
4.80856
4.62877
4.45274
4.26409
4.12325
3.96447
3.82372
3.65955
3.48877
3.51267
4.25065
6.2557
7.54281
7.33487
7.08246
6.80217
6.54766
6.35788
6.18202
5.98285
5.75735
5.50577
5.27367
5.08587
4.93109
4.79216
4.65844
4.52577
4.38588
4.22521
4.0438
3.87432
3.74115
3.63304
3.53724
3.4494
3.36661
3.28319
3.19003
3.07827
2.9587
2.86093
2.78776
2.72642
2.66913
2.61019
2.54447
2.4661
2.37317
2.2834
2.21998
2.17544
2.13657
2.09802
2.05689
2.00941
1.95027
1.87725
1.80655
1.76055
1.73168
1.70713
1.68287
1.65511
1.61672
1.56562
1.51098
1.46731
1.44362
1.42803
1.41352
1.39638
1.37178
1.33705
1.29449
1.24556
1.20367
1.18228
1.16856
1.1532
1.13302
1.11349
1.09786
1.08014
1.05154
1.01535
0.990169
0.986802
1.00197
1.08297
1.27552
1.62058
1.91636
2.20436
2.3796
2.36222
2.36744
2.37912
2.38845
2.38677
2.37905
2.35382
2.30357
2.23952
2.19779
2.17272
2.14929
2.12425
2.10367
2.08419
2.05714
1.98503
1.70187
4.48932
5.84952
5.88039
5.68117
5.45472
5.24184
5.06573
4.88728
4.71113
4.51693
4.35747
4.20591
4.05108
3.90344
3.71888
3.79874
4.83402
6.81561
8.20291
8.21204
7.68386
7.1975
6.88818
6.69403
6.51585
6.31269
6.09872
5.88457
5.65401
5.40477
5.1894
5.02448
4.87791
4.74049
4.60948
4.47745
4.33142
4.15493
3.96187
3.80329
3.68714
3.59066
3.50289
3.41994
3.33668
3.24426
3.13182
3.00278
2.89338
2.81838
2.75802
2.70134
2.64409
2.58193
2.50785
2.41563
2.31652
2.24187
2.19322
2.15356
2.11583
2.07742
2.03473
1.98216
1.91549
1.84062
1.78274
1.74687
1.71834
1.68983
1.65977
1.62582
1.58357
1.53607
1.49603
1.46602
1.4372
1.40707
1.38087
1.36342
1.34837
1.32738
1.28976
1.23485
1.19055
1.17058
1.15974
1.15264
1.14395
1.12712
1.10141
1.06588
1.02174
0.986728
0.971846
0.966869
0.963304
0.971435
1.02445
1.16823
1.42158
1.73336
1.96139
2.20659
2.31508
2.30259
2.30526
2.29079
2.26564
2.258
2.24581
2.21995
2.1797
2.14128
2.11317
2.08603
2.05074
2.01521
1.96446
1.04182
2.1025
4.84325
5.79738
5.75923
5.54444
5.31561
5.1397
4.96379
4.78094
4.59821
4.45113
4.28058
4.13609
3.97464
4.15563
5.60375
7.67317
8.46986
8.44087
8.20753
7.84326
7.44274
7.08271
6.82795
6.62715
6.42273
6.2108
6.00042
5.78196
5.53842
5.29432
5.1112
4.9628
4.82217
4.68564
4.54928
4.40335
4.23273
4.03963
3.86767
3.74142
3.64185
3.5523
3.46645
3.38087
3.28815
3.17912
3.05392
2.93785
2.8541
2.78995
2.73117
2.67219
2.61099
2.54283
2.45859
2.35932
2.27102
2.20898
2.16068
2.11686
2.07555
2.03804
2.00073
1.94998
1.88122
1.81849
1.77152
1.73246
1.69616
1.66239
1.63017
1.59598
1.55645
1.51138
1.47037
1.43922
1.41287
1.39061
1.3711
1.35045
1.32747
1.29712
1.2509
1.2098
1.19132
1.17788
1.1605
1.13801
1.11364
1.08667
1.06327
1.04002
1.01215
0.98404
0.966413
0.956678
0.953068
0.947971
0.938671
0.955926
1.04535
1.22223
1.50905
1.79713
2.05076
2.21996
2.23643
2.21229
2.18169
2.16165
2.15248
2.1608
2.15101
2.12305
2.08508
2.04397
2.00141
1.93548
1.00056
1.0967
2.52214
5.0678
5.71755
5.6371
5.41606
5.22252
5.04569
4.85004
4.69697
4.5197
4.37298
4.25227
4.62813
6.47449
8.74159
9.15494
8.96605
8.4761
8.2082
7.98998
7.68015
7.29906
6.98115
6.74664
6.54122
6.33753
6.12568
5.90029
5.64517
5.38476
5.18782
5.03494
4.89375
4.75564
4.61666
4.46962
4.30403
4.11972
3.94542
3.80689
3.69623
3.59921
3.50756
3.41688
3.32159
3.21496
3.09653
2.97914
2.88566
2.8179
2.75998
2.70118
2.63859
2.57102
2.48984
2.39008
2.29772
2.23522
2.18831
2.14572
2.10349
2.05705
2.00556
1.95229
1.90234
1.84694
1.79097
1.74542
1.70657
1.67421
1.64907
1.62519
1.58962
1.53089
1.47393
1.44439
1.42646
1.40653
1.38303
1.36193
1.34195
1.31001
1.25878
1.2137
1.18877
1.17276
1.1588
1.1413
1.11779
1.0931
1.07029
1.04687
1.0223
0.994551
0.974128
0.962168
0.95221
0.941081
0.927376
0.905607
0.88993
0.896179
0.946757
1.10149
1.36753
1.66534
1.88906
2.09485
2.13614
2.10781
2.08286
2.07402
2.08083
2.09648
2.08903
2.05966
2.006
1.93005
1
1.00185
1.18314
2.91839
5.19939
5.63122
5.52158
5.32439
5.10838
4.9391
4.76975
4.6059
4.55165
5.19959
7.42289
9.62068
9.80416
9.38517
9.06305
8.64495
8.34351
8.12521
7.84654
7.49702
7.15937
6.88506
6.6585
6.44866
6.2346
6.00457
5.74493
5.47919
5.27104
5.1082
4.95963
4.8156
4.6719
4.52334
4.36247
4.18953
4.02132
3.87657
3.75395
3.64445
3.5421
3.44182
3.34166
3.23686
3.12502
3.01632
2.92282
2.84697
2.78357
2.72605
2.66383
2.58814
2.50508
2.41402
2.32271
2.25023
2.20266
2.16632
2.12942
2.08266
2.03166
1.97759
1.90333
1.83177
1.78819
1.75071
1.71953
1.69367
1.66595
1.63208
1.58814
1.53424
1.48544
1.45048
1.42325
1.40509
1.39055
1.37103
1.34469
1.31147
1.27227
1.23222
1.20172
1.17895
1.1612
1.14803
1.13724
1.12196
1.09411
1.06583
1.04435
1.0216
0.997043
0.973632
0.956443
0.94406
0.933361
0.919319
0.88895
0.868148
0.861091
0.866257
0.901636
1.02723
1.23044
1.52416
1.73643
1.92946
2.01881
2.01056
2.02821
2.04146
2.02884
2.01763
2.00761
1.94639
1
1.00001
1.00483
1.29829
3.26522
5.25126
5.5275
5.42784
5.21317
5.01173
4.82282
4.91718
6.00258
8.48533
10.16
10.5175
10.0654
9.51541
9.18529
8.88751
8.55054
8.24768
7.96358
7.65949
7.34064
7.03291
6.75844
6.52261
6.30455
6.07845
5.82104
5.5576
5.34519
5.16987
5.00831
4.85513
4.70319
4.55369
4.40332
4.24292
4.08099
3.93612
3.80924
3.69153
3.58034
3.47488
3.36518
3.25435
3.14262
3.03935
2.95498
2.8875
2.82472
2.75871
2.69873
2.63653
2.54821
2.44839
2.36138
2.29534
2.23834
2.1801
2.13498
2.10823
2.07571
2.01853
1.92802
1.83837
1.80684
1.79154
1.76922
1.7385
1.69986
1.64883
1.58968
1.53375
1.4985
1.47319
1.44624
1.41714
1.39987
1.38912
1.36867
1.3277
1.27642
1.23458
1.21103
1.19576
1.18215
1.16669
1.14543
1.11102
1.06542
1.03847
1.02648
1.01744
1.00597
0.990057
0.975263
0.96104
0.942908
0.917188
0.886595
0.864892
0.853881
0.846875
0.840382
0.838666
0.859151
0.940815
1.09345
1.326
1.56181
1.73759
1.93662
1.99728
1.99161
1.96247
1.94374
1.91963
1
1
1.00003
1.01048
1.43286
3.55799
5.21427
5.44232
5.32606
5.08244
5.33733
7.02318
9.83049
10.8016
10.8551
10.6154
10.1781
9.70001
9.3479
9.04073
8.7024
8.36842
8.06477
7.76826
7.47692
7.18973
6.89528
6.61542
6.3771
6.15228
5.90429
5.64585
5.41425
5.23243
5.08558
4.93772
4.77161
4.59208
4.42785
4.27657
4.12853
3.98373
3.85657
3.75782
3.6628
3.55168
3.42433
3.28711
3.17402
3.09612
3.03691
2.97552
2.90552
2.82866
2.73331
2.62111
2.51293
2.42115
2.35946
2.31132
2.26242
2.21241
2.16414
2.10611
2.04215
1.97823
1.91546
1.86784
1.83214
1.79421
1.75447
1.71179
1.66239
1.60761
1.56953
1.55628
1.54453
1.52197
1.49155
1.45881
1.42653
1.38988
1.34326
1.28874
1.25349
1.24378
1.24057
1.23484
1.22029
1.19901
1.16749
1.11527
1.05836
1.03384
1.025
1.01775
1.01421
1.01232
1.00425
0.990486
0.966354
0.928123
0.890961
0.86905
0.858009
0.848271
0.839624
0.831727
0.825035
0.812477
0.811875
0.844918
0.97004
1.16974
1.43814
1.68051
1.84859
1.90709
1.90243
1.86602
1
1
1
1.00009
1.01979
1.57301
3.76829
5.18247
5.30754
6.00119
8.24925
10.8587
11.7451
11.4599
11.0271
10.7112
10.3965
9.97433
9.57513
9.23075
8.90004
8.53236
8.19371
7.91087
7.64749
7.37426
7.08248
6.76342
6.44471
6.16674
5.96332
5.77464
5.56012
5.33749
5.11974
4.94148
4.8083
4.66951
4.5044
4.33592
4.17208
4.02943
3.90357
3.77539
3.64078
3.51052
3.39681
3.29014
3.19268
3.11352
3.03748
2.95584
2.87405
2.79432
2.71348
2.61928
2.52142
2.44993
2.39497
2.33888
2.28208
2.22648
2.16835
2.10227
2.03025
1.96636
1.92188
1.88886
1.85195
1.80896
1.76341
1.7136
1.65594
1.60486
1.58061
1.56182
1.53711
1.509
1.48031
1.45091
1.42041
1.3835
1.33488
1.28573
1.26316
1.25121
1.24098
1.22915
1.21324
1.19154
1.15961
1.11074
1.06085
1.04205
1.03315
1.02571
1.01872
1.00886
0.995636
0.978079
0.950058
0.909958
0.880567
0.868812
0.860673
0.851297
0.842108
0.832599
0.821731
0.807703
0.789013
0.76347
0.765796
0.797558
0.895992
1.08521
1.33355
1.55336
1.71875
1.78764
1
1
1
1
1.00021
1.03214
1.74022
3.60244
6.00957
9.886
11.665
12.3604
12.1906
11.6167
11.0861
10.768
10.5456
10.1436
9.71141
9.34207
8.98229
8.62025
8.26415
7.93089
7.6289
7.35353
7.098
6.8495
6.56783
6.28832
6.03058
5.781
5.56676
5.38362
5.1975
5.00987
4.82166
4.63609
4.46875
4.34417
4.24624
4.13365
3.99561
3.83552
3.66731
3.5112
3.39338
3.31963
3.2511
3.1648
3.06772
2.97228
2.88068
2.78966
2.70442
2.63841
2.58667
2.52904
2.46537
2.40063
2.3359
2.26869
2.19374
2.11489
2.03683
1.96724
1.92222
1.89113
1.86261
1.83236
1.79582
1.74668
1.68547
1.63645
1.60702
1.57831
1.5434
1.51103
1.48398
1.45635
1.42257
1.38249
1.34417
1.31579
1.2926
1.27218
1.25234
1.2332
1.21496
1.19321
1.15923
1.11297
1.08434
1.06913
1.05528
1.0412
1.02625
1.01199
0.997326
0.977786
0.945952
0.906302
0.881097
0.867942
0.858388
0.851097
0.84458
0.837491
0.828071
0.813636
0.788928
0.755682
0.744927
0.741907
0.74324
0.762823
0.834772
0.984905
1.17588
1.46107
1
1
1
1
1
1.00048
1.04589
2.10367
9.23236
13.4391
12.8768
12.3657
12.0366
11.6425
11.2687
10.9787
10.6791
10.2867
9.86422
9.45991
9.08323
8.72527
8.38218
8.04035
7.71761
7.41724
7.12763
6.8393
6.56759
6.31885
6.07708
5.84295
5.6166
5.39591
5.19092
4.99932
4.80841
4.64041
4.5032
4.37391
4.23359
4.09317
3.95291
3.80777
3.66139
3.52695
3.41855
3.3199
3.22343
3.13681
3.05607
2.97427
2.89063
2.80621
2.72219
2.64089
2.56636
2.50067
2.43908
2.37661
2.31116
2.24552
2.1803
2.11076
2.04078
1.98231
1.93982
1.9063
1.87503
1.84078
1.79645
1.73205
1.6555
1.60006
1.57132
1.55441
1.54598
1.52974
1.50685
1.47932
1.44197
1.39776
1.33991
1.28884
1.26759
1.25334
1.24035
1.22645
1.20984
1.18917
1.16264
1.13055
1.09197
1.06271
1.04674
1.03418
1.02243
1.01
0.995289
0.974639
0.942372
0.905322
0.882388
0.870703
0.864513
0.860089
0.855401
0.8488
0.838902
0.821573
0.790903
0.755003
0.741948
0.737119
0.734292
0.733232
0.734694
0.745229
0.782273
0.959319
1
1
1
1
1
1
1.00084
2.82907
10.824
12.7972
12.461
12.1506
11.9603
11.6685
11.3672
11.0893
10.7585
10.3534
9.88423
9.43394
9.03806
8.69199
8.39406
8.08446
7.76956
7.46157
7.1568
6.86334
6.59103
6.3367
6.09331
5.85964
5.63319
5.41517
5.20658
5.00822
4.82949
4.67222
4.52569
4.38073
4.23637
4.09592
3.95667
3.81519
3.67289
3.54426
3.43206
3.32788
3.23063
3.14042
3.05587
2.9773
2.90192
2.82197
2.7332
2.64383
2.5659
2.49944
2.43841
2.37814
2.313
2.24335
2.18685
2.1366
2.08306
2.03385
1.99073
1.95203
1.91398
1.87222
1.81983
1.74333
1.64947
1.59193
1.56913
1.55072
1.52824
1.50446
1.48396
1.46682
1.45269
1.42499
1.35898
1.27904
1.26098
1.25789
1.25014
1.23794
1.22477
1.21066
1.19291
1.16217
1.11399
1.07521
1.05639
1.04372
1.03177
1.01877
1.0029
0.981206
0.950616
0.919415
0.902715
0.896065
0.891138
0.885949
0.879722
0.871637
0.860159
0.840396
0.805265
0.769724
0.756573
0.750112
0.743643
0.737389
0.731732
0.726862
0.718408
0.733276
1
1
1
1
1
1
1.00001
3.93333
10.9417
12.2554
12.3938
12.3687
12.2487
11.9798
11.6892
11.3356
10.9364
10.5068
10.0279
9.55803
9.13581
8.78738
8.48176
8.15563
7.82581
7.49831
7.17848
6.87711
6.59813
6.33844
6.09406
5.86169
5.63931
5.42445
5.21633
5.02252
4.84961
4.69133
4.53865
4.3879
4.2383
4.09056
3.94797
3.81479
3.6906
3.56927
3.4477
3.33566
3.24065
3.1562
3.07345
2.98647
2.8941
2.80343
2.72098
2.64655
2.57646
2.50897
2.44402
2.38023
2.31618
2.25105
2.17829
2.10633
2.04756
1.99887
1.957
1.91871
1.88051
1.8403
1.79546
1.73858
1.6592
1.58795
1.55391
1.53117
1.51106
1.49513
1.48231
1.46654
1.44512
1.40913
1.34273
1.27803
1.25075
1.2353
1.22209
1.21047
1.19932
1.18659
1.16879
1.13897
1.09417
1.05595
1.03607
1.02227
1.00897
0.995067
0.978622
0.956825
0.928264
0.901222
0.886941
0.880349
0.875077
0.869536
0.863092
0.855043
0.843572
0.823786
0.787685
0.753956
0.742105
0.735788
0.728851
0.721816
0.715078
0.709147
0.702292
0.684504
)
;

boundaryField
{
    inlet
    {
        type            fixedValue;
        value           uniform 1;
    }
    outlet
    {
        type            zeroGradient;
    }
    bottom
    {
        type            symmetryPlane;
    }
    top
    {
        type            symmetryPlane;
    }
    obstacle
    {
        type            zeroGradient;
    }
    defaultFaces
    {
        type            empty;
    }
}


// ************************************************************************* //
