/*--------------------------------*- C++ -*----------------------------------*\
  =========                 |
  \\      /  F ield         | OpenFOAM: The Open Source CFD Toolbox
   \\    /   O peration     | Website:  https://openfoam.org
    \\  /    A nd           | Version:  9
     \\/     M anipulation  |
\*---------------------------------------------------------------------------*/
FoamFile
{
    format      ascii;
    class       volScalarField;
    location    "51.5";
    object      p;
}
// * * * * * * * * * * * * * * * * * * * * * * * * * * * * * * * * * * * * * //

dimensions      [0 2 -2 0 0 0 0];

internalField   nonuniform List<scalar> 
8500
(
-0.276912
-0.281124
-0.28196
-0.283707
-0.285791
-0.286037
-0.289789
-0.286164
-0.292333
-0.285019
-0.277176
-0.281328
-0.282157
-0.283873
-0.28599
-0.286132
-0.290086
-0.286101
-0.292746
-0.284907
-0.277699
-0.28173
-0.282545
-0.284197
-0.286379
-0.28631
-0.290672
-0.285956
-0.293568
-0.28468
-0.278467
-0.282319
-0.283111
-0.284664
-0.286941
-0.28655
-0.291526
-0.2857
-0.294786
-0.284335
-0.27946
-0.28308
-0.283835
-0.285251
-0.287651
-0.286829
-0.292613
-0.285298
-0.296377
-0.283867
-0.280657
-0.283995
-0.284697
-0.285933
-0.288474
-0.287117
-0.293881
-0.284713
-0.298301
-0.283259
-0.282031
-0.285041
-0.285669
-0.286679
-0.289366
-0.287394
-0.295253
-0.283915
-0.300501
-0.28245
-0.283556
-0.286199
-0.286723
-0.287462
-0.290276
-0.287644
-0.296634
-0.282893
-0.302885
-0.281433
-0.285206
-0.287445
-0.287832
-0.288256
-0.291146
-0.287865
-0.297909
-0.28172
-0.305017
-0.280415
-0.286958
-0.288763
-0.288967
-0.289039
-0.29192
-0.288072
-0.29886
-0.280625
-0.306818
-0.279021
-0.288792
-0.290135
-0.290104
-0.289796
-0.292539
-0.28835
-0.299352
-0.279503
-0.308246
-0.277405
-0.290696
-0.29155
-0.291224
-0.290519
-0.2929
-0.288746
-0.2994
-0.278426
-0.308896
-0.276044
-0.292663
-0.293003
-0.292315
-0.291224
-0.293026
-0.28913
-0.299002
-0.277713
-0.308221
-0.275495
-0.294697
-0.294493
-0.29337
-0.291891
-0.292971
-0.289449
-0.298092
-0.277528
-0.305827
-0.275787
-0.296809
-0.296028
-0.294399
-0.292499
-0.292782
-0.289683
-0.296734
-0.277792
-0.301694
-0.276119
-0.299025
-0.297614
-0.295442
-0.293053
-0.292512
-0.28964
-0.295051
-0.27814
-0.29632
-0.275395
-0.30138
-0.299273
-0.296525
-0.293586
-0.292233
-0.289281
-0.293132
-0.278182
-0.290349
-0.273092
-0.303912
-0.301036
-0.297685
-0.294136
-0.292008
-0.288626
-0.290947
-0.277725
-0.284039
-0.269226
-0.306672
-0.302939
-0.298965
-0.29474
-0.291842
-0.287786
-0.288404
-0.276695
-0.277322
-0.264215
-0.309714
-0.305021
-0.300415
-0.295425
-0.291696
-0.286881
-0.285481
-0.274953
-0.27024
-0.25884
-0.313096
-0.307333
-0.302086
-0.29619
-0.291542
-0.285951
-0.282251
-0.272271
-0.263412
-0.253589
-0.316859
-0.309943
-0.304018
-0.29702
-0.291414
-0.284934
-0.278797
-0.268596
-0.257283
-0.24707
-0.321079
-0.312904
-0.306216
-0.297926
-0.291367
-0.28371
-0.27515
-0.264192
-0.251131
-0.24033
-0.325821
-0.316279
-0.308642
-0.298987
-0.291398
-0.282172
-0.271311
-0.259197
-0.244978
-0.233545
-0.331145
-0.320121
-0.311246
-0.300335
-0.291418
-0.280262
-0.267232
-0.253809
-0.238711
-0.22667
-0.337119
-0.324442
-0.31403
-0.302046
-0.291303
-0.277949
-0.262893
-0.248122
-0.232305
-0.219771
-0.343817
-0.329193
-0.317108
-0.304042
-0.290954
-0.275232
-0.258275
-0.242198
-0.225762
-0.212781
-0.351311
-0.334278
-0.320683
-0.306123
-0.290293
-0.272114
-0.253371
-0.23606
-0.219067
-0.205698
-0.359641
-0.339592
-0.324938
-0.308071
-0.289251
-0.268598
-0.248172
-0.22971
-0.212217
-0.198483
-0.368784
-0.345075
-0.329917
-0.309733
-0.287756
-0.264679
-0.242667
-0.223137
-0.205192
-0.191116
-0.378622
-0.35074
-0.33544
-0.311012
-0.285747
-0.260337
-0.236839
-0.216325
-0.197975
-0.18357
-0.388932
-0.356663
-0.341121
-0.311832
-0.28317
-0.255544
-0.230665
-0.209251
-0.190541
-0.175824
-0.399382
-0.362942
-0.346473
-0.312101
-0.279981
-0.250264
-0.224117
-0.201891
-0.182869
-0.167856
-0.409653
-0.369638
-0.351034
-0.311707
-0.276141
-0.244457
-0.217162
-0.194218
-0.174936
-0.159649
-0.41944
-0.376719
-0.354455
-0.310518
-0.271609
-0.238091
-0.209769
-0.186203
-0.166719
-0.151184
-0.428489
-0.38401
-0.356512
-0.308397
-0.266337
-0.231132
-0.201905
-0.177818
-0.158199
-0.142445
-0.436594
-0.391189
-0.357103
-0.305218
-0.260276
-0.223547
-0.193538
-0.169038
-0.149355
-0.133418
-0.443597
-0.397799
-0.356213
-0.30088
-0.253371
-0.215303
-0.184642
-0.159841
-0.140168
-0.124098
-0.449369
-0.403315
-0.35387
-0.295317
-0.245569
-0.206365
-0.175191
-0.150206
-0.130624
-0.114494
-0.453802
-0.40726
-0.350055
-0.288478
-0.236821
-0.196701
-0.165161
-0.140115
-0.120711
-0.10463
-0.456796
-0.409299
-0.344648
-0.280319
-0.227086
-0.186281
-0.154535
-0.12955
-0.110417
-0.0945247
-0.458242
-0.409153
-0.337555
-0.270797
-0.216328
-0.175081
-0.143296
-0.118499
-0.0997332
-0.084155
-0.458011
-0.40662
-0.328716
-0.259871
-0.204519
-0.163082
-0.131431
-0.106949
-0.0886701
-0.0734603
-0.455944
-0.401564
-0.318084
-0.24752
-0.19164
-0.15027
-0.118927
-0.0948895
-0.0772701
-0.0623603
-0.451857
-0.393896
-0.305611
-0.233741
-0.177677
-0.136629
-0.105773
-0.0823236
-0.0655794
-0.0508321
-0.445541
-0.383555
-0.291257
-0.218539
-0.162618
-0.122156
-0.0919743
-0.0692901
-0.0535735
-0.0390078
-0.436781
-0.370508
-0.275002
-0.201913
-0.146448
-0.106873
-0.0775714
-0.0558698
-0.0411397
-0.0269798
-0.425366
-0.354737
-0.256839
-0.18386
-0.129173
-0.0908437
-0.0626279
-0.0420413
-0.0282867
-0.0147542
-0.411101
-0.336242
-0.236761
-0.164403
-0.11088
-0.0741259
-0.0471016
-0.027814
-0.0150605
-0.00233752
-0.393827
-0.31504
-0.214756
-0.143627
-0.0917195
-0.0566211
-0.0310335
-0.0132016
-0.00150907
0.0102567
-0.373427
-0.29119
-0.190826
-0.121684
-0.0716327
-0.0383847
-0.0144639
0.0017717
0.0123247
0.0230018
-0.349834
-0.264819
-0.165052
-0.098548
-0.0506634
-0.0194761
0.00256364
0.0170732
0.0263995
0.0358612
-0.323035
-0.236096
-0.137625
-0.0741335
-0.0288701
3.84638e-05
0.0200013
0.0326633
0.0406754
0.0487907
-0.293078
-0.205052
-0.108679
-0.0485576
-0.0063201
0.0200888
0.0377947
0.0484979
0.055116
0.0617457
-0.260084
-0.171422
-0.0786096
-0.0219638
0.0169124
0.0405998
0.0558835
0.0645318
0.06969
0.0746825
-0.224228
-0.135515
-0.0473648
0.00549774
0.0407407
0.0614916
0.0742028
0.0807235
0.0843651
0.0875306
-0.18561
-0.0977371
-0.0149968
0.0336808
0.0650649
0.0826792
0.0926873
0.0970389
0.099086
0.100117
-0.144195
-0.0587219
0.0183647
0.0624429
0.0897739
0.104073
0.111275
0.113445
0.11374
0.112104
-0.10047
-0.0186285
0.0525403
0.091641
0.114748
0.12558
0.129905
0.129881
0.128153
0.123204
-0.0547936
0.022352
0.0873257
0.121126
0.139862
0.147104
0.148509
0.146239
0.142161
0.133735
-0.00754415
0.0639824
0.122501
0.150742
0.164985
0.168549
0.167003
0.162376
0.155712
0.145012
0.0408756
0.105999
0.157838
0.180324
0.189983
0.189814
0.18529
0.178182
0.169009
0.15682
0.0900467
0.14812
0.193102
0.209703
0.214721
0.210793
0.203274
0.193625
0.1821
0.16867
0.139538
0.190054
0.228054
0.238704
0.239061
0.231377
0.220861
0.208658
0.19493
0.180386
0.188913
0.231501
0.262458
0.267152
0.262863
0.251457
0.237962
0.223235
0.207426
0.191786
0.23773
0.272161
0.296077
0.29487
0.285991
0.270922
0.25449
0.237298
0.219523
0.202776
0.285553
0.311735
0.328679
0.321682
0.308308
0.289664
0.270363
0.250784
0.231151
0.213273
0.331954
0.349929
0.360037
0.347417
0.329679
0.307575
0.285498
0.263631
0.242248
0.22322
0.37651
0.386466
0.389934
0.371906
0.349974
0.324553
0.299816
0.275775
0.252752
0.232568
0.418813
0.421084
0.418159
0.394988
0.369068
0.3405
0.31324
0.287155
0.262607
0.241273
0.458488
0.453526
0.444516
0.416509
0.386841
0.35532
0.325698
0.297712
0.271756
0.249297
0.495235
0.483504
0.468815
0.436322
0.403181
0.368926
0.337121
0.30739
0.28015
0.256606
0.528759
0.510761
0.49088
0.454291
0.417983
0.381237
0.347445
0.316137
0.28774
0.26317
0.558768
0.535082
0.510552
0.470294
0.431153
0.392178
0.356612
0.323905
0.294483
0.268962
0.584999
0.55628
0.527686
0.48422
0.442606
0.401684
0.364571
0.330648
0.300339
0.273961
0.607222
0.574194
0.54216
0.495975
0.452266
0.409696
0.371275
0.33633
0.305273
0.27815
0.62524
0.58869
0.553867
0.505477
0.460071
0.416166
0.376685
0.340916
0.309256
0.281514
0.638894
0.599659
0.562723
0.512662
0.465971
0.421053
0.380772
0.344379
0.312265
0.284043
0.648065
0.607017
0.568663
0.517479
0.469925
0.424328
0.383509
0.3467
0.314281
0.285732
0.65267
0.61071
0.571644
0.519896
0.471909
0.425971
0.384882
0.347863
0.315292
0.286577
0.652671
0.61071
0.571644
0.519896
0.471909
0.425971
0.384882
0.347863
0.315292
0.286577
0.648065
0.607017
0.568663
0.517479
0.469925
0.424328
0.383509
0.3467
0.314281
0.285732
0.638895
0.599659
0.562723
0.512662
0.465971
0.421053
0.380772
0.344379
0.312265
0.284043
0.62524
0.588691
0.553867
0.505477
0.460072
0.416166
0.376686
0.340916
0.309257
0.281514
0.607222
0.574195
0.54216
0.495975
0.452266
0.409696
0.371275
0.33633
0.305274
0.27815
0.585
0.55628
0.527687
0.484221
0.442606
0.401684
0.364571
0.330649
0.300339
0.273962
0.558769
0.535082
0.510552
0.470294
0.431154
0.392179
0.356613
0.323905
0.294483
0.268963
0.52876
0.510762
0.490881
0.454292
0.417984
0.381237
0.347445
0.316138
0.287741
0.26317
0.495236
0.483505
0.468816
0.436322
0.403182
0.368927
0.337122
0.307391
0.280151
0.256606
0.458489
0.453527
0.444517
0.41651
0.386842
0.35532
0.325699
0.297713
0.271757
0.249297
0.418814
0.421085
0.41816
0.394989
0.369069
0.3405
0.313241
0.287156
0.262607
0.241273
0.376511
0.386467
0.389935
0.371907
0.349975
0.324554
0.299817
0.275776
0.252753
0.232568
0.331955
0.349931
0.360038
0.347418
0.32968
0.307576
0.285499
0.263632
0.242248
0.223221
0.285555
0.311736
0.32868
0.321683
0.308309
0.289664
0.270364
0.250785
0.231152
0.213273
0.237732
0.272163
0.296078
0.294871
0.285992
0.270923
0.254491
0.237299
0.219524
0.202776
0.188915
0.231503
0.262459
0.267153
0.262865
0.251458
0.237963
0.223236
0.207427
0.191787
0.13954
0.190056
0.228056
0.238705
0.239062
0.231378
0.220862
0.208659
0.194931
0.180387
0.0900489
0.148122
0.193103
0.209704
0.214722
0.210794
0.203276
0.193626
0.182101
0.168671
0.0408779
0.106001
0.15784
0.180325
0.189985
0.189815
0.185291
0.178183
0.16901
0.156821
-0.0075417
0.0639844
0.122503
0.150743
0.164987
0.16855
0.167004
0.162377
0.155713
0.145013
-0.054791
0.0223542
0.0873276
0.121128
0.139864
0.147106
0.14851
0.14624
0.142162
0.133736
-0.100468
-0.0186262
0.0525423
0.0916428
0.11475
0.125581
0.129906
0.129883
0.128154
0.123205
-0.144192
-0.0587195
0.0183668
0.0624447
0.0897756
0.104074
0.111276
0.113446
0.113741
0.112105
-0.185607
-0.0977346
-0.0149946
0.0336827
0.0650666
0.0826808
0.0926887
0.0970402
0.0990872
0.100118
-0.224225
-0.135512
-0.0473625
0.00549973
0.0407425
0.0614933
0.0742043
0.0807248
0.0843664
0.0875318
-0.260081
-0.17142
-0.0786072
-0.0219618
0.0169142
0.0406015
0.0558851
0.0645332
0.0696913
0.0746836
-0.293075
-0.205049
-0.108677
-0.0485554
-0.00631816
0.0200905
0.0377963
0.0484994
0.0551173
0.0617469
-0.323031
-0.236093
-0.137622
-0.0741313
-0.0288681
4.02793e-05
0.0200029
0.0326648
0.0406768
0.048792
-0.34983
-0.264816
-0.16505
-0.0985457
-0.0506613
-0.0194742
0.00256535
0.0170748
0.0264009
0.0358625
-0.373423
-0.291187
-0.190823
-0.121682
-0.0716305
-0.0383827
-0.0144621
0.00177332
0.0123262
0.0230032
-0.393824
-0.315037
-0.214754
-0.143624
-0.0917173
-0.0566191
-0.0310317
-0.0131999
-0.00150755
0.0102581
-0.411097
-0.336239
-0.236758
-0.1644
-0.110877
-0.0741238
-0.0470997
-0.0278123
-0.015059
-0.00233611
-0.425362
-0.354734
-0.256836
-0.183858
-0.129171
-0.0908416
-0.062626
-0.0420395
-0.0282851
-0.0147527
-0.436778
-0.370505
-0.274999
-0.20191
-0.146445
-0.106871
-0.0775694
-0.055868
-0.0411381
-0.0269784
-0.445538
-0.383552
-0.291254
-0.218536
-0.162616
-0.122154
-0.0919722
-0.0692882
-0.0535717
-0.0390063
-0.451853
-0.393892
-0.305608
-0.233738
-0.177675
-0.136627
-0.105771
-0.0823217
-0.0655776
-0.0508305
-0.45594
-0.401561
-0.318081
-0.247517
-0.191637
-0.150267
-0.118925
-0.0948875
-0.0772682
-0.0623587
-0.458007
-0.406616
-0.328712
-0.259868
-0.204516
-0.16308
-0.131429
-0.106947
-0.0886682
-0.0734586
-0.458238
-0.409149
-0.337552
-0.270793
-0.216325
-0.175079
-0.143294
-0.118497
-0.0997312
-0.0841533
-0.456792
-0.409295
-0.344645
-0.280316
-0.227083
-0.186278
-0.154532
-0.129548
-0.110415
-0.0945229
-0.453798
-0.407257
-0.350052
-0.288474
-0.236819
-0.196698
-0.165159
-0.140112
-0.120709
-0.104628
-0.449365
-0.403311
-0.353867
-0.295313
-0.245566
-0.206362
-0.175188
-0.150204
-0.130622
-0.114492
-0.443593
-0.397795
-0.356209
-0.300877
-0.253368
-0.2153
-0.18464
-0.159838
-0.140166
-0.124096
-0.43659
-0.391185
-0.357099
-0.305214
-0.260273
-0.223545
-0.193536
-0.169035
-0.149353
-0.133416
-0.428485
-0.384006
-0.356508
-0.308393
-0.266334
-0.231129
-0.201902
-0.177815
-0.158197
-0.142443
-0.419436
-0.376715
-0.354451
-0.310514
-0.271606
-0.238088
-0.209766
-0.1862
-0.166717
-0.151182
-0.409649
-0.369634
-0.351031
-0.311704
-0.276138
-0.244454
-0.217159
-0.194215
-0.174933
-0.159647
-0.399378
-0.362938
-0.346469
-0.312098
-0.279978
-0.25026
-0.224114
-0.201888
-0.182866
-0.167854
-0.388928
-0.356659
-0.341117
-0.311828
-0.283167
-0.255541
-0.230662
-0.209248
-0.190538
-0.175821
-0.378618
-0.350737
-0.335436
-0.311009
-0.285744
-0.260334
-0.236836
-0.216322
-0.197972
-0.183567
-0.36878
-0.345072
-0.329913
-0.30973
-0.287753
-0.264675
-0.242664
-0.223134
-0.205189
-0.191113
-0.359637
-0.339588
-0.324934
-0.308067
-0.289247
-0.268594
-0.248169
-0.229706
-0.212213
-0.198479
-0.351307
-0.334274
-0.320679
-0.306119
-0.29029
-0.27211
-0.253367
-0.236056
-0.219064
-0.205694
-0.343814
-0.329189
-0.317105
-0.304039
-0.29095
-0.275228
-0.258271
-0.242194
-0.225758
-0.212777
-0.337115
-0.324438
-0.314027
-0.302042
-0.2913
-0.277945
-0.262888
-0.248117
-0.232301
-0.219767
-0.331141
-0.320117
-0.311243
-0.300332
-0.291414
-0.280257
-0.267228
-0.253804
-0.238706
-0.226666
-0.325817
-0.316275
-0.308639
-0.298983
-0.291395
-0.282168
-0.271306
-0.259191
-0.244973
-0.233541
-0.321076
-0.3129
-0.306212
-0.297922
-0.291363
-0.283706
-0.275145
-0.264186
-0.251125
-0.240325
-0.316855
-0.30994
-0.304015
-0.297017
-0.29141
-0.284929
-0.278791
-0.268589
-0.257276
-0.247064
-0.313092
-0.30733
-0.302083
-0.296186
-0.291538
-0.285946
-0.282245
-0.272264
-0.263405
-0.253583
-0.309711
-0.305018
-0.300411
-0.295421
-0.291692
-0.286876
-0.285475
-0.274945
-0.270232
-0.258833
-0.306668
-0.302936
-0.298961
-0.294737
-0.291838
-0.287781
-0.288398
-0.276687
-0.277313
-0.264207
-0.303908
-0.301033
-0.297682
-0.294132
-0.292004
-0.288621
-0.290941
-0.277716
-0.28403
-0.269217
-0.301376
-0.29927
-0.296522
-0.293582
-0.292229
-0.289276
-0.293125
-0.278173
-0.290339
-0.273082
-0.299022
-0.297611
-0.295438
-0.29305
-0.292507
-0.289634
-0.295044
-0.27813
-0.296309
-0.275384
-0.296806
-0.296025
-0.294396
-0.292495
-0.292778
-0.289677
-0.296726
-0.277783
-0.301683
-0.276106
-0.294693
-0.29449
-0.293366
-0.291887
-0.292966
-0.289443
-0.298085
-0.277518
-0.305815
-0.275774
-0.29266
-0.292999
-0.292311
-0.29122
-0.293021
-0.289124
-0.298994
-0.277703
-0.308209
-0.275481
-0.290692
-0.291547
-0.291221
-0.290515
-0.292896
-0.28874
-0.299393
-0.278416
-0.308884
-0.27603
-0.288789
-0.290132
-0.290101
-0.289792
-0.292534
-0.288345
-0.299345
-0.279494
-0.308234
-0.277391
-0.286955
-0.28876
-0.288964
-0.289035
-0.291915
-0.288066
-0.298853
-0.280615
-0.306806
-0.279007
-0.285204
-0.287443
-0.287829
-0.288252
-0.291142
-0.28786
-0.297902
-0.281711
-0.305006
-0.280401
-0.283554
-0.286196
-0.286721
-0.287459
-0.290272
-0.28764
-0.296628
-0.282885
-0.302875
-0.281421
-0.282029
-0.285039
-0.285666
-0.286677
-0.289362
-0.28739
-0.295247
-0.283908
-0.300491
-0.282439
-0.280655
-0.283993
-0.284694
-0.28593
-0.288471
-0.287114
-0.293876
-0.284706
-0.298293
-0.283249
-0.279458
-0.283079
-0.283834
-0.285249
-0.287648
-0.286825
-0.292609
-0.285292
-0.29637
-0.283859
-0.278465
-0.282318
-0.283109
-0.284663
-0.286939
-0.286548
-0.291522
-0.285696
-0.294781
-0.284328
-0.277698
-0.281729
-0.282544
-0.284196
-0.286377
-0.286308
-0.290669
-0.285953
-0.293564
-0.284675
-0.277176
-0.281327
-0.282157
-0.283873
-0.285989
-0.286131
-0.290085
-0.286099
-0.292744
-0.284904
-0.276911
-0.281124
-0.28196
-0.283707
-0.285791
-0.286037
-0.289788
-0.286164
-0.292332
-0.285018
-0.292352
-0.282734
-0.283655
-0.275615
-0.271312
-0.262483
-0.254444
-0.243573
-0.232156
-0.218609
-0.203857
-0.187589
-0.169847
-0.151655
-0.132249
-0.113915
-0.0953593
-0.0790577
-0.0640581
-0.0511581
-0.0409821
-0.0314664
-0.0255291
-0.0186317
-0.015216
-0.0103404
-0.00786326
-0.00476312
-0.00242125
-0.000175374
-0.292593
-0.282872
-0.283756
-0.275735
-0.271409
-0.262593
-0.254551
-0.243687
-0.232271
-0.218732
-0.203984
-0.187722
-0.169979
-0.151784
-0.132364
-0.114014
-0.0954378
-0.0791177
-0.0641088
-0.0512015
-0.0410264
-0.0315068
-0.0255665
-0.0186585
-0.0152327
-0.0103496
-0.00786919
-0.00477164
-0.00242792
-0.000179815
-0.293046
-0.283127
-0.28395
-0.275965
-0.271614
-0.262813
-0.254764
-0.243913
-0.232501
-0.218973
-0.20423
-0.187975
-0.170227
-0.152025
-0.132583
-0.114209
-0.0955996
-0.0792504
-0.0642228
-0.0512955
-0.0411142
-0.0315805
-0.0256322
-0.0187073
-0.0152674
-0.0103732
-0.00788568
-0.00478964
-0.0024397
-0.00018785
-0.293663
-0.283472
-0.284222
-0.276289
-0.27188
-0.263129
-0.255071
-0.244243
-0.232836
-0.219324
-0.204586
-0.18834
-0.170582
-0.152372
-0.132899
-0.114493
-0.0958477
-0.0794549
-0.0644005
-0.0514415
-0.0412467
-0.0316891
-0.0257271
-0.0187792
-0.0153206
-0.010412
-0.0079132
-0.00481729
-0.00245677
-0.000199582
-0.294374
-0.283849
-0.284553
-0.276674
-0.272249
-0.263519
-0.25546
-0.244658
-0.233261
-0.219769
-0.205038
-0.188804
-0.171036
-0.152816
-0.133307
-0.114861
-0.0961737
-0.0797302
-0.0646424
-0.0516411
-0.0414254
-0.0318346
-0.0258522
-0.0188755
-0.0153931
-0.010467
-0.00795234
-0.00485475
-0.00247933
-0.000215149
-0.295097
-0.284241
-0.2849
-0.277109
-0.272623
-0.263974
-0.255901
-0.245146
-0.233757
-0.220296
-0.205574
-0.189352
-0.171569
-0.153338
-0.133801
-0.115311
-0.0965769
-0.0800755
-0.0649493
-0.0518961
-0.041652
-0.0320194
-0.0260088
-0.0189984
-0.015486
-0.0105393
-0.00800377
-0.0049022
-0.00250765
-0.000234695
-0.295802
-0.284515
-0.285266
-0.27752
-0.273054
-0.264437
-0.256399
-0.245668
-0.234311
-0.220875
-0.206166
-0.189964
-0.17218
-0.153937
-0.134367
-0.115833
-0.0970542
-0.0804899
-0.0653221
-0.0522088
-0.0419287
-0.0322464
-0.0261986
-0.0191498
-0.0156003
-0.0106302
-0.00806815
-0.00495981
-0.00254201
-0.000258337
-0.296227
-0.284828
-0.285509
-0.277957
-0.273417
-0.264938
-0.256872
-0.246236
-0.234881
-0.221503
-0.206807
-0.190629
-0.172843
-0.154594
-0.134999
-0.116423
-0.0976031
-0.0809726
-0.0657617
-0.0525813
-0.0422576
-0.0325182
-0.0264233
-0.019332
-0.015737
-0.0107409
-0.0081461
-0.00502771
-0.00258267
-0.000286136
-0.296283
-0.285097
-0.285592
-0.278358
-0.273724
-0.265409
-0.257342
-0.246794
-0.235464
-0.222144
-0.207469
-0.191327
-0.173547
-0.155299
-0.135688
-0.117074
-0.098221
-0.0815232
-0.0662691
-0.0530157
-0.0426406
-0.0328375
-0.0266846
-0.0195468
-0.0158972
-0.0108725
-0.00823814
-0.00510596
-0.00262986
-0.000318074
-0.295949
-0.285217
-0.285537
-0.278642
-0.273959
-0.265816
-0.257762
-0.247325
-0.236026
-0.222781
-0.208137
-0.192041
-0.174278
-0.156042
-0.136428
-0.117782
-0.0989055
-0.0821412
-0.0668447
-0.0535134
-0.0430792
-0.0332062
-0.0269836
-0.0197957
-0.0160816
-0.0110256
-0.00834463
-0.00519455
-0.00268371
-0.000354036
-0.294936
-0.28519
-0.285254
-0.278784
-0.274053
-0.26613
-0.258111
-0.247799
-0.236546
-0.22339
-0.20879
-0.192755
-0.175023
-0.156811
-0.13721
-0.118541
-0.0996542
-0.0828257
-0.0674885
-0.0540754
-0.0435738
-0.0336255
-0.0273213
-0.0200798
-0.0162907
-0.0112009
-0.00846574
-0.00529339
-0.0027443
-0.00039381
-0.293059
-0.28491
-0.284704
-0.278722
-0.274011
-0.266287
-0.258343
-0.248181
-0.236996
-0.223949
-0.209408
-0.193451
-0.175769
-0.157596
-0.138029
-0.119348
-0.100464
-0.0835752
-0.0681995
-0.0547015
-0.0441245
-0.0340958
-0.0276979
-0.0203993
-0.0165247
-0.0113984
-0.00860143
-0.00540226
-0.00281157
-0.000437094
-0.290338
-0.284229
-0.283852
-0.278364
-0.273714
-0.26629
-0.258447
-0.248447
-0.237356
-0.224434
-0.209974
-0.194116
-0.176505
-0.158389
-0.138876
-0.120197
-0.101332
-0.0843875
-0.0689757
-0.0553904
-0.04473
-0.0346163
-0.0281129
-0.0207539
-0.0167832
-0.0116178
-0.00875143
-0.00552085
-0.00288538
-0.00048351
-0.287173
-0.282951
-0.282603
-0.277699
-0.273215
-0.265994
-0.258332
-0.248557
-0.237592
-0.224827
-0.210472
-0.194734
-0.17722
-0.159183
-0.139748
-0.121085
-0.102253
-0.0852595
-0.0698138
-0.0561395
-0.045388
-0.0351852
-0.0285651
-0.0211423
-0.0170655
-0.0118583
-0.00891527
-0.00564875
-0.00296546
-0.000532628
-0.283798
-0.28101
-0.280899
-0.276641
-0.272398
-0.26559
-0.258063
-0.248509
-0.237693
-0.22511
-0.210888
-0.195296
-0.177907
-0.159969
-0.140638
-0.122006
-0.103223
-0.0861872
-0.0707097
-0.0569452
-0.0460955
-0.0357997
-0.0290526
-0.021563
-0.0173705
-0.0121188
-0.00909226
-0.00578542
-0.00305146
-0.00058399
-0.280131
-0.278482
-0.278669
-0.275118
-0.27116
-0.264598
-0.257438
-0.248226
-0.237625
-0.225266
-0.211214
-0.195796
-0.178559
-0.160745
-0.141541
-0.122957
-0.104237
-0.0871654
-0.0716581
-0.0578028
-0.0468483
-0.0364565
-0.0295728
-0.0220134
-0.0176969
-0.0123979
-0.00928153
-0.00593026
-0.00314292
-0.000637129
-0.276308
-0.275327
-0.275928
-0.273197
-0.269721
-0.263814
-0.256735
-0.247798
-0.23741
-0.225294
-0.21144
-0.196225
-0.17917
-0.161505
-0.142453
-0.123935
-0.10529
-0.08819
-0.0726542
-0.0587077
-0.0476422
-0.0371512
-0.0301227
-0.0224907
-0.0180425
-0.0126937
-0.00948194
-0.00608247
-0.00323929
-0.000691615
-0.27227
-0.271635
-0.272603
-0.27066
-0.267627
-0.262104
-0.255442
-0.247027
-0.236986
-0.225185
-0.21158
-0.196601
-0.179755
-0.162258
-0.143375
-0.124934
-0.106373
-0.0892504
-0.0736859
-0.0596487
-0.0484679
-0.0378763
-0.030697
-0.0229905
-0.0184051
-0.0130044
-0.00969259
-0.0062416
-0.00334024
-0.00074712
-0.268063
-0.267668
-0.269139
-0.268107
-0.265685
-0.260803
-0.254547
-0.24627
-0.236466
-0.224948
-0.211595
-0.196863
-0.180255
-0.162951
-0.144265
-0.125926
-0.107467
-0.0903358
-0.0747521
-0.0606281
-0.0493319
-0.0386373
-0.0313019
-0.0235171
-0.0187878
-0.0133317
-0.0099143
-0.00640796
-0.00344553
-0.00080324
-0.264106
-0.262906
-0.264424
-0.264232
-0.262499
-0.2583
-0.252358
-0.244961
-0.235702
-0.224646
-0.211664
-0.197262
-0.18094
-0.163853
-0.145367
-0.12712
-0.108745
-0.0915774
-0.0759389
-0.0617014
-0.0502582
-0.0394448
-0.031934
-0.0240638
-0.0191813
-0.0136666
-0.01014
-0.00657598
-0.00355161
-0.00085868
-0.25894
-0.259182
-0.260917
-0.261354
-0.260113
-0.25652
-0.251366
-0.243686
-0.234571
-0.223726
-0.210951
-0.196754
-0.180648
-0.163751
-0.145474
-0.127383
-0.109169
-0.0920922
-0.0765212
-0.0623023
-0.0508274
-0.0399867
-0.0323842
-0.0244752
-0.0194918
-0.0139396
-0.0103317
-0.00672203
-0.003646
-0.000908855
-0.253294
-0.254334
-0.25627
-0.257224
-0.256345
-0.253049
-0.247794
-0.241017
-0.232351
-0.22187
-0.209428
-0.195539
-0.179752
-0.163134
-0.145163
-0.12731
-0.109339
-0.0924208
-0.0769703
-0.062814
-0.0513322
-0.0404892
-0.0328031
-0.0248677
-0.0197858
-0.0142008
-0.0105139
-0.00685924
-0.00373426
-0.000955616
-0.247379
-0.249037
-0.251226
-0.252744
-0.252342
-0.249546
-0.244955
-0.238376
-0.230015
-0.219874
-0.207761
-0.194185
-0.178731
-0.162408
-0.144762
-0.127165
-0.109456
-0.0927131
-0.077397
-0.0633169
-0.0518351
-0.0409985
-0.0332289
-0.0252717
-0.020088
-0.0144714
-0.0107024
-0.00700106
-0.00382547
-0.00100345
-0.241217
-0.243519
-0.245988
-0.248046
-0.248139
-0.245852
-0.241647
-0.235514
-0.227527
-0.217753
-0.205996
-0.192758
-0.177659
-0.16165
-0.144345
-0.127018
-0.109582
-0.0930228
-0.0778456
-0.0638453
-0.052363
-0.0415335
-0.0336767
-0.0256969
-0.0204066
-0.0147569
-0.0109013
-0.00715063
-0.00392145
-0.00105279
-0.234759
-0.237809
-0.240576
-0.243131
-0.243718
-0.241922
-0.238145
-0.232456
-0.224873
-0.21549
-0.204117
-0.191239
-0.17652
-0.160845
-0.143901
-0.126861
-0.109709
-0.0933441
-0.0783122
-0.0643969
-0.0529148
-0.0420937
-0.0341468
-0.0261437
-0.0207421
-0.0150576
-0.011111
-0.00730828
-0.00402234
-0.00110357
-0.228048
-0.231931
-0.235015
-0.238024
-0.239105
-0.2378
-0.234475
-0.229236
-0.222069
-0.213096
-0.202128
-0.189631
-0.175311
-0.159991
-0.143424
-0.126685
-0.10983
-0.09367
-0.07879
-0.0649659
-0.053486
-0.0426755
-0.0346366
-0.02661
-0.0210932
-0.0153724
-0.0113309
-0.00747353
-0.0041278
-0.0011556
-0.221158
-0.225916
-0.22934
-0.232768
-0.23434
-0.23353
-0.230659
-0.225876
-0.21914
-0.210589
-0.200043
-0.187944
-0.17404
-0.159089
-0.142914
-0.12649
-0.109942
-0.0939978
-0.0792761
-0.0655494
-0.0540738
-0.0432765
-0.0351442
-0.0270941
-0.0214589
-0.0157003
-0.0115604
-0.00764597
-0.00423751
-0.00120866
-0.214143
-0.21979
-0.223581
-0.227397
-0.229452
-0.229138
-0.226723
-0.222396
-0.216104
-0.207986
-0.197875
-0.186187
-0.172713
-0.158146
-0.142374
-0.126277
-0.110045
-0.0943256
-0.0797678
-0.0661446
-0.0546758
-0.0438942
-0.035668
-0.0275943
-0.0218382
-0.0160404
-0.0117989
-0.00782522
-0.0043512
-0.00126257
-0.207053
-0.213577
-0.21776
-0.221939
-0.224464
-0.224645
-0.222689
-0.218821
-0.212978
-0.205301
-0.195637
-0.184371
-0.171337
-0.157166
-0.141805
-0.126047
-0.110137
-0.0946509
-0.0802622
-0.0667485
-0.0552893
-0.044526
-0.0362062
-0.0281089
-0.02223
-0.0163914
-0.0120459
-0.00801078
-0.00446855
-0.00131713
-0.199934
-0.207299
-0.211898
-0.216418
-0.219398
-0.220069
-0.218575
-0.215165
-0.209777
-0.202548
-0.193338
-0.182503
-0.169918
-0.156152
-0.141209
-0.125798
-0.110216
-0.0949715
-0.0807563
-0.0673579
-0.0559115
-0.0451692
-0.0367567
-0.0286357
-0.022633
-0.0167522
-0.0123007
-0.00820211
-0.00458918
-0.00137215
-0.192834
-0.200982
-0.206016
-0.210858
-0.214271
-0.215428
-0.214397
-0.211444
-0.206515
-0.199737
-0.190988
-0.180591
-0.168461
-0.155107
-0.140587
-0.125532
-0.110281
-0.0952852
-0.0812474
-0.0679698
-0.0565396
-0.0458209
-0.0373173
-0.0291727
-0.023046
-0.0171213
-0.0125624
-0.00839856
-0.00471269
-0.00142743
-0.185797
-0.194653
-0.200134
-0.205283
-0.209104
-0.210738
-0.21017
-0.207672
-0.203202
-0.19688
-0.188596
-0.178642
-0.166971
-0.154036
-0.139942
-0.125247
-0.11033
-0.0955898
-0.0817328
-0.0685812
-0.0571706
-0.0464783
-0.0378859
-0.0297177
-0.0234673
-0.0174973
-0.0128302
-0.00859942
-0.00483865
-0.00148277
-0.178866
-0.188342
-0.194273
-0.199717
-0.203918
-0.206014
-0.205908
-0.203863
-0.199852
-0.193985
-0.18617
-0.176663
-0.165452
-0.152942
-0.139274
-0.124946
-0.110363
-0.0958835
-0.0822101
-0.0691892
-0.057802
-0.0471386
-0.0384603
-0.0302683
-0.0238954
-0.0178787
-0.013103
-0.00880392
-0.0049666
-0.00153797
-0.172082
-0.182079
-0.188456
-0.194185
-0.198736
-0.201275
-0.201628
-0.20003
-0.196477
-0.191065
-0.183718
-0.17466
-0.163911
-0.151827
-0.138585
-0.124627
-0.11038
-0.0961647
-0.0826771
-0.0697911
-0.0584309
-0.0477988
-0.0390379
-0.0308224
-0.0243288
-0.0182638
-0.01338
-0.00901122
-0.00509606
-0.00159282
-0.165481
-0.175895
-0.182704
-0.18871
-0.193581
-0.196541
-0.197345
-0.196189
-0.193088
-0.18813
-0.181249
-0.172642
-0.162352
-0.150696
-0.137878
-0.124292
-0.110379
-0.0964318
-0.0831316
-0.0703841
-0.0590547
-0.0484561
-0.0396166
-0.0313773
-0.0247656
-0.0186511
-0.01366
-0.00922041
-0.0052265
-0.00164712
-0.159096
-0.169823
-0.177043
-0.183317
-0.188477
-0.191832
-0.193077
-0.192357
-0.189701
-0.185191
-0.178773
-0.170615
-0.160781
-0.149554
-0.137155
-0.123943
-0.11036
-0.0966834
-0.0835717
-0.0709656
-0.0596707
-0.0491075
-0.0401936
-0.0319307
-0.0252039
-0.0190387
-0.0139418
-0.00943051
-0.00535736
-0.00170066
-0.152954
-0.163896
-0.171496
-0.178028
-0.183453
-0.187173
-0.188843
-0.188551
-0.186332
-0.182263
-0.176301
-0.16859
-0.159206
-0.148405
-0.13642
-0.123579
-0.110325
-0.0969186
-0.0839954
-0.0715328
-0.060276
-0.0497499
-0.0407663
-0.0324797
-0.0256417
-0.0194246
-0.014224
-0.00964044
-0.00548804
-0.00175321
-0.147084
-0.158149
-0.166092
-0.172869
-0.178535
-0.18259
-0.184666
-0.18479
-0.182997
-0.179361
-0.173847
-0.166575
-0.157634
-0.147254
-0.135677
-0.123205
-0.110272
-0.0971361
-0.0844012
-0.0720829
-0.0608678
-0.05038
-0.0413317
-0.0330215
-0.0260767
-0.0198068
-0.0145052
-0.00984904
-0.00561786
-0.00180455
-0.141508
-0.152617
-0.16086
-0.167867
-0.173754
-0.178111
-0.180569
-0.181096
-0.179717
-0.176501
-0.171423
-0.164584
-0.156075
-0.14611
-0.134931
-0.122821
-0.110204
-0.0973354
-0.0847871
-0.0726132
-0.0614428
-0.0509942
-0.0418866
-0.0335529
-0.0265062
-0.020183
-0.0147838
-0.010055
-0.00574607
-0.00185442
-0.136251
-0.147332
-0.155831
-0.163051
-0.16914
-0.173769
-0.176581
-0.177493
-0.176514
-0.173704
-0.169047
-0.162628
-0.15454
-0.144979
-0.134187
-0.122431
-0.110122
-0.0975158
-0.0851515
-0.0731207
-0.0619978
-0.0515888
-0.0424274
-0.0340704
-0.0269275
-0.0205507
-0.0150578
-0.0102569
-0.00587182
-0.00190257
-0.131332
-0.142329
-0.151035
-0.15845
-0.164724
-0.169596
-0.172731
-0.174009
-0.17341
-0.17099
-0.166738
-0.160725
-0.153041
-0.143872
-0.133451
-0.12204
-0.110028
-0.0976771
-0.0854927
-0.0736025
-0.0625293
-0.0521598
-0.0429503
-0.0345702
-0.0273372
-0.020907
-0.0153251
-0.0104531
-0.00599415
-0.0019487
-0.126775
-0.137641
-0.146508
-0.154097
-0.16054
-0.165627
-0.169054
-0.170671
-0.170435
-0.168384
-0.164515
-0.158889
-0.151592
-0.142798
-0.132733
-0.121651
-0.109924
-0.0978191
-0.0858091
-0.0740555
-0.0630335
-0.0527026
-0.0434508
-0.0350481
-0.0277317
-0.0212489
-0.0155834
-0.010642
-0.00611198
-0.0019925
-0.122597
-0.133299
-0.142285
-0.150027
-0.156622
-0.161899
-0.165585
-0.167514
-0.167615
-0.165912
-0.162403
-0.157142
-0.150209
-0.141769
-0.132039
-0.121271
-0.109813
-0.0979423
-0.0860989
-0.0744765
-0.0635062
-0.0532126
-0.0439241
-0.0354994
-0.0281071
-0.021573
-0.0158297
-0.0108214
-0.00622409
-0.00203361
-0.118822
-0.129339
-0.138403
-0.146277
-0.153009
-0.158452
-0.162363
-0.164573
-0.164984
-0.163604
-0.160426
-0.155504
-0.148909
-0.1408
-0.131382
-0.120905
-0.109698
-0.098047
-0.0863605
-0.0748619
-0.0639429
-0.0536846
-0.044365
-0.0359192
-0.0284586
-0.0218756
-0.0160611
-0.0109893
-0.00632908
-0.00207163
-0.115471
-0.125794
-0.134902
-0.142888
-0.14974
-0.155327
-0.159433
-0.161888
-0.162578
-0.161491
-0.158615
-0.154
-0.147713
-0.139905
-0.130772
-0.120561
-0.109584
-0.0981341
-0.0865923
-0.0752081
-0.0643386
-0.0541127
-0.0447676
-0.0363019
-0.0287812
-0.0221524
-0.016274
-0.0111432
-0.00642543
-0.00210611
-0.112569
-0.122703
-0.131827
-0.139903
-0.146861
-0.152571
-0.156839
-0.159504
-0.160438
-0.15961
-0.157
-0.152657
-0.146642
-0.139102
-0.130221
-0.120248
-0.109475
-0.0982045
-0.0867924
-0.0755111
-0.0646876
-0.0544908
-0.0451252
-0.0366412
-0.0290691
-0.0223987
-0.0164645
-0.0112804
-0.0065114
-0.00213654
-0.110149
-0.12011
-0.129228
-0.137375
-0.144422
-0.150235
-0.154635
-0.157471
-0.158609
-0.158001
-0.155618
-0.151506
-0.145722
-0.138411
-0.129746
-0.119975
-0.109376
-0.0982594
-0.086959
-0.0757662
-0.0649837
-0.0548118
-0.0454304
-0.0369305
-0.0293158
-0.0226093
-0.016628
-0.0113978
-0.00658506
-0.00216233
-0.108241
-0.118058
-0.127161
-0.135359
-0.142479
-0.148373
-0.152874
-0.155843
-0.157142
-0.156709
-0.154507
-0.15058
-0.144981
-0.137853
-0.12936
-0.119752
-0.109293
-0.0982999
-0.0870895
-0.0759683
-0.0652195
-0.0550677
-0.045675
-0.0371618
-0.0295141
-0.0227783
-0.0167597
-0.011492
-0.00664424
-0.00218282
-0.106908
-0.116617
-0.125701
-0.133932
-0.141102
-0.147054
-0.151625
-0.154685
-0.156096
-0.155788
-0.153715
-0.149919
-0.144451
-0.137453
-0.129083
-0.11959
-0.109232
-0.0983269
-0.0871811
-0.0761112
-0.0653871
-0.0552495
-0.0458493
-0.0373265
-0.0296559
-0.0228988
-0.016854
-0.0115593
-0.00668655
-0.00219722
-0.106179
-0.115841
-0.124916
-0.133163
-0.140362
-0.146346
-0.150955
-0.154063
-0.155534
-0.155293
-0.153289
-0.149563
-0.144166
-0.137238
-0.128934
-0.119503
-0.109199
-0.0983408
-0.0872297
-0.0761874
-0.0654768
-0.0553468
-0.0459429
-0.0374145
-0.0297319
-0.0229633
-0.0169047
-0.0115951
-0.00670928
-0.00220459
-0.0966226
-0.10608
-0.115356
-0.124433
-0.1333
-0.141959
-0.150416
-0.158679
-0.166755
-0.174655
-0.182387
-0.189958
-0.19738
-0.204652
-0.211768
-0.21876
-0.22546
-0.232292
-0.238289
-0.246203
-0.0934375
-0.102582
-0.111546
-0.120327
-0.128923
-0.137335
-0.145569
-0.153629
-0.161522
-0.169252
-0.176826
-0.184249
-0.19152
-0.198658
-0.205606
-0.212522
-0.219028
-0.226056
-0.231953
-0.240198
-0.090348
-0.0991328
-0.107747
-0.116193
-0.124471
-0.132583
-0.14053
-0.148316
-0.155945
-0.163421
-0.170745
-0.177929
-0.184958
-0.191891
-0.198613
-0.205421
-0.211773
-0.218816
-0.224771
-0.232728
-0.0873284
-0.0957797
-0.104081
-0.112235
-0.120241
-0.128098
-0.135807
-0.143373
-0.150797
-0.158084
-0.165232
-0.172264
-0.179145
-0.185976
-0.192584
-0.199346
-0.205633
-0.21254
-0.218559
-0.225956
-0.0844071
-0.0925396
-0.100541
-0.108413
-0.116154
-0.123765
-0.131246
-0.138603
-0.145834
-0.152951
-0.159941
-0.166843
-0.173597
-0.180336
-0.186837
-0.193498
-0.199696
-0.20636
-0.212363
-0.219277
-0.0815911
-0.0894095
-0.0971113
-0.104698
-0.112169
-0.119525
-0.126767
-0.133899
-0.140919
-0.14784
-0.154644
-0.161376
-0.167962
-0.174542
-0.180888
-0.187362
-0.193453
-0.199853
-0.20585
-0.212446
-0.078876
-0.0863846
-0.093789
-0.101092
-0.108291
-0.11539
-0.122386
-0.129285
-0.13608
-0.142789
-0.149385
-0.15592
-0.162314
-0.168701
-0.174884
-0.181151
-0.187147
-0.193317
-0.199285
-0.205632
-0.0762613
-0.0834664
-0.0905784
-0.0976008
-0.104532
-0.111373
-0.118122
-0.124785
-0.131352
-0.137843
-0.144229
-0.150558
-0.156762
-0.162949
-0.168978
-0.17504
-0.180924
-0.186872
-0.192737
-0.198848
-0.0737479
-0.0806567
-0.0874827
-0.0942293
-0.100895
-0.107481
-0.113983
-0.120408
-0.126747
-0.133015
-0.13919
-0.145309
-0.151322
-0.157304
-0.163164
-0.169013
-0.174746
-0.180471
-0.186185
-0.192072
-0.0713365
-0.0779568
-0.0845032
-0.0909791
-0.0973829
-0.103715
-0.109972
-0.116159
-0.122268
-0.128311
-0.134272
-0.140175
-0.145988
-0.151756
-0.15743
-0.163062
-0.16862
-0.174132
-0.179673
-0.185341
-0.0690272
-0.0753673
-0.0816414
-0.0878526
-0.0939992
-0.100081
-0.106096
-0.112045
-0.117925
-0.123741
-0.129484
-0.135167
-0.140774
-0.146326
-0.151804
-0.157225
-0.162594
-0.167899
-0.173251
-0.178695
-0.0668191
-0.072888
-0.078898
-0.0848513
-0.0907466
-0.0965831
-0.102358
-0.108073
-0.113724
-0.119314
-0.124838
-0.130302
-0.1357
-0.141037
-0.146314
-0.151524
-0.156695
-0.161791
-0.166942
-0.172163
-0.0647134
-0.0705204
-0.0762747
-0.0819775
-0.0876278
-0.0932244
-0.0987647
-0.104249
-0.109674
-0.11504
-0.120347
-0.125593
-0.13078
-0.135904
-0.140975
-0.145975
-0.150942
-0.15583
-0.160773
-0.165773
-0.0627082
-0.068264
-0.0737717
-0.0792323
-0.084645
-0.0900081
-0.0953194
-0.100577
-0.105781
-0.110928
-0.116018
-0.12105
-0.126026
-0.13094
-0.135802
-0.140595
-0.145355
-0.150038
-0.154769
-0.159551
-0.0608022
-0.0661185
-0.0713892
-0.0766164
-0.0817997
-0.086937
-0.0920259
-0.0970643
-0.102051
-0.106983
-0.111862
-0.116684
-0.121451
-0.126157
-0.130814
-0.135402
-0.139956
-0.144435
-0.148953
-0.153517
-0.059
-0.0640858
-0.0691292
-0.0741322
-0.0790946
-0.0840141
-0.088888
-0.0937138
-0.09849
-0.103214
-0.107886
-0.112503
-0.117066
-0.12157
-0.126024
-0.130411
-0.134761
-0.139041
-0.143348
-0.147695
-0.0573016
-0.0621665
-0.0669925
-0.0717811
-0.0765318
-0.081242
-0.0859091
-0.0905301
-0.0951035
-0.0996265
-0.104099
-0.108517
-0.112882
-0.117189
-0.121446
-0.125638
-0.12979
-0.133873
-0.137975
-0.142109
-0.0557034
-0.0603583
-0.064978
-0.0695628
-0.0741118
-0.0786224
-0.0830918
-0.0875169
-0.0918959
-0.0962258
-0.100506
-0.104733
-0.108908
-0.113026
-0.117092
-0.121095
-0.125056
-0.128951
-0.132854
-0.13678
-0.0542077
-0.0586641
-0.0630883
-0.0674798
-0.0718373
-0.0761583
-0.0804396
-0.0846783
-0.088872
-0.093018
-0.0971151
-0.10116
-0.105153
-0.10909
-0.112975
-0.116797
-0.120576
-0.124289
-0.128002
-0.13173
-0.052814
-0.0570835
-0.0613234
-0.0655327
-0.0697096
-0.0738515
-0.0779553
-0.0820178
-0.0860364
-0.0900083
-0.0939321
-0.0978045
-0.101626
-0.105391
-0.109104
-0.112756
-0.116362
-0.119903
-0.123437
-0.126976
-0.0515228
-0.0556176
-0.059685
-0.0637235
-0.0677311
-0.0717052
-0.0756423
-0.0795394
-0.0833936
-0.0872023
-0.0909634
-0.0946741
-0.0983338
-0.101938
-0.105491
-0.108983
-0.112427
-0.115808
-0.119173
-0.122536
-0.0503355
-0.0542679
-0.0581749
-0.0620545
-0.0659047
-0.0697224
-0.0735045
-0.0772477
-0.0809491
-0.0846058
-0.0882158
-0.0917762
-0.0952861
-0.0987418
-0.102145
-0.105489
-0.108784
-0.112017
-0.115227
-0.118426
-0.0492537
-0.0530364
-0.0567954
-0.0605285
-0.0642334
-0.067907
-0.0715461
-0.0751474
-0.0787079
-0.0822249
-0.085696
-0.0891185
-0.0924911
-0.0958104
-0.0990775
-0.102287
-0.105445
-0.108544
-0.111613
-0.114663
-0.0482807
-0.0519269
-0.055551
-0.0591504
-0.0627227
-0.0662648
-0.0697737
-0.0732458
-0.0766783
-0.0800683
-0.0834135
-0.0867111
-0.0899597
-0.0931562
-0.0963008
-0.0993891
-0.102426
-0.105404
-0.108347
-0.111264
-0.0474186
-0.0509418
-0.0544441
-0.057923
-0.061376
-0.0647999
-0.0681917
-0.0715481
-0.074866
-0.0781427
-0.0813757
-0.0845625
-0.0877013
-0.0907895
-0.0938265
-0.0968087
-0.0997393
-0.102613
-0.105447
-0.108249
-0.0466763
-0.0500911
-0.0534862
-0.0568588
-0.0602064
-0.0635261
-0.0668148
-0.0700693
-0.0732867
-0.0764641
-0.0795993
-0.0826897
-0.0857335
-0.0887282
-0.0916729
-0.0945646
-0.0974051
-0.10019
-0.102932
-0.105637
-0.0460524
-0.0493727
-0.0526745
-0.0559552
-0.0592123
-0.0624428
-0.0656438
-0.068812
-0.0719447
-0.0750391
-0.0780929
-0.0811037
-0.0840696
-0.0869882
-0.0898584
-0.0926776
-0.0954464
-0.098162
-0.100831
-0.103459
-0.0455738
-0.0488173
-0.0520428
-0.0552471
-0.0584282
-0.0615837
-0.0647108
-0.0678066
-0.0708685
-0.0738939
-0.0768806
-0.0798263
-0.0827293
-0.0855874
-0.0883992
-0.0911628
-0.0938779
-0.0965424
-0.0991603
-0.101734
-0.0452173
-0.0483998
-0.0515661
-0.054714
-0.0578408
-0.0609435
-0.0640194
-0.0670657
-0.0700797
-0.0730592
-0.0760019
-0.0789056
-0.0817685
-0.0845887
-0.0873646
-0.0900945
-0.0927774
-0.0954117
-0.0979987
-0.100539
-0.0450585
-0.048195
-0.0513137
-0.0544124
-0.0574901
-0.0605454
-0.0635761
-0.0665798
-0.0695543
-0.0724974
-0.0754072
-0.078282
-0.08112
-0.0839197
-0.0866796
-0.0893983
-0.0920748
-0.0947079
-0.0972978
-0.0998448
0.125202
0.114147
0.103009
0.0919935
0.0805207
0.0688211
0.0570915
0.0453558
0.0336281
0.0219438
0.0103471
-0.00112989
-0.0124587
-0.0236087
-0.0345527
-0.0453414
-0.0563389
-0.066909
-0.0770763
-0.0869681
0.120496
0.108969
0.0973964
0.0866514
0.0756061
0.0643457
0.0531094
0.041904
0.0307205
0.0195887
0.00854172
-0.0023975
-0.0132105
-0.0238927
-0.0344561
-0.0448821
-0.0549053
-0.0648587
-0.0745985
-0.0841127
0.114754
0.10345
0.0918786
0.0815697
0.0711124
0.0603609
0.0496249
0.0389454
0.0282938
0.0176901
0.00716654
-0.00325187
-0.0135452
-0.0236992
-0.0337023
-0.0435281
-0.0532399
-0.0628454
-0.0722303
-0.0813861
0.108691
0.0979383
0.0865128
0.0765561
0.0666504
0.0564033
0.0461482
0.0359804
0.0258561
0.0157762
0.00577014
-0.0041377
-0.0139312
-0.0236044
-0.0331534
-0.0425641
-0.0517881
-0.0609342
-0.0699226
-0.0787163
0.102553
0.0924195
0.0812769
0.0716649
0.0623057
0.052592
0.0428203
0.0331472
0.0235328
0.0139579
0.00444713
-0.00497273
-0.0142866
-0.0234895
-0.0325746
-0.0415287
-0.0503413
-0.0590846
-0.0676935
-0.076132
0.0964528
0.0869402
0.0761921
0.0669284
0.0580806
0.0489002
0.0396077
0.0304092
0.0212854
0.0122009
0.00317015
-0.00577845
-0.0146301
-0.0233823
-0.0320303
-0.0405657
-0.0489747
-0.0573208
-0.0655556
-0.0736454
0.0904505
0.0815356
0.0712587
0.0623583
0.0539879
0.0453328
0.0365197
0.0277808
0.0191274
0.0105156
0.00194796
-0.00654828
-0.0149575
-0.0232778
-0.0315061
-0.0396361
-0.0476598
-0.0556287
-0.063503
-0.071253
0.0845958
0.0762489
0.066489
0.0579672
0.0500426
0.0418935
0.0335546
0.0252612
0.0170565
0.00889783
0.000775871
-0.00728627
-0.0152722
-0.0231799
-0.0310075
-0.0387507
-0.0464042
-0.05401
-0.0615353
-0.068954
0.0789258
0.0711142
0.0618915
0.0537591
0.0462534
0.0385854
0.0307113
0.0228508
0.0150744
0.0073482
-0.000346339
-0.0079926
-0.0155744
-0.0230883
-0.0305334
-0.0379066
-0.0452046
-0.0524623
-0.0596511
-0.0667482
0.0734647
0.0661556
0.0574742
0.0497368
0.042627
0.0354128
0.0279893
0.020549
0.0131817
0.00586638
-0.00142015
-0.0086689
-0.0158652
-0.0230041
-0.0300844
-0.037104
-0.0440611
-0.0509849
-0.0578496
-0.0646356
0.0682284
0.0613903
0.0532434
0.0459016
0.0391675
0.0323792
0.0253883
0.0183543
0.0113778
0.00445219
-0.00244644
-0.00931625
-0.0161453
-0.0229273
-0.0296603
-0.0363427
-0.0429735
-0.0495773
-0.0561304
-0.0626157
0.0632279
0.0568306
0.0492043
0.0422541
0.0358772
0.0294873
0.0229083
0.0162652
0.00966188
0.00310534
-0.00342592
-0.00993576
-0.0164156
-0.0228582
-0.0292603
-0.0356202
-0.0419378
-0.0482365
-0.0544913
-0.0606873
0.0584706
0.0524851
0.0453603
0.0387943
0.0327569
0.0267386
0.020549
0.0142801
0.00803268
0.00182526
-0.00435906
-0.0105279
-0.0166763
-0.0227973
-0.0288868
-0.0349428
-0.0409649
-0.0469699
-0.0529356
-0.0588515
0.0539614
0.0483594
0.0417137
0.0355215
0.0298067
0.0241342
0.0183103
0.0123974
0.00648858
0.000610918
-0.00524678
-0.011094
-0.0169283
-0.0227425
-0.0285301
-0.0342874
-0.0400173
-0.0457542
-0.0514521
-0.0571036
0.0497031
0.0444571
0.0382655
0.0324341
0.0270255
0.0216743
0.016192
0.0106157
0.00502814
-0.000538374
-0.00608929
-0.0116345
-0.0171748
-0.0227054
-0.0282221
-0.0337211
-0.0391949
-0.0446155
-0.0500357
-0.0554386
0.0456969
0.04078
0.0350157
0.0295305
0.024412
0.0193586
0.0141937
0.00893389
0.00364989
-0.00162348
-0.00688633
-0.0121473
-0.0174084
-0.0226649
-0.0279107
-0.0331404
-0.0383485
-0.0435298
-0.048708
-0.053871
0.0419425
0.037329
0.0319638
0.0268082
0.021964
0.0171865
0.012315
0.00735094
0.00235254
-0.00264529
-0.00763829
-0.0126332
-0.0176325
-0.0226327
-0.027628
-0.0326127
-0.0375815
-0.0425274
-0.0474693
-0.0523991
0.0384388
0.0341037
0.029109
0.024265
0.0196793
0.0151566
0.0105553
0.00586591
0.00113481
-0.0036049
-0.00834576
-0.0130921
-0.0178463
-0.0226054
-0.0273639
-0.0321161
-0.036857
-0.0415819
-0.0463037
-0.0510153
0.0351842
0.0311034
0.02645
0.0218984
0.0175551
0.0132676
0.00891388
0.004478
-4.426e-06
-0.00450344
-0.0090095
-0.0135246
-0.0180505
-0.0225849
-0.0271225
-0.0316578
-0.0361859
-0.0407024
-0.0452164
-0.049722
0.0321767
0.0283271
0.0239857
0.0197062
0.0155891
0.0115177
0.00738997
0.00318652
-0.00106614
-0.00534192
-0.00963029
-0.0139311
-0.0182454
-0.0225708
-0.0269026
-0.0312355
-0.0355646
-0.0398858
-0.0442054
-0.0485182
0.0294147
0.0257735
0.021715
0.0176863
0.0137788
0.0099054
0.00598274
0.00199091
-0.00205107
-0.00612121
-0.0102088
-0.0143122
-0.0184311
-0.0225634
-0.0267048
-0.0308499
-0.034994
-0.0391332
-0.0432716
-0.0474045
0.0268968
0.0234421
0.0196375
0.0158375
0.0121225
0.00842914
0.00469147
0.000890756
-0.00295972
-0.00684196
-0.0107458
-0.0146682
-0.0186082
-0.0225632
-0.0265292
-0.0305013
-0.0344746
-0.0384452
-0.0424157
-0.0463819
0.0246225
0.0213327
0.0177533
0.0141592
0.0106189
0.00708788
0.00351567
-0.000114065
-0.00379226
-0.00750452
-0.0112416
-0.0149996
-0.0187767
-0.0225702
-0.0263761
-0.0301897
-0.0340064
-0.0378223
-0.0416387
-0.0454517
0.0225928
0.0194464
0.0160636
0.012652
0.00926776
0.00588126
0.00245527
-0.00102344
-0.0045487
-0.00810925
-0.0116969
-0.0153074
-0.0189382
-0.0225863
-0.0262478
-0.0299182
-0.0335929
-0.037268
-0.0409437
-0.0446169
0.0208105
0.017786
0.0145713
0.0113179
0.00807028
0.00481005
0.00151119
-0.00183619
-0.00522783
-0.00865496
-0.0121105
-0.0155901
-0.0190907
-0.0226091
-0.0261415
-0.0296837
-0.0332313
-0.0367806
-0.0403309
-0.0438791
0.019281
0.0163564
0.013281
0.0101605
0.00702867
0.00387546
0.000683917
-0.00255261
-0.00583094
-0.00914431
-0.0124867
-0.0158538
-0.0192422
-0.0226486
-0.0260691
-0.0294995
-0.0329353
-0.0363726
-0.0398104
-0.0432469
0.0180135
0.0151663
0.012201
0.00918733
0.00614985
0.00308426
-1.92109e-05
-0.00316433
-0.00634846
-0.00956634
-0.0128129
-0.0160841
-0.0193763
-0.0226863
-0.0260104
-0.0293447
-0.0326855
-0.0360293
-0.0393743
-0.0427173
0.0170207
0.0142263
0.0113396
0.00840322
0.00543429
0.00243232
-0.000607136
-0.00368537
-0.00679986
-0.00994635
-0.0131204
-0.0163183
-0.0195363
-0.0227708
-0.0260182
-0.0292744
-0.0325352
-0.0357966
-0.0390575
-0.0423179
0.0163264
0.0135615
0.0107242
0.007839
0.0049175
0.00196121
-0.0010311
-0.00405921
-0.00712082
-0.0102124
-0.0133304
-0.0164712
-0.0196314
-0.0228077
-0.0259969
-0.0291954
-0.0324
-0.0356077
-0.0388158
-0.0420209
0.0159475
0.0131779
0.0103442
0.00746293
0.0045444
0.0015923
-0.00139233
-0.00440822
-0.0074529
-0.0105232
-0.0136156
-0.0167268
-0.0198535
-0.0229924
-0.0261404
-0.0292939
-0.0324495
-0.0356042
-0.038757
-0.0419097
0.134685
0.13612
0.138304
0.14136
0.144663
0.148339
0.151648
0.154797
0.156854
0.158247
0.157749
0.156212
0.151943
0.146301
0.135833
0.13375
0.135077
0.137085
0.139879
0.142846
0.146094
0.148904
0.151457
0.152873
0.153505
0.152292
0.149867
0.144994
0.138353
0.129264
0.132747
0.133959
0.135779
0.138295
0.140909
0.143711
0.146012
0.147962
0.148753
0.148663
0.146817
0.143633
0.138354
0.131257
0.122702
0.131669
0.132762
0.134383
0.136605
0.138852
0.14119
0.142971
0.144305
0.144478
0.143677
0.141235
0.137362
0.131721
0.124316
0.11589
0.130516
0.131483
0.132898
0.134813
0.136683
0.138546
0.139805
0.14052
0.140091
0.138603
0.1356
0.131127
0.125147
0.117554
0.109204
0.129283
0.13012
0.131321
0.132919
0.134405
0.135783
0.136522
0.136626
0.135613
0.133479
0.129954
0.124975
0.118696
0.111014
0.102757
0.127969
0.128671
0.129651
0.130922
0.132018
0.132905
0.133128
0.132632
0.131058
0.128325
0.124319
0.118923
0.112395
0.104685
0.0965376
0.126571
0.127133
0.127887
0.128821
0.129523
0.129918
0.12963
0.128554
0.126442
0.123162
0.118717
0.112981
0.106255
0.0985516
0.0905268
0.125087
0.125504
0.126028
0.126619
0.126924
0.126829
0.12604
0.124407
0.121784
0.118011
0.113172
0.10716
0.100288
0.0926139
0.0847267
0.123516
0.123786
0.124075
0.124319
0.124226
0.123648
0.122368
0.120208
0.117103
0.11289
0.107705
0.101473
0.0945026
0.0868809
0.0791454
0.121859
0.121978
0.12203
0.121925
0.121435
0.120385
0.118629
0.115974
0.112421
0.107819
0.102338
0.0959351
0.0889101
0.0813629
0.0737908
0.120117
0.120083
0.119895
0.119442
0.11856
0.117052
0.114839
0.111724
0.10776
0.102819
0.0970903
0.0905603
0.0835197
0.0760688
0.0686697
0.118292
0.118103
0.117675
0.11688
0.115612
0.113665
0.111015
0.107477
0.103141
0.0979088
0.091979
0.0853631
0.0783404
0.0710063
0.0637882
0.116387
0.116045
0.115378
0.114247
0.112601
0.110237
0.107175
0.103253
0.098586
0.0931074
0.0870213
0.0803565
0.0733806
0.0661815
0.0591513
0.114409
0.113914
0.11301
0.111554
0.109542
0.106786
0.103341
0.0990729
0.094116
0.0884342
0.0822325
0.0755528
0.0686484
0.0615997
0.0547623
0.112364
0.111721
0.110584
0.108814
0.106453
0.103331
0.0995326
0.0949571
0.0897519
0.0839074
0.0776273
0.0709627
0.0641509
0.0572647
0.0506234
0.110262
0.109476
0.108111
0.106044
0.10335
0.099891
0.0957722
0.0909276
0.0855139
0.0795449
0.0732197
0.0665962
0.0598943
0.0531796
0.0467357
0.108115
0.107193
0.105607
0.10326
0.100255
0.0964881
0.0920827
0.0870064
0.0814221
0.0753635
0.0690225
0.0624623
0.0558839
0.0493467
0.0430995
0.105938
0.104889
0.103091
0.100483
0.0971901
0.0931453
0.0884877
0.0832159
0.0774964
0.0713794
0.0650482
0.0585692
0.0521245
0.0457676
0.0397143
0.10375
0.102582
0.100584
0.097735
0.0941791
0.0898875
0.0850116
0.0795785
0.0737561
0.0676085
0.0613086
0.0549246
0.0486205
0.0424438
0.0365796
0.101571
0.100294
0.0981102
0.0950411
0.0912488
0.086741
0.0816798
0.0761173
0.0702212
0.0640664
0.0578152
0.0515364
0.0453761
0.0393767
0.0336951
0.0994268
0.0980515
0.0956968
0.0924294
0.0884279
0.083734
0.0785186
0.0728557
0.0669114
0.060769
0.0545799
0.0484123
0.0423959
0.0365684
0.0310608
0.0973459
0.0958834
0.0933745
0.0899311
0.0857475
0.0808965
0.0755559
0.0698184
0.0638474
0.0577327
0.0516149
0.0455609
0.0396853
0.0340215
0.0286776
0.0953613
0.0938227
0.0911776
0.0875807
0.0832414
0.0782604
0.0728211
0.0670313
0.0610512
0.0549752
0.0489337
0.0429921
0.0372511
0.0317404
0.026548
0.0935104
0.0919067
0.0891439
0.085416
0.0809465
0.0758607
0.070346
0.0645223
0.0585466
0.052516
0.046552
0.0407177
0.0351021
0.0297314
0.0246763
0.0918351
0.090177
0.0873154
0.0834786
0.0789033
0.0737354
0.0681652
0.0623223
0.0563601
0.0503775
0.0444879
0.0387526
0.03325
0.0280036
0.0230696
0.0903818
0.0886801
0.0857386
0.0818145
0.0771562
0.0719264
0.0663175
0.060466
0.0545222
0.048586
0.0427639
0.0371154
0.0317103
0.02657
0.0217387
0.0892023
0.0874672
0.0844646
0.0804745
0.0757548
0.0704809
0.0648465
0.0589935
0.0530689
0.0471732
0.0414077
0.0358302
0.030504
0.0254486
0.0206992
0.0883531
0.0865949
0.08355
0.0795151
0.0747543
0.0694521
0.0638029
0.0579516
0.0520432
0.0461784
0.0404544
0.0349283
0.0296586
0.0246641
0.0199739
0.0878961
0.0861258
0.0830579
0.0789997
0.0742176
0.0689013
0.0632451
0.0573962
0.0514974
0.0456501
0.039949
0.0344511
0.0292118
0.0242497
0.0195894
0.146851
0.149003
0.152426
0.157497
0.16356
0.170886
0.179038
0.188163
0.197969
0.208555
0.219653
0.231324
0.243291
0.25563
0.26803
0.146784
0.148932
0.152349
0.15741
0.163459
0.170768
0.178892
0.187988
0.197754
0.208297
0.219335
0.230942
0.242829
0.255084
0.267369
0.14665
0.148791
0.152194
0.157237
0.163257
0.170534
0.178602
0.187641
0.197326
0.20778
0.2187
0.230181
0.241904
0.253992
0.266045
0.146451
0.14858
0.151964
0.156978
0.162954
0.170181
0.178167
0.187123
0.196686
0.207009
0.21775
0.229042
0.240518
0.252351
0.264056
0.146186
0.148299
0.151659
0.156634
0.162557
0.169716
0.177591
0.186435
0.195837
0.205986
0.216489
0.227527
0.238671
0.250161
0.2614
0.145858
0.147951
0.15128
0.156207
0.162054
0.169132
0.176876
0.185582
0.194781
0.204714
0.21492
0.225641
0.236366
0.247426
0.258079
0.145467
0.147537
0.150829
0.155701
0.161475
0.168441
0.176024
0.184566
0.193523
0.203198
0.213045
0.223387
0.233607
0.244149
0.2541
0.145014
0.147059
0.150309
0.155112
0.160768
0.167631
0.17504
0.183389
0.192066
0.201442
0.210869
0.220771
0.230398
0.240338
0.24947
0.144503
0.146519
0.149721
0.154459
0.160035
0.166714
0.173926
0.182057
0.190415
0.199451
0.208397
0.2178
0.226747
0.236003
0.2442
0.143934
0.145918
0.149069
0.153719
0.159152
0.165689
0.172689
0.180572
0.188574
0.19723
0.205635
0.214481
0.222661
0.231154
0.238307
0.143311
0.145259
0.148354
0.152914
0.158219
0.164571
0.171331
0.178937
0.186549
0.194783
0.202587
0.210822
0.218148
0.225806
0.231807
0.142634
0.144546
0.14758
0.152023
0.157187
0.16335
0.169858
0.177157
0.184346
0.192114
0.199262
0.206831
0.213216
0.219975
0.22472
0.141908
0.14378
0.146751
0.15109
0.15608
0.162039
0.168274
0.175236
0.181972
0.18923
0.195668
0.202518
0.207877
0.213678
0.217068
0.141134
0.142966
0.145873
0.150084
0.154896
0.160637
0.166583
0.173178
0.179433
0.186133
0.191815
0.197889
0.202141
0.206936
0.208871
0.140315
0.142105
0.144918
0.149004
0.153646
0.159151
0.16479
0.170988
0.176736
0.182828
0.187714
0.19295
0.196022
0.199769
0.200146
0.139454
0.141206
0.143964
0.147871
0.15233
0.157585
0.162901
0.168673
0.17389
0.179323
0.183379
0.187706
0.189536
0.192194
0.190905
0.138554
0.140252
0.142909
0.146685
0.150954
0.155942
0.160913
0.166232
0.17089
0.175614
0.178815
0.182154
0.182709
0.184224
0.181154
0.137619
0.139279
0.141831
0.145454
0.149521
0.154234
0.15885
0.163698
0.167772
0.171739
0.174051
0.176305
0.175561
0.175835
0.170874
0.136646
0.138254
0.140707
0.144171
0.148019
0.152427
0.156652
0.160986
0.164441
0.167618
0.169042
0.170138
0.16816
0.166998
0.160076
0.135653
0.137199
0.139565
0.142896
0.146553
0.150702
0.154566
0.158421
0.161231
0.163557
0.163956
0.163763
0.1604
0.157611
0.148704
0.135653
0.137199
0.139565
0.142896
0.146553
0.150703
0.154567
0.158422
0.161231
0.163558
0.163957
0.163764
0.160401
0.157611
0.148705
0.136646
0.138254
0.140707
0.144172
0.148019
0.152427
0.156652
0.160986
0.164442
0.167619
0.169042
0.170138
0.168161
0.166999
0.160077
0.137619
0.139279
0.141831
0.145454
0.149521
0.154235
0.15885
0.163698
0.167772
0.171739
0.174051
0.176305
0.175561
0.175836
0.170874
0.138554
0.140253
0.142909
0.146685
0.150954
0.155942
0.160914
0.166233
0.17089
0.175614
0.178815
0.182155
0.18271
0.184225
0.181155
0.139454
0.141206
0.143964
0.147871
0.152331
0.157585
0.162901
0.168673
0.17389
0.179323
0.183379
0.187707
0.189537
0.192195
0.190906
0.140315
0.142105
0.144918
0.149005
0.153646
0.159151
0.164791
0.170988
0.176736
0.182828
0.187714
0.19295
0.196023
0.19977
0.200147
0.141134
0.142966
0.145873
0.150084
0.154896
0.160637
0.166584
0.173178
0.179433
0.186134
0.191816
0.197889
0.202142
0.206936
0.208871
0.141908
0.143781
0.146751
0.15109
0.15608
0.162039
0.168274
0.175236
0.181972
0.18923
0.195669
0.202518
0.207878
0.213678
0.217069
0.142635
0.144546
0.14758
0.152024
0.157187
0.163351
0.169858
0.177158
0.184346
0.192115
0.199263
0.206832
0.213217
0.219975
0.224721
0.143311
0.145259
0.148354
0.152914
0.158219
0.164571
0.171332
0.178938
0.186549
0.194783
0.202588
0.210822
0.218148
0.225807
0.231807
0.143934
0.145918
0.149069
0.153719
0.159152
0.165689
0.172689
0.180572
0.188574
0.19723
0.205635
0.214481
0.222661
0.231155
0.238307
0.144503
0.146519
0.149721
0.154459
0.160035
0.166714
0.173926
0.182057
0.190415
0.199452
0.208398
0.2178
0.226748
0.236003
0.244201
0.145014
0.147059
0.150309
0.155113
0.160768
0.167631
0.17504
0.18339
0.192066
0.201443
0.210869
0.220771
0.230399
0.240339
0.24947
0.145467
0.147538
0.150829
0.155701
0.161475
0.168441
0.176024
0.184566
0.193523
0.203199
0.213045
0.223387
0.233607
0.244149
0.2541
0.145858
0.147952
0.15128
0.156207
0.162054
0.169132
0.176876
0.185582
0.194782
0.204714
0.21492
0.225641
0.236366
0.247426
0.25808
0.146186
0.148299
0.151659
0.156634
0.162557
0.169716
0.177591
0.186436
0.195837
0.205986
0.216489
0.227527
0.238671
0.250161
0.2614
0.146451
0.14858
0.151964
0.156978
0.162954
0.170181
0.178167
0.187123
0.196686
0.207009
0.217751
0.229042
0.240518
0.252351
0.264056
0.14665
0.148791
0.152194
0.157237
0.163257
0.170534
0.178602
0.187641
0.197326
0.20778
0.2187
0.230181
0.241904
0.253992
0.266045
0.146784
0.148932
0.152349
0.15741
0.163459
0.170768
0.178892
0.187988
0.197755
0.208297
0.219335
0.230942
0.242829
0.255085
0.267369
0.146851
0.149003
0.152426
0.157497
0.16356
0.170886
0.179038
0.188163
0.197969
0.208555
0.219653
0.231324
0.243291
0.25563
0.26803
0.0878965
0.0861262
0.0830583
0.0790001
0.074218
0.0689017
0.0632455
0.0573966
0.0514978
0.0456505
0.0399494
0.0344514
0.0292121
0.02425
0.0195897
0.0883535
0.0865953
0.0835504
0.0795155
0.0747548
0.0694525
0.0638033
0.057952
0.0520436
0.0461787
0.0404548
0.0349287
0.029659
0.0246644
0.0199742
0.0892027
0.0874676
0.084465
0.0804749
0.0757552
0.0704813
0.064847
0.0589939
0.0530693
0.0471736
0.0414081
0.0358306
0.0305044
0.025449
0.0206995
0.0903822
0.0886805
0.085739
0.0818149
0.0771566
0.0719268
0.0663179
0.0604665
0.0545226
0.0485864
0.0427643
0.0371158
0.0317107
0.0265703
0.0217391
0.0918354
0.0901774
0.0873158
0.083479
0.0789037
0.0737358
0.0681656
0.0623227
0.0563605
0.0503779
0.0444884
0.038753
0.0332504
0.028004
0.02307
0.0935108
0.0919071
0.0891443
0.0854164
0.0809469
0.0758612
0.0703464
0.0645227
0.058547
0.0525165
0.0465524
0.0407181
0.0351025
0.0297318
0.0246767
0.0953617
0.0938231
0.091178
0.0875811
0.0832418
0.0782609
0.0728216
0.0670317
0.0610517
0.0549757
0.0489342
0.0429925
0.0372516
0.0317408
0.0265484
0.0973463
0.0958838
0.0933749
0.0899315
0.0857479
0.0808969
0.0755564
0.0698189
0.0638479
0.0577332
0.0516153
0.0455613
0.0396858
0.034022
0.0286781
0.0994272
0.0980519
0.0956972
0.0924298
0.0884283
0.0837345
0.0785191
0.0728562
0.0669118
0.0607695
0.0545804
0.0484127
0.0423964
0.0365688
0.0310613
0.101572
0.100294
0.0981106
0.0950415
0.0912492
0.0867415
0.0816803
0.0761178
0.0702216
0.0640669
0.0578157
0.0515369
0.0453766
0.0393773
0.0336956
0.10375
0.102582
0.100585
0.0977354
0.0941795
0.0898879
0.0850121
0.079579
0.0737566
0.067609
0.0613091
0.0549252
0.0486211
0.0424444
0.0365802
0.105939
0.104889
0.103092
0.100484
0.0971905
0.0931458
0.0884882
0.0832164
0.0774969
0.0713799
0.0650488
0.0585697
0.0521251
0.0457682
0.0397149
0.108115
0.107194
0.105608
0.103261
0.100256
0.0964885
0.0920832
0.0870069
0.0814227
0.075364
0.0690231
0.0624629
0.0558845
0.0493473
0.0431001
0.110262
0.109477
0.108111
0.106045
0.103351
0.0998915
0.0957727
0.0909281
0.0855144
0.0795455
0.0732202
0.0665968
0.0598949
0.0531803
0.0467364
0.112364
0.111721
0.110584
0.108815
0.106453
0.103331
0.0995331
0.0949575
0.0897524
0.083908
0.0776279
0.0709633
0.0641515
0.0572654
0.0506241
0.114409
0.113915
0.113011
0.111554
0.109543
0.106787
0.103341
0.0990733
0.0941166
0.0884347
0.0822331
0.0755534
0.0686491
0.0616004
0.054763
0.116388
0.116045
0.115378
0.114247
0.112601
0.110237
0.107176
0.103254
0.0985865
0.093108
0.0870219
0.0803572
0.0733813
0.0661822
0.059152
0.118292
0.118103
0.117676
0.11688
0.115612
0.113665
0.111015
0.107478
0.103142
0.0979093
0.0919797
0.0853637
0.0783411
0.071007
0.063789
0.120118
0.120083
0.119895
0.119443
0.118561
0.117053
0.114839
0.111725
0.10776
0.10282
0.0970909
0.090561
0.0835204
0.0760696
0.0686705
0.12186
0.121978
0.12203
0.121925
0.121436
0.120385
0.11863
0.115974
0.112422
0.10782
0.102339
0.0959357
0.0889108
0.0813637
0.0737916
0.123517
0.123786
0.124075
0.124319
0.124226
0.123648
0.122368
0.120208
0.117103
0.11289
0.107706
0.101474
0.0945033
0.0868817
0.0791463
0.125087
0.125505
0.126028
0.12662
0.126924
0.126829
0.12604
0.124407
0.121784
0.118011
0.113173
0.10716
0.100288
0.0926147
0.0847275
0.126571
0.127133
0.127887
0.128822
0.129523
0.129918
0.129631
0.128554
0.126443
0.123163
0.118718
0.112982
0.106256
0.0985524
0.0905277
0.127969
0.128671
0.129652
0.130922
0.132018
0.132906
0.133128
0.132633
0.131059
0.128326
0.124319
0.118924
0.112396
0.104686
0.0965385
0.129284
0.130121
0.131321
0.132919
0.134406
0.135783
0.136522
0.136626
0.135613
0.133479
0.129954
0.124976
0.118697
0.111015
0.102758
0.130516
0.131484
0.132898
0.134813
0.136684
0.138546
0.139805
0.140521
0.140091
0.138603
0.135601
0.131128
0.125148
0.117555
0.109205
0.13167
0.132762
0.134383
0.136605
0.138852
0.141191
0.142972
0.144305
0.144478
0.143677
0.141235
0.137363
0.131722
0.124317
0.115891
0.132747
0.133959
0.135779
0.138295
0.140909
0.143712
0.146012
0.147962
0.148753
0.148663
0.146817
0.143634
0.138355
0.131258
0.122703
0.133751
0.135077
0.137085
0.139879
0.142847
0.146095
0.148905
0.151457
0.152874
0.153506
0.152293
0.149868
0.144995
0.138354
0.129265
0.134686
0.13612
0.138304
0.14136
0.144664
0.14834
0.151649
0.154798
0.156854
0.158247
0.15775
0.156213
0.151944
0.146301
0.135834
0.0159477
0.0131781
0.0103444
0.00746318
0.00454463
0.00159252
-0.00139214
-0.00440803
-0.00745274
-0.010523
-0.0136155
-0.0167267
-0.0198534
-0.0229924
-0.0261403
-0.0292939
-0.0324496
-0.0356043
-0.0387571
-0.0419098
0.0163267
0.0135618
0.0107244
0.00783926
0.00491774
0.00196143
-0.00103089
-0.00405902
-0.00712064
-0.0102123
-0.0133303
-0.0164711
-0.0196313
-0.0228077
-0.0259968
-0.0291954
-0.0324001
-0.0356077
-0.0388159
-0.042021
0.017021
0.0142266
0.0113399
0.0084035
0.00543455
0.00243256
-0.00060691
-0.00368516
-0.00679968
-0.00994618
-0.0131203
-0.0163181
-0.0195362
-0.0227707
-0.0260182
-0.0292743
-0.0325352
-0.0357966
-0.0390575
-0.042318
0.0180138
0.0151667
0.0122013
0.00918762
0.00615013
0.00308453
-1.89612e-05
-0.00316409
-0.00634825
-0.00956614
-0.0128127
-0.0160839
-0.0193762
-0.0226862
-0.0260103
-0.0293447
-0.0326855
-0.0360293
-0.0393743
-0.0427174
0.0192813
0.0163568
0.0132813
0.0101608
0.00702898
0.00387576
0.000684197
-0.00255235
-0.0058307
-0.00914409
-0.0124865
-0.0158536
-0.0192421
-0.0226485
-0.026069
-0.0294994
-0.0329352
-0.0363726
-0.0398104
-0.0432469
0.0208109
0.0177864
0.0145717
0.0113183
0.00807062
0.00481038
0.00151151
-0.0018359
-0.00522755
-0.0086547
-0.0121103
-0.0155899
-0.0190905
-0.022609
-0.0261414
-0.0296836
-0.0332312
-0.0367805
-0.0403309
-0.0438791
0.0225932
0.0194469
0.016064
0.0126524
0.00926815
0.00588163
0.00245562
-0.0010231
-0.00454838
-0.00810895
-0.0116966
-0.0153071
-0.0189379
-0.022586
-0.0262476
-0.029918
-0.0335928
-0.0372679
-0.0409436
-0.0446169
0.0246229
0.0213332
0.0177537
0.0141597
0.0106193
0.00708829
0.00351607
-0.000113685
-0.00379189
-0.00750417
-0.0112412
-0.0149993
-0.0187764
-0.0225699
-0.0263759
-0.0301895
-0.0340063
-0.0378222
-0.0416386
-0.0454516
0.0268973
0.0234426
0.019638
0.015838
0.012123
0.00842959
0.00469191
0.000891181
-0.00295931
-0.00684157
-0.0107454
-0.0146679
-0.0186079
-0.0225629
-0.0265289
-0.030501
-0.0344744
-0.038445
-0.0424155
-0.0463818
0.0294152
0.0257741
0.0217155
0.0176868
0.0137793
0.0099059
0.00598323
0.00199138
-0.00205062
-0.00612077
-0.0102084
-0.0143118
-0.0184307
-0.0225631
-0.0267044
-0.0308496
-0.0349937
-0.0391329
-0.0432714
-0.0474044
0.0321773
0.0283276
0.0239862
0.0197067
0.0155896
0.0115183
0.0073905
0.00318705
-0.00106563
-0.00534143
-0.00962981
-0.0139307
-0.0182449
-0.0225703
-0.0269022
-0.0312352
-0.0355642
-0.0398855
-0.0442051
-0.048518
0.0351848
0.0311041
0.0264506
0.021899
0.0175557
0.0132682
0.00891446
0.00447857
-3.86629e-06
-0.00450289
-0.00900897
-0.0135241
-0.01805
-0.0225844
-0.027122
-0.0316574
-0.0361855
-0.040702
-0.0452161
-0.0497217
0.0384395
0.0341044
0.0291096
0.0242657
0.0196799
0.0151572
0.0105559
0.00586653
0.00113542
-0.0036043
-0.00834517
-0.0130915
-0.0178457
-0.0226048
-0.0273634
-0.0321156
-0.0368565
-0.0415815
-0.0463033
-0.0510149
0.0419432
0.0373297
0.0319645
0.0268089
0.0219647
0.0171871
0.0123157
0.00735161
0.0023532
-0.00264463
-0.00763765
-0.0126325
-0.0176319
-0.0226321
-0.0276274
-0.0326121
-0.0375809
-0.0425269
-0.0474688
-0.0523987
0.0456976
0.0407808
0.0350164
0.0295312
0.0244127
0.0193594
0.0141945
0.00893461
0.0036506
-0.00162277
-0.00688563
-0.0121466
-0.0174077
-0.0226642
-0.0279101
-0.0331398
-0.0383479
-0.0435292
-0.0487075
-0.0538705
0.0497039
0.0444578
0.0382662
0.0324349
0.0270263
0.0216751
0.0161928
0.0106165
0.0050289
-0.000537617
-0.00608854
-0.0116338
-0.0171741
-0.0227047
-0.0282214
-0.0337204
-0.0391942
-0.0446149
-0.050035
-0.055438
0.0539622
0.0483602
0.0417145
0.0355223
0.0298075
0.024135
0.0183112
0.0123982
0.00648939
0.000611726
-0.00524598
-0.0110932
-0.0169275
-0.0227417
-0.0285293
-0.0342866
-0.0400165
-0.0457535
-0.0514514
-0.0571029
0.0584714
0.0524859
0.0453611
0.0387952
0.0327578
0.0267394
0.0205499
0.0142809
0.00803354
0.00182612
-0.00435821
-0.0105271
-0.0166755
-0.0227964
-0.0288859
-0.034942
-0.0409641
-0.0469691
-0.0529348
-0.0588507
0.0632287
0.0568315
0.0492051
0.042255
0.035878
0.0294881
0.0229092
0.0162661
0.00966278
0.00310625
-0.00342502
-0.00993485
-0.0164147
-0.0228573
-0.0292594
-0.0356193
-0.0419369
-0.0482356
-0.0544905
-0.0606865
0.0682293
0.0613912
0.0532443
0.0459025
0.0391684
0.0323802
0.0253893
0.0183552
0.0113787
0.00445314
-0.00244548
-0.0093153
-0.0161444
-0.0229264
-0.0296593
-0.0363418
-0.0429725
-0.0495764
-0.0561295
-0.0626148
0.0734656
0.0661565
0.0574751
0.0497377
0.042628
0.0354138
0.0279903
0.02055
0.0131826
0.00586737
-0.00141915
-0.00866789
-0.0158642
-0.0230031
-0.0300834
-0.037103
-0.0440601
-0.0509839
-0.0578486
-0.0646346
0.0789267
0.0711151
0.0618925
0.05376
0.0462544
0.0385863
0.0307123
0.0228518
0.0150755
0.00734923
-0.000345297
-0.00799155
-0.0155733
-0.0230873
-0.0305323
-0.0379055
-0.0452035
-0.0524613
-0.05965
-0.0667472
0.0845967
0.0762499
0.0664899
0.0579681
0.0500436
0.0418945
0.0335557
0.0252622
0.0170575
0.0088989
0.000776954
-0.00728518
-0.0152711
-0.0231788
-0.0310064
-0.0387496
-0.046403
-0.0540089
-0.0615341
-0.0689528
0.0904514
0.0815365
0.0712597
0.0623593
0.0539889
0.0453339
0.0365208
0.0277819
0.0191285
0.0105167
0.00194908
-0.00654715
-0.0149563
-0.0232767
-0.031505
-0.0396349
-0.0476586
-0.0556275
-0.0635018
-0.0712518
0.0964537
0.0869411
0.076193
0.0669295
0.0580816
0.0489013
0.0396088
0.0304103
0.0212865
0.012202
0.00317131
-0.00577727
-0.0146289
-0.0233811
-0.032029
-0.0405644
-0.0489734
-0.0573195
-0.0655544
-0.0736441
0.102554
0.0924205
0.0812779
0.0716659
0.0623067
0.0525931
0.0428214
0.0331484
0.0235339
0.0139591
0.00444833
-0.00497151
-0.0142853
-0.0234883
-0.0325733
-0.0415274
-0.05034
-0.0590833
-0.0676921
-0.0761307
0.108692
0.0979392
0.0865138
0.0765572
0.0666515
0.0564044
0.0461493
0.0359815
0.0258573
0.0157774
0.00577137
-0.00413645
-0.0139299
-0.0236031
-0.033152
-0.0425627
-0.0517867
-0.0609328
-0.0699212
-0.0787149
0.114755
0.103451
0.0918796
0.0815707
0.0711134
0.060362
0.0496261
0.0389465
0.028295
0.0176914
0.0071678
-0.00325058
-0.0135439
-0.0236979
-0.0337009
-0.0435267
-0.0532385
-0.0628439
-0.0722288
-0.0813846
0.120497
0.10897
0.0973974
0.0866525
0.0756072
0.0643468
0.0531106
0.0419051
0.0307218
0.01959
0.008543
-0.00239619
-0.0132091
-0.0238913
-0.0344547
-0.0448806
-0.0549038
-0.0648572
-0.074597
-0.0841111
0.125203
0.114148
0.10301
0.0919946
0.0805218
0.0688222
0.0570926
0.0453571
0.0336293
0.0219451
0.0103484
-0.00112854
-0.0124573
-0.0236073
-0.0345512
-0.0453399
-0.0563373
-0.0669074
-0.0770747
-0.0869665
-0.0450586
-0.0481952
-0.0513139
-0.0544126
-0.0574904
-0.0605457
-0.0635765
-0.0665802
-0.0695547
-0.0724978
-0.0754077
-0.0782825
-0.0811206
-0.0839203
-0.0866803
-0.089399
-0.0920755
-0.0947086
-0.0972986
-0.0998456
-0.0452174
-0.0484
-0.0515663
-0.0547142
-0.057841
-0.0609438
-0.0640198
-0.0670661
-0.0700802
-0.0730597
-0.0760024
-0.0789061
-0.0817691
-0.0845893
-0.0873652
-0.0900951
-0.0927781
-0.0954124
-0.0979995
-0.10054
-0.0455739
-0.0488175
-0.052043
-0.0552473
-0.0584285
-0.061584
-0.0647111
-0.067807
-0.0708689
-0.0738943
-0.0768811
-0.0798269
-0.0827299
-0.085588
-0.0883999
-0.0911635
-0.0938787
-0.0965432
-0.0991611
-0.101735
-0.0460525
-0.0493728
-0.0526747
-0.0559554
-0.0592125
-0.0624431
-0.0656441
-0.0688123
-0.0719451
-0.0750395
-0.0780934
-0.0811042
-0.0840701
-0.0869888
-0.089859
-0.0926783
-0.0954472
-0.0981627
-0.100832
-0.10346
-0.0466764
-0.0500912
-0.0534863
-0.056859
-0.0602066
-0.0635264
-0.0668151
-0.0700696
-0.073287
-0.0764646
-0.0795998
-0.0826903
-0.0857341
-0.0887288
-0.0916735
-0.0945653
-0.0974059
-0.100191
-0.102933
-0.105638
-0.0474187
-0.0509419
-0.0544443
-0.0579232
-0.0613762
-0.0648002
-0.068192
-0.0715484
-0.0748664
-0.0781431
-0.0813762
-0.084563
-0.0877019
-0.0907901
-0.0938271
-0.0968095
-0.0997401
-0.102614
-0.105448
-0.10825
-0.0482807
-0.0519269
-0.0555511
-0.0591505
-0.0627228
-0.066265
-0.0697739
-0.0732461
-0.0766787
-0.0800687
-0.0834139
-0.0867116
-0.0899603
-0.0931568
-0.0963015
-0.0993898
-0.102427
-0.105405
-0.108348
-0.111265
-0.0492536
-0.0530364
-0.0567955
-0.0605286
-0.0642335
-0.0679071
-0.0715463
-0.0751476
-0.0787082
-0.0822252
-0.0856964
-0.0891189
-0.0924916
-0.095811
-0.0990781
-0.102288
-0.105446
-0.108545
-0.111614
-0.114664
-0.0503354
-0.0542678
-0.0581749
-0.0620545
-0.0659047
-0.0697226
-0.0735047
-0.0772479
-0.0809493
-0.0846061
-0.0882162
-0.0917766
-0.0952866
-0.0987424
-0.102146
-0.10549
-0.108785
-0.112018
-0.115228
-0.118427
-0.0515226
-0.0556175
-0.0596849
-0.0637234
-0.0677311
-0.0717052
-0.0756424
-0.0795395
-0.0833938
-0.0872025
-0.0909637
-0.0946745
-0.0983342
-0.101939
-0.105491
-0.108984
-0.112427
-0.115809
-0.119174
-0.122537
-0.0528137
-0.0570833
-0.0613233
-0.0655326
-0.0697096
-0.0738515
-0.0779554
-0.0820178
-0.0860365
-0.0900086
-0.0939324
-0.0978049
-0.101626
-0.105391
-0.109105
-0.112757
-0.116362
-0.119904
-0.123438
-0.126977
-0.0542075
-0.0586639
-0.0630881
-0.0674796
-0.0718372
-0.0761582
-0.0804396
-0.0846783
-0.0888721
-0.0930182
-0.0971153
-0.10116
-0.105154
-0.10909
-0.112975
-0.116798
-0.120576
-0.12429
-0.128003
-0.131731
-0.055703
-0.060358
-0.0649778
-0.0695626
-0.0741116
-0.0786222
-0.0830917
-0.0875169
-0.0918959
-0.0962259
-0.100506
-0.104733
-0.108908
-0.113026
-0.117093
-0.121096
-0.125057
-0.128951
-0.132855
-0.136781
-0.0573012
-0.0621661
-0.0669922
-0.0717808
-0.0765315
-0.0812418
-0.0859089
-0.09053
-0.0951034
-0.0996264
-0.104099
-0.108517
-0.112882
-0.117189
-0.121446
-0.125638
-0.12979
-0.133874
-0.137976
-0.14211
-0.0589995
-0.0640854
-0.0691287
-0.0741318
-0.0790943
-0.0840138
-0.0888877
-0.0937135
-0.0984898
-0.103214
-0.107886
-0.112503
-0.117066
-0.12157
-0.126024
-0.130411
-0.134762
-0.139041
-0.143349
-0.147696
-0.0608017
-0.066118
-0.0713886
-0.0766159
-0.0817992
-0.0869366
-0.0920255
-0.097064
-0.102051
-0.106983
-0.111862
-0.116683
-0.121451
-0.126157
-0.130814
-0.135402
-0.139956
-0.144436
-0.148953
-0.153518
-0.0627076
-0.0682633
-0.073771
-0.0792317
-0.0846444
-0.0900076
-0.0953189
-0.100577
-0.10578
-0.110927
-0.116018
-0.12105
-0.126026
-0.130939
-0.135802
-0.140595
-0.145355
-0.150038
-0.154769
-0.159551
-0.0647126
-0.0705196
-0.0762739
-0.0819768
-0.0876271
-0.0932237
-0.0987641
-0.104248
-0.109673
-0.11504
-0.120346
-0.125593
-0.13078
-0.135904
-0.140974
-0.145975
-0.150942
-0.15583
-0.160773
-0.165774
-0.0668183
-0.0728872
-0.0788972
-0.0848505
-0.0907458
-0.0965824
-0.102358
-0.108072
-0.113723
-0.119314
-0.124838
-0.130302
-0.1357
-0.141037
-0.146314
-0.151524
-0.156695
-0.161791
-0.166942
-0.172163
-0.0690263
-0.0753663
-0.0816405
-0.0878517
-0.0939983
-0.10008
-0.106095
-0.112045
-0.117924
-0.12374
-0.129483
-0.135166
-0.140774
-0.146325
-0.151804
-0.157224
-0.162593
-0.167898
-0.17325
-0.178694
-0.0713355
-0.0779558
-0.0845022
-0.0909781
-0.0973819
-0.103714
-0.109971
-0.116158
-0.122267
-0.12831
-0.134271
-0.140174
-0.145988
-0.151755
-0.157429
-0.163061
-0.168619
-0.174131
-0.179673
-0.18534
-0.0737469
-0.0806556
-0.0874816
-0.0942282
-0.100894
-0.107479
-0.113982
-0.120407
-0.126746
-0.133014
-0.139189
-0.145308
-0.151321
-0.157303
-0.163163
-0.169012
-0.174745
-0.18047
-0.186184
-0.192071
-0.0762601
-0.0834652
-0.0905773
-0.0975996
-0.104531
-0.111372
-0.118121
-0.124784
-0.131351
-0.137841
-0.144228
-0.150557
-0.156761
-0.162948
-0.168976
-0.175038
-0.180923
-0.186871
-0.192736
-0.198846
-0.0788747
-0.0863834
-0.0937877
-0.10109
-0.10829
-0.115389
-0.122384
-0.129283
-0.136079
-0.142787
-0.149384
-0.155919
-0.162313
-0.168699
-0.174882
-0.181149
-0.187146
-0.193316
-0.199283
-0.20563
-0.0815897
-0.0894081
-0.09711
-0.104697
-0.112167
-0.119524
-0.126765
-0.133898
-0.140917
-0.147839
-0.154642
-0.161375
-0.16796
-0.174541
-0.180886
-0.18736
-0.193451
-0.199851
-0.205848
-0.212443
-0.0844057
-0.0925382
-0.10054
-0.108412
-0.116153
-0.123763
-0.131245
-0.138602
-0.145833
-0.152949
-0.159939
-0.166841
-0.173595
-0.180334
-0.186835
-0.193496
-0.199694
-0.206357
-0.21236
-0.219274
-0.0873269
-0.0957781
-0.10408
-0.112234
-0.120239
-0.128096
-0.135806
-0.143371
-0.150795
-0.158083
-0.16523
-0.172262
-0.179143
-0.185974
-0.192581
-0.199343
-0.205631
-0.212537
-0.218556
-0.225953
-0.0903464
-0.0991312
-0.107745
-0.116191
-0.12447
-0.132581
-0.140528
-0.148314
-0.155943
-0.163419
-0.170743
-0.177927
-0.184956
-0.191888
-0.19861
-0.205418
-0.21177
-0.218813
-0.224767
-0.232724
-0.0934359
-0.10258
-0.111544
-0.120326
-0.128921
-0.137334
-0.145567
-0.153627
-0.16152
-0.16925
-0.176824
-0.184246
-0.191517
-0.198655
-0.205603
-0.212519
-0.219024
-0.226053
-0.231948
-0.240193
-0.096621
-0.106078
-0.115354
-0.124431
-0.133298
-0.141957
-0.150414
-0.158676
-0.166753
-0.174652
-0.182384
-0.189956
-0.197377
-0.204649
-0.211765
-0.218756
-0.225456
-0.232288
-0.238284
-0.246198
-0.10618
-0.115842
-0.124917
-0.133164
-0.140363
-0.146346
-0.150955
-0.154062
-0.155532
-0.15529
-0.153285
-0.149558
-0.14416
-0.137234
-0.128932
-0.119505
-0.109204
-0.0983483
-0.0872372
-0.076192
-0.0654765
-0.0553419
-0.0459361
-0.03741
-0.0297326
-0.0229684
-0.0169111
-0.011599
-0.00671
-0.00220421
-0.106909
-0.116618
-0.125702
-0.133933
-0.141103
-0.147054
-0.151625
-0.154684
-0.156094
-0.155784
-0.15371
-0.149913
-0.144445
-0.137449
-0.129081
-0.119592
-0.109237
-0.0983348
-0.0871889
-0.076116
-0.0653867
-0.0552444
-0.0458423
-0.0373218
-0.0296565
-0.0229041
-0.0168606
-0.0115632
-0.00668722
-0.00219681
-0.108242
-0.118059
-0.127162
-0.135361
-0.14248
-0.148373
-0.152874
-0.155842
-0.157139
-0.156706
-0.154502
-0.150574
-0.144975
-0.137848
-0.129358
-0.119753
-0.109299
-0.0983084
-0.087098
-0.0759735
-0.0652191
-0.0550621
-0.0456674
-0.0371568
-0.0295149
-0.0227839
-0.0167666
-0.011496
-0.00664482
-0.00218234
-0.11015
-0.120111
-0.129229
-0.137376
-0.144423
-0.150236
-0.154635
-0.157471
-0.158607
-0.157997
-0.155612
-0.151499
-0.145715
-0.138405
-0.129743
-0.119976
-0.109383
-0.0982689
-0.0869684
-0.0757719
-0.0649832
-0.0548055
-0.045422
-0.0369249
-0.0293167
-0.0226155
-0.0166354
-0.0114018
-0.00658548
-0.00216176
-0.11257
-0.122704
-0.131828
-0.139905
-0.146862
-0.152572
-0.15684
-0.159504
-0.160436
-0.159606
-0.156994
-0.15265
-0.146634
-0.139095
-0.130218
-0.120249
-0.109482
-0.0982152
-0.0868031
-0.0755175
-0.064687
-0.0544837
-0.0451157
-0.036635
-0.0290701
-0.0224055
-0.0164724
-0.0112846
-0.00651162
-0.00213585
-0.115472
-0.125796
-0.134904
-0.142889
-0.149742
-0.155329
-0.159434
-0.161888
-0.162577
-0.161487
-0.158609
-0.153992
-0.147703
-0.139897
-0.130767
-0.120563
-0.109592
-0.0981462
-0.0866045
-0.0752154
-0.0643377
-0.0541045
-0.0447567
-0.0362949
-0.0287824
-0.0221599
-0.0162827
-0.0111475
-0.00642539
-0.00210527
-0.118823
-0.129341
-0.138405
-0.146279
-0.153011
-0.158454
-0.162365
-0.164573
-0.164982
-0.1636
-0.16042
-0.155495
-0.148899
-0.14079
-0.131377
-0.120906
-0.109707
-0.098061
-0.0863746
-0.0748703
-0.0639418
-0.0536751
-0.0443527
-0.0359113
-0.02846
-0.021884
-0.0160707
-0.0109938
-0.00632873
-0.00207062
-0.122599
-0.133301
-0.142287
-0.15003
-0.156625
-0.161902
-0.165587
-0.167515
-0.167614
-0.165908
-0.162395
-0.157131
-0.150197
-0.141758
-0.132033
-0.121272
-0.109823
-0.0979584
-0.0861151
-0.074486
-0.0635048
-0.0532016
-0.0439099
-0.0354904
-0.0281087
-0.0215825
-0.0158403
-0.0108261
-0.00622335
-0.0020324
-0.126776
-0.137643
-0.146511
-0.1541
-0.160543
-0.16563
-0.169057
-0.170673
-0.170434
-0.16838
-0.164507
-0.158877
-0.151578
-0.142785
-0.132725
-0.121652
-0.109936
-0.0978377
-0.0858277
-0.0740664
-0.0630317
-0.0526899
-0.0434345
-0.0350379
-0.0277337
-0.0212596
-0.015595
-0.0106467
-0.00611081
-0.00199107
-0.131334
-0.142331
-0.151038
-0.158453
-0.164728
-0.1696
-0.172735
-0.174011
-0.17341
-0.170986
-0.166729
-0.160711
-0.153025
-0.143856
-0.133442
-0.122041
-0.110041
-0.0976984
-0.0855142
-0.0736149
-0.0625271
-0.0521451
-0.0429317
-0.0345587
-0.0273396
-0.020919
-0.0153379
-0.010458
-0.00599247
-0.00194703
-0.136252
-0.147334
-0.155833
-0.163054
-0.169144
-0.173774
-0.176586
-0.177497
-0.176514
-0.1737
-0.169038
-0.162613
-0.154521
-0.144962
-0.134176
-0.122433
-0.110137
-0.0975403
-0.0851761
-0.0731348
-0.0619951
-0.051572
-0.0424063
-0.0340575
-0.0269303
-0.0205643
-0.0150719
-0.0102619
-0.00586955
-0.00190062
-0.141509
-0.152619
-0.160863
-0.167872
-0.173759
-0.178117
-0.180575
-0.181101
-0.179719
-0.176497
-0.171412
-0.164566
-0.156054
-0.146089
-0.134918
-0.122822
-0.110221
-0.0973633
-0.0848151
-0.0726292
-0.0614395
-0.0509749
-0.0418626
-0.0335385
-0.0265096
-0.0201983
-0.0147993
-0.0100601
-0.00574315
-0.00185218
-0.147085
-0.158151
-0.166096
-0.172874
-0.178541
-0.182596
-0.184673
-0.184796
-0.183
-0.179357
-0.173835
-0.166555
-0.157609
-0.14723
-0.135662
-0.123206
-0.110291
-0.0971679
-0.084433
-0.0721009
-0.0608639
-0.050358
-0.0413046
-0.0330055
-0.0260807
-0.0198239
-0.0145223
-0.00985422
-0.00561421
-0.00180198
-0.152956
-0.163898
-0.1715
-0.178033
-0.18346
-0.187181
-0.188852
-0.188558
-0.186335
-0.182259
-0.176289
-0.168568
-0.159177
-0.148377
-0.136403
-0.12358
-0.110346
-0.0969545
-0.0840314
-0.071553
-0.0602714
-0.0497251
-0.0407359
-0.0324619
-0.0256465
-0.0194437
-0.0142428
-0.00964566
-0.00548358
-0.0017503
-0.159097
-0.169825
-0.177046
-0.183322
-0.188485
-0.191841
-0.193087
-0.192366
-0.189706
-0.185188
-0.178759
-0.170591
-0.160749
-0.149522
-0.137135
-0.123943
-0.110384
-0.0967239
-0.0836121
-0.0709882
-0.0596653
-0.0490795
-0.0401595
-0.0319111
-0.0252095
-0.01906
-0.0139623
-0.00943573
-0.00535202
-0.00169738
-0.165482
-0.175897
-0.182708
-0.188716
-0.193589
-0.196552
-0.197357
-0.1962
-0.193095
-0.188127
-0.181234
-0.172615
-0.162315
-0.15066
-0.137854
-0.124292
-0.110406
-0.0964771
-0.0831768
-0.0704093
-0.0590485
-0.0484247
-0.0395787
-0.0313558
-0.024772
-0.0186747
-0.0136824
-0.00922559
-0.0052202
-0.00164346
-0.172083
-0.182081
-0.18846
-0.194191
-0.198745
-0.201287
-0.201642
-0.200043
-0.196485
-0.191063
-0.183702
-0.17463
-0.16387
-0.151786
-0.138558
-0.124627
-0.11041
-0.0962153
-0.0827275
-0.069819
-0.0584238
-0.0477638
-0.0389959
-0.0307988
-0.0243362
-0.01829
-0.0134043
-0.00901633
-0.00508874
-0.00158875
-0.178866
-0.188344
-0.194277
-0.199724
-0.203928
-0.206028
-0.205924
-0.203878
-0.199862
-0.193985
-0.186153
-0.176629
-0.165407
-0.152895
-0.139243
-0.124945
-0.110397
-0.0959397
-0.0822661
-0.06922
-0.0577938
-0.0470997
-0.0384139
-0.0302427
-0.0239039
-0.0179074
-0.0131293
-0.00880892
-0.00495819
-0.00153347
-0.185797
-0.194655
-0.200138
-0.20529
-0.209115
-0.210753
-0.210187
-0.20769
-0.203215
-0.19688
-0.188579
-0.178605
-0.16692
-0.153984
-0.139907
-0.125246
-0.110367
-0.0956519
-0.0817946
-0.068615
-0.0571614
-0.0464354
-0.0378351
-0.0296899
-0.0234768
-0.0175288
-0.0128585
-0.00860427
-0.00482909
-0.00147784
-0.192834
-0.200983
-0.20602
-0.210865
-0.214283
-0.215445
-0.214417
-0.211465
-0.206529
-0.199738
-0.19097
-0.180551
-0.168405
-0.155049
-0.140548
-0.125529
-0.110321
-0.0953536
-0.0813153
-0.0680067
-0.0565292
-0.0457738
-0.0372618
-0.0291427
-0.0230567
-0.0171556
-0.0125929
-0.00840324
-0.00470193
-0.00142205
-0.199934
-0.2073
-0.211902
-0.216426
-0.21941
-0.220088
-0.218597
-0.215188
-0.209794
-0.202551
-0.193319
-0.182459
-0.169856
-0.156087
-0.141165
-0.125795
-0.11026
-0.0950464
-0.0808307
-0.0673981
-0.0559
-0.0451177
-0.0366962
-0.0286034
-0.022645
-0.0167895
-0.0123334
-0.0082066
-0.00457718
-0.00136631
-0.207051
-0.213577
-0.217763
-0.221947
-0.224478
-0.224665
-0.222714
-0.218847
-0.212998
-0.205306
-0.195617
-0.184324
-0.171269
-0.157095
-0.141756
-0.126043
-0.110184
-0.0947326
-0.0803432
-0.0667921
-0.0552766
-0.04447
-0.0361407
-0.0280743
-0.0222433
-0.0164317
-0.0120808
-0.00801507
-0.00445529
-0.00131081
-0.214142
-0.21979
-0.223584
-0.227405
-0.229466
-0.22916
-0.226751
-0.222426
-0.216127
-0.207993
-0.197855
-0.186137
-0.172639
-0.158068
-0.14232
-0.126272
-0.110096
-0.0944142
-0.0798557
-0.0661917
-0.0546619
-0.0438336
-0.0355975
-0.0275574
-0.0218528
-0.0160837
-0.011836
-0.0078293
-0.00433667
-0.00125578
-0.221156
-0.225916
-0.229343
-0.232776
-0.234355
-0.233554
-0.230691
-0.225909
-0.219167
-0.210598
-0.200022
-0.18789
-0.173959
-0.159004
-0.142855
-0.126484
-0.109997
-0.0940935
-0.079371
-0.0656001
-0.0540588
-0.0432113
-0.0350685
-0.0270547
-0.0214747
-0.0157467
-0.0115996
-0.00764986
-0.00422171
-0.00120139
-0.228045
-0.23193
-0.235018
-0.238032
-0.239122
-0.237826
-0.234509
-0.229273
-0.2221
-0.213107
-0.202107
-0.189573
-0.175224
-0.159898
-0.143359
-0.126677
-0.109889
-0.0937727
-0.078892
-0.0650203
-0.0534699
-0.0426058
-0.0345558
-0.0265682
-0.0211103
-0.0154218
-0.0113723
-0.00747725
-0.00411075
-0.00114786
-0.234755
-0.237807
-0.240578
-0.243138
-0.243735
-0.24195
-0.238182
-0.232497
-0.224907
-0.215504
-0.204096
-0.191178
-0.176426
-0.160745
-0.143831
-0.126851
-0.109771
-0.0934539
-0.0784212
-0.0644549
-0.0528977
-0.0420194
-0.0340609
-0.0260995
-0.0207603
-0.0151099
-0.0111546
-0.00731186
-0.00400409
-0.00109537
-0.241213
-0.243516
-0.245989
-0.248054
-0.248156
-0.245882
-0.241688
-0.235559
-0.227566
-0.217769
-0.205976
-0.192693
-0.177559
-0.161542
-0.144269
-0.127007
-0.109648
-0.0931395
-0.0779617
-0.0639071
-0.0523449
-0.0414548
-0.0335859
-0.0256502
-0.0204259
-0.014812
-0.010947
-0.00715412
-0.00390204
-0.00104412
-0.247374
-0.249033
-0.251226
-0.252751
-0.252359
-0.249577
-0.244998
-0.238425
-0.230058
-0.219893
-0.207741
-0.194118
-0.178625
-0.162292
-0.144679
-0.127152
-0.109525
-0.0928364
-0.07752
-0.0633825
-0.0518163
-0.0409157
-0.0331332
-0.0252226
-0.0201082
-0.0145293
-0.0107501
-0.00700451
-0.00380498
-0.000994343
-0.253288
-0.25433
-0.256269
-0.257231
-0.256364
-0.253081
-0.24784
-0.24107
-0.232398
-0.221893
-0.209409
-0.195468
-0.17964
-0.163011
-0.145074
-0.127295
-0.109411
-0.0925506
-0.0771
-0.0628833
-0.0513128
-0.0404023
-0.0327027
-0.0248162
-0.0198069
-0.0142612
-0.0105635
-0.00686272
-0.00371276
-0.000946078
-0.258933
-0.259177
-0.260915
-0.261359
-0.260131
-0.256554
-0.251417
-0.243743
-0.234622
-0.223751
-0.210933
-0.196681
-0.180531
-0.163621
-0.14538
-0.127366
-0.109243
-0.092228
-0.0766573
-0.0623752
-0.0508075
-0.0398963
-0.0322796
-0.0244214
-0.0195136
-0.0140023
-0.0103832
-0.00672557
-0.00362358
-0.000898914
-0.264098
-0.262899
-0.264421
-0.264238
-0.262517
-0.258335
-0.252408
-0.245021
-0.235756
-0.224674
-0.211645
-0.197188
-0.180819
-0.163718
-0.145268
-0.127101
-0.108822
-0.0917174
-0.0760795
-0.0617771
-0.0502381
-0.0393517
-0.031826
-0.0240081
-0.0192036
-0.0137311
-0.010193
-0.00657961
-0.00352836
-0.000848333
-0.268054
-0.267661
-0.269136
-0.268113
-0.265707
-0.260843
-0.254604
-0.246334
-0.236522
-0.224975
-0.211572
-0.196781
-0.180125
-0.162809
-0.144164
-0.125911
-0.107552
-0.0904841
-0.0748982
-0.0607043
-0.0493082
-0.0385389
-0.0311897
-0.0234603
-0.0188117
-0.0133988
-0.00996894
-0.00641154
-0.00342134
-0.000792466
-0.272261
-0.271627
-0.2726
-0.270667
-0.267651
-0.262146
-0.255501
-0.247095
-0.237045
-0.225212
-0.211554
-0.196513
-0.179619
-0.162111
-0.143272
-0.124922
-0.106464
-0.0894054
-0.0738366
-0.0597256
-0.0484414
-0.0377734
-0.0305811
-0.0229326
-0.0184305
-0.0130738
-0.00974873
-0.00624518
-0.00331521
-0.000735948
-0.276298
-0.275318
-0.275925
-0.273205
-0.269747
-0.263861
-0.256798
-0.247869
-0.237471
-0.225321
-0.211411
-0.196132
-0.179027
-0.161353
-0.142348
-0.123924
-0.105386
-0.0883513
-0.0728092
-0.0587853
-0.0476133
-0.0370444
-0.0300034
-0.0224316
-0.0180689
-0.012765
-0.00953942
-0.0060862
-0.00321359
-0.00068008
-0.28012
-0.278473
-0.278665
-0.275127
-0.271188
-0.264645
-0.257504
-0.248299
-0.237688
-0.225292
-0.211182
-0.195698
-0.17841
-0.160588
-0.141434
-0.122949
-0.104337
-0.0873319
-0.0718167
-0.0578812
-0.0468175
-0.0363463
-0.0294507
-0.0219533
-0.0177241
-0.0124706
-0.00934017
-0.00593426
-0.00311672
-0.000625279
-0.283785
-0.281
-0.280895
-0.27665
-0.272426
-0.265641
-0.258132
-0.248585
-0.237757
-0.225136
-0.210855
-0.195195
-0.177754
-0.159809
-0.14053
-0.122
-0.103327
-0.0863579
-0.0708713
-0.0570242
-0.0460633
-0.0356872
-0.0289283
-0.0215017
-0.017398
-0.0121924
-0.00915178
-0.00578982
-0.00302498
-0.000571885
-0.287159
-0.28294
-0.282599
-0.27771
-0.273247
-0.266047
-0.258403
-0.248635
-0.237657
-0.224853
-0.210437
-0.19463
-0.177065
-0.15902
-0.13964
-0.121079
-0.102359
-0.0854329
-0.0699772
-0.0562191
-0.0453553
-0.0350712
-0.0284394
-0.0210802
-0.0170928
-0.0119322
-0.00897535
-0.00565366
-0.00293893
-0.000520348
-0.290325
-0.284217
-0.283848
-0.278375
-0.273744
-0.266343
-0.258519
-0.248526
-0.237421
-0.22446
-0.209939
-0.19401
-0.176348
-0.158226
-0.138768
-0.120192
-0.101439
-0.0845618
-0.0691398
-0.0554704
-0.0446974
-0.0345021
-0.0279868
-0.020691
-0.0168098
-0.0116914
-0.00881164
-0.00552636
-0.00285907
-0.000471152
-0.293044
-0.284898
-0.2847
-0.278733
-0.274044
-0.266341
-0.258415
-0.248259
-0.237061
-0.223974
-0.209372
-0.193346
-0.175613
-0.157434
-0.137921
-0.119342
-0.100571
-0.0837485
-0.0683629
-0.0547816
-0.0440928
-0.0339828
-0.0275725
-0.020336
-0.0165502
-0.0114709
-0.00866126
-0.00540839
-0.00278578
-0.000424775
-0.294922
-0.285179
-0.28525
-0.278795
-0.274085
-0.266183
-0.258182
-0.247877
-0.23661
-0.223415
-0.208754
-0.192651
-0.174869
-0.156651
-0.137104
-0.118535
-0.0997586
-0.0829959
-0.0676495
-0.0541551
-0.0435439
-0.0335151
-0.0271979
-0.0200167
-0.0163147
-0.0112714
-0.00852458
-0.00530014
-0.00271933
-0.000381666
-0.295934
-0.285205
-0.285533
-0.278653
-0.273991
-0.265868
-0.257832
-0.2474
-0.236088
-0.222805
-0.208103
-0.191941
-0.174129
-0.155887
-0.136324
-0.117775
-0.0990059
-0.0823061
-0.0670014
-0.053592
-0.0430515
-0.0330998
-0.0268638
-0.0197334
-0.0161036
-0.0110933
-0.00840178
-0.00520184
-0.00265988
-0.000342224
-0.296269
-0.285086
-0.28559
-0.278369
-0.273754
-0.265459
-0.257409
-0.246865
-0.235523
-0.222166
-0.207436
-0.191232
-0.173405
-0.155151
-0.135588
-0.117067
-0.0983158
-0.0816804
-0.0664193
-0.0530922
-0.0426158
-0.0327368
-0.02657
-0.0194861
-0.015917
-0.0109363
-0.0082928
-0.00511364
-0.00260747
-0.000306768
-0.296214
-0.284818
-0.285506
-0.277968
-0.273447
-0.264985
-0.256934
-0.246302
-0.234936
-0.221524
-0.206776
-0.19054
-0.17271
-0.154454
-0.134904
-0.116415
-0.0976907
-0.0811195
-0.0659032
-0.0526545
-0.042236
-0.0324248
-0.0263158
-0.019274
-0.0157544
-0.0108001
-0.0081974
-0.00503557
-0.00256205
-0.000275524
-0.295791
-0.284506
-0.285264
-0.27753
-0.273078
-0.26448
-0.256456
-0.245729
-0.234361
-0.220894
-0.206138
-0.189882
-0.172059
-0.153809
-0.134279
-0.115824
-0.0971333
-0.080624
-0.0654522
-0.0522773
-0.0419105
-0.0321616
-0.0261001
-0.0190958
-0.0156151
-0.0106837
-0.00811517
-0.00496758
-0.00252344
-0.000248613
-0.295087
-0.284233
-0.284899
-0.277119
-0.272651
-0.264012
-0.255951
-0.245199
-0.233801
-0.220313
-0.20555
-0.18928
-0.171461
-0.153225
-0.133723
-0.115302
-0.0966462
-0.0801943
-0.0650654
-0.0519582
-0.0416371
-0.0319449
-0.0259211
-0.0189495
-0.0154983
-0.0105863
-0.00804557
-0.00490956
-0.00249142
-0.000226054
-0.294366
-0.283843
-0.284552
-0.276682
-0.272262
-0.263551
-0.255503
-0.244704
-0.233298
-0.219784
-0.205017
-0.188742
-0.170944
-0.152719
-0.133239
-0.114853
-0.096232
-0.0798313
-0.0647419
-0.051695
-0.0414137
-0.0317716
-0.0257773
-0.0188332
-0.0154029
-0.0105067
-0.00798803
-0.00486136
-0.00246568
-0.00020778
-0.293656
-0.283467
-0.284221
-0.276296
-0.271901
-0.263156
-0.255105
-0.244279
-0.232866
-0.219335
-0.20457
-0.188291
-0.170509
-0.152293
-0.132844
-0.114485
-0.0958941
-0.0795361
-0.0644809
-0.0514856
-0.041238
-0.0316388
-0.0256668
-0.0187447
-0.015328
-0.0104437
-0.00794193
-0.00482284
-0.00244591
-0.000193653
-0.293041
-0.283124
-0.283949
-0.27597
-0.271623
-0.262832
-0.254789
-0.24394
-0.232523
-0.218981
-0.204218
-0.187939
-0.170173
-0.151967
-0.132543
-0.114203
-0.0956333
-0.0793098
-0.0642819
-0.0513283
-0.0411082
-0.0315439
-0.025588
-0.0186818
-0.0152725
-0.0103963
-0.00790674
-0.00479384
-0.00243182
-0.000183505
-0.292591
-0.282869
-0.283756
-0.275738
-0.271418
-0.262605
-0.254566
-0.243703
-0.232285
-0.218736
-0.203977
-0.1877
-0.169946
-0.151749
-0.132339
-0.11401
-0.0954583
-0.079154
-0.064145
-0.0512216
-0.0410229
-0.0314845
-0.0255395
-0.0186428
-0.0152357
-0.0103636
-0.00788205
-0.00477425
-0.00242313
-0.000177163
-0.292351
-0.282733
-0.283655
-0.275616
-0.271315
-0.262486
-0.254449
-0.243579
-0.232161
-0.218611
-0.203855
-0.187582
-0.169836
-0.151643
-0.13224
-0.113913
-0.0953658
-0.0790696
-0.0640703
-0.0511651
-0.0409811
-0.0314591
-0.0255201
-0.0186264
-0.015217
-0.010345
-0.00786759
-0.00476402
-0.00241965
-0.000174482
)
;

boundaryField
{
    inlet
    {
        type            zeroGradient;
    }
    outlet
    {
        type            fixedValue;
        value           uniform 0;
    }
    cylinder
    {
        type            zeroGradient;
    }
    top
    {
        type            symmetryPlane;
    }
    bottom
    {
        type            symmetryPlane;
    }
    defaultFaces
    {
        type            empty;
    }
}


// ************************************************************************* //
