/*--------------------------------*- C++ -*----------------------------------*\
  =========                 |
  \\      /  F ield         | OpenFOAM: The Open Source CFD Toolbox
   \\    /   O peration     | Website:  https://openfoam.org
    \\  /    A nd           | Version:  9
     \\/     M anipulation  |
\*---------------------------------------------------------------------------*/
FoamFile
{
    format      ascii;
    class       volScalarField;
    location    "29";
    object      p;
}
// * * * * * * * * * * * * * * * * * * * * * * * * * * * * * * * * * * * * * //

dimensions      [0 2 -2 0 0 0 0];

internalField   nonuniform List<scalar> 
8500
(
-0.303756
-0.307977
-0.308818
-0.310574
-0.312672
-0.31293
-0.316709
-0.313093
-0.319307
-0.312004
-0.304021
-0.308181
-0.309016
-0.31074
-0.312871
-0.313024
-0.317007
-0.313028
-0.319722
-0.31189
-0.304545
-0.308584
-0.309405
-0.311065
-0.313261
-0.313202
-0.317594
-0.312881
-0.320546
-0.311661
-0.305315
-0.309175
-0.309972
-0.311533
-0.313825
-0.313443
-0.318451
-0.312623
-0.321767
-0.311313
-0.306312
-0.309938
-0.310698
-0.312122
-0.314537
-0.313721
-0.319542
-0.312217
-0.323362
-0.310842
-0.307512
-0.310855
-0.311561
-0.312805
-0.315362
-0.31401
-0.320812
-0.311628
-0.325288
-0.310231
-0.30889
-0.311904
-0.312536
-0.313553
-0.316255
-0.314286
-0.322185
-0.310825
-0.327489
-0.309418
-0.310419
-0.313063
-0.313592
-0.314336
-0.317166
-0.314535
-0.323567
-0.309798
-0.329873
-0.308397
-0.312072
-0.314313
-0.314703
-0.31513
-0.318036
-0.314754
-0.324839
-0.308623
-0.331993
-0.307377
-0.313828
-0.315632
-0.31584
-0.315914
-0.318809
-0.314959
-0.325784
-0.307525
-0.333785
-0.305977
-0.315665
-0.317006
-0.316977
-0.31667
-0.319426
-0.315237
-0.326269
-0.306399
-0.335202
-0.304358
-0.317571
-0.318423
-0.318097
-0.317393
-0.319783
-0.315632
-0.326309
-0.305322
-0.335834
-0.303003
-0.319542
-0.319877
-0.319188
-0.318097
-0.319904
-0.316012
-0.325905
-0.304612
-0.335132
-0.302464
-0.321578
-0.321369
-0.320243
-0.318763
-0.319846
-0.316326
-0.324985
-0.304431
-0.332708
-0.30276
-0.323692
-0.322905
-0.321272
-0.319369
-0.319654
-0.316561
-0.323618
-0.304697
-0.328545
-0.303077
-0.325911
-0.324492
-0.322315
-0.319922
-0.31938
-0.316511
-0.321928
-0.305039
-0.323149
-0.302321
-0.328267
-0.326152
-0.323398
-0.320454
-0.3191
-0.316146
-0.320001
-0.305071
-0.317161
-0.299976
-0.330802
-0.327917
-0.324559
-0.321003
-0.318874
-0.315486
-0.317805
-0.304601
-0.310835
-0.296064
-0.333565
-0.329822
-0.325839
-0.321608
-0.318706
-0.314643
-0.315249
-0.303554
-0.304097
-0.291006
-0.336611
-0.331906
-0.327291
-0.322293
-0.318558
-0.313735
-0.312311
-0.301788
-0.296992
-0.285581
-0.339996
-0.334221
-0.328966
-0.323058
-0.318402
-0.312801
-0.309067
-0.299078
-0.290142
-0.280274
-0.343765
-0.336835
-0.330901
-0.323889
-0.318272
-0.311778
-0.305599
-0.295374
-0.283988
-0.273719
-0.347991
-0.339801
-0.333102
-0.324795
-0.318225
-0.310546
-0.301938
-0.290942
-0.27781
-0.266948
-0.352739
-0.343182
-0.335531
-0.325858
-0.318254
-0.308997
-0.298083
-0.28592
-0.271632
-0.260135
-0.35807
-0.34703
-0.338138
-0.32721
-0.318269
-0.307073
-0.293987
-0.280508
-0.26534
-0.253234
-0.364053
-0.351358
-0.340925
-0.328924
-0.318149
-0.304747
-0.28963
-0.274799
-0.258911
-0.246311
-0.370761
-0.356116
-0.344008
-0.330923
-0.317792
-0.302015
-0.284994
-0.268854
-0.252347
-0.239299
-0.378265
-0.361206
-0.347589
-0.333003
-0.317122
-0.298881
-0.280073
-0.262696
-0.245633
-0.232197
-0.386607
-0.366525
-0.351854
-0.334948
-0.316069
-0.295351
-0.274857
-0.256328
-0.238765
-0.224964
-0.395762
-0.372013
-0.356842
-0.336605
-0.314563
-0.291416
-0.269336
-0.249738
-0.231723
-0.217581
-0.405612
-0.377682
-0.362372
-0.337877
-0.312541
-0.28706
-0.263492
-0.24291
-0.224491
-0.210021
-0.415931
-0.383611
-0.368056
-0.338689
-0.309951
-0.282252
-0.257303
-0.235822
-0.217044
-0.202262
-0.426387
-0.389897
-0.373405
-0.33895
-0.306749
-0.276957
-0.250741
-0.228448
-0.20936
-0.194283
-0.436662
-0.396601
-0.37796
-0.338545
-0.302895
-0.271136
-0.243772
-0.220762
-0.201415
-0.186066
-0.446451
-0.403689
-0.381369
-0.337344
-0.298349
-0.264756
-0.236366
-0.212734
-0.193188
-0.177592
-0.455498
-0.410988
-0.383414
-0.33521
-0.293063
-0.257784
-0.228489
-0.204338
-0.184659
-0.168845
-0.463601
-0.41817
-0.38399
-0.332016
-0.286988
-0.250185
-0.22011
-0.195547
-0.175806
-0.159811
-0.470599
-0.424779
-0.383086
-0.327664
-0.280069
-0.241928
-0.211203
-0.18634
-0.166611
-0.150484
-0.476366
-0.43029
-0.380729
-0.322085
-0.272253
-0.232977
-0.20174
-0.176696
-0.15706
-0.140874
-0.480792
-0.434225
-0.376899
-0.31523
-0.263491
-0.2233
-0.1917
-0.166595
-0.14714
-0.131006
-0.483778
-0.436251
-0.371475
-0.307055
-0.253741
-0.212868
-0.181063
-0.156023
-0.13684
-0.120896
-0.485216
-0.436089
-0.364365
-0.297516
-0.242969
-0.201656
-0.169814
-0.144963
-0.12615
-0.110521
-0.484975
-0.433538
-0.355507
-0.286574
-0.231145
-0.189645
-0.15794
-0.133405
-0.115082
-0.0998206
-0.482898
-0.428462
-0.344857
-0.274205
-0.218252
-0.176821
-0.145426
-0.121338
-0.103678
-0.088714
-0.478798
-0.420772
-0.332365
-0.260409
-0.204275
-0.163168
-0.132262
-0.108765
-0.0919828
-0.0771808
-0.472468
-0.410409
-0.317991
-0.24519
-0.189201
-0.148684
-0.118454
-0.0957247
-0.0799719
-0.0653563
-0.463692
-0.397338
-0.301717
-0.228547
-0.173016
-0.13339
-0.104041
-0.0822995
-0.0675328
-0.0533285
-0.452257
-0.381543
-0.283533
-0.210477
-0.155728
-0.11735
-0.0890885
-0.0684649
-0.0546747
-0.0411025
-0.437972
-0.363023
-0.263434
-0.191003
-0.137423
-0.10062
-0.0735541
-0.0542315
-0.041444
-0.028685
-0.420675
-0.341796
-0.241408
-0.170209
-0.11825
-0.0831046
-0.0574783
-0.0396129
-0.0278884
-0.0160895
-0.400251
-0.31792
-0.217455
-0.14825
-0.0981498
-0.0648576
-0.0409009
-0.0246338
-0.0140507
-0.00334288
-0.376631
-0.291524
-0.191661
-0.125097
-0.0771673
-0.0459389
-0.0238658
-0.0093266
2.78224e-05
0.00951814
-0.349805
-0.262772
-0.164216
-0.100665
-0.055361
-0.0264145
-0.00642072
0.00626897
0.0143074
0.0224493
-0.31982
-0.231695
-0.135255
-0.0750735
-0.0327981
-0.0063545
0.0113801
0.0221089
0.0287514
0.035406
-0.286797
-0.198038
-0.105166
-0.0484644
-0.00955305
0.014166
0.029476
0.038148
0.0433288
0.0483445
-0.250911
-0.162105
-0.0739004
-0.0209877
0.0142876
0.035067
0.0478022
0.0543446
0.0580072
0.0611944
-0.212261
-0.124305
-0.0415121
0.0072101
0.0386236
0.0562635
0.0662934
0.0706649
0.0727314
0.0737822
-0.170816
-0.0852657
-0.00813085
0.0359866
0.0633441
0.0776659
0.0848875
0.0870755
0.0873887
0.0857713
-0.127062
-0.0451488
0.0260638
0.0651987
0.0883296
0.099181
0.103524
0.103517
0.101804
0.0968725
-0.0813556
-0.00414555
0.0608674
0.0946975
0.113454
0.120714
0.122134
0.119879
0.115816
0.107404
-0.0340777
0.0375069
0.0960606
0.124326
0.138587
0.142166
0.140634
0.13602
0.12937
0.118683
0.0143696
0.0795447
0.131414
0.153921
0.163595
0.163438
0.158926
0.151831
0.14267
0.130492
0.0635673
0.121686
0.166693
0.183312
0.188342
0.184425
0.176916
0.167277
0.155762
0.142344
0.113084
0.163639
0.201661
0.212324
0.212691
0.205016
0.194508
0.182314
0.168595
0.154061
0.162483
0.205105
0.236079
0.240783
0.236502
0.225102
0.211613
0.196894
0.181094
0.165463
0.211323
0.245782
0.269711
0.268511
0.259638
0.244573
0.228147
0.21096
0.193192
0.176453
0.259167
0.285371
0.302326
0.295333
0.281961
0.26332
0.244024
0.22445
0.204823
0.186952
0.305587
0.323581
0.333695
0.321076
0.303339
0.281237
0.259163
0.237299
0.215921
0.196901
0.350162
0.360131
0.363602
0.345574
0.323641
0.29822
0.273484
0.249446
0.226427
0.206249
0.392482
0.394761
0.391838
0.368663
0.342741
0.31417
0.286912
0.260829
0.236284
0.214955
0.432172
0.427215
0.418203
0.390191
0.360519
0.328995
0.299373
0.271388
0.245435
0.22298
0.468933
0.457203
0.44251
0.41001
0.376863
0.342605
0.310798
0.281068
0.25383
0.23029
0.502469
0.484469
0.464582
0.427985
0.39167
0.354919
0.321124
0.289816
0.261422
0.236855
0.532488
0.508798
0.48426
0.443992
0.404843
0.365863
0.330294
0.297586
0.268166
0.242648
0.558728
0.530003
0.5014
0.457923
0.416299
0.375371
0.338254
0.304331
0.274023
0.247648
0.580958
0.547923
0.515878
0.469681
0.425962
0.383385
0.34496
0.310013
0.278958
0.251837
0.598982
0.562423
0.527588
0.479185
0.433769
0.389856
0.350372
0.3146
0.282941
0.255201
0.612641
0.573395
0.536447
0.486372
0.43967
0.394745
0.354459
0.318064
0.28595
0.257731
0.621815
0.580756
0.542388
0.49119
0.443626
0.398021
0.357197
0.320385
0.287967
0.25942
0.626422
0.58445
0.54537
0.493608
0.44561
0.399663
0.35857
0.321549
0.288978
0.260265
0.626422
0.58445
0.54537
0.493608
0.44561
0.399663
0.35857
0.321549
0.288978
0.260265
0.621815
0.580756
0.542388
0.49119
0.443626
0.398021
0.357197
0.320385
0.287967
0.25942
0.612641
0.573395
0.536447
0.486372
0.43967
0.394745
0.354459
0.318064
0.28595
0.257731
0.598982
0.562423
0.527588
0.479185
0.433769
0.389856
0.350372
0.3146
0.282941
0.255201
0.580958
0.547923
0.515878
0.469681
0.425962
0.383385
0.34496
0.310013
0.278958
0.251837
0.558728
0.530003
0.5014
0.457923
0.416299
0.375371
0.338254
0.304331
0.274023
0.247648
0.532488
0.508798
0.48426
0.443992
0.404843
0.365863
0.330294
0.297586
0.268166
0.242648
0.502469
0.484469
0.464582
0.427985
0.39167
0.354919
0.321124
0.289816
0.261422
0.236855
0.468933
0.457203
0.44251
0.41001
0.376863
0.342605
0.310798
0.281068
0.25383
0.23029
0.432172
0.427215
0.418203
0.390191
0.360519
0.328995
0.299373
0.271388
0.245435
0.22298
0.392482
0.394761
0.391838
0.368663
0.342741
0.31417
0.286912
0.260829
0.236284
0.214955
0.350162
0.360131
0.363602
0.345574
0.323641
0.29822
0.273484
0.249446
0.226427
0.206249
0.305587
0.323581
0.333695
0.321076
0.303339
0.281237
0.259163
0.237299
0.215921
0.196901
0.259167
0.285371
0.302326
0.295333
0.281961
0.26332
0.244024
0.22445
0.204823
0.186952
0.211323
0.245782
0.269711
0.268511
0.259638
0.244573
0.228147
0.21096
0.193192
0.176453
0.162483
0.205105
0.236079
0.240783
0.236502
0.225102
0.211613
0.196894
0.181094
0.165463
0.113084
0.163639
0.201661
0.212324
0.212691
0.205016
0.194508
0.182314
0.168595
0.154061
0.0635673
0.121686
0.166693
0.183312
0.188342
0.184425
0.176916
0.167277
0.155762
0.142344
0.0143696
0.0795447
0.131414
0.153921
0.163595
0.163438
0.158926
0.151831
0.14267
0.130492
-0.0340777
0.0375069
0.0960606
0.124326
0.138587
0.142166
0.140634
0.13602
0.12937
0.118683
-0.0813556
-0.00414555
0.0608675
0.0946975
0.113454
0.120714
0.122134
0.119879
0.115816
0.107404
-0.127062
-0.0451488
0.0260638
0.0651987
0.0883296
0.099181
0.103524
0.103517
0.101804
0.0968725
-0.170816
-0.0852657
-0.00813084
0.0359866
0.0633441
0.0776659
0.0848875
0.0870755
0.0873887
0.0857713
-0.212261
-0.124304
-0.0415121
0.00721011
0.0386236
0.0562635
0.0662934
0.070665
0.0727314
0.0737822
-0.250911
-0.162105
-0.0739004
-0.0209877
0.0142876
0.035067
0.0478022
0.0543446
0.0580072
0.0611944
-0.286797
-0.198038
-0.105166
-0.0484643
-0.00955304
0.014166
0.029476
0.038148
0.0433288
0.0483445
-0.31982
-0.231695
-0.135255
-0.0750735
-0.0327981
-0.00635449
0.0113801
0.0221089
0.0287514
0.035406
-0.349805
-0.262772
-0.164216
-0.100665
-0.055361
-0.0264144
-0.00642072
0.00626898
0.0143074
0.0224493
-0.376631
-0.291524
-0.191661
-0.125097
-0.0771673
-0.0459389
-0.0238658
-0.0093266
2.78284e-05
0.00951814
-0.400251
-0.31792
-0.217455
-0.14825
-0.0981498
-0.0648576
-0.0409009
-0.0246338
-0.0140507
-0.00334287
-0.420675
-0.341795
-0.241408
-0.170209
-0.11825
-0.0831046
-0.0574783
-0.0396129
-0.0278884
-0.0160895
-0.437972
-0.363023
-0.263434
-0.191003
-0.137423
-0.10062
-0.0735541
-0.0542315
-0.041444
-0.028685
-0.452257
-0.381543
-0.283533
-0.210477
-0.155728
-0.11735
-0.0890885
-0.0684649
-0.0546747
-0.0411025
-0.463692
-0.397338
-0.301717
-0.228547
-0.173016
-0.13339
-0.104041
-0.0822995
-0.0675328
-0.0533285
-0.472468
-0.410409
-0.317991
-0.24519
-0.189201
-0.148684
-0.118454
-0.0957247
-0.0799719
-0.0653563
-0.478798
-0.420772
-0.332365
-0.260409
-0.204275
-0.163168
-0.132262
-0.108765
-0.0919828
-0.0771807
-0.482898
-0.428462
-0.344857
-0.274205
-0.218252
-0.176821
-0.145426
-0.121338
-0.103678
-0.088714
-0.484975
-0.433538
-0.355507
-0.286574
-0.231145
-0.189645
-0.15794
-0.133405
-0.115082
-0.0998206
-0.485216
-0.436089
-0.364365
-0.297516
-0.242969
-0.201656
-0.169814
-0.144963
-0.12615
-0.110521
-0.483778
-0.436251
-0.371475
-0.307055
-0.253741
-0.212868
-0.181063
-0.156023
-0.13684
-0.120896
-0.480792
-0.434225
-0.376899
-0.31523
-0.263491
-0.2233
-0.1917
-0.166595
-0.14714
-0.131006
-0.476366
-0.43029
-0.380729
-0.322085
-0.272253
-0.232977
-0.20174
-0.176696
-0.15706
-0.140874
-0.470599
-0.424779
-0.383086
-0.327664
-0.280069
-0.241928
-0.211203
-0.18634
-0.166611
-0.150484
-0.463601
-0.41817
-0.38399
-0.332016
-0.286988
-0.250185
-0.22011
-0.195547
-0.175806
-0.159811
-0.455498
-0.410988
-0.383414
-0.33521
-0.293063
-0.257784
-0.228489
-0.204338
-0.184659
-0.168845
-0.446451
-0.403689
-0.381369
-0.337344
-0.298349
-0.264756
-0.236366
-0.212734
-0.193188
-0.177592
-0.436662
-0.396601
-0.37796
-0.338545
-0.302895
-0.271136
-0.243772
-0.220762
-0.201415
-0.186066
-0.426387
-0.389897
-0.373405
-0.33895
-0.306749
-0.276957
-0.250741
-0.228448
-0.20936
-0.194283
-0.415931
-0.383611
-0.368056
-0.338689
-0.309951
-0.282252
-0.257303
-0.235822
-0.217044
-0.202262
-0.405612
-0.377682
-0.362372
-0.337877
-0.312541
-0.28706
-0.263492
-0.24291
-0.224491
-0.210021
-0.395762
-0.372013
-0.356842
-0.336605
-0.314563
-0.291416
-0.269336
-0.249738
-0.231723
-0.217581
-0.386607
-0.366525
-0.351854
-0.334948
-0.316069
-0.295351
-0.274857
-0.256328
-0.238765
-0.224964
-0.378265
-0.361206
-0.347589
-0.333003
-0.317122
-0.298881
-0.280073
-0.262696
-0.245633
-0.232197
-0.370761
-0.356116
-0.344008
-0.330923
-0.317792
-0.302015
-0.284994
-0.268854
-0.252347
-0.239299
-0.364053
-0.351358
-0.340925
-0.328924
-0.318149
-0.304747
-0.28963
-0.274799
-0.258911
-0.246311
-0.35807
-0.34703
-0.338138
-0.32721
-0.318269
-0.307073
-0.293987
-0.280508
-0.26534
-0.253234
-0.352739
-0.343182
-0.335531
-0.325858
-0.318254
-0.308997
-0.298083
-0.28592
-0.271632
-0.260135
-0.347991
-0.339801
-0.333102
-0.324795
-0.318225
-0.310546
-0.301938
-0.290942
-0.27781
-0.266948
-0.343765
-0.336835
-0.330901
-0.323889
-0.318272
-0.311778
-0.305599
-0.295374
-0.283988
-0.273719
-0.339996
-0.334221
-0.328966
-0.323058
-0.318402
-0.312801
-0.309067
-0.299078
-0.290142
-0.280275
-0.336611
-0.331906
-0.327291
-0.322293
-0.318558
-0.313735
-0.312311
-0.301788
-0.296992
-0.285581
-0.333565
-0.329822
-0.325839
-0.321608
-0.318706
-0.314643
-0.315249
-0.303554
-0.304097
-0.291006
-0.330802
-0.327917
-0.324559
-0.321003
-0.318874
-0.315486
-0.317805
-0.304601
-0.310835
-0.296064
-0.328267
-0.326152
-0.323398
-0.320454
-0.3191
-0.316146
-0.320001
-0.305071
-0.317161
-0.299976
-0.325911
-0.324492
-0.322314
-0.319922
-0.31938
-0.316511
-0.321928
-0.305039
-0.323149
-0.302321
-0.323692
-0.322905
-0.321272
-0.319369
-0.319654
-0.316561
-0.323618
-0.304697
-0.328545
-0.303077
-0.321578
-0.321369
-0.320243
-0.318763
-0.319846
-0.316326
-0.324985
-0.304431
-0.332708
-0.30276
-0.319542
-0.319877
-0.319188
-0.318097
-0.319904
-0.316012
-0.325904
-0.304612
-0.335132
-0.302464
-0.317571
-0.318423
-0.318097
-0.317393
-0.319783
-0.315631
-0.326309
-0.305322
-0.335834
-0.303003
-0.315665
-0.317006
-0.316977
-0.31667
-0.319426
-0.315237
-0.326269
-0.306399
-0.335202
-0.304358
-0.313827
-0.315632
-0.31584
-0.315914
-0.318809
-0.314959
-0.325784
-0.307525
-0.333785
-0.305977
-0.312072
-0.314313
-0.314703
-0.31513
-0.318036
-0.314754
-0.324839
-0.308623
-0.331993
-0.307377
-0.310419
-0.313063
-0.313592
-0.314336
-0.317166
-0.314535
-0.323567
-0.309798
-0.329873
-0.308397
-0.30889
-0.311904
-0.312536
-0.313553
-0.316255
-0.314286
-0.322185
-0.310825
-0.327489
-0.309419
-0.307512
-0.310855
-0.311561
-0.312805
-0.315362
-0.31401
-0.320812
-0.311628
-0.325288
-0.310231
-0.306312
-0.309938
-0.310698
-0.312122
-0.314537
-0.313721
-0.319542
-0.312217
-0.323362
-0.310842
-0.305315
-0.309175
-0.309972
-0.311533
-0.313825
-0.313443
-0.318451
-0.312623
-0.321767
-0.311313
-0.304545
-0.308584
-0.309405
-0.311065
-0.313261
-0.313202
-0.317594
-0.312881
-0.320546
-0.311661
-0.304021
-0.308181
-0.309016
-0.31074
-0.312871
-0.313024
-0.317007
-0.313028
-0.319722
-0.31189
-0.303756
-0.307977
-0.308818
-0.310574
-0.312672
-0.31293
-0.316709
-0.313093
-0.319307
-0.312004
-0.319403
-0.30984
-0.310843
-0.302897
-0.298736
-0.290074
-0.28231
-0.271808
-0.26096
-0.248173
-0.234472
-0.219195
-0.202461
-0.183894
-0.162723
-0.139034
-0.11192
-0.0819529
-0.0540215
-0.0306164
-0.0149899
-0.00549065
-0.000769816
0.00126943
0.00162875
0.0017819
0.00135069
0.00129443
0.000770221
0.000843978
-0.319644
-0.309977
-0.310942
-0.303016
-0.298835
-0.290184
-0.282413
-0.271916
-0.261066
-0.248282
-0.234583
-0.219315
-0.202595
-0.18405
-0.162907
-0.139252
-0.112166
-0.0821929
-0.0542296
-0.0307805
-0.0151126
-0.00558082
-0.000835191
0.00122371
0.00159523
0.00175909
0.00133474
0.00128359
0.000763334
0.000840507
-0.320096
-0.310231
-0.311134
-0.303243
-0.299028
-0.290396
-0.282617
-0.272127
-0.261273
-0.248495
-0.2348
-0.219549
-0.202857
-0.184354
-0.16326
-0.13968
-0.11264
-0.08266
-0.0546386
-0.0311066
-0.0153584
-0.00576243
-0.000967189
0.00113124
0.0015277
0.00171306
0.00130266
0.0012618
0.000749579
0.000833503
-0.320713
-0.310574
-0.311402
-0.303563
-0.299301
-0.290703
-0.282907
-0.272432
-0.261573
-0.248803
-0.235116
-0.219887
-0.203231
-0.184791
-0.163769
-0.140277
-0.113322
-0.0833324
-0.0552356
-0.0315904
-0.015728
-0.00603774
-0.00116807
0.000990205
0.00142525
0.00164306
0.00125417
0.00122888
0.000728994
0.000822859
-0.321421
-0.310947
-0.311729
-0.303941
-0.29964
-0.291076
-0.283275
-0.272815
-0.261953
-0.249195
-0.235517
-0.220317
-0.203706
-0.185338
-0.164397
-0.141026
-0.11417
-0.0841826
-0.0560042
-0.032227
-0.0162221
-0.00640957
-0.00144064
0.000798271
0.00128674
0.00154813
0.00118887
0.00118458
0.000701635
0.000808447
-0.32214
-0.311335
-0.31207
-0.304369
-0.300014
-0.291516
-0.283689
-0.273267
-0.2624
-0.249659
-0.235993
-0.220818
-0.204256
-0.185968
-0.16513
-0.141881
-0.115149
-0.085181
-0.0569264
-0.03301
-0.0168411
-0.00688061
-0.00178771
0.000553078
0.00111102
0.00142729
0.00110637
0.00112869
0.000667583
0.000790151
-0.322841
-0.311599
-0.312431
-0.304767
-0.30044
-0.291958
-0.284164
-0.273748
-0.262899
-0.250171
-0.236516
-0.22138
-0.20487
-0.186664
-0.165929
-0.142812
-0.116223
-0.0862991
-0.0579849
-0.0339329
-0.0175843
-0.00745253
-0.00221148
0.000252689
0.000897124
0.00127972
0.00100635
0.00106105
0.000626946
0.000767895
-0.323251
-0.311911
-0.312661
-0.305197
-0.30078
-0.292444
-0.284605
-0.27428
-0.263414
-0.250729
-0.237082
-0.221981
-0.205521
-0.1874
-0.166773
-0.143789
-0.11736
-0.0875114
-0.0591629
-0.0349884
-0.0184494
-0.00812553
-0.00271294
-0.000103998
0.000644558
0.00110492
0.000888641
0.000981586
0.000579867
0.000741677
-0.323297
-0.312168
-0.312738
-0.305584
-0.301081
-0.292895
-0.28505
-0.274798
-0.263943
-0.251298
-0.237665
-0.222604
-0.206194
-0.188154
-0.167637
-0.144784
-0.118533
-0.0887959
-0.0604451
-0.0361675
-0.0194323
-0.00889799
-0.00329138
-0.000517012
0.000353433
0.000902854
0.000753297
0.000890392
0.000526528
0.000711578
-0.322948
-0.31228
-0.312671
-0.305856
-0.301294
-0.293282
-0.285443
-0.275291
-0.264451
-0.251862
-0.238249
-0.223229
-0.206868
-0.188909
-0.168503
-0.145779
-0.119722
-0.0901341
-0.0618171
-0.0374601
-0.0205267
-0.00976599
-0.00394444
-0.000985146
2.45804e-05
0.000673962
0.000600624
0.000787716
0.000467157
0.000677772
-0.321915
-0.312242
-0.312376
-0.305982
-0.301381
-0.293575
-0.285762
-0.275725
-0.264917
-0.252396
-0.238811
-0.223838
-0.207526
-0.189647
-0.169352
-0.146756
-0.120909
-0.0915105
-0.0632652
-0.038855
-0.0217239
-0.0107235
-0.00466803
-0.00150594
-0.000340449
0.000419223
0.00043121
0.000673978
0.000402034
0.000640519
-0.320014
-0.311946
-0.31181
-0.305902
-0.301301
-0.293709
-0.285965
-0.276065
-0.265312
-0.252875
-0.23933
-0.224412
-0.208152
-0.190351
-0.170172
-0.147704
-0.122082
-0.0929125
-0.0647766
-0.0403394
-0.0230136
-0.0117627
-0.00545659
-0.00207581
-0.000739442
0.000140099
0.000245922
0.00054976
0.000331485
0.000600149
-0.317268
-0.311245
-0.310939
-0.305522
-0.301011
-0.293677
-0.28603
-0.276285
-0.265611
-0.253273
-0.239786
-0.224933
-0.208731
-0.191009
-0.170952
-0.148615
-0.123233
-0.0943296
-0.0663389
-0.0419002
-0.0243841
-0.0128744
-0.00630341
-0.00269033
-0.00116964
-0.000161541
4.58393e-05
0.000415775
0.000255888
0.000557044
-0.314083
-0.309936
-0.309664
-0.304823
-0.300426
-0.293368
-0.285881
-0.276342
-0.26578
-0.253568
-0.240159
-0.225385
-0.20925
-0.191612
-0.171683
-0.149484
-0.124357
-0.0957537
-0.0679407
-0.0435236
-0.0258228
-0.0140485
-0.00720104
-0.00334444
-0.00162788
-0.000483542
-0.000167778
0.000272842
0.000175661
0.000511615
-0.31068
-0.307965
-0.307927
-0.303735
-0.299619
-0.292874
-0.285552
-0.276231
-0.265804
-0.253742
-0.240435
-0.225756
-0.209701
-0.192155
-0.172363
-0.150312
-0.125451
-0.0971785
-0.0695715
-0.0451962
-0.0273168
-0.0152745
-0.00814182
-0.00403283
-0.00211082
-0.000823564
-0.000393533
0.000121862
9.12547e-05
0.000464284
-0.306986
-0.305397
-0.305657
-0.302166
-0.298306
-0.291917
-0.284882
-0.275879
-0.265649
-0.253776
-0.2406
-0.22604
-0.210081
-0.192637
-0.172992
-0.151099
-0.126517
-0.0985995
-0.0712219
-0.0469054
-0.0288542
-0.0165426
-0.00911812
-0.00475002
-0.00261486
-0.00117912
-0.000629914
-3.61997e-05
3.14462e-06
0.000415465
-0.303131
-0.302198
-0.302871
-0.300199
-0.296817
-0.290942
-0.284108
-0.27537
-0.265338
-0.253671
-0.240652
-0.226232
-0.21039
-0.193062
-0.173578
-0.151855
-0.127561
-0.100016
-0.0728855
-0.0486404
-0.0304229
-0.0178419
-0.0101216
-0.00549013
-0.00313634
-0.00154774
-0.00087544
-0.000200408
-8.82046e-05
0.00036554
-0.299061
-0.298459
-0.299494
-0.297606
-0.294665
-0.289272
-0.282745
-0.274511
-0.264805
-0.253413
-0.240595
-0.226344
-0.210638
-0.193439
-0.174125
-0.152582
-0.128578
-0.101416
-0.0745432
-0.0503802
-0.032006
-0.019161
-0.0111455
-0.00624928
-0.00367313
-0.00192794
-0.00112917
-0.000370117
-0.000182432
0.000314827
-0.294822
-0.294446
-0.295981
-0.295002
-0.292669
-0.287854
-0.28176
-0.27366
-0.264176
-0.253032
-0.240421
-0.226355
-0.210807
-0.193756
-0.174631
-0.153286
-0.129586
-0.102817
-0.0762166
-0.0521474
-0.0336243
-0.0205149
-0.0121985
-0.00703107
-0.00422611
-0.00231938
-0.00139045
-0.000544702
-0.000279147
0.000263668
-0.29084
-0.289635
-0.291207
-0.291061
-0.289406
-0.285278
-0.279477
-0.272244
-0.263278
-0.252545
-0.240243
-0.226429
-0.211078
-0.194197
-0.175275
-0.154135
-0.130723
-0.104347
-0.0779978
-0.0539897
-0.0352819
-0.0218855
-0.0132555
-0.00781389
-0.00477974
-0.00271192
-0.00165331
-0.000720669
-0.000376979
0.000212781
-0.285652
-0.285885
-0.287666
-0.288147
-0.286988
-0.283462
-0.278453
-0.270883
-0.262056
-0.251516
-0.239386
-0.225731
-0.210522
-0.193769
-0.174997
-0.154023
-0.130842
-0.104802
-0.0787697
-0.0549981
-0.0363415
-0.0228667
-0.0140778
-0.00846087
-0.00525629
-0.0030591
-0.00189029
-0.000881133
-0.000467255
0.000166385
-0.279975
-0.280994
-0.282969
-0.283961
-0.283152
-0.279895
-0.274719
-0.268165
-0.25975
-0.249543
-0.237698
-0.224287
-0.20929
-0.192713
-0.174139
-0.153375
-0.130479
-0.104871
-0.0792729
-0.0558458
-0.03732
-0.0238143
-0.0148882
-0.00910535
-0.00573157
-0.00340452
-0.00212434
-0.00103873
-0.000554158
0.000121913
-0.274022
-0.275653
-0.277875
-0.279426
-0.279087
-0.276338
-0.271905
-0.265415
-0.257302
-0.247406
-0.235837
-0.222674
-0.207897
-0.191509
-0.173146
-0.152612
-0.130019
-0.104867
-0.0797265
-0.0566695
-0.0382973
-0.0247777
-0.0157219
-0.00977506
-0.00622895
-0.00376764
-0.00237095
-0.00120506
-0.000645459
7.54706e-05
-0.26782
-0.27009
-0.272587
-0.274671
-0.274821
-0.272575
-0.268468
-0.26245
-0.254691
-0.245129
-0.233861
-0.220965
-0.206426
-0.190245
-0.172111
-0.151826
-0.129553
-0.10487
-0.0801967
-0.0575159
-0.0393008
-0.0257694
-0.0165829
-0.0104695
-0.00674677
-0.00414676
-0.00262906
-0.00137938
-0.000741074
2.73137e-05
-0.261318
-0.264334
-0.267123
-0.269695
-0.270333
-0.268564
-0.264877
-0.259286
-0.251904
-0.242699
-0.231752
-0.219144
-0.204863
-0.188908
-0.171021
-0.151006
-0.129072
-0.104872
-0.0806761
-0.0583801
-0.0403283
-0.0267887
-0.0174713
-0.0111888
-0.00728521
-0.00454197
-0.00289873
-0.00156177
-0.000841026
-2.24847e-05
-0.254563
-0.258408
-0.261507
-0.264526
-0.265648
-0.26436
-0.261115
-0.255948
-0.248957
-0.240124
-0.229517
-0.217213
-0.203209
-0.187499
-0.169876
-0.15015
-0.12857
-0.104867
-0.081158
-0.0592553
-0.0413741
-0.0278314
-0.0183845
-0.0119317
-0.00784365
-0.00495301
-0.00317986
-0.00175218
-0.000945253
-7.3815e-05
-0.247628
-0.252343
-0.255775
-0.259205
-0.260807
-0.260004
-0.257198
-0.252463
-0.245874
-0.237424
-0.22717
-0.215185
-0.201473
-0.186025
-0.168681
-0.149263
-0.128053
-0.104856
-0.0816412
-0.0601379
-0.0424343
-0.0288941
-0.0193198
-0.0126962
-0.008421
-0.00537924
-0.00347207
-0.00195039
-0.00105364
-0.000126528
-0.240566
-0.246167
-0.249957
-0.253767
-0.255842
-0.255522
-0.253155
-0.248853
-0.242675
-0.234617
-0.224727
-0.213074
-0.199666
-0.184496
-0.167446
-0.148353
-0.127525
-0.10484
-0.0821244
-0.061025
-0.0435051
-0.0299732
-0.0202747
-0.0134804
-0.00901605
-0.0058199
-0.00377492
-0.00215609
-0.00116603
-0.00018046
-0.233426
-0.239901
-0.244076
-0.248239
-0.250774
-0.250935
-0.249008
-0.24514
-0.239378
-0.231718
-0.222201
-0.21089
-0.197799
-0.18292
-0.166178
-0.147424
-0.126989
-0.104822
-0.0826064
-0.0619133
-0.0445829
-0.0310651
-0.0212461
-0.0142823
-0.00962743
-0.00627411
-0.00408787
-0.00236895
-0.00128226
-0.000235432
-0.226258
-0.23357
-0.238153
-0.242646
-0.245623
-0.246262
-0.244777
-0.241342
-0.235998
-0.228741
-0.219605
-0.208644
-0.19588
-0.181307
-0.164883
-0.146482
-0.12645
-0.1048
-0.0830855
-0.0627994
-0.0456638
-0.032166
-0.0222311
-0.0150996
-0.0102536
-0.00674085
-0.0044103
-0.00258855
-0.00140211
-0.000291258
-0.219107
-0.227198
-0.232206
-0.237012
-0.240409
-0.24152
-0.240477
-0.237472
-0.23255
-0.225699
-0.216948
-0.206345
-0.193919
-0.179662
-0.163567
-0.14553
-0.125908
-0.104775
-0.0835599
-0.0636802
-0.0467439
-0.033272
-0.0232265
-0.0159298
-0.0108929
-0.007219
-0.00474148
-0.00281439
-0.00152536
-0.000347737
-0.212017
-0.220813
-0.226259
-0.231361
-0.235153
-0.236725
-0.236123
-0.233546
-0.229044
-0.222602
-0.214242
-0.204004
-0.191921
-0.177992
-0.162236
-0.144573
-0.125367
-0.104748
-0.084028
-0.0645523
-0.0478194
-0.0343794
-0.024229
-0.0167702
-0.0115434
-0.00770726
-0.00508058
-0.00304589
-0.00165171
-0.000404658
-0.205033
-0.214444
-0.220331
-0.225717
-0.229875
-0.231893
-0.231731
-0.229578
-0.225495
-0.219463
-0.211496
-0.201628
-0.189896
-0.176304
-0.160894
-0.143614
-0.124827
-0.104718
-0.084488
-0.0654127
-0.0488865
-0.035484
-0.025235
-0.0176182
-0.0122031
-0.00820417
-0.00542664
-0.00328241
-0.00178085
-0.0004618
-0.198195
-0.208122
-0.214446
-0.220105
-0.224599
-0.227044
-0.227316
-0.225583
-0.221915
-0.216291
-0.208719
-0.199225
-0.187851
-0.174604
-0.159546
-0.142655
-0.124292
-0.104686
-0.0849382
-0.0662583
-0.0499414
-0.036582
-0.026241
-0.0184706
-0.0128696
-0.00870808
-0.00577857
-0.00352315
-0.00191239
-0.00051893
-0.19154
-0.201879
-0.208625
-0.214549
-0.219347
-0.222196
-0.222895
-0.221577
-0.218318
-0.213101
-0.205923
-0.196806
-0.185792
-0.172897
-0.158198
-0.1417
-0.123761
-0.10465
-0.0853768
-0.067086
-0.0509802
-0.037669
-0.027243
-0.0193242
-0.0135405
-0.00921714
-0.0061351
-0.00376725
-0.0020459
-0.000575806
-0.185099
-0.195748
-0.202893
-0.209074
-0.214146
-0.217372
-0.218487
-0.217576
-0.21472
-0.209904
-0.20312
-0.19438
-0.18373
-0.171191
-0.156855
-0.140753
-0.123236
-0.10461
-0.0858021
-0.067893
-0.0519988
-0.0387407
-0.0282368
-0.0201753
-0.0142129
-0.00972923
-0.00649479
-0.00401368
-0.00218086
-0.000632176
-0.178903
-0.189761
-0.197275
-0.203702
-0.209022
-0.212596
-0.214111
-0.213599
-0.211137
-0.206716
-0.200321
-0.191959
-0.181673
-0.169493
-0.155521
-0.139816
-0.12272
-0.104568
-0.0862124
-0.0686759
-0.0529933
-0.0397925
-0.0292181
-0.0210201
-0.0148837
-0.0102419
-0.00685597
-0.00426126
-0.00231669
-0.000687775
-0.172977
-0.183954
-0.1918
-0.19846
-0.204005
-0.207895
-0.209791
-0.209666
-0.207589
-0.203555
-0.197543
-0.189555
-0.179632
-0.167812
-0.154205
-0.138893
-0.122213
-0.104521
-0.0866058
-0.0694317
-0.0539592
-0.0408195
-0.0301818
-0.0218542
-0.0155493
-0.0107525
-0.00721672
-0.00450865
-0.00245269
-0.000742323
-0.167347
-0.178361
-0.186497
-0.193374
-0.199124
-0.2033
-0.205551
-0.205801
-0.204098
-0.200438
-0.194802
-0.187182
-0.177619
-0.166157
-0.152912
-0.137989
-0.121717
-0.104471
-0.0869808
-0.0701572
-0.054892
-0.0418165
-0.0311227
-0.0226727
-0.0162057
-0.0112579
-0.00757487
-0.00475432
-0.00258804
-0.000795524
-0.162035
-0.173017
-0.181398
-0.188475
-0.19441
-0.198841
-0.201421
-0.202029
-0.200685
-0.197388
-0.192116
-0.184857
-0.175647
-0.164538
-0.15165
-0.13711
-0.121236
-0.104419
-0.0873356
-0.0708489
-0.0557869
-0.0427778
-0.0320351
-0.0234705
-0.0168486
-0.0117546
-0.00792789
-0.00499649
-0.00272181
-0.000847058
-0.157064
-0.167956
-0.176534
-0.183793
-0.189897
-0.194553
-0.197433
-0.198378
-0.197378
-0.194429
-0.189506
-0.182597
-0.173732
-0.162968
-0.150429
-0.13626
-0.120771
-0.104363
-0.0876686
-0.0715034
-0.0566388
-0.0436974
-0.0329127
-0.0242416
-0.017473
-0.0122386
-0.00827294
-0.0052332
-0.0028529
-0.000896583
-0.152454
-0.16321
-0.17194
-0.179362
-0.185619
-0.190473
-0.19362
-0.194879
-0.194205
-0.191586
-0.186997
-0.180423
-0.171891
-0.16146
-0.149259
-0.135446
-0.120326
-0.104306
-0.087978
-0.0721171
-0.0574423
-0.0445689
-0.0337486
-0.0249796
-0.0180733
-0.0127055
-0.00860677
-0.00546217
-0.00298007
-0.000943724
-0.148228
-0.158813
-0.167653
-0.175217
-0.181611
-0.186638
-0.190022
-0.191567
-0.191197
-0.188888
-0.184614
-0.178357
-0.170142
-0.16003
-0.148151
-0.134676
-0.119906
-0.104247
-0.0882622
-0.0726859
-0.0581914
-0.0453852
-0.0345354
-0.0256773
-0.0186435
-0.0131503
-0.00892572
-0.00568088
-0.00310187
-0.000988071
-0.144406
-0.1548
-0.16371
-0.171396
-0.177913
-0.183089
-0.186679
-0.18848
-0.188391
-0.186369
-0.182386
-0.176425
-0.168506
-0.158693
-0.147117
-0.133959
-0.119513
-0.104189
-0.0885196
-0.0732057
-0.0588798
-0.0461386
-0.0352649
-0.0263271
-0.0191766
-0.0135674
-0.00922564
-0.00588648
-0.0032167
-0.00102917
-0.141011
-0.151206
-0.160153
-0.167941
-0.174566
-0.179871
-0.183637
-0.185662
-0.185824
-0.184063
-0.180346
-0.174654
-0.167006
-0.157469
-0.146171
-0.133302
-0.119154
-0.104133
-0.0887482
-0.073672
-0.0595005
-0.0468205
-0.035928
-0.02692
-0.019665
-0.0139506
-0.00950189
-0.00607577
-0.00332268
-0.00106651
-0.138071
-0.148071
-0.157027
-0.164898
-0.171616
-0.177031
-0.180943
-0.183158
-0.183539
-0.18201
-0.178528
-0.173076
-0.16567
-0.156378
-0.145329
-0.132719
-0.118834
-0.10408
-0.0889463
-0.0740795
-0.0600457
-0.0474215
-0.0365146
-0.0274465
-0.0201002
-0.0142928
-0.00974923
-0.00624518
-0.00341776
-0.00109951
-0.135618
-0.145438
-0.154384
-0.162319
-0.169117
-0.174623
-0.178652
-0.181022
-0.181588
-0.180255
-0.176973
-0.171725
-0.164526
-0.155445
-0.14461
-0.13222
-0.11856
-0.104034
-0.0891117
-0.0744224
-0.0605065
-0.0479309
-0.0370134
-0.0278956
-0.0204726
-0.0145863
-0.00996183
-0.00639071
-0.00349961
-0.00112755
-0.133683
-0.143356
-0.152281
-0.160262
-0.167125
-0.172703
-0.176822
-0.179311
-0.180021
-0.178845
-0.175725
-0.17064
-0.163607
-0.154696
-0.144032
-0.13182
-0.118341
-0.103995
-0.0892417
-0.0746939
-0.0608725
-0.0483364
-0.0374116
-0.0282552
-0.0207717
-0.0148224
-0.0101331
-0.0065079
-0.00356562
-0.00114987
-0.132331
-0.141891
-0.150796
-0.158805
-0.165714
-0.171342
-0.175523
-0.178094
-0.178904
-0.17784
-0.174834
-0.169865
-0.162951
-0.154161
-0.14362
-0.131535
-0.118183
-0.103966
-0.0893331
-0.074886
-0.061132
-0.048624
-0.0376947
-0.0285115
-0.0209853
-0.0149912
-0.0102558
-0.00659177
-0.00361289
-0.00116563
-0.131592
-0.141103
-0.149997
-0.158021
-0.164955
-0.170612
-0.174827
-0.17744
-0.178304
-0.1773
-0.174357
-0.16945
-0.162599
-0.153874
-0.143399
-0.131382
-0.118099
-0.103951
-0.0893818
-0.0749887
-0.061271
-0.0487775
-0.037846
-0.0286486
-0.0210998
-0.0150817
-0.0103217
-0.00663675
-0.00363824
-0.00117376
-0.122965
-0.132425
-0.141704
-0.150786
-0.159658
-0.168323
-0.176787
-0.185057
-0.193144
-0.201054
-0.2088
-0.216386
-0.223824
-0.231116
-0.238253
-0.245269
-0.251996
-0.258856
-0.264883
-0.272824
-0.119766
-0.128912
-0.137879
-0.146663
-0.155263
-0.16368
-0.17192
-0.179987
-0.187888
-0.195628
-0.203214
-0.21065
-0.217936
-0.225091
-0.232059
-0.238997
-0.245526
-0.252579
-0.258504
-0.266772
-0.116663
-0.125449
-0.134064
-0.142513
-0.150794
-0.15891
-0.166862
-0.174654
-0.18229
-0.189774
-0.197109
-0.204305
-0.211348
-0.218295
-0.225034
-0.231862
-0.238235
-0.245299
-0.251282
-0.259262
-0.113629
-0.12208
-0.130383
-0.138538
-0.146546
-0.154406
-0.16212
-0.169691
-0.17712
-0.184415
-0.191572
-0.198615
-0.205508
-0.212353
-0.218976
-0.225755
-0.232063
-0.23899
-0.245037
-0.252457
-0.110693
-0.118825
-0.126827
-0.134699
-0.142441
-0.150054
-0.157538
-0.164899
-0.172135
-0.179258
-0.186256
-0.193167
-0.199932
-0.206683
-0.213199
-0.219876
-0.226094
-0.232776
-0.238805
-0.245741
-0.107862
-0.115679
-0.12338
-0.130966
-0.138437
-0.145794
-0.153038
-0.160174
-0.167197
-0.174124
-0.180933
-0.187674
-0.194268
-0.20086
-0.207219
-0.213707
-0.219816
-0.226233
-0.232253
-0.238871
-0.105131
-0.112638
-0.12004
-0.127342
-0.134541
-0.141639
-0.148636
-0.155537
-0.162335
-0.169047
-0.175649
-0.18219
-0.188592
-0.194988
-0.201183
-0.207462
-0.213474
-0.21966
-0.225649
-0.232017
-0.1025
-0.109703
-0.116812
-0.123832
-0.130762
-0.137602
-0.144351
-0.151014
-0.157583
-0.164076
-0.170466
-0.176801
-0.183011
-0.189206
-0.195244
-0.201316
-0.207215
-0.213177
-0.219062
-0.225191
-0.0999706
-0.106876
-0.113698
-0.120442
-0.127105
-0.133689
-0.14019
-0.146614
-0.152953
-0.159223
-0.1654
-0.171523
-0.177541
-0.183529
-0.189397
-0.195255
-0.201
-0.206737
-0.212468
-0.218373
-0.0975423
-0.104158
-0.1107
-0.117172
-0.123573
-0.129902
-0.136157
-0.142342
-0.14845
-0.154494
-0.160455
-0.16636
-0.172177
-0.177949
-0.18363
-0.189269
-0.194836
-0.200359
-0.205915
-0.211598
-0.0952156
-0.101551
-0.10782
-0.114026
-0.120169
-0.126247
-0.132258
-0.138205
-0.144082
-0.149897
-0.155639
-0.161323
-0.166932
-0.172486
-0.17797
-0.183395
-0.188772
-0.194085
-0.19945
-0.204907
-0.0929901
-0.099053
-0.105057
-0.111005
-0.116895
-0.122727
-0.128497
-0.134208
-0.139856
-0.145443
-0.150966
-0.156429
-0.161827
-0.167165
-0.172444
-0.177658
-0.182835
-0.187937
-0.193098
-0.19833
-0.0908661
-0.0966667
-0.102414
-0.108111
-0.113755
-0.119346
-0.12488
-0.130359
-0.13578
-0.141143
-0.146446
-0.15169
-0.156875
-0.161999
-0.16707
-0.172072
-0.177042
-0.181934
-0.186885
-0.191895
-0.0888426
-0.0943913
-0.0998916
-0.105345
-0.110751
-0.116107
-0.121412
-0.126663
-0.131861
-0.137003
-0.142089
-0.147117
-0.152089
-0.157
-0.161862
-0.166654
-0.171416
-0.176101
-0.180837
-0.185625
-0.0869188
-0.0922269
-0.0974893
-0.102708
-0.107884
-0.113013
-0.118094
-0.123125
-0.128105
-0.133031
-0.137903
-0.142719
-0.147482
-0.152184
-0.156837
-0.161423
-0.165976
-0.170455
-0.174976
-0.179544
-0.0850983
-0.090175
-0.0952093
-0.100203
-0.105157
-0.110067
-0.114932
-0.11975
-0.124518
-0.129234
-0.133898
-0.138508
-0.143065
-0.147563
-0.152011
-0.156394
-0.160742
-0.165018
-0.169326
-0.173675
-0.0833808
-0.0882359
-0.0930522
-0.097831
-0.102572
-0.107272
-0.11193
-0.116541
-0.121105
-0.125618
-0.130082
-0.134491
-0.138849
-0.143148
-0.147397
-0.151583
-0.15573
-0.159808
-0.163908
-0.168041
-0.0817639
-0.0864085
-0.0910177
-0.0955918
-0.10013
-0.10463
-0.109088
-0.113503
-0.117871
-0.12219
-0.12646
-0.130677
-0.134842
-0.13895
-0.143008
-0.147003
-0.150956
-0.154843
-0.158742
-0.162665
-0.0802495
-0.0846948
-0.0891077
-0.0934877
-0.0978337
-0.102143
-0.106412
-0.110639
-0.114821
-0.118955
-0.123041
-0.127074
-0.131056
-0.134981
-0.138855
-0.142667
-0.146436
-0.15014
-0.153846
-0.157567
-0.0788371
-0.0830949
-0.0873229
-0.0915199
-0.0956845
-0.0998137
-0.103905
-0.107954
-0.11196
-0.115919
-0.119829
-0.123689
-0.127497
-0.131249
-0.13495
-0.138589
-0.142183
-0.145713
-0.149237
-0.152767
-0.0775276
-0.0816101
-0.0856649
-0.0896904
-0.0936849
-0.0976454
-0.101569
-0.105452
-0.109292
-0.113086
-0.116833
-0.120529
-0.124175
-0.127765
-0.131303
-0.13478
-0.13821
-0.141578
-0.144931
-0.148282
-0.0763225
-0.080242
-0.0841358
-0.0880018
-0.091838
-0.0956414
-0.0994089
-0.103137
-0.106823
-0.110465
-0.114059
-0.117604
-0.121098
-0.124537
-0.127924
-0.131252
-0.134531
-0.137748
-0.140944
-0.144128
-0.0752236
-0.0789929
-0.0827381
-0.0864569
-0.0901471
-0.0938057
-0.0974293
-0.101015
-0.104559
-0.10806
-0.111514
-0.114919
-0.118275
-0.121576
-0.124826
-0.128017
-0.131158
-0.134238
-0.13729
-0.140324
-0.0742344
-0.0778667
-0.0814764
-0.085061
-0.0886179
-0.0921444
-0.095637
-0.0990924
-0.102508
-0.10588
-0.109208
-0.112487
-0.115717
-0.118895
-0.12202
-0.125089
-0.128106
-0.131064
-0.133988
-0.136886
-0.0733574
-0.0768662
-0.0803537
-0.0838172
-0.0872543
-0.0906619
-0.0940367
-0.0973757
-0.100676
-0.103934
-0.107148
-0.110316
-0.113435
-0.116503
-0.119519
-0.12248
-0.12539
-0.128241
-0.131054
-0.133834
-0.0726015
-0.0760016
-0.0793814
-0.0827382
-0.0860694
-0.0893722
-0.0926434
-0.0958799
-0.0990787
-0.102237
-0.105352
-0.108423
-0.111446
-0.114419
-0.117342
-0.120211
-0.123029
-0.125791
-0.12851
-0.131191
-0.0719659
-0.0752712
-0.0785574
-0.081822
-0.0850623
-0.0882755
-0.0914585
-0.0946081
-0.0977216
-0.100796
-0.10383
-0.106819
-0.109764
-0.11266
-0.115507
-0.118303
-0.121048
-0.123738
-0.126384
-0.128985
-0.0714779
-0.0747062
-0.0779158
-0.0811037
-0.0842678
-0.0874056
-0.0905144
-0.0935912
-0.0966335
-0.0996386
-0.102604
-0.105529
-0.108409
-0.111244
-0.114032
-0.116772
-0.119462
-0.1221
-0.124692
-0.127238
-0.0711147
-0.0742818
-0.0774322
-0.0805634
-0.083673
-0.0867578
-0.0898152
-0.0928422
-0.0958364
-0.0987952
-0.101717
-0.104598
-0.107438
-0.110235
-0.112987
-0.115691
-0.118349
-0.120956
-0.123516
-0.126028
-0.0709521
-0.0740733
-0.077176
-0.0802582
-0.0833187
-0.0863561
-0.0893683
-0.0923528
-0.0953073
-0.0982297
-0.101118
-0.103971
-0.106786
-0.109562
-0.112297
-0.11499
-0.11764
-0.120246
-0.122808
-0.125325
0.0988761
0.0878197
0.0766813
0.0656651
0.0541914
0.042491
0.0307606
0.0190242
0.00729565
-0.0043893
-0.0159865
-0.0274642
-0.0387943
-0.0499479
-0.0608996
-0.0716983
-0.0826742
-0.093241
-0.103413
-0.113308
0.0941735
0.0826455
0.0710731
0.0603278
0.049282
0.0380211
0.0267845
0.0155787
0.00439501
-0.00673701
-0.0177841
-0.0287236
-0.0395369
-0.0502192
-0.0607808
-0.071201
-0.0812294
-0.0911827
-0.100924
-0.11044
0.0884353
0.0771306
0.0655594
0.0552505
0.0447932
0.0340417
0.0233058
0.0126263
0.00197496
-0.00862849
-0.0191518
-0.0295698
-0.0398628
-0.0500169
-0.0600203
-0.0698479
-0.0795569
-0.0891594
-0.0985437
-0.1077
0.0823763
0.0716233
0.0601985
0.0502421
0.0403368
0.0300901
0.0198354
0.00966814
-0.000455531
-0.0105347
-0.02054
-0.0304469
-0.0402393
-0.0499114
-0.059459
-0.0688679
-0.0780913
-0.0872359
-0.0962233
-0.105017
0.0762432
0.0661094
0.0549678
0.0453564
0.035998
0.0262852
0.0165143
0.00684219
-0.00277122
-0.0123449
-0.0218544
-0.0312727
-0.0405848
-0.0497861
-0.0588694
-0.067822
-0.076633
-0.0853742
-0.0939813
-0.102419
0.0701479
0.0606354
0.0498887
0.040626
0.0317793
0.0226003
0.0133091
0.00411188
-0.00501041
-0.0140933
-0.0231222
-0.0320687
-0.040918
-0.0496679
-0.0583135
-0.0668465
-0.0752535
-0.0835973
-0.0918299
-0.0999177
0.0641511
0.0552366
0.0449616
0.0360625
0.0276935
0.0190402
0.0102288
0.00149168
-0.00715985
-0.0157695
-0.0243348
-0.0328283
-0.0412346
-0.0495521
-0.0577775
-0.0659046
-0.0739257
-0.0818918
-0.0897632
-0.0975105
0.0583024
0.0499562
0.0401986
0.0316784
0.0237556
0.0156087
0.00727202
-0.00101928
-0.00922167
-0.0173777
-0.0254968
-0.0335557
-0.0415382
-0.0494425
-0.0572667
-0.0650065
-0.0726566
-0.0802592
-0.087781
-0.0951963
0.0526389
0.0448283
0.0356084
0.0274779
0.0199743
0.0123089
0.00443742
-0.00342049
-0.0111941
-0.0189173
-0.0266084
-0.0342509
-0.0418288
-0.0493388
-0.0567799
-0.0641492
-0.0714433
-0.0786971
-0.0858818
-0.0929748
0.0471849
0.039877
0.0311988
0.0234637
0.0163564
0.00914513
0.0017247
-0.00571262
-0.0130768
-0.0203886
-0.0276712
-0.0349157
-0.0421076
-0.0492421
-0.0563179
-0.0633331
-0.0702856
-0.0772049
-0.0840649
-0.0908461
0.0419562
0.0351196
0.0269762
0.0196372
0.0129058
0.00612084
-0.000866559
-0.00789716
-0.0148701
-0.0217918
-0.028686
-0.0355511
-0.0423754
-0.0491525
-0.0558804
-0.0625576
-0.0691831
-0.0757819
-0.0823297
-0.0888096
0.0369638
0.0305683
0.0229458
0.0159989
0.00962498
0.00323867
-0.00333643
-0.00997563
-0.016575
-0.0231272
-0.0296536
-0.0361583
-0.0426328
-0.0490702
-0.055467
-0.0618216
-0.0681339
-0.0744265
-0.0806748
-0.0868643
0.0322152
0.0262316
0.0191111
0.0125488
0.00651471
0.000500299
-0.00568504
-0.0119497
-0.0181927
-0.0243954
-0.0305745
-0.0367378
-0.0428805
-0.0489955
-0.0550784
-0.0611271
-0.0671415
-0.0731409
-0.0791007
-0.0850105
0.0277152
0.0221153
0.0154743
0.00928602
0.00357493
-0.00209335
-0.0079126
-0.0138209
-0.0197248
-0.0255974
-0.0314495
-0.0372908
-0.0431194
-0.0489283
-0.0547117
-0.0604659
-0.0661918
-0.0719115
-0.0775988
-0.083244
0.0234666
0.0182229
0.0120362
0.00620929
0.000804743
-0.00454203
-0.0100194
-0.0155906
-0.0211729
-0.0267339
-0.0322787
-0.0378175
-0.043351
-0.0488744
-0.0543827
-0.0598722
-0.0653362
-0.0707539
-0.0761682
-0.0815633
0.0194704
0.0145562
0.00879705
0.00331663
-0.00179744
-0.00684605
-0.0120057
-0.0172601
-0.0225384
-0.0278058
-0.0330622
-0.0383164
-0.0435705
-0.0488198
-0.0540585
-0.0592809
-0.0644819
-0.0696554
-0.0748249
-0.0799785
0.0157265
0.0111159
0.00575622
0.000605771
-0.00423369
-0.00900624
-0.0138722
-0.0188304
-0.0238228
-0.0288142
-0.0338004
-0.0387881
-0.0437799
-0.0487724
-0.0537596
-0.058736
-0.0636962
-0.068634
-0.0735673
-0.0784879
0.0122337
0.00790178
0.00291271
-0.00192577
-0.00650647
-0.0110238
-0.0156193
-0.0203026
-0.0250272
-0.0297602
-0.0344939
-0.0392327
-0.0439791
-0.0487302
-0.0534804
-0.058224
-0.0629561
-0.0676721
-0.0723844
-0.0770861
0.00899021
0.0049129
0.0002653
-0.00428049
-0.00861839
-0.0129004
-0.017248
-0.0216774
-0.0261531
-0.030645
-0.0351436
-0.0396508
-0.0441686
-0.0486945
-0.0532234
-0.0577497
-0.0622684
-0.0667753
-0.0712794
-0.0757746
0.00599408
0.00214813
-0.00218729
-0.00646075
-0.0105721
-0.0146376
-0.018759
-0.0229558
-0.0272014
-0.0314698
-0.0357503
-0.040043
-0.0443488
-0.0486654
-0.0529881
-0.0573115
-0.0616308
-0.0659419
-0.0702509
-0.0745527
0.00324343
-0.00039373
-0.00444615
-0.00846858
-0.01237
-0.0162373
-0.0201534
-0.0241383
-0.028173
-0.0322354
-0.0363149
-0.0404098
-0.04452
-0.0486431
-0.0527749
-0.0569101
-0.061044
-0.0651726
-0.0692999
-0.0734213
0.000736817
-0.00271355
-0.00651196
-0.0103055
-0.0140142
-0.0177012
-0.0214321
-0.0252256
-0.0290685
-0.0329427
-0.0368382
-0.0407519
-0.0446827
-0.0486283
-0.0525844
-0.0565461
-0.0605088
-0.0644683
-0.0684272
-0.0723814
-0.00152635
-0.00481154
-0.00838468
-0.0119721
-0.0155059
-0.0190303
-0.0225955
-0.0262178
-0.0298882
-0.0335922
-0.0373207
-0.0410697
-0.0448374
-0.0486211
-0.0524167
-0.0562197
-0.0600254
-0.0638298
-0.0676341
-0.0714346
-0.00354535
-0.00668681
-0.0100632
-0.0134681
-0.0168456
-0.0202253
-0.0236441
-0.0271152
-0.0306324
-0.0341845
-0.0377633
-0.0413645
-0.0449856
-0.0486236
-0.0522746
-0.055934
-0.0595973
-0.0632605
-0.0669238
-0.0705841
-0.00531758
-0.00833685
-0.0115451
-0.0147917
-0.0180324
-0.0212856
-0.0245771
-0.0279166
-0.0313
-0.0347185
-0.038165
-0.0416351
-0.0451258
-0.0486339
-0.0521555
-0.0556864
-0.0592222
-0.0627593
-0.0662968
-0.0698317
-0.00683783
-0.00975691
-0.0128259
-0.0159395
-0.0190643
-0.0222102
-0.0253942
-0.0286227
-0.0318927
-0.0351972
-0.0385303
-0.0418878
-0.0452661
-0.0486619
-0.0520713
-0.0554902
-0.058914
-0.0623388
-0.0657635
-0.0691863
-0.00809725
-0.0109387
-0.0138975
-0.0169042
-0.0199346
-0.0229927
-0.0260885
-0.0292255
-0.032401
-0.0356099
-0.0388471
-0.0421084
-0.0453904
-0.0486897
-0.0520025
-0.0553251
-0.0586536
-0.0619846
-0.0653162
-0.0686453
-0.00908344
-0.0118719
-0.014752
-0.0176814
-0.0206431
-0.0236375
-0.026669
-0.029739
-0.0328448
-0.0359822
-0.0391467
-0.0423346
-0.0455421
-0.0487658
-0.0520018
-0.0552461
-0.0584945
-0.0617431
-0.0649904
-0.0682367
-0.00977296
-0.0125317
-0.0153624
-0.0182406
-0.0211548
-0.0241034
-0.0270877
-0.0301075
-0.0331603
-0.0362427
-0.0393511
-0.0424818
-0.0456315
-0.0487968
-0.0519745
-0.055161
-0.0583531
-0.0615477
-0.0647422
-0.067933
-0.0101492
-0.0129125
-0.0157395
-0.0186136
-0.0215248
-0.0244691
-0.0274456
-0.030453
-0.0334889
-0.0365499
-0.0396326
-0.0427337
-0.0458498
-0.0489778
-0.0521142
-0.0552557
-0.0583989
-0.0615406
-0.0646797
-0.0678182
0.108431
0.109864
0.112046
0.115099
0.118399
0.122071
0.125375
0.128519
0.130571
0.131959
0.131456
0.129913
0.125638
0.119989
0.109513
0.107496
0.108822
0.110828
0.113619
0.116583
0.119827
0.122633
0.12518
0.126592
0.127219
0.126001
0.12357
0.118691
0.112044
0.102948
0.106493
0.107705
0.109523
0.112036
0.114646
0.117445
0.119741
0.121687
0.122473
0.122379
0.120527
0.117339
0.112054
0.104951
0.0963894
0.105417
0.106509
0.108128
0.110347
0.112591
0.114926
0.116703
0.118032
0.118201
0.117395
0.114948
0.111071
0.105424
0.0980137
0.0895812
0.104265
0.105231
0.106644
0.108556
0.110424
0.112283
0.113538
0.11425
0.113816
0.112324
0.109316
0.104838
0.0988539
0.0912557
0.0828993
0.103033
0.103869
0.105068
0.106664
0.108147
0.109522
0.110257
0.110357
0.10934
0.107202
0.103673
0.0986899
0.0924065
0.0847197
0.0764577
0.10172
0.102421
0.103399
0.104668
0.105761
0.106646
0.106865
0.106366
0.104788
0.102052
0.0980416
0.0926418
0.0861094
0.0783952
0.0702432
0.100322
0.100884
0.101637
0.102569
0.103268
0.103661
0.10337
0.102291
0.100176
0.0968923
0.0924439
0.0867037
0.0799746
0.0722669
0.064238
0.0988396
0.0992567
0.099779
0.100369
0.100671
0.100574
0.099782
0.0981463
0.0955204
0.0917441
0.0869027
0.0808872
0.0740121
0.0663349
0.0584441
0.0972705
0.0975396
0.0978275
0.09807
0.0979751
0.0973948
0.0961131
0.0939502
0.0908432
0.0866273
0.0814405
0.0752056
0.0682325
0.060608
0.0528694
0.0956151
0.0957331
0.0957837
0.0956776
0.0951868
0.0941343
0.0923772
0.0897198
0.0861652
0.0815613
0.0760783
0.0696729
0.062646
0.0550965
0.047522
0.0938744
0.0938392
0.0936507
0.0931974
0.0923143
0.0908047
0.0885901
0.0854736
0.0815081
0.0765658
0.0708355
0.064304
0.057262
0.0498095
0.0424085
0.0920507
0.0918613
0.0914333
0.090637
0.0893679
0.08742
0.0847693
0.0812307
0.0768936
0.0716603
0.0657298
0.059113
0.0520896
0.0447545
0.0375352
0.0901477
0.0898046
0.0891377
0.088006
0.0863598
0.0839954
0.0809335
0.0770109
0.0723432
0.0668643
0.060778
0.054113
0.0471371
0.0399377
0.0329068
0.0881708
0.0876762
0.0867723
0.0853155
0.0833042
0.080548
0.0771028
0.0728347
0.0678782
0.0621966
0.0559955
0.0493163
0.0424126
0.0353643
0.0285269
0.0861276
0.0854849
0.0843478
0.0825788
0.0802176
0.0770961
0.0732984
0.0687235
0.0635193
0.0576758
0.0513969
0.0447335
0.0379231
0.0310381
0.0243976
0.0840275
0.0832421
0.0818772
0.0798112
0.0771182
0.0736598
0.0695422
0.0646988
0.0592868
0.0533195
0.0469961
0.0403747
0.0336748
0.0269622
0.0205198
0.0818827
0.0809614
0.0793759
0.0770302
0.0740263
0.0702606
0.065857
0.0607827
0.0552007
0.0491444
0.0428061
0.0362487
0.0296731
0.0231387
0.0168937
0.0797082
0.0786589
0.0768625
0.0742558
0.0709644
0.0669217
0.0622665
0.0569973
0.0512807
0.0451669
0.0388392
0.0323637
0.0259227
0.0195693
0.0135189
0.0775219
0.076354
0.0743579
0.0715105
0.0679568
0.0636678
0.0587949
0.0533652
0.0475465
0.0414027
0.035107
0.0287274
0.0224277
0.0162552
0.0103949
0.0753451
0.0740687
0.0718866
0.0688195
0.06503
0.0605254
0.0554677
0.0499092
0.0440175
0.0378674
0.0316212
0.0253474
0.0191923
0.013198
0.00752103
0.0732029
0.0718285
0.0694757
0.0662108
0.0622125
0.0575224
0.0523112
0.046653
0.0407137
0.0345768
0.0283934
0.0222316
0.0162212
0.0103995
0.00489729
0.0711241
0.0696627
0.067156
0.0637155
0.0595355
0.0546887
0.0493531
0.0436209
0.0376557
0.0315471
0.0254357
0.0193883
0.0135194
0.00786219
0.00252449
0.0691415
0.0676042
0.0649615
0.0613679
0.0570327
0.0520566
0.0466227
0.0408388
0.0348652
0.028796
0.0227617
0.0168273
0.0110938
0.00559033
0.000404831
0.0672925
0.0656903
0.0629301
0.0592059
0.054741
0.0496605
0.0441517
0.0383346
0.032366
0.0263429
0.0203866
0.0145603
0.00895276
0.00358999
-0.00145751
0.0656189
0.0639625
0.0611038
0.057271
0.0527006
0.0475384
0.0419748
0.036139
0.0301844
0.0242099
0.0183287
0.0126019
0.00710791
0.00187009
-0.00305563
0.0641672
0.0624673
0.0595289
0.0556091
0.0509561
0.0457324
0.0401304
0.0342866
0.0283509
0.0224232
0.01661
0.0109705
0.00557461
0.00044335
-0.00437902
0.062989
0.0612558
0.0582565
0.0542709
0.0495567
0.0442893
0.0386622
0.0328172
0.0269011
0.0210144
0.0152581
0.00969013
0.00437349
-0.000672335
-0.00541245
0.0621407
0.0603845
0.0573431
0.0533128
0.0485578
0.0432622
0.0376206
0.0317776
0.025878
0.0200224
0.014308
0.00879171
0.00353188
-0.0014528
-0.00613329
0.0616842
0.0599159
0.0568515
0.0527981
0.0480218
0.0427124
0.0370639
0.0312234
0.0253336
0.0194957
0.0138043
0.00831633
0.00308704
-0.00186504
-0.00651539
0.120587
0.122739
0.126159
0.131227
0.137287
0.144609
0.152756
0.161877
0.171679
0.182261
0.193355
0.205022
0.216986
0.229323
0.241721
0.120521
0.122668
0.126082
0.131141
0.137185
0.144491
0.152611
0.161702
0.171464
0.182002
0.193037
0.204641
0.216524
0.228777
0.24106
0.120387
0.122527
0.125928
0.130967
0.136984
0.144256
0.15232
0.161355
0.171036
0.181486
0.192402
0.20388
0.2156
0.227685
0.239736
0.120188
0.122315
0.125698
0.130708
0.136681
0.143904
0.151885
0.160837
0.170396
0.180715
0.191453
0.20274
0.214213
0.226043
0.237746
0.119924
0.122035
0.125392
0.130365
0.136284
0.143439
0.15131
0.16015
0.169547
0.179692
0.190192
0.201226
0.212366
0.223854
0.23509
0.119595
0.121688
0.125014
0.129938
0.135781
0.142855
0.150595
0.159297
0.168492
0.17842
0.188622
0.199339
0.210061
0.221118
0.231769
0.119204
0.121274
0.124563
0.129432
0.135203
0.142164
0.149743
0.15828
0.167234
0.176905
0.186747
0.197085
0.207302
0.217841
0.22779
0.118752
0.120796
0.124043
0.128844
0.134495
0.141354
0.14876
0.157104
0.165777
0.175149
0.184572
0.19447
0.204094
0.214031
0.223159
0.118241
0.120256
0.123456
0.128191
0.133763
0.140438
0.147646
0.155772
0.164126
0.173158
0.1821
0.191499
0.200443
0.209695
0.217889
0.117673
0.119655
0.122804
0.127451
0.13288
0.139414
0.146409
0.154287
0.162285
0.170937
0.179337
0.18818
0.196356
0.204846
0.211995
0.11705
0.118997
0.122089
0.126646
0.131948
0.138295
0.145052
0.152653
0.16026
0.16849
0.17629
0.184521
0.191843
0.199498
0.205495
0.116374
0.118284
0.121316
0.125757
0.130916
0.137076
0.143579
0.150874
0.158058
0.165822
0.172966
0.18053
0.186911
0.193666
0.198408
0.115648
0.117519
0.120487
0.124823
0.12981
0.135765
0.141995
0.148953
0.155684
0.162937
0.169372
0.176217
0.181572
0.187368
0.190755
0.114875
0.116705
0.11961
0.123818
0.128626
0.134363
0.140305
0.146895
0.153146
0.159841
0.165519
0.171588
0.175836
0.180626
0.182557
0.114056
0.115845
0.118656
0.122739
0.127377
0.132878
0.138513
0.144706
0.150449
0.156536
0.161417
0.166649
0.169717
0.173459
0.173832
0.113196
0.114946
0.117703
0.121606
0.126062
0.131313
0.136624
0.142392
0.147603
0.153032
0.157083
0.161405
0.163231
0.165884
0.164591
0.112297
0.113994
0.116648
0.120421
0.124686
0.12967
0.134637
0.139951
0.144604
0.149323
0.152519
0.155854
0.156404
0.157913
0.154839
0.111362
0.113021
0.11557
0.119191
0.123254
0.127963
0.132574
0.137417
0.141486
0.145449
0.147755
0.150004
0.149255
0.149524
0.144557
0.11039
0.111997
0.114447
0.117909
0.121752
0.126156
0.130376
0.134706
0.138157
0.141329
0.142746
0.143837
0.141854
0.140687
0.133759
0.109398
0.110943
0.113306
0.116634
0.120287
0.124433
0.128292
0.132142
0.134946
0.137267
0.137661
0.137462
0.134094
0.131299
0.122385
0.109398
0.110943
0.113306
0.116634
0.120287
0.124433
0.128292
0.132142
0.134946
0.137267
0.137661
0.137462
0.134094
0.131299
0.122385
0.11039
0.111997
0.114447
0.117909
0.121752
0.126156
0.130376
0.134706
0.138157
0.141329
0.142746
0.143837
0.141854
0.140687
0.133759
0.111362
0.113021
0.11557
0.119191
0.123254
0.127963
0.132574
0.137417
0.141486
0.145449
0.147755
0.150004
0.149255
0.149524
0.144557
0.112297
0.113994
0.116648
0.120421
0.124686
0.12967
0.134637
0.139951
0.144604
0.149323
0.152519
0.155854
0.156404
0.157913
0.154839
0.113196
0.114946
0.117703
0.121606
0.126062
0.131313
0.136624
0.142392
0.147603
0.153032
0.157083
0.161405
0.163231
0.165884
0.164591
0.114056
0.115845
0.118656
0.122739
0.127377
0.132878
0.138513
0.144706
0.150449
0.156537
0.161417
0.166649
0.169717
0.173459
0.173832
0.114875
0.116705
0.11961
0.123818
0.128626
0.134363
0.140305
0.146895
0.153146
0.159841
0.165519
0.171588
0.175836
0.180626
0.182557
0.115648
0.117519
0.120487
0.124823
0.12981
0.135765
0.141995
0.148953
0.155684
0.162937
0.169372
0.176217
0.181572
0.187368
0.190755
0.116374
0.118284
0.121316
0.125757
0.130916
0.137076
0.143579
0.150874
0.158058
0.165822
0.172966
0.18053
0.186911
0.193666
0.198408
0.11705
0.118997
0.122089
0.126646
0.131948
0.138295
0.145052
0.152653
0.16026
0.16849
0.17629
0.184521
0.191843
0.199498
0.205495
0.117673
0.119655
0.122804
0.127451
0.13288
0.139414
0.146409
0.154287
0.162285
0.170937
0.179337
0.18818
0.196356
0.204846
0.211995
0.118241
0.120256
0.123456
0.128191
0.133763
0.140438
0.147646
0.155772
0.164126
0.173158
0.1821
0.191499
0.200443
0.209695
0.217889
0.118752
0.120796
0.124043
0.128844
0.134495
0.141354
0.14876
0.157104
0.165777
0.175149
0.184572
0.19447
0.204094
0.214031
0.223159
0.119204
0.121274
0.124563
0.129432
0.135203
0.142164
0.149743
0.15828
0.167234
0.176905
0.186747
0.197085
0.207302
0.217841
0.22779
0.119595
0.121688
0.125014
0.129938
0.135781
0.142855
0.150595
0.159297
0.168492
0.17842
0.188622
0.199339
0.210061
0.221118
0.231769
0.119924
0.122035
0.125392
0.130365
0.136284
0.143439
0.15131
0.16015
0.169547
0.179692
0.190192
0.201226
0.212366
0.223854
0.23509
0.120188
0.122315
0.125698
0.130708
0.136681
0.143904
0.151885
0.160837
0.170396
0.180715
0.191453
0.20274
0.214213
0.226043
0.237746
0.120387
0.122527
0.125928
0.130967
0.136984
0.144256
0.15232
0.161355
0.171036
0.181486
0.192402
0.20388
0.2156
0.227685
0.239736
0.120521
0.122668
0.126082
0.131141
0.137185
0.144491
0.152611
0.161702
0.171464
0.182002
0.193037
0.204641
0.216524
0.228777
0.24106
0.120587
0.122739
0.126159
0.131227
0.137287
0.144609
0.152756
0.161877
0.171679
0.182261
0.193355
0.205022
0.216986
0.229323
0.241721
0.0616842
0.0599159
0.0568515
0.0527981
0.0480218
0.0427124
0.0370639
0.0312234
0.0253336
0.0194957
0.0138043
0.00831633
0.00308704
-0.00186504
-0.00651538
0.0621407
0.0603845
0.0573431
0.0533128
0.0485578
0.0432622
0.0376206
0.0317776
0.025878
0.0200224
0.014308
0.00879172
0.00353188
-0.00145279
-0.00613329
0.062989
0.0612558
0.0582565
0.0542709
0.0495567
0.0442893
0.0386622
0.0328172
0.0269011
0.0210144
0.0152581
0.00969013
0.0043735
-0.000672333
-0.00541245
0.0641672
0.0624673
0.0595289
0.0556091
0.0509561
0.0457324
0.0401304
0.0342866
0.0283509
0.0224232
0.01661
0.0109705
0.00557461
0.000443352
-0.00437902
0.0656189
0.0639625
0.0611039
0.057271
0.0527006
0.0475384
0.0419748
0.036139
0.0301844
0.0242099
0.0183287
0.0126019
0.00710792
0.0018701
-0.00305563
0.0672925
0.0656903
0.0629301
0.0592059
0.054741
0.0496605
0.0441517
0.0383346
0.032366
0.0263429
0.0203866
0.0145603
0.00895276
0.00358999
-0.00145751
0.0691415
0.0676042
0.0649615
0.0613679
0.0570327
0.0520566
0.0466227
0.0408388
0.0348652
0.0287961
0.0227617
0.0168273
0.0110938
0.00559033
0.000404833
0.0711241
0.0696627
0.067156
0.0637155
0.0595355
0.0546887
0.0493531
0.0436209
0.0376557
0.0315471
0.0254357
0.0193883
0.0135194
0.00786219
0.00252449
0.0732029
0.0718285
0.0694757
0.0662108
0.0622125
0.0575224
0.0523112
0.046653
0.0407137
0.0345768
0.0283934
0.0222316
0.0162212
0.0103995
0.00489729
0.0753451
0.0740687
0.0718866
0.0688195
0.06503
0.0605254
0.0554677
0.0499092
0.0440175
0.0378674
0.0316212
0.0253475
0.0191923
0.013198
0.00752103
0.0775219
0.076354
0.074358
0.0715105
0.0679568
0.0636678
0.0587949
0.0533652
0.0475465
0.0414027
0.035107
0.0287274
0.0224277
0.0162552
0.0103949
0.0797082
0.078659
0.0768625
0.0742558
0.0709644
0.0669217
0.0622665
0.0569973
0.0512807
0.0451669
0.0388392
0.0323637
0.0259227
0.0195693
0.0135189
0.0818827
0.0809614
0.0793759
0.0770302
0.0740263
0.0702606
0.065857
0.0607827
0.0552007
0.0491444
0.0428061
0.0362487
0.0296732
0.0231387
0.0168937
0.0840275
0.0832421
0.0818772
0.0798112
0.0771182
0.0736598
0.0695422
0.0646988
0.0592868
0.0533195
0.0469961
0.0403747
0.0336748
0.0269622
0.0205198
0.0861276
0.0854849
0.0843478
0.0825788
0.0802176
0.0770961
0.0732984
0.0687235
0.0635193
0.0576758
0.0513969
0.0447335
0.0379231
0.0310381
0.0243976
0.0881708
0.0876762
0.0867723
0.0853155
0.0833042
0.080548
0.0771028
0.0728347
0.0678782
0.0621966
0.0559955
0.0493163
0.0424126
0.0353643
0.0285269
0.0901477
0.0898046
0.0891377
0.088006
0.0863598
0.0839954
0.0809335
0.0770109
0.0723432
0.0668643
0.060778
0.054113
0.0471371
0.0399377
0.0329068
0.0920507
0.0918613
0.0914333
0.090637
0.0893679
0.08742
0.0847693
0.0812307
0.0768936
0.0716603
0.0657298
0.059113
0.0520896
0.0447545
0.0375352
0.0938744
0.0938392
0.0936507
0.0931974
0.0923143
0.0908047
0.0885901
0.0854736
0.0815081
0.0765658
0.0708355
0.064304
0.057262
0.0498095
0.0424085
0.0956151
0.0957331
0.0957837
0.0956776
0.0951868
0.0941343
0.0923772
0.0897198
0.0861652
0.0815613
0.0760783
0.069673
0.062646
0.0550965
0.047522
0.0972705
0.0975396
0.0978275
0.09807
0.0979752
0.0973948
0.0961131
0.0939502
0.0908432
0.0866273
0.0814405
0.0752056
0.0682325
0.060608
0.0528694
0.0988396
0.0992567
0.099779
0.100369
0.100671
0.100574
0.099782
0.0981463
0.0955204
0.0917441
0.0869027
0.0808873
0.0740121
0.0663349
0.0584441
0.100322
0.100884
0.101637
0.102569
0.103268
0.103661
0.10337
0.102291
0.100176
0.0968923
0.0924439
0.0867037
0.0799746
0.0722669
0.064238
0.10172
0.102421
0.103399
0.104668
0.105761
0.106646
0.106865
0.106366
0.104788
0.102052
0.0980416
0.0926418
0.0861094
0.0783952
0.0702432
0.103033
0.103869
0.105068
0.106664
0.108147
0.109522
0.110257
0.110357
0.10934
0.107202
0.103673
0.0986899
0.0924065
0.0847197
0.0764577
0.104265
0.105231
0.106644
0.108556
0.110424
0.112283
0.113538
0.11425
0.113816
0.112324
0.109316
0.104838
0.0988539
0.0912557
0.0828993
0.105417
0.106509
0.108128
0.110347
0.112591
0.114926
0.116703
0.118032
0.118201
0.117395
0.114948
0.111071
0.105424
0.0980137
0.0895812
0.106493
0.107705
0.109523
0.112036
0.114646
0.117445
0.119741
0.121687
0.122473
0.122379
0.120527
0.117339
0.112054
0.104951
0.0963894
0.107496
0.108822
0.110828
0.113619
0.116583
0.119827
0.122633
0.12518
0.126592
0.127219
0.126001
0.12357
0.118691
0.112044
0.102948
0.108431
0.109864
0.112046
0.115099
0.118399
0.122071
0.125375
0.128519
0.130571
0.131959
0.131456
0.129913
0.125638
0.119989
0.109513
-0.0101492
-0.0129125
-0.0157395
-0.0186136
-0.0215248
-0.0244691
-0.0274456
-0.030453
-0.0334889
-0.0365499
-0.0396326
-0.0427337
-0.0458498
-0.0489778
-0.0521142
-0.0552557
-0.0583989
-0.0615406
-0.0646797
-0.0678182
-0.00977295
-0.0125317
-0.0153624
-0.0182406
-0.0211548
-0.0241034
-0.0270877
-0.0301075
-0.0331603
-0.0362427
-0.0393511
-0.0424818
-0.0456315
-0.0487968
-0.0519745
-0.055161
-0.0583531
-0.0615477
-0.0647422
-0.067933
-0.00908344
-0.0118719
-0.014752
-0.0176814
-0.0206431
-0.0236375
-0.026669
-0.029739
-0.0328448
-0.0359822
-0.0391467
-0.0423346
-0.0455421
-0.0487658
-0.0520018
-0.0552461
-0.0584945
-0.0617431
-0.0649904
-0.0682367
-0.00809724
-0.0109387
-0.0138975
-0.0169042
-0.0199346
-0.0229927
-0.0260885
-0.0292255
-0.032401
-0.0356099
-0.0388471
-0.0421084
-0.0453904
-0.0486897
-0.0520025
-0.0553251
-0.0586536
-0.0619846
-0.0653162
-0.0686453
-0.00683783
-0.00975691
-0.0128259
-0.0159395
-0.0190643
-0.0222102
-0.0253942
-0.0286227
-0.0318927
-0.0351972
-0.0385303
-0.0418878
-0.0452661
-0.0486619
-0.0520713
-0.0554902
-0.058914
-0.0623388
-0.0657635
-0.0691863
-0.00531758
-0.00833685
-0.0115451
-0.0147917
-0.0180324
-0.0212856
-0.0245771
-0.0279166
-0.0313
-0.0347185
-0.038165
-0.0416351
-0.0451258
-0.0486339
-0.0521555
-0.0556864
-0.0592222
-0.0627593
-0.0662968
-0.0698317
-0.00354535
-0.00668681
-0.0100632
-0.0134681
-0.0168456
-0.0202253
-0.0236441
-0.0271152
-0.0306324
-0.0341845
-0.0377633
-0.0413645
-0.0449856
-0.0486236
-0.0522746
-0.055934
-0.0595973
-0.0632605
-0.0669238
-0.0705841
-0.00152635
-0.00481154
-0.00838468
-0.0119721
-0.0155059
-0.0190303
-0.0225955
-0.0262178
-0.0298882
-0.0335922
-0.0373207
-0.0410697
-0.0448374
-0.0486211
-0.0524167
-0.0562197
-0.0600254
-0.0638298
-0.0676341
-0.0714346
0.000736819
-0.00271355
-0.00651196
-0.0103055
-0.0140142
-0.0177012
-0.021432
-0.0252256
-0.0290685
-0.0329427
-0.0368382
-0.0407519
-0.0446827
-0.0486283
-0.0525844
-0.0565461
-0.0605088
-0.0644683
-0.0684272
-0.0723814
0.00324343
-0.000393728
-0.00444615
-0.00846858
-0.01237
-0.0162373
-0.0201534
-0.0241383
-0.028173
-0.0322354
-0.0363149
-0.0404098
-0.04452
-0.0486431
-0.0527749
-0.0569101
-0.061044
-0.0651726
-0.0692999
-0.0734213
0.00599408
0.00214813
-0.00218729
-0.00646075
-0.0105721
-0.0146376
-0.018759
-0.0229558
-0.0272014
-0.0314698
-0.0357503
-0.040043
-0.0443488
-0.0486654
-0.0529881
-0.0573115
-0.0616308
-0.0659419
-0.0702509
-0.0745527
0.00899021
0.00491291
0.000265302
-0.00428048
-0.00861839
-0.0129004
-0.017248
-0.0216774
-0.0261531
-0.030645
-0.0351436
-0.0396508
-0.0441686
-0.0486945
-0.0532234
-0.0577497
-0.0622684
-0.0667753
-0.0712794
-0.0757746
0.0122337
0.00790179
0.00291271
-0.00192576
-0.00650646
-0.0110238
-0.0156193
-0.0203026
-0.0250272
-0.0297602
-0.0344939
-0.0392327
-0.0439791
-0.0487302
-0.0534804
-0.058224
-0.0629561
-0.0676721
-0.0723844
-0.0770861
0.0157265
0.0111159
0.00575622
0.000605773
-0.00423369
-0.00900624
-0.0138722
-0.0188304
-0.0238228
-0.0288142
-0.0338004
-0.0387881
-0.0437799
-0.0487724
-0.0537596
-0.058736
-0.0636962
-0.068634
-0.0735673
-0.0784879
0.0194704
0.0145562
0.00879706
0.00331663
-0.00179744
-0.00684605
-0.0120057
-0.0172601
-0.0225384
-0.0278058
-0.0330622
-0.0383164
-0.0435705
-0.0488198
-0.0540585
-0.0592809
-0.0644819
-0.0696554
-0.0748249
-0.0799785
0.0234666
0.0182229
0.0120362
0.00620929
0.000804745
-0.00454202
-0.0100194
-0.0155906
-0.0211729
-0.0267339
-0.0322787
-0.0378175
-0.043351
-0.0488744
-0.0543827
-0.0598722
-0.0653362
-0.0707539
-0.0761682
-0.0815633
0.0277152
0.0221153
0.0154743
0.00928603
0.00357494
-0.00209335
-0.00791259
-0.0138209
-0.0197248
-0.0255974
-0.0314495
-0.0372908
-0.0431194
-0.0489283
-0.0547116
-0.0604659
-0.0661918
-0.0719115
-0.0775988
-0.083244
0.0322152
0.0262316
0.0191111
0.0125488
0.00651471
0.000500301
-0.00568504
-0.0119497
-0.0181927
-0.0243954
-0.0305745
-0.0367378
-0.0428805
-0.0489955
-0.0550784
-0.0611271
-0.0671415
-0.0731409
-0.0791007
-0.0850105
0.0369638
0.0305683
0.0229458
0.0159989
0.00962498
0.00323867
-0.00333643
-0.00997563
-0.016575
-0.0231272
-0.0296536
-0.0361583
-0.0426328
-0.0490702
-0.055467
-0.0618216
-0.0681339
-0.0744265
-0.0806748
-0.0868643
0.0419562
0.0351196
0.0269762
0.0196372
0.0129058
0.00612085
-0.000866557
-0.00789716
-0.0148701
-0.0217918
-0.028686
-0.0355511
-0.0423754
-0.0491525
-0.0558804
-0.0625576
-0.0691831
-0.0757819
-0.0823297
-0.0888096
0.0471849
0.039877
0.0311988
0.0234637
0.0163564
0.00914513
0.0017247
-0.00571262
-0.0130768
-0.0203886
-0.0276712
-0.0349157
-0.0421076
-0.0492421
-0.0563179
-0.0633331
-0.0702856
-0.0772049
-0.0840649
-0.0908461
0.0526389
0.0448283
0.0356084
0.0274779
0.0199743
0.0123089
0.00443742
-0.00342049
-0.0111941
-0.0189173
-0.0266084
-0.0342509
-0.0418288
-0.0493388
-0.0567799
-0.0641492
-0.0714433
-0.0786971
-0.0858818
-0.0929748
0.0583024
0.0499562
0.0401986
0.0316784
0.0237556
0.0156087
0.00727202
-0.00101928
-0.00922167
-0.0173777
-0.0254968
-0.0335557
-0.0415382
-0.0494425
-0.0572666
-0.0650065
-0.0726566
-0.0802592
-0.087781
-0.0951963
0.0641511
0.0552366
0.0449616
0.0360625
0.0276935
0.0190402
0.0102288
0.00149168
-0.00715984
-0.0157695
-0.0243348
-0.0328283
-0.0412346
-0.0495521
-0.0577775
-0.0659046
-0.0739257
-0.0818918
-0.0897632
-0.0975105
0.0701479
0.0606354
0.0498887
0.040626
0.0317793
0.0226003
0.0133091
0.00411188
-0.00501041
-0.0140933
-0.0231222
-0.0320687
-0.040918
-0.0496679
-0.0583135
-0.0668465
-0.0752535
-0.0835973
-0.0918299
-0.0999177
0.0762432
0.0661094
0.0549678
0.0453564
0.035998
0.0262852
0.0165143
0.0068422
-0.00277122
-0.0123449
-0.0218544
-0.0312727
-0.0405848
-0.0497861
-0.0588694
-0.067822
-0.076633
-0.0853742
-0.0939813
-0.102419
0.0823763
0.0716233
0.0601985
0.0502421
0.0403368
0.0300901
0.0198354
0.00966814
-0.000455528
-0.0105347
-0.02054
-0.0304469
-0.0402393
-0.0499114
-0.059459
-0.0688679
-0.0780913
-0.0872359
-0.0962233
-0.105017
0.0884353
0.0771306
0.0655594
0.0552505
0.0447932
0.0340417
0.0233058
0.0126263
0.00197496
-0.00862849
-0.0191518
-0.0295698
-0.0398628
-0.0500169
-0.0600203
-0.0698479
-0.0795569
-0.0891594
-0.0985437
-0.1077
0.0941735
0.0826455
0.0710731
0.0603278
0.049282
0.0380211
0.0267845
0.0155787
0.00439501
-0.00673701
-0.0177841
-0.0287236
-0.0395368
-0.0502192
-0.0607808
-0.071201
-0.0812293
-0.0911827
-0.100924
-0.11044
0.0988761
0.0878197
0.0766813
0.0656651
0.0541914
0.042491
0.0307606
0.0190242
0.00729565
-0.00438929
-0.0159865
-0.0274642
-0.0387943
-0.0499479
-0.0608996
-0.0716983
-0.0826742
-0.093241
-0.103413
-0.113308
-0.0709521
-0.0740733
-0.077176
-0.0802582
-0.0833187
-0.0863561
-0.0893683
-0.0923528
-0.0953073
-0.0982297
-0.101118
-0.103971
-0.106786
-0.109562
-0.112297
-0.11499
-0.11764
-0.120246
-0.122808
-0.125325
-0.0711147
-0.0742818
-0.0774322
-0.0805634
-0.083673
-0.0867578
-0.0898152
-0.0928422
-0.0958364
-0.0987952
-0.101717
-0.104598
-0.107438
-0.110235
-0.112987
-0.115691
-0.118349
-0.120956
-0.123516
-0.126028
-0.0714779
-0.0747062
-0.0779158
-0.0811037
-0.0842678
-0.0874056
-0.0905144
-0.0935912
-0.0966335
-0.0996386
-0.102604
-0.105529
-0.108409
-0.111244
-0.114032
-0.116772
-0.119462
-0.1221
-0.124692
-0.127238
-0.0719659
-0.0752712
-0.0785574
-0.081822
-0.0850623
-0.0882755
-0.0914585
-0.0946081
-0.0977216
-0.100796
-0.10383
-0.106819
-0.109764
-0.11266
-0.115507
-0.118303
-0.121048
-0.123738
-0.126384
-0.128985
-0.0726015
-0.0760016
-0.0793814
-0.0827382
-0.0860694
-0.0893722
-0.0926434
-0.0958799
-0.0990787
-0.102237
-0.105352
-0.108423
-0.111446
-0.114419
-0.117342
-0.120211
-0.123029
-0.125791
-0.12851
-0.131191
-0.0733574
-0.0768662
-0.0803537
-0.0838172
-0.0872543
-0.0906619
-0.0940367
-0.0973757
-0.100676
-0.103934
-0.107148
-0.110316
-0.113435
-0.116503
-0.119519
-0.12248
-0.12539
-0.128241
-0.131054
-0.133834
-0.0742344
-0.0778667
-0.0814764
-0.085061
-0.0886179
-0.0921444
-0.095637
-0.0990924
-0.102508
-0.10588
-0.109208
-0.112487
-0.115717
-0.118895
-0.12202
-0.125089
-0.128106
-0.131064
-0.133988
-0.136886
-0.0752236
-0.0789929
-0.0827381
-0.0864569
-0.0901471
-0.0938057
-0.0974293
-0.101015
-0.104559
-0.10806
-0.111514
-0.114919
-0.118275
-0.121576
-0.124826
-0.128017
-0.131158
-0.134238
-0.13729
-0.140324
-0.0763225
-0.080242
-0.0841358
-0.0880018
-0.091838
-0.0956414
-0.0994089
-0.103137
-0.106823
-0.110465
-0.114059
-0.117604
-0.121098
-0.124537
-0.127924
-0.131252
-0.134531
-0.137748
-0.140944
-0.144128
-0.0775276
-0.0816101
-0.0856649
-0.0896904
-0.0936849
-0.0976454
-0.101569
-0.105452
-0.109292
-0.113086
-0.116833
-0.120529
-0.124175
-0.127765
-0.131303
-0.13478
-0.13821
-0.141578
-0.144931
-0.148282
-0.0788371
-0.0830949
-0.0873229
-0.0915199
-0.0956845
-0.0998137
-0.103905
-0.107954
-0.11196
-0.115919
-0.119829
-0.123689
-0.127497
-0.131249
-0.13495
-0.138589
-0.142183
-0.145713
-0.149237
-0.152767
-0.0802495
-0.0846948
-0.0891077
-0.0934877
-0.0978337
-0.102143
-0.106412
-0.110639
-0.114821
-0.118955
-0.123041
-0.127074
-0.131056
-0.134981
-0.138855
-0.142667
-0.146436
-0.15014
-0.153846
-0.157567
-0.0817639
-0.0864085
-0.0910177
-0.0955918
-0.10013
-0.10463
-0.109088
-0.113503
-0.117871
-0.12219
-0.12646
-0.130677
-0.134842
-0.13895
-0.143008
-0.147003
-0.150956
-0.154843
-0.158742
-0.162665
-0.0833808
-0.0882359
-0.0930522
-0.097831
-0.102572
-0.107272
-0.11193
-0.116541
-0.121105
-0.125618
-0.130082
-0.134491
-0.138849
-0.143148
-0.147397
-0.151583
-0.15573
-0.159808
-0.163908
-0.168041
-0.0850983
-0.090175
-0.0952093
-0.100203
-0.105157
-0.110067
-0.114932
-0.11975
-0.124518
-0.129234
-0.133899
-0.138508
-0.143065
-0.147563
-0.152011
-0.156394
-0.160742
-0.165018
-0.169326
-0.173675
-0.0869188
-0.0922269
-0.0974893
-0.102708
-0.107884
-0.113013
-0.118094
-0.123125
-0.128105
-0.133031
-0.137903
-0.142719
-0.147482
-0.152184
-0.156837
-0.161423
-0.165976
-0.170455
-0.174976
-0.179544
-0.0888426
-0.0943913
-0.0998916
-0.105345
-0.110751
-0.116107
-0.121412
-0.126663
-0.131861
-0.137003
-0.142089
-0.147117
-0.152089
-0.157
-0.161862
-0.166654
-0.171416
-0.176101
-0.180837
-0.185625
-0.0908661
-0.0966667
-0.102414
-0.108111
-0.113755
-0.119346
-0.124881
-0.130359
-0.13578
-0.141143
-0.146446
-0.15169
-0.156875
-0.161999
-0.16707
-0.172072
-0.177042
-0.181934
-0.186885
-0.191895
-0.0929901
-0.099053
-0.105057
-0.111005
-0.116895
-0.122727
-0.128497
-0.134208
-0.139856
-0.145443
-0.150966
-0.156429
-0.161827
-0.167165
-0.172444
-0.177658
-0.182835
-0.187937
-0.193098
-0.19833
-0.0952156
-0.101551
-0.10782
-0.114026
-0.120169
-0.126247
-0.132258
-0.138205
-0.144082
-0.149897
-0.155639
-0.161323
-0.166932
-0.172486
-0.17797
-0.183395
-0.188772
-0.194085
-0.19945
-0.204907
-0.0975423
-0.104158
-0.1107
-0.117172
-0.123573
-0.129902
-0.136157
-0.142342
-0.14845
-0.154494
-0.160455
-0.16636
-0.172177
-0.177949
-0.18363
-0.189269
-0.194836
-0.200359
-0.205915
-0.211598
-0.0999706
-0.106876
-0.113698
-0.120442
-0.127105
-0.133689
-0.14019
-0.146614
-0.152953
-0.159223
-0.1654
-0.171523
-0.177541
-0.183529
-0.189397
-0.195255
-0.201
-0.206737
-0.212468
-0.218373
-0.1025
-0.109703
-0.116812
-0.123832
-0.130762
-0.137602
-0.144351
-0.151014
-0.157583
-0.164076
-0.170466
-0.176801
-0.183011
-0.189206
-0.195244
-0.201316
-0.207215
-0.213177
-0.219062
-0.225191
-0.105131
-0.112638
-0.12004
-0.127342
-0.134541
-0.141639
-0.148636
-0.155537
-0.162335
-0.169047
-0.175649
-0.18219
-0.188592
-0.194988
-0.201183
-0.207462
-0.213475
-0.21966
-0.225649
-0.232017
-0.107862
-0.115679
-0.12338
-0.130966
-0.138437
-0.145794
-0.153038
-0.160174
-0.167197
-0.174124
-0.180933
-0.187674
-0.194268
-0.20086
-0.207219
-0.213707
-0.219816
-0.226233
-0.232253
-0.238871
-0.110693
-0.118825
-0.126827
-0.134699
-0.142441
-0.150054
-0.157538
-0.164899
-0.172135
-0.179258
-0.186256
-0.193167
-0.199932
-0.206683
-0.213199
-0.219876
-0.226094
-0.232776
-0.238805
-0.245741
-0.113629
-0.12208
-0.130383
-0.138538
-0.146546
-0.154406
-0.16212
-0.169691
-0.17712
-0.184415
-0.191572
-0.198615
-0.205508
-0.212353
-0.218976
-0.225755
-0.232063
-0.23899
-0.245037
-0.252457
-0.116663
-0.125449
-0.134064
-0.142513
-0.150794
-0.15891
-0.166862
-0.174654
-0.18229
-0.189774
-0.197109
-0.204305
-0.211348
-0.218295
-0.225034
-0.231862
-0.238235
-0.245299
-0.251282
-0.259262
-0.119766
-0.128912
-0.137879
-0.146663
-0.155263
-0.16368
-0.17192
-0.179987
-0.187888
-0.195628
-0.203214
-0.21065
-0.217936
-0.225091
-0.232059
-0.238997
-0.245526
-0.252579
-0.258504
-0.266772
-0.122965
-0.132425
-0.141704
-0.150786
-0.159658
-0.168323
-0.176787
-0.185057
-0.193144
-0.201054
-0.2088
-0.216386
-0.223824
-0.231116
-0.238253
-0.245269
-0.251996
-0.258856
-0.264883
-0.272824
-0.131592
-0.141103
-0.149997
-0.158021
-0.164955
-0.170612
-0.174827
-0.17744
-0.178304
-0.1773
-0.174357
-0.16945
-0.162599
-0.153874
-0.1434
-0.131382
-0.118099
-0.103951
-0.0893818
-0.0749887
-0.061271
-0.0487775
-0.037846
-0.0286486
-0.0210998
-0.0150817
-0.0103217
-0.00663674
-0.00363824
-0.00117376
-0.132331
-0.141891
-0.150796
-0.158805
-0.165714
-0.171342
-0.175523
-0.178094
-0.178904
-0.17784
-0.174834
-0.169865
-0.162951
-0.154161
-0.14362
-0.131535
-0.118184
-0.103966
-0.0893331
-0.074886
-0.061132
-0.048624
-0.0376947
-0.0285115
-0.0209853
-0.0149912
-0.0102558
-0.00659177
-0.00361288
-0.00116563
-0.133683
-0.143355
-0.152281
-0.160262
-0.167125
-0.172703
-0.176822
-0.179311
-0.180021
-0.178845
-0.175725
-0.17064
-0.163607
-0.154696
-0.144032
-0.13182
-0.118341
-0.103995
-0.0892417
-0.0746939
-0.0608725
-0.0483364
-0.0374116
-0.0282552
-0.0207717
-0.0148224
-0.0101331
-0.0065079
-0.00356561
-0.00114987
-0.135618
-0.145438
-0.154384
-0.162319
-0.169117
-0.174623
-0.178652
-0.181022
-0.181588
-0.180255
-0.176973
-0.171725
-0.164526
-0.155445
-0.14461
-0.13222
-0.11856
-0.104034
-0.0891117
-0.0744224
-0.0605065
-0.0479309
-0.0370134
-0.0278956
-0.0204726
-0.0145863
-0.00996183
-0.00639071
-0.00349961
-0.00112754
-0.138071
-0.148071
-0.157027
-0.164898
-0.171616
-0.177031
-0.180943
-0.183158
-0.183539
-0.18201
-0.178528
-0.173076
-0.16567
-0.156378
-0.145329
-0.132719
-0.118834
-0.104081
-0.0889463
-0.0740794
-0.0600457
-0.0474215
-0.0365146
-0.0274465
-0.0201002
-0.0142928
-0.00974924
-0.00624518
-0.00341776
-0.00109951
-0.141011
-0.151206
-0.160153
-0.167941
-0.174566
-0.179871
-0.183637
-0.185662
-0.185824
-0.184063
-0.180346
-0.174654
-0.167006
-0.157469
-0.146171
-0.133303
-0.119154
-0.104133
-0.0887482
-0.0736719
-0.0595005
-0.0468205
-0.035928
-0.02692
-0.019665
-0.0139506
-0.00950189
-0.00607577
-0.00332268
-0.00106651
-0.144406
-0.1548
-0.16371
-0.171396
-0.177913
-0.183089
-0.186679
-0.18848
-0.188391
-0.186369
-0.182386
-0.176425
-0.168506
-0.158693
-0.147117
-0.133959
-0.119513
-0.104189
-0.0885196
-0.0732057
-0.0588798
-0.0461386
-0.0352649
-0.0263271
-0.0191766
-0.0135674
-0.00922565
-0.00588648
-0.00321669
-0.00102917
-0.148228
-0.158813
-0.167653
-0.175217
-0.181611
-0.186638
-0.190022
-0.191567
-0.191197
-0.188888
-0.184614
-0.178357
-0.170142
-0.16003
-0.148151
-0.134676
-0.119906
-0.104247
-0.0882622
-0.0726859
-0.0581914
-0.0453852
-0.0345354
-0.0256773
-0.0186435
-0.0131503
-0.00892572
-0.00568089
-0.00310187
-0.00098807
-0.152454
-0.16321
-0.17194
-0.179362
-0.185619
-0.190473
-0.19362
-0.194879
-0.194205
-0.191585
-0.186997
-0.180423
-0.171891
-0.16146
-0.149259
-0.135446
-0.120327
-0.104306
-0.087978
-0.072117
-0.0574422
-0.0445689
-0.0337486
-0.0249795
-0.0180733
-0.0127055
-0.00860678
-0.00546217
-0.00298007
-0.000943723
-0.157064
-0.167956
-0.176534
-0.183793
-0.189897
-0.194553
-0.197433
-0.198378
-0.197378
-0.194429
-0.189506
-0.182597
-0.173732
-0.162968
-0.15043
-0.13626
-0.120771
-0.104363
-0.0876686
-0.0715034
-0.0566388
-0.0436974
-0.0329127
-0.0242416
-0.017473
-0.0122386
-0.00827295
-0.0052332
-0.0028529
-0.000896582
-0.162035
-0.173017
-0.181398
-0.188475
-0.19441
-0.198841
-0.201421
-0.202029
-0.200685
-0.197388
-0.192115
-0.184857
-0.175647
-0.164538
-0.15165
-0.13711
-0.121236
-0.104419
-0.0873356
-0.0708489
-0.0557869
-0.0427778
-0.0320351
-0.0234705
-0.0168486
-0.0117546
-0.0079279
-0.0049965
-0.00272181
-0.000847057
-0.167347
-0.178361
-0.186497
-0.193374
-0.199124
-0.2033
-0.205551
-0.205801
-0.204097
-0.200438
-0.194801
-0.187182
-0.177619
-0.166157
-0.152912
-0.13799
-0.121717
-0.104472
-0.0869808
-0.0701571
-0.054892
-0.0418164
-0.0311227
-0.0226727
-0.0162057
-0.0112579
-0.00757488
-0.00475432
-0.00258804
-0.000795523
-0.172977
-0.183954
-0.1918
-0.19846
-0.204005
-0.207895
-0.20979
-0.209666
-0.207589
-0.203555
-0.197543
-0.189555
-0.179632
-0.167812
-0.154205
-0.138893
-0.122213
-0.104521
-0.0866058
-0.0694317
-0.0539591
-0.0408195
-0.0301818
-0.0218542
-0.0155493
-0.0107525
-0.00721673
-0.00450866
-0.00245269
-0.000742322
-0.178903
-0.189761
-0.197275
-0.203702
-0.209022
-0.212596
-0.214111
-0.213599
-0.211137
-0.206716
-0.200321
-0.191959
-0.181673
-0.169493
-0.155521
-0.139816
-0.12272
-0.104568
-0.0862124
-0.0686758
-0.0529932
-0.0397925
-0.029218
-0.0210201
-0.0148837
-0.0102419
-0.00685598
-0.00426126
-0.00231669
-0.000687773
-0.185099
-0.195748
-0.202893
-0.209074
-0.214146
-0.217372
-0.218487
-0.217576
-0.21472
-0.209904
-0.20312
-0.19438
-0.18373
-0.171191
-0.156855
-0.140753
-0.123236
-0.104611
-0.0858021
-0.0678929
-0.0519988
-0.0387407
-0.0282368
-0.0201753
-0.0142129
-0.00972924
-0.0064948
-0.00401368
-0.00218086
-0.000632174
-0.19154
-0.201879
-0.208625
-0.214549
-0.219347
-0.222196
-0.222895
-0.221577
-0.218318
-0.213101
-0.205923
-0.196806
-0.185792
-0.172897
-0.158198
-0.141701
-0.123761
-0.10465
-0.0853768
-0.067086
-0.0509801
-0.0376689
-0.027243
-0.0193242
-0.0135405
-0.00921716
-0.00613511
-0.00376726
-0.0020459
-0.000575804
-0.198195
-0.208122
-0.214446
-0.220105
-0.224599
-0.227044
-0.227316
-0.225583
-0.221915
-0.216291
-0.208719
-0.199225
-0.187851
-0.174604
-0.159547
-0.142656
-0.124292
-0.104686
-0.0849381
-0.0662582
-0.0499413
-0.0365819
-0.026241
-0.0184706
-0.0128696
-0.0087081
-0.00577858
-0.00352316
-0.00191239
-0.000518928
-0.205033
-0.214444
-0.220331
-0.225717
-0.229875
-0.231893
-0.231731
-0.229578
-0.225495
-0.219462
-0.211495
-0.201627
-0.189896
-0.176304
-0.160894
-0.143614
-0.124828
-0.104718
-0.0844879
-0.0654125
-0.0488864
-0.035484
-0.025235
-0.0176182
-0.0122031
-0.00820419
-0.00542666
-0.00328241
-0.00178085
-0.000461798
-0.212017
-0.220813
-0.226259
-0.231361
-0.235153
-0.236725
-0.236123
-0.233546
-0.229044
-0.222602
-0.214242
-0.204004
-0.191921
-0.177993
-0.162236
-0.144574
-0.125367
-0.104748
-0.0840279
-0.0645521
-0.0478193
-0.0343793
-0.0242289
-0.0167702
-0.0115434
-0.00770728
-0.0050806
-0.0030459
-0.00165171
-0.000404656
-0.219107
-0.227198
-0.232206
-0.237012
-0.24041
-0.24152
-0.240477
-0.237471
-0.232549
-0.225698
-0.216948
-0.206345
-0.193919
-0.179662
-0.163568
-0.145531
-0.125908
-0.104775
-0.0835598
-0.06368
-0.0467438
-0.033272
-0.0232265
-0.0159298
-0.0108929
-0.00721902
-0.0047415
-0.00281439
-0.00152536
-0.000347735
-0.226258
-0.23357
-0.238153
-0.242646
-0.245623
-0.246262
-0.244777
-0.241342
-0.235998
-0.228741
-0.219604
-0.208643
-0.19588
-0.181307
-0.164884
-0.146482
-0.12645
-0.1048
-0.0830854
-0.0627993
-0.0456637
-0.0321659
-0.0222311
-0.0150996
-0.0102536
-0.00674087
-0.00441031
-0.00258855
-0.00140211
-0.000291256
-0.233426
-0.239901
-0.244076
-0.248239
-0.250774
-0.250935
-0.249008
-0.24514
-0.239378
-0.231717
-0.222201
-0.210889
-0.197799
-0.182921
-0.166179
-0.147425
-0.12699
-0.104822
-0.0826063
-0.0619131
-0.0445828
-0.031065
-0.0212461
-0.0142823
-0.00962746
-0.00627413
-0.00408789
-0.00236896
-0.00128225
-0.00023543
-0.240566
-0.246167
-0.249957
-0.253767
-0.255842
-0.255522
-0.253155
-0.248853
-0.242675
-0.234616
-0.224727
-0.213073
-0.199666
-0.184496
-0.167447
-0.148353
-0.127525
-0.104841
-0.0821243
-0.0610249
-0.043505
-0.0299731
-0.0202746
-0.0134804
-0.00901608
-0.00581993
-0.00377494
-0.0021561
-0.00116603
-0.000180457
-0.247628
-0.252343
-0.255775
-0.259205
-0.260807
-0.260004
-0.257198
-0.252462
-0.245874
-0.237423
-0.22717
-0.215185
-0.201472
-0.186025
-0.168682
-0.149264
-0.128053
-0.104856
-0.081641
-0.0601377
-0.0424341
-0.028894
-0.0193198
-0.0126962
-0.00842103
-0.00537927
-0.00347209
-0.00195039
-0.00105363
-0.000126526
-0.254563
-0.258408
-0.261507
-0.264526
-0.265648
-0.26436
-0.261115
-0.255948
-0.248957
-0.240123
-0.229516
-0.217212
-0.203208
-0.187499
-0.169876
-0.150151
-0.128571
-0.104867
-0.0811579
-0.0592551
-0.0413739
-0.0278313
-0.0183844
-0.0119317
-0.00784368
-0.00495303
-0.00317987
-0.00175219
-0.000945251
-7.38126e-05
-0.261318
-0.264334
-0.267123
-0.269695
-0.270333
-0.268564
-0.264877
-0.259286
-0.251903
-0.242698
-0.231752
-0.219143
-0.204863
-0.188909
-0.171022
-0.151007
-0.129072
-0.104872
-0.0806759
-0.0583799
-0.0403281
-0.0267886
-0.0174712
-0.0111888
-0.00728525
-0.00454199
-0.00289875
-0.00156178
-0.000841024
-2.24823e-05
-0.26782
-0.27009
-0.272587
-0.274671
-0.274821
-0.272575
-0.268468
-0.26245
-0.254691
-0.245129
-0.23386
-0.220964
-0.206426
-0.190245
-0.172112
-0.151827
-0.129554
-0.104871
-0.0801965
-0.0575157
-0.0393006
-0.0257693
-0.0165829
-0.0104695
-0.00674681
-0.00414678
-0.00262907
-0.00137938
-0.000741071
2.73161e-05
-0.274022
-0.275653
-0.277876
-0.279426
-0.279087
-0.276338
-0.271905
-0.265415
-0.257301
-0.247405
-0.235837
-0.222674
-0.207897
-0.191509
-0.173147
-0.152613
-0.13002
-0.104867
-0.0797263
-0.0566692
-0.0382971
-0.0247776
-0.0157219
-0.00977508
-0.00622898
-0.00376767
-0.00237097
-0.00120506
-0.000645456
7.54731e-05
-0.279975
-0.280994
-0.282969
-0.283961
-0.283152
-0.279895
-0.274719
-0.268165
-0.25975
-0.249542
-0.237697
-0.224286
-0.20929
-0.192714
-0.17414
-0.153376
-0.13048
-0.104871
-0.0792727
-0.0558455
-0.0373197
-0.0238142
-0.0148881
-0.00910537
-0.00573161
-0.00340455
-0.00212436
-0.00103874
-0.000554155
0.000121916
-0.285652
-0.285885
-0.287666
-0.288148
-0.286988
-0.283462
-0.278453
-0.270883
-0.262056
-0.251515
-0.239385
-0.22573
-0.210522
-0.193769
-0.174998
-0.154024
-0.130843
-0.104802
-0.0787694
-0.0549978
-0.0363413
-0.0228666
-0.0140778
-0.0084609
-0.00525633
-0.00305914
-0.0018903
-0.000881136
-0.000467252
0.000166387
-0.29084
-0.289636
-0.291207
-0.291061
-0.289407
-0.285278
-0.279477
-0.272244
-0.263277
-0.252544
-0.240242
-0.226428
-0.211077
-0.194198
-0.175276
-0.154136
-0.130724
-0.104347
-0.0779975
-0.0539894
-0.0352817
-0.0218854
-0.0132555
-0.00781392
-0.00477978
-0.00271196
-0.00165333
-0.000720673
-0.000376975
0.000212784
-0.294822
-0.294446
-0.295981
-0.295003
-0.29267
-0.287855
-0.281761
-0.27366
-0.264176
-0.253031
-0.24042
-0.226354
-0.210807
-0.193756
-0.174632
-0.153287
-0.129586
-0.102817
-0.0762163
-0.0521471
-0.0336241
-0.0205148
-0.0121985
-0.0070311
-0.00422615
-0.00231942
-0.00139047
-0.000544705
-0.000279143
0.000263671
-0.299061
-0.298459
-0.299494
-0.297606
-0.294665
-0.289272
-0.282745
-0.274511
-0.264805
-0.253412
-0.240594
-0.226343
-0.210638
-0.19344
-0.174126
-0.152583
-0.128579
-0.101416
-0.0745429
-0.0503799
-0.0320057
-0.0191609
-0.0111455
-0.00624931
-0.00367318
-0.00192798
-0.00112919
-0.00037012
-0.000182427
0.00031483
-0.303131
-0.302198
-0.302871
-0.3002
-0.296817
-0.290942
-0.284108
-0.275369
-0.265337
-0.25367
-0.240651
-0.226232
-0.21039
-0.193063
-0.173579
-0.151856
-0.127561
-0.100016
-0.0728851
-0.04864
-0.0304227
-0.0178418
-0.0101216
-0.00549016
-0.00313639
-0.00154777
-0.000875459
-0.000200411
-8.81995e-05
0.000365543
-0.306986
-0.305398
-0.305657
-0.302167
-0.298306
-0.291917
-0.284882
-0.275878
-0.265649
-0.253775
-0.240599
-0.226039
-0.210081
-0.192638
-0.172993
-0.151101
-0.126518
-0.0985995
-0.0712216
-0.0469051
-0.0288539
-0.0165425
-0.0091181
-0.00475005
-0.00261491
-0.00117916
-0.000629933
-3.62023e-05
3.15002e-06
0.000415468
-0.31068
-0.307965
-0.307927
-0.303735
-0.29962
-0.292874
-0.285552
-0.276231
-0.265803
-0.253741
-0.240433
-0.225755
-0.209701
-0.192156
-0.172364
-0.150313
-0.125452
-0.0971785
-0.0695711
-0.0451958
-0.0273165
-0.0152744
-0.0081418
-0.00403286
-0.00211086
-0.000823601
-0.000393552
0.00012186
9.12604e-05
0.000464287
-0.314083
-0.309937
-0.309664
-0.304824
-0.300426
-0.293369
-0.285881
-0.276342
-0.265779
-0.253567
-0.240158
-0.225384
-0.209249
-0.191613
-0.171684
-0.149486
-0.124357
-0.0957537
-0.0679404
-0.0435232
-0.0258225
-0.0140483
-0.00720103
-0.00334448
-0.00162793
-0.000483579
-0.000167797
0.000272839
0.000175667
0.000511619
-0.317268
-0.311245
-0.310939
-0.305522
-0.301011
-0.293678
-0.28603
-0.276285
-0.26561
-0.253272
-0.239785
-0.224932
-0.20873
-0.19101
-0.170953
-0.148617
-0.123234
-0.0943296
-0.0663385
-0.0418998
-0.0243838
-0.0128743
-0.00630339
-0.00269037
-0.00116969
-0.000161578
4.58209e-05
0.000415773
0.000255894
0.000557048
-0.320014
-0.311947
-0.31181
-0.305902
-0.301302
-0.29371
-0.285966
-0.276065
-0.265311
-0.252874
-0.239329
-0.224411
-0.208152
-0.190352
-0.170174
-0.147706
-0.122083
-0.0929125
-0.0647762
-0.040339
-0.0230134
-0.0117626
-0.00545658
-0.00207586
-0.000739492
0.000140062
0.000245904
0.000549758
0.000331491
0.000600153
-0.321915
-0.312242
-0.312376
-0.305983
-0.301382
-0.293575
-0.285762
-0.275725
-0.264916
-0.252395
-0.23881
-0.223837
-0.207526
-0.189647
-0.169354
-0.146758
-0.12091
-0.0915105
-0.0632648
-0.0388546
-0.0217236
-0.0107234
-0.00466803
-0.00150598
-0.000340499
0.000419186
0.000431193
0.000673976
0.00040204
0.000640523
-0.322948
-0.31228
-0.312671
-0.305857
-0.301294
-0.293283
-0.285443
-0.275291
-0.26445
-0.251861
-0.238248
-0.223228
-0.206867
-0.18891
-0.168504
-0.14578
-0.119722
-0.090134
-0.0618167
-0.0374597
-0.0205264
-0.00976588
-0.00394444
-0.000985188
2.4532e-05
0.000673927
0.000600607
0.000787713
0.000467163
0.000677776
-0.323297
-0.312169
-0.312739
-0.305584
-0.301081
-0.292895
-0.28505
-0.274797
-0.263942
-0.251297
-0.237664
-0.222603
-0.206193
-0.188155
-0.167638
-0.144786
-0.118534
-0.0887958
-0.0604448
-0.0361671
-0.0194321
-0.00889788
-0.00329138
-0.000517053
0.000353386
0.00090282
0.000753281
0.000890389
0.000526533
0.000711582
-0.323252
-0.311911
-0.312662
-0.305198
-0.30078
-0.292444
-0.284605
-0.274279
-0.263414
-0.250728
-0.237081
-0.22198
-0.205521
-0.1874
-0.166774
-0.14379
-0.11736
-0.0875113
-0.0591626
-0.034988
-0.0184492
-0.00812543
-0.00271293
-0.000104036
0.000644514
0.00110489
0.000888625
0.000981584
0.000579872
0.000741681
-0.322841
-0.311599
-0.312431
-0.304767
-0.30044
-0.291958
-0.284164
-0.273748
-0.262898
-0.25017
-0.236515
-0.221379
-0.20487
-0.186665
-0.16593
-0.142813
-0.116223
-0.0862991
-0.0579846
-0.0339326
-0.0175841
-0.00745244
-0.00221148
0.000252653
0.000897084
0.00127969
0.00100633
0.00106105
0.000626951
0.000767898
-0.32214
-0.311335
-0.31207
-0.304369
-0.300014
-0.291516
-0.283689
-0.273267
-0.262399
-0.249658
-0.235992
-0.220817
-0.204256
-0.185969
-0.165131
-0.141882
-0.115149
-0.085181
-0.0569262
-0.0330097
-0.0168409
-0.00688052
-0.0017877
0.000553046
0.00111098
0.00142726
0.00110635
0.00112869
0.000667587
0.000790153
-0.321421
-0.310948
-0.311729
-0.303941
-0.29964
-0.291077
-0.283275
-0.272815
-0.261953
-0.249195
-0.235516
-0.220316
-0.203706
-0.185338
-0.164398
-0.141026
-0.11417
-0.0841826
-0.0560039
-0.0322267
-0.0162219
-0.0064095
-0.00144063
0.000798243
0.00128671
0.00154811
0.00118886
0.00118458
0.000701639
0.000808449
-0.320713
-0.310574
-0.311403
-0.303563
-0.299302
-0.290703
-0.282907
-0.272432
-0.261572
-0.248803
-0.235116
-0.219886
-0.203231
-0.184791
-0.16377
-0.140277
-0.113322
-0.0833325
-0.0552354
-0.0315902
-0.0157278
-0.00603768
-0.00116806
0.000990183
0.00142522
0.00164304
0.00125416
0.00122887
0.000728997
0.00082286
-0.320096
-0.310231
-0.311134
-0.303243
-0.299028
-0.290396
-0.282617
-0.272126
-0.261272
-0.248494
-0.2348
-0.219549
-0.202856
-0.184355
-0.163261
-0.13968
-0.11264
-0.08266
-0.0546384
-0.0311064
-0.0153583
-0.00576238
-0.000967186
0.00113123
0.00152768
0.00171305
0.00130266
0.0012618
0.000749582
0.000833503
-0.319644
-0.309977
-0.310942
-0.303016
-0.298835
-0.290184
-0.282413
-0.271916
-0.261065
-0.248282
-0.234583
-0.219315
-0.202595
-0.184051
-0.162907
-0.139252
-0.112166
-0.0821929
-0.0542295
-0.0307804
-0.0151125
-0.0055808
-0.000835189
0.0012237
0.00159522
0.00175909
0.00133473
0.00128359
0.000763336
0.000840506
-0.319403
-0.30984
-0.310843
-0.302897
-0.298736
-0.290074
-0.28231
-0.271808
-0.26096
-0.248173
-0.234471
-0.219195
-0.202461
-0.183894
-0.162724
-0.139034
-0.11192
-0.0819529
-0.0540214
-0.0306164
-0.0149899
-0.00549064
-0.000769815
0.00126943
0.00162875
0.0017819
0.00135069
0.00129443
0.000770222
0.000843977
)
;

boundaryField
{
    inlet
    {
        type            zeroGradient;
    }
    outlet
    {
        type            fixedValue;
        value           uniform 0;
    }
    cylinder
    {
        type            zeroGradient;
    }
    top
    {
        type            symmetryPlane;
    }
    bottom
    {
        type            symmetryPlane;
    }
    defaultFaces
    {
        type            empty;
    }
}


// ************************************************************************* //
