/*--------------------------------*- C++ -*----------------------------------*\
  =========                 |
  \\      /  F ield         | OpenFOAM: The Open Source CFD Toolbox
   \\    /   O peration     | Website:  https://openfoam.org
    \\  /    A nd           | Version:  7
     \\/     M anipulation  |
\*---------------------------------------------------------------------------*/
FoamFile
{
    version     2.0;
    format      ascii;
    class       volScalarField;
    location    "1.7";
    object      T;
}
// * * * * * * * * * * * * * * * * * * * * * * * * * * * * * * * * * * * * * //

dimensions      [0 0 0 1 0 0 0];

internalField   nonuniform List<scalar> 
6300
(
1
1
1
1
1
1
1
1
1
1
1
1
1
1
1
1.69505
2.63681
2.741
2.75687
2.77082
2.77881
2.78324
2.78512
2.7867
2.7913
2.80454
2.82715
2.85259
2.87419
2.88416
1
1
1
1
1
1
1
1
1
1
1
1
1
1
1
1.67506
2.62798
2.73944
2.75564
2.76958
2.77747
2.78181
2.78352
2.78495
2.78942
2.80258
2.8251
2.85041
2.87159
2.88127
1
1
1
1
1
1
1
1
1
1
1
1
1
1
1
1.61363
2.60501
2.7332
2.75107
2.76618
2.77467
2.77924
2.78087
2.7822
2.78662
2.79978
2.8223
2.8476
2.86819
2.87742
1
1
1
1
1
1
1
1
1
1
1
1
1
1
1
1.52723
2.57047
2.72247
2.74294
2.76037
2.77014
2.77532
2.77708
2.77835
2.78256
2.79542
2.81771
2.84295
2.86298
2.87176
1
1
1
1
1
1
1
1
1
1
1
1
1
1
1
1.41353
2.52129
2.70958
2.7319
2.75199
2.76384
2.7703
2.77237
2.77336
2.777
2.78916
2.811
2.83614
2.85561
2.86395
1
1
1
1
1
1
1
1
1
1
1
1
1
1
1
1.26254
2.44736
2.69722
2.7174
2.7396
2.75458
2.76348
2.76653
2.76745
2.77065
2.78186
2.8024
2.82639
2.84466
2.85141
1
1
1
1
1
1
1
1
1
1
1
1
1
1
1
1.08934
2.35749
2.68794
2.70564
2.72818
2.74545
2.75617
2.75952
2.75961
2.7616
2.77048
2.78774
2.81061
2.82818
2.83616
1
1
1
1
1
1
1
1
1
1
1
1
1
1
1
1.00306
2.25226
2.66813
2.69251
2.71479
2.73264
2.74386
2.74729
2.74684
2.74809
2.75543
2.77095
2.79279
2.80676
2.80682
1
1
1
1
1
1
1
1
1
1
1
1
1
1
1
1.00001
2.10008
2.65081
2.68833
2.7076
2.72391
2.73291
2.73468
2.7331
2.73307
2.73714
2.74582
2.75965
2.76871
2.76816
1
1
1
1
1
1
1
1
1
1
1
1
1
1
1
1
1.89389
2.60766
2.67643
2.69849
2.71412
2.72107
2.72102
2.71843
2.71594
2.71423
2.71661
2.72509
2.73747
2.75476
1
1
1
1
1
1
1
1
1
1
1
1
1
1
1
1
1.59352
2.50621
2.65189
2.68006
2.69837
2.70574
2.70541
2.70223
2.69577
2.68922
2.6825
2.67314
2.6356
2.54153
1
1
1
1
1
1
1
1
1
1
1
1
1
1
1
1
1.19479
2.36786
2.63573
2.65398
2.67171
2.68189
2.68381
2.6805
2.67208
2.66062
2.64423
2.61429
2.56566
2.40583
1
1
1
1
1
1
1
1
1
1
1
1
1
1
1
1
1.0096
2.23013
2.59654
2.62018
2.63832
2.6514
2.65634
2.65381
2.64511
2.62977
2.60662
2.56542
2.50283
2.32088
1
1
1
1
1
1
1
1
1
1
1
1
1
1
1
1
1.00001
1.9699
2.55914
2.60221
2.61792
2.62797
2.63095
2.62744
2.61771
2.59944
2.5707
2.52583
2.44835
2.28825
1
1
1
1
1
1
1
1
1
1
1
1
1
1
1
1
0.999999
1.53582
2.44464
2.57853
2.59739
2.60744
2.60694
2.60142
2.58955
2.56887
2.53671
2.48996
2.40791
2.2856
1
1
1
1
1
1
1
1
1
1
1
1
1
1
1
1
1
1.07632
2.27605
2.56469
2.5761
2.58346
2.58147
2.57474
2.5621
2.54051
2.50775
2.45793
2.38094
2.28497
1
1
1
1
1
1
1
1
1
1
1
1
1
1
1
1
1
1.00124
2.03195
2.50831
2.55059
2.55198
2.55165
2.5469
2.53549
2.51442
2.48227
2.43134
2.36327
2.2837
1
1
1
1
1
1
1
1
1
1
1
1
1
1
1
1
1
0.999994
1.53919
2.39296
2.5254
2.5207
2.5222
2.51939
2.50982
2.49178
2.45929
2.41187
2.35269
2.28489
1
1
1
1
1
1
1
1
1
1
1
1
1
1
1
1
1
0.999999
1.07131
2.2092
2.49096
2.48691
2.49072
2.48928
2.48213
2.46741
2.43824
2.39677
2.34526
2.28505
1
1
1
1
1
1
1
1
1
1
1
1
1
1
1
1
1
1
1.00096
1.83888
2.40779
2.46592
2.46599
2.464
2.45608
2.44115
2.41685
2.38193
2.33786
2.28501
1
1
1
1
1
1
1
1
1
1
1
1
1
1
1
1
1
1
0.999998
1.20635
2.2438
2.45308
2.44531
2.44044
2.42939
2.41387
2.39274
2.36369
2.32628
2.28154
1
1
1
1
1
1
1
1
1
1
1
1
1
1
1
1
1
1
1
1.0093
1.98326
2.38809
2.42034
2.4143
2.40387
2.3892
2.36919
2.34338
2.31153
2.27425
1
1
1
1
1
1
1
1
1
1
1
1
1
1
1
1
1
1
1
1.00001
1.34567
2.23242
2.40413
2.39015
2.37989
2.36578
2.34669
2.323
2.29545
2.26375
1
1
1
1
1
1
1
1
1
1
1
1
1
1
1
1
1
1
1
0.999999
1.02706
2.0065
2.36002
2.35749
2.35069
2.33949
2.32276
2.30188
2.27791
2.25006
1
1
1
1
1
1
1
1
1
1
1
1
1
1
1
1
1
1
1
1
1.00013
1.3874
2.19842
2.34233
2.32784
2.31591
2.30098
2.28325
2.2624
2.23758
1
1
1
1
1
1
1
1
1
1
1
1
1
1
1
1
1
1
1
1
1
1.03515
1.95046
2.30574
2.30253
2.29007
2.27724
2.2625
2.24476
2.22315
1
1
1
1
1
1
1
1
1
1
1
1
1
1
1
1
1
1
1
1
1
1.00027
1.34622
2.13222
2.28558
2.26866
2.25822
2.24511
2.22904
2.20931
1
1
1
1
1
1
1
1
1
1
1
1
1
1
1
1
1
1
1
1
1
1
1.02675
1.79204
2.22258
2.24989
2.2378
2.2251
2.21057
2.19319
1
1
1
1
1
1
1
1
1
1
1
1
1
1
1
1
1
1
1
1
1
1
1.00022
1.22008
2.01927
2.23413
2.21612
2.20538
2.192
2.17681
1
1
1
1
1
1
1
1
1
1
1
1
1
1
1
1
1
1
1
1
1
1
1
1.01016
1.54628
2.10068
2.19868
2.18245
2.16978
2.15686
1
1
1
1
1
1
1
1
1
1
1
1
1
1
1
1
1
1
1
1
1
1
1
1.00007
1.08694
1.8274
2.16516
2.16376
2.15342
2.14186
1
1
1
1
1
1
1
1
1
1
1
1
1
1
1
1
1
1
1
1
1
1
1
1
1.0018
1.29235
1.97403
2.14559
2.1336
2.12246
1
1
1
1
1
1
1
1
1
1
1
1
1
1
1
1
1
1
1
1
1
1
1
1
1.00001
1.01989
1.53373
2.03079
2.11973
2.1039
1
1
1
1
1
1
1
1
1
1
1
1
1
1
1
1
1
1
1
1
1
1
1
1
1
1.0002
1.08707
1.73764
2.0508
2.09708
1
1
1
1
1
1
1
1
1
1
1
1
1
1
1
1
1
1
1
1
1
1
1
1
1
1
1.00201
1.22615
1.83961
2.06666
1
1
1
1
1
1
1
1
1
1
1
1
1
1
1
1
1
1
1
1
1
1
1
1
1
1
1.00001
1.01197
1.37918
1.90863
1
1
1
1
1
1
1
1
1
1
1
1
1
1
1
1
1
1
1
1
1
1
1
1
1
1
1
1.00011
1.04034
1.52359
1
1
1
1
1
1
1
1
1
1
1
1
1
1
1
1
1
1
1
1
1
1
1
1
1
1
1
1
1.00064
1.09527
1
1
1
1
1
1
1
1
1
1
1
1
1
1
1
1
1
1
1
1
1
1
1
1
1
1
1
1
1
1.00258
1
1
1
1
1
1
1
1
1
1
1
1
1
1
1
1
1
1
1
1
1
1
1
1
1
1
1
1
1
1.00001
1
1
1
1
1
1
1
1
1
1
1
1
1
1
1
1
1
1
1
1
1
1
1
1
1
1
1
1
1
1
1
1
1
1
1
1
1
1
1
1
1
1
1
1
1
1
1
1
1
1
1
1
1
1
1
1
1
1
1
1
1
1
1
1
1
1
1
1
1
1
1
1
1
1
1
1
1
1
1
1
1
1
1
1
1
1
1
1
1
1
1
1
1
1
1
1
1
1
1
1
1
1
1
1
1
1
1
1
1
1
1
1
1
1
1
1
1
1
1
1
1
1
1
1
1
1
1
1
1
1
1
1
1
1
1
1
1
1
1
1
1
1
1
1
1
1
1
1
1
1
1
1
1
1
1
1
1
1
1
1
1
1
1
1
1
1
1
1
1
1
1
1
1
1
1
1
1
1
1
1
1
1
1
1
1
1
1
1
1
1
1
1
1
1
1
1
1
1
1
1
1
1
1
1
1
1
1
1
1
1
1
1
1
1
1
1
1
1
1
1
1
1
1
1
1
1
1
1
1
1
1
1
1
1
1
1
1
1
1
1
1
1
1
1
1
1
1
1
1
1
1
1
1
1
1
1
1
1
1
1
1
1
1
1
1
1
1
1
1
1
1
1
1
1
1
1
1
1
1
1
1
1
1
1
1
1
1
1
1
1
1
1
1
1
1
1
1
1
1
1
1.68822
1.1146
1.02182
1.10097
1.09946
1.14503
1.23937
1.31349
1.40999
1.53873
1.65782
1.70236
1.69813
1.67576
1.66682
1.68547
1.72046
1.75961
1.77171
1.76536
1.73669
1.70438
1.69894
1.70517
1.72608
1.73242
1.72734
1.71138
1.69699
1.69619
1.70406
1.71866
1.72551
1.72369
1.713
1.7017
1.69861
1.70124
1.70879
1.7134
1.71416
1.71257
1.70667
1.70417
1.70466
1.70734
1.71221
1.71544
1.71535
1.71425
1.7129
1.71129
1.70997
1.70911
1.70647
1.70126
1.7026
1.72546
1.83512
2.04068
2.29233
2.48283
2.59571
2.67505
2.66761
2.63249
2.59641
2.55505
2.52792
2.50208
2.47493
2.45415
2.44124
2.43296
2.4267
2.42013
2.41094
2.40183
2.39327
2.38313
2.37287
2.36382
2.35378
2.34161
2.33421
2.32701
2.31892
2.30982
2.29847
2.28669
2.27268
2.25327
2.22989
2.21246
2.20084
2.19019
2.1814
2.17343
2.16526
2.15835
2.14962
2.13305
2.11371
2.10718
2.10587
2.1053
2.10649
2.11026
2.11069
2.11094
2.10842
2.09375
2.06685
2.05307
2.04901
2.04555
2.04175
2.04081
2.04539
2.03563
1.93953
1.58011
1.4681
1.41556
1.32842
1.24159
1.20188
1.20033
1.20995
1.25519
1.31914
1.36921
1.41712
1.46211
1.49456
1.52955
1.57578
1.62102
1.65499
1.66404
1.65895
1.64885
1.64644
1.65095
1.66471
1.67069
1.67076
1.66727
1.66455
1.66497
1.67323
1.6814
1.68328
1.68349
1.68146
1.67791
1.67813
1.6786
1.68244
1.68572
1.68604
1.68604
1.68433
1.68199
1.68273
1.68566
1.68933
1.69287
1.69414
1.6939
1.69321
1.69198
1.6901
1.6884
1.68637
1.69401
1.7374
1.85515
1.99497
2.07333
2.12071
2.21069
2.31276
2.37698
2.4351
2.46816
2.48843
2.4933
2.48318
2.46348
2.44179
2.42405
2.41161
2.40257
2.39564
2.38922
2.38303
2.37651
2.36849
2.35912
2.35013
2.34243
2.33385
2.32151
2.3112
2.30342
2.29559
2.28823
2.27927
2.26922
2.25777
2.24326
2.22397
2.20215
2.18679
2.17601
2.16645
2.15857
2.15175
2.14592
2.13927
2.12913
2.11428
2.1013
2.09678
2.09533
2.09511
2.09523
2.09513
2.09465
2.092
2.08373
2.06896
2.05294
2.04328
2.03905
2.0356
2.03312
2.03382
2.0228
2.04355
1.82267
1.63862
1.53743
1.46883
1.4031
1.33904
1.26799
1.18948
1.1774
1.19573
1.22901
1.2631
1.31158
1.35184
1.37097
1.40161
1.44722
1.48636
1.51961
1.54744
1.56674
1.57756
1.58599
1.58521
1.58436
1.58576
1.58951
1.59698
1.60598
1.61421
1.61511
1.61228
1.60973
1.61022
1.61334
1.61811
1.62253
1.62464
1.62595
1.62659
1.62625
1.62707
1.62769
1.62962
1.63411
1.63749
1.63938
1.64255
1.64491
1.64502
1.64397
1.64017
1.64228
1.65728
1.726
1.87746
1.98257
2.05395
2.04802
2.0175
1.99269
2.00779
2.06461
2.16037
2.25332
2.32787
2.36764
2.39027
2.38791
2.37843
2.36569
2.35168
2.33785
2.32677
2.31878
2.3145
2.31216
2.30921
2.30514
2.3004
2.29517
2.28829
2.27705
2.26128
2.248
2.23841
2.22975
2.22207
2.21466
2.20685
2.19831
2.18756
2.1715
2.15195
2.13905
2.12921
2.1199
2.11183
2.10548
2.10103
2.09733
2.09161
2.08251
2.07213
2.06557
2.06206
2.0594
2.05702
2.05377
2.04876
2.04349
2.03968
2.03488
2.02643
2.01654
2.0112
2.00684
2.00191
1.98964
2.09552
1.94345
1.81016
1.6751
1.56497
1.51325
1.47859
1.43326
1.35276
1.27218
1.25868
1.2598
1.25338
1.25984
1.27133
1.27527
1.28314
1.31329
1.35247
1.3902
1.42778
1.45956
1.47972
1.49286
1.49896
1.50201
1.50961
1.52121
1.53497
1.54876
1.55286
1.5517
1.54607
1.54416
1.54548
1.54918
1.55408
1.55699
1.55711
1.55607
1.55658
1.5579
1.56086
1.56487
1.56786
1.57097
1.57228
1.57337
1.57673
1.58103
1.58354
1.58452
1.592
1.62089
1.71065
1.85595
1.98804
2.0083
1.99515
1.9755
1.95243
1.93916
1.93507
1.92454
1.9425
1.99976
2.09452
2.18192
2.24263
2.27055
2.27963
2.29443
2.29238
2.28464
2.27615
2.26743
2.25781
2.24962
2.24349
2.23845
2.23359
2.22794
2.22112
2.21179
2.19733
2.17949
2.16817
2.16141
2.15553
2.14996
2.14427
2.13888
2.13252
2.12266
2.10597
2.08855
2.07815
2.06966
2.06208
2.05627
2.05242
2.04986
2.04703
2.04193
2.0324
2.02002
2.01165
2.00676
2.00159
1.99526
1.99067
1.98971
1.98951
1.98919
1.987
1.98009
1.96829
1.95869
1.95231
1.93989
2.14303
2.01054
1.8998
1.80271
1.70336
1.59906
1.5504
1.52367
1.48197
1.42256
1.34584
1.30862
1.29549
1.28982
1.29093
1.28746
1.28016
1.27079
1.27379
1.28376
1.31247
1.35885
1.40081
1.42375
1.43918
1.44593
1.45276
1.46405
1.47873
1.49276
1.50356
1.50514
1.50436
1.50591
1.51067
1.51779
1.52096
1.52006
1.51634
1.51238
1.512
1.51277
1.51504
1.51769
1.52051
1.52189
1.52205
1.52419
1.52884
1.53173
1.53531
1.54689
1.59594
1.72078
1.86325
1.95701
1.97149
1.96791
1.95601
1.94791
1.93592
1.9247
1.91287
1.89896
1.88772
1.87938
1.89471
1.94976
2.03261
2.11884
2.17395
2.22038
2.23221
2.23703
2.23451
2.2302
2.22269
2.21233
2.20177
2.19173
2.18368
2.17481
2.16634
2.15804
2.14722
2.12986
2.11172
2.10335
2.09843
2.09444
2.0919
2.0885
2.08383
2.07734
2.06496
2.04404
2.02837
2.02047
2.01418
2.01047
2.009
2.00757
2.00539
2.00152
1.99355
1.9779
1.95922
1.9481
1.94188
1.93842
1.93722
1.93766
1.93897
1.93893
1.93798
1.93421
1.9239
1.90666
1.89397
1.88044
2.17827
2.07218
1.96402
1.87403
1.79986
1.71898
1.63593
1.57912
1.54847
1.51469
1.46981
1.41082
1.36123
1.35093
1.34846
1.33516
1.31283
1.29539
1.2785
1.27315
1.27455
1.28328
1.30456
1.32899
1.35422
1.3817
1.40011
1.41853
1.43571
1.45185
1.468
1.47418
1.47688
1.47909
1.48346
1.49086
1.49736
1.49784
1.49755
1.49644
1.49611
1.49532
1.49435
1.49383
1.49338
1.49328
1.49426
1.4977
1.50328
1.50879
1.52178
1.5905
1.75579
1.8865
1.94065
1.96384
1.96386
1.95764
1.94187
1.92756
1.9177
1.90808
1.89811
1.88738
1.87788
1.86773
1.859
1.8518
1.86364
1.91224
1.99422
2.08825
2.14872
2.19098
2.19833
2.19944
2.19327
2.18309
2.17641
2.16829
2.15901
2.14986
2.13882
2.1273
2.11603
2.10233
2.08367
2.06751
2.06223
2.06049
2.06136
2.05998
2.05486
2.04886
2.03867
2.01983
1.99916
1.98833
1.98311
1.97997
1.97826
1.97664
1.97414
1.97015
1.96309
1.94807
1.92355
1.90536
1.89892
1.89563
1.89335
1.89309
1.89554
1.89567
1.89443
1.8918
1.88512
1.8664
1.84487
1.83039
2.19622
2.10993
2.01971
1.93274
1.86004
1.79499
1.7247
1.65977
1.60087
1.56388
1.53873
1.50298
1.45521
1.40681
1.38531
1.37266
1.3557
1.33935
1.32441
1.30438
1.28128
1.28036
1.28124
1.28591
1.29265
1.30716
1.32852
1.35083
1.37667
1.39743
1.41904
1.43645
1.45212
1.4627
1.4686
1.47442
1.47933
1.48291
1.48593
1.48963
1.49125
1.49083
1.48899
1.48451
1.48224
1.48274
1.48383
1.48636
1.49357
1.51841
1.61138
1.78139
1.90864
1.95304
1.96476
1.96011
1.94872
1.93612
1.92475
1.91508
1.90788
1.9002
1.89284
1.88579
1.876
1.86568
1.85298
1.84211
1.83091
1.82664
1.83944
1.88554
1.96588
2.0546
2.1125
2.15299
2.16213
2.15319
2.14865
2.14109
2.13715
2.1336
2.12447
2.11316
2.1002
2.08686
2.07289
2.05627
2.0441
2.03998
2.03698
2.03447
2.03248
2.02817
2.02128
2.00963
1.99051
1.97312
1.96527
1.96008
1.95538
1.95296
1.95094
1.94625
1.93894
1.92645
1.90689
1.88729
1.87623
1.87048
1.86711
1.86641
1.86841
1.8668
1.86423
1.86091
1.8544
1.83901
1.8188
1.80242
2.21028
2.13591
2.05967
1.98187
1.91206
1.84762
1.78731
1.73336
1.67448
1.61812
1.58301
1.55755
1.52859
1.49359
1.45164
1.4141
1.39913
1.38961
1.37832
1.35851
1.33171
1.31183
1.29927
1.28639
1.28489
1.28893
1.29142
1.29348
1.3009
1.3154
1.33862
1.36894
1.39667
1.42603
1.45302
1.46006
1.46026
1.4638
1.47245
1.48316
1.4881
1.48818
1.4871
1.48287
1.4789
1.47898
1.47978
1.48666
1.53273
1.65412
1.8142
1.92919
1.96641
1.96472
1.95849
1.94344
1.929
1.9204
1.91509
1.91071
1.90676
1.89747
1.88726
1.87673
1.86493
1.85662
1.84766
1.8365
1.82451
1.81534
1.81126
1.80912
1.8181
1.85025
1.91491
1.99136
2.0528
2.08319
2.10836
2.10612
2.10535
2.10531
2.10544
2.09924
2.09026
2.07967
2.06742
2.05373
2.04082
2.02927
2.0215
2.01726
2.01391
2.0106
2.00688
2.00049
1.98788
1.96933
1.95528
1.94772
1.94207
1.93785
1.93329
1.92715
1.91949
1.90947
1.89696
1.88301
1.86839
1.85587
1.84818
1.84311
1.83798
1.83475
1.83255
1.83012
1.82674
1.82011
1.80967
1.79348
2.21988
2.15418
2.08602
2.01872
1.95619
1.89324
1.83355
1.78403
1.73583
1.68741
1.64009
1.5963
1.56833
1.54705
1.52048
1.48991
1.44903
1.42097
1.40876
1.39473
1.3777
1.35964
1.34258
1.32372
1.30279
1.29662
1.29358
1.2899
1.29094
1.29201
1.29393
1.29998
1.31538
1.34418
1.3785
1.4147
1.43493
1.44471
1.45791
1.4692
1.4793
1.48275
1.48349
1.48104
1.47631
1.47705
1.48625
1.55165
1.72152
1.85501
1.9415
1.96743
1.95727
1.95107
1.94234
1.9292
1.92064
1.9172
1.9133
1.90719
1.89876
1.88678
1.87408
1.86272
1.85309
1.84631
1.84096
1.83304
1.822
1.8087
1.79804
1.79281
1.78692
1.78046
1.77861
1.79402
1.84036
1.90131
1.96239
2.00591
2.03618
2.05564
2.06121
2.06919
2.06912
2.06707
2.05996
2.04982
2.03825
2.02569
2.01308
2.00407
1.99858
1.9928
1.98685
1.98238
1.97683
1.96733
1.95335
1.93805
1.92628
1.91796
1.91116
1.90479
1.89785
1.89118
1.88406
1.87565
1.86478
1.85055
1.83602
1.82523
1.81754
1.81134
1.80751
1.80527
1.80334
1.80152
1.79927
1.79101
2.22789
2.16832
2.10629
2.04703
1.98929
1.93167
1.8772
1.82531
1.77538
1.73512
1.69692
1.6553
1.61239
1.57641
1.55573
1.53816
1.51323
1.48376
1.45082
1.42465
1.41341
1.40475
1.39089
1.37242
1.34806
1.33189
1.31939
1.30788
1.29901
1.29775
1.29278
1.28295
1.28174
1.28567
1.29831
1.3217
1.35615
1.39157
1.43051
1.44815
1.45927
1.46478
1.4706
1.46895
1.47045
1.48874
1.57234
1.7628
1.90643
1.94196
1.95739
1.96169
1.95667
1.94281
1.93003
1.92224
1.91581
1.91005
1.90242
1.89298
1.88162
1.86849
1.85626
1.84605
1.84043
1.83704
1.83345
1.82579
1.81333
1.79634
1.78116
1.77317
1.76555
1.757
1.74963
1.7431
1.73494
1.73766
1.75941
1.80897
1.86442
1.92237
1.95996
2.00087
2.02022
2.03203
2.03298
2.03045
2.02515
2.01676
2.00365
1.9905
1.98119
1.97369
1.96632
1.96047
1.95616
1.95128
1.94294
1.92861
1.91036
1.89764
1.8898
1.88366
1.87807
1.87204
1.86616
1.86005
1.85261
1.84195
1.82809
1.81411
1.80245
1.79347
1.78792
1.7863
1.78558
1.78581
1.78686
1.78201
2.2318
2.17762
2.12408
2.07016
2.01383
1.96072
1.91308
1.86478
1.81675
1.77207
1.73309
1.69803
1.66463
1.63256
1.59553
1.55869
1.54328
1.52934
1.50789
1.4781
1.44838
1.43421
1.42104
1.40651
1.38841
1.37158
1.35534
1.34045
1.32546
1.31465
1.30312
1.2908
1.28296
1.28389
1.28521
1.28813
1.29532
1.31272
1.34189
1.37844
1.40991
1.43292
1.4506
1.45232
1.4856
1.62459
1.78794
1.93526
1.94976
1.95311
1.95722
1.95195
1.93842
1.92429
1.91384
1.90797
1.90227
1.89536
1.88598
1.87443
1.86043
1.84617
1.83564
1.82999
1.82621
1.82337
1.82055
1.81323
1.80101
1.78351
1.76313
1.75034
1.74252
1.73406
1.72484
1.71983
1.71078
1.70147
1.69064
1.68
1.6881
1.7207
1.77411
1.83841
1.8942
1.94426
1.98098
1.9877
1.9855
1.98221
1.97531
1.96615
1.96087
1.95446
1.94838
1.94196
1.93392
1.92615
1.91866
1.90895
1.89475
1.87819
1.86768
1.86183
1.8567
1.85158
1.84565
1.83954
1.83277
1.8243
1.81357
1.80223
1.79176
1.78198
1.77398
1.77018
1.76897
1.76851
1.76915
1.76585
2.23078
2.18464
2.13738
2.08711
2.03505
1.98821
1.94069
1.89304
1.84917
1.81042
1.77132
1.72969
1.69625
1.67059
1.64029
1.60814
1.57493
1.55191
1.53773
1.52118
1.49891
1.47545
1.45303
1.4332
1.42022
1.40793
1.39332
1.37787
1.36183
1.34784
1.33348
1.31894
1.30269
1.2973
1.29407
1.28888
1.28627
1.28763
1.29083
1.30081
1.3192
1.35069
1.39481
1.44525
1.63542
1.81517
1.91578
1.97037
1.96773
1.95967
1.95101
1.93564
1.9182
1.90592
1.89741
1.8921
1.88816
1.87876
1.86699
1.85327
1.83748
1.8212
1.8119
1.80792
1.80566
1.8039
1.80206
1.79646
1.78603
1.77112
1.74967
1.72884
1.71848
1.71029
1.70113
1.69613
1.69195
1.68046
1.66882
1.6602
1.64459
1.62854
1.63241
1.65411
1.69992
1.76028
1.82866
1.87973
1.91844
1.92762
1.92134
1.91741
1.91592
1.91716
1.92216
1.91923
1.91279
1.90372
1.89312
1.8819
1.87039
1.85778
1.84464
1.83585
1.83048
1.8263
1.82125
1.81545
1.80905
1.80104
1.79164
1.78323
1.77645
1.77086
1.76557
1.75914
1.75171
1.74676
1.74518
1.74186
2.22616
2.18653
2.1446
2.09773
2.05249
2.00899
1.96364
1.91747
1.87779
1.83796
1.80033
1.76363
1.73276
1.69896
1.66726
1.64292
1.61836
1.59234
1.56472
1.54343
1.52935
1.5116
1.49114
1.4671
1.4507
1.43675
1.42156
1.40567
1.39046
1.37694
1.36198
1.34784
1.33195
1.32171
1.31243
1.30223
1.29275
1.289
1.28706
1.28702
1.28831
1.29796
1.34438
1.53212
1.78644
1.85533
1.90527
1.92865
1.93041
1.92725
1.91624
1.90462
1.89544
1.88965
1.88268
1.87631
1.87109
1.8598
1.84605
1.83067
1.81406
1.79822
1.78891
1.78379
1.78104
1.78074
1.7803
1.77583
1.76706
1.75433
1.73599
1.71221
1.69684
1.68858
1.6806
1.67503
1.67199
1.66179
1.65075
1.6417
1.6303
1.61296
1.59875
1.59351
1.59433
1.60428
1.63397
1.68093
1.74086
1.79246
1.83605
1.85177
1.84951
1.85537
1.86406
1.87334
1.87604
1.87277
1.86699
1.85816
1.84721
1.83702
1.82619
1.81376
1.80348
1.79785
1.7933
1.78853
1.78377
1.7772
1.76711
1.75887
1.75503
1.75229
1.74923
1.74513
1.73918
1.73043
1.72069
1.71201
2.21781
2.18413
2.14664
2.10577
2.06657
2.02514
1.98028
1.93992
1.90292
1.86451
1.82504
1.79155
1.76217
1.73015
1.69984
1.66998
1.64756
1.62348
1.60013
1.57638
1.55567
1.53503
1.51707
1.49956
1.48404
1.46692
1.44948
1.43163
1.41766
1.40533
1.39099
1.37753
1.36345
1.35329
1.34211
1.33027
1.31786
1.3076
1.29673
1.2914
1.29585
1.35078
1.51441
1.7205
1.80161
1.80139
1.81284
1.82443
1.83767
1.8472
1.85099
1.85695
1.86223
1.8582
1.8498
1.84267
1.83963
1.83328
1.82097
1.8077
1.79394
1.78089
1.77089
1.76034
1.75398
1.75141
1.75158
1.75057
1.74393
1.73348
1.7188
1.69987
1.6816
1.67033
1.66237
1.65622
1.65051
1.64026
1.63081
1.62234
1.61314
1.60037
1.58311
1.57149
1.56719
1.56436
1.56243
1.56536
1.57707
1.60365
1.64856
1.69492
1.7392
1.77069
1.78333
1.79806
1.8148
1.82469
1.82461
1.82115
1.81641
1.81306
1.80787
1.79811
1.78558
1.77484
1.76771
1.76283
1.75781
1.75272
1.74562
1.73433
1.7269
1.72481
1.72329
1.72144
1.7189
1.71407
1.70362
1.68625
2.20915
2.17923
2.14489
2.10932
2.07438
2.03473
1.99191
1.9574
1.92212
1.88467
1.84592
1.81682
1.7849
1.75431
1.7234
1.70019
1.6758
1.6498
1.62306
1.60389
1.58552
1.56499
1.54382
1.52536
1.51095
1.49274
1.47504
1.45672
1.44438
1.4315
1.41732
1.40234
1.38763
1.37701
1.36519
1.35359
1.34262
1.32988
1.31591
1.3162
1.36692
1.56695
1.72652
1.80079
1.79548
1.77843
1.76304
1.7558
1.75231
1.75449
1.76394
1.77299
1.7797
1.78317
1.78708
1.79022
1.79349
1.79165
1.78984
1.78482
1.77864
1.7688
1.75334
1.73916
1.73026
1.72342
1.71899
1.71808
1.71387
1.7066
1.69773
1.68529
1.67009
1.65518
1.6435
1.6353
1.62785
1.62119
1.61285
1.60402
1.5948
1.58498
1.57196
1.55627
1.5462
1.54071
1.53727
1.53464
1.53309
1.53227
1.53002
1.53832
1.56004
1.59398
1.63835
1.67776
1.70908
1.73691
1.76431
1.7698
1.77109
1.77154
1.77057
1.76918
1.76451
1.757
1.74957
1.74333
1.73669
1.73022
1.72318
1.7135
1.70258
1.69528
1.69227
1.69144
1.69088
1.68923
1.68522
1.66861
2.1983
2.17112
2.13996
2.1081
2.07627
2.03971
2.00195
1.96913
1.93591
1.89871
1.86603
1.83685
1.80609
1.77488
1.74634
1.72459
1.69928
1.67517
1.64851
1.62931
1.60912
1.58905
1.56877
1.5517
1.53518
1.51602
1.49656
1.47776
1.46638
1.45378
1.44096
1.427
1.41331
1.40163
1.38818
1.37634
1.36481
1.35131
1.35931
1.42356
1.60063
1.79487
1.83058
1.81839
1.79001
1.7663
1.74839
1.74112
1.73697
1.7287
1.71671
1.7079
1.69889
1.68903
1.68991
1.69349
1.6992
1.70995
1.72305
1.73838
1.74272
1.73928
1.72948
1.72001
1.71224
1.70251
1.6936
1.68811
1.68502
1.68072
1.67508
1.66748
1.65605
1.6403
1.62318
1.61214
1.60524
1.59929
1.59371
1.58536
1.57637
1.5678
1.55817
1.54505
1.53064
1.52078
1.5153
1.51178
1.5084
1.50532
1.50203
1.49737
1.49017
1.47991
1.48405
1.50151
1.53957
1.5823
1.62923
1.66577
1.70053
1.71255
1.7143
1.72192
1.72332
1.72317
1.72386
1.72251
1.71724
1.70991
1.70279
1.69497
1.68375
1.67238
1.66491
1.6609
1.65977
1.65934
1.65747
1.64797
2.18695
2.16225
2.1338
2.10456
2.07493
2.04174
2.00837
1.97675
1.94429
1.90905
1.88122
1.85301
1.82408
1.79103
1.76726
1.74508
1.72097
1.69531
1.6713
1.65376
1.63248
1.61174
1.58884
1.57357
1.55606
1.5374
1.51903
1.5017
1.48896
1.47386
1.45964
1.44613
1.43556
1.4232
1.41008
1.39786
1.38254
1.39014
1.48218
1.65688
1.8236
1.87177
1.85711
1.82722
1.79596
1.77826
1.76251
1.74597
1.73266
1.71903
1.70366
1.68983
1.679
1.66977
1.65646
1.64127
1.62797
1.62496
1.6277
1.63638
1.65353
1.67165
1.67878
1.68054
1.68008
1.67412
1.66216
1.65573
1.65473
1.65566
1.65215
1.64421
1.63334
1.61907
1.6038
1.59012
1.58132
1.57522
1.57026
1.56484
1.5578
1.55055
1.54242
1.5317
1.51811
1.50488
1.49613
1.49147
1.48797
1.48408
1.47991
1.47431
1.46717
1.4605
1.44932
1.43664
1.43252
1.44001
1.4628
1.49871
1.54161
1.58396
1.61458
1.64298
1.65576
1.66632
1.6788
1.68387
1.68411
1.68102
1.67671
1.67306
1.6675
1.65831
1.6455
1.63627
1.63257
1.62865
1.62653
1.62107
2.17278
2.15066
2.12626
2.09897
2.06995
2.04018
2.01127
1.98143
1.94912
1.91754
1.89205
1.86576
1.83761
1.80716
1.78595
1.76249
1.73916
1.71179
1.69263
1.67385
1.65259
1.62973
1.60863
1.59358
1.57454
1.55609
1.53607
1.52279
1.50979
1.49474
1.47946
1.4644
1.45314
1.43866
1.42809
1.41726
1.42901
1.54189
1.74572
1.85616
1.89476
1.88345
1.86228
1.83647
1.80811
1.79037
1.77506
1.75869
1.74279
1.72622
1.70677
1.68679
1.67141
1.65764
1.64325
1.62703
1.61226
1.60205
1.59415
1.58944
1.58554
1.58398
1.58902
1.59106
1.59199
1.59792
1.6046
1.61034
1.61641
1.61808
1.61848
1.6138
1.60423
1.5939
1.58432
1.57275
1.55859
1.54953
1.54454
1.54119
1.53947
1.53386
1.526
1.5162
1.5045
1.49165
1.47979
1.47193
1.46759
1.4644
1.46105
1.45496
1.44706
1.43995
1.43341
1.42511
1.41559
1.40668
1.40322
1.40284
1.40933
1.42499
1.44889
1.48222
1.52304
1.55751
1.5846
1.6089
1.63225
1.64192
1.63915
1.63687
1.63556
1.63249
1.62599
1.61729
1.60764
1.60424
1.60226
1.59722
2.15844
2.13836
2.11723
2.09287
2.06498
2.03819
2.01168
1.98484
1.95467
1.92615
1.90023
1.87606
1.84827
1.82289
1.80164
1.77793
1.75346
1.72709
1.71069
1.69047
1.66957
1.64503
1.62628
1.61006
1.59106
1.57335
1.55433
1.54188
1.52716
1.51225
1.49716
1.48394
1.46977
1.45589
1.44584
1.46895
1.58865
1.80846
1.92118
1.92324
1.91122
1.88682
1.86152
1.8395
1.82088
1.80316
1.78289
1.76238
1.7446
1.72855
1.71244
1.69634
1.67992
1.66323
1.64534
1.62434
1.60477
1.59129
1.582
1.57331
1.56434
1.5582
1.55283
1.54257
1.52522
1.51809
1.52042
1.52743
1.53869
1.55217
1.56703
1.57116
1.5657
1.55654
1.55224
1.54478
1.53342
1.52527
1.51981
1.51958
1.51989
1.51484
1.5074
1.49863
1.48857
1.47748
1.46651
1.45574
1.44829
1.44519
1.44251
1.43735
1.43078
1.42403
1.41692
1.41004
1.40225
1.39398
1.3868
1.38179
1.37592
1.36834
1.36008
1.36123
1.37026
1.39097
1.42722
1.46697
1.50735
1.54414
1.56992
1.58474
1.58739
1.59042
1.5911
1.58845
1.58082
1.57696
1.57778
1.57602
2.14204
2.12464
2.10523
2.08382
2.06047
2.03578
2.0098
1.98373
1.95874
1.933
1.90662
1.88227
1.85568
1.83413
1.81262
1.79108
1.76375
1.74178
1.72521
1.70378
1.68233
1.658
1.64298
1.62542
1.60691
1.58706
1.57092
1.55981
1.54421
1.52928
1.51305
1.49695
1.48302
1.47896
1.514
1.66949
1.84842
1.96352
1.95999
1.93389
1.90424
1.88204
1.86269
1.8462
1.83106
1.81288
1.79024
1.76764
1.74828
1.73136
1.71533
1.69954
1.6835
1.66614
1.64719
1.62813
1.61118
1.59632
1.58259
1.56984
1.55763
1.54598
1.53486
1.52471
1.51224
1.49836
1.48765
1.4797
1.47527
1.47829
1.48354
1.49047
1.49511
1.49388
1.48862
1.48904
1.49401
1.4926
1.48761
1.48591
1.48643
1.48801
1.48589
1.48062
1.47156
1.46144
1.45168
1.43928
1.43078
1.42779
1.42509
1.42046
1.41551
1.40983
1.40234
1.39317
1.38458
1.3773
1.37038
1.36347
1.35728
1.35081
1.34317
1.33484
1.32611
1.3186
1.32039
1.32909
1.35136
1.38262
1.42088
1.45701
1.4881
1.5067
1.52489
1.53939
1.54073
1.54179
1.54639
1.54866
2.1286
2.11313
2.09519
2.07567
2.05486
2.03223
2.00782
1.9832
1.95982
1.93583
1.91176
1.88748
1.86383
1.8408
1.82123
1.802
1.77342
1.75399
1.73586
1.71617
1.69228
1.67088
1.65714
1.63864
1.62108
1.60006
1.58722
1.57468
1.55842
1.54367
1.52648
1.50926
1.50721
1.56066
1.75289
1.92938
1.98355
1.97418
1.94931
1.92543
1.90399
1.88812
1.87228
1.85624
1.83881
1.81748
1.79067
1.76539
1.7476
1.73246
1.7176
1.70281
1.68758
1.67017
1.64824
1.62589
1.61016
1.59843
1.58677
1.5743
1.56113
1.54667
1.53112
1.51682
1.50353
1.48757
1.47099
1.46232
1.45738
1.45238
1.44674
1.44146
1.43623
1.42885
1.42069
1.41447
1.41537
1.4229
1.43208
1.43913
1.44665
1.45402
1.45571
1.45356
1.44592
1.43706
1.42734
1.41996
1.4148
1.41144
1.40795
1.40384
1.40084
1.39643
1.38915
1.37996
1.37045
1.36134
1.35272
1.34479
1.33773
1.33249
1.32847
1.32289
1.31495
1.30646
1.29691
1.29019
1.28789
1.28963
1.29598
1.30982
1.33209
1.36015
1.38868
1.42279
1.45579
1.47133
1.48714
1.50718
2.11113
2.0974
2.08146
2.06418
2.04545
2.02491
2.00276
1.98079
1.95812
1.93559
1.91266
1.89113
1.86927
1.84615
1.82675
1.80769
1.78276
1.76213
1.74443
1.72565
1.69934
1.68254
1.66871
1.65156
1.63276
1.61248
1.60217
1.5871
1.5722
1.55544
1.53685
1.54167
1.61816
1.82996
1.99132
2.02793
2.01703
1.98819
1.95468
1.93031
1.91174
1.89339
1.87428
1.85464
1.83498
1.81502
1.79277
1.76889
1.74885
1.73268
1.71826
1.70394
1.68892
1.67285
1.65549
1.63613
1.61618
1.59962
1.58572
1.57218
1.55827
1.54462
1.53114
1.51718
1.50282
1.48671
1.46767
1.4551
1.44705
1.43893
1.43082
1.42422
1.41798
1.41334
1.40564
1.38818
1.36779
1.3599
1.36103
1.36541
1.37216
1.38336
1.39816
1.40952
1.41384
1.41106
1.40175
1.39444
1.38838
1.38335
1.38022
1.38169
1.38449
1.38237
1.37671
1.36829
1.35926
1.34921
1.33909
1.33013
1.32254
1.31589
1.31013
1.30556
1.30157
1.29546
1.28607
1.27559
1.26939
1.2665
1.26408
1.26184
1.26043
1.26086
1.26634
1.27924
1.30343
1.33792
1.36867
1.42161
2.09086
2.0793
2.06634
2.0511
2.0339
2.01594
1.99743
1.97688
1.95552
1.93412
1.91434
1.89344
1.87202
1.84986
1.83178
1.81239
1.78898
1.76791
1.7521
1.73334
1.70793
1.69232
1.67798
1.66206
1.64156
1.6257
1.61371
1.59756
1.5832
1.5653
1.57781
1.68708
1.89093
2.059
2.06193
2.04623
2.0158
1.98279
1.94994
1.92512
1.90808
1.89105
1.87337
1.8553
1.83623
1.81597
1.79425
1.7712
1.74908
1.72941
1.71211
1.69665
1.68187
1.66819
1.65532
1.64077
1.62293
1.60357
1.58817
1.5753
1.56172
1.54652
1.5302
1.51435
1.50068
1.488
1.47209
1.45533
1.44342
1.43377
1.42491
1.4169
1.40945
1.40249
1.3954
1.3852
1.36659
1.34554
1.33373
1.32766
1.32314
1.32328
1.32622
1.33229
1.34262
1.3554
1.3617
1.36049
1.35139
1.34818
1.34807
1.34854
1.35063
1.35286
1.35335
1.3522
1.34746
1.33885
1.32967
1.32123
1.31278
1.3039
1.29533
1.28704
1.28003
1.27501
1.26993
1.2628
1.25482
1.25101
1.24829
1.24519
1.24186
1.23864
1.23393
1.22594
1.22064
1.22416
1.23469
1.27902
2.08067
2.06456
2.05163
2.03807
2.02269
2.00699
1.98983
1.97126
1.95121
1.93245
1.91348
1.89344
1.87301
1.85307
1.8349
1.81502
1.79383
1.77439
1.75849
1.73875
1.71523
1.70054
1.68715
1.67118
1.64967
1.63609
1.62094
1.60767
1.59554
1.61933
1.7693
1.96972
2.08817
2.08462
2.0642
2.03558
2.00626
1.98017
1.95151
1.92601
1.90769
1.88994
1.87289
1.85553
1.83707
1.81688
1.79377
1.76894
1.74631
1.72689
1.70915
1.69252
1.67689
1.66355
1.6523
1.64047
1.62528
1.60554
1.58519
1.56899
1.55716
1.54629
1.53386
1.52048
1.50694
1.4915
1.47205
1.45111
1.43681
1.42757
1.41938
1.41159
1.40441
1.39746
1.39026
1.3812
1.36816
1.34718
1.32807
1.31755
1.30981
1.30257
1.29659
1.29261
1.29226
1.29483
1.29743
1.30045
1.30095
1.2997
1.30265
1.30653
1.3092
1.31181
1.31466
1.31653
1.31577
1.31566
1.315
1.31139
1.306
1.29728
1.28576
1.27469
1.26561
1.25697
1.24995
1.24512
1.2401
1.23589
1.23332
1.23046
1.22714
1.22386
1.21968
1.21251
1.20087
1.19126
1.18843
1.19185
2.067
2.05313
2.03911
2.02531
2.01149
1.99703
1.98092
1.96308
1.94522
1.92846
1.90991
1.89157
1.87151
1.85455
1.83562
1.81673
1.79619
1.77969
1.76306
1.74356
1.72191
1.70695
1.69344
1.67667
1.65795
1.64165
1.6283
1.62291
1.67198
1.85941
2.0461
2.11316
2.10877
2.08723
2.05862
2.03389
2.01072
1.98655
1.95739
1.92599
1.90294
1.88464
1.86712
1.84977
1.83224
1.81326
1.79096
1.76481
1.7389
1.71898
1.70357
1.68972
1.67624
1.66262
1.64892
1.63492
1.62064
1.60454
1.58464
1.56389
1.54828
1.53776
1.52843
1.51946
1.50941
1.49664
1.47973
1.45824
1.43819
1.42528
1.41579
1.40662
1.39758
1.38964
1.38297
1.37646
1.36807
1.35382
1.33391
1.3157
1.30473
1.29702
1.28983
1.28218
1.27381
1.26696
1.26481
1.26509
1.26347
1.25767
1.25133
1.25327
1.25527
1.25741
1.26173
1.26534
1.2689
1.27372
1.27975
1.28481
1.28605
1.28303
1.27519
1.26474
1.25443
1.24468
1.2356
1.22949
1.22514
1.22111
1.21883
1.21724
1.21454
1.2114
1.20779
1.2017
1.19042
1.17763
1.17228
1.16828
2.04566
2.03961
2.02518
2.01164
1.99965
1.98622
1.97099
1.95405
1.93885
1.92205
1.90523
1.88646
1.87005
1.85359
1.83561
1.81705
1.79888
1.78408
1.76623
1.74671
1.72701
1.71376
1.69859
1.68173
1.66252
1.64568
1.6494
1.72499
1.94527
2.12408
2.15566
2.13367
2.1008
2.07605
2.05172
2.02888
2.0069
1.98238
1.95443
1.92488
1.89905
1.87743
1.85884
1.84159
1.82466
1.80725
1.78779
1.76383
1.7359
1.71188
1.69561
1.68308
1.67158
1.6598
1.64673
1.63131
1.6138
1.5968
1.58091
1.56397
1.5481
1.53543
1.52438
1.51353
1.50211
1.48971
1.47516
1.45623
1.43656
1.42364
1.4146
1.40594
1.39639
1.38596
1.37586
1.36622
1.35679
1.34785
1.33539
1.31917
1.30628
1.29667
1.28759
1.278
1.26821
1.25847
1.24959
1.24318
1.23952
1.23877
1.23694
1.22972
1.21723
1.20657
1.20369
1.20584
1.21211
1.21911
1.22802
1.24127
1.25026
1.25048
1.2482
1.24294
1.238
1.23
1.21831
1.20972
1.2056
1.20429
1.2064
1.2074
1.20478
1.20076
1.1962
1.1901
1.18063
1.16774
1.16076
1.15499
1.94021
2.02528
2.01441
1.99855
1.98685
1.97449
1.95954
1.94557
1.931
1.9151
1.89825
1.88116
1.8672
1.85025
1.83448
1.81571
1.80147
1.78537
1.76801
1.74843
1.73247
1.71766
1.70245
1.68491
1.66731
1.67839
1.78912
2.00825
2.17727
2.17612
2.15262
2.11302
2.08047
2.05955
2.04098
2.02014
1.99805
1.97453
1.94899
1.92099
1.89352
1.87095
1.8523
1.83507
1.81789
1.79997
1.78064
1.75874
1.73347
1.70843
1.68934
1.67575
1.66457
1.65396
1.64281
1.62963
1.61254
1.59148
1.57042
1.55332
1.54102
1.53174
1.52274
1.51296
1.50189
1.4892
1.47341
1.45246
1.43047
1.41649
1.40784
1.40023
1.39217
1.38294
1.3727
1.36245
1.35183
1.34057
1.32847
1.31483
1.30305
1.29475
1.28696
1.27789
1.26737
1.25527
1.24323
1.23381
1.22682
1.22185
1.21822
1.21474
1.20855
1.19625
1.17949
1.17065
1.16954
1.17044
1.17471
1.18355
1.19535
1.20391
1.20393
1.19848
1.19518
1.19367
1.19082
1.18816
1.18678
1.18649
1.18842
1.18932
1.18702
1.18278
1.17695
1.17095
1.16448
1.15715
1.15091
1.14379
1.6374
1.94951
2.00519
1.98999
1.97488
1.96146
1.94811
1.93623
1.92242
1.9079
1.89067
1.87737
1.86227
1.84706
1.83072
1.81462
1.8018
1.78509
1.76874
1.74964
1.73648
1.71983
1.70487
1.68931
1.71522
1.87285
2.07415
2.19475
2.20845
2.1881
2.14646
2.10329
2.07061
2.05079
2.03174
2.0107
1.98884
1.9666
1.94384
1.91888
1.89137
1.86599
1.84505
1.82644
1.80833
1.78991
1.77093
1.75111
1.72964
1.70685
1.68598
1.66948
1.65633
1.6448
1.63414
1.62341
1.61027
1.59134
1.56738
1.54628
1.53321
1.52421
1.51645
1.50848
1.49967
1.48907
1.47505
1.45595
1.43285
1.41357
1.40222
1.39368
1.38495
1.37551
1.36705
1.35882
1.34809
1.33637
1.32661
1.31568
1.30152
1.2889
1.27999
1.27264
1.26483
1.2544
1.24207
1.23057
1.2216
1.21448
1.2082
1.20192
1.1957
1.18753
1.17207
1.15845
1.15431
1.15214
1.15143
1.15193
1.15347
1.15577
1.15626
1.15343
1.14366
1.14172
1.1453
1.15073
1.15731
1.16419
1.16954
1.17232
1.17203
1.16958
1.16438
1.15651
1.14757
1.14019
1.137
1.1327
1.17331
1.71616
1.94432
1.9841
1.96968
1.94945
1.93681
1.92559
1.91336
1.89822
1.88418
1.87168
1.85644
1.84266
1.8253
1.81375
1.79968
1.78432
1.76727
1.75213
1.73641
1.72225
1.71305
1.75674
1.96637
2.16214
2.21294
2.20686
2.18754
2.15979
2.12813
2.09704
2.06833
2.04463
2.02292
2.00122
1.97959
1.95833
1.93661
1.91282
1.88603
1.85896
1.8362
1.81715
1.799
1.78053
1.76162
1.74237
1.72253
1.70189
1.68204
1.66523
1.65123
1.63858
1.62638
1.61446
1.60174
1.5853
1.56419
1.54413
1.52844
1.51707
1.50823
1.49979
1.49117
1.48175
1.47014
1.4542
1.433
1.41385
1.40269
1.39439
1.38534
1.37445
1.36286
1.35275
1.34366
1.33499
1.32628
1.31569
1.30343
1.29134
1.27849
1.26662
1.2566
1.24792
1.23869
1.2285
1.22012
1.21299
1.20617
1.19904
1.19058
1.17965
1.16472
1.14989
1.1442
1.14211
1.14104
1.14066
1.14058
1.13957
1.13706
1.13076
1.11583
1.10149
1.10052
1.10386
1.1111
1.12009
1.12929
1.13865
1.14657
1.14954
1.14862
1.14248
1.13349
1.12751
1.12462
1.12116
1.00783
1.25976
1.76001
1.93917
1.96128
1.94443
1.92851
1.91658
1.90405
1.88899
1.87784
1.86433
1.85123
1.83558
1.82197
1.81093
1.79574
1.78215
1.76555
1.7508
1.73527
1.73751
1.81504
2.03927
2.23195
2.25169
2.23167
2.20088
2.16771
2.13974
2.11546
2.08972
2.06248
2.03704
2.01348
1.99053
1.96868
1.94775
1.92704
1.90552
1.88151
1.85429
1.8281
1.80725
1.78931
1.77212
1.75527
1.73809
1.71937
1.69855
1.67743
1.65916
1.64414
1.63066
1.61753
1.6045
1.59146
1.57763
1.56127
1.54342
1.52664
1.51313
1.5024
1.49211
1.48213
1.47267
1.46193
1.44752
1.42776
1.40786
1.39657
1.38952
1.38216
1.37335
1.36281
1.35115
1.33789
1.3225
1.31023
1.30475
1.30028
1.29221
1.28135
1.2696
1.25643
1.24389
1.23425
1.22683
1.21953
1.21272
1.20684
1.20088
1.19313
1.1815
1.16323
1.14592
1.13982
1.13743
1.13564
1.13437
1.13238
1.12936
1.12593
1.12079
1.11021
1.09332
1.08081
1.07845
1.07905
1.08169
1.08614
1.09114
1.09817
1.10749
1.10986
1.10981
1.11038
1.10965
1.10676
1.10476
1.00007
1.01819
1.3382
1.78747
1.92439
1.93704
1.92411
1.90996
1.89451
1.88229
1.8711
1.8579
1.84445
1.82833
1.81842
1.80518
1.79194
1.77737
1.76348
1.74912
1.76209
1.8863
2.12347
2.27127
2.26503
2.23547
2.20516
2.18041
2.15641
2.13346
2.10986
2.08313
2.05361
2.02464
1.99976
1.97761
1.9569
1.93704
1.91734
1.89697
1.87435
1.84842
1.82216
1.79994
1.78115
1.76391
1.74739
1.73081
1.71287
1.69272
1.67198
1.65381
1.63846
1.62435
1.61052
1.59637
1.58134
1.56619
1.55281
1.53921
1.52408
1.50949
1.49714
1.48525
1.47321
1.46246
1.45276
1.44109
1.42449
1.40423
1.38846
1.37918
1.37168
1.36452
1.35692
1.34665
1.33257
1.31699
1.30391
1.29411
1.28673
1.28124
1.2766
1.27033
1.26016
1.24613
1.23076
1.21916
1.21245
1.20736
1.2024
1.19741
1.19199
1.18295
1.16745
1.15097
1.142
1.13802
1.13505
1.13222
1.12915
1.12549
1.1206
1.11455
1.10694
1.0915
1.07542
1.07036
1.06911
1.06732
1.06627
1.06605
1.06663
1.06862
1.07015
1.071
1.07072
1.06963
1.07193
1.07757
1
1.00021
1.03462
1.40283
1.79829
1.90831
1.9178
1.90606
1.88659
1.87508
1.8634
1.85127
1.83547
1.82332
1.81318
1.79933
1.78696
1.77259
1.76226
1.7924
1.97637
2.19761
2.31103
2.3086
2.26968
2.22173
2.18415
2.1635
2.14494
2.12433
2.10092
2.07402
2.04403
2.01342
1.98667
1.9642
1.94433
1.92581
1.90743
1.88806
1.86624
1.8411
1.81536
1.79303
1.774
1.75646
1.7394
1.72242
1.70459
1.68476
1.66446
1.64671
1.6316
1.61769
1.60428
1.5907
1.57547
1.55748
1.54002
1.52772
1.51658
1.50484
1.49329
1.4811
1.46736
1.45307
1.44004
1.4292
1.41847
1.40406
1.38806
1.3749
1.36443
1.35451
1.34518
1.33664
1.32705
1.31496
1.3017
1.28965
1.28111
1.27384
1.2667
1.25997
1.25298
1.2425
1.22734
1.21579
1.21145
1.20739
1.20186
1.19571
1.18942
1.18268
1.17308
1.15686
1.14314
1.13732
1.13368
1.13035
1.12725
1.12391
1.11935
1.11267
1.10158
1.08563
1.07213
1.06762
1.06556
1.06348
1.06153
1.05999
1.05757
1.05436
1.05083
1.04683
1.04108
1.0347
1.03331
1.03744
1
1
1.00057
1.05475
1.45195
1.79546
1.89937
1.89892
1.88169
1.86738
1.85642
1.84418
1.82921
1.81928
1.807
1.79412
1.77956
1.7765
1.8351
2.06186
2.2842
2.32132
2.30044
2.27551
2.2443
2.20932
2.17791
2.1549
2.1325
2.10985
2.086
2.06011
2.03129
2.00104
1.97421
1.95214
1.93284
1.91457
1.89597
1.87587
1.85351
1.82951
1.80608
1.78523
1.7668
1.74939
1.7315
1.71233
1.69254
1.67308
1.65486
1.63845
1.62356
1.60974
1.5967
1.58364
1.56931
1.55191
1.53143
1.51684
1.50728
1.49748
1.48642
1.47442
1.4613
1.44733
1.43396
1.42125
1.40943
1.39827
1.38431
1.3695
1.35878
1.34977
1.34045
1.33122
1.32323
1.31473
1.30249
1.28914
1.27879
1.2709
1.26376
1.25697
1.25076
1.24297
1.22879
1.21373
1.20839
1.20594
1.20362
1.20008
1.19432
1.18551
1.17116
1.15617
1.14837
1.14445
1.14178
1.13927
1.13641
1.13247
1.12618
1.1157
1.1005
1.08546
1.07857
1.07428
1.06993
1.06631
1.06267
1.05822
1.05383
1.0492
1.04444
1.0395
1.0325
1.02148
1.01465
1.01375
1
1
1
1.00114
1.07741
1.47722
1.80597
1.88477
1.87804
1.8614
1.8495
1.83644
1.82476
1.81553
1.80126
1.78634
1.78981
1.89377
2.15041
2.32853
2.36961
2.34524
2.29357
2.25011
2.2198
2.19332
2.16891
2.14409
2.11887
2.09389
2.06963
2.04498
2.01791
1.98904
1.96258
1.94038
1.92069
1.9018
1.88258
1.86209
1.83987
1.817
1.79551
1.77604
1.75798
1.74045
1.7224
1.70291
1.6822
1.66186
1.64394
1.62839
1.61396
1.59999
1.58613
1.57222
1.55893
1.54551
1.52883
1.51063
1.49559
1.48243
1.4706
1.46143
1.45286
1.4427
1.43221
1.42086
1.40569
1.38755
1.37166
1.36119
1.35283
1.34528
1.33856
1.33132
1.3211
1.30675
1.29262
1.2834
1.27683
1.27117
1.2658
1.2598
1.25096
1.23709
1.22046
1.21121
1.20707
1.20354
1.19937
1.19382
1.18723
1.17928
1.16846
1.15505
1.1435
1.13782
1.13483
1.13225
1.12926
1.12533
1.11977
1.1118
1.10146
1.09156
1.08177
1.07257
1.06554
1.0605
1.05736
1.05506
1.0522
1.04755
1.04227
1.03767
1.03161
1.01923
1.00817
1.00342
1
1
1
1.00001
1.00202
1.0964
1.50616
1.80603
1.86037
1.85695
1.84733
1.82958
1.81933
1.8063
1.79578
1.80782
1.96081
2.24627
2.3623
2.35967
2.34342
2.31988
2.2818
2.23998
2.20746
2.18029
2.15591
2.1311
2.10557
2.08
2.05499
2.0299
2.00363
1.97686
1.95197
1.92968
1.90884
1.88843
1.8678
1.84646
1.82479
1.80404
1.78462
1.76608
1.74809
1.7302
1.71169
1.69185
1.67109
1.65136
1.6341
1.61895
1.60498
1.59153
1.57778
1.56313
1.54835
1.53489
1.52178
1.5061
1.48973
1.47538
1.46272
1.45371
1.44742
1.44192
1.43419
1.42143
1.40338
1.38315
1.36615
1.3594
1.3559
1.3506
1.34217
1.33181
1.31876
1.30509
1.29251
1.28204
1.27404
1.26759
1.26176
1.25572
1.24745
1.23424
1.22058
1.21233
1.20732
1.203
1.19811
1.19208
1.18484
1.17628
1.16569
1.15286
1.14176
1.13591
1.1329
1.13033
1.12725
1.12315
1.11763
1.11071
1.10304
1.09466
1.08452
1.07384
1.06544
1.05967
1.05583
1.05329
1.05177
1.05018
1.04712
1.04247
1.03506
1.01977
1.00657
1.00078
1
1
1
1
1.00001
1.00315
1.11324
1.53839
1.77822
1.84322
1.84302
1.82682
1.81081
1.79896
1.82399
2.04943
2.30762
2.41416
2.41123
2.36452
2.32176
2.29584
2.269
2.23558
2.19927
2.16695
2.13988
2.11517
2.09104
2.06657
2.04135
2.01532
1.98909
1.96408
1.94093
1.91893
1.89728
1.87564
1.85399
1.83257
1.81186
1.7923
1.77378
1.75587
1.73838
1.72093
1.70261
1.68254
1.66132
1.64154
1.62481
1.61003
1.59616
1.58286
1.56986
1.55688
1.54356
1.52904
1.51413
1.50184
1.48991
1.47498
1.46323
1.45518
1.44691
1.43746
1.42582
1.41323
1.40212
1.38847
1.37411
1.36295
1.35339
1.34398
1.33489
1.3278
1.32242
1.31369
1.3013
1.28921
1.28005
1.27271
1.26575
1.25749
1.24706
1.23679
1.22834
1.22051
1.21382
1.20858
1.20341
1.19739
1.19025
1.18205
1.17217
1.16046
1.14952
1.14261
1.13896
1.13621
1.1333
1.12966
1.12484
1.11881
1.11189
1.10373
1.09346
1.08153
1.07197
1.06664
1.06336
1.06024
1.05609
1.05079
1.04508
1.03983
1.03357
1.0222
1.00987
1.00256
1
1
1
1
1
1.00002
1.00419
1.13627
1.5302
1.76147
1.83238
1.82696
1.80882
1.83625
2.11323
2.40644
2.41506
2.40478
2.38898
2.35716
2.31387
2.28107
2.25514
2.22631
2.19271
2.15863
2.12828
2.10174
2.07735
2.05339
2.02848
2.00248
1.97672
1.95259
1.92988
1.9078
1.88587
1.86402
1.84258
1.82194
1.80218
1.78303
1.76458
1.7469
1.72966
1.71265
1.69518
1.67591
1.65465
1.63355
1.61633
1.60273
1.59006
1.57738
1.56488
1.55276
1.54069
1.52769
1.51283
1.49666
1.48047
1.46702
1.4586
1.45174
1.44388
1.43437
1.42367
1.41184
1.3971
1.38057
1.36702
1.35689
1.34789
1.34
1.33331
1.32645
1.31768
1.30744
1.29554
1.28339
1.27273
1.26398
1.25655
1.24959
1.24253
1.2353
1.22731
1.21801
1.20913
1.20212
1.1963
1.19016
1.18297
1.17484
1.16587
1.15597
1.1458
1.13747
1.13249
1.12939
1.12657
1.12313
1.11855
1.11275
1.10602
1.09822
1.08817
1.07604
1.06699
1.06242
1.05953
1.05681
1.05359
1.04928
1.04484
1.04062
1.03443
1.0211
1.00654
0.99751
1
1
1
1
1
1
1.00003
1.00572
1.14285
1.50445
1.77014
1.79789
1.84747
2.13994
2.44533
2.50218
2.45793
2.40377
2.37185
2.34511
2.30998
2.27405
2.24316
2.21323
2.18173
2.14977
2.11968
2.09237
2.06709
2.04239
2.01709
1.99119
1.96603
1.94254
1.92032
1.89873
1.87741
1.8562
1.83504
1.81425
1.79436
1.7755
1.75755
1.74059
1.72405
1.70731
1.69039
1.6722
1.65153
1.63089
1.61326
1.59931
1.58684
1.57475
1.56331
1.55215
1.54013
1.526
1.5091
1.49105
1.4755
1.46548
1.45915
1.45262
1.44433
1.43408
1.42223
1.40837
1.39268
1.37841
1.36655
1.35574
1.34627
1.33853
1.33159
1.32403
1.31537
1.30555
1.29445
1.28269
1.27164
1.2623
1.25436
1.24735
1.24121
1.23532
1.22815
1.21893
1.20928
1.2016
1.19548
1.18907
1.18144
1.17286
1.16394
1.1549
1.14548
1.13687
1.13141
1.12815
1.12527
1.12178
1.11713
1.1113
1.10465
1.09704
1.0872
1.07512
1.06627
1.06205
1.05905
1.05619
1.05305
1.04948
1.04596
1.04174
1.03455
1.02092
1.00634
0.996673
1
1
1
1
1
1
1
1.00005
1.006
1.13524
1.53025
1.68237
2.17446
2.4737
2.49976
2.48546
2.46274
2.40592
2.36098
2.33137
2.30153
2.26986
2.23783
2.20559
2.17347
2.14269
2.11425
2.08786
2.06228
2.03647
2.01024
1.9843
1.95962
1.9366
1.91503
1.89443
1.87414
1.85363
1.83287
1.81224
1.79202
1.77265
1.75463
1.73812
1.72269
1.70721
1.69094
1.67471
1.6582
1.63883
1.62115
1.60746
1.59594
1.58503
1.57411
1.5625
1.54934
1.53347
1.51485
1.49704
1.48441
1.47673
1.47075
1.46379
1.4545
1.4428
1.42923
1.41448
1.39977
1.38604
1.37331
1.36189
1.35225
1.34419
1.33708
1.33027
1.3229
1.31415
1.30353
1.29122
1.27907
1.26899
1.26085
1.25417
1.24861
1.24332
1.23683
1.22764
1.21691
1.20834
1.20195
1.1953
1.18745
1.17902
1.17077
1.16248
1.15296
1.14313
1.13672
1.13336
1.13054
1.12704
1.12239
1.11665
1.11015
1.10262
1.09275
1.08062
1.0718
1.06745
1.06431
1.06153
1.05878
1.05595
1.05275
1.04825
1.04069
1.02782
1.0135
1.00239
1
1
1
1
1
1
1
1
1.00004
1.00665
1.14996
1.67424
2.57074
2.71808
2.5871
2.51757
2.47854
2.41451
2.3575
2.32209
2.29465
2.26769
2.23781
2.20526
2.17219
2.14059
2.11214
2.08631
2.06094
2.03471
2.00777
1.98115
1.95589
1.93267
1.91171
1.89254
1.87409
1.85498
1.83387
1.81064
1.78823
1.76942
1.75353
1.73863
1.72344
1.70736
1.69064
1.67292
1.65252
1.63123
1.61212
1.59727
1.58546
1.57486
1.56427
1.55294
1.53998
1.52399
1.50465
1.48599
1.47338
1.46629
1.461
1.45478
1.44608
1.43432
1.41986
1.40422
1.38938
1.37594
1.36352
1.35231
1.34269
1.33453
1.3275
1.32101
1.31396
1.30535
1.29466
1.28212
1.26992
1.26013
1.25219
1.24566
1.24025
1.23487
1.22807
1.21878
1.20816
1.20001
1.19411
1.18772
1.17989
1.17114
1.16251
1.15429
1.14529
1.13582
1.12949
1.12616
1.12326
1.11956
1.11468
1.10886
1.10242
1.09496
1.08533
1.07379
1.06533
1.06108
1.05773
1.05451
1.05163
1.0489
1.04591
1.04193
1.03484
1.02276
1.009
0.996855
)
;

boundaryField
{
    inlet
    {
        type            fixedValue;
        value           uniform 1;
    }
    outlet
    {
        type            inletOutlet;
        inletValue      uniform 1;
        value           nonuniform List<scalar> 
40
(
2.03594
2.02282
1.9896
1.93939
1.87997
1.83057
1.80259
1.79276
1.79084
1.78258
1.76667
1.74265
1.71224
1.68506
1.66613
1.64682
1.62122
1.59793
1.57658
1.54829
1.50667
1.41937
1.27653
1.19162
1.16848
1.15509
1.14383
1.13288
1.12117
1.10451
1.07729
1.03737
1.01392
1.00382
1.0012
1.003
0.997892
0.997024
1.0026
0.99693
)
;
    }
    bottom
    {
        type            symmetryPlane;
    }
    top
    {
        type            symmetryPlane;
    }
    obstacle
    {
        type            zeroGradient;
    }
    defaultFaces
    {
        type            empty;
    }
}


// ************************************************************************* //
