/*--------------------------------*- C++ -*----------------------------------*\
  =========                 |
  \\      /  F ield         | OpenFOAM: The Open Source CFD Toolbox
   \\    /   O peration     | Website:  https://openfoam.org
    \\  /    A nd           | Version:  9
     \\/     M anipulation  |
\*---------------------------------------------------------------------------*/
FoamFile
{
    format      ascii;
    class       volScalarField;
    location    "13.1";
    object      p;
}
// * * * * * * * * * * * * * * * * * * * * * * * * * * * * * * * * * * * * * //

dimensions      [0 2 -2 0 0 0 0];

internalField   nonuniform List<scalar> 
8500
(
-0.314991
-0.319801
-0.321104
-0.323805
-0.327355
-0.329639
-0.336418
-0.336479
-0.348393
-0.347344
-0.315312
-0.320039
-0.321337
-0.323999
-0.327586
-0.32973
-0.336746
-0.336332
-0.348822
-0.347068
-0.315942
-0.320505
-0.321791
-0.324372
-0.32803
-0.329891
-0.33738
-0.336012
-0.34964
-0.34652
-0.31686
-0.321183
-0.322445
-0.324897
-0.328657
-0.330083
-0.338268
-0.335479
-0.350767
-0.345704
-0.318036
-0.322048
-0.323269
-0.325538
-0.329422
-0.330263
-0.339336
-0.334689
-0.352097
-0.34462
-0.319433
-0.323072
-0.324229
-0.326251
-0.330267
-0.330388
-0.340488
-0.333615
-0.353509
-0.343235
-0.321012
-0.324223
-0.325285
-0.326995
-0.331127
-0.330426
-0.341613
-0.332235
-0.354895
-0.341498
-0.322732
-0.325472
-0.326399
-0.327731
-0.331935
-0.33036
-0.342604
-0.330564
-0.356088
-0.3397
-0.324556
-0.326791
-0.327534
-0.32843
-0.332624
-0.330195
-0.343338
-0.328859
-0.35683
-0.337577
-0.326451
-0.328155
-0.328656
-0.32907
-0.333132
-0.329982
-0.343543
-0.327151
-0.357378
-0.335036
-0.328392
-0.329549
-0.329742
-0.329645
-0.333383
-0.329876
-0.343294
-0.325306
-0.357632
-0.332378
-0.330365
-0.330961
-0.330775
-0.330171
-0.33334
-0.329765
-0.342667
-0.323543
-0.35725
-0.330229
-0.332364
-0.33239
-0.331746
-0.330664
-0.333071
-0.329616
-0.341597
-0.322241
-0.355596
-0.329158
-0.334395
-0.33384
-0.332659
-0.3311
-0.332644
-0.32945
-0.340055
-0.321586
-0.352247
-0.329084
-0.336481
-0.335319
-0.333559
-0.331481
-0.332111
-0.32927
-0.338123
-0.321504
-0.34721
-0.328946
-0.338654
-0.336849
-0.334478
-0.331839
-0.331544
-0.328895
-0.335944
-0.321589
-0.341075
-0.327491
-0.340955
-0.338458
-0.335454
-0.332219
-0.331039
-0.328296
-0.333603
-0.321403
-0.334511
-0.324193
-0.343434
-0.340183
-0.336533
-0.332664
-0.330656
-0.327498
-0.331057
-0.320697
-0.327723
-0.319145
-0.34615
-0.342064
-0.337766
-0.333209
-0.330389
-0.3266
-0.328214
-0.31933
-0.320572
-0.312812
-0.349169
-0.344145
-0.339206
-0.333875
-0.330185
-0.325691
-0.325066
-0.317109
-0.313073
-0.30588
-0.352552
-0.346479
-0.340905
-0.334653
-0.330013
-0.324775
-0.321679
-0.313839
-0.30582
-0.298764
-0.356341
-0.349139
-0.342894
-0.335521
-0.329904
-0.323759
-0.318101
-0.309567
-0.299086
-0.290729
-0.360616
-0.352176
-0.345168
-0.336488
-0.329905
-0.322506
-0.314324
-0.30459
-0.292256
-0.282657
-0.36544
-0.355649
-0.347673
-0.337641
-0.329988
-0.320909
-0.310317
-0.29906
-0.285392
-0.274714
-0.370872
-0.359605
-0.350353
-0.339108
-0.330043
-0.318909
-0.306035
-0.29317
-0.278423
-0.266811
-0.376979
-0.364045
-0.35322
-0.340943
-0.329938
-0.316481
-0.301463
-0.287005
-0.271346
-0.258991
-0.383834
-0.368908
-0.356404
-0.34304
-0.329572
-0.313626
-0.29659
-0.280624
-0.264171
-0.251172
-0.391505
-0.374089
-0.360117
-0.345179
-0.328865
-0.31035
-0.291415
-0.274048
-0.256889
-0.243341
-0.400028
-0.379484
-0.36454
-0.347145
-0.327748
-0.30666
-0.285938
-0.267279
-0.249494
-0.235449
-0.409368
-0.385042
-0.369688
-0.348793
-0.326151
-0.302553
-0.28015
-0.260307
-0.241967
-0.227472
-0.419394
-0.390787
-0.375348
-0.350034
-0.324016
-0.29801
-0.27404
-0.253114
-0.234287
-0.219375
-0.429858
-0.396808
-0.381102
-0.350792
-0.321291
-0.293006
-0.267586
-0.24568
-0.226428
-0.211134
-0.440425
-0.403207
-0.386452
-0.350977
-0.317939
-0.287506
-0.260761
-0.23798
-0.218365
-0.202721
-0.450772
-0.41004
-0.390943
-0.350472
-0.313923
-0.281475
-0.253537
-0.229986
-0.210073
-0.194114
-0.460597
-0.41726
-0.394237
-0.349144
-0.309203
-0.274882
-0.245881
-0.221669
-0.201528
-0.185291
-0.46965
-0.424673
-0.396131
-0.346858
-0.303735
-0.267696
-0.237761
-0.213001
-0.192708
-0.176232
-0.477733
-0.431931
-0.396539
-0.343491
-0.297469
-0.259884
-0.229147
-0.203955
-0.18359
-0.16692
-0.484692
-0.438556
-0.395461
-0.338948
-0.290352
-0.251413
-0.220012
-0.194508
-0.174153
-0.157345
-0.490402
-0.444015
-0.392927
-0.333166
-0.282332
-0.242252
-0.210331
-0.184639
-0.164381
-0.147515
-0.494759
-0.447842
-0.388904
-0.326098
-0.273362
-0.232366
-0.200079
-0.174327
-0.154259
-0.137452
-0.497662
-0.449709
-0.383268
-0.317701
-0.2634
-0.221727
-0.189239
-0.163556
-0.143772
-0.127168
-0.499004
-0.449347
-0.375931
-0.307932
-0.252413
-0.210311
-0.177794
-0.15231
-0.132911
-0.11663
-0.498651
-0.446561
-0.366836
-0.296754
-0.240373
-0.198098
-0.165731
-0.140577
-0.121691
-0.105768
-0.496442
-0.441225
-0.355938
-0.284144
-0.227261
-0.185074
-0.153034
-0.128344
-0.110153
-0.0945077
-0.492187
-0.433252
-0.343186
-0.270106
-0.213065
-0.171226
-0.139695
-0.11561
-0.0983383
-0.0828498
-0.485673
-0.422588
-0.328544
-0.254644
-0.19777
-0.15655
-0.125723
-0.102415
-0.0862056
-0.0709457
-0.476683
-0.4092
-0.311994
-0.237755
-0.181365
-0.141074
-0.111156
-0.0888519
-0.0736407
-0.0588477
-0.465004
-0.393073
-0.293526
-0.219438
-0.163867
-0.124858
-0.0960427
-0.074893
-0.0606656
-0.0465556
-0.450442
-0.374208
-0.273133
-0.199712
-0.145375
-0.107942
-0.0803554
-0.0605417
-0.0473284
-0.0340733
-0.432838
-0.352628
-0.250802
-0.178665
-0.126013
-0.0902504
-0.0641328
-0.0458098
-0.0336752
-0.0214156
-0.412078
-0.328396
-0.226542
-0.156465
-0.105708
-0.0718344
-0.0474146
-0.0307213
-0.0197475
-0.0086099
-0.388099
-0.301638
-0.200457
-0.133058
-0.0845218
-0.0527519
-0.0302441
-0.0153087
-0.00558514
0.00430684
-0.360892
-0.272496
-0.172734
-0.108382
-0.0625153
-0.0330684
-0.0126688
0.000388224
0.00877309
0.0172906
-0.33051
-0.240983
-0.143527
-0.0825528
-0.0397565
-0.0128537
0.0052571
0.0163254
0.0232914
0.0302969
-0.297078
-0.206929
-0.113153
-0.0557128
-0.0163203
0.00781694
0.0234733
0.0324576
0.0379391
0.0432823
-0.260764
-0.170622
-0.0815969
-0.0280109
0.00770602
0.0288636
0.0419151
0.0487435
0.0526847
0.0561767
-0.221658
-0.132485
-0.0489196
0.000406962
0.032222
0.050201
0.0605173
0.0651494
0.0674735
0.0688068
-0.179781
-0.0931002
-0.0152557
0.0293982
0.0571163
0.0717392
0.079218
0.0816425
0.0821935
0.0808349
-0.135596
-0.05264
0.0192135
0.0588192
0.0822694
0.093385
0.0979564
0.0981635
0.0966696
0.0919693
-0.0894639
-0.0113021
0.0542827
0.0885202
0.107555
0.115043
0.116665
0.114602
0.110737
0.102527
-0.0417695
0.0306741
0.0897314
0.118344
0.132842
0.136616
0.135258
0.130815
0.124339
0.11383
0.00708245
0.0730235
0.12533
0.148125
0.157998
0.158002
0.153639
0.146693
0.137684
0.125664
0.0566705
0.115463
0.160842
0.177695
0.182885
0.179097
0.171713
0.162203
0.15082
0.137544
0.106562
0.1577
0.196031
0.206877
0.207366
0.199791
0.189385
0.177299
0.163695
0.14929
0.156316
0.199435
0.230658
0.235496
0.231302
0.219975
0.206565
0.191935
0.176233
0.160719
0.205493
0.240365
0.264487
0.263375
0.254556
0.239537
0.223168
0.206053
0.188369
0.171736
0.253654
0.280192
0.297285
0.290338
0.276989
0.258369
0.239111
0.219591
0.200035
0.182259
0.300369
0.318622
0.328825
0.316213
0.298469
0.276365
0.25431
0.232486
0.211167
0.192231
0.345216
0.355375
0.35889
0.340832
0.318865
0.293421
0.268688
0.244675
0.221704
0.201601
0.387786
0.390192
0.387269
0.364033
0.338051
0.309439
0.282167
0.256096
0.231588
0.210326
0.427704
0.422815
0.413766
0.385662
0.355908
0.324324
0.294674
0.26669
0.240766
0.218369
0.464668
0.452958
0.438191
0.405572
0.372323
0.337988
0.306141
0.276402
0.249185
0.225695
0.498383
0.480361
0.460367
0.423627
0.387193
0.350351
0.316505
0.285179
0.256797
0.232274
0.528561
0.504809
0.480136
0.439705
0.400421
0.361338
0.325707
0.292972
0.26356
0.238079
0.554936
0.526115
0.497354
0.453697
0.411924
0.370882
0.333695
0.299739
0.269432
0.243089
0.577278
0.54412
0.511897
0.465505
0.421626
0.378927
0.340424
0.305439
0.274381
0.247287
0.595392
0.558689
0.52366
0.47505
0.429465
0.385422
0.345855
0.31004
0.278375
0.250658
0.609118
0.569711
0.532557
0.482267
0.435389
0.390329
0.349956
0.313515
0.281392
0.253193
0.618336
0.577105
0.538525
0.487105
0.43936
0.393617
0.352703
0.315843
0.283413
0.254886
0.622966
0.580817
0.541519
0.489533
0.441352
0.395266
0.354081
0.31701
0.284427
0.255732
0.622966
0.580817
0.541519
0.489533
0.441352
0.395266
0.354081
0.31701
0.284427
0.255732
0.618336
0.577105
0.538525
0.487105
0.43936
0.393617
0.352703
0.315843
0.283413
0.254886
0.609118
0.569711
0.532557
0.482267
0.435389
0.390329
0.349956
0.313515
0.281392
0.253193
0.595392
0.558689
0.52366
0.47505
0.429465
0.385422
0.345855
0.31004
0.278375
0.250658
0.577278
0.54412
0.511897
0.465505
0.421626
0.378927
0.340424
0.305439
0.274381
0.247287
0.554936
0.526115
0.497354
0.453697
0.411924
0.370882
0.333695
0.299739
0.269432
0.243089
0.528561
0.504809
0.480136
0.439705
0.400421
0.361338
0.325707
0.292972
0.26356
0.238079
0.498383
0.480361
0.460367
0.423627
0.387193
0.350351
0.316505
0.285179
0.256797
0.232274
0.464668
0.452958
0.438191
0.405572
0.372323
0.337988
0.306141
0.276402
0.249185
0.225695
0.427704
0.422815
0.413766
0.385662
0.355908
0.324324
0.294674
0.26669
0.240766
0.218369
0.387786
0.390192
0.387269
0.364033
0.338051
0.309439
0.282166
0.256096
0.231588
0.210326
0.345216
0.355375
0.35889
0.340832
0.318865
0.293421
0.268688
0.244675
0.221704
0.201601
0.300369
0.318622
0.328825
0.316213
0.298469
0.276365
0.25431
0.232486
0.211167
0.192231
0.253654
0.280192
0.297285
0.290338
0.276989
0.258369
0.239111
0.219591
0.200035
0.182259
0.205493
0.240365
0.264487
0.263375
0.254556
0.239537
0.223168
0.206053
0.188369
0.171736
0.156316
0.199435
0.230658
0.235496
0.231302
0.219975
0.206565
0.191935
0.176233
0.160719
0.106562
0.1577
0.196031
0.206877
0.207366
0.199791
0.189385
0.177299
0.163695
0.14929
0.0566705
0.115463
0.160842
0.177695
0.182885
0.179097
0.171713
0.162203
0.15082
0.137544
0.00708244
0.0730235
0.12533
0.148125
0.157998
0.158002
0.153639
0.146693
0.137684
0.125664
-0.0417695
0.0306741
0.0897314
0.118344
0.132842
0.136616
0.135258
0.130815
0.124339
0.11383
-0.0894639
-0.0113021
0.0542827
0.0885202
0.107555
0.115043
0.116665
0.114602
0.110737
0.102527
-0.135596
-0.05264
0.0192135
0.0588192
0.0822694
0.093385
0.0979564
0.0981635
0.0966696
0.0919693
-0.179781
-0.0931002
-0.0152557
0.0293982
0.0571163
0.0717392
0.079218
0.0816425
0.0821935
0.0808349
-0.221658
-0.132485
-0.0489196
0.00040696
0.032222
0.050201
0.0605173
0.0651494
0.0674735
0.0688068
-0.260764
-0.170622
-0.0815969
-0.0280109
0.00770602
0.0288636
0.0419151
0.0487435
0.0526847
0.0561767
-0.297078
-0.206929
-0.113153
-0.0557128
-0.0163203
0.00781694
0.0234733
0.0324576
0.0379391
0.0432823
-0.33051
-0.240983
-0.143527
-0.0825528
-0.0397565
-0.0128537
0.00525709
0.0163254
0.0232914
0.0302969
-0.360892
-0.272496
-0.172734
-0.108382
-0.0625153
-0.0330684
-0.0126688
0.000388224
0.00877309
0.0172906
-0.388099
-0.301638
-0.200457
-0.133058
-0.0845218
-0.0527519
-0.0302441
-0.0153087
-0.00558514
0.00430685
-0.412078
-0.328396
-0.226542
-0.156465
-0.105708
-0.0718344
-0.0474146
-0.0307213
-0.0197475
-0.0086099
-0.432838
-0.352628
-0.250802
-0.178665
-0.126013
-0.0902504
-0.0641328
-0.0458098
-0.0336752
-0.0214156
-0.450442
-0.374208
-0.273133
-0.199712
-0.145375
-0.107942
-0.0803554
-0.0605417
-0.0473284
-0.0340733
-0.465004
-0.393073
-0.293526
-0.219438
-0.163867
-0.124858
-0.0960427
-0.074893
-0.0606656
-0.0465556
-0.476683
-0.4092
-0.311994
-0.237755
-0.181365
-0.141074
-0.111156
-0.0888519
-0.0736407
-0.0588477
-0.485673
-0.422588
-0.328544
-0.254644
-0.19777
-0.15655
-0.125723
-0.102415
-0.0862056
-0.0709457
-0.492187
-0.433252
-0.343186
-0.270106
-0.213065
-0.171226
-0.139695
-0.11561
-0.0983383
-0.0828498
-0.496442
-0.441225
-0.355938
-0.284144
-0.227261
-0.185074
-0.153034
-0.128344
-0.110153
-0.0945077
-0.498651
-0.446561
-0.366836
-0.296754
-0.240373
-0.198098
-0.165731
-0.140577
-0.121691
-0.105768
-0.499004
-0.449347
-0.375931
-0.307932
-0.252413
-0.210311
-0.177794
-0.15231
-0.132911
-0.11663
-0.497662
-0.449709
-0.383268
-0.317701
-0.2634
-0.221727
-0.189239
-0.163556
-0.143772
-0.127168
-0.494759
-0.447842
-0.388904
-0.326098
-0.273362
-0.232366
-0.200079
-0.174327
-0.154259
-0.137452
-0.490402
-0.444015
-0.392927
-0.333166
-0.282332
-0.242252
-0.210331
-0.184639
-0.164381
-0.147515
-0.484692
-0.438556
-0.395461
-0.338948
-0.290352
-0.251413
-0.220012
-0.194508
-0.174153
-0.157345
-0.477733
-0.431931
-0.396539
-0.343491
-0.297469
-0.259884
-0.229147
-0.203955
-0.18359
-0.16692
-0.46965
-0.424673
-0.396131
-0.346858
-0.303735
-0.267696
-0.237761
-0.213001
-0.192708
-0.176232
-0.460597
-0.41726
-0.394237
-0.349144
-0.309203
-0.274882
-0.245881
-0.221669
-0.201528
-0.185291
-0.450772
-0.41004
-0.390943
-0.350472
-0.313923
-0.281475
-0.253537
-0.229986
-0.210073
-0.194114
-0.440425
-0.403207
-0.386452
-0.350977
-0.317939
-0.287506
-0.260761
-0.23798
-0.218365
-0.202721
-0.429858
-0.396808
-0.381102
-0.350792
-0.321291
-0.293006
-0.267586
-0.24568
-0.226428
-0.211134
-0.419394
-0.390787
-0.375348
-0.350034
-0.324016
-0.29801
-0.27404
-0.253114
-0.234287
-0.219375
-0.409368
-0.385042
-0.369688
-0.348793
-0.326151
-0.302553
-0.28015
-0.260307
-0.241967
-0.227472
-0.400028
-0.379484
-0.36454
-0.347145
-0.327748
-0.30666
-0.285938
-0.267279
-0.249494
-0.235449
-0.391505
-0.374089
-0.360117
-0.345179
-0.328865
-0.31035
-0.291415
-0.274048
-0.256889
-0.243341
-0.383834
-0.368908
-0.356404
-0.34304
-0.329572
-0.313626
-0.29659
-0.280624
-0.264171
-0.251172
-0.376979
-0.364045
-0.35322
-0.340943
-0.329938
-0.316481
-0.301463
-0.287005
-0.271346
-0.258991
-0.370872
-0.359605
-0.350353
-0.339108
-0.330043
-0.318909
-0.306035
-0.29317
-0.278423
-0.266811
-0.36544
-0.355649
-0.347673
-0.337641
-0.329988
-0.320909
-0.310317
-0.29906
-0.285392
-0.274714
-0.360616
-0.352176
-0.345168
-0.336488
-0.329905
-0.322506
-0.314324
-0.30459
-0.292256
-0.282657
-0.356341
-0.349139
-0.342895
-0.335521
-0.329904
-0.323759
-0.318101
-0.309567
-0.299086
-0.290729
-0.352552
-0.346479
-0.340905
-0.334653
-0.330013
-0.324775
-0.321679
-0.313839
-0.30582
-0.298764
-0.349169
-0.344145
-0.339206
-0.333875
-0.330185
-0.325691
-0.325066
-0.317109
-0.313073
-0.30588
-0.34615
-0.342064
-0.337766
-0.333209
-0.330389
-0.3266
-0.328214
-0.31933
-0.320572
-0.312812
-0.343434
-0.340183
-0.336533
-0.332664
-0.330656
-0.327498
-0.331057
-0.320697
-0.327723
-0.319145
-0.340955
-0.338458
-0.335454
-0.332219
-0.331039
-0.328296
-0.333603
-0.321403
-0.334511
-0.324193
-0.338654
-0.336849
-0.334478
-0.331839
-0.331544
-0.328895
-0.335944
-0.321589
-0.341075
-0.327491
-0.336481
-0.335319
-0.333559
-0.331481
-0.332111
-0.32927
-0.338123
-0.321504
-0.34721
-0.328946
-0.334395
-0.33384
-0.332659
-0.3311
-0.332644
-0.32945
-0.340055
-0.321586
-0.352247
-0.329084
-0.332364
-0.33239
-0.331746
-0.330664
-0.333071
-0.329616
-0.341597
-0.322241
-0.355596
-0.329158
-0.330365
-0.330961
-0.330775
-0.330171
-0.33334
-0.329765
-0.342667
-0.323543
-0.35725
-0.330229
-0.328392
-0.329549
-0.329742
-0.329645
-0.333383
-0.329876
-0.343294
-0.325306
-0.357632
-0.332378
-0.326451
-0.328155
-0.328656
-0.32907
-0.333132
-0.329982
-0.343543
-0.327151
-0.357378
-0.335036
-0.324556
-0.326791
-0.327534
-0.32843
-0.332624
-0.330195
-0.343338
-0.328859
-0.35683
-0.337577
-0.322732
-0.325472
-0.326399
-0.327731
-0.331935
-0.33036
-0.342604
-0.330564
-0.356088
-0.3397
-0.321012
-0.324223
-0.325285
-0.326995
-0.331127
-0.330426
-0.341613
-0.332235
-0.354895
-0.341498
-0.319433
-0.323072
-0.324229
-0.326251
-0.330267
-0.330388
-0.340488
-0.333615
-0.353509
-0.343235
-0.318036
-0.322048
-0.323269
-0.325538
-0.329422
-0.330263
-0.339336
-0.334689
-0.352097
-0.34462
-0.31686
-0.321183
-0.322445
-0.324897
-0.328657
-0.330083
-0.338268
-0.335479
-0.350767
-0.345704
-0.315942
-0.320505
-0.321791
-0.324372
-0.32803
-0.329891
-0.33738
-0.336012
-0.34964
-0.34652
-0.315312
-0.320039
-0.321337
-0.323999
-0.327586
-0.32973
-0.336746
-0.336332
-0.348822
-0.347068
-0.314991
-0.319801
-0.321104
-0.323805
-0.327355
-0.329639
-0.336418
-0.336479
-0.348393
-0.347344
-0.367624
-0.37427
-0.392052
-0.398131
-0.39632
-0.373562
-0.328619
-0.257016
-0.168609
-0.0818939
-0.0186329
0.0197919
0.0356705
0.039036
0.0354122
0.0292532
0.0228043
0.0171326
0.0125213
0.00887697
0.00605539
0.0039957
0.00265132
0.0018892
0.00145945
0.00114896
0.000833364
0.000553809
0.000287091
0.000125666
-0.367958
-0.374598
-0.392519
-0.398904
-0.397362
-0.374925
-0.330292
-0.258834
-0.170287
-0.0831774
-0.01956
0.0191606
0.0352413
0.0387409
0.0352146
0.0291188
0.0227121
0.0170694
0.0124787
0.00884847
0.00603526
0.00398002
0.00263831
0.00187857
0.0014514
0.00114346
0.000830001
0.000551964
0.000286215
0.000125183
-0.368517
-0.375141
-0.393335
-0.40028
-0.399247
-0.377443
-0.333403
-0.26227
-0.173465
-0.0857054
-0.0213936
0.0178865
0.0343681
0.0381388
0.0348115
0.0288456
0.0225254
0.0169419
0.012393
0.00879118
0.00599504
0.00394897
0.00261273
0.00185772
0.00143557
0.00113261
0.000823337
0.000548302
0.000284471
0.000124221
-0.369105
-0.375706
-0.39429
-0.401996
-0.401689
-0.380763
-0.33758
-0.266938
-0.178007
-0.0892717
-0.0241034
0.01595
0.0330274
0.0372103
0.0341899
0.0284261
0.0222403
0.0167482
0.0122632
0.00870463
0.0059348
0.00390315
0.00257542
0.00182741
0.00141247
0.00111667
0.000813496
0.000542866
0.000281878
0.000122795
-0.369529
-0.37606
-0.395152
-0.403704
-0.404295
-0.384436
-0.342331
-0.272513
-0.183387
-0.0938806
-0.0276363
0.0133382
0.0311956
0.035935
0.0333349
0.0278519
0.0218527
0.0164864
0.0120882
0.00858829
0.00585467
0.00384333
0.00252749
0.00178865
0.00138281
0.00109604
0.000800651
0.000535722
0.000278465
0.000120924
-0.369507
-0.376067
-0.395627
-0.405092
-0.406627
-0.388068
-0.347312
-0.278364
-0.189515
-0.0992578
-0.0319476
0.0100675
0.0288563
0.0343001
0.0322349
0.0271172
0.0213596
0.0161549
0.0118672
0.00844172
0.00575484
0.0037704
0.00247017
0.00174259
0.0013474
0.00107115
0.000785015
0.000526952
0.000274267
0.000118632
-0.36922
-0.375399
-0.395717
-0.405837
-0.408658
-0.391253
-0.351952
-0.284363
-0.196004
-0.105294
-0.0369548
0.0061615
0.0260094
0.0323045
0.0308873
0.0262195
0.0207598
0.0157533
0.0115998
0.00826475
0.0056356
0.00368523
0.00240467
0.00169039
0.00130707
0.00104251
0.000766827
0.000516654
0.000269323
0.00011595
-0.367768
-0.374622
-0.394825
-0.406011
-0.409703
-0.393806
-0.356137
-0.290072
-0.202632
-0.111801
-0.0425673
0.00166112
0.0226861
0.029957
0.0292961
0.0251612
0.020055
0.0152828
0.0112866
0.00805763
0.00549734
0.00358861
0.0023321
0.00163314
0.00126264
0.0010106
0.000746338
0.000504933
0.000263682
0.000112914
-0.366081
-0.373122
-0.393432
-0.405248
-0.409983
-0.395465
-0.359535
-0.295319
-0.209171
-0.118627
-0.0486821
-0.00336429
0.0189244
0.0272789
0.0274741
0.0239496
0.0192498
0.0147461
0.0109292
0.00782111
0.0053406
0.00348125
0.00225335
0.00157174
0.00121485
0.000975904
0.000723803
0.000491903
0.000257391
0.000109561
-0.363696
-0.371247
-0.39124
-0.403688
-0.409294
-0.396158
-0.362003
-0.299891
-0.21545
-0.12562
-0.0551903
-0.00883629
0.014777
0.0243029
0.0254409
0.0225964
0.0183509
0.0141473
0.0105297
0.00755643
0.00516608
0.00336374
0.0021691
0.00150691
0.00116432
0.000938839
0.000699468
0.000477682
0.000250504
0.000105934
-0.36064
-0.368957
-0.388392
-0.401276
-0.407611
-0.39581
-0.363472
-0.303664
-0.221328
-0.132648
-0.0619825
-0.0146685
0.0103042
0.0210689
0.0232207
0.0211156
0.0173671
0.0134916
0.0100914
0.00726527
0.00497463
0.00323659
0.00207982
0.00143917
0.00111153
0.000899787
0.000673567
0.000462387
0.000243072
0.000102078
-0.356705
-0.366254
-0.38489
-0.398037
-0.404939
-0.394408
-0.363887
-0.306519
-0.226695
-0.139596
-0.0689536
-0.0207732
0.0055694
0.0176199
0.0208398
0.0195229
0.0163077
0.0127847
0.00961779
0.00694965
0.00476725
0.00310024
0.00198581
0.00136887
0.00105687
0.000859068
0.000646314
0.000446131
0.000235149
9.80356e-05
-0.352111
-0.362894
-0.380739
-0.393952
-0.401272
-0.391947
-0.363246
-0.30842
-0.231465
-0.146367
-0.0760068
-0.0270658
0.000634755
0.0139985
0.0183247
0.0178339
0.0151823
0.0120327
0.00911257
0.0066118
0.00454505
0.00295511
0.00188725
0.0012962
0.0010006
0.000816946
0.000617902
0.000429026
0.000226783
9.38536e-05
-0.347052
-0.358872
-0.375877
-0.38901
-0.396613
-0.38843
-0.361538
-0.309408
-0.235585
-0.152882
-0.083057
-0.0334691
-0.00444224
0.0102445
0.0157
0.0160635
0.0140002
0.0112413
0.00857946
0.00625401
0.0043092
0.00280163
0.00178424
0.00122126
0.000942901
0.000773635
0.000588502
0.000411175
0.000218025
8.95746e-05
-0.341844
-0.354059
-0.370246
-0.383196
-0.391007
-0.383939
-0.358884
-0.309557
-0.239017
-0.159079
-0.0900329
-0.0399158
-0.00961024
0.00639365
0.0129869
0.0142242
0.0127696
0.0104158
0.008022
0.00587854
0.00406091
0.00264023
0.00167683
0.00114407
0.000883898
0.000729306
0.000558264
0.000392673
0.000208919
8.52222e-05
-0.336496
-0.34844
-0.363869
-0.376572
-0.384458
-0.378475
-0.355303
-0.308894
-0.24184
-0.164907
-0.0968728
-0.0463477
-0.0148268
0.00247499
0.010209
0.0123265
0.0114968
0.00956053
0.00744322
0.00548743
0.00380134
0.00247135
0.00156508
0.00106462
0.000823663
0.000684104
0.00052733
0.000373619
0.000199516
8.08251e-05
-0.330934
-0.342114
-0.35677
-0.369246
-0.377318
-0.372409
-0.351092
-0.307625
-0.244117
-0.170348
-0.103543
-0.0527339
-0.0200653
-0.001486
0.00739143
0.0103867
0.0101898
0.00867942
0.00684565
0.00508242
0.00353153
0.00229544
0.00144909
0.000982913
0.000762242
0.00063814
0.000495821
0.000354102
0.000189863
7.64776e-05
-0.32517
-0.3353
-0.349192
-0.361287
-0.369147
-0.365336
-0.346032
-0.305719
-0.245948
-0.175411
-0.109997
-0.059004
-0.0252574
-0.00544444
0.00453666
0.00840994
0.00886098
0.00778096
0.00623452
0.00466696
0.00325359
0.00211348
0.00132911
0.000898977
0.000699645
0.000591409
0.000463719
0.000334111
0.000179947
7.21313e-05
-0.31937
-0.328182
-0.341306
-0.353394
-0.36175
-0.358789
-0.34116
-0.303644
-0.247225
-0.179933
-0.116066
-0.0650868
-0.0304291
-0.00946631
0.00159467
0.00633124
0.00747666
0.00685543
0.005607
0.00423964
0.00296655
0.00192488
0.00120492
0.000812758
0.000635821
0.000543831
0.000430896
0.000313535
0.000169696
6.78593e-05
-0.313693
-0.320554
-0.332312
-0.343707
-0.351604
-0.350018
-0.334871
-0.301139
-0.249085
-0.185209
-0.123031
-0.0719292
-0.0360712
-0.0137067
-0.00140399
0.00425816
0.00602141
0.00586627
0.00493472
0.00378162
0.00265935
0.00172468
0.00107486
0.000723628
0.000570909
0.000496165
0.000398308
0.000293074
0.000159466
6.37931e-05
-0.307846
-0.315071
-0.326323
-0.337838
-0.346027
-0.344121
-0.32923
-0.296532
-0.246205
-0.184595
-0.124231
-0.0742381
-0.0387156
-0.0161942
-0.00348897
0.00267138
0.00488162
0.00505379
0.00436623
0.00339475
0.00239936
0.00154721
0.000950818
0.000635667
0.000508431
0.000452756
0.000370521
0.000276154
0.000151149
6.04792e-05
-0.301445
-0.308906
-0.319482
-0.330101
-0.336922
-0.334746
-0.319947
-0.288448
-0.240527
-0.182022
-0.124386
-0.0761319
-0.0412815
-0.0187539
-0.00568955
0.000931202
0.0035786
0.00411044
0.00369686
0.00292706
0.00208035
0.00133681
0.000814682
0.000545185
0.000445255
0.000407675
0.000340188
0.000257044
0.000141715
5.6629e-05
-0.294717
-0.302207
-0.312061
-0.321998
-0.328108
-0.325364
-0.31068
-0.280431
-0.234897
-0.17943
-0.124453
-0.0779361
-0.0438088
-0.0213265
-0.00794563
-0.000885137
0.00219805
0.00310071
0.00297402
0.00241788
0.0017307
0.00110527
0.000665187
0.000446739
0.000376896
0.000358686
0.000306862
0.000235897
0.000131209
5.2372e-05
-0.287621
-0.295117
-0.3043
-0.3136
-0.318973
-0.315822
-0.301355
-0.272409
-0.22926
-0.176792
-0.124454
-0.0796823
-0.0463079
-0.0239021
-0.0102292
-0.00273813
0.000781287
0.00205873
0.00222491
0.00188879
0.00136628
0.000862503
0.000507164
0.000342197
0.00030448
0.000307097
0.000271929
0.00021377
0.000120181
4.79449e-05
-0.280088
-0.287713
-0.296277
-0.304924
-0.309593
-0.306126
-0.291951
-0.264343
-0.223575
-0.17407
-0.124357
-0.0813486
-0.0487672
-0.026476
-0.0125374
-0.00462777
-0.000674078
0.000981721
0.001447
0.00133749
0.000985249
0.000607476
0.000340283
0.000231516
0.000228023
0.000252925
0.000235377
0.000190632
0.000108612
4.33345e-05
-0.272193
-0.280053
-0.288046
-0.296046
-0.300093
-0.296371
-0.282547
-0.256297
-0.21788
-0.171281
-0.12416
-0.0829241
-0.0511745
-0.0290386
-0.0148643
-0.00655243
-0.00216922
-0.00013254
0.00063784
0.000761635
0.000585689
0.000338882
0.000163789
0.000114275
0.000147246
0.000195935
0.000197007
0.00016634
9.642e-05
3.85155e-05
-0.264029
-0.27218
-0.279662
-0.287041
-0.290542
-0.286634
-0.273216
-0.248325
-0.212211
-0.16844
-0.123864
-0.0844012
-0.053519
-0.0315791
-0.017202
-0.0085068
-0.00370116
-0.00128265
-0.0002021
0.00016127
0.000167467
5.64871e-05
-2.25995e-05
-9.78317e-06
6.19536e-05
0.000136003
0.000156741
0.000140853
8.35817e-05
3.34884e-05
-0.255657
-0.264133
-0.271171
-0.277963
-0.280992
-0.27697
-0.264008
-0.240468
-0.206592
-0.165558
-0.123471
-0.085773
-0.0557905
-0.0340875
-0.0195419
-0.0104848
-0.00526598
-0.00246637
-0.00107165
-0.00046302
-0.000269163
-0.000239681
-0.000218995
-0.000140812
-2.79726e-05
7.30636e-05
0.000114553
0.000114162
7.00899e-05
2.82599e-05
-0.247134
-0.255946
-0.262609
-0.268857
-0.271486
-0.267421
-0.25496
-0.232752
-0.201042
-0.162645
-0.12298
-0.0870337
-0.0579796
-0.0365537
-0.0218755
-0.0124801
-0.00685959
-0.00368133
-0.00196955
-0.00111061
-0.00072394
-0.000549577
-0.000425473
-0.000278926
-0.000122623
7.0703e-06
7.04231e-05
8.6263e-05
5.59374e-05
2.28361e-05
-0.23852
-0.247655
-0.254013
-0.259764
-0.262061
-0.258018
-0.246097
-0.225199
-0.195575
-0.159709
-0.122394
-0.0881788
-0.0600779
-0.0389681
-0.0241941
-0.0144862
-0.00847754
-0.00492481
-0.00289427
-0.00178071
-0.00119649
-0.000873067
-0.000642038
-0.000424185
-0.000222058
-6.201e-05
2.43363e-05
5.71513e-05
4.11188e-05
1.72232e-05
-0.229873
-0.2393
-0.245418
-0.250723
-0.252747
-0.248787
-0.237441
-0.217826
-0.190204
-0.15676
-0.121715
-0.0892049
-0.0620776
-0.0413213
-0.0264889
-0.0164959
-0.0101149
-0.00619359
-0.00384389
-0.00247223
-0.00168622
-0.00120987
-0.000868595
-0.000576582
-0.000326292
-0.000134183
-2.37062e-05
2.6834e-05
2.56336e-05
1.14294e-05
-0.221249
-0.230921
-0.236858
-0.241772
-0.243576
-0.239752
-0.22901
-0.210647
-0.18494
-0.153805
-0.120946
-0.0901097
-0.0639717
-0.0436045
-0.0287509
-0.0185019
-0.011766
-0.00748398
-0.00481607
-0.00318375
-0.00219233
-0.00155955
-0.00110493
-0.000736026
-0.000435283
-0.00020942
-7.36821e-05
-4.66934e-06
9.48847e-06
5.46446e-06
-0.212703
-0.22256
-0.228371
-0.232947
-0.234577
-0.230934
-0.220819
-0.203674
-0.179792
-0.150852
-0.120093
-0.0908923
-0.0657542
-0.045809
-0.0309711
-0.0204962
-0.013425
-0.0087917
-0.005808
-0.00391351
-0.00271372
-0.00192147
-0.00135068
-0.000902322
-0.000548926
-0.00028765
-0.000125543
-3.73234e-05
-7.30159e-06
-6.5906e-07
-0.204289
-0.214261
-0.21999
-0.224283
-0.225779
-0.222352
-0.212882
-0.196918
-0.174772
-0.147912
-0.11916
-0.0915529
-0.06742
-0.0479268
-0.0331404
-0.0224706
-0.0150852
-0.0101119
-0.00681633
-0.00465931
-0.00324901
-0.00229476
-0.00160533
-0.00107516
-0.000667031
-0.00036875
-0.000179209
-7.10737e-05
-2.47114e-05
-6.92593e-06
-0.196053
-0.206068
-0.211749
-0.215813
-0.21721
-0.214028
-0.205211
-0.190389
-0.169888
-0.144993
-0.118155
-0.0920932
-0.068965
-0.0499503
-0.0352498
-0.0244163
-0.0167392
-0.0114391
-0.00783716
-0.00541849
-0.00379644
-0.00267829
-0.00186816
-0.0012541
-0.000789321
-0.000452537
-0.000234563
-0.000105843
-4.2703e-05
-1.33174e-05
-0.188041
-0.198025
-0.203686
-0.207571
-0.208899
-0.205981
-0.19782
-0.184099
-0.165151
-0.142105
-0.117086
-0.092516
-0.0703861
-0.0518726
-0.0372903
-0.0263244
-0.0183794
-0.012767
-0.00886595
-0.00618789
-0.00435386
-0.00307063
-0.00213825
-0.00143853
-0.000915405
-0.000538757
-0.000291442
-0.000141526
-6.12236e-05
-1.98104e-05
-0.180293
-0.190176
-0.195835
-0.199588
-0.200876
-0.198233
-0.190723
-0.178059
-0.160572
-0.139262
-0.115962
-0.0928258
-0.0716816
-0.0536876
-0.039253
-0.0281854
-0.0199973
-0.0140889
-0.0098975
-0.00696374
-0.00491866
-0.00347
-0.00241438
-0.00162766
-0.00104477
-0.000627072
-0.000349629
-0.000177985
-8.02021e-05
-2.63771e-05
-0.172847
-0.182567
-0.188234
-0.191898
-0.19317
-0.190807
-0.183935
-0.172279
-0.156164
-0.136475
-0.114794
-0.0930285
-0.0728511
-0.0553898
-0.0411295
-0.0299898
-0.0215837
-0.0153972
-0.0109259
-0.00774167
-0.00548771
-0.00387422
-0.00269507
-0.0018205
-0.00117675
-0.000717048
-0.000408845
-0.000215043
-9.95469e-05
-3.29841e-05
-0.16574
-0.175244
-0.180923
-0.184533
-0.185812
-0.183727
-0.177471
-0.166774
-0.15194
-0.133758
-0.113594
-0.0931314
-0.0738954
-0.0569746
-0.0429115
-0.0317276
-0.0231292
-0.0166834
-0.0119444
-0.00851661
-0.00605733
-0.00428069
-0.00297852
-0.00201579
-0.00131053
-0.000808139
-0.000468741
-0.000252482
-0.000119142
-3.95913e-05
-0.159007
-0.168251
-0.173941
-0.177525
-0.178833
-0.17702
-0.171352
-0.161559
-0.147915
-0.131128
-0.112376
-0.0931435
-0.0748168
-0.0584381
-0.0445911
-0.0333889
-0.0246234
-0.0179384
-0.0129455
-0.00928274
-0.00662321
-0.00468629
-0.00326252
-0.00221204
-0.00144508
-0.000899674
-0.000528883
-0.000290032
-0.000138843
-4.61516e-05
-0.152681
-0.161633
-0.167326
-0.170906
-0.172264
-0.170713
-0.165597
-0.156649
-0.144106
-0.128601
-0.111156
-0.0930754
-0.075619
-0.0597774
-0.046161
-0.0349634
-0.0260555
-0.0191524
-0.0139209
-0.0100335
-0.00718036
-0.00508738
-0.00354449
-0.00240744
-0.00157918
-0.000990838
-0.000588744
-0.000327364
-0.000158475
-5.26099e-05
-0.146796
-0.155431
-0.161119
-0.164713
-0.166137
-0.164835
-0.160231
-0.152064
-0.140532
-0.126196
-0.10995
-0.0929392
-0.076307
-0.0609901
-0.0476141
-0.0364409
-0.0274142
-0.0203145
-0.0148612
-0.0107613
-0.00772306
-0.00547974
-0.00382137
-0.00259984
-0.00171138
-0.00108065
-0.000647693
-0.000364089
-0.000177827
-5.89018e-05
-0.141382
-0.149689
-0.155362
-0.158983
-0.160485
-0.159416
-0.15528
-0.147825
-0.137212
-0.123935
-0.108777
-0.0927488
-0.0768872
-0.0620751
-0.0489436
-0.0378107
-0.0286873
-0.021413
-0.0157563
-0.0114578
-0.0082448
-0.00585849
-0.00408962
-0.00278674
-0.00183994
-0.00116797
-0.000704982
-0.000399743
-0.000196652
-6.4953e-05
-0.136472
-0.14445
-0.150098
-0.153755
-0.155344
-0.154491
-0.150773
-0.14396
-0.134171
-0.12184
-0.107658
-0.0925192
-0.0773668
-0.0630315
-0.0501428
-0.0390619
-0.0298618
-0.022435
-0.0165946
-0.0121136
-0.00873819
-0.00621805
-0.00434517
-0.00296523
-0.00196285
-0.00125144
-0.000759733
-0.000433785
-0.000214655
-7.06781e-05
-0.132102
-0.13976
-0.145374
-0.149072
-0.150752
-0.150095
-0.146746
-0.140496
-0.131435
-0.119936
-0.106614
-0.0922669
-0.0777543
-0.0638593
-0.0512045
-0.040183
-0.0309241
-0.0233668
-0.0173637
-0.0127182
-0.00919492
-0.00655211
-0.00458334
-0.00313198
-0.00207782
-0.00132949
-0.000810932
-0.000465589
-0.000231501
-7.59793e-05
-0.128309
-0.135669
-0.141241
-0.144984
-0.146752
-0.14627
-0.143236
-0.137471
-0.129035
-0.118252
-0.105671
-0.0920096
-0.0780587
-0.0645585
-0.052121
-0.0411617
-0.0318591
-0.0241931
-0.0180497
-0.0132599
-0.00960566
-0.00685353
-0.00479887
-0.00328321
-0.00218219
-0.00140036
-0.000857412
-0.000494437
-0.0002468
-8.0746e-05
-0.12514
-0.132234
-0.13776
-0.141548
-0.1434
-0.143065
-0.140292
-0.134926
-0.12701
-0.11682
-0.104853
-0.0917658
-0.0782894
-0.0651284
-0.0528832
-0.0419841
-0.0326504
-0.0248971
-0.0186372
-0.0137257
-0.00996001
-0.00711434
-0.00498584
-0.00341464
-0.002273
-0.00146202
-0.000897855
-0.000519518
-0.000260117
-8.48534e-05
-0.12264
-0.129517
-0.134997
-0.138823
-0.140749
-0.140536
-0.137966
-0.132911
-0.125401
-0.115677
-0.104191
-0.0915548
-0.0784549
-0.065567
-0.0534802
-0.0426342
-0.0332796
-0.02546
-0.0191092
-0.014101
-0.0102464
-0.00732565
-0.00513764
-0.00352152
-0.00234691
-0.00151222
-0.000930781
-0.00053992
-0.00027096
-8.81634e-05
-0.120889
-0.127607
-0.133049
-0.136903
-0.138888
-0.138758
-0.136328
-0.131488
-0.124262
-0.114864
-0.103715
-0.0913961
-0.0785628
-0.0658702
-0.0538985
-0.0430925
-0.0337252
-0.0258607
-0.0194462
-0.0143698
-0.0104519
-0.00747764
-0.00524702
-0.00359863
-0.00240028
-0.00154847
-0.000954561
-0.000554641
-0.000278789
-9.05203e-05
-0.119939
-0.12658
-0.132001
-0.135871
-0.13789
-0.13781
-0.135456
-0.13073
-0.123655
-0.114429
-0.103459
-0.0913085
-0.0786174
-0.0660299
-0.0541206
-0.0433363
-0.0339627
-0.0260749
-0.019627
-0.0145141
-0.0105624
-0.00755945
-0.00530596
-0.00364022
-0.00242907
-0.00156802
-0.000967395
-0.000562561
-0.000283009
-9.17382e-05
-0.128963
-0.138587
-0.148058
-0.157362
-0.166491
-0.17545
-0.184252
-0.192909
-0.201436
-0.209848
-0.218163
-0.226396
-0.234565
-0.24268
-0.250743
-0.258795
-0.266677
-0.274797
-0.28221
-0.291501
-0.125571
-0.134868
-0.144012
-0.153004
-0.161843
-0.170537
-0.179095
-0.187528
-0.195849
-0.204069
-0.212201
-0.220259
-0.22825
-0.236201
-0.244063
-0.251998
-0.259628
-0.26787
-0.275056
-0.284586
-0.122266
-0.13119
-0.139968
-0.148608
-0.157112
-0.165486
-0.173735
-0.18187
-0.189899
-0.197832
-0.205677
-0.213452
-0.221148
-0.228831
-0.236389
-0.244126
-0.2515
-0.25965
-0.266845
-0.276098
-0.119019
-0.127595
-0.136045
-0.144375
-0.152587
-0.160686
-0.168677
-0.176567
-0.184364
-0.19208
-0.199715
-0.207301
-0.214807
-0.22234
-0.229732
-0.237368
-0.244634
-0.252614
-0.259869
-0.268539
-0.115859
-0.1241
-0.132233
-0.140262
-0.148189
-0.156019
-0.163757
-0.171412
-0.178988
-0.186501
-0.193944
-0.201362
-0.208701
-0.2161
-0.223345
-0.230838
-0.237978
-0.245665
-0.252839
-0.26096
-0.112791
-0.120701
-0.128515
-0.136239
-0.143875
-0.151426
-0.158899
-0.166301
-0.173634
-0.180917
-0.188136
-0.195344
-0.20247
-0.209662
-0.216702
-0.223948
-0.230916
-0.238261
-0.245349
-0.2531
-0.109811
-0.117394
-0.124891
-0.13231
-0.139652
-0.146921
-0.15412
-0.161259
-0.168334
-0.175369
-0.182341
-0.189307
-0.196194
-0.203139
-0.209958
-0.21693
-0.223733
-0.230777
-0.237765
-0.245206
-0.106918
-0.114178
-0.121364
-0.128481
-0.13553
-0.142516
-0.14944
-0.15631
-0.163124
-0.169902
-0.176622
-0.183337
-0.189985
-0.196674
-0.203278
-0.209981
-0.216604
-0.223355
-0.230158
-0.237285
-0.104112
-0.111057
-0.117936
-0.124755
-0.131514
-0.138217
-0.144864
-0.151464
-0.158013
-0.16453
-0.170996
-0.177453
-0.183857
-0.190284
-0.196659
-0.203081
-0.209478
-0.215928
-0.22249
-0.229309
-0.101394
-0.108031
-0.114609
-0.121134
-0.127605
-0.134027
-0.140398
-0.146727
-0.153009
-0.159259
-0.165466
-0.171658
-0.177809
-0.183963
-0.190088
-0.196223
-0.202367
-0.208521
-0.214821
-0.221332
-0.0987631
-0.105101
-0.111385
-0.117621
-0.123809
-0.129952
-0.136048
-0.142105
-0.148119
-0.154101
-0.160045
-0.165966
-0.171857
-0.177734
-0.183597
-0.189449
-0.195326
-0.201189
-0.207208
-0.213403
-0.0962198
-0.102268
-0.108265
-0.114218
-0.120128
-0.125996
-0.131821
-0.137608
-0.143354
-0.149068
-0.154746
-0.160397
-0.166022
-0.171625
-0.177219
-0.182789
-0.188388
-0.193957
-0.199681
-0.205557
-0.0937661
-0.0995327
-0.105252
-0.110929
-0.116567
-0.122165
-0.127722
-0.133242
-0.138724
-0.144171
-0.149584
-0.154967
-0.160324
-0.165653
-0.170973
-0.176261
-0.181574
-0.186851
-0.192271
-0.197832
-0.0914036
-0.0968974
-0.102346
-0.107756
-0.113129
-0.118463
-0.123759
-0.129016
-0.134237
-0.139421
-0.144571
-0.149688
-0.154778
-0.159835
-0.164879
-0.169888
-0.174914
-0.1799
-0.185014
-0.190259
-0.0891321
-0.0943626
-0.0995512
-0.104702
-0.109817
-0.114895
-0.119936
-0.124937
-0.129902
-0.134828
-0.13972
-0.144575
-0.149401
-0.15419
-0.158961
-0.163693
-0.168434
-0.173133
-0.177941
-0.182871
-0.0869528
-0.0919304
-0.0968686
-0.10177
-0.106637
-0.111467
-0.116259
-0.121013
-0.125728
-0.130403
-0.135042
-0.139642
-0.144208
-0.148735
-0.153239
-0.1577
-0.162159
-0.166575
-0.171081
-0.175699
-0.0848674
-0.0896031
-0.0943013
-0.0989641
-0.103592
-0.108183
-0.112736
-0.11725
-0.121724
-0.126157
-0.13055
-0.134902
-0.139217
-0.143489
-0.147732
-0.151928
-0.156115
-0.160255
-0.164467
-0.168778
-0.0828778
-0.0873831
-0.0918524
-0.0962869
-0.100686
-0.105049
-0.109373
-0.113657
-0.117899
-0.122098
-0.126256
-0.130369
-0.134441
-0.138467
-0.142459
-0.146401
-0.150324
-0.154198
-0.158126
-0.16214
-0.0809866
-0.0852735
-0.0895257
-0.0937433
-0.0979258
-0.102071
-0.106177
-0.110241
-0.114262
-0.118238
-0.12217
-0.126055
-0.129896
-0.133688
-0.137439
-0.141138
-0.144809
-0.148429
-0.152086
-0.155814
-0.0791974
-0.0832785
-0.0873257
-0.0913386
-0.0953159
-0.0992554
-0.103155
-0.107011
-0.110823
-0.114588
-0.118307
-0.121976
-0.125597
-0.129166
-0.13269
-0.136159
-0.139593
-0.142972
-0.146373
-0.149829
-0.0775147
-0.0814029
-0.085258
-0.0890787
-0.0928635
-0.0966099
-0.100315
-0.103976
-0.107592
-0.111159
-0.114677
-0.118143
-0.121559
-0.12492
-0.128231
-0.131485
-0.134696
-0.13785
-0.141011
-0.144212
-0.0759439
-0.0796528
-0.0833291
-0.086971
-0.0905766
-0.0941431
-0.0976677
-0.101147
-0.10458
-0.107963
-0.111295
-0.114573
-0.117798
-0.120966
-0.12408
-0.127134
-0.13014
-0.133087
-0.136027
-0.138991
-0.0744918
-0.0780353
-0.0815466
-0.0850236
-0.088464
-0.0918648
-0.095223
-0.0985355
-0.1018
-0.105013
-0.108174
-0.11128
-0.11433
-0.117321
-0.120255
-0.123128
-0.125947
-0.128705
-0.131443
-0.134191
-0.0731671
-0.0765599
-0.0799209
-0.0832476
-0.0865374
-0.0897873
-0.0929941
-0.0961547
-0.0992662
-0.102326
-0.105332
-0.108282
-0.111174
-0.114007
-0.11678
-0.119489
-0.122141
-0.12473
-0.127288
-0.12984
-0.0719785
-0.0752356
-0.0784614
-0.081653
-0.0848076
-0.0879223
-0.0909936
-0.0940183
-0.0969937
-0.0999168
-0.102785
-0.105597
-0.10835
-0.111042
-0.113673
-0.11624
-0.118746
-0.121187
-0.123588
-0.125968
-0.0709414
-0.0740794
-0.0771864
-0.0802592
-0.0832951
-0.0862909
-0.0892435
-0.0921495
-0.0950059
-0.09781
-0.100559
-0.103251
-0.105884
-0.108456
-0.110965
-0.11341
-0.115792
-0.118107
-0.120374
-0.122608
-0.0700628
-0.0730978
-0.0761023
-0.0790733
-0.0820078
-0.0849028
-0.0877549
-0.0905608
-0.0933176
-0.0960225
-0.0986728
-0.101266
-0.103801
-0.106274
-0.108684
-0.11103
-0.113312
-0.115527
-0.117686
-0.1198
-0.0693772
-0.0723289
-0.0752502
-0.0781376
-0.0809884
-0.0837999
-0.086569
-0.0892926
-0.0919677
-0.0945917
-0.097162
-0.0996762
-0.102132
-0.104528
-0.106862
-0.109131
-0.111337
-0.113476
-0.115555
-0.117579
-0.0688733
-0.0717601
-0.074618
-0.0774442
-0.0802353
-0.0829883
-0.0856999
-0.088367
-0.0909867
-0.0935563
-0.0960733
-0.0985353
-0.10094
-0.103286
-0.10557
-0.107791
-0.109949
-0.11204
-0.114067
-0.116032
-0.0686321
-0.0714729
-0.0742833
-0.0770603
-0.0798024
-0.0825076
-0.0851734
-0.087797
-0.0903757
-0.092907
-0.0953885
-0.0978179
-0.100193
-0.102513
-0.104774
-0.106976
-0.109116
-0.111194
-0.113209
-0.11516
0.0940419
0.0829548
0.0717981
0.0607563
0.0492526
0.0375206
0.0257571
0.0139852
0.00221803
-0.00950658
-0.0211455
-0.0326699
-0.0440567
-0.0552874
-0.0663505
-0.0772772
-0.0881737
-0.0988149
-0.109124
-0.11916
0.089388
0.0778316
0.0662444
0.0554782
0.0444081
0.0331211
0.0218571
0.0106222
-0.000592655
-0.0117577
-0.0228405
-0.0338191
-0.044676
-0.0554065
-0.0660093
-0.0764544
-0.0865901
-0.0966275
-0.106474
-0.116112
0.0836941
0.0723635
0.0607818
0.0504572
0.0399819
0.0292104
0.0184528
0.00775071
-0.00292525
-0.0135556
-0.024108
-0.0345561
-0.0448839
-0.0550815
-0.0651366
-0.0750315
-0.0847874
-0.0944499
-0.10392
-0.113183
0.0776875
0.0669137
0.0554829
0.0455146
0.0355974
0.0253367
0.015066
0.00488207
-0.00525952
-0.0153586
-0.0253855
-0.0353135
-0.0451307
-0.0548334
-0.0644148
-0.0738628
-0.0831457
-0.0923524
-0.101415
-0.1103
0.071613
0.0614625
0.0503199
0.0407006
0.031336
0.0216162
0.0118354
0.00215262
-0.00747191
-0.0170582
-0.0265812
-0.0360117
-0.0453393
-0.0545619
-0.0636724
-0.0726604
-0.0815167
-0.0903096
-0.0989786
-0.107493
0.0655828
0.0560581
0.0453164
0.0360501
0.0272026
0.0180235
0.00872887
-0.000472934
-0.00959964
-0.0186876
-0.0277215
-0.0366714
-0.045527
-0.0542885
-0.0629512
-0.0715081
-0.0799505
-0.0883375
-0.0966205
-0.104771
0.0596585
0.0507359
0.0404725
0.0315747
0.0232099
0.0145634
0.00575553
-0.00297999
-0.0116292
-0.0202362
-0.0287977
-0.0372858
-0.0456894
-0.0540091
-0.0622421
-0.0703832
-0.0784278
-0.086426
-0.0943353
-0.10213
0.0538904
0.0455402
0.0358008
0.0272874
0.0193737
0.0112402
0.00291423
-0.00536884
-0.0135622
-0.0217078
-0.029814
-0.0378586
-0.0458295
-0.0537264
-0.0615481
-0.0692911
-0.0769528
-0.0845759
-0.0921224
-0.09957
0.0483159
0.0405052
0.0313103
0.0231926
0.0157031
0.0080574
0.000203986
-0.00763871
-0.0153965
-0.0231014
-0.0307705
-0.0383898
-0.045947
-0.0534401
-0.0608682
-0.0682291
-0.0755217
-0.0827841
-0.0899796
-0.0970892
0.0429597
0.0356558
0.0270092
0.0192934
0.0122052
0.00501976
-0.00237524
-0.00979003
-0.0171312
-0.0244169
-0.0316684
-0.0388807
-0.0460428
-0.0531507
-0.0602034
-0.0671992
-0.0741384
-0.0810528
-0.0879073
-0.0946878
0.0378381
0.0310094
0.0229044
0.0155912
0.00888437
0.00213104
-0.00482362
-0.0118241
-0.0187667
-0.0256541
-0.0325085
-0.0393326
-0.0461178
-0.052858
-0.0595505
-0.0661932
-0.072788
-0.0793715
-0.0859002
-0.092364
0.0329622
0.0265786
0.019001
0.012087
0.00574312
-0.000605777
-0.00714094
-0.0137422
-0.0203034
-0.0268131
-0.0332912
-0.0397464
-0.0461735
-0.052566
-0.0589208
-0.065236
-0.0715091
-0.0777445
-0.0839516
-0.0901143
0.0283397
0.0223723
0.015303
0.00878064
0.00278254
-0.00318876
-0.00932712
-0.0155458
-0.0217426
-0.0278943
-0.0340167
-0.0401221
-0.0462085
-0.0522694
-0.0583012
-0.0643008
-0.070263
-0.076172
-0.0820726
-0.0879447
0.0239756
0.0183961
0.0118124
0.00567152
2.58047e-06
-0.00561688
-0.0113822
-0.0172365
-0.0230858
-0.0288985
-0.0346853
-0.0404595
-0.046222
-0.0519664
-0.0576872
-0.0633802
-0.0690404
-0.0746609
-0.0802722
-0.0858597
0.0198725
0.0146536
0.00853025
0.00275807
-0.00259781
-0.00788995
-0.0133066
-0.0188157
-0.0243348
-0.029827
-0.0352975
-0.0407593
-0.0462151
-0.051659
-0.0570853
-0.0624888
-0.0678653
-0.073209
-0.078543
-0.0838563
0.0160312
0.0111465
0.00545635
3.80652e-05
-0.00502054
-0.0100086
-0.0151009
-0.0202852
-0.0254915
-0.0306812
-0.0358544
-0.0410224
-0.0461886
-0.0513483
-0.0564954
-0.0616243
-0.066731
-0.0718114
-0.076882
-0.081934
0.0124512
0.007875
0.00258971
-0.00249132
-0.0072683
-0.0119742
-0.0167663
-0.0216467
-0.0265583
-0.0314633
-0.0363576
-0.0412499
-0.0461439
-0.0510356
-0.0559191
-0.0607888
-0.0656403
-0.0704702
-0.0752906
-0.0800939
0.00913047
0.00483816
-7.13759e-05
-0.00483339
-0.00934447
-0.0137889
-0.0183043
-0.0229021
-0.0275376
-0.0321756
-0.036809
-0.0414435
-0.0460823
-0.0507223
-0.0553578
-0.0599831
-0.0645938
-0.0691864
-0.0737698
-0.0783374
0.00606636
0.00203414
-0.00252919
-0.0069918
-0.011253
-0.0154557
-0.0197169
-0.0240538
-0.0284321
-0.0328208
-0.0372109
-0.0416052
-0.0460058
-0.0504103
-0.0548132
-0.059209
-0.0635931
-0.0679619
-0.0723217
-0.0766667
0.0032555
-0.00053963
-0.00478642
-0.00897046
-0.012998
-0.0169779
-0.0210068
-0.0251042
-0.0292447
-0.033402
-0.037566
-0.0417373
-0.0459167
-0.0501018
-0.0542876
-0.0584689
-0.0626407
-0.0667995
-0.0709493
-0.075085
0.000694201
-0.00288615
-0.006846
-0.0107733
-0.0145843
-0.0183595
-0.0221771
-0.0260561
-0.0299784
-0.0339223
-0.0378776
-0.0418428
-0.0458176
-0.0497995
-0.0537839
-0.0577656
-0.0617397
-0.0657025
-0.0696563
-0.0735965
-0.00162128
-0.00500864
-0.00871097
-0.0124043
-0.0160162
-0.0196049
-0.0232313
-0.0269128
-0.0306367
-0.0343854
-0.0381492
-0.0419253
-0.0457122
-0.0495072
-0.0533059
-0.0571033
-0.0608945
-0.0646756
-0.0684475
-0.0722062
-0.00369439
-0.00691025
-0.0103842
-0.0138672
-0.0172983
-0.0207184
-0.0241733
-0.0276778
-0.031223
-0.034795
-0.0383848
-0.0419887
-0.0456044
-0.0492288
-0.0528577
-0.0564862
-0.0601096
-0.0637238
-0.0673286
-0.0709203
-0.00552787
-0.00859363
-0.0118682
-0.015165
-0.0184347
-0.0217043
-0.0250073
-0.0283551
-0.0317415
-0.0351555
-0.0385892
-0.0420382
-0.0454998
-0.0489704
-0.052446
-0.0559218
-0.0593929
-0.0628553
-0.0663077
-0.0697472
-0.00712327
-0.0100606
-0.0131647
-0.0163002
-0.0194286
-0.0225666
-0.0257371
-0.0289483
-0.0321957
-0.0354706
-0.0387662
-0.0420779
-0.0454022
-0.0487358
-0.0520742
-0.0554131
-0.058748
-0.0620746
-0.0653911
-0.0686945
-0.00848023
-0.0113113
-0.014274
-0.0172743
-0.0202829
-0.0233091
-0.0263673
-0.0294628
-0.0325919
-0.035748
-0.0389249
-0.0421182
-0.0453242
-0.0485391
-0.0517587
-0.0549785
-0.0581939
-0.0614004
-0.0645955
-0.0677776
-0.00959554
-0.0123433
-0.0151941
-0.0180858
-0.0209969
-0.0239313
-0.0268972
-0.0298971
-0.032928
-0.0359843
-0.0390609
-0.0421535
-0.0452582
-0.0483713
-0.0514887
-0.0546062
-0.0577197
-0.0608253
-0.0639202
-0.0670013
-0.0104628
-0.0131524
-0.0159228
-0.0187356
-0.0215754
-0.0244426
-0.0273405
-0.0302698
-0.0332272
-0.0362084
-0.0392086
-0.0422239
-0.0452502
-0.0482836
-0.0513202
-0.0543554
-0.0573848
-0.0604038
-0.0634089
-0.0664012
-0.0110661
-0.013722
-0.0164417
-0.0192022
-0.0219928
-0.024812
-0.0276602
-0.0305368
-0.033439
-0.0363629
-0.0393046
-0.0422602
-0.0452259
-0.0481981
-0.051173
-0.0541468
-0.0571159
-0.0600769
-0.0630263
-0.0659603
-0.0113944
-0.0140516
-0.0167656
-0.0195203
-0.0223058
-0.0251182
-0.0279563
-0.0308183
-0.0337014
-0.0366021
-0.0395165
-0.042441
-0.045372
-0.0483059
-0.0512391
-0.0541678
-0.0570881
-0.0599958
-0.0628875
-0.0657673
0.104694
0.10611
0.108256
0.111266
0.114509
0.118121
0.121355
0.12443
0.126403
0.127715
0.127125
0.125499
0.121127
0.115383
0.104774
0.10377
0.105078
0.10705
0.1098
0.112709
0.115895
0.118632
0.121112
0.122446
0.122998
0.121695
0.119183
0.11421
0.10747
0.0982631
0.102778
0.103973
0.105759
0.108231
0.110789
0.113532
0.115762
0.117642
0.118353
0.118185
0.116252
0.112983
0.107608
0.100414
0.0917488
0.101714
0.10279
0.104378
0.106559
0.108752
0.111033
0.112747
0.114013
0.11411
0.113232
0.110707
0.106751
0.101019
0.0935182
0.0849875
0.100575
0.101526
0.10291
0.104786
0.106606
0.108413
0.109609
0.110259
0.109757
0.108196
0.105115
0.100559
0.0944944
0.0868087
0.07836
0.0993574
0.100179
0.101351
0.102912
0.104351
0.105677
0.106357
0.106398
0.105318
0.103113
0.0995142
0.0944572
0.0880983
0.0803285
0.0719802
0.0980593
0.0987469
0.0997008
0.100937
0.101989
0.102828
0.102996
0.102441
0.100805
0.0980051
0.0939304
0.0884609
0.0818587
0.0740669
0.0658344
0.0966786
0.0972273
0.0979576
0.0988599
0.0995221
0.0998721
0.0995344
0.0984035
0.0962346
0.0928929
0.0883854
0.0825808
0.0757877
0.0680086
0.0599055
0.0952137
0.095619
0.0961214
0.0966836
0.0969531
0.096817
0.0959831
0.0943004
0.0916262
0.0877967
0.0829023
0.0768285
0.069896
0.0621543
0.0541958
0.0936638
0.093922
0.0941927
0.0944109
0.0942873
0.0936723
0.0923539
0.0901491
0.087
0.0827368
0.0775038
0.0712174
0.0641942
0.0565129
0.0487138
0.0920288
0.092137
0.0921735
0.0920462
0.0915313
0.0904488
0.0886609
0.0859674
0.0823773
0.0777331
0.0722111
0.0657621
0.0586929
0.051095
0.0434675
0.0903099
0.090266
0.0900667
0.0895957
0.0886936
0.0871592
0.08492
0.0817739
0.0777801
0.0728052
0.0670438
0.0604774
0.0534017
0.0459097
0.0384641
0.0885095
0.0883126
0.0878772
0.0870672
0.0857843
0.0838173
0.0811487
0.0775878
0.0732302
0.0679727
0.0620199
0.0553774
0.0483296
0.0409647
0.0337098
0.0866311
0.0862821
0.0856112
0.0844701
0.0828157
0.0804386
0.0773659
0.0734289
0.0687491
0.0632552
0.0571559
0.0504755
0.0434852
0.0362663
0.0292095
0.0846803
0.0841813
0.0832772
0.0818157
0.0798022
0.07704
0.0735916
0.0693178
0.0643581
0.0586715
0.0524675
0.0457836
0.0388762
0.0318195
0.0249665
0.0826644
0.0820193
0.0808857
0.0791172
0.0767598
0.0736398
0.0698469
0.0652757
0.0600779
0.05424
0.047969
0.0413123
0.0345095
0.0276277
0.0209828
0.080593
0.0798072
0.0784496
0.0763896
0.0737069
0.070258
0.0661537
0.0613238
0.0559284
0.0499779
0.0436739
0.0370712
0.030391
0.0236937
0.0172587
0.078478
0.0775585
0.0759844
0.0736506
0.0706637
0.0669157
0.0625346
0.057484
0.0519294
0.0459017
0.0395947
0.0330685
0.0265251
0.020019
0.0137939
0.0763341
0.0752894
0.0735083
0.0709196
0.0676523
0.063636
0.0590126
0.053778
0.0481001
0.042027
0.0357429
0.0293117
0.0229159
0.016604
0.0105868
0.0741793
0.0730187
0.0710421
0.068219
0.0646966
0.0604431
0.0556118
0.0502276
0.0444592
0.0383687
0.0321295
0.0258075
0.0195663
0.0134491
0.00763567
0.0720344
0.0707683
0.0686097
0.0655734
0.0618226
0.0573627
0.0523567
0.0468551
0.0410255
0.0349414
0.0287647
0.0225621
0.0164791
0.010554
0.00493812
0.0699242
0.0685632
0.0662381
0.0630104
0.0590583
0.0544222
0.0492728
0.0436828
0.0378176
0.0317594
0.0256586
0.0195816
0.0136569
0.00791842
0.00249198
0.0678769
0.0664322
0.0639574
0.0605604
0.0564341
0.0516506
0.0463867
0.040734
0.0348548
0.0288376
0.0228217
0.0168724
0.0111027
0.00554271
0.000295403
0.0659251
0.0644075
0.0618009
0.0582569
0.0539828
0.0490788
0.0437266
0.0380331
0.032157
0.0261913
0.0202651
0.0144418
0.00882054
0.00342799
-0.0016526
0.0641052
0.0625256
0.0598057
0.0561369
0.0517401
0.0467402
0.0413225
0.035606
0.0297458
0.0238379
0.0180015
0.0122986
0.0068158
0.0015769
-0.00335167
0.0624583
0.0608273
0.0580128
0.0542407
0.049745
0.0446711
0.0392071
0.0334816
0.0276455
0.0217966
0.0160462
0.010454
0.00509631
-5.63699e-06
-0.00479937
0.0610302
0.059358
0.0564672
0.0526129
0.0480403
0.0429118
0.0374171
0.0316918
0.0258835
0.0200907
0.0144179
0.00892287
0.00367328
-0.0013115
-0.0059903
0.0598712
0.0581678
0.055219
0.0513029
0.0466739
0.0415071
0.0359936
0.030274
0.0244925
0.0187483
0.0131403
0.00772474
0.00256272
-0.00232792
-0.00691483
0.059037
0.0573119
0.0543233
0.0503653
0.0456989
0.0405082
0.0349846
0.029272
0.0235122
0.0178046
0.0122441
0.00688611
0.00178691
-0.00303626
-0.00755666
0.0585881
0.0568517
0.0538413
0.0498617
0.0451759
0.0399735
0.0344457
0.0287383
0.0229912
0.0173042
0.0117697
0.00644316
0.00137777
-0.00340931
-0.00789553
0.116725
0.118859
0.122244
0.127268
0.133274
0.140538
0.148627
0.157687
0.167431
0.177957
0.189
0.200621
0.212545
0.224848
0.237219
0.116659
0.118789
0.122167
0.127182
0.133173
0.14042
0.148482
0.157513
0.167217
0.177699
0.188682
0.20024
0.212083
0.224302
0.236557
0.116527
0.118649
0.122015
0.12701
0.132973
0.140188
0.148192
0.157167
0.166789
0.177183
0.188047
0.199478
0.211158
0.223208
0.235231
0.11633
0.11844
0.121786
0.126752
0.132671
0.139837
0.147759
0.15665
0.16615
0.176412
0.187098
0.198338
0.20977
0.221564
0.233238
0.116068
0.118163
0.121484
0.126411
0.132277
0.139375
0.147186
0.155965
0.165302
0.17539
0.185837
0.196823
0.207922
0.219372
0.230578
0.115743
0.117818
0.121108
0.125988
0.131776
0.138793
0.146473
0.155114
0.164249
0.17412
0.184268
0.194936
0.205615
0.216633
0.227253
0.115356
0.117408
0.120661
0.125486
0.131204
0.138107
0.145625
0.1541
0.162993
0.172605
0.182394
0.192681
0.202854
0.213352
0.223267
0.114908
0.116935
0.120146
0.124901
0.130495
0.137302
0.144645
0.152927
0.161539
0.170851
0.180219
0.190065
0.199643
0.209536
0.21863
0.114402
0.116399
0.119563
0.124253
0.129774
0.13639
0.143535
0.151599
0.15989
0.168862
0.177748
0.187092
0.195989
0.205195
0.213353
0.11384
0.115805
0.118916
0.12352
0.128894
0.13537
0.142302
0.150118
0.158052
0.166642
0.174986
0.183772
0.191899
0.20034
0.20745
0.113223
0.115153
0.118208
0.122719
0.127968
0.134258
0.14095
0.148488
0.156031
0.164198
0.171939
0.180111
0.187383
0.194985
0.200941
0.112554
0.114446
0.117441
0.121842
0.126943
0.133044
0.139482
0.146714
0.153832
0.161533
0.168615
0.176119
0.182448
0.189145
0.193843
0.111835
0.113689
0.116618
0.120906
0.125844
0.13174
0.137905
0.144798
0.151462
0.158651
0.165022
0.171804
0.177104
0.182839
0.18618
0.111069
0.112882
0.115752
0.119919
0.124668
0.130346
0.136221
0.142747
0.148928
0.155558
0.161169
0.167174
0.171363
0.176088
0.17797
0.11026
0.11203
0.1148
0.118844
0.123426
0.128868
0.134435
0.140563
0.146236
0.152257
0.157068
0.162234
0.165238
0.168911
0.169232
0.109408
0.111141
0.113863
0.117721
0.12212
0.127311
0.132553
0.138255
0.143395
0.148756
0.152734
0.156988
0.158746
0.161326
0.159976
0.108518
0.110198
0.112814
0.116544
0.120752
0.125676
0.130575
0.135822
0.1404
0.145051
0.148171
0.151436
0.151911
0.153346
0.150208
0.107594
0.109233
0.111748
0.115324
0.11933
0.123979
0.12852
0.133295
0.137288
0.141179
0.143406
0.145584
0.144753
0.144946
0.139906
0.106632
0.108221
0.110634
0.114052
0.117838
0.122182
0.126332
0.130593
0.133966
0.137066
0.138402
0.139418
0.137346
0.136101
0.129086
0.10565
0.107177
0.109504
0.112788
0.116382
0.120466
0.124253
0.128032
0.130756
0.133001
0.133308
0.133032
0.129568
0.126697
0.117668
0.10565
0.107177
0.109504
0.112788
0.116382
0.120466
0.124253
0.128032
0.130756
0.133001
0.133308
0.133032
0.129568
0.126697
0.117668
0.106632
0.108221
0.110634
0.114052
0.117838
0.122182
0.126332
0.130593
0.133966
0.137066
0.138402
0.139418
0.137346
0.136101
0.129086
0.107594
0.109233
0.111748
0.115324
0.11933
0.123979
0.12852
0.133295
0.137288
0.141179
0.143406
0.145584
0.144753
0.144946
0.139906
0.108518
0.110198
0.112814
0.116544
0.120752
0.125676
0.130575
0.135822
0.1404
0.145051
0.148171
0.151436
0.151911
0.153346
0.150208
0.109408
0.111141
0.113863
0.117721
0.12212
0.127311
0.132553
0.138255
0.143395
0.148756
0.152734
0.156988
0.158746
0.161326
0.159976
0.11026
0.11203
0.1148
0.118844
0.123426
0.128868
0.134436
0.140563
0.146236
0.152257
0.157068
0.162234
0.165238
0.168911
0.169232
0.111069
0.112882
0.115752
0.119919
0.124668
0.130346
0.136221
0.142747
0.148928
0.155558
0.161169
0.167174
0.171363
0.176088
0.17797
0.111835
0.113689
0.116618
0.120906
0.125844
0.13174
0.137905
0.144798
0.151462
0.158651
0.165022
0.171804
0.177104
0.182839
0.18618
0.112554
0.114446
0.117441
0.121842
0.126943
0.133044
0.139482
0.146714
0.153832
0.161533
0.168615
0.176119
0.182448
0.189145
0.193843
0.113223
0.115153
0.118208
0.122719
0.127968
0.134258
0.14095
0.148488
0.156031
0.164198
0.171939
0.180111
0.187383
0.194985
0.200941
0.11384
0.115805
0.118916
0.12352
0.128894
0.13537
0.142302
0.150118
0.158052
0.166642
0.174986
0.183772
0.191899
0.20034
0.20745
0.114402
0.116399
0.119563
0.124253
0.129774
0.13639
0.143535
0.151599
0.15989
0.168862
0.177748
0.187092
0.195989
0.205195
0.213353
0.114908
0.116935
0.120146
0.124901
0.130495
0.137302
0.144645
0.152927
0.161539
0.170851
0.180219
0.190065
0.199643
0.209536
0.21863
0.115356
0.117408
0.120661
0.125486
0.131204
0.138107
0.145625
0.1541
0.162993
0.172605
0.182394
0.192681
0.202854
0.213352
0.223267
0.115743
0.117818
0.121108
0.125988
0.131776
0.138793
0.146473
0.155114
0.164249
0.17412
0.184268
0.194936
0.205615
0.216633
0.227253
0.116068
0.118163
0.121484
0.126411
0.132277
0.139375
0.147186
0.155965
0.165302
0.17539
0.185837
0.196823
0.207922
0.219372
0.230578
0.11633
0.11844
0.121786
0.126752
0.132671
0.139837
0.147759
0.15665
0.16615
0.176412
0.187098
0.198338
0.20977
0.221564
0.233238
0.116527
0.118649
0.122015
0.12701
0.132973
0.140188
0.148192
0.157167
0.166789
0.177183
0.188047
0.199478
0.211158
0.223208
0.235231
0.116659
0.118789
0.122167
0.127182
0.133173
0.14042
0.148482
0.157513
0.167217
0.177699
0.188682
0.20024
0.212083
0.224302
0.236557
0.116725
0.118859
0.122244
0.127268
0.133274
0.140538
0.148627
0.157687
0.167431
0.177957
0.189
0.200621
0.212545
0.224848
0.237219
0.0585881
0.0568517
0.0538413
0.0498617
0.0451759
0.0399735
0.0344457
0.0287383
0.0229912
0.0173042
0.0117697
0.00644316
0.00137777
-0.0034093
-0.00789552
0.059037
0.0573119
0.0543233
0.0503653
0.0456989
0.0405082
0.0349846
0.029272
0.0235122
0.0178046
0.0122441
0.00688612
0.00178692
-0.00303626
-0.00755665
0.0598712
0.0581678
0.055219
0.0513029
0.0466739
0.0415071
0.0359937
0.030274
0.0244925
0.0187483
0.0131403
0.00772474
0.00256273
-0.00232792
-0.00691483
0.0610302
0.059358
0.0564672
0.0526129
0.0480403
0.0429118
0.0374171
0.0316918
0.0258835
0.0200907
0.0144179
0.00892287
0.00367329
-0.0013115
-0.0059903
0.0624583
0.0608273
0.0580128
0.0542407
0.049745
0.0446711
0.0392071
0.0334816
0.0276455
0.0217966
0.0160462
0.010454
0.00509631
-5.63286e-06
-0.00479937
0.0641052
0.0625256
0.0598057
0.0561369
0.0517401
0.0467402
0.0413225
0.035606
0.0297459
0.0238379
0.0180015
0.0122986
0.0068158
0.0015769
-0.00335166
0.0659251
0.0644075
0.0618009
0.0582569
0.0539828
0.0490788
0.0437266
0.0380331
0.032157
0.0261914
0.0202651
0.0144418
0.00882055
0.00342799
-0.0016526
0.067877
0.0664322
0.0639574
0.0605604
0.0564341
0.0516506
0.0463867
0.040734
0.0348548
0.0288376
0.0228217
0.0168724
0.0111027
0.00554271
0.000295407
0.0699242
0.0685632
0.0662381
0.0630104
0.0590584
0.0544222
0.0492728
0.0436828
0.0378176
0.0317594
0.0256586
0.0195816
0.0136569
0.00791843
0.00249198
0.0720344
0.0707683
0.0686097
0.0655734
0.0618226
0.0573627
0.0523567
0.0468551
0.0410255
0.0349414
0.0287647
0.0225621
0.0164791
0.010554
0.00493813
0.0741793
0.0730187
0.0710421
0.068219
0.0646966
0.0604431
0.0556118
0.0502276
0.0444592
0.0383687
0.0321295
0.0258075
0.0195663
0.0134491
0.00763567
0.0763341
0.0752894
0.0735083
0.0709196
0.0676523
0.063636
0.0590126
0.053778
0.0481001
0.042027
0.0357429
0.0293117
0.0229159
0.016604
0.0105868
0.078478
0.0775585
0.0759844
0.0736506
0.0706637
0.0669157
0.0625346
0.057484
0.0519294
0.0459017
0.0395947
0.0330685
0.0265251
0.020019
0.0137939
0.080593
0.0798072
0.0784496
0.0763897
0.0737069
0.070258
0.0661537
0.0613238
0.0559284
0.0499779
0.0436739
0.0370712
0.030391
0.0236937
0.0172587
0.0826644
0.0820193
0.0808857
0.0791172
0.0767598
0.0736398
0.0698469
0.0652757
0.0600779
0.05424
0.047969
0.0413123
0.0345095
0.0276278
0.0209828
0.0846803
0.0841813
0.0832772
0.0818157
0.0798022
0.07704
0.0735916
0.0693178
0.0643581
0.0586716
0.0524675
0.0457836
0.0388762
0.0318195
0.0249665
0.0866311
0.0862821
0.0856112
0.0844701
0.0828158
0.0804386
0.0773659
0.0734289
0.0687491
0.0632552
0.0571559
0.0504755
0.0434852
0.0362663
0.0292095
0.0885095
0.0883126
0.0878772
0.0870672
0.0857843
0.0838173
0.0811487
0.0775878
0.0732302
0.0679727
0.0620199
0.0553774
0.0483296
0.0409647
0.0337098
0.0903099
0.090266
0.0900667
0.0895957
0.0886936
0.0871592
0.08492
0.0817739
0.0777801
0.0728052
0.0670438
0.0604774
0.0534017
0.0459097
0.0384641
0.0920288
0.092137
0.0921735
0.0920462
0.0915313
0.0904488
0.0886609
0.0859674
0.0823773
0.0777331
0.0722111
0.0657621
0.0586929
0.051095
0.0434675
0.0936638
0.093922
0.0941927
0.0944109
0.0942873
0.0936723
0.0923539
0.0901491
0.087
0.0827368
0.0775038
0.0712174
0.0641942
0.0565129
0.0487138
0.0952137
0.095619
0.0961214
0.0966836
0.0969531
0.096817
0.0959831
0.0943004
0.0916262
0.0877967
0.0829023
0.0768285
0.069896
0.0621543
0.0541958
0.0966786
0.0972273
0.0979577
0.0988599
0.0995221
0.0998721
0.0995344
0.0984035
0.0962346
0.0928929
0.0883854
0.0825808
0.0757877
0.0680087
0.0599055
0.0980594
0.0987469
0.0997008
0.100937
0.101989
0.102828
0.102996
0.102441
0.100805
0.0980051
0.0939304
0.0884609
0.0818587
0.0740669
0.0658344
0.0993574
0.100179
0.101351
0.102912
0.104351
0.105677
0.106357
0.106398
0.105318
0.103113
0.0995142
0.0944572
0.0880983
0.0803285
0.0719802
0.100575
0.101526
0.10291
0.104786
0.106606
0.108413
0.109609
0.110259
0.109757
0.108196
0.105115
0.100559
0.0944944
0.0868087
0.07836
0.101714
0.10279
0.104378
0.106559
0.108752
0.111033
0.112747
0.114013
0.11411
0.113232
0.110707
0.106751
0.101019
0.0935182
0.0849875
0.102778
0.103973
0.105759
0.108231
0.110789
0.113532
0.115762
0.117642
0.118353
0.118185
0.116252
0.112983
0.107608
0.100414
0.0917488
0.10377
0.105078
0.10705
0.1098
0.112709
0.115895
0.118632
0.121112
0.122446
0.122998
0.121695
0.119183
0.11421
0.10747
0.0982631
0.104694
0.10611
0.108256
0.111266
0.114509
0.118121
0.121355
0.12443
0.126403
0.127715
0.127125
0.125499
0.121127
0.115383
0.104774
-0.0113944
-0.0140516
-0.0167656
-0.0195203
-0.0223058
-0.0251182
-0.0279563
-0.0308183
-0.0337014
-0.0366021
-0.0395165
-0.042441
-0.045372
-0.0483059
-0.0512391
-0.0541678
-0.0570881
-0.0599958
-0.0628875
-0.0657673
-0.0110661
-0.013722
-0.0164417
-0.0192022
-0.0219928
-0.024812
-0.0276602
-0.0305368
-0.033439
-0.0363629
-0.0393046
-0.0422602
-0.0452259
-0.0481981
-0.051173
-0.0541468
-0.0571159
-0.0600769
-0.0630263
-0.0659602
-0.0104628
-0.0131524
-0.0159228
-0.0187356
-0.0215754
-0.0244425
-0.0273405
-0.0302697
-0.0332272
-0.0362084
-0.0392086
-0.0422239
-0.0452502
-0.0482836
-0.0513202
-0.0543554
-0.0573848
-0.0604038
-0.0634089
-0.0664012
-0.00959553
-0.0123433
-0.0151941
-0.0180858
-0.0209969
-0.0239313
-0.0268972
-0.0298971
-0.0329279
-0.0359843
-0.0390609
-0.0421535
-0.0452582
-0.0483713
-0.0514887
-0.0546062
-0.0577197
-0.0608253
-0.0639202
-0.0670013
-0.00848023
-0.0113113
-0.014274
-0.0172743
-0.0202829
-0.023309
-0.0263673
-0.0294628
-0.0325919
-0.035748
-0.0389249
-0.0421182
-0.0453242
-0.0485391
-0.0517587
-0.0549785
-0.0581939
-0.0614004
-0.0645955
-0.0677776
-0.00712327
-0.0100606
-0.0131647
-0.0163002
-0.0194286
-0.0225666
-0.0257371
-0.0289483
-0.0321957
-0.0354706
-0.0387662
-0.0420779
-0.0454022
-0.0487357
-0.0520742
-0.0554131
-0.058748
-0.0620746
-0.0653911
-0.0686945
-0.00552787
-0.00859363
-0.0118682
-0.015165
-0.0184347
-0.0217043
-0.0250073
-0.0283551
-0.0317415
-0.0351555
-0.0385892
-0.0420382
-0.0454998
-0.0489704
-0.052446
-0.0559218
-0.0593929
-0.0628553
-0.0663077
-0.0697472
-0.00369439
-0.00691024
-0.0103842
-0.0138671
-0.0172983
-0.0207184
-0.0241733
-0.0276778
-0.031223
-0.034795
-0.0383848
-0.0419887
-0.0456044
-0.0492288
-0.0528577
-0.0564862
-0.0601096
-0.0637238
-0.0673286
-0.0709203
-0.00162128
-0.00500864
-0.00871096
-0.0124043
-0.0160162
-0.0196049
-0.0232313
-0.0269128
-0.0306367
-0.0343854
-0.0381492
-0.0419252
-0.0457122
-0.0495072
-0.0533059
-0.0571033
-0.0608945
-0.0646756
-0.0684475
-0.0722062
0.000694204
-0.00288615
-0.006846
-0.0107733
-0.0145843
-0.0183595
-0.0221771
-0.0260561
-0.0299784
-0.0339223
-0.0378776
-0.0418428
-0.0458176
-0.0497995
-0.0537839
-0.0577656
-0.0617397
-0.0657025
-0.0696563
-0.0735965
0.00325551
-0.000539626
-0.00478642
-0.00897045
-0.012998
-0.0169779
-0.0210068
-0.0251042
-0.0292447
-0.033402
-0.037566
-0.0417373
-0.0459167
-0.0501018
-0.0542876
-0.0584689
-0.0626407
-0.0667995
-0.0709493
-0.075085
0.00606637
0.00203414
-0.00252919
-0.0069918
-0.011253
-0.0154557
-0.0197169
-0.0240538
-0.0284321
-0.0328208
-0.0372109
-0.0416052
-0.0460058
-0.0504103
-0.0548132
-0.059209
-0.0635931
-0.0679619
-0.0723217
-0.0766667
0.00913048
0.00483817
-7.1373e-05
-0.00483339
-0.00934447
-0.0137889
-0.0183043
-0.0229021
-0.0275376
-0.0321756
-0.036809
-0.0414435
-0.0460823
-0.0507223
-0.0553578
-0.0599831
-0.0645938
-0.0691864
-0.0737698
-0.0783374
0.0124512
0.00787501
0.00258972
-0.00249132
-0.0072683
-0.0119742
-0.0167663
-0.0216467
-0.0265583
-0.0314633
-0.0363576
-0.0412499
-0.0461439
-0.0510356
-0.0559191
-0.0607888
-0.0656403
-0.0704702
-0.0752906
-0.0800939
0.0160312
0.0111465
0.00545635
3.80677e-05
-0.00502053
-0.0100086
-0.0151009
-0.0202852
-0.0254915
-0.0306812
-0.0358544
-0.0410224
-0.0461886
-0.0513483
-0.0564953
-0.0616243
-0.066731
-0.0718114
-0.076882
-0.081934
0.0198725
0.0146536
0.00853025
0.00275807
-0.0025978
-0.00788995
-0.0133066
-0.0188157
-0.0243348
-0.029827
-0.0352975
-0.0407593
-0.0462151
-0.051659
-0.0570853
-0.0624888
-0.0678653
-0.073209
-0.078543
-0.0838563
0.0239756
0.0183961
0.0118124
0.00567152
2.5827e-06
-0.00561688
-0.0113822
-0.0172365
-0.0230858
-0.0288985
-0.0346853
-0.0404595
-0.046222
-0.0519664
-0.0576872
-0.0633802
-0.0690404
-0.0746609
-0.0802722
-0.0858597
0.0283397
0.0223723
0.015303
0.00878064
0.00278255
-0.00318876
-0.00932712
-0.0155458
-0.0217426
-0.0278943
-0.0340167
-0.0401221
-0.0462084
-0.0522694
-0.0583012
-0.0643008
-0.070263
-0.076172
-0.0820726
-0.0879447
0.0329622
0.0265786
0.019001
0.012087
0.00574312
-0.000605775
-0.00714094
-0.0137422
-0.0203034
-0.026813
-0.0332912
-0.0397464
-0.0461735
-0.052566
-0.0589208
-0.065236
-0.0715091
-0.0777445
-0.0839516
-0.0901143
0.0378381
0.0310094
0.0229044
0.0155912
0.00888437
0.00213104
-0.00482361
-0.0118241
-0.0187667
-0.0256541
-0.0325085
-0.0393326
-0.0461178
-0.052858
-0.0595505
-0.0661932
-0.072788
-0.0793715
-0.0859002
-0.092364
0.0429597
0.0356558
0.0270092
0.0192934
0.0122052
0.00501976
-0.00237524
-0.00979002
-0.0171312
-0.0244169
-0.0316684
-0.0388807
-0.0460428
-0.0531507
-0.0602034
-0.0671992
-0.0741384
-0.0810528
-0.0879073
-0.0946878
0.0483159
0.0405052
0.0313103
0.0231926
0.0157031
0.0080574
0.000203987
-0.00763871
-0.0153965
-0.0231014
-0.0307705
-0.0383898
-0.045947
-0.0534401
-0.0608682
-0.0682291
-0.0755217
-0.0827841
-0.0899796
-0.0970892
0.0538904
0.0455402
0.0358008
0.0272874
0.0193737
0.0112402
0.00291423
-0.00536884
-0.0135622
-0.0217078
-0.029814
-0.0378586
-0.0458295
-0.0537264
-0.0615481
-0.0692911
-0.0769528
-0.0845759
-0.0921224
-0.09957
0.0596585
0.0507359
0.0404725
0.0315747
0.0232099
0.0145635
0.00575553
-0.00297999
-0.0116292
-0.0202362
-0.0287977
-0.0372858
-0.0456894
-0.0540091
-0.0622421
-0.0703832
-0.0784278
-0.086426
-0.0943353
-0.10213
0.0655828
0.0560581
0.0453164
0.0360501
0.0272026
0.0180235
0.00872887
-0.000472933
-0.00959964
-0.0186876
-0.0277215
-0.0366714
-0.045527
-0.0542885
-0.0629512
-0.0715081
-0.0799505
-0.0883375
-0.0966205
-0.104771
0.071613
0.0614625
0.0503199
0.0407006
0.031336
0.0216162
0.0118354
0.00215262
-0.00747191
-0.0170582
-0.0265812
-0.0360117
-0.0453393
-0.0545619
-0.0636724
-0.0726604
-0.0815167
-0.0903096
-0.0989786
-0.107493
0.0776875
0.0669137
0.0554829
0.0455146
0.0355974
0.0253367
0.015066
0.00488207
-0.00525951
-0.0153586
-0.0253855
-0.0353135
-0.0451307
-0.0548334
-0.0644148
-0.0738628
-0.0831457
-0.0923524
-0.101415
-0.1103
0.0836941
0.0723635
0.0607818
0.0504572
0.0399819
0.0292104
0.0184528
0.00775071
-0.00292525
-0.0135556
-0.024108
-0.0345561
-0.0448839
-0.0550815
-0.0651366
-0.0750315
-0.0847874
-0.0944499
-0.10392
-0.113183
0.089388
0.0778316
0.0662444
0.0554782
0.0444081
0.0331211
0.0218571
0.0106222
-0.000592654
-0.0117577
-0.0228405
-0.0338191
-0.044676
-0.0554065
-0.0660093
-0.0764544
-0.0865901
-0.0966275
-0.106474
-0.116112
0.0940419
0.0829548
0.0717981
0.0607563
0.0492526
0.0375206
0.0257571
0.0139852
0.00221803
-0.00950658
-0.0211455
-0.0326699
-0.0440567
-0.0552874
-0.0663505
-0.0772772
-0.0881737
-0.0988149
-0.109124
-0.11916
-0.068632
-0.0714729
-0.0742833
-0.0770603
-0.0798024
-0.0825076
-0.0851734
-0.087797
-0.0903757
-0.092907
-0.0953885
-0.0978179
-0.100193
-0.102513
-0.104774
-0.106976
-0.109116
-0.111194
-0.113209
-0.11516
-0.0688733
-0.0717601
-0.074618
-0.0774441
-0.0802353
-0.0829883
-0.0856999
-0.088367
-0.0909867
-0.0935563
-0.0960733
-0.0985353
-0.10094
-0.103286
-0.10557
-0.107791
-0.109949
-0.11204
-0.114067
-0.116032
-0.0693772
-0.0723289
-0.0752502
-0.0781376
-0.0809884
-0.0837999
-0.086569
-0.0892926
-0.0919677
-0.0945917
-0.097162
-0.0996762
-0.102132
-0.104528
-0.106862
-0.109131
-0.111337
-0.113476
-0.115555
-0.117579
-0.0700628
-0.0730978
-0.0761023
-0.0790733
-0.0820078
-0.0849028
-0.0877549
-0.0905608
-0.0933176
-0.0960225
-0.0986728
-0.101266
-0.103801
-0.106274
-0.108684
-0.11103
-0.113312
-0.115527
-0.117686
-0.1198
-0.0709414
-0.0740794
-0.0771864
-0.0802592
-0.0832951
-0.0862909
-0.0892435
-0.0921495
-0.0950059
-0.09781
-0.100559
-0.103251
-0.105884
-0.108456
-0.110965
-0.11341
-0.115792
-0.118107
-0.120374
-0.122608
-0.0719785
-0.0752356
-0.0784614
-0.081653
-0.0848076
-0.0879223
-0.0909936
-0.0940183
-0.0969937
-0.0999168
-0.102785
-0.105597
-0.10835
-0.111042
-0.113673
-0.11624
-0.118746
-0.121187
-0.123588
-0.125968
-0.0731671
-0.0765599
-0.0799209
-0.0832476
-0.0865374
-0.0897873
-0.0929941
-0.0961547
-0.0992662
-0.102326
-0.105332
-0.108282
-0.111174
-0.114007
-0.11678
-0.119489
-0.122141
-0.12473
-0.127288
-0.12984
-0.0744918
-0.0780353
-0.0815466
-0.0850236
-0.088464
-0.0918648
-0.095223
-0.0985354
-0.1018
-0.105013
-0.108174
-0.11128
-0.11433
-0.117321
-0.120255
-0.123128
-0.125947
-0.128705
-0.131443
-0.134191
-0.0759439
-0.0796528
-0.0833291
-0.086971
-0.0905766
-0.0941431
-0.0976677
-0.101147
-0.10458
-0.107963
-0.111295
-0.114573
-0.117798
-0.120966
-0.12408
-0.127134
-0.13014
-0.133087
-0.136027
-0.138991
-0.0775147
-0.0814029
-0.085258
-0.0890787
-0.0928635
-0.0966099
-0.100315
-0.103976
-0.107592
-0.111159
-0.114677
-0.118143
-0.121559
-0.12492
-0.128231
-0.131485
-0.134696
-0.13785
-0.141011
-0.144212
-0.0791974
-0.0832785
-0.0873257
-0.0913386
-0.0953159
-0.0992554
-0.103155
-0.107011
-0.110823
-0.114588
-0.118307
-0.121976
-0.125597
-0.129166
-0.13269
-0.136159
-0.139593
-0.142972
-0.146373
-0.149829
-0.0809866
-0.0852735
-0.0895257
-0.0937433
-0.0979258
-0.102071
-0.106177
-0.110241
-0.114262
-0.118238
-0.12217
-0.126055
-0.129896
-0.133688
-0.137439
-0.141138
-0.144809
-0.148429
-0.152086
-0.155814
-0.0828778
-0.087383
-0.0918524
-0.0962869
-0.100686
-0.105049
-0.109373
-0.113657
-0.117899
-0.122098
-0.126256
-0.130369
-0.134441
-0.138467
-0.142459
-0.146401
-0.150324
-0.154198
-0.158126
-0.16214
-0.0848674
-0.0896031
-0.0943013
-0.0989641
-0.103592
-0.108183
-0.112736
-0.11725
-0.121724
-0.126157
-0.13055
-0.134902
-0.139217
-0.143489
-0.147732
-0.151928
-0.156115
-0.160255
-0.164467
-0.168778
-0.0869528
-0.0919304
-0.0968686
-0.10177
-0.106637
-0.111467
-0.116259
-0.121013
-0.125728
-0.130403
-0.135042
-0.139642
-0.144208
-0.148735
-0.153239
-0.1577
-0.162159
-0.166575
-0.171081
-0.175699
-0.0891321
-0.0943626
-0.0995512
-0.104702
-0.109817
-0.114895
-0.119936
-0.124937
-0.129902
-0.134828
-0.13972
-0.144575
-0.149401
-0.15419
-0.158961
-0.163693
-0.168434
-0.173133
-0.177941
-0.182871
-0.0914036
-0.0968974
-0.102346
-0.107756
-0.113129
-0.118463
-0.123759
-0.129016
-0.134237
-0.139421
-0.144571
-0.149688
-0.154778
-0.159835
-0.164879
-0.169888
-0.174914
-0.1799
-0.185014
-0.190259
-0.0937661
-0.0995327
-0.105252
-0.110929
-0.116567
-0.122165
-0.127722
-0.133242
-0.138724
-0.144171
-0.149584
-0.154967
-0.160324
-0.165653
-0.170973
-0.176261
-0.181574
-0.186851
-0.192271
-0.197832
-0.0962198
-0.102268
-0.108265
-0.114218
-0.120128
-0.125996
-0.131821
-0.137608
-0.143354
-0.149068
-0.154746
-0.160397
-0.166022
-0.171625
-0.177219
-0.182789
-0.188388
-0.193957
-0.199681
-0.205557
-0.0987631
-0.105101
-0.111385
-0.117621
-0.123809
-0.129952
-0.136048
-0.142105
-0.148119
-0.154101
-0.160045
-0.165966
-0.171857
-0.177734
-0.183597
-0.189449
-0.195326
-0.201189
-0.207208
-0.213403
-0.101394
-0.108031
-0.114609
-0.121134
-0.127605
-0.134027
-0.140398
-0.146727
-0.153009
-0.159259
-0.165466
-0.171658
-0.177809
-0.183963
-0.190088
-0.196223
-0.202367
-0.208521
-0.214821
-0.221332
-0.104112
-0.111057
-0.117936
-0.124755
-0.131514
-0.138217
-0.144864
-0.151464
-0.158013
-0.16453
-0.170996
-0.177453
-0.183857
-0.190284
-0.196659
-0.203081
-0.209478
-0.215928
-0.22249
-0.229309
-0.106918
-0.114178
-0.121364
-0.128481
-0.13553
-0.142516
-0.14944
-0.15631
-0.163124
-0.169902
-0.176622
-0.183337
-0.189985
-0.196674
-0.203278
-0.209981
-0.216604
-0.223355
-0.230158
-0.237285
-0.109811
-0.117394
-0.124891
-0.13231
-0.139652
-0.146921
-0.15412
-0.161259
-0.168334
-0.175369
-0.182341
-0.189307
-0.196194
-0.203139
-0.209958
-0.21693
-0.223733
-0.230777
-0.237765
-0.245206
-0.112791
-0.120701
-0.128515
-0.136239
-0.143875
-0.151426
-0.158899
-0.166301
-0.173634
-0.180917
-0.188136
-0.195344
-0.20247
-0.209662
-0.216702
-0.223948
-0.230916
-0.238261
-0.245349
-0.2531
-0.115859
-0.1241
-0.132233
-0.140262
-0.148189
-0.156019
-0.163757
-0.171412
-0.178988
-0.186501
-0.193944
-0.201362
-0.208701
-0.2161
-0.223345
-0.230838
-0.237978
-0.245665
-0.252839
-0.26096
-0.119019
-0.127595
-0.136045
-0.144375
-0.152587
-0.160686
-0.168677
-0.176567
-0.184364
-0.19208
-0.199715
-0.207301
-0.214807
-0.22234
-0.229732
-0.237368
-0.244634
-0.252614
-0.259869
-0.268539
-0.122266
-0.13119
-0.139968
-0.148608
-0.157112
-0.165486
-0.173735
-0.18187
-0.189899
-0.197832
-0.205677
-0.213452
-0.221148
-0.228831
-0.236389
-0.244126
-0.2515
-0.25965
-0.266845
-0.276098
-0.125571
-0.134868
-0.144012
-0.153004
-0.161843
-0.170537
-0.179095
-0.187528
-0.195849
-0.204069
-0.212201
-0.220259
-0.22825
-0.236201
-0.244063
-0.251998
-0.259628
-0.26787
-0.275056
-0.284586
-0.128963
-0.138587
-0.148058
-0.157362
-0.166491
-0.17545
-0.184252
-0.192909
-0.201436
-0.209848
-0.218163
-0.226396
-0.234565
-0.24268
-0.250743
-0.258795
-0.266677
-0.274797
-0.28221
-0.291501
-0.119939
-0.12658
-0.132001
-0.135871
-0.13789
-0.13781
-0.135456
-0.13073
-0.123655
-0.114429
-0.103459
-0.0913085
-0.0786174
-0.0660299
-0.0541206
-0.0433363
-0.0339627
-0.0260749
-0.019627
-0.0145141
-0.0105624
-0.00755945
-0.00530596
-0.00364022
-0.00242907
-0.00156802
-0.000967395
-0.000562562
-0.000283009
-9.17383e-05
-0.120889
-0.127607
-0.133049
-0.136903
-0.138888
-0.138758
-0.136328
-0.131488
-0.124262
-0.114864
-0.103715
-0.0913961
-0.0785628
-0.0658702
-0.0538985
-0.0430925
-0.0337252
-0.0258607
-0.0194462
-0.0143698
-0.0104519
-0.00747764
-0.00524702
-0.00359863
-0.00240028
-0.00154847
-0.000954561
-0.000554641
-0.000278789
-9.05204e-05
-0.12264
-0.129517
-0.134997
-0.138823
-0.140749
-0.140536
-0.137966
-0.132911
-0.125401
-0.115677
-0.104191
-0.0915548
-0.0784549
-0.065567
-0.0534802
-0.0426342
-0.0332796
-0.02546
-0.0191092
-0.014101
-0.0102464
-0.00732565
-0.00513764
-0.00352152
-0.00234691
-0.00151222
-0.000930781
-0.000539921
-0.00027096
-8.81635e-05
-0.12514
-0.132234
-0.13776
-0.141548
-0.1434
-0.143065
-0.140292
-0.134926
-0.12701
-0.11682
-0.104853
-0.0917658
-0.0782894
-0.0651284
-0.0528832
-0.0419841
-0.0326504
-0.0248971
-0.0186372
-0.0137257
-0.00996
-0.00711434
-0.00498584
-0.00341464
-0.002273
-0.00146202
-0.000897855
-0.000519518
-0.000260117
-8.48535e-05
-0.128309
-0.135669
-0.141241
-0.144984
-0.146752
-0.14627
-0.143236
-0.137471
-0.129035
-0.118252
-0.105671
-0.0920096
-0.0780587
-0.0645585
-0.052121
-0.0411617
-0.0318591
-0.0241931
-0.0180497
-0.0132599
-0.00960566
-0.00685353
-0.00479887
-0.00328321
-0.00218219
-0.00140036
-0.000857413
-0.000494437
-0.000246801
-8.07461e-05
-0.132102
-0.13976
-0.145374
-0.149072
-0.150752
-0.150095
-0.146746
-0.140496
-0.131435
-0.119936
-0.106614
-0.0922669
-0.0777543
-0.0638593
-0.0512045
-0.040183
-0.0309241
-0.0233668
-0.0173637
-0.0127182
-0.00919492
-0.00655211
-0.00458334
-0.00313198
-0.00207782
-0.00132949
-0.000810932
-0.000465589
-0.000231501
-7.59794e-05
-0.136472
-0.14445
-0.150098
-0.153755
-0.155344
-0.154491
-0.150773
-0.14396
-0.134171
-0.12184
-0.107658
-0.0925192
-0.0773668
-0.0630315
-0.0501428
-0.0390619
-0.0298618
-0.022435
-0.0165946
-0.0121136
-0.00873819
-0.00621805
-0.00434517
-0.00296523
-0.00196285
-0.00125144
-0.000759734
-0.000433785
-0.000214656
-7.06782e-05
-0.141382
-0.149689
-0.155362
-0.158983
-0.160485
-0.159416
-0.15528
-0.147825
-0.137212
-0.123935
-0.108777
-0.0927488
-0.0768872
-0.0620751
-0.0489436
-0.0378107
-0.0286873
-0.021413
-0.0157563
-0.0114578
-0.0082448
-0.00585849
-0.00408962
-0.00278674
-0.00183994
-0.00116797
-0.000704982
-0.000399743
-0.000196652
-6.49531e-05
-0.146796
-0.155431
-0.161119
-0.164713
-0.166137
-0.164835
-0.160231
-0.152064
-0.140532
-0.126196
-0.10995
-0.0929392
-0.076307
-0.0609901
-0.0476141
-0.0364409
-0.0274142
-0.0203145
-0.0148612
-0.0107613
-0.00772306
-0.00547974
-0.00382137
-0.00259984
-0.00171138
-0.00108065
-0.000647693
-0.000364089
-0.000177828
-5.89019e-05
-0.152681
-0.161633
-0.167326
-0.170906
-0.172264
-0.170713
-0.165597
-0.156649
-0.144106
-0.128601
-0.111156
-0.0930754
-0.075619
-0.0597774
-0.046161
-0.0349634
-0.0260555
-0.0191524
-0.0139209
-0.0100335
-0.00718036
-0.00508738
-0.00354449
-0.00240744
-0.00157918
-0.000990837
-0.000588744
-0.000327364
-0.000158475
-5.261e-05
-0.159007
-0.168251
-0.173941
-0.177525
-0.178833
-0.17702
-0.171352
-0.161559
-0.147915
-0.131128
-0.112376
-0.0931435
-0.0748167
-0.0584381
-0.0445911
-0.0333889
-0.0246234
-0.0179384
-0.0129455
-0.00928274
-0.00662321
-0.00468629
-0.00326252
-0.00221204
-0.00144508
-0.000899674
-0.000528883
-0.000290032
-0.000138843
-4.61517e-05
-0.16574
-0.175244
-0.180923
-0.184533
-0.185812
-0.183727
-0.177471
-0.166774
-0.15194
-0.133758
-0.113594
-0.0931314
-0.0738954
-0.0569746
-0.0429114
-0.0317276
-0.0231292
-0.0166834
-0.0119444
-0.00851661
-0.00605733
-0.00428069
-0.00297852
-0.00201579
-0.00131053
-0.000808139
-0.000468741
-0.000252482
-0.000119142
-3.95913e-05
-0.172847
-0.182567
-0.188234
-0.191898
-0.19317
-0.190807
-0.183935
-0.172279
-0.156164
-0.136475
-0.114794
-0.0930285
-0.0728511
-0.0553898
-0.0411295
-0.0299898
-0.0215837
-0.0153972
-0.0109259
-0.00774167
-0.00548771
-0.00387422
-0.00269507
-0.0018205
-0.00117675
-0.000717048
-0.000408846
-0.000215043
-9.95471e-05
-3.29841e-05
-0.180293
-0.190176
-0.195835
-0.199588
-0.200876
-0.198233
-0.190723
-0.178059
-0.160572
-0.139262
-0.115962
-0.0928258
-0.0716816
-0.0536876
-0.039253
-0.0281854
-0.0199973
-0.0140889
-0.0098975
-0.00696374
-0.00491866
-0.00347
-0.00241438
-0.00162766
-0.00104477
-0.000627072
-0.000349629
-0.000177984
-8.02024e-05
-2.63772e-05
-0.188041
-0.198025
-0.203686
-0.207571
-0.208899
-0.205981
-0.19782
-0.184099
-0.165151
-0.142105
-0.117086
-0.092516
-0.0703861
-0.0518726
-0.0372903
-0.0263244
-0.0183794
-0.012767
-0.00886595
-0.00618789
-0.00435386
-0.00307063
-0.00213824
-0.00143853
-0.000915405
-0.000538756
-0.000291442
-0.000141525
-6.12239e-05
-1.98104e-05
-0.196053
-0.206068
-0.211749
-0.215813
-0.21721
-0.214028
-0.205211
-0.190389
-0.169888
-0.144993
-0.118155
-0.0920932
-0.068965
-0.0499503
-0.0352498
-0.0244163
-0.0167392
-0.0114391
-0.00783716
-0.00541849
-0.00379644
-0.00267829
-0.00186816
-0.0012541
-0.000789321
-0.000452536
-0.000234564
-0.000105842
-4.27033e-05
-1.33174e-05
-0.204289
-0.214261
-0.21999
-0.224283
-0.225779
-0.222352
-0.212882
-0.196918
-0.174772
-0.147912
-0.11916
-0.0915529
-0.06742
-0.0479268
-0.0331404
-0.0224706
-0.0150852
-0.0101119
-0.00681633
-0.00465931
-0.00324901
-0.00229476
-0.00160533
-0.00107516
-0.000667031
-0.000368749
-0.00017921
-7.10732e-05
-2.47117e-05
-6.92596e-06
-0.212703
-0.22256
-0.228371
-0.232947
-0.234577
-0.230934
-0.220819
-0.203674
-0.179792
-0.150852
-0.120093
-0.0908923
-0.0657542
-0.045809
-0.0309711
-0.0204962
-0.013425
-0.0087917
-0.005808
-0.00391351
-0.00271372
-0.00192147
-0.00135068
-0.000902322
-0.000548926
-0.00028765
-0.000125543
-3.73227e-05
-7.30198e-06
-6.59097e-07
-0.221249
-0.230921
-0.236858
-0.241772
-0.243576
-0.239752
-0.22901
-0.210647
-0.18494
-0.153805
-0.120946
-0.0901097
-0.0639717
-0.0436045
-0.0287509
-0.0185019
-0.011766
-0.00748398
-0.00481607
-0.00318375
-0.00219233
-0.00155955
-0.00110493
-0.000736025
-0.000435283
-0.00020942
-7.36825e-05
-4.66863e-06
9.48806e-06
5.46441e-06
-0.229873
-0.2393
-0.245418
-0.250723
-0.252747
-0.248787
-0.237441
-0.217826
-0.190204
-0.15676
-0.121715
-0.0892049
-0.0620776
-0.0413213
-0.0264889
-0.0164959
-0.0101149
-0.00619359
-0.00384389
-0.00247223
-0.00168622
-0.00120987
-0.000868595
-0.000576582
-0.000326292
-0.000134183
-2.37067e-05
2.68348e-05
2.56331e-05
1.14293e-05
-0.23852
-0.247655
-0.254013
-0.259764
-0.262061
-0.258018
-0.246097
-0.225199
-0.195575
-0.159709
-0.122394
-0.0881788
-0.0600779
-0.0389681
-0.0241941
-0.0144862
-0.00847754
-0.00492481
-0.00289427
-0.00178071
-0.00119649
-0.000873066
-0.000642038
-0.000424185
-0.000222058
-6.20096e-05
2.43358e-05
5.71522e-05
4.11183e-05
1.72232e-05
-0.247134
-0.255946
-0.262609
-0.268857
-0.271486
-0.267421
-0.25496
-0.232752
-0.201042
-0.162645
-0.12298
-0.0870337
-0.0579796
-0.0365537
-0.0218755
-0.0124801
-0.00685959
-0.00368133
-0.00196955
-0.00111061
-0.00072394
-0.000549577
-0.000425473
-0.000278926
-0.000122623
7.07075e-06
7.04225e-05
8.6264e-05
5.59369e-05
2.2836e-05
-0.255657
-0.264133
-0.271171
-0.277963
-0.280992
-0.27697
-0.264008
-0.240468
-0.206592
-0.165558
-0.123471
-0.085773
-0.0557905
-0.0340875
-0.0195419
-0.0104848
-0.00526598
-0.00246637
-0.00107165
-0.00046302
-0.000269162
-0.000239681
-0.000218995
-0.000140812
-2.79726e-05
7.3064e-05
0.000114552
0.000114163
7.00894e-05
2.82599e-05
-0.264029
-0.27218
-0.279662
-0.287041
-0.290542
-0.286634
-0.273216
-0.248325
-0.212211
-0.16844
-0.123864
-0.0844012
-0.053519
-0.0315791
-0.017202
-0.0085068
-0.00370116
-0.00128265
-0.0002021
0.00016127
0.000167467
5.64872e-05
-2.25994e-05
-9.78311e-06
6.19536e-05
0.000136003
0.00015674
0.000140854
8.35811e-05
3.34883e-05
-0.272193
-0.280053
-0.288046
-0.296046
-0.300093
-0.296371
-0.282547
-0.256297
-0.21788
-0.171281
-0.12416
-0.0829241
-0.0511745
-0.0290386
-0.0148643
-0.00655243
-0.00216922
-0.000132539
0.000637841
0.000761635
0.000585689
0.000338882
0.000163789
0.000114275
0.000147245
0.000195936
0.000197006
0.000166342
9.64194e-05
3.85154e-05
-0.280088
-0.287713
-0.296277
-0.304924
-0.309593
-0.306126
-0.291951
-0.264343
-0.223575
-0.17407
-0.124357
-0.0813486
-0.0487672
-0.026476
-0.0125374
-0.00462777
-0.000674078
0.000981722
0.001447
0.00133749
0.000985249
0.000607476
0.000340283
0.000231516
0.000228023
0.000252926
0.000235377
0.000190633
0.000108611
4.33344e-05
-0.287621
-0.295117
-0.3043
-0.3136
-0.318972
-0.315822
-0.301355
-0.272409
-0.22926
-0.176792
-0.124454
-0.0796823
-0.0463079
-0.0239021
-0.0102292
-0.00273813
0.000781287
0.00205873
0.00222491
0.00188879
0.00136628
0.000862504
0.000507164
0.000342197
0.00030448
0.000307098
0.000271928
0.000213771
0.00012018
4.79447e-05
-0.294717
-0.302207
-0.312061
-0.321998
-0.328108
-0.325364
-0.31068
-0.280431
-0.234897
-0.17943
-0.124453
-0.0779361
-0.0438088
-0.0213265
-0.00794563
-0.000885137
0.00219805
0.00310071
0.00297402
0.00241788
0.0017307
0.00110527
0.000665187
0.000446739
0.000376896
0.000358687
0.000306861
0.000235898
0.000131208
5.23718e-05
-0.301445
-0.308906
-0.319482
-0.330101
-0.336922
-0.334746
-0.319947
-0.288448
-0.240527
-0.182022
-0.124386
-0.0761319
-0.0412815
-0.0187539
-0.00568955
0.000931202
0.0035786
0.00411044
0.00369686
0.00292706
0.00208035
0.00133681
0.000814683
0.000545185
0.000445255
0.000407675
0.000340187
0.000257045
0.000141714
5.66288e-05
-0.307846
-0.315071
-0.326323
-0.337838
-0.346027
-0.344121
-0.32923
-0.296532
-0.246205
-0.184595
-0.124231
-0.0742381
-0.0387156
-0.0161942
-0.00348897
0.00267138
0.00488162
0.00505379
0.00436623
0.00339475
0.00239936
0.00154721
0.000950818
0.000635667
0.00050843
0.000452757
0.00037052
0.000276156
0.000151148
6.0479e-05
-0.313693
-0.320554
-0.332312
-0.343707
-0.351604
-0.350018
-0.334871
-0.301139
-0.249085
-0.185209
-0.123031
-0.0719292
-0.0360712
-0.0137067
-0.00140399
0.00425816
0.00602141
0.00586627
0.00493472
0.00378162
0.00265935
0.00172468
0.00107486
0.000723628
0.000570909
0.000496165
0.000398307
0.000293075
0.000159465
6.37929e-05
-0.31937
-0.328182
-0.341306
-0.353394
-0.36175
-0.358789
-0.34116
-0.303644
-0.247225
-0.179933
-0.116066
-0.0650868
-0.0304292
-0.00946632
0.00159467
0.00633124
0.00747666
0.00685543
0.005607
0.00423964
0.00296655
0.00192488
0.00120492
0.000812758
0.000635821
0.000543832
0.000430894
0.000313537
0.000169696
6.7859e-05
-0.32517
-0.3353
-0.349192
-0.361287
-0.369147
-0.365336
-0.346032
-0.305719
-0.245948
-0.175411
-0.109997
-0.059004
-0.0252574
-0.00544444
0.00453666
0.00840994
0.00886098
0.00778096
0.00623452
0.00466696
0.00325359
0.00211348
0.00132911
0.000898977
0.000699645
0.000591409
0.000463717
0.000334113
0.000179946
7.2131e-05
-0.330934
-0.342114
-0.35677
-0.369246
-0.377318
-0.372409
-0.351092
-0.307625
-0.244117
-0.170348
-0.103543
-0.0527339
-0.0200653
-0.001486
0.00739143
0.0103867
0.0101898
0.00867943
0.00684565
0.00508242
0.00353153
0.00229544
0.00144909
0.000982913
0.000762242
0.000638141
0.000495819
0.000354104
0.000189863
7.64773e-05
-0.336496
-0.34844
-0.363869
-0.376572
-0.384458
-0.378475
-0.355303
-0.308894
-0.24184
-0.164907
-0.0968728
-0.0463477
-0.0148268
0.00247499
0.010209
0.0123265
0.0114968
0.00956053
0.00744322
0.00548743
0.00380134
0.00247135
0.00156509
0.00106462
0.000823662
0.000684105
0.000527329
0.000373621
0.000199515
8.08247e-05
-0.341844
-0.354059
-0.370246
-0.383196
-0.391007
-0.383939
-0.358884
-0.309557
-0.239017
-0.159079
-0.0900329
-0.0399158
-0.00961024
0.00639365
0.0129869
0.0142242
0.0127696
0.0104158
0.008022
0.00587854
0.00406091
0.00264023
0.00167683
0.00114407
0.000883897
0.000729307
0.000558263
0.000392675
0.000208918
8.52218e-05
-0.347052
-0.358872
-0.375877
-0.38901
-0.396613
-0.38843
-0.361538
-0.309408
-0.235585
-0.152882
-0.083057
-0.0334691
-0.00444224
0.0102445
0.0157
0.0160635
0.0140002
0.0112413
0.00857946
0.00625401
0.0043092
0.00280163
0.00178424
0.00122126
0.0009429
0.000773636
0.0005885
0.000411177
0.000218024
8.95741e-05
-0.352111
-0.362894
-0.380739
-0.393952
-0.401272
-0.391947
-0.363246
-0.30842
-0.231465
-0.146367
-0.0760068
-0.0270658
0.000634752
0.0139985
0.0183247
0.0178339
0.0151823
0.0120327
0.00911257
0.0066118
0.00454505
0.00295511
0.00188725
0.0012962
0.0010006
0.000816947
0.000617901
0.000429028
0.000226783
9.3853e-05
-0.356705
-0.366254
-0.38489
-0.398037
-0.404939
-0.394408
-0.363887
-0.306519
-0.226695
-0.139596
-0.0689536
-0.0207732
0.0055694
0.0176199
0.0208398
0.0195229
0.0163077
0.0127847
0.00961779
0.00694965
0.00476725
0.00310024
0.00198581
0.00136887
0.00105687
0.000859069
0.000646313
0.000446134
0.000235148
9.8035e-05
-0.36064
-0.368957
-0.388392
-0.401276
-0.407611
-0.39581
-0.363472
-0.303664
-0.221328
-0.132648
-0.0619825
-0.0146685
0.0103042
0.0210689
0.0232207
0.0211156
0.0173671
0.0134916
0.0100914
0.00726527
0.00497463
0.00323659
0.00207982
0.00143917
0.00111153
0.000899788
0.000673566
0.000462389
0.000243072
0.000102077
-0.363696
-0.371247
-0.39124
-0.403688
-0.409294
-0.396158
-0.362003
-0.299891
-0.21545
-0.12562
-0.0551903
-0.0088363
0.014777
0.0243029
0.0254409
0.0225964
0.0183509
0.0141473
0.0105297
0.00755643
0.00516608
0.00336374
0.0021691
0.00150691
0.00116432
0.00093884
0.000699467
0.000477685
0.000250503
0.000105933
-0.366081
-0.373122
-0.393432
-0.405248
-0.409983
-0.395465
-0.359535
-0.295319
-0.209171
-0.118627
-0.0486821
-0.0033643
0.0189244
0.0272789
0.0274741
0.0239496
0.0192498
0.0147461
0.0109292
0.00782111
0.0053406
0.00348125
0.00225335
0.00157174
0.00121485
0.000975905
0.000723801
0.000491906
0.000257391
0.00010956
-0.367768
-0.374622
-0.394825
-0.406011
-0.409703
-0.393806
-0.356137
-0.290072
-0.202632
-0.111801
-0.0425673
0.00166112
0.0226861
0.029957
0.0292961
0.0251612
0.0200551
0.0152828
0.0112866
0.00805763
0.00549734
0.00358861
0.0023321
0.00163314
0.00126264
0.00101061
0.000746336
0.000504936
0.000263681
0.000112913
-0.36922
-0.375399
-0.395717
-0.405837
-0.408658
-0.391253
-0.351952
-0.284363
-0.196004
-0.105294
-0.0369548
0.0061615
0.0260094
0.0323045
0.0308873
0.0262195
0.0207598
0.0157533
0.0115998
0.00826475
0.0056356
0.00368523
0.00240467
0.00169039
0.00130707
0.00104251
0.000766825
0.000516657
0.000269322
0.000115949
-0.369507
-0.376067
-0.395627
-0.405092
-0.406626
-0.388068
-0.347312
-0.278364
-0.189515
-0.0992578
-0.0319476
0.0100675
0.0288563
0.0343001
0.0322349
0.0271172
0.0213596
0.0161549
0.0118672
0.00844172
0.00575484
0.0037704
0.00247017
0.00174259
0.0013474
0.00107115
0.000785013
0.000526956
0.000274266
0.000118631
-0.369529
-0.37606
-0.395152
-0.403704
-0.404295
-0.384436
-0.342331
-0.272513
-0.183387
-0.0938806
-0.0276363
0.0133382
0.0311956
0.035935
0.0333349
0.0278519
0.0218527
0.0164864
0.0120882
0.00858829
0.00585467
0.00384333
0.00252749
0.00178865
0.00138281
0.00109604
0.000800649
0.000535726
0.000278464
0.000120922
-0.369105
-0.375706
-0.39429
-0.401996
-0.401689
-0.380762
-0.33758
-0.266938
-0.178007
-0.0892717
-0.0241034
0.01595
0.0330274
0.0372103
0.0341899
0.0284261
0.0222403
0.0167482
0.0122632
0.00870463
0.0059348
0.00390315
0.00257542
0.00182741
0.00141247
0.00111667
0.000813494
0.00054287
0.000281877
0.000122794
-0.368517
-0.375141
-0.393335
-0.40028
-0.399247
-0.377443
-0.333403
-0.26227
-0.173465
-0.0857054
-0.0213936
0.0178865
0.0343681
0.0381388
0.0348115
0.0288456
0.0225254
0.0169419
0.012393
0.00879118
0.00599504
0.00394897
0.00261273
0.00185772
0.00143557
0.00113261
0.000823335
0.000548306
0.00028447
0.000124219
-0.367958
-0.374598
-0.392519
-0.398904
-0.397362
-0.374925
-0.330292
-0.258834
-0.170287
-0.0831774
-0.01956
0.0191606
0.0352413
0.0387409
0.0352146
0.0291188
0.0227121
0.0170694
0.0124787
0.00884847
0.00603526
0.00398002
0.00263831
0.00187857
0.0014514
0.00114347
0.000829999
0.000551968
0.000286214
0.000125181
-0.367624
-0.37427
-0.392052
-0.398131
-0.39632
-0.373562
-0.328619
-0.257016
-0.168609
-0.0818939
-0.0186329
0.0197919
0.0356705
0.039036
0.0354122
0.0292532
0.0228043
0.0171326
0.0125213
0.00887697
0.00605539
0.0039957
0.00265132
0.0018892
0.00145945
0.00114896
0.000833363
0.000553811
0.000287091
0.000125664
)
;

boundaryField
{
    inlet
    {
        type            zeroGradient;
    }
    outlet
    {
        type            fixedValue;
        value           uniform 0;
    }
    cylinder
    {
        type            zeroGradient;
    }
    top
    {
        type            symmetryPlane;
    }
    bottom
    {
        type            symmetryPlane;
    }
    defaultFaces
    {
        type            empty;
    }
}


// ************************************************************************* //
