/*--------------------------------*- C++ -*----------------------------------*\
  =========                 |
  \\      /  F ield         | OpenFOAM: The Open Source CFD Toolbox
   \\    /   O peration     | Website:  https://openfoam.org
    \\  /    A nd           | Version:  9
     \\/     M anipulation  |
\*---------------------------------------------------------------------------*/
FoamFile
{
    format      ascii;
    class       volScalarField;
    location    "57";
    object      p;
}
// * * * * * * * * * * * * * * * * * * * * * * * * * * * * * * * * * * * * * //

dimensions      [0 2 -2 0 0 0 0];

internalField   nonuniform List<scalar> 
8500
(
-0.275726
-0.279939
-0.280774
-0.282521
-0.284605
-0.284851
-0.288601
-0.284977
-0.291143
-0.283829
-0.275991
-0.280142
-0.280972
-0.282688
-0.284803
-0.284945
-0.288898
-0.284913
-0.291555
-0.283715
-0.276514
-0.280544
-0.28136
-0.283012
-0.285192
-0.285123
-0.289483
-0.284767
-0.292376
-0.283487
-0.277281
-0.281134
-0.281925
-0.283478
-0.285754
-0.285364
-0.290337
-0.284512
-0.293593
-0.28314
-0.278275
-0.281895
-0.28265
-0.284066
-0.286464
-0.285642
-0.291424
-0.284109
-0.295183
-0.282671
-0.279471
-0.282809
-0.283511
-0.284747
-0.287287
-0.285931
-0.292692
-0.283524
-0.297106
-0.282062
-0.280846
-0.283856
-0.284483
-0.285494
-0.28818
-0.286208
-0.294064
-0.282726
-0.299305
-0.281253
-0.282371
-0.285013
-0.285538
-0.286277
-0.28909
-0.286459
-0.295446
-0.281705
-0.30169
-0.280235
-0.284021
-0.28626
-0.286647
-0.287071
-0.28996
-0.28668
-0.296721
-0.280532
-0.303822
-0.279216
-0.285773
-0.287578
-0.287783
-0.287854
-0.290734
-0.286887
-0.297672
-0.279437
-0.305624
-0.277822
-0.287607
-0.28895
-0.28892
-0.288612
-0.291354
-0.287166
-0.298165
-0.278316
-0.307052
-0.276207
-0.28951
-0.290365
-0.290039
-0.289335
-0.291716
-0.287562
-0.298214
-0.277239
-0.307703
-0.274846
-0.291478
-0.291818
-0.291131
-0.290041
-0.291842
-0.287947
-0.297816
-0.276527
-0.307029
-0.274297
-0.293512
-0.293309
-0.292186
-0.290708
-0.291788
-0.288266
-0.296907
-0.276342
-0.304636
-0.274588
-0.295624
-0.294844
-0.293216
-0.291316
-0.291599
-0.2885
-0.295549
-0.276606
-0.300504
-0.27492
-0.297841
-0.29643
-0.294258
-0.291871
-0.291329
-0.288458
-0.293867
-0.276953
-0.295131
-0.274198
-0.300195
-0.298089
-0.295342
-0.292403
-0.291051
-0.288099
-0.291948
-0.276996
-0.289161
-0.271896
-0.302728
-0.299852
-0.296502
-0.292953
-0.290826
-0.287445
-0.289764
-0.276539
-0.282852
-0.268032
-0.305487
-0.301755
-0.297781
-0.293558
-0.29066
-0.286604
-0.287221
-0.275509
-0.276135
-0.263023
-0.30853
-0.303837
-0.299231
-0.294242
-0.290514
-0.285699
-0.284298
-0.273767
-0.269054
-0.25765
-0.311911
-0.306149
-0.300903
-0.295007
-0.29036
-0.284769
-0.281068
-0.271086
-0.262227
-0.252402
-0.315674
-0.308759
-0.302835
-0.295837
-0.290231
-0.283752
-0.277614
-0.267412
-0.256099
-0.245884
-0.319895
-0.31172
-0.305032
-0.296743
-0.290185
-0.282528
-0.273968
-0.263009
-0.249948
-0.239146
-0.324636
-0.315094
-0.307458
-0.297804
-0.290216
-0.28099
-0.270129
-0.258014
-0.243796
-0.232363
-0.329959
-0.318936
-0.310062
-0.299152
-0.290235
-0.279079
-0.266051
-0.252627
-0.237529
-0.225489
-0.335933
-0.323257
-0.312846
-0.300862
-0.290121
-0.276767
-0.261712
-0.246941
-0.231125
-0.218591
-0.342632
-0.328008
-0.315924
-0.302859
-0.289771
-0.27405
-0.257094
-0.241017
-0.224583
-0.211602
-0.350125
-0.333092
-0.319498
-0.304939
-0.289111
-0.270932
-0.252191
-0.23488
-0.217888
-0.20452
-0.358454
-0.338407
-0.323753
-0.306887
-0.288068
-0.267417
-0.246992
-0.22853
-0.211039
-0.197306
-0.367597
-0.34389
-0.328732
-0.308549
-0.286574
-0.263498
-0.241488
-0.221959
-0.204014
-0.189939
-0.377435
-0.349554
-0.334254
-0.309829
-0.284565
-0.259157
-0.23566
-0.215147
-0.196798
-0.182394
-0.387745
-0.355477
-0.339935
-0.310648
-0.281988
-0.254364
-0.229486
-0.208074
-0.189365
-0.174649
-0.398194
-0.361755
-0.345287
-0.310918
-0.2788
-0.249084
-0.222938
-0.200714
-0.181693
-0.166682
-0.408465
-0.368452
-0.349849
-0.310524
-0.27496
-0.243278
-0.215984
-0.193041
-0.17376
-0.158475
-0.418252
-0.375532
-0.353269
-0.309335
-0.270428
-0.236912
-0.208591
-0.185026
-0.165544
-0.15001
-0.427301
-0.382823
-0.355327
-0.307214
-0.265156
-0.229953
-0.200727
-0.176642
-0.157025
-0.141272
-0.435406
-0.390002
-0.355918
-0.304035
-0.259095
-0.222369
-0.192361
-0.167862
-0.148181
-0.132245
-0.442409
-0.396612
-0.355028
-0.299698
-0.252191
-0.214125
-0.183466
-0.158665
-0.138994
-0.122925
-0.448181
-0.402128
-0.352686
-0.294135
-0.244389
-0.205187
-0.174014
-0.149031
-0.129451
-0.113321
-0.452614
-0.406073
-0.348871
-0.287296
-0.235642
-0.195523
-0.163985
-0.13894
-0.119537
-0.103458
-0.455608
-0.408112
-0.343465
-0.279138
-0.225907
-0.185103
-0.153359
-0.128376
-0.109243
-0.0933527
-0.457054
-0.407966
-0.336372
-0.269616
-0.215149
-0.173904
-0.14212
-0.117325
-0.09856
-0.0829832
-0.456823
-0.405434
-0.327533
-0.258691
-0.203341
-0.161906
-0.130256
-0.105775
-0.0874972
-0.0722887
-0.454757
-0.400379
-0.316902
-0.24634
-0.190462
-0.149093
-0.117752
-0.0937158
-0.0760973
-0.061189
-0.45067
-0.392711
-0.304429
-0.232561
-0.1765
-0.135453
-0.104598
-0.0811501
-0.0644068
-0.0496609
-0.444355
-0.382371
-0.290076
-0.21736
-0.161441
-0.12098
-0.0907997
-0.0681167
-0.052401
-0.0378367
-0.435595
-0.369324
-0.273822
-0.200734
-0.145271
-0.105698
-0.0763972
-0.0546966
-0.0399674
-0.0258087
-0.42418
-0.353554
-0.255658
-0.182682
-0.127997
-0.0896685
-0.0614539
-0.0408682
-0.0271146
-0.0135831
-0.409916
-0.335059
-0.235581
-0.163225
-0.109703
-0.072951
-0.0459278
-0.0266412
-0.0138885
-0.0011665
-0.392643
-0.313858
-0.213577
-0.142449
-0.0905437
-0.0554465
-0.0298599
-0.0120289
-0.000337219
0.0114277
-0.372243
-0.290008
-0.189647
-0.120507
-0.0704571
-0.0372103
-0.0132905
0.00294421
0.0134964
0.0241727
-0.34865
-0.263638
-0.163874
-0.0973716
-0.0494882
-0.018302
0.00373678
0.0182456
0.0275711
0.0370321
-0.321852
-0.234916
-0.136447
-0.0729575
-0.0276953
0.00121225
0.0211742
0.0338355
0.041847
0.0499615
-0.291896
-0.203873
-0.107502
-0.047382
-0.0051456
0.0212623
0.0389675
0.04967
0.0562874
0.0629164
-0.258903
-0.170244
-0.0774328
-0.0207887
0.0180865
0.0417731
0.0570561
0.0657037
0.0708613
0.0758532
-0.223047
-0.134337
-0.0461886
0.00667251
0.0419146
0.0626647
0.0753752
0.0818952
0.0855364
0.0887013
-0.18443
-0.0965599
-0.0138211
0.0348552
0.0662384
0.083852
0.0938594
0.0982106
0.100257
0.101287
-0.143016
-0.0575453
0.0195399
0.0636169
0.0909471
0.105245
0.112447
0.114616
0.114911
0.113275
-0.0992923
-0.0174524
0.053715
0.0928147
0.115921
0.126752
0.131077
0.131053
0.129324
0.124374
-0.0536162
0.0235274
0.0884999
0.122299
0.141035
0.148276
0.149681
0.14741
0.143332
0.134905
-0.00636758
0.0651571
0.123675
0.151915
0.166158
0.169721
0.168175
0.163547
0.156883
0.146183
0.0420514
0.107173
0.159011
0.181496
0.191156
0.190985
0.186461
0.179353
0.17018
0.15799
0.0912218
0.149294
0.194274
0.210875
0.215893
0.211964
0.204446
0.194796
0.18327
0.169841
0.140713
0.191227
0.229226
0.239876
0.240232
0.232549
0.222032
0.209829
0.1961
0.181557
0.190086
0.232674
0.26363
0.268324
0.264035
0.252628
0.239133
0.224406
0.208597
0.192957
0.238903
0.273333
0.297249
0.296041
0.287163
0.272093
0.255661
0.238468
0.220693
0.203946
0.286726
0.312906
0.32985
0.322853
0.309479
0.290834
0.271534
0.251955
0.232321
0.214443
0.333125
0.351101
0.361208
0.348587
0.33085
0.308746
0.286669
0.264802
0.243418
0.22439
0.377681
0.387637
0.391104
0.373077
0.351145
0.325724
0.300987
0.276946
0.253922
0.233738
0.419984
0.422254
0.41933
0.396159
0.370239
0.34167
0.314411
0.288326
0.263777
0.242443
0.459658
0.454696
0.445686
0.417679
0.388011
0.35649
0.326869
0.298882
0.272927
0.250467
0.496405
0.484674
0.469985
0.437492
0.404351
0.370096
0.338291
0.30856
0.281321
0.257776
0.529929
0.511931
0.49205
0.455461
0.419153
0.382407
0.348615
0.317307
0.288911
0.26434
0.559937
0.536251
0.511721
0.471464
0.432323
0.393348
0.357782
0.325075
0.295653
0.270132
0.586168
0.557449
0.528856
0.48539
0.443776
0.402854
0.365741
0.331819
0.301509
0.275131
0.608391
0.575363
0.543329
0.497145
0.453436
0.410866
0.372445
0.3375
0.306443
0.27932
0.626408
0.589859
0.555036
0.506647
0.461241
0.417336
0.377856
0.342086
0.310426
0.282684
0.640063
0.600827
0.563892
0.513831
0.46714
0.422223
0.381942
0.345549
0.313435
0.285213
0.649233
0.608186
0.569832
0.518648
0.471095
0.425498
0.384679
0.34787
0.315451
0.286902
0.653839
0.611879
0.572813
0.521065
0.473078
0.427141
0.386052
0.349033
0.316462
0.287747
0.653839
0.611879
0.572813
0.521065
0.473078
0.427141
0.386052
0.349033
0.316462
0.287747
0.649233
0.608186
0.569832
0.518648
0.471095
0.425498
0.384679
0.34787
0.315451
0.286902
0.640063
0.600827
0.563892
0.513831
0.46714
0.422223
0.381942
0.345549
0.313435
0.285213
0.626409
0.589859
0.555036
0.506647
0.461241
0.417336
0.377856
0.342086
0.310427
0.282684
0.608391
0.575363
0.543329
0.497145
0.453436
0.410866
0.372445
0.3375
0.306444
0.27932
0.586169
0.557449
0.528856
0.48539
0.443776
0.402854
0.365741
0.331819
0.30151
0.275132
0.559938
0.536251
0.511722
0.471464
0.432324
0.393349
0.357783
0.325075
0.295654
0.270133
0.529929
0.511931
0.492051
0.455462
0.419154
0.382408
0.348616
0.317308
0.288911
0.26434
0.496406
0.484674
0.469986
0.437492
0.404352
0.370097
0.338292
0.308561
0.281321
0.257776
0.459659
0.454696
0.445687
0.41768
0.388012
0.356491
0.326869
0.298883
0.272927
0.250467
0.419985
0.422255
0.41933
0.39616
0.370239
0.341671
0.314412
0.288326
0.263778
0.242443
0.377682
0.387638
0.391105
0.373078
0.351146
0.325725
0.300988
0.276946
0.253923
0.233738
0.333126
0.351102
0.361209
0.348588
0.330851
0.308747
0.28667
0.264802
0.243419
0.224391
0.286727
0.312908
0.329851
0.322854
0.30948
0.290835
0.271535
0.251956
0.232322
0.214444
0.238904
0.273335
0.29725
0.296042
0.287164
0.272094
0.255662
0.238469
0.220694
0.203947
0.190088
0.232675
0.263631
0.268325
0.264036
0.25263
0.239134
0.224407
0.208598
0.192958
0.140714
0.191229
0.229228
0.239878
0.240234
0.23255
0.222033
0.20983
0.196102
0.181557
0.0912237
0.149296
0.194276
0.210877
0.215895
0.211966
0.204447
0.194797
0.183272
0.169842
0.0420534
0.107175
0.159013
0.181498
0.191157
0.190987
0.186463
0.179355
0.170181
0.157992
-0.00636533
0.0651592
0.123677
0.151917
0.166159
0.169723
0.168176
0.163549
0.156885
0.146184
-0.0536137
0.0235296
0.088502
0.122301
0.141037
0.148278
0.149682
0.147411
0.143333
0.134906
-0.0992895
-0.01745
0.0537173
0.0928168
0.115923
0.126754
0.131078
0.131054
0.129325
0.124376
-0.143013
-0.0575426
0.0195424
0.0636192
0.0909493
0.105247
0.112449
0.114618
0.114913
0.113276
-0.184427
-0.096557
-0.0138184
0.0348576
0.0662407
0.0838541
0.0938613
0.0982122
0.100259
0.101289
-0.223044
-0.134334
-0.0461857
0.00667509
0.041917
0.0626668
0.0753771
0.081897
0.0855379
0.0887026
-0.258899
-0.170241
-0.0774297
-0.0207859
0.0180891
0.0417753
0.0570581
0.0657056
0.0708629
0.0758546
-0.291892
-0.203869
-0.107498
-0.0473791
-0.00514294
0.0212647
0.0389696
0.0496719
0.0562891
0.0629179
-0.321847
-0.234912
-0.136444
-0.0729545
-0.0276925
0.00121474
0.0211764
0.0338374
0.0418487
0.049963
-0.348645
-0.263634
-0.163871
-0.0973683
-0.0494853
-0.0182994
0.00373909
0.0182476
0.0275729
0.0370336
-0.372238
-0.290004
-0.189643
-0.120504
-0.070454
-0.0372076
-0.0132881
0.0029463
0.0134982
0.0241743
-0.392637
-0.313853
-0.213573
-0.142446
-0.0905404
-0.0554437
-0.0298575
-0.0120268
-0.000335401
0.0114292
-0.40991
-0.335054
-0.235577
-0.163221
-0.1097
-0.0729481
-0.0459252
-0.026639
-0.0138867
-0.00116498
-0.424174
-0.353549
-0.255654
-0.182678
-0.127993
-0.0896654
-0.0614513
-0.040866
-0.0271127
-0.0135816
-0.435589
-0.369318
-0.273817
-0.20073
-0.145267
-0.105694
-0.0763945
-0.0546943
-0.0399656
-0.0258072
-0.444348
-0.382365
-0.290071
-0.217355
-0.161437
-0.120977
-0.0907969
-0.0681144
-0.0523991
-0.0378352
-0.450663
-0.392704
-0.304424
-0.232557
-0.176496
-0.13545
-0.104595
-0.0811477
-0.0644049
-0.0496595
-0.45475
-0.400372
-0.316896
-0.246335
-0.190458
-0.14909
-0.117749
-0.0937133
-0.0760954
-0.0611876
-0.456816
-0.405427
-0.327527
-0.258686
-0.203336
-0.161902
-0.130253
-0.105772
-0.0874953
-0.0722874
-0.457047
-0.407959
-0.336366
-0.26961
-0.215145
-0.1739
-0.142117
-0.117323
-0.0985582
-0.0829819
-0.4556
-0.408105
-0.343458
-0.279132
-0.225902
-0.1851
-0.153356
-0.128373
-0.109242
-0.0933514
-0.452607
-0.406066
-0.348865
-0.28729
-0.235637
-0.195519
-0.163982
-0.138937
-0.119536
-0.103457
-0.448173
-0.40212
-0.352679
-0.294129
-0.244384
-0.205183
-0.174011
-0.149028
-0.129449
-0.11332
-0.442401
-0.396604
-0.355021
-0.299692
-0.252185
-0.21412
-0.183462
-0.158663
-0.138993
-0.122924
-0.435398
-0.389993
-0.355911
-0.304028
-0.25909
-0.222364
-0.192358
-0.16786
-0.148179
-0.132245
-0.427292
-0.382815
-0.355319
-0.307207
-0.265151
-0.229949
-0.200723
-0.176639
-0.157023
-0.141271
-0.418244
-0.375523
-0.353261
-0.309328
-0.270422
-0.236907
-0.208587
-0.185024
-0.165543
-0.15001
-0.408456
-0.368443
-0.349841
-0.310517
-0.274954
-0.243273
-0.21598
-0.193039
-0.173759
-0.158475
-0.398185
-0.361747
-0.345279
-0.31091
-0.278793
-0.249078
-0.222934
-0.200711
-0.181692
-0.166682
-0.387736
-0.355468
-0.339927
-0.31064
-0.281982
-0.254358
-0.229482
-0.208071
-0.189364
-0.174649
-0.377426
-0.349546
-0.334246
-0.309821
-0.284558
-0.259151
-0.235656
-0.215144
-0.196797
-0.182395
-0.367588
-0.343881
-0.328723
-0.308541
-0.286566
-0.263491
-0.241483
-0.221956
-0.204013
-0.18994
-0.358445
-0.338398
-0.323744
-0.306878
-0.28806
-0.26741
-0.246987
-0.228527
-0.211038
-0.197307
-0.350116
-0.333084
-0.319489
-0.30493
-0.289102
-0.270925
-0.252185
-0.234877
-0.217888
-0.204522
-0.342623
-0.327999
-0.315915
-0.302849
-0.289763
-0.274042
-0.257088
-0.241014
-0.224582
-0.211604
-0.335924
-0.323248
-0.312837
-0.300853
-0.290111
-0.276759
-0.261705
-0.246937
-0.231124
-0.218594
-0.32995
-0.318927
-0.310053
-0.299142
-0.290225
-0.27907
-0.266044
-0.252623
-0.237529
-0.225493
-0.324627
-0.315086
-0.307449
-0.297794
-0.290205
-0.28098
-0.270121
-0.25801
-0.243796
-0.232367
-0.319886
-0.311711
-0.305023
-0.296733
-0.290174
-0.282518
-0.273959
-0.263004
-0.249947
-0.239151
-0.315665
-0.30875
-0.302825
-0.295827
-0.29022
-0.28374
-0.277605
-0.267406
-0.256098
-0.24589
-0.311902
-0.30614
-0.300893
-0.294997
-0.290348
-0.284757
-0.281058
-0.27108
-0.262225
-0.252409
-0.308521
-0.303829
-0.299222
-0.294232
-0.290502
-0.285687
-0.284287
-0.273761
-0.269052
-0.257659
-0.305479
-0.301747
-0.297772
-0.293547
-0.290648
-0.286592
-0.287209
-0.275501
-0.276132
-0.263032
-0.302719
-0.299844
-0.296492
-0.292943
-0.290814
-0.287431
-0.289752
-0.27653
-0.282848
-0.268041
-0.300187
-0.298081
-0.295333
-0.292392
-0.291039
-0.288086
-0.291936
-0.276986
-0.289156
-0.271905
-0.297833
-0.296422
-0.294249
-0.29186
-0.291317
-0.288444
-0.293854
-0.276943
-0.295126
-0.274206
-0.295617
-0.294836
-0.293207
-0.291306
-0.291588
-0.288487
-0.295536
-0.276596
-0.300499
-0.274928
-0.293505
-0.293302
-0.292177
-0.290698
-0.291777
-0.288253
-0.296895
-0.276331
-0.304631
-0.274595
-0.291472
-0.291811
-0.291123
-0.290032
-0.291832
-0.287934
-0.297804
-0.276517
-0.307024
-0.274303
-0.289505
-0.290359
-0.290032
-0.289326
-0.291706
-0.287551
-0.298203
-0.27723
-0.307698
-0.274852
-0.287602
-0.288944
-0.288913
-0.288604
-0.291345
-0.287156
-0.298155
-0.278309
-0.307048
-0.276213
-0.285768
-0.287573
-0.287777
-0.287847
-0.290727
-0.286878
-0.297663
-0.27943
-0.30562
-0.277829
-0.284017
-0.286256
-0.286642
-0.287065
-0.289953
-0.286672
-0.296713
-0.280526
-0.30382
-0.279223
-0.282367
-0.285009
-0.285534
-0.286272
-0.289084
-0.286452
-0.29544
-0.2817
-0.301689
-0.280242
-0.280843
-0.283853
-0.284479
-0.285489
-0.288175
-0.286202
-0.294059
-0.282722
-0.299306
-0.28126
-0.279469
-0.282806
-0.283508
-0.284743
-0.287283
-0.285926
-0.292688
-0.283521
-0.297107
-0.282069
-0.278273
-0.281892
-0.282647
-0.284063
-0.286461
-0.285638
-0.291421
-0.284107
-0.295184
-0.282678
-0.27728
-0.281132
-0.281923
-0.283476
-0.285752
-0.285361
-0.290335
-0.28451
-0.293594
-0.283146
-0.276513
-0.280543
-0.281358
-0.28301
-0.28519
-0.285121
-0.289482
-0.284766
-0.292377
-0.283491
-0.27599
-0.280142
-0.280971
-0.282686
-0.284802
-0.284944
-0.288897
-0.284912
-0.291556
-0.283718
-0.275726
-0.279938
-0.280774
-0.282521
-0.284604
-0.28485
-0.2886
-0.284977
-0.291143
-0.28383
-0.291158
-0.28154
-0.282456
-0.274418
-0.270109
-0.261286
-0.253242
-0.242389
-0.230966
-0.217455
-0.202693
-0.186474
-0.168746
-0.150559
-0.131312
-0.1128
-0.0946981
-0.0779739
-0.0635881
-0.0503018
-0.0404071
-0.0311022
-0.024593
-0.0186937
-0.0142336
-0.0103631
-0.00745819
-0.00430885
-0.00258275
2.37449e-05
-0.291396
-0.281673
-0.28255
-0.27453
-0.2702
-0.261395
-0.253351
-0.242513
-0.231099
-0.217601
-0.202845
-0.186626
-0.168883
-0.150672
-0.131395
-0.112858
-0.0947442
-0.0780216
-0.0636507
-0.0503752
-0.0404811
-0.0311611
-0.0246264
-0.0187029
-0.01423
-0.0103615
-0.00746815
-0.00432782
-0.00259505
1.99677e-05
-0.291845
-0.281924
-0.282737
-0.274753
-0.270394
-0.261609
-0.253564
-0.242747
-0.231344
-0.217865
-0.203115
-0.186898
-0.169136
-0.150899
-0.131584
-0.113012
-0.0948754
-0.0781411
-0.0637749
-0.0504976
-0.0405955
-0.0312532
-0.0246861
-0.0187351
-0.0142442
-0.0103742
-0.00748906
-0.00435421
-0.00261224
1.26824e-05
-0.292459
-0.282264
-0.283003
-0.27507
-0.270661
-0.261922
-0.253872
-0.243084
-0.231694
-0.218237
-0.203493
-0.18728
-0.169496
-0.151232
-0.131873
-0.113257
-0.0950933
-0.0783328
-0.0639619
-0.05067
-0.040751
-0.031379
-0.024773
-0.0187912
-0.0142774
-0.0104022
-0.00752139
-0.00438819
-0.00263423
1.78792e-06
-0.293168
-0.282637
-0.283328
-0.275448
-0.271012
-0.262308
-0.254262
-0.243506
-0.232132
-0.218702
-0.203965
-0.187758
-0.169953
-0.151661
-0.132252
-0.113591
-0.0953929
-0.0785962
-0.0642119
-0.0508937
-0.0409483
-0.0315399
-0.0248884
-0.0188728
-0.0143311
-0.0104466
-0.00756565
-0.00443006
-0.00266099
-1.28606e-05
-0.293889
-0.283025
-0.28367
-0.275878
-0.271392
-0.262759
-0.254702
-0.243999
-0.23264
-0.219245
-0.204518
-0.188319
-0.170487
-0.15217
-0.132723
-0.114007
-0.0957728
-0.0789309
-0.0645253
-0.0511704
-0.0411891
-0.031738
-0.0250342
-0.0189816
-0.0144069
-0.0105088
-0.0076224
-0.00448022
-0.00269255
-3.14293e-05
-0.294592
-0.283296
-0.284031
-0.276283
-0.27181
-0.263219
-0.2552
-0.244528
-0.233203
-0.219839
-0.205124
-0.188941
-0.171101
-0.152755
-0.133268
-0.114499
-0.09623
-0.0793362
-0.0649029
-0.0515022
-0.0414753
-0.0319758
-0.0252127
-0.0191196
-0.0145065
-0.0105898
-0.00769218
-0.00453911
-0.00272899
-5.40774e-05
-0.295016
-0.283607
-0.284271
-0.276716
-0.272173
-0.263718
-0.255673
-0.245099
-0.233782
-0.220479
-0.205778
-0.189615
-0.171764
-0.153399
-0.133882
-0.115063
-0.0967616
-0.0798118
-0.065345
-0.0518914
-0.0418089
-0.032256
-0.0254261
-0.0192886
-0.0146314
-0.0106908
-0.00777551
-0.00460721
-0.00277042
-8.09272e-05
-0.295071
-0.283874
-0.284352
-0.277113
-0.272474
-0.264186
-0.256143
-0.24566
-0.234371
-0.221128
-0.20645
-0.190318
-0.172469
-0.154094
-0.134558
-0.115693
-0.097365
-0.0803574
-0.0658523
-0.05234
-0.0421922
-0.0325811
-0.0256767
-0.0194904
-0.0147831
-0.0108126
-0.0078728
-0.00468494
-0.00281695
-0.000112039
-0.294737
-0.283993
-0.284295
-0.277396
-0.272709
-0.264591
-0.256562
-0.246193
-0.234938
-0.221773
-0.207125
-0.191036
-0.1732
-0.154826
-0.135287
-0.116383
-0.0980372
-0.0809723
-0.0664249
-0.0528499
-0.0426271
-0.0329532
-0.0259664
-0.0197263
-0.0149625
-0.0109557
-0.00798433
-0.00477261
-0.0028687
-0.00014739
-0.293726
-0.283967
-0.284012
-0.277536
-0.272799
-0.264904
-0.25691
-0.246669
-0.235461
-0.222386
-0.207782
-0.191751
-0.173946
-0.155586
-0.136061
-0.117129
-0.0987753
-0.0816557
-0.0670624
-0.0534221
-0.0431147
-0.033374
-0.0262966
-0.0199972
-0.0151703
-0.0111205
-0.00811022
-0.00487045
-0.00292573
-0.000186866
-0.291849
-0.283687
-0.283461
-0.277475
-0.27276
-0.265061
-0.257142
-0.247052
-0.235913
-0.222947
-0.208404
-0.192447
-0.174694
-0.156364
-0.136876
-0.117926
-0.0995759
-0.0824058
-0.0677639
-0.0540567
-0.0436553
-0.0338439
-0.0266678
-0.0203033
-0.0154066
-0.0113068
-0.00825043
-0.00497849
-0.00298808
-0.000230258
-0.28913
-0.283007
-0.282611
-0.277119
-0.272459
-0.265065
-0.257246
-0.247318
-0.236272
-0.223433
-0.208972
-0.19311
-0.175432
-0.157152
-0.137722
-0.118771
-0.100435
-0.0832203
-0.0685273
-0.0547525
-0.0442484
-0.0343626
-0.0270799
-0.0206441
-0.015671
-0.0115143
-0.00840467
-0.00509662
-0.0030557
-0.00027727
-0.285966
-0.281731
-0.281364
-0.276456
-0.271968
-0.264768
-0.257132
-0.247427
-0.236507
-0.223824
-0.209471
-0.193726
-0.176151
-0.157942
-0.138596
-0.119658
-0.101349
-0.084096
-0.0693497
-0.0555073
-0.0448922
-0.0349286
-0.0275317
-0.0210185
-0.0159627
-0.011742
-0.00857249
-0.00522455
-0.00312847
-0.000327537
-0.282593
-0.279794
-0.279663
-0.275401
-0.271148
-0.264372
-0.256863
-0.247378
-0.236607
-0.224103
-0.209886
-0.194284
-0.176842
-0.158728
-0.13949
-0.120582
-0.102312
-0.0850286
-0.0702272
-0.0563174
-0.045584
-0.0355393
-0.0280213
-0.0214249
-0.0162801
-0.0119889
-0.00875324
-0.00536186
-0.00320621
-0.000380641
-0.278929
-0.277269
-0.277437
-0.273882
-0.269917
-0.26337
-0.256239
-0.247094
-0.236536
-0.224255
-0.21021
-0.19478
-0.177499
-0.159504
-0.140399
-0.121539
-0.103318
-0.0860128
-0.0711549
-0.0571784
-0.0463205
-0.0361913
-0.0285463
-0.0218608
-0.0166217
-0.0122537
-0.00894609
-0.00550794
-0.00328864
-0.000436129
-0.275108
-0.274117
-0.274701
-0.271966
-0.268482
-0.262606
-0.255533
-0.246664
-0.236318
-0.224277
-0.210435
-0.195204
-0.178115
-0.160267
-0.141318
-0.122526
-0.104364
-0.0870445
-0.0721285
-0.0580858
-0.0470975
-0.0368808
-0.0291032
-0.0223234
-0.0169848
-0.0125346
-0.00914994
-0.00566201
-0.0033754
-0.000493558
-0.271071
-0.270428
-0.271381
-0.269433
-0.266392
-0.260886
-0.25425
-0.245892
-0.235891
-0.224161
-0.210572
-0.195574
-0.178707
-0.161024
-0.14225
-0.123537
-0.105441
-0.0881127
-0.0731366
-0.0590285
-0.0479063
-0.0376
-0.0296866
-0.0228085
-0.0173668
-0.0128298
-0.00936393
-0.00582352
-0.0034663
-0.000552582
-0.266866
-0.266465
-0.267921
-0.266885
-0.264454
-0.259594
-0.253342
-0.245131
-0.235368
-0.223917
-0.210586
-0.195832
-0.179212
-0.161723
-0.143149
-0.124541
-0.106529
-0.089206
-0.0741784
-0.060009
-0.0487532
-0.0383549
-0.0303021
-0.0233204
-0.0177706
-0.013141
-0.00958893
-0.00599275
-0.00356121
-0.00061274
-0.262911
-0.261707
-0.263211
-0.263016
-0.261274
-0.257094
-0.251182
-0.243818
-0.234598
-0.223604
-0.21065
-0.196225
-0.179906
-0.162633
-0.144262
-0.125753
-0.107799
-0.0904569
-0.0753382
-0.0610823
-0.0496627
-0.0391556
-0.0309473
-0.0238522
-0.0181869
-0.0134599
-0.00981787
-0.00616419
-0.00365711
-0.000672497
-0.257746
-0.257986
-0.259708
-0.26014
-0.258891
-0.255312
-0.250158
-0.242548
-0.233469
-0.222681
-0.209936
-0.195712
-0.179614
-0.162535
-0.144374
-0.126029
-0.108222
-0.0909838
-0.0759084
-0.0616845
-0.0502218
-0.0396891
-0.0314065
-0.0242518
-0.0185152
-0.0137222
-0.0100125
-0.00631341
-0.00374309
-0.000726782
-0.252101
-0.253139
-0.255064
-0.256015
-0.25513
-0.25185
-0.24662
-0.239878
-0.231251
-0.220821
-0.208411
-0.194491
-0.178717
-0.161923
-0.144069
-0.125975
-0.108393
-0.0913288
-0.0763448
-0.0621962
-0.0507171
-0.0401806
-0.0318379
-0.024632
-0.0188295
-0.0139737
-0.0101966
-0.00645509
-0.00382295
-0.00077801
-0.246188
-0.247844
-0.250023
-0.25154
-0.251132
-0.248351
-0.243772
-0.23724
-0.228916
-0.21882
-0.206741
-0.193132
-0.177696
-0.161204
-0.143674
-0.125852
-0.108511
-0.0916387
-0.0767584
-0.0626989
-0.0512108
-0.0406779
-0.0322784
-0.025023
-0.0191543
-0.0142343
-0.0103872
-0.00660225
-0.00390528
-0.000830967
-0.240028
-0.242329
-0.244789
-0.246846
-0.246935
-0.244663
-0.240474
-0.23438
-0.22643
-0.216694
-0.204973
-0.191699
-0.176623
-0.160453
-0.143264
-0.125729
-0.108638
-0.0919664
-0.0771936
-0.063227
-0.0517296
-0.0412006
-0.032742
-0.0254347
-0.0194969
-0.0145093
-0.0105885
-0.00675755
-0.00399203
-0.000886025
-0.233571
-0.236621
-0.239381
-0.241934
-0.24252
-0.240738
-0.236977
-0.231323
-0.223777
-0.214427
-0.203091
-0.190176
-0.175485
-0.159658
-0.142828
-0.125595
-0.108766
-0.092306
-0.0776465
-0.063778
-0.0522726
-0.0417483
-0.033229
-0.0258677
-0.0198576
-0.0147991
-0.0108009
-0.00692127
-0.00408337
-0.000943115
-0.226862
-0.230746
-0.233824
-0.236832
-0.237913
-0.236621
-0.233312
-0.228104
-0.220974
-0.212029
-0.201099
-0.188564
-0.174276
-0.158813
-0.142357
-0.125443
-0.108888
-0.0926502
-0.0781107
-0.0643464
-0.0528354
-0.0423174
-0.0337367
-0.0263198
-0.0202349
-0.0151026
-0.0110237
-0.00709295
-0.004179
-0.00100198
-0.219974
-0.224733
-0.228152
-0.23158
-0.233153
-0.232355
-0.229502
-0.224746
-0.218046
-0.209518
-0.199011
-0.186874
-0.173006
-0.157922
-0.141854
-0.125273
-0.109002
-0.0929964
-0.0785834
-0.064929
-0.0534154
-0.0429052
-0.0342631
-0.0267893
-0.0206277
-0.0154191
-0.0112563
-0.00727215
-0.00427867
-0.00106236
-0.212962
-0.218609
-0.222396
-0.226213
-0.22827
-0.227967
-0.22557
-0.221266
-0.215011
-0.206911
-0.196841
-0.185114
-0.171679
-0.15699
-0.141321
-0.125084
-0.109106
-0.0933422
-0.0790621
-0.065523
-0.0540103
-0.0435097
-0.0348064
-0.0272749
-0.0210347
-0.0157475
-0.0114982
-0.00745844
-0.00438215
-0.00112398
-0.205873
-0.212398
-0.216579
-0.220759
-0.223288
-0.223478
-0.221541
-0.217693
-0.211886
-0.204223
-0.1946
-0.183296
-0.170304
-0.156021
-0.140759
-0.124878
-0.109198
-0.0936853
-0.0795441
-0.0661254
-0.0546174
-0.0441281
-0.0353645
-0.0277746
-0.0214545
-0.016087
-0.0117488
-0.0076513
-0.00448919
-0.00118657
-0.198757
-0.206123
-0.210721
-0.215242
-0.218226
-0.218906
-0.217431
-0.214039
-0.208686
-0.201467
-0.192299
-0.181428
-0.168886
-0.155019
-0.140169
-0.124653
-0.109279
-0.0940229
-0.0800268
-0.066733
-0.0552341
-0.0447577
-0.0359353
-0.0282866
-0.0218856
-0.0164365
-0.0120072
-0.00785013
-0.00459945
-0.00124984
-0.19166
-0.199808
-0.204842
-0.209685
-0.213104
-0.214269
-0.213257
-0.210319
-0.205425
-0.198654
-0.189947
-0.179516
-0.167429
-0.153986
-0.139554
-0.12441
-0.109345
-0.0943527
-0.0805074
-0.0673428
-0.0558576
-0.0453958
-0.0365164
-0.0288089
-0.0223264
-0.0167946
-0.0122725
-0.00805426
-0.00471261
-0.00131347
-0.184625
-0.193482
-0.198964
-0.204114
-0.207942
-0.209582
-0.209034
-0.206549
-0.202113
-0.195796
-0.187553
-0.177568
-0.16594
-0.152927
-0.138914
-0.124148
-0.109396
-0.0946726
-0.0809834
-0.0679516
-0.056485
-0.0460395
-0.0371055
-0.0293393
-0.0227751
-0.0171601
-0.0125439
-0.00826293
-0.00482827
-0.00137715
-0.177696
-0.187172
-0.193106
-0.198552
-0.202761
-0.204863
-0.204776
-0.202741
-0.198764
-0.192901
-0.185125
-0.17559
-0.164422
-0.151845
-0.138252
-0.123867
-0.109432
-0.0949806
-0.0814525
-0.0685567
-0.0571138
-0.0466862
-0.0377
-0.0298758
-0.02323
-0.0175316
-0.0128203
-0.00847535
-0.00494604
-0.00144058
-0.170914
-0.180911
-0.187292
-0.193023
-0.197582
-0.200127
-0.200499
-0.19891
-0.195389
-0.18998
-0.182671
-0.17359
-0.162881
-0.150742
-0.137569
-0.123569
-0.10945
-0.0952749
-0.0819125
-0.0691551
-0.0577411
-0.0473328
-0.0382977
-0.030416
-0.0236892
-0.0179076
-0.0131006
-0.00869064
-0.00506547
-0.00150343
-0.164316
-0.174729
-0.181544
-0.187552
-0.192431
-0.195396
-0.196219
-0.195072
-0.192001
-0.187045
-0.180201
-0.171574
-0.161323
-0.149623
-0.136868
-0.123253
-0.109452
-0.0955539
-0.0823612
-0.0697443
-0.0583643
-0.0479768
-0.0388958
-0.0309577
-0.0241508
-0.0182865
-0.0133836
-0.00890786
-0.0051861
-0.0015654
-0.157933
-0.168659
-0.175885
-0.182161
-0.187331
-0.190691
-0.191954
-0.191241
-0.188615
-0.184107
-0.177724
-0.16955
-0.159754
-0.148491
-0.13615
-0.122921
-0.109437
-0.0958163
-0.0827968
-0.0703215
-0.0589805
-0.048615
-0.0394917
-0.0314985
-0.0246127
-0.0186666
-0.0136681
-0.00912599
-0.00530743
-0.00162617
-0.151794
-0.162735
-0.170342
-0.176876
-0.18231
-0.186034
-0.187723
-0.187437
-0.185246
-0.18118
-0.175251
-0.167528
-0.15818
-0.147353
-0.135421
-0.122574
-0.109405
-0.096061
-0.0832172
-0.0708841
-0.0595869
-0.0492445
-0.0400826
-0.0320357
-0.0250727
-0.0190462
-0.0139526
-0.00934391
-0.00542889
-0.00168544
-0.145925
-0.15699
-0.16494
-0.17172
-0.177395
-0.181454
-0.183548
-0.183678
-0.181912
-0.178279
-0.172796
-0.165517
-0.156609
-0.146212
-0.134683
-0.122214
-0.109357
-0.096287
-0.0836207
-0.0714294
-0.0601805
-0.0498622
-0.0406654
-0.0325666
-0.0255282
-0.019423
-0.0142357
-0.00956039
-0.00554988
-0.0017429
-0.140351
-0.15146
-0.159711
-0.166721
-0.172617
-0.176979
-0.179453
-0.179987
-0.178633
-0.175421
-0.170372
-0.163529
-0.155053
-0.145077
-0.133942
-0.121843
-0.109294
-0.0964935
-0.0840054
-0.0719546
-0.0607579
-0.0504644
-0.0412368
-0.033088
-0.0259768
-0.0197949
-0.0145156
-0.00977409
-0.00566969
-0.00179826
-0.135096
-0.146178
-0.154683
-0.161906
-0.168005
-0.17264
-0.175467
-0.176387
-0.17543
-0.172626
-0.167997
-0.161577
-0.153519
-0.143956
-0.133203
-0.121466
-0.109216
-0.0966802
-0.0843695
-0.072457
-0.0613159
-0.0510477
-0.041793
-0.0335966
-0.0264153
-0.0201594
-0.0147904
-0.00998351
-0.00578755
-0.00185121
-0.130179
-0.141177
-0.14989
-0.157308
-0.163591
-0.168469
-0.171619
-0.172904
-0.172328
-0.169914
-0.165687
-0.159677
-0.152023
-0.142856
-0.132473
-0.121085
-0.109127
-0.0968467
-0.0847111
-0.0729336
-0.0618507
-0.0516081
-0.0423302
-0.0340886
-0.0268406
-0.0205137
-0.0150581
-0.010187
-0.00590254
-0.00190145
-0.125623
-0.13649
-0.145365
-0.152957
-0.159409
-0.164503
-0.167944
-0.169569
-0.169353
-0.16731
-0.163465
-0.157845
-0.150576
-0.141789
-0.131759
-0.120706
-0.109027
-0.0969932
-0.0850285
-0.0733814
-0.0623583
-0.0521411
-0.0428438
-0.03456
-0.0272489
-0.0208545
-0.0153161
-0.0103827
-0.00601363
-0.00194868
-0.121448
-0.132151
-0.141143
-0.14889
-0.155494
-0.160777
-0.164476
-0.166414
-0.166534
-0.16484
-0.161354
-0.156101
-0.149195
-0.140767
-0.131071
-0.120334
-0.108921
-0.09712
-0.0853198
-0.0737974
-0.0628344
-0.0526423
-0.0433289
-0.035006
-0.0276361
-0.0211783
-0.0155618
-0.0105687
-0.00611966
-0.00199256
-0.117674
-0.128192
-0.137262
-0.145141
-0.151882
-0.157332
-0.161256
-0.163474
-0.163904
-0.162534
-0.159378
-0.154467
-0.147897
-0.139804
-0.130418
-0.119975
-0.108811
-0.0972276
-0.0855832
-0.0741782
-0.0632743
-0.0531064
-0.0437803
-0.0354217
-0.0279978
-0.0214813
-0.0157922
-0.0107426
-0.00621926
-0.00203273
-0.114324
-0.124649
-0.133763
-0.141754
-0.148615
-0.154209
-0.158327
-0.160791
-0.161499
-0.160423
-0.157567
-0.152966
-0.146703
-0.138914
-0.129812
-0.119637
-0.108701
-0.0973171
-0.085817
-0.0745202
-0.0636728
-0.0535278
-0.0441918
-0.0358013
-0.0283289
-0.0217591
-0.0160038
-0.0109019
-0.00631094
-0.00206882
-0.111423
-0.12156
-0.130689
-0.138771
-0.145737
-0.151455
-0.155735
-0.158409
-0.159359
-0.158543
-0.155953
-0.151625
-0.145634
-0.138115
-0.129265
-0.119329
-0.108596
-0.0973893
-0.0860192
-0.0748194
-0.0640243
-0.0539004
-0.044557
-0.0361386
-0.0286235
-0.0220067
-0.0161929
-0.0110438
-0.00639296
-0.00210039
-0.109004
-0.118967
-0.128091
-0.136244
-0.1433
-0.14912
-0.153532
-0.156378
-0.157531
-0.156936
-0.154572
-0.150476
-0.144716
-0.137428
-0.128792
-0.11906
-0.108501
-0.0974456
-0.0861878
-0.0750713
-0.0643223
-0.054217
-0.0448685
-0.0364265
-0.0288755
-0.0222186
-0.016355
-0.0111652
-0.0064634
-0.00212695
-0.107097
-0.116917
-0.126025
-0.134229
-0.141357
-0.147259
-0.151772
-0.154751
-0.156064
-0.155645
-0.153463
-0.149552
-0.143977
-0.136873
-0.12841
-0.11884
-0.108421
-0.0974871
-0.08632
-0.0752709
-0.0645598
-0.0544696
-0.0451177
-0.0366571
-0.0290777
-0.0223889
-0.0164855
-0.0112627
-0.00652009
-0.00214793
-0.105764
-0.115476
-0.124566
-0.132802
-0.139981
-0.145941
-0.150523
-0.153594
-0.155019
-0.154725
-0.15267
-0.148892
-0.143447
-0.136475
-0.128135
-0.118681
-0.108361
-0.0975147
-0.0864128
-0.075412
-0.0647285
-0.0546492
-0.0452953
-0.0368214
-0.029222
-0.0225104
-0.0165788
-0.0113322
-0.00656061
-0.00216263
-0.105036
-0.114701
-0.123781
-0.132034
-0.139242
-0.145233
-0.149854
-0.152972
-0.154458
-0.15423
-0.152245
-0.148537
-0.143163
-0.136261
-0.127987
-0.118595
-0.108329
-0.0975289
-0.0864621
-0.0754873
-0.0648189
-0.0547451
-0.0453907
-0.0369091
-0.0292994
-0.0225755
-0.0166289
-0.0113694
-0.00658232
-0.00217016
-0.0954513
-0.104908
-0.114184
-0.123261
-0.132128
-0.140787
-0.149243
-0.157505
-0.165582
-0.17348
-0.181212
-0.188782
-0.196203
-0.203475
-0.210589
-0.21758
-0.224279
-0.231109
-0.237104
-0.245016
-0.0922665
-0.101411
-0.110375
-0.119156
-0.127751
-0.136163
-0.144397
-0.152456
-0.160349
-0.168078
-0.175652
-0.183074
-0.190344
-0.197481
-0.204428
-0.211343
-0.217847
-0.224874
-0.230769
-0.239013
-0.0891774
-0.097962
-0.106576
-0.115022
-0.1233
-0.131411
-0.139358
-0.147144
-0.154772
-0.162247
-0.169571
-0.176755
-0.183783
-0.190715
-0.197435
-0.204243
-0.210594
-0.217636
-0.223589
-0.231545
-0.0861582
-0.0946093
-0.102911
-0.111065
-0.11907
-0.126927
-0.134636
-0.142202
-0.149624
-0.156912
-0.164059
-0.171091
-0.177971
-0.184801
-0.191408
-0.198169
-0.204455
-0.211361
-0.217378
-0.224774
-0.0832372
-0.0913697
-0.0993714
-0.107243
-0.114984
-0.122594
-0.130076
-0.137432
-0.144663
-0.151779
-0.158769
-0.16567
-0.172424
-0.179161
-0.185662
-0.192322
-0.198519
-0.205181
-0.211183
-0.218096
-0.0804216
-0.08824
-0.0959418
-0.103528
-0.110999
-0.118355
-0.125597
-0.132729
-0.139748
-0.146669
-0.153472
-0.160204
-0.166789
-0.173369
-0.179714
-0.186187
-0.192277
-0.198676
-0.204671
-0.211266
-0.0777069
-0.0852156
-0.0926199
-0.0999225
-0.107122
-0.11422
-0.121216
-0.128115
-0.13491
-0.141618
-0.148215
-0.154749
-0.161142
-0.167528
-0.173711
-0.179977
-0.185973
-0.192141
-0.198108
-0.204454
-0.0750927
-0.0822978
-0.0894099
-0.0964322
-0.103363
-0.110205
-0.116953
-0.123616
-0.130183
-0.136673
-0.143059
-0.149388
-0.155592
-0.161778
-0.167806
-0.173867
-0.179751
-0.185698
-0.191562
-0.197671
-0.0725798
-0.0794886
-0.0863146
-0.0930612
-0.0997268
-0.106312
-0.112815
-0.119239
-0.125578
-0.131846
-0.138021
-0.14414
-0.150152
-0.156133
-0.161993
-0.167841
-0.173574
-0.179298
-0.18501
-0.190897
-0.0701689
-0.0767892
-0.0833357
-0.0898116
-0.0962153
-0.102548
-0.108805
-0.114991
-0.1211
-0.127143
-0.133103
-0.139006
-0.14482
-0.150586
-0.156261
-0.161892
-0.167449
-0.172961
-0.178501
-0.184168
-0.06786
-0.0742002
-0.0804744
-0.0866856
-0.0928323
-0.0989144
-0.104929
-0.110878
-0.116758
-0.122574
-0.128316
-0.134
-0.139607
-0.145158
-0.150636
-0.156056
-0.161424
-0.166729
-0.17208
-0.177523
-0.0656525
-0.0717214
-0.0777315
-0.0836849
-0.0895803
-0.0954169
-0.101192
-0.106907
-0.112558
-0.118148
-0.123672
-0.129136
-0.134533
-0.13987
-0.145147
-0.150357
-0.155527
-0.160623
-0.165773
-0.170993
-0.0635473
-0.0693544
-0.0751088
-0.0808118
-0.0864622
-0.0920588
-0.0975992
-0.103083
-0.108508
-0.113875
-0.119181
-0.124428
-0.129614
-0.134738
-0.139809
-0.144809
-0.149775
-0.154663
-0.159605
-0.164605
-0.0615427
-0.0670986
-0.0726064
-0.0780672
-0.08348
-0.0888433
-0.0941547
-0.0994128
-0.104616
-0.109763
-0.114854
-0.119886
-0.124862
-0.129775
-0.134638
-0.13943
-0.14419
-0.148873
-0.153603
-0.158385
-0.0596372
-0.0649537
-0.0702245
-0.0754519
-0.0806354
-0.0857729
-0.0908619
-0.0959005
-0.100887
-0.10582
-0.110699
-0.11552
-0.120288
-0.124994
-0.12965
-0.134238
-0.138792
-0.143272
-0.147789
-0.152353
-0.0578356
-0.0629216
-0.0679651
-0.0729684
-0.077931
-0.0828507
-0.0877248
-0.0925507
-0.0973271
-0.102052
-0.106724
-0.11134
-0.115904
-0.120408
-0.124862
-0.129249
-0.133599
-0.137879
-0.142186
-0.146533
-0.0561377
-0.0610028
-0.0658291
-0.070618
-0.0753689
-0.0800794
-0.0847467
-0.0893679
-0.0939415
-0.0984647
-0.102937
-0.107355
-0.111721
-0.116028
-0.120285
-0.124477
-0.128629
-0.132713
-0.136814
-0.140948
-0.05454
-0.0591953
-0.0638152
-0.0684003
-0.0729496
-0.0774605
-0.0819301
-0.0863555
-0.0907348
-0.095065
-0.0993455
-0.103573
-0.107748
-0.111866
-0.115933
-0.119936
-0.123897
-0.127792
-0.131695
-0.135621
-0.053045
-0.0575017
-0.0619262
-0.0663179
-0.0706758
-0.074997
-0.0792787
-0.0835177
-0.0877118
-0.0918581
-0.0959555
-0.100001
-0.103994
-0.107931
-0.111816
-0.115639
-0.119418
-0.123131
-0.126845
-0.130573
-0.0516517
-0.0559216
-0.0601619
-0.0643715
-0.0685488
-0.072691
-0.0767952
-0.080858
-0.084877
-0.0888493
-0.0927734
-0.0966462
-0.100468
-0.104233
-0.107947
-0.111599
-0.115205
-0.118747
-0.122281
-0.12582
-0.0503612
-0.0544563
-0.058524
-0.0625629
-0.0665709
-0.0705453
-0.0744829
-0.0783803
-0.082235
-0.086044
-0.0898056
-0.0935167
-0.0971768
-0.100782
-0.104335
-0.107827
-0.111271
-0.114653
-0.118019
-0.121382
-0.0491744
-0.0531072
-0.0570145
-0.0608946
-0.0647451
-0.0685633
-0.0723458
-0.0760894
-0.0797912
-0.0834484
-0.0870588
-0.0906197
-0.0941301
-0.0975863
-0.10099
-0.104335
-0.10763
-0.110864
-0.114074
-0.117273
-0.0480931
-0.0518762
-0.0556356
-0.0593691
-0.0630744
-0.0667485
-0.070388
-0.0739898
-0.0775508
-0.0810682
-0.0845398
-0.0879628
-0.0913359
-0.0946559
-0.0979234
-0.101133
-0.104292
-0.107391
-0.110461
-0.113512
-0.0471206
-0.0507672
-0.0543917
-0.0579915
-0.0615643
-0.0651069
-0.0686162
-0.0720888
-0.0755219
-0.0789124
-0.0822581
-0.0855563
-0.0888054
-0.0920025
-0.0951477
-0.0982366
-0.101274
-0.104253
-0.107196
-0.110114
-0.046259
-0.0497826
-0.0532854
-0.0567647
-0.0602181
-0.0636426
-0.0670348
-0.0703917
-0.0737101
-0.0769874
-0.080221
-0.0834083
-0.0865478
-0.0896365
-0.0926741
-0.095657
-0.0985882
-0.101463
-0.104297
-0.107099
-0.0455171
-0.0489323
-0.0523278
-0.0557009
-0.059049
-0.0623692
-0.0656584
-0.0689134
-0.0721313
-0.0753094
-0.0784452
-0.0815362
-0.0845806
-0.0875759
-0.0905212
-0.0934137
-0.0962548
-0.0990408
-0.101784
-0.104489
-0.0448935
-0.0482143
-0.0515165
-0.0547977
-0.0580552
-0.0612863
-0.0644878
-0.0676566
-0.0707898
-0.0738848
-0.0769393
-0.0799507
-0.0829172
-0.0858364
-0.0887073
-0.0915272
-0.0942968
-0.0970131
-0.0996834
-0.102312
-0.0444152
-0.0476592
-0.0508851
-0.0540899
-0.0572716
-0.0604276
-0.0635552
-0.0666515
-0.069714
-0.07274
-0.0757273
-0.0786737
-0.0815773
-0.0844361
-0.0872486
-0.0900129
-0.0927288
-0.0953941
-0.0980128
-0.100587
-0.0440589
-0.0472419
-0.0504087
-0.053557
-0.0566843
-0.0597876
-0.062864
-0.0659108
-0.0689255
-0.0719056
-0.0748488
-0.0777532
-0.0806168
-0.0834377
-0.0862143
-0.0889449
-0.0916287
-0.0942637
-0.0968515
-0.0993929
-0.0439002
-0.0470372
-0.0501563
-0.0532555
-0.0563338
-0.0593896
-0.0624208
-0.0654251
-0.0684001
-0.0713438
-0.0742543
-0.0771297
-0.0799685
-0.0827688
-0.0855295
-0.0882489
-0.0909262
-0.09356
-0.0961509
-0.0986986
0.126372
0.115317
0.104179
0.093164
0.0816911
0.0699916
0.058262
0.0465264
0.0347987
0.0231144
0.0115178
4.08069e-05
-0.0112879
-0.0224378
-0.0333815
-0.04417
-0.055168
-0.0657381
-0.0759053
-0.0857969
0.121666
0.110139
0.0985667
0.0878218
0.0767764
0.0655161
0.0542798
0.0430744
0.031891
0.0207591
0.00971217
-0.00122702
-0.01204
-0.0227221
-0.0332856
-0.0437117
-0.0537347
-0.0636881
-0.0734278
-0.0829418
0.115924
0.10462
0.0930488
0.0827399
0.0722826
0.0615312
0.0507952
0.0401156
0.0294641
0.0188604
0.00833681
-0.00208159
-0.0123749
-0.0225289
-0.0325319
-0.0423576
-0.0520695
-0.061675
-0.0710598
-0.0802156
0.109861
0.0991084
0.0876829
0.0777262
0.0678205
0.0575734
0.0473182
0.0371505
0.0270262
0.0169463
0.0069402
-0.00296765
-0.0127611
-0.0224343
-0.0319833
-0.0413941
-0.050618
-0.0597641
-0.0687525
-0.0775461
0.103723
0.0935895
0.0824468
0.0728348
0.0634756
0.0537619
0.0439902
0.0343171
0.0247026
0.0151278
0.00561696
-0.00380292
-0.0131168
-0.0223198
-0.0314048
-0.040359
-0.0491716
-0.0579149
-0.0665237
-0.0749622
0.0976226
0.08811
0.0773619
0.0680982
0.0592503
0.0500699
0.0407774
0.0315789
0.0224551
0.0133705
0.00433975
-0.00460889
-0.0134606
-0.0222128
-0.0308608
-0.0393962
-0.0478053
-0.0561514
-0.0643862
-0.072476
0.0916202
0.0827052
0.0724284
0.063528
0.0551575
0.0465024
0.0376892
0.0289503
0.0202968
0.011685
0.0031173
-0.00537899
-0.0137882
-0.0221087
-0.030337
-0.038467
-0.0464907
-0.0544596
-0.062334
-0.070084
0.0857653
0.0774184
0.0676585
0.0591366
0.051212
0.0430628
0.0347239
0.0264304
0.0182257
0.010067
0.00194495
-0.00611726
-0.0141033
-0.022011
-0.0298387
-0.037582
-0.0452355
-0.0528414
-0.0603667
-0.0677854
0.0800952
0.0722835
0.0630608
0.0549283
0.0474226
0.0397545
0.0318803
0.0240198
0.0162434
0.00851707
0.000822459
-0.00682388
-0.0144058
-0.0219198
-0.0293649
-0.0367382
-0.0440363
-0.0512941
-0.0584829
-0.0655801
0.0746339
0.0673247
0.0586433
0.0509058
0.043796
0.0365817
0.0291581
0.0217178
0.0143503
0.00703497
-0.000251641
-0.00750049
-0.0146969
-0.0218359
-0.0289162
-0.035936
-0.0428931
-0.049817
-0.0566818
-0.0634679
0.0693974
0.0625593
0.0544123
0.0470704
0.0403362
0.0335479
0.0265569
0.0195228
0.0125462
0.00562049
-0.00127824
-0.00814816
-0.0149773
-0.0217595
-0.0284925
-0.0351751
-0.041806
-0.0484099
-0.0549631
-0.0614485
0.0643966
0.0579994
0.0503729
0.0434227
0.0370456
0.0306556
0.0240766
0.0174334
0.01083
0.00427334
-0.00225804
-0.008768
-0.0152479
-0.0216907
-0.0280929
-0.0344529
-0.0407706
-0.0470695
-0.0533245
-0.0595206
0.0596391
0.0536536
0.0465287
0.0399626
0.0339251
0.0279067
0.021717
0.015448
0.00920047
0.00299293
-0.00319152
-0.00936053
-0.0155091
-0.0216301
-0.0277198
-0.033776
-0.0397983
-0.0458035
-0.0517693
-0.0576852
0.0551297
0.0495276
0.0428818
0.0366895
0.0309746
0.025302
0.019478
0.0135649
0.00765604
0.00177825
-0.00407959
-0.0099269
-0.0157614
-0.0215757
-0.0273633
-0.0331207
-0.0388506
-0.0445881
-0.0502863
-0.0559379
0.0508712
0.045625
0.0394333
0.0336019
0.0281932
0.0228418
0.0173594
0.011783
0.00619526
0.000628608
-0.00492246
-0.0104678
-0.0160084
-0.0215392
-0.027056
-0.0325553
-0.0380294
-0.04345
-0.0488702
-0.0542734
0.0468647
0.0419477
0.0361832
0.0306979
0.0255793
0.0205258
0.0153608
0.0101008
0.00481666
-0.000456861
-0.00571988
-0.010981
-0.0162423
-0.021499
-0.026745
-0.0319748
-0.0371831
-0.0423646
-0.047543
-0.0527063
0.04311
0.0384964
0.0331311
0.0279754
0.023131
0.0183533
0.0134817
0.0085175
0.00351895
-0.00147905
-0.00647223
-0.0114673
-0.0164668
-0.0214672
-0.0264627
-0.0314477
-0.0364167
-0.0413628
-0.0463049
-0.051235
0.039606
0.0352708
0.0302759
0.0254318
0.0208459
0.0163231
0.0117217
0.00703211
0.00230085
-0.00243905
-0.00718009
-0.0119266
-0.016681
-0.0214403
-0.0261991
-0.0309515
-0.0356926
-0.0404178
-0.0451398
-0.0498516
0.0363511
0.0322702
0.0276166
0.0230649
0.0187214
0.0144337
0.0100799
0.00564384
0.00116123
-0.00333797
-0.00784424
-0.0123595
-0.0168857
-0.0214203
-0.0259581
-0.0304937
-0.035022
-0.0395388
-0.0440531
-0.048559
0.0333433
0.0294935
0.025152
0.0208723
0.0167551
0.0126835
0.00855562
0.00435199
9.91375e-05
-0.00417685
-0.00846542
-0.0127665
-0.017081
-0.0214066
-0.0257387
-0.0300719
-0.0344012
-0.0387227
-0.0430426
-0.0473557
0.030581
0.0269397
0.022881
0.0188521
0.0149445
0.0110709
0.00714803
0.003156
-0.00088618
-0.00495653
-0.00904438
-0.0131479
-0.0172671
-0.0213997
-0.0255413
-0.0296867
-0.0338311
-0.0379706
-0.0421093
-0.0462426
0.0280627
0.0246079
0.0208031
0.017003
0.0132878
0.00959425
0.0058564
0.00205548
-0.00179521
-0.00567767
-0.00958174
-0.0135044
-0.0174446
-0.0213999
-0.0253662
-0.0293385
-0.0333122
-0.0372831
-0.0412539
-0.0452205
0.0257881
0.0224982
0.0189186
0.0153244
0.0117838
0.00825264
0.00468024
0.0010503
-0.00262811
-0.0063406
-0.0100779
-0.0138362
-0.0176136
-0.0214073
-0.0252135
-0.0290274
-0.0328445
-0.0366607
-0.0404774
-0.0442908
0.0237581
0.0206116
0.0172286
0.0138168
0.0104324
0.00704569
0.0036195
0.000140577
-0.00338492
-0.0069457
-0.0105336
-0.0141443
-0.0177754
-0.0214238
-0.0250856
-0.0287563
-0.0324313
-0.0361068
-0.0397828
-0.0434564
0.0219755
0.0189509
0.015736
0.0124824
0.00923459
0.00597417
0.0026751
-0.000672509
-0.00406437
-0.00749175
-0.0109476
-0.0144274
-0.0179283
-0.021447
-0.0249797
-0.0285222
-0.0320702
-0.0356198
-0.0391705
-0.0427191
0.0204457
0.017521
0.0144454
0.0113247
0.0081927
0.00503929
0.00184753
-0.00138923
-0.0046678
-0.00798142
-0.0113241
-0.0146914
-0.0180802
-0.0214869
-0.0249077
-0.0283383
-0.0317745
-0.0352122
-0.0386504
-0.0420873
0.019178
0.0163307
0.0133652
0.0103513
0.00731363
0.00424783
0.00114414
-0.00200121
-0.00518558
-0.00840372
-0.0116505
-0.014922
-0.0182146
-0.0215249
-0.0248493
-0.0281839
-0.0315251
-0.0348692
-0.0382146
-0.041558
0.018185
0.0153904
0.0125035
0.009567
0.00659787
0.00359568
0.000555997
-0.00252247
-0.00563722
-0.00878396
-0.0119583
-0.0151564
-0.0183747
-0.0216096
-0.0248573
-0.0281138
-0.031375
-0.0346368
-0.0378981
-0.0411589
0.0174906
0.0147255
0.011888
0.00900263
0.00608092
0.00312441
0.000131882
-0.00289647
-0.00595833
-0.00905022
-0.0121685
-0.0153095
-0.01847
-0.0216467
-0.0248361
-0.028035
-0.03124
-0.0344481
-0.0376566
-0.0408621
0.0171116
0.0143418
0.0115079
0.00862647
0.00570773
0.00275541
-0.000229455
-0.00324558
-0.00629052
-0.00936106
-0.0124538
-0.0155652
-0.0186922
-0.0218315
-0.0249798
-0.0281336
-0.0312897
-0.0344447
-0.0375979
-0.040751
0.135854
0.137288
0.139473
0.142529
0.145832
0.149508
0.152817
0.155966
0.158023
0.159416
0.158919
0.157382
0.153113
0.147471
0.137003
0.134919
0.136245
0.138253
0.141048
0.144015
0.147263
0.150073
0.152626
0.154042
0.154675
0.153462
0.151036
0.146164
0.139523
0.130434
0.133915
0.135128
0.136947
0.139463
0.142077
0.14488
0.147181
0.149131
0.149922
0.149832
0.147986
0.144803
0.139523
0.132427
0.123872
0.132838
0.13393
0.135552
0.137773
0.14002
0.142359
0.14414
0.145474
0.145647
0.144846
0.142404
0.138532
0.132891
0.125486
0.11706
0.131684
0.132652
0.134066
0.135982
0.137852
0.139714
0.140974
0.141689
0.14126
0.139772
0.13677
0.132296
0.126317
0.118724
0.110373
0.130452
0.131289
0.13249
0.134088
0.135574
0.136952
0.137691
0.137794
0.136782
0.134648
0.131123
0.126144
0.119866
0.112184
0.103927
0.129137
0.129839
0.13082
0.13209
0.133186
0.134074
0.134296
0.133801
0.132227
0.129494
0.125488
0.120092
0.113564
0.105854
0.0977072
0.127739
0.128301
0.129055
0.12999
0.130691
0.131087
0.130799
0.129723
0.127611
0.124331
0.119886
0.11415
0.107424
0.0997208
0.0916962
0.126255
0.126673
0.127196
0.127788
0.128092
0.127998
0.127208
0.125575
0.122952
0.119179
0.114341
0.108329
0.101457
0.093783
0.0858959
0.124684
0.124954
0.125243
0.125487
0.125394
0.124816
0.123536
0.121376
0.118272
0.114058
0.108874
0.102642
0.0956715
0.0880499
0.0803145
0.123028
0.123146
0.123198
0.123093
0.122604
0.121553
0.119798
0.117142
0.11359
0.108988
0.103507
0.0971038
0.0900788
0.0825317
0.0749597
0.121285
0.121251
0.121063
0.120611
0.119729
0.118221
0.116007
0.112892
0.108928
0.103988
0.0982587
0.0917289
0.0846883
0.0772374
0.0698384
0.11946
0.119271
0.118844
0.118048
0.11678
0.114833
0.112183
0.108645
0.104309
0.0990771
0.0931474
0.0865314
0.0795088
0.0721747
0.0649567
0.117555
0.117213
0.116546
0.115415
0.113769
0.111405
0.108344
0.104421
0.0997541
0.0942755
0.0881894
0.0815247
0.0745488
0.0673497
0.0603195
0.115577
0.115082
0.114178
0.112722
0.11071
0.107954
0.104509
0.100241
0.095284
0.0896022
0.0834005
0.0767208
0.0698164
0.0627677
0.0559303
0.113532
0.112889
0.111752
0.109982
0.107621
0.104499
0.1007
0.0961249
0.0909197
0.0850753
0.0787951
0.0721305
0.0653187
0.0584325
0.0517911
0.11143
0.110644
0.109279
0.107212
0.104518
0.101059
0.09694
0.0920953
0.0866816
0.0807126
0.0743873
0.0677638
0.0610618
0.0543471
0.0479032
0.109283
0.108361
0.106775
0.104428
0.101423
0.0976558
0.0932504
0.0881741
0.0825897
0.076531
0.07019
0.0636297
0.0570512
0.0505139
0.0442666
0.107106
0.106057
0.104259
0.101651
0.0983578
0.0943129
0.0896553
0.0843834
0.0786638
0.0725467
0.0662155
0.0597363
0.0532916
0.0469346
0.0408812
0.104918
0.103749
0.101752
0.0989027
0.0953467
0.091055
0.0861791
0.0807459
0.0749234
0.0687756
0.0624756
0.0560916
0.0497873
0.0436105
0.0377462
0.102739
0.101462
0.0992779
0.0962086
0.0924163
0.0879084
0.0828471
0.0772845
0.0713882
0.0652333
0.0589821
0.0527031
0.0465427
0.0405432
0.0348614
0.100594
0.0992191
0.0968643
0.0935969
0.0895953
0.0849013
0.0796858
0.0740228
0.0680783
0.0619358
0.0557465
0.0495787
0.0435622
0.0377345
0.0322268
0.0985135
0.0970509
0.094542
0.0910985
0.0869148
0.0820636
0.076723
0.0709853
0.0650142
0.0588993
0.0527813
0.0467271
0.0408514
0.0351874
0.0298434
0.0965289
0.0949902
0.092345
0.088748
0.0844086
0.0794275
0.0739881
0.0681981
0.0622178
0.0561416
0.0501
0.0441581
0.038417
0.032906
0.0277134
0.0946779
0.0930741
0.0903112
0.0865832
0.0821136
0.0770277
0.0715128
0.065689
0.059713
0.0536823
0.047718
0.0418835
0.0362677
0.0308968
0.0258414
0.0930025
0.0913444
0.0884827
0.0846458
0.0800703
0.0749023
0.0693319
0.0634889
0.0575264
0.0515436
0.0456538
0.0399182
0.0344154
0.0291688
0.0242345
0.0915492
0.0898474
0.0869058
0.0829817
0.0783232
0.0730932
0.0674841
0.0616325
0.0556884
0.049752
0.0439297
0.0382808
0.0328755
0.0277349
0.0229034
0.0903696
0.0886345
0.0856318
0.0816416
0.0769217
0.0716476
0.0660131
0.0601598
0.054235
0.0483391
0.0425733
0.0369955
0.0316691
0.0266134
0.0218637
0.0895205
0.0877621
0.0847172
0.0806822
0.0759212
0.0706188
0.0649694
0.0591179
0.0532092
0.0473441
0.0416199
0.0360936
0.0308236
0.0258288
0.0211383
0.0890634
0.087293
0.084225
0.0801667
0.0753844
0.070068
0.0644116
0.0585625
0.0526634
0.0468159
0.0411145
0.0356162
0.0303767
0.0254143
0.0207538
0.148019
0.150172
0.153595
0.158666
0.164729
0.172055
0.180207
0.189332
0.199139
0.209725
0.220822
0.232493
0.244461
0.2568
0.2692
0.147952
0.150101
0.153517
0.158579
0.164628
0.171937
0.180061
0.189158
0.198924
0.209466
0.220504
0.232112
0.243998
0.256254
0.268539
0.147819
0.14996
0.153363
0.158406
0.164426
0.171703
0.179771
0.188811
0.198495
0.20895
0.219869
0.231351
0.243074
0.255162
0.267215
0.14762
0.149748
0.153133
0.158147
0.164123
0.17135
0.179336
0.188292
0.197855
0.208178
0.21892
0.230211
0.241688
0.25352
0.265226
0.147355
0.149468
0.152828
0.157803
0.163726
0.170885
0.17876
0.187605
0.197006
0.207155
0.217659
0.228697
0.239841
0.251331
0.26257
0.147026
0.14912
0.152449
0.157376
0.163223
0.170301
0.178045
0.186751
0.195951
0.205884
0.216089
0.22681
0.237536
0.248596
0.259249
0.146635
0.148706
0.151998
0.15687
0.162644
0.16961
0.177193
0.185735
0.194693
0.204368
0.214214
0.224557
0.234777
0.245319
0.25527
0.146183
0.148228
0.151478
0.156281
0.161937
0.1688
0.176209
0.184559
0.193236
0.202612
0.212039
0.221941
0.231568
0.241508
0.25064
0.145672
0.147687
0.15089
0.155628
0.161204
0.167883
0.175095
0.183226
0.191584
0.200621
0.209567
0.21897
0.227917
0.237173
0.24537
0.145103
0.147086
0.150237
0.154887
0.160321
0.166858
0.173858
0.181741
0.189743
0.198399
0.206804
0.215651
0.223831
0.232324
0.239477
0.144479
0.146428
0.149522
0.154082
0.159388
0.16574
0.172501
0.180107
0.187718
0.195952
0.203757
0.211992
0.219317
0.226976
0.232977
0.143803
0.145714
0.148748
0.153192
0.158356
0.164519
0.171027
0.178327
0.185515
0.193284
0.200432
0.208001
0.214386
0.221145
0.22589
0.143077
0.144949
0.147919
0.152259
0.157249
0.163208
0.169443
0.176405
0.183141
0.190399
0.196838
0.203687
0.209047
0.214848
0.218238
0.142302
0.144134
0.147042
0.151253
0.156064
0.161806
0.167752
0.174347
0.180602
0.187303
0.192985
0.199059
0.203311
0.208106
0.210041
0.141483
0.143273
0.146087
0.150173
0.154815
0.16032
0.16596
0.172157
0.177905
0.183997
0.188883
0.19412
0.197192
0.200939
0.201316
0.140622
0.142374
0.145133
0.14904
0.153499
0.158754
0.16407
0.169842
0.175059
0.180492
0.184548
0.188876
0.190706
0.193364
0.192075
0.139723
0.141421
0.144078
0.147854
0.152122
0.15711
0.162083
0.167401
0.172059
0.176783
0.179984
0.183324
0.183879
0.185394
0.182324
0.138788
0.140447
0.142999
0.146623
0.15069
0.155403
0.160019
0.164867
0.168941
0.172908
0.175221
0.177474
0.176731
0.177005
0.172044
0.137815
0.139422
0.141875
0.14534
0.149188
0.153596
0.157821
0.162155
0.165611
0.168788
0.170211
0.171307
0.16933
0.168168
0.161246
0.136822
0.138368
0.140734
0.144065
0.147721
0.151871
0.155735
0.159591
0.1624
0.164726
0.165126
0.164933
0.16157
0.158781
0.149874
0.136822
0.138368
0.140734
0.144065
0.147722
0.151872
0.155736
0.159591
0.162401
0.164727
0.165127
0.164933
0.161571
0.158782
0.149875
0.137815
0.139422
0.141875
0.14534
0.149188
0.153596
0.157821
0.162156
0.165611
0.168788
0.170212
0.171308
0.169331
0.168169
0.161247
0.138788
0.140447
0.142999
0.146623
0.15069
0.155403
0.160019
0.164867
0.168941
0.172909
0.175221
0.177475
0.176731
0.177006
0.172045
0.139723
0.141421
0.144078
0.147854
0.152123
0.157111
0.162083
0.167402
0.172059
0.176784
0.179985
0.183325
0.18388
0.185395
0.182325
0.140622
0.142374
0.145133
0.14904
0.1535
0.158754
0.16407
0.169843
0.175059
0.180493
0.184549
0.188876
0.190707
0.193365
0.192076
0.141484
0.143274
0.146087
0.150173
0.154815
0.16032
0.16596
0.172157
0.177906
0.183998
0.188884
0.19412
0.197193
0.20094
0.201317
0.142303
0.144134
0.147042
0.151253
0.156065
0.161806
0.167753
0.174348
0.180603
0.187303
0.192985
0.199059
0.203312
0.208106
0.210042
0.143077
0.144949
0.147919
0.152259
0.157249
0.163208
0.169443
0.176406
0.183141
0.1904
0.196838
0.203688
0.209048
0.214848
0.218239
0.143803
0.145715
0.148748
0.153192
0.158356
0.16452
0.171027
0.178327
0.185515
0.193284
0.200432
0.208001
0.214387
0.221145
0.225891
0.144479
0.146428
0.149523
0.154082
0.159388
0.16574
0.172501
0.180107
0.187718
0.195952
0.203757
0.211992
0.219318
0.226977
0.232977
0.145103
0.147087
0.150237
0.154887
0.160321
0.166858
0.173858
0.181741
0.189743
0.198399
0.206805
0.215651
0.223831
0.232325
0.239477
0.145672
0.147687
0.15089
0.155628
0.161204
0.167883
0.175096
0.183227
0.191584
0.200621
0.209567
0.21897
0.227917
0.237173
0.245371
0.146183
0.148228
0.151478
0.156281
0.161937
0.1688
0.17621
0.184559
0.193236
0.202612
0.212039
0.221941
0.231569
0.241509
0.25064
0.146635
0.148706
0.151998
0.15687
0.162644
0.16961
0.177194
0.185735
0.194693
0.204368
0.214215
0.224557
0.234777
0.245319
0.25527
0.147027
0.14912
0.152449
0.157376
0.163223
0.170301
0.178045
0.186751
0.195951
0.205884
0.216089
0.22681
0.237536
0.248596
0.25925
0.147355
0.149468
0.152828
0.157803
0.163726
0.170885
0.17876
0.187605
0.197006
0.207155
0.217659
0.228697
0.239841
0.251331
0.26257
0.14762
0.149748
0.153133
0.158147
0.164123
0.17135
0.179336
0.188292
0.197856
0.208179
0.21892
0.230212
0.241688
0.253521
0.265226
0.147819
0.14996
0.153363
0.158406
0.164426
0.171703
0.179771
0.188811
0.198496
0.20895
0.21987
0.231351
0.243074
0.255162
0.267215
0.147952
0.150101
0.153517
0.158579
0.164628
0.171937
0.180061
0.189158
0.198924
0.209466
0.220504
0.232112
0.243998
0.256254
0.268539
0.148019
0.150172
0.153595
0.158666
0.164729
0.172055
0.180207
0.189332
0.199139
0.209725
0.220822
0.232493
0.244461
0.2568
0.2692
0.0890637
0.0872933
0.0842254
0.080167
0.0753847
0.0700683
0.0644119
0.0585627
0.0526636
0.0468161
0.0411147
0.0356165
0.0303769
0.0254145
0.0207539
0.0895208
0.0877624
0.0847175
0.0806825
0.0759215
0.0706191
0.0649697
0.0591182
0.0532095
0.0473444
0.0416202
0.0360938
0.0308238
0.025829
0.0211385
0.0903699
0.0886348
0.0856321
0.0816419
0.0769221
0.0716479
0.0660134
0.0601601
0.0542353
0.0483393
0.0425735
0.0369958
0.0316693
0.0266136
0.0218639
0.0915495
0.0898477
0.0869061
0.082982
0.0783235
0.0730935
0.0674844
0.0616328
0.0556887
0.0497522
0.0439299
0.0382811
0.0328758
0.0277351
0.0229036
0.0930028
0.0913447
0.088483
0.0846461
0.0800707
0.0749026
0.0693323
0.0634892
0.0575267
0.0515439
0.0456541
0.0399185
0.0344156
0.029169
0.0242347
0.0946782
0.0930744
0.0903115
0.0865835
0.082114
0.0770281
0.0715131
0.0656893
0.0597134
0.0536826
0.0477183
0.0418838
0.036268
0.030897
0.0258416
0.0965292
0.0949905
0.0923453
0.0887484
0.0844089
0.0794279
0.0739884
0.0681984
0.0622181
0.0561419
0.0501003
0.0441584
0.0384172
0.0329063
0.0277137
0.0985138
0.0970512
0.0945423
0.0910989
0.0869151
0.082064
0.0767233
0.0709857
0.0650145
0.0588996
0.0527816
0.0467274
0.0408517
0.0351877
0.0298436
0.100595
0.0992194
0.0968646
0.0935972
0.0895956
0.0849017
0.0796862
0.0740232
0.0680786
0.0619361
0.0557469
0.0495791
0.0435625
0.0377348
0.0322271
0.102739
0.101462
0.0992782
0.0962089
0.0924166
0.0879088
0.0828475
0.0772849
0.0713886
0.0652337
0.0589824
0.0527034
0.046543
0.0405435
0.0348617
0.104918
0.10375
0.101752
0.098903
0.095347
0.0910554
0.0861794
0.0807463
0.0749238
0.068776
0.062476
0.0560919
0.0497877
0.0436109
0.0377466
0.107106
0.106057
0.104259
0.101651
0.0983581
0.0943133
0.0896557
0.0843838
0.0786642
0.0725471
0.0662159
0.0597367
0.053292
0.046935
0.0408816
0.109283
0.108362
0.106775
0.104429
0.101423
0.0976562
0.0932508
0.0881745
0.0825901
0.0765314
0.0701904
0.0636301
0.0570517
0.0505144
0.0442671
0.11143
0.110644
0.109279
0.107212
0.104519
0.101059
0.0969404
0.0920958
0.0866821
0.080713
0.0743878
0.0677643
0.0610623
0.0543476
0.0479037
0.113532
0.112889
0.111752
0.109983
0.107621
0.104499
0.100701
0.0961254
0.0909202
0.0850758
0.0787956
0.072131
0.0653192
0.058433
0.0517917
0.115577
0.115083
0.114179
0.112722
0.110711
0.107955
0.104509
0.100241
0.0952845
0.0896027
0.083401
0.0767213
0.069817
0.0627682
0.0559308
0.117556
0.117213
0.116546
0.115415
0.113769
0.111405
0.108344
0.104422
0.0997546
0.0942761
0.08819
0.0815253
0.0745494
0.0673503
0.0603201
0.11946
0.119271
0.118844
0.118048
0.11678
0.114833
0.112183
0.108646
0.10431
0.0990776
0.0931479
0.086532
0.0795094
0.0721753
0.0649574
0.121286
0.121251
0.121063
0.120611
0.119729
0.118221
0.116008
0.112893
0.108929
0.103988
0.0982593
0.0917295
0.0846889
0.0772381
0.0698391
0.123028
0.123147
0.123198
0.123093
0.122604
0.121553
0.119798
0.117143
0.11359
0.108988
0.103508
0.0971044
0.0900795
0.0825324
0.0749604
0.124685
0.124955
0.125243
0.125488
0.125395
0.124816
0.123537
0.121377
0.118272
0.114059
0.108875
0.102643
0.0956722
0.0880507
0.0803153
0.126255
0.126673
0.127197
0.127788
0.128093
0.127998
0.127209
0.125576
0.122953
0.11918
0.114341
0.108329
0.101457
0.0937838
0.0858968
0.127739
0.128301
0.129056
0.12999
0.130692
0.131087
0.130799
0.129723
0.127611
0.124332
0.119887
0.114151
0.107425
0.0997217
0.0916971
0.129137
0.129839
0.13082
0.13209
0.133187
0.134074
0.134297
0.133801
0.132227
0.129495
0.125489
0.120093
0.113565
0.105855
0.0977081
0.130452
0.131289
0.13249
0.134088
0.135574
0.136952
0.137691
0.137795
0.136782
0.134648
0.131124
0.126145
0.119866
0.112185
0.103928
0.131685
0.132652
0.134066
0.135982
0.137852
0.139715
0.140974
0.14169
0.14126
0.139773
0.13677
0.132297
0.126318
0.118725
0.110374
0.132838
0.133931
0.135552
0.137774
0.140021
0.142359
0.14414
0.145474
0.145647
0.144846
0.142405
0.138533
0.132892
0.125487
0.117061
0.133915
0.135128
0.136948
0.139463
0.142078
0.14488
0.147181
0.149131
0.149922
0.149833
0.147987
0.144804
0.139524
0.132428
0.123873
0.134919
0.136245
0.138254
0.141048
0.144015
0.147264
0.150074
0.152626
0.154043
0.154675
0.153462
0.151037
0.146165
0.139524
0.130435
0.135854
0.137288
0.139473
0.142529
0.145832
0.149509
0.152817
0.155967
0.158024
0.159417
0.158919
0.157382
0.153114
0.147471
0.137004
0.0171117
0.0143419
0.0115081
0.00862661
0.00570786
0.00275553
-0.000229345
-0.00324548
-0.00629043
-0.00936097
-0.0124537
-0.0155652
-0.0186922
-0.0218315
-0.0249797
-0.0281336
-0.0312896
-0.0344446
-0.0375978
-0.0407509
0.0174907
0.0147257
0.0118881
0.00900277
0.00608105
0.00312453
0.00013199
-0.00289637
-0.00595824
-0.00905014
-0.0121684
-0.0153094
-0.01847
-0.0216466
-0.0248361
-0.028035
-0.03124
-0.034448
-0.0376565
-0.040862
0.0181852
0.0153906
0.0125037
0.00956714
0.00659799
0.00359579
0.000556103
-0.00252237
-0.00563713
-0.00878388
-0.0119583
-0.0151564
-0.0183747
-0.0216096
-0.0248573
-0.0281138
-0.0313749
-0.0346368
-0.037898
-0.0411589
0.0191782
0.0163309
0.0133653
0.0103514
0.00731375
0.00424795
0.00114424
-0.00200112
-0.00518551
-0.00840365
-0.0116505
-0.0149219
-0.0182145
-0.0215249
-0.0248493
-0.0281839
-0.0315251
-0.0348693
-0.0382146
-0.041558
0.0204459
0.0175212
0.0144456
0.0113248
0.00819283
0.0050394
0.00184763
-0.00138914
-0.00466773
-0.00798136
-0.011324
-0.0146914
-0.0180802
-0.0214869
-0.0249077
-0.0283384
-0.0317746
-0.0352122
-0.0386505
-0.0420874
0.0219757
0.0189511
0.0157362
0.0124826
0.00923473
0.00597429
0.0026752
-0.000672422
-0.0040643
-0.0074917
-0.0109475
-0.0144274
-0.0179283
-0.0214471
-0.0249798
-0.0285223
-0.0320702
-0.0356199
-0.0391706
-0.0427192
0.0237583
0.0206118
0.0172288
0.013817
0.0104325
0.00704582
0.00361961
0.000140668
-0.00338485
-0.00694565
-0.0105336
-0.0141443
-0.0177754
-0.0214238
-0.0250857
-0.0287564
-0.0324315
-0.0361069
-0.039783
-0.0434566
0.0257883
0.0224984
0.0189188
0.0153245
0.011784
0.00825279
0.00468037
0.0010504
-0.00262803
-0.00634055
-0.0100779
-0.0138362
-0.0176136
-0.0214074
-0.0252136
-0.0290275
-0.0328446
-0.0366609
-0.0404776
-0.044291
0.028063
0.0246082
0.0208033
0.0170032
0.013288
0.00959441
0.00585654
0.0020556
-0.00179512
-0.00567761
-0.00958171
-0.0135044
-0.0174447
-0.0214
-0.0253663
-0.0293387
-0.0333123
-0.0372833
-0.0412542
-0.0452208
0.0305813
0.02694
0.0228812
0.0188523
0.0149447
0.0110711
0.0071482
0.00315614
-0.000886071
-0.00495645
-0.00904434
-0.0131479
-0.0172672
-0.0213998
-0.0255414
-0.0296869
-0.0338313
-0.0379708
-0.0421096
-0.0462429
0.0333436
0.0294939
0.0251523
0.0208726
0.0167553
0.0126838
0.00855582
0.00435216
9.9274e-05
-0.00417674
-0.00846536
-0.0127665
-0.017081
-0.0214067
-0.0257388
-0.030072
-0.0344014
-0.038723
-0.0430429
-0.0473561
0.0363514
0.0322706
0.027617
0.0230652
0.0187217
0.014434
0.0100801
0.00564405
0.0011614
-0.00333784
-0.00784415
-0.0123595
-0.0168857
-0.0214203
-0.0259582
-0.0304939
-0.0350223
-0.0395391
-0.0440534
-0.0485594
0.0396064
0.0352712
0.0302763
0.0254322
0.0208463
0.0163234
0.0117219
0.00703236
0.00230106
-0.00243887
-0.00717997
-0.0119265
-0.016681
-0.0214404
-0.0261992
-0.0309517
-0.0356928
-0.0404181
-0.0451402
-0.0498521
0.0431105
0.0384969
0.0331315
0.0279758
0.0231314
0.0183537
0.0134821
0.0085178
0.00351921
-0.00147883
-0.00647206
-0.0114672
-0.0164667
-0.0214672
-0.0264628
-0.0314478
-0.0364169
-0.0413631
-0.0463052
-0.0512354
0.0468652
0.0419483
0.0361837
0.0306984
0.0255798
0.0205263
0.0153612
0.0101012
0.00481698
-0.000456587
-0.00571966
-0.0109809
-0.0162422
-0.0214989
-0.026745
-0.0319749
-0.0371833
-0.0423648
-0.0475434
-0.0527067
0.0508718
0.0456256
0.0394339
0.0336024
0.0281937
0.0228423
0.0173599
0.0117834
0.00619564
0.000628942
-0.00492218
-0.0104676
-0.0160082
-0.0215391
-0.027056
-0.0325554
-0.0380296
-0.0434503
-0.0488706
-0.0542738
0.0551303
0.0495283
0.0428825
0.0366901
0.0309752
0.0253026
0.0194786
0.0135654
0.00765649
0.00177865
-0.00407924
-0.00992661
-0.0157611
-0.0215755
-0.0273632
-0.0331207
-0.0388507
-0.0445883
-0.0502867
-0.0559383
0.0596398
0.0536543
0.0465294
0.0399633
0.0339258
0.0279073
0.0217176
0.0154485
0.00920099
0.0029934
-0.0031911
-0.00936016
-0.0155088
-0.0216299
-0.0277196
-0.033776
-0.0397984
-0.0458036
-0.0517695
-0.0576856
0.0643974
0.0580001
0.0503736
0.0434234
0.0370463
0.0306563
0.0240772
0.017434
0.0108306
0.00427388
-0.00225755
-0.00876756
-0.0152476
-0.0216904
-0.0280926
-0.0344528
-0.0407706
-0.0470695
-0.0533247
-0.0595209
0.0693982
0.0625601
0.054413
0.0470711
0.040337
0.0335486
0.0265576
0.0195235
0.0125468
0.00562111
-0.00127766
-0.00814765
-0.0149769
-0.0217591
-0.0284922
-0.0351749
-0.0418058
-0.0484099
-0.0549632
-0.0614488
0.0746347
0.0673256
0.0586441
0.0509066
0.0437968
0.0365825
0.0291589
0.0217185
0.0143511
0.00703567
-0.000250985
-0.00749988
-0.0146964
-0.0218354
-0.0289159
-0.0359357
-0.0428929
-0.0498169
-0.0566819
-0.0634681
0.0800961
0.0722844
0.0630617
0.0549292
0.0474235
0.0397554
0.0318812
0.0240207
0.0162442
0.00851785
0.000823198
-0.0068232
-0.0144051
-0.0219192
-0.0293644
-0.0367378
-0.044036
-0.0512939
-0.0584828
-0.0655802
0.0857663
0.0774194
0.0676594
0.0591376
0.051213
0.0430638
0.0347249
0.0264314
0.0182265
0.0100678
0.00194577
-0.00611649
-0.0141026
-0.0220103
-0.0298381
-0.0375815
-0.0452351
-0.0528411
-0.0603665
-0.0677854
0.0916211
0.0827062
0.0724294
0.063529
0.0551585
0.0465034
0.0376902
0.0289513
0.0202978
0.0116859
0.00311821
-0.00537813
-0.0137874
-0.0221079
-0.0303363
-0.0384664
-0.0464902
-0.0544593
-0.0623337
-0.0700839
0.0976236
0.088111
0.0773629
0.0680993
0.0592514
0.050071
0.0407785
0.03158
0.0224561
0.0133715
0.00434074
-0.00460794
-0.0134597
-0.022212
-0.03086
-0.0393955
-0.0478047
-0.0561509
-0.0643859
-0.0724758
0.103724
0.0935905
0.0824479
0.0728359
0.0634767
0.053763
0.0439913
0.0343182
0.0247037
0.0151289
0.00561804
-0.00380188
-0.0131158
-0.0223188
-0.0314039
-0.0403581
-0.0491708
-0.0579142
-0.0665232
-0.0749619
0.109862
0.0991095
0.087684
0.0777274
0.0678217
0.0575745
0.0473194
0.0371516
0.0270273
0.0169475
0.00694135
-0.00296652
-0.01276
-0.0224333
-0.0319823
-0.0413931
-0.0506172
-0.0597634
-0.0687519
-0.0775457
0.115925
0.104621
0.0930499
0.0827411
0.0722838
0.0615324
0.0507964
0.0401169
0.0294653
0.0188616
0.00833803
-0.00208038
-0.0123738
-0.0225277
-0.0325308
-0.0423566
-0.0520685
-0.0616741
-0.0710591
-0.080215
0.121667
0.11014
0.0985679
0.087823
0.0767777
0.0655173
0.0542811
0.0430757
0.0318923
0.0207605
0.00971348
-0.00122573
-0.0120387
-0.0227209
-0.0332844
-0.0437106
-0.0537336
-0.0636871
-0.0734269
-0.0829411
0.126374
0.115319
0.104181
0.0931652
0.0816924
0.0699929
0.0582633
0.0465278
0.0348001
0.0231158
0.0115192
4.21737e-05
-0.0112866
-0.0224365
-0.0333802
-0.0441686
-0.0551668
-0.0657371
-0.0759043
-0.085796
-0.0439001
-0.0470371
-0.0501562
-0.0532554
-0.0563336
-0.0593894
-0.0624206
-0.0654248
-0.0683998
-0.0713435
-0.0742539
-0.0771293
-0.0799679
-0.0827682
-0.0855288
-0.0882481
-0.0909253
-0.093559
-0.0961497
-0.0986974
-0.0440589
-0.0472418
-0.0504086
-0.0535569
-0.0566841
-0.0597874
-0.0628638
-0.0659106
-0.0689252
-0.0719052
-0.0748485
-0.0777528
-0.0806163
-0.0834371
-0.0862137
-0.0889442
-0.0916278
-0.0942627
-0.0968505
-0.0993917
-0.0444152
-0.0476592
-0.050885
-0.0540899
-0.0572715
-0.0604274
-0.063555
-0.0666514
-0.0697138
-0.0727397
-0.075727
-0.0786734
-0.0815769
-0.0844356
-0.0872481
-0.0900123
-0.0927281
-0.0953933
-0.0980119
-0.100586
-0.0448935
-0.0482143
-0.0515165
-0.0547977
-0.0580552
-0.0612863
-0.0644877
-0.0676565
-0.0707897
-0.0738847
-0.0769391
-0.0799505
-0.0829169
-0.0858361
-0.0887069
-0.0915268
-0.0942963
-0.0970125
-0.0996827
-0.102311
-0.0455172
-0.0489324
-0.0523279
-0.055701
-0.0590491
-0.0623693
-0.0656585
-0.0689135
-0.0721314
-0.0753094
-0.0784452
-0.0815362
-0.0845805
-0.0875758
-0.0905211
-0.0934135
-0.0962546
-0.0990405
-0.101783
-0.104489
-0.0462592
-0.0497827
-0.0532855
-0.0567649
-0.0602183
-0.0636428
-0.067035
-0.0703919
-0.0737103
-0.0769876
-0.0802212
-0.0834085
-0.0865479
-0.0896366
-0.0926743
-0.0956571
-0.0985883
-0.101463
-0.104297
-0.107099
-0.0471208
-0.0507675
-0.054392
-0.0579918
-0.0615646
-0.0651072
-0.0686166
-0.0720892
-0.0755222
-0.0789128
-0.0822585
-0.0855567
-0.0888058
-0.0920029
-0.0951481
-0.098237
-0.101274
-0.104253
-0.107197
-0.110115
-0.0480934
-0.0518765
-0.055636
-0.0593695
-0.0630748
-0.0667489
-0.0703885
-0.0739903
-0.0775514
-0.0810688
-0.0845405
-0.0879635
-0.0913366
-0.0946566
-0.0979242
-0.101134
-0.104293
-0.107392
-0.110462
-0.113513
-0.0491748
-0.0531076
-0.057015
-0.0608951
-0.0647457
-0.0685639
-0.0723465
-0.0760901
-0.079792
-0.0834492
-0.0870597
-0.0906207
-0.0941311
-0.0975874
-0.100991
-0.104336
-0.107631
-0.110865
-0.114076
-0.117275
-0.0503616
-0.0544568
-0.0585246
-0.0625635
-0.0665716
-0.0705461
-0.0744837
-0.0783812
-0.082236
-0.0860451
-0.0898068
-0.0935179
-0.0971781
-0.100783
-0.104336
-0.107829
-0.111273
-0.114655
-0.118021
-0.121384
-0.0516522
-0.0559222
-0.0601625
-0.0643722
-0.0685495
-0.0726919
-0.0767961
-0.080859
-0.0848781
-0.0888506
-0.0927748
-0.0966477
-0.100469
-0.104235
-0.107949
-0.111601
-0.115207
-0.11875
-0.122284
-0.125823
-0.0530455
-0.0575023
-0.0619269
-0.0663187
-0.0706767
-0.074998
-0.0792798
-0.083519
-0.0877131
-0.0918596
-0.0959571
-0.100002
-0.103996
-0.107933
-0.111819
-0.115642
-0.119421
-0.123134
-0.126848
-0.130576
-0.0545406
-0.0591959
-0.063816
-0.0684012
-0.0729505
-0.0774616
-0.0819314
-0.0863569
-0.0907363
-0.0950667
-0.0993474
-0.103575
-0.10775
-0.111868
-0.115935
-0.119939
-0.1239
-0.127795
-0.131699
-0.135626
-0.0561383
-0.0610035
-0.0658299
-0.0706189
-0.07537
-0.0800806
-0.084748
-0.0893695
-0.0939432
-0.0984667
-0.102939
-0.107358
-0.111724
-0.116031
-0.120288
-0.12448
-0.128633
-0.132717
-0.136819
-0.140953
-0.0578361
-0.0629223
-0.067966
-0.0729694
-0.0779322
-0.082852
-0.0877263
-0.0925524
-0.097329
-0.102054
-0.106726
-0.111343
-0.115907
-0.120411
-0.124865
-0.129253
-0.133604
-0.137883
-0.142191
-0.146538
-0.0596378
-0.0649544
-0.0702254
-0.0754529
-0.0806366
-0.0857743
-0.0908635
-0.0959023
-0.100889
-0.105822
-0.110701
-0.115523
-0.120291
-0.124997
-0.129654
-0.134243
-0.138797
-0.143277
-0.147795
-0.152359
-0.0615432
-0.0670993
-0.0726073
-0.0780682
-0.0834812
-0.0888447
-0.0941563
-0.0994147
-0.104618
-0.109766
-0.114857
-0.119889
-0.124865
-0.129779
-0.134642
-0.139435
-0.144195
-0.148879
-0.153609
-0.158392
-0.0635478
-0.0693551
-0.0751096
-0.0808128
-0.0864634
-0.0920603
-0.0976009
-0.103085
-0.10851
-0.113878
-0.119184
-0.124431
-0.129618
-0.134743
-0.139813
-0.144814
-0.149781
-0.15467
-0.159612
-0.164613
-0.065653
-0.0717221
-0.0777324
-0.083686
-0.0895815
-0.0954184
-0.101194
-0.106909
-0.11256
-0.118151
-0.123675
-0.129139
-0.134537
-0.139875
-0.145152
-0.150362
-0.155533
-0.16063
-0.16578
-0.171001
-0.0678605
-0.0742008
-0.0804752
-0.0866866
-0.0928335
-0.0989159
-0.104931
-0.11088
-0.11676
-0.122577
-0.128319
-0.134003
-0.139611
-0.145162
-0.150641
-0.156062
-0.161431
-0.166736
-0.172088
-0.177532
-0.0701692
-0.0767897
-0.0833364
-0.0898125
-0.0962165
-0.102549
-0.108806
-0.114993
-0.121103
-0.127146
-0.133107
-0.13901
-0.144824
-0.150591
-0.156266
-0.161898
-0.167456
-0.172968
-0.178509
-0.184177
-0.0725801
-0.0794891
-0.0863152
-0.093062
-0.0997278
-0.106314
-0.112816
-0.119241
-0.12558
-0.131849
-0.138024
-0.144144
-0.150157
-0.156138
-0.161999
-0.167848
-0.173581
-0.179306
-0.18502
-0.190907
-0.0750929
-0.0822981
-0.0894104
-0.0964329
-0.103364
-0.110206
-0.116955
-0.123618
-0.130185
-0.136676
-0.143062
-0.149392
-0.155596
-0.161783
-0.167811
-0.173873
-0.179758
-0.185706
-0.191571
-0.197682
-0.077707
-0.0852158
-0.0926203
-0.0999231
-0.107123
-0.114222
-0.121218
-0.128117
-0.134912
-0.141621
-0.148218
-0.154753
-0.161147
-0.167533
-0.173717
-0.179983
-0.18598
-0.19215
-0.198118
-0.204465
-0.0804215
-0.0882401
-0.095942
-0.103529
-0.111
-0.118356
-0.125598
-0.132731
-0.13975
-0.146672
-0.153475
-0.160208
-0.166793
-0.173374
-0.17972
-0.186194
-0.192285
-0.198685
-0.204681
-0.211277
-0.083237
-0.0913697
-0.0993716
-0.107244
-0.114985
-0.122595
-0.130077
-0.137434
-0.144665
-0.151782
-0.158772
-0.165673
-0.172428
-0.179166
-0.185667
-0.192328
-0.198527
-0.20519
-0.211193
-0.218107
-0.0861578
-0.0946091
-0.102911
-0.111065
-0.11907
-0.126927
-0.134637
-0.142203
-0.149626
-0.156914
-0.164062
-0.171094
-0.177975
-0.184806
-0.191413
-0.198175
-0.204463
-0.211369
-0.217388
-0.224785
-0.0891769
-0.0979617
-0.106576
-0.115022
-0.1233
-0.131412
-0.139359
-0.147145
-0.154774
-0.16225
-0.169574
-0.176758
-0.183787
-0.19072
-0.197441
-0.20425
-0.210601
-0.217644
-0.223599
-0.231556
-0.0922659
-0.10141
-0.110374
-0.119156
-0.127752
-0.136164
-0.144397
-0.152458
-0.16035
-0.16808
-0.175654
-0.183077
-0.190348
-0.197486
-0.204434
-0.211349
-0.217855
-0.224883
-0.230779
-0.239025
-0.0954505
-0.104908
-0.114184
-0.123261
-0.132128
-0.140787
-0.149244
-0.157506
-0.165583
-0.173482
-0.181214
-0.188785
-0.196206
-0.203479
-0.210594
-0.217586
-0.224286
-0.231117
-0.237113
-0.245027
-0.105034
-0.114698
-0.123777
-0.132029
-0.139235
-0.145225
-0.149844
-0.152961
-0.154445
-0.154218
-0.152236
-0.148532
-0.143165
-0.136271
-0.128004
-0.118617
-0.10835
-0.097541
-0.0864604
-0.0754718
-0.0647955
-0.0547248
-0.0453835
-0.0369191
-0.029319
-0.022592
-0.0166322
-0.011359
-0.00657028
-0.00216623
-0.105763
-0.115474
-0.124563
-0.132798
-0.139975
-0.145933
-0.150513
-0.153582
-0.155006
-0.154712
-0.15266
-0.148886
-0.143449
-0.136485
-0.128153
-0.118704
-0.108383
-0.0975274
-0.0864111
-0.0753959
-0.064704
-0.0546281
-0.0452879
-0.0368318
-0.0292424
-0.0225274
-0.0165821
-0.0113214
-0.00654824
-0.00215867
-0.107095
-0.116915
-0.126022
-0.134225
-0.141351
-0.147251
-0.151761
-0.154739
-0.156051
-0.155632
-0.153451
-0.149546
-0.143978
-0.136883
-0.128429
-0.118865
-0.108444
-0.097501
-0.0863183
-0.0752534
-0.0645334
-0.0544469
-0.0451098
-0.0366684
-0.0290995
-0.0224069
-0.0164888
-0.011251
-0.00650708
-0.0021439
-0.109003
-0.118965
-0.128088
-0.13624
-0.143294
-0.149112
-0.153521
-0.156365
-0.157517
-0.156921
-0.154559
-0.150468
-0.144717
-0.137439
-0.128814
-0.119088
-0.108527
-0.0974613
-0.086186
-0.0750518
-0.064293
-0.054192
-0.04486
-0.0364391
-0.0288994
-0.0222382
-0.0163583
-0.0111522
-0.00644947
-0.00212283
-0.111423
-0.121558
-0.130686
-0.138767
-0.145731
-0.151447
-0.155724
-0.158395
-0.159343
-0.158526
-0.155938
-0.151616
-0.145634
-0.138127
-0.129289
-0.11936
-0.108626
-0.0974073
-0.0860174
-0.0747973
-0.0639912
-0.0538724
-0.0445478
-0.0361529
-0.0286501
-0.0220282
-0.016196
-0.0110291
-0.00637786
-0.00209617
-0.114324
-0.124648
-0.133761
-0.14175
-0.148609
-0.154201
-0.158316
-0.160776
-0.161481
-0.160403
-0.15755
-0.152954
-0.146701
-0.138927
-0.129838
-0.119673
-0.108736
-0.0973379
-0.085815
-0.0744949
-0.0636351
-0.0534962
-0.0441816
-0.0358177
-0.0283588
-0.0217829
-0.0160069
-0.0108851
-0.00629444
-0.0020645
-0.117674
-0.128192
-0.137261
-0.145139
-0.151877
-0.157324
-0.161244
-0.163458
-0.163883
-0.162511
-0.159357
-0.154452
-0.147894
-0.139817
-0.130448
-0.120016
-0.108851
-0.0972519
-0.0855811
-0.0741491
-0.0632311
-0.0530705
-0.043769
-0.0354406
-0.0280316
-0.0215079
-0.015795
-0.0107234
-0.00620116
-0.00202831
-0.121449
-0.132152
-0.141143
-0.148888
-0.155489
-0.160769
-0.164464
-0.166396
-0.166511
-0.164815
-0.161329
-0.156083
-0.14919
-0.140782
-0.131105
-0.120381
-0.108968
-0.0971482
-0.0853174
-0.0737638
-0.0627848
-0.0526014
-0.0433165
-0.0350279
-0.0276745
-0.021208
-0.0155643
-0.0105466
-0.00609973
-0.00198806
-0.125625
-0.136492
-0.145365
-0.152956
-0.159406
-0.164495
-0.167931
-0.16955
-0.169327
-0.167281
-0.163436
-0.157823
-0.150569
-0.141805
-0.131798
-0.120761
-0.109082
-0.097026
-0.0850258
-0.0733427
-0.0623014
-0.0520946
-0.04283
-0.0345853
-0.0272924
-0.0208877
-0.0153182
-0.0103574
-0.0059917
-0.00194413
-0.130182
-0.141179
-0.149892
-0.157308
-0.163589
-0.168462
-0.171606
-0.172883
-0.172299
-0.16988
-0.165653
-0.15965
-0.152014
-0.142873
-0.132517
-0.121148
-0.10919
-0.0968848
-0.0847082
-0.072889
-0.0617856
-0.0515552
-0.042315
-0.0341178
-0.0268898
-0.0205508
-0.0150597
-0.010158
-0.00587842
-0.00189689
-0.135099
-0.146181
-0.154686
-0.161908
-0.168003
-0.172633
-0.175454
-0.176364
-0.175398
-0.172587
-0.167956
-0.161545
-0.153507
-0.143974
-0.133253
-0.121539
-0.109289
-0.0967241
-0.0843662
-0.0724058
-0.0612417
-0.0509879
-0.0417764
-0.0336302
-0.026471
-0.0202008
-0.0147914
-0.00995034
-0.00576109
-0.00184668
-0.140356
-0.151465
-0.159715
-0.166724
-0.172617
-0.176974
-0.17944
-0.179963
-0.178597
-0.175377
-0.170325
-0.16349
-0.155037
-0.145097
-0.133999
-0.121927
-0.109377
-0.0965441
-0.0840016
-0.0718961
-0.0606736
-0.050397
-0.0412186
-0.0331265
-0.0260394
-0.0198409
-0.0145158
-0.00973635
-0.00564073
-0.00179382
-0.14593
-0.156996
-0.164946
-0.171725
-0.177397
-0.18145
-0.183535
-0.183653
-0.181872
-0.178228
-0.172741
-0.165471
-0.15659
-0.146233
-0.134747
-0.122308
-0.109452
-0.0963448
-0.0836163
-0.0713629
-0.0600851
-0.0497864
-0.0406456
-0.0326104
-0.0255985
-0.0194738
-0.014235
-0.00951765
-0.00551828
-0.00173862
-0.1518
-0.162742
-0.170349
-0.176883
-0.182314
-0.186032
-0.18771
-0.18741
-0.185202
-0.181122
-0.175188
-0.167474
-0.158155
-0.147374
-0.135493
-0.122681
-0.109513
-0.0961268
-0.0832122
-0.0708088
-0.0594795
-0.0491598
-0.0400612
-0.0320855
-0.0251512
-0.0191022
-0.0139509
-0.00929573
-0.00539453
-0.00168138
-0.15794
-0.168668
-0.175895
-0.182171
-0.187337
-0.19069
-0.191942
-0.191212
-0.188567
-0.184042
-0.177651
-0.169487
-0.159723
-0.148514
-0.13623
-0.123042
-0.10956
-0.0958909
-0.0827911
-0.0702366
-0.0588601
-0.0485206
-0.0394686
-0.0315547
-0.0247001
-0.0187282
-0.0136651
-0.00907195
-0.00527019
-0.0016224
-0.164324
-0.17474
-0.181556
-0.187564
-0.19244
-0.195398
-0.196208
-0.195041
-0.191948
-0.186972
-0.180117
-0.171501
-0.161287
-0.149646
-0.136957
-0.123389
-0.10959
-0.0956379
-0.0823548
-0.0696491
-0.05823
-0.0478722
-0.0388709
-0.0310209
-0.0242477
-0.0183539
-0.0133792
-0.00884757
-0.0051459
-0.00156198
-0.170923
-0.180923
-0.187306
-0.193038
-0.197595
-0.200132
-0.200489
-0.198879
-0.195331
-0.189898
-0.182576
-0.173505
-0.162838
-0.150765
-0.137668
-0.123722
-0.109605
-0.0953691
-0.0819052
-0.0690488
-0.057592
-0.0472174
-0.038271
-0.0304866
-0.0237961
-0.0179811
-0.0130946
-0.00862371
-0.00502221
-0.00150044
-0.177706
-0.187186
-0.193123
-0.19857
-0.202776
-0.204871
-0.204768
-0.202709
-0.198701
-0.192809
-0.185018
-0.175494
-0.164371
-0.151869
-0.138361
-0.124037
-0.109605
-0.0950857
-0.0814443
-0.0684386
-0.056949
-0.0465593
-0.0376717
-0.0299542
-0.0233473
-0.0176114
-0.0128126
-0.00840143
-0.00489966
-0.00143808
-0.184636
-0.193497
-0.198983
-0.204135
-0.207962
-0.209594
-0.209028
-0.206516
-0.202045
-0.195695
-0.187433
-0.177458
-0.165879
-0.152951
-0.139034
-0.124336
-0.109588
-0.0947893
-0.0809743
-0.067821
-0.0563037
-0.0459008
-0.0370753
-0.0294261
-0.0229034
-0.0172465
-0.0125344
-0.00818173
-0.00477873
-0.0013752
-0.191672
-0.199825
-0.204864
-0.20971
-0.213129
-0.214285
-0.213254
-0.210286
-0.205352
-0.198543
-0.189813
-0.179392
-0.167359
-0.15401
-0.139685
-0.124618
-0.109557
-0.0944817
-0.0804973
-0.0671991
-0.055659
-0.0452446
-0.0364845
-0.0289043
-0.022466
-0.0168877
-0.012261
-0.00796552
-0.00465986
-0.00131212
-0.19877
-0.206141
-0.210746
-0.215271
-0.218255
-0.218927
-0.217431
-0.214005
-0.208608
-0.201345
-0.19215
-0.181288
-0.168805
-0.155042
-0.140312
-0.124882
-0.109512
-0.0941647
-0.0800157
-0.0665758
-0.0550177
-0.0445936
-0.0359015
-0.0283911
-0.0220369
-0.0165365
-0.0119936
-0.00775367
-0.00454347
-0.00124913
-0.205887
-0.212418
-0.216607
-0.220792
-0.223322
-0.223504
-0.221545
-0.217659
-0.211803
-0.20409
-0.194435
-0.18314
-0.170213
-0.156044
-0.140913
-0.125128
-0.109454
-0.0938406
-0.0795322
-0.0659541
-0.0543826
-0.0439508
-0.0353289
-0.0278882
-0.0216177
-0.0161941
-0.0117331
-0.00754702
-0.00442996
-0.00118652
-0.212976
-0.218631
-0.222427
-0.226251
-0.22831
-0.227999
-0.225579
-0.221233
-0.214923
-0.206766
-0.196659
-0.184941
-0.171576
-0.157011
-0.141487
-0.125356
-0.109384
-0.0935116
-0.0790493
-0.0653374
-0.0537566
-0.0433189
-0.0347688
-0.0273978
-0.02121
-0.0158617
-0.0114805
-0.00734632
-0.00431968
-0.00112459
-0.219989
-0.224756
-0.228185
-0.231623
-0.233199
-0.232393
-0.229515
-0.224713
-0.217953
-0.209361
-0.198812
-0.186682
-0.172889
-0.157942
-0.142032
-0.125566
-0.109304
-0.0931802
-0.0785699
-0.064729
-0.0531428
-0.0427008
-0.0342235
-0.0269215
-0.0208151
-0.0155404
-0.0112366
-0.00715225
-0.00421298
-0.00106362
-0.226877
-0.23077
-0.23386
-0.236879
-0.237966
-0.236666
-0.233331
-0.228074
-0.220877
-0.21186
-0.200883
-0.188354
-0.174146
-0.15883
-0.142547
-0.125759
-0.109214
-0.092849
-0.0780969
-0.0641321
-0.0525437
-0.0420991
-0.0336949
-0.0264611
-0.0204343
-0.0152312
-0.0110021
-0.00696544
-0.00411012
-0.00100386
-0.233586
-0.236647
-0.23942
-0.241986
-0.24258
-0.240791
-0.237001
-0.231295
-0.223675
-0.214247
-0.202857
-0.189946
-0.175339
-0.159673
-0.143029
-0.125933
-0.109117
-0.0925198
-0.0776326
-0.0635497
-0.0519621
-0.0415163
-0.0331849
-0.0260178
-0.0200686
-0.0149348
-0.0107776
-0.00678639
-0.00401134
-0.000945571
-0.240043
-0.242356
-0.244831
-0.246903
-0.247001
-0.244724
-0.240505
-0.234353
-0.226325
-0.216503
-0.204722
-0.191449
-0.176464
-0.160464
-0.143477
-0.126089
-0.109013
-0.0921956
-0.0771801
-0.062985
-0.0514007
-0.040955
-0.0326954
-0.0255933
-0.0197193
-0.0146521
-0.0105638
-0.00661564
-0.00391692
-0.000888988
-0.246203
-0.247873
-0.250068
-0.251602
-0.251205
-0.24842
-0.243815
-0.237217
-0.228808
-0.218618
-0.206472
-0.192863
-0.177521
-0.161211
-0.143897
-0.126234
-0.108909
-0.0918833
-0.0767457
-0.062444
-0.0508639
-0.0404189
-0.032229
-0.0251895
-0.0193877
-0.014384
-0.0103614
-0.00645373
-0.00382716
-0.000834358
-0.252116
-0.253168
-0.255111
-0.256082
-0.25521
-0.251926
-0.246654
-0.23986
-0.23114
-0.220609
-0.208125
-0.194202
-0.178526
-0.161925
-0.144301
-0.126378
-0.108814
-0.0915889
-0.0763334
-0.0619291
-0.050353
-0.0399083
-0.0317855
-0.0248059
-0.0190734
-0.0141301
-0.0101701
-0.00630041
-0.0037419
-0.000781741
-0.25776
-0.258015
-0.259758
-0.260212
-0.258979
-0.255401
-0.250233
-0.242533
-0.233357
-0.22246
-0.209635
-0.195404
-0.179407
-0.162531
-0.144614
-0.12645
-0.108665
-0.0912588
-0.0758987
-0.0614064
-0.0498418
-0.0394047
-0.0313511
-0.0244321
-0.0187685
-0.0138849
-0.00998538
-0.00615324
-0.00365932
-0.00073076
-0.262926
-0.261738
-0.263264
-0.263092
-0.261366
-0.257182
-0.25122
-0.243809
-0.234485
-0.223377
-0.210339
-0.195905
-0.179689
-0.162626
-0.144507
-0.126187
-0.108257
-0.0907427
-0.07533
-0.0607963
-0.0492709
-0.0388616
-0.0308894
-0.0240375
-0.0184478
-0.013628
-0.0097905
-0.00599914
-0.00357074
-0.000676634
-0.266883
-0.2665
-0.26798
-0.26697
-0.264557
-0.259689
-0.253413
-0.245115
-0.235238
-0.223667
-0.210251
-0.195495
-0.178993
-0.161729
-0.143419
-0.125004
-0.107007
-0.0894953
-0.0741582
-0.0597027
-0.0483439
-0.0380528
-0.0302469
-0.0235158
-0.0180414
-0.0133142
-0.00955994
-0.00582197
-0.00347215
-0.00061704
-0.271089
-0.270467
-0.271446
-0.269525
-0.266501
-0.260994
-0.254306
-0.24587
-0.235752
-0.223897
-0.210221
-0.195225
-0.178485
-0.161039
-0.142539
-0.124022
-0.105936
-0.0884057
-0.0731073
-0.0587057
-0.047482
-0.0372903
-0.0296334
-0.0230126
-0.0176465
-0.0130078
-0.00933376
-0.00564767
-0.00337474
-0.000556965
-0.275127
-0.27416
-0.274772
-0.272065
-0.268598
-0.262704
-0.2556
-0.246639
-0.236168
-0.223997
-0.210068
-0.194843
-0.17789
-0.16029
-0.141626
-0.123031
-0.104874
-0.0873411
-0.0720911
-0.0577481
-0.0466598
-0.0365641
-0.0290511
-0.0225347
-0.0172721
-0.0127171
-0.00911941
-0.00548205
-0.00328151
-0.00049788
-0.27895
-0.277315
-0.277515
-0.273989
-0.27004
-0.263493
-0.256302
-0.247064
-0.236377
-0.223962
-0.209829
-0.194408
-0.17727
-0.159534
-0.140721
-0.122063
-0.103841
-0.0863126
-0.0711109
-0.0568283
-0.0458714
-0.0358684
-0.0284947
-0.0220776
-0.0169152
-0.0124405
-0.00891598
-0.00532497
-0.0031927
-0.000440233
-0.282616
-0.279843
-0.279746
-0.275514
-0.27128
-0.264485
-0.256928
-0.247345
-0.23644
-0.2238
-0.209495
-0.193905
-0.176612
-0.158763
-0.139824
-0.121119
-0.102844
-0.0853311
-0.0701785
-0.055958
-0.0451263
-0.0352112
-0.0279693
-0.0216451
-0.0165781
-0.0121793
-0.00872435
-0.00517719
-0.00310859
-0.000384374
-0.285989
-0.281783
-0.281451
-0.276574
-0.2721
-0.264892
-0.257198
-0.247392
-0.236335
-0.223514
-0.209072
-0.193341
-0.17592
-0.157982
-0.138938
-0.120204
-0.101888
-0.0844004
-0.0692984
-0.0551422
-0.044429
-0.0345968
-0.0274784
-0.0212399
-0.016263
-0.0119352
-0.00854566
-0.00503969
-0.00302969
-0.000330752
-0.289155
-0.283061
-0.282701
-0.27724
-0.272599
-0.265187
-0.257312
-0.247281
-0.236097
-0.223119
-0.20857
-0.192724
-0.175201
-0.157194
-0.138068
-0.11932
-0.100976
-0.0835256
-0.0684756
-0.0543861
-0.0437838
-0.0340291
-0.0270245
-0.0208639
-0.0159711
-0.0117092
-0.00838066
-0.00491328
-0.00295642
-0.000279842
-0.291874
-0.283742
-0.283553
-0.277597
-0.272897
-0.265183
-0.257207
-0.247012
-0.235736
-0.222634
-0.208004
-0.192063
-0.174465
-0.156406
-0.137219
-0.118473
-0.100115
-0.0827103
-0.067714
-0.0536935
-0.0431939
-0.0335109
-0.0266099
-0.0205188
-0.0157035
-0.0115019
-0.00822988
-0.00479856
-0.00288915
-0.000232095
-0.293752
-0.284022
-0.284103
-0.277659
-0.272938
-0.265025
-0.256973
-0.24663
-0.235286
-0.222077
-0.207388
-0.191373
-0.173721
-0.155626
-0.136398
-0.117666
-0.0993058
-0.0819574
-0.0670164
-0.0530673
-0.0426615
-0.0330446
-0.0262359
-0.0202056
-0.0154608
-0.0113139
-0.0080936
-0.00469596
-0.00282817
-0.00018792
-0.294764
-0.284048
-0.284385
-0.277515
-0.272841
-0.264708
-0.256622
-0.246154
-0.234768
-0.221472
-0.206742
-0.190669
-0.172981
-0.154863
-0.135611
-0.116903
-0.0985531
-0.0812683
-0.0663845
-0.0525086
-0.0421879
-0.0326312
-0.0259032
-0.0199247
-0.015243
-0.0111451
-0.00797185
-0.00460568
-0.0027737
-0.000147663
-0.295097
-0.283928
-0.284439
-0.277229
-0.272603
-0.264297
-0.256199
-0.245622
-0.234208
-0.220842
-0.206085
-0.189968
-0.172258
-0.154127
-0.134866
-0.116189
-0.0978591
-0.080644
-0.0658186
-0.0520173
-0.0417732
-0.0322706
-0.0256117
-0.0196759
-0.0150497
-0.0109953
-0.00786442
-0.00452776
-0.00272589
-0.000111589
-0.295042
-0.283658
-0.284353
-0.276824
-0.27229
-0.26382
-0.255725
-0.245062
-0.233629
-0.22021
-0.205436
-0.189286
-0.171565
-0.153428
-0.134168
-0.115527
-0.0972262
-0.0800845
-0.0653186
-0.0515923
-0.0414166
-0.0319622
-0.0253606
-0.0194587
-0.0148801
-0.0108637
-0.00777093
-0.00446199
-0.00268479
-7.98654e-05
-0.294617
-0.283343
-0.284107
-0.276382
-0.271922
-0.263312
-0.255247
-0.244493
-0.233063
-0.219594
-0.204813
-0.18864
-0.170917
-0.152778
-0.133527
-0.114923
-0.0966566
-0.0795898
-0.0648836
-0.0512317
-0.0411166
-0.0317042
-0.0251485
-0.0192718
-0.014733
-0.0107495
-0.00769084
-0.004408
-0.00265037
-5.25597e-05
-0.293912
-0.283068
-0.283737
-0.275965
-0.271481
-0.262841
-0.254743
-0.243968
-0.232516
-0.219028
-0.204241
-0.188052
-0.170324
-0.152189
-0.132951
-0.114382
-0.096153
-0.0791596
-0.0645124
-0.050933
-0.0408709
-0.0314945
-0.0249737
-0.0191139
-0.0146072
-0.0106518
-0.00762351
-0.00436526
-0.00262256
-2.96458e-05
-0.293188
-0.282674
-0.283385
-0.275523
-0.271101
-0.262377
-0.254296
-0.24348
-0.232026
-0.218517
-0.20373
-0.18753
-0.169812
-0.151676
-0.132445
-0.11391
-0.0957183
-0.0787941
-0.0642042
-0.0506934
-0.0406771
-0.0313304
-0.024834
-0.0189834
-0.0145013
-0.0105695
-0.00756833
-0.00433315
-0.00260118
-1.10186e-05
-0.292476
-0.282294
-0.283049
-0.27513
-0.270719
-0.261976
-0.253899
-0.243062
-0.231609
-0.218089
-0.203304
-0.187096
-0.169382
-0.151242
-0.132027
-0.113513
-0.0953559
-0.078494
-0.063958
-0.0505103
-0.0405329
-0.0312091
-0.0247274
-0.0188787
-0.0144139
-0.0105016
-0.0075247
-0.00431096
-0.00258603
3.48228e-06
-0.291857
-0.281946
-0.282771
-0.274797
-0.270445
-0.26165
-0.253584
-0.242731
-0.231283
-0.217757
-0.202977
-0.186764
-0.169052
-0.150906
-0.131696
-0.1132
-0.0950683
-0.0782604
-0.0637734
-0.0503813
-0.0404357
-0.031128
-0.0246516
-0.0187984
-0.014344
-0.0104474
-0.00749213
-0.00429802
-0.00257687
1.40437e-05
-0.291404
-0.281686
-0.282571
-0.274557
-0.270228
-0.261418
-0.253362
-0.242502
-0.231061
-0.217535
-0.202761
-0.186545
-0.168832
-0.150677
-0.131464
-0.112972
-0.0948622
-0.0780948
-0.0636502
-0.0503045
-0.0403835
-0.0310844
-0.0246049
-0.0187412
-0.0142908
-0.0104063
-0.0074703
-0.0042937
-0.00257344
2.08491e-05
-0.291161
-0.281545
-0.282463
-0.274427
-0.270119
-0.261297
-0.253248
-0.242388
-0.230954
-0.217433
-0.202665
-0.186446
-0.168728
-0.150559
-0.131333
-0.112838
-0.0947379
-0.0779992
-0.0635889
-0.0502788
-0.0403747
-0.0310762
-0.0245855
-0.0187062
-0.0142539
-0.0103782
-0.00745902
-0.00429747
-0.00257547
2.40509e-05
)
;

boundaryField
{
    inlet
    {
        type            zeroGradient;
    }
    outlet
    {
        type            fixedValue;
        value           uniform 0;
    }
    cylinder
    {
        type            zeroGradient;
    }
    top
    {
        type            symmetryPlane;
    }
    bottom
    {
        type            symmetryPlane;
    }
    defaultFaces
    {
        type            empty;
    }
}


// ************************************************************************* //
