/*--------------------------------*- C++ -*----------------------------------*\
  =========                 |
  \\      /  F ield         | OpenFOAM: The Open Source CFD Toolbox
   \\    /   O peration     | Website:  https://openfoam.org
    \\  /    A nd           | Version:  9
     \\/     M anipulation  |
\*---------------------------------------------------------------------------*/
FoamFile
{
    format      ascii;
    class       volScalarField;
    location    "44.8";
    object      p;
}
// * * * * * * * * * * * * * * * * * * * * * * * * * * * * * * * * * * * * * //

dimensions      [0 2 -2 0 0 0 0];

internalField   nonuniform List<scalar> 
8500
(
-0.282818
-0.287031
-0.287868
-0.289616
-0.291701
-0.291947
-0.295701
-0.292077
-0.298249
-0.290935
-0.283083
-0.287235
-0.288065
-0.289782
-0.291899
-0.292042
-0.295998
-0.292013
-0.298662
-0.290822
-0.283606
-0.287637
-0.288453
-0.290106
-0.292288
-0.292219
-0.296584
-0.291867
-0.299484
-0.290595
-0.284373
-0.288226
-0.289018
-0.290572
-0.29285
-0.29246
-0.297438
-0.291611
-0.300702
-0.290249
-0.285367
-0.288987
-0.289743
-0.291159
-0.29356
-0.292738
-0.298525
-0.291208
-0.302293
-0.28978
-0.286564
-0.289902
-0.290604
-0.291841
-0.294383
-0.293026
-0.299793
-0.290622
-0.304216
-0.289171
-0.287938
-0.290949
-0.291576
-0.292587
-0.295275
-0.293303
-0.301165
-0.289823
-0.306416
-0.288362
-0.289464
-0.292106
-0.292631
-0.29337
-0.296185
-0.293553
-0.302546
-0.288801
-0.3088
-0.287345
-0.291114
-0.293353
-0.29374
-0.294164
-0.297055
-0.293773
-0.303821
-0.287627
-0.310931
-0.286326
-0.292866
-0.29467
-0.294875
-0.294947
-0.297829
-0.29398
-0.304771
-0.286532
-0.312731
-0.284931
-0.2947
-0.296042
-0.296012
-0.295704
-0.298447
-0.294258
-0.305263
-0.28541
-0.314159
-0.283315
-0.296604
-0.297458
-0.297132
-0.296427
-0.298808
-0.294653
-0.30531
-0.284332
-0.314807
-0.281955
-0.298571
-0.298911
-0.298223
-0.297132
-0.298934
-0.295037
-0.304911
-0.28362
-0.31413
-0.281407
-0.300605
-0.300401
-0.299277
-0.297799
-0.298879
-0.295356
-0.304001
-0.283435
-0.311734
-0.281699
-0.302718
-0.301936
-0.300307
-0.298406
-0.29869
-0.29559
-0.302642
-0.2837
-0.307598
-0.282031
-0.304934
-0.303522
-0.301349
-0.298961
-0.298419
-0.295547
-0.300958
-0.284047
-0.302222
-0.281305
-0.307289
-0.305182
-0.302433
-0.299493
-0.29814
-0.295188
-0.299039
-0.284089
-0.29625
-0.278999
-0.309821
-0.306945
-0.303593
-0.300043
-0.297915
-0.294532
-0.296853
-0.283631
-0.289939
-0.275129
-0.312581
-0.308848
-0.304873
-0.300648
-0.297749
-0.293692
-0.294309
-0.2826
-0.283219
-0.270114
-0.315624
-0.31093
-0.306323
-0.301332
-0.297603
-0.292787
-0.291384
-0.280856
-0.276136
-0.264735
-0.319006
-0.313242
-0.307995
-0.302097
-0.297448
-0.291856
-0.288153
-0.278172
-0.269306
-0.25948
-0.322769
-0.315853
-0.309927
-0.302928
-0.29732
-0.290839
-0.284698
-0.274494
-0.263175
-0.252957
-0.32699
-0.318814
-0.312125
-0.303833
-0.297274
-0.289615
-0.281051
-0.270089
-0.257022
-0.246215
-0.331732
-0.322189
-0.314551
-0.304895
-0.297305
-0.288076
-0.27721
-0.265091
-0.250867
-0.239428
-0.337057
-0.326032
-0.317155
-0.306243
-0.297324
-0.286164
-0.27313
-0.259702
-0.244597
-0.232551
-0.343032
-0.330353
-0.31994
-0.307954
-0.297209
-0.283851
-0.268789
-0.254013
-0.23819
-0.22565
-0.349731
-0.335105
-0.323018
-0.309951
-0.296859
-0.281132
-0.26417
-0.248087
-0.231645
-0.218658
-0.357225
-0.34019
-0.326593
-0.312031
-0.296198
-0.278013
-0.259265
-0.241947
-0.224949
-0.211574
-0.365556
-0.345505
-0.330849
-0.313979
-0.295154
-0.274496
-0.254064
-0.235596
-0.218097
-0.204357
-0.3747
-0.350989
-0.335829
-0.315641
-0.293659
-0.270575
-0.248558
-0.229022
-0.211071
-0.196989
-0.38454
-0.356654
-0.341353
-0.31692
-0.291649
-0.266233
-0.242729
-0.222209
-0.203853
-0.189442
-0.39485
-0.362577
-0.347034
-0.317739
-0.289071
-0.261438
-0.236554
-0.215134
-0.196418
-0.181695
-0.4053
-0.368856
-0.352385
-0.318007
-0.285881
-0.256156
-0.230004
-0.207773
-0.188745
-0.173727
-0.415572
-0.375554
-0.356947
-0.317612
-0.28204
-0.250349
-0.223049
-0.200099
-0.180811
-0.165519
-0.42536
-0.382635
-0.360366
-0.316422
-0.277506
-0.243982
-0.215654
-0.192082
-0.172594
-0.157053
-0.434408
-0.389927
-0.362422
-0.3143
-0.272233
-0.237022
-0.207789
-0.183696
-0.164073
-0.148314
-0.442513
-0.397106
-0.363012
-0.311119
-0.26617
-0.229436
-0.199421
-0.174916
-0.155228
-0.139287
-0.449516
-0.403716
-0.362121
-0.306781
-0.259264
-0.22119
-0.190524
-0.165718
-0.146041
-0.129966
-0.455288
-0.409232
-0.359777
-0.301216
-0.251461
-0.212251
-0.181072
-0.156082
-0.136496
-0.120361
-0.45972
-0.413176
-0.355961
-0.294376
-0.242713
-0.202586
-0.171042
-0.14599
-0.126582
-0.110497
-0.462713
-0.415214
-0.350552
-0.286216
-0.232976
-0.192165
-0.160414
-0.135425
-0.116288
-0.100391
-0.464158
-0.415066
-0.343458
-0.276692
-0.222217
-0.180965
-0.149175
-0.124374
-0.105604
-0.0900214
-0.463926
-0.412532
-0.334617
-0.265765
-0.210407
-0.168965
-0.137309
-0.112823
-0.0945403
-0.0793263
-0.461859
-0.407474
-0.323984
-0.253412
-0.197526
-0.156151
-0.124805
-0.100763
-0.08314
-0.0682258
-0.457771
-0.399804
-0.311509
-0.239632
-0.183563
-0.14251
-0.111649
-0.0881963
-0.071449
-0.0566971
-0.451454
-0.389462
-0.297154
-0.224429
-0.168503
-0.128036
-0.0978501
-0.0751622
-0.0594427
-0.0448729
-0.442693
-0.376413
-0.280897
-0.207801
-0.152331
-0.112752
-0.0834465
-0.0617416
-0.0470085
-0.032845
-0.431275
-0.36064
-0.262732
-0.189747
-0.135055
-0.0967218
-0.0685022
-0.0479126
-0.0341551
-0.0206194
-0.417009
-0.342142
-0.242652
-0.170288
-0.116761
-0.080003
-0.0529753
-0.0336849
-0.0209286
-0.00820267
-0.399733
-0.320939
-0.220646
-0.149511
-0.0975996
-0.0624974
-0.0369066
-0.0190719
-0.00737683
0.00439162
-0.379331
-0.297086
-0.196714
-0.127567
-0.0775117
-0.0442601
-0.0203363
-0.00409821
0.00645723
0.0171368
-0.355735
-0.270714
-0.170939
-0.10443
-0.0565413
-0.0253506
-0.00330824
0.0112037
0.0205323
0.0299963
-0.328934
-0.241988
-0.14351
-0.0800137
-0.034747
-0.00583533
0.01413
0.0267942
0.0348085
0.0429259
-0.298976
-0.210941
-0.114563
-0.0544365
-0.0121959
0.0142157
0.031924
0.0426293
0.0492494
0.055881
-0.265979
-0.177309
-0.0844918
-0.0278415
0.0110375
0.0347275
0.0500134
0.0586636
0.0638236
0.0688179
-0.23012
-0.1414
-0.0532454
-0.000378712
0.0348669
0.0556201
0.0683332
0.0748556
0.078499
0.0816662
-0.1915
-0.10362
-0.0208757
0.0278056
0.059192
0.0768084
0.0868182
0.0911714
0.0932201
0.0942523
-0.150083
-0.0646031
0.0124874
0.0565688
0.0839019
0.0982027
0.105406
0.107578
0.107874
0.10624
-0.106355
-0.0245077
0.0466646
0.0857681
0.108877
0.11971
0.124037
0.124015
0.122287
0.11734
-0.0606762
0.0164746
0.0814515
0.115254
0.133992
0.141235
0.142641
0.140372
0.136296
0.127871
-0.0134245
0.0581067
0.116629
0.144871
0.159116
0.162681
0.161136
0.15651
0.149847
0.139148
0.0349975
0.100125
0.151967
0.174454
0.184115
0.183946
0.179423
0.172317
0.163145
0.150956
0.0841708
0.142248
0.187231
0.203834
0.208853
0.204926
0.197408
0.18776
0.176235
0.162807
0.133665
0.184183
0.222185
0.232836
0.233193
0.225511
0.214995
0.202793
0.189065
0.174523
0.183041
0.225632
0.25659
0.261285
0.256997
0.245591
0.232096
0.21737
0.201562
0.185923
0.23186
0.266293
0.29021
0.289003
0.280125
0.265057
0.248625
0.231433
0.213659
0.196912
0.279685
0.305868
0.322813
0.315817
0.302443
0.283798
0.264498
0.24492
0.225287
0.207409
0.326087
0.344064
0.354172
0.341552
0.323814
0.30171
0.279634
0.257767
0.236384
0.217357
0.370644
0.380602
0.384069
0.366042
0.34411
0.318689
0.293952
0.269911
0.246888
0.226704
0.412949
0.41522
0.412296
0.389125
0.363204
0.334636
0.307377
0.281291
0.256743
0.235409
0.452625
0.447663
0.438654
0.410646
0.380978
0.349456
0.319835
0.291848
0.265893
0.243434
0.489374
0.477642
0.462953
0.430459
0.397318
0.363063
0.331257
0.301527
0.274287
0.250743
0.522898
0.5049
0.485019
0.448429
0.412121
0.375374
0.341582
0.310274
0.281877
0.257307
0.552908
0.529221
0.504691
0.464432
0.425291
0.386315
0.350749
0.318041
0.28862
0.263099
0.57914
0.55042
0.521826
0.478359
0.436743
0.395821
0.358708
0.324785
0.294476
0.268099
0.601363
0.568335
0.5363
0.490114
0.446404
0.403833
0.365412
0.330467
0.29941
0.272287
0.619382
0.582831
0.548007
0.499616
0.454209
0.410303
0.370823
0.335053
0.303393
0.275651
0.633037
0.5938
0.556863
0.506801
0.460109
0.415191
0.374909
0.338516
0.306402
0.27818
0.642207
0.601159
0.562803
0.511618
0.464063
0.418466
0.377646
0.340837
0.308418
0.279869
0.646813
0.604852
0.565784
0.514035
0.466047
0.420108
0.379019
0.342
0.309429
0.280714
0.646813
0.604852
0.565784
0.514035
0.466047
0.420108
0.379019
0.342
0.309429
0.280714
0.642207
0.601159
0.562803
0.511618
0.464063
0.418466
0.377646
0.340837
0.308418
0.279869
0.633037
0.5938
0.556863
0.506801
0.460109
0.415191
0.374909
0.338516
0.306402
0.27818
0.619382
0.582831
0.548007
0.499616
0.45421
0.410303
0.370823
0.335053
0.303393
0.275651
0.601363
0.568335
0.5363
0.490114
0.446404
0.403834
0.365412
0.330467
0.29941
0.272287
0.57914
0.55042
0.521826
0.478359
0.436744
0.395821
0.358708
0.324785
0.294476
0.268099
0.552908
0.529222
0.504691
0.464432
0.425291
0.386315
0.350749
0.318041
0.28862
0.263099
0.522899
0.5049
0.485019
0.448429
0.412121
0.375374
0.341582
0.310274
0.281877
0.257307
0.489374
0.477642
0.462953
0.430459
0.397318
0.363063
0.331258
0.301527
0.274287
0.250743
0.452626
0.447663
0.438654
0.410646
0.380978
0.349456
0.319835
0.291849
0.265893
0.243434
0.412949
0.415221
0.412296
0.389125
0.363205
0.334636
0.307377
0.281292
0.256743
0.23541
0.370645
0.380602
0.38407
0.366042
0.34411
0.318689
0.293952
0.269911
0.246889
0.226705
0.326087
0.344064
0.354173
0.341552
0.323814
0.30171
0.279634
0.257767
0.236384
0.217357
0.279685
0.305869
0.322814
0.315817
0.302443
0.283799
0.264499
0.24492
0.225287
0.20741
0.23186
0.266294
0.290211
0.289004
0.280126
0.265057
0.248626
0.231433
0.213659
0.196912
0.183041
0.225632
0.25659
0.261285
0.256997
0.245592
0.232097
0.21737
0.201562
0.185923
0.133665
0.184184
0.222185
0.232837
0.233194
0.225511
0.214995
0.202794
0.189066
0.174523
0.0841714
0.142249
0.187232
0.203834
0.208854
0.204926
0.197408
0.18776
0.176235
0.162807
0.0349982
0.100126
0.151967
0.174455
0.184115
0.183946
0.179424
0.172317
0.163145
0.150957
-0.0134238
0.0581073
0.116629
0.144871
0.159116
0.162681
0.161136
0.15651
0.149848
0.139149
-0.0606755
0.0164752
0.081452
0.115255
0.133992
0.141236
0.142642
0.140373
0.136296
0.127871
-0.106355
-0.0245071
0.0466651
0.0857686
0.108878
0.119711
0.124037
0.124015
0.122287
0.11734
-0.150082
-0.0646024
0.012488
0.0565693
0.0839024
0.0982032
0.105407
0.107578
0.107875
0.10624
-0.191499
-0.10362
-0.0208751
0.0278061
0.0591925
0.0768089
0.0868186
0.0911718
0.0932205
0.0942527
-0.230119
-0.141399
-0.0532447
-0.000378154
0.0348674
0.0556206
0.0683336
0.074856
0.0784994
0.0816666
-0.265978
-0.177309
-0.0844912
-0.0278409
0.0110381
0.034728
0.0500139
0.058664
0.063824
0.0688183
-0.298975
-0.21094
-0.114562
-0.0544359
-0.0121954
0.0142162
0.0319245
0.0426297
0.0492498
0.0558814
-0.328933
-0.241987
-0.143509
-0.0800131
-0.0347464
-0.0058348
0.0141305
0.0267947
0.034809
0.0429263
-0.355735
-0.270713
-0.170938
-0.104429
-0.0565407
-0.0253501
-0.00330773
0.0112042
0.0205328
0.0299968
-0.37933
-0.297085
-0.196713
-0.127566
-0.077511
-0.0442595
-0.0203358
-0.00409771
0.0064577
0.0171373
-0.399732
-0.320938
-0.220645
-0.14951
-0.097599
-0.0624968
-0.036906
-0.0190714
-0.00737635
0.00439208
-0.417008
-0.342142
-0.242652
-0.170288
-0.11676
-0.0800024
-0.0529747
-0.0336843
-0.0209281
-0.00820221
-0.431274
-0.360639
-0.262731
-0.189747
-0.135054
-0.0967212
-0.0685017
-0.047912
-0.0341546
-0.0206189
-0.442692
-0.376412
-0.280897
-0.2078
-0.15233
-0.112751
-0.0834459
-0.061741
-0.047008
-0.0328445
-0.451453
-0.389461
-0.297153
-0.224428
-0.168502
-0.128035
-0.0978495
-0.0751617
-0.0594421
-0.0448724
-0.45777
-0.399803
-0.311508
-0.239631
-0.183562
-0.142509
-0.111649
-0.0881957
-0.0714484
-0.0566966
-0.461858
-0.407474
-0.323983
-0.253412
-0.197526
-0.15615
-0.124804
-0.100762
-0.0831394
-0.0682253
-0.463925
-0.412531
-0.334616
-0.265765
-0.210406
-0.168964
-0.137309
-0.112822
-0.0945397
-0.0793257
-0.464157
-0.415065
-0.343457
-0.276691
-0.222216
-0.180964
-0.149174
-0.124373
-0.105603
-0.0900208
-0.462712
-0.415213
-0.350551
-0.286215
-0.232976
-0.192165
-0.160414
-0.135425
-0.116287
-0.100391
-0.459719
-0.413175
-0.35596
-0.294375
-0.242712
-0.202585
-0.171041
-0.14599
-0.126582
-0.110496
-0.455287
-0.409231
-0.359776
-0.301215
-0.251461
-0.212251
-0.181071
-0.156082
-0.136496
-0.120361
-0.449515
-0.403715
-0.36212
-0.30678
-0.259263
-0.22119
-0.190524
-0.165717
-0.14604
-0.129965
-0.442512
-0.397105
-0.363011
-0.311119
-0.26617
-0.229435
-0.199421
-0.174915
-0.155227
-0.139286
-0.434407
-0.389926
-0.362421
-0.314299
-0.272232
-0.237021
-0.207788
-0.183696
-0.164072
-0.148313
-0.425359
-0.382634
-0.360365
-0.316421
-0.277505
-0.243981
-0.215653
-0.192081
-0.172593
-0.157053
-0.415571
-0.375553
-0.356946
-0.317611
-0.282039
-0.250348
-0.223048
-0.200098
-0.18081
-0.165518
-0.4053
-0.368855
-0.352385
-0.318006
-0.28588
-0.256156
-0.230003
-0.207772
-0.188744
-0.173726
-0.39485
-0.362576
-0.347033
-0.317738
-0.28907
-0.261438
-0.236553
-0.215133
-0.196417
-0.181695
-0.384539
-0.356653
-0.341352
-0.316919
-0.291648
-0.266232
-0.242728
-0.222208
-0.203852
-0.189442
-0.374699
-0.350988
-0.335828
-0.31564
-0.293658
-0.270574
-0.248557
-0.229021
-0.21107
-0.196988
-0.365556
-0.345504
-0.330849
-0.313978
-0.295153
-0.274495
-0.254063
-0.235595
-0.218096
-0.204356
-0.357224
-0.340189
-0.326592
-0.31203
-0.296197
-0.278012
-0.259264
-0.241946
-0.224948
-0.211573
-0.34973
-0.335104
-0.323018
-0.30995
-0.296858
-0.281131
-0.264169
-0.248086
-0.231644
-0.218657
-0.343031
-0.330352
-0.319939
-0.307953
-0.297208
-0.28385
-0.268788
-0.254012
-0.238188
-0.225649
-0.337056
-0.326031
-0.317155
-0.306243
-0.297323
-0.286163
-0.273129
-0.2597
-0.244596
-0.23255
-0.331731
-0.322188
-0.314551
-0.304894
-0.297304
-0.288075
-0.277209
-0.26509
-0.250865
-0.239427
-0.32699
-0.318813
-0.312124
-0.303832
-0.297273
-0.289613
-0.281049
-0.270087
-0.25702
-0.246214
-0.322769
-0.315852
-0.309926
-0.302927
-0.297319
-0.290838
-0.284697
-0.274493
-0.263173
-0.252956
-0.319005
-0.313241
-0.307994
-0.302096
-0.297448
-0.291855
-0.288152
-0.27817
-0.269304
-0.259478
-0.315623
-0.310929
-0.306322
-0.301332
-0.297602
-0.292786
-0.291383
-0.280854
-0.276134
-0.264733
-0.31258
-0.308847
-0.304872
-0.300647
-0.297748
-0.293691
-0.294307
-0.282598
-0.283217
-0.270112
-0.30982
-0.306944
-0.303592
-0.300042
-0.297914
-0.294531
-0.296852
-0.283628
-0.289936
-0.275126
-0.307288
-0.305181
-0.302432
-0.299492
-0.298139
-0.295186
-0.299038
-0.284086
-0.296247
-0.278996
-0.304933
-0.303522
-0.301349
-0.29896
-0.298418
-0.295545
-0.300957
-0.284044
-0.302219
-0.281302
-0.302717
-0.301935
-0.300306
-0.298406
-0.298689
-0.295589
-0.30264
-0.283697
-0.307595
-0.282027
-0.300605
-0.3004
-0.299277
-0.297798
-0.298878
-0.295354
-0.303999
-0.283433
-0.311731
-0.281696
-0.298571
-0.29891
-0.298222
-0.297131
-0.298933
-0.295036
-0.30491
-0.283617
-0.314127
-0.281403
-0.296603
-0.297457
-0.297131
-0.296426
-0.298807
-0.294652
-0.305309
-0.28433
-0.314804
-0.281951
-0.294699
-0.296042
-0.296012
-0.295703
-0.298446
-0.294257
-0.305261
-0.285408
-0.314155
-0.283311
-0.292865
-0.29467
-0.294875
-0.294946
-0.297828
-0.293978
-0.304769
-0.286529
-0.312728
-0.284927
-0.291113
-0.293352
-0.293739
-0.294163
-0.297054
-0.293772
-0.303819
-0.287625
-0.310928
-0.286322
-0.289463
-0.292106
-0.292631
-0.293369
-0.296184
-0.293552
-0.302545
-0.288799
-0.308798
-0.287341
-0.287938
-0.290948
-0.291576
-0.292587
-0.295274
-0.293302
-0.301163
-0.289822
-0.306413
-0.288359
-0.286563
-0.289901
-0.290604
-0.29184
-0.294382
-0.293025
-0.299792
-0.29062
-0.304214
-0.289169
-0.285366
-0.288987
-0.289742
-0.291159
-0.293559
-0.292737
-0.298524
-0.291207
-0.302291
-0.289778
-0.284373
-0.288226
-0.289018
-0.290572
-0.292849
-0.292459
-0.297437
-0.29161
-0.3007
-0.290247
-0.283605
-0.287637
-0.288453
-0.290105
-0.292287
-0.292219
-0.296583
-0.291866
-0.299483
-0.290593
-0.283083
-0.287235
-0.288065
-0.289781
-0.291899
-0.292041
-0.295998
-0.292012
-0.298662
-0.290821
-0.282818
-0.287031
-0.287868
-0.289615
-0.291701
-0.291947
-0.295701
-0.292077
-0.298249
-0.290934
-0.298273
-0.288657
-0.289584
-0.281544
-0.277247
-0.268414
-0.260379
-0.249489
-0.238068
-0.224463
-0.209703
-0.193294
-0.175555
-0.157108
-0.137713
-0.119056
-0.100443
-0.083941
-0.0686596
-0.05593
-0.0450952
-0.0362259
-0.029422
-0.0232335
-0.0191674
-0.0144179
-0.0123293
-0.00781923
-0.00595936
-0.000796653
-0.298514
-0.288794
-0.289684
-0.281666
-0.277348
-0.268528
-0.26049
-0.249607
-0.238187
-0.224587
-0.209828
-0.193422
-0.17568
-0.157229
-0.137824
-0.119157
-0.100529
-0.0840126
-0.0687204
-0.0559803
-0.045139
-0.0362624
-0.0294538
-0.0232578
-0.0191864
-0.0144317
-0.0123428
-0.00783243
-0.00597214
-0.000806265
-0.298966
-0.28905
-0.289879
-0.281897
-0.277552
-0.26875
-0.260707
-0.249838
-0.238421
-0.224831
-0.210074
-0.193672
-0.175923
-0.157465
-0.138042
-0.119355
-0.1007
-0.0841586
-0.0688454
-0.0560834
-0.0452272
-0.0363343
-0.0295156
-0.0233056
-0.0192249
-0.0144606
-0.0123707
-0.00785899
-0.00599706
-0.000825064
-0.299583
-0.289394
-0.290151
-0.282222
-0.277825
-0.26907
-0.261019
-0.250172
-0.23876
-0.225184
-0.210432
-0.194033
-0.176275
-0.157808
-0.138359
-0.119644
-0.100958
-0.084378
-0.0690346
-0.0562402
-0.0453611
-0.0364429
-0.0296084
-0.0233781
-0.0192835
-0.0145054
-0.0124126
-0.00789871
-0.00603317
-0.000852499
-0.300294
-0.289771
-0.290482
-0.282607
-0.278188
-0.269463
-0.261412
-0.250591
-0.23919
-0.225632
-0.210885
-0.194496
-0.176729
-0.158249
-0.138767
-0.120021
-0.101296
-0.0846695
-0.0692884
-0.0564522
-0.0455423
-0.0365903
-0.0297336
-0.0234767
-0.0193632
-0.014567
-0.0124685
-0.00795122
-0.00607915
-0.000887801
-0.301016
-0.290162
-0.290829
-0.283043
-0.278572
-0.26992
-0.261856
-0.251083
-0.239691
-0.226161
-0.211424
-0.195042
-0.177262
-0.158772
-0.139265
-0.120479
-0.10171
-0.085032
-0.0696071
-0.0567209
-0.0457727
-0.0367785
-0.0298927
-0.0236031
-0.0194648
-0.0146466
-0.0125379
-0.00801606
-0.00613338
-0.000930042
-0.301721
-0.290435
-0.291195
-0.283454
-0.279
-0.270385
-0.262359
-0.251609
-0.240249
-0.226742
-0.212018
-0.195655
-0.177874
-0.159372
-0.139836
-0.121011
-0.102199
-0.0854642
-0.0699918
-0.0570481
-0.0460546
-0.03701
-0.0300874
-0.0237591
-0.0195895
-0.0147452
-0.0126205
-0.0080926
-0.00619408
-0.000978198
-0.302144
-0.290748
-0.291437
-0.283892
-0.279366
-0.270888
-0.262834
-0.25218
-0.240823
-0.227374
-0.212662
-0.196322
-0.178538
-0.160032
-0.140473
-0.121612
-0.10276
-0.0859651
-0.0704431
-0.0574357
-0.0463903
-0.0372872
-0.0303196
-0.0239462
-0.0197382
-0.0148638
-0.0127157
-0.00818012
-0.00625941
-0.00103121
-0.302199
-0.291016
-0.291521
-0.284292
-0.279673
-0.271361
-0.263307
-0.25274
-0.241409
-0.228016
-0.213328
-0.197021
-0.179245
-0.160741
-0.141169
-0.122276
-0.103389
-0.0865342
-0.070962
-0.0578852
-0.0467818
-0.037612
-0.0305907
-0.0241659
-0.0199115
-0.0150029
-0.0128229
-0.00827774
-0.0063276
-0.00108803
-0.301863
-0.291136
-0.291464
-0.284576
-0.279908
-0.271768
-0.263728
-0.253273
-0.241974
-0.228656
-0.213998
-0.197737
-0.179979
-0.161489
-0.141914
-0.122997
-0.104083
-0.0871706
-0.0715489
-0.058398
-0.0472305
-0.0379862
-0.0309018
-0.024419
-0.0201099
-0.0151628
-0.0129413
-0.00838456
-0.006397
-0.00114767
-0.30085
-0.291108
-0.291181
-0.284717
-0.280003
-0.272082
-0.264077
-0.253748
-0.242495
-0.229266
-0.214653
-0.198452
-0.180727
-0.162264
-0.142701
-0.123769
-0.104841
-0.087873
-0.0722036
-0.0589745
-0.047737
-0.0384103
-0.0312534
-0.024706
-0.0203335
-0.0153435
-0.0130703
-0.00849958
-0.00646619
-0.00120923
-0.29897
-0.290827
-0.290629
-0.284654
-0.279958
-0.272238
-0.264309
-0.254129
-0.242946
-0.229825
-0.215273
-0.19915
-0.181476
-0.163055
-0.143524
-0.124589
-0.105659
-0.0886399
-0.0729251
-0.0596142
-0.0483011
-0.0388844
-0.0316454
-0.0250266
-0.020582
-0.0155443
-0.0132089
-0.00862185
-0.00653405
-0.0012719
-0.296248
-0.290144
-0.289777
-0.284295
-0.279662
-0.272238
-0.264412
-0.254394
-0.243305
-0.230309
-0.21584
-0.199816
-0.182214
-0.163855
-0.144375
-0.125452
-0.106532
-0.0894686
-0.0737112
-0.0603155
-0.0489215
-0.0394074
-0.032077
-0.02538
-0.0208546
-0.0157646
-0.0133564
-0.00875042
-0.00659971
-0.001335
-0.29308
-0.288864
-0.288525
-0.283627
-0.279156
-0.271942
-0.264295
-0.2545
-0.243541
-0.230699
-0.216339
-0.200435
-0.18293
-0.164655
-0.145249
-0.126352
-0.107458
-0.090356
-0.0745589
-0.0610758
-0.0495957
-0.0399772
-0.0325465
-0.0257648
-0.0211503
-0.0160031
-0.0135121
-0.00888442
-0.00666264
-0.00139794
-0.289703
-0.28692
-0.286819
-0.282565
-0.27834
-0.271527
-0.264022
-0.254448
-0.243639
-0.230978
-0.216754
-0.200998
-0.183617
-0.165449
-0.146139
-0.127286
-0.108431
-0.0912977
-0.0754637
-0.0618911
-0.0503202
-0.0405909
-0.0330517
-0.026179
-0.0214676
-0.0162586
-0.0136752
-0.00902306
-0.00672258
-0.00146027
-0.286035
-0.284389
-0.284585
-0.281038
-0.277095
-0.270542
-0.263391
-0.254158
-0.243567
-0.231131
-0.217078
-0.201498
-0.184268
-0.166231
-0.147042
-0.128248
-0.109447
-0.0922886
-0.0764204
-0.0627566
-0.0510907
-0.041245
-0.03359
-0.0266202
-0.0218047
-0.0165296
-0.013845
-0.00916564
-0.0067795
-0.00152164
-0.28221
-0.28123
-0.281841
-0.279113
-0.275651
-0.269735
-0.262689
-0.253726
-0.243348
-0.231154
-0.217302
-0.201927
-0.184878
-0.166998
-0.147952
-0.129236
-0.1105
-0.0933245
-0.0774244
-0.0636677
-0.0519027
-0.0419352
-0.0341577
-0.0270856
-0.0221596
-0.0168141
-0.0140209
-0.00931147
-0.0068336
-0.00158181
-0.27817
-0.277534
-0.278511
-0.27657
-0.273552
-0.268032
-0.261375
-0.252946
-0.242918
-0.23104
-0.217438
-0.202302
-0.185461
-0.167757
-0.148872
-0.130246
-0.111583
-0.0943945
-0.0784634
-0.0646133
-0.0527465
-0.0426542
-0.0347497
-0.0275712
-0.0225298
-0.0171106
-0.0142025
-0.00946041
-0.00688547
-0.00164081
-0.27396
-0.273563
-0.275043
-0.274013
-0.271605
-0.266717
-0.260502
-0.252185
-0.242391
-0.230797
-0.217449
-0.202565
-0.185958
-0.168456
-0.149759
-0.131247
-0.112677
-0.0954891
-0.0795368
-0.0655966
-0.0536289
-0.043408
-0.0353722
-0.0280814
-0.0229189
-0.017421
-0.014391
-0.0096132
-0.00693569
-0.00169842
-0.270002
-0.268797
-0.270323
-0.270132
-0.268412
-0.264204
-0.258251
-0.250865
-0.24162
-0.230489
-0.217513
-0.202964
-0.18664
-0.169363
-0.150858
-0.132449
-0.113952
-0.0967377
-0.0807304
-0.0666712
-0.0545737
-0.0442058
-0.0360207
-0.0286091
-0.023316
-0.0177362
-0.0145793
-0.00976357
-0.00698178
-0.00175277
-0.264835
-0.265071
-0.266814
-0.26725
-0.266023
-0.262429
-0.257323
-0.249579
-0.240481
-0.229562
-0.216792
-0.202452
-0.186342
-0.169262
-0.15096
-0.132714
-0.114373
-0.097253
-0.0813161
-0.0672687
-0.0551551
-0.0447388
-0.0364825
-0.0290057
-0.0236274
-0.0179922
-0.0147367
-0.00988943
-0.00701899
-0.00179962
-0.259187
-0.260219
-0.262162
-0.263116
-0.262249
-0.258945
-0.253686
-0.246903
-0.238251
-0.227697
-0.215257
-0.20123
-0.185434
-0.168642
-0.150638
-0.132639
-0.114536
-0.0975773
-0.0817662
-0.0677722
-0.0556718
-0.045229
-0.0369122
-0.0293804
-0.0239187
-0.0182348
-0.0148787
-0.0100041
-0.0070464
-0.00184084
-0.25327
-0.254918
-0.257114
-0.258631
-0.258239
-0.255436
-0.250867
-0.244252
-0.235903
-0.225691
-0.213577
-0.19987
-0.1844
-0.167912
-0.150226
-0.132491
-0.114644
-0.0978637
-0.0821934
-0.068265
-0.0561866
-0.0457238
-0.0373484
-0.0297639
-0.0242161
-0.0184842
-0.0150213
-0.0101197
-0.00706991
-0.00188147
-0.247105
-0.249396
-0.251872
-0.253927
-0.25403
-0.251736
-0.247542
-0.24138
-0.233403
-0.223559
-0.211798
-0.198434
-0.183315
-0.16715
-0.149798
-0.132341
-0.114761
-0.0981667
-0.0826424
-0.0687821
-0.0567263
-0.0462427
-0.0378063
-0.0301666
-0.0245285
-0.0187459
-0.0151706
-0.0102405
-0.00709329
-0.0019228
-0.240643
-0.243682
-0.246456
-0.249007
-0.249604
-0.247797
-0.24403
-0.238312
-0.230736
-0.221286
-0.209904
-0.196908
-0.182162
-0.166342
-0.149342
-0.132179
-0.11488
-0.0984804
-0.083109
-0.0693213
-0.0572898
-0.0467855
-0.038286
-0.030589
-0.0248563
-0.0190205
-0.0153273
-0.010367
-0.00711717
-0.00196488
-0.233929
-0.2378
-0.24089
-0.243895
-0.244984
-0.243667
-0.240351
-0.235082
-0.227919
-0.21888
-0.207901
-0.195292
-0.18094
-0.165482
-0.148851
-0.131998
-0.114991
-0.0987976
-0.0835867
-0.0698769
-0.0578725
-0.0473486
-0.0387849
-0.0310291
-0.0251981
-0.0193068
-0.0154906
-0.0104987
-0.00714154
-0.00200748
-0.227036
-0.231781
-0.23521
-0.238633
-0.240211
-0.239388
-0.236525
-0.231711
-0.224976
-0.216362
-0.205801
-0.193596
-0.179654
-0.164575
-0.148329
-0.131798
-0.115094
-0.0991159
-0.0840724
-0.0704459
-0.0584714
-0.0479296
-0.0393009
-0.0314854
-0.0255527
-0.0196042
-0.0156604
-0.0106356
-0.0071667
-0.00205048
-0.220018
-0.22565
-0.229446
-0.233256
-0.235316
-0.234988
-0.232579
-0.228221
-0.221927
-0.213748
-0.203618
-0.19183
-0.178313
-0.163626
-0.147775
-0.131578
-0.115187
-0.0994334
-0.0845635
-0.0710259
-0.059084
-0.0485263
-0.0398323
-0.0319565
-0.0259192
-0.0199119
-0.0158364
-0.0107774
-0.00719302
-0.00209377
-0.212923
-0.219433
-0.22362
-0.227792
-0.230321
-0.230487
-0.228534
-0.224635
-0.218787
-0.211052
-0.201365
-0.190004
-0.176923
-0.162639
-0.147194
-0.131341
-0.115269
-0.0997477
-0.0850571
-0.0716138
-0.0597076
-0.0491363
-0.0403771
-0.0324408
-0.0262965
-0.020229
-0.0160184
-0.0109241
-0.00722091
-0.00213724
-0.205801
-0.21315
-0.217753
-0.222265
-0.225247
-0.225903
-0.224409
-0.220969
-0.215573
-0.208287
-0.199051
-0.188127
-0.175489
-0.161617
-0.146585
-0.131084
-0.115338
-0.100057
-0.0855504
-0.0722068
-0.0603393
-0.0497571
-0.0409332
-0.0329366
-0.0266833
-0.0205545
-0.016206
-0.0110753
-0.00725073
-0.00218075
-0.198697
-0.206829
-0.211866
-0.216698
-0.220113
-0.221254
-0.220221
-0.217238
-0.212297
-0.205466
-0.196686
-0.186205
-0.174018
-0.160565
-0.14595
-0.130809
-0.115393
-0.100358
-0.0860406
-0.0728018
-0.060976
-0.050386
-0.0414982
-0.033442
-0.0270782
-0.0208874
-0.016399
-0.0112308
-0.00728283
-0.00222416
-0.191655
-0.200496
-0.205978
-0.211117
-0.214938
-0.216555
-0.215983
-0.213456
-0.208972
-0.202597
-0.194279
-0.184247
-0.172514
-0.159486
-0.145292
-0.130515
-0.115434
-0.10065
-0.0865249
-0.0733961
-0.0616149
-0.0510204
-0.04207
-0.0339551
-0.0274798
-0.0212265
-0.0165968
-0.01139
-0.00731749
-0.00226728
-0.18472
-0.19418
-0.200112
-0.205546
-0.209745
-0.211824
-0.211711
-0.209636
-0.205608
-0.199692
-0.191839
-0.182257
-0.170982
-0.158383
-0.144612
-0.130204
-0.115458
-0.100931
-0.0870009
-0.073987
-0.0622532
-0.0516577
-0.0426461
-0.0344738
-0.0278866
-0.0215706
-0.016799
-0.0115527
-0.00735495
-0.00230992
-0.177931
-0.187913
-0.194289
-0.200008
-0.204555
-0.207077
-0.207421
-0.205793
-0.20222
-0.19676
-0.189372
-0.180245
-0.169427
-0.157259
-0.143911
-0.129875
-0.115465
-0.101199
-0.0874663
-0.0745717
-0.0628881
-0.0522951
-0.0432242
-0.0349962
-0.0282972
-0.0219184
-0.0170048
-0.0117181
-0.00739536
-0.00235189
-0.171326
-0.181724
-0.188532
-0.194527
-0.199392
-0.202334
-0.203127
-0.201942
-0.198819
-0.193814
-0.18689
-0.178215
-0.167854
-0.156118
-0.143193
-0.12953
-0.115456
-0.101453
-0.0879191
-0.0751478
-0.0635168
-0.0529299
-0.0438018
-0.03552
-0.0287097
-0.0222684
-0.0172137
-0.0118856
-0.00743883
-0.00239296
-0.164936
-0.175648
-0.182865
-0.189127
-0.194281
-0.197618
-0.198849
-0.1981
-0.19542
-0.190864
-0.184401
-0.176178
-0.166271
-0.154966
-0.142459
-0.129169
-0.11543
-0.101691
-0.0883571
-0.0757125
-0.0641366
-0.0535594
-0.0443764
-0.0360429
-0.0291224
-0.0226192
-0.0174248
-0.0120544
-0.00748533
-0.00243288
-0.15879
-0.169718
-0.177313
-0.183833
-0.189249
-0.19295
-0.194606
-0.194284
-0.192038
-0.187925
-0.181916
-0.174142
-0.164683
-0.153806
-0.141714
-0.128795
-0.115386
-0.101913
-0.0887785
-0.0762634
-0.0647447
-0.0541804
-0.0449452
-0.0365622
-0.0295334
-0.0229689
-0.0176371
-0.0122236
-0.00753478
-0.00247142
-0.152915
-0.163967
-0.171904
-0.178668
-0.184324
-0.188359
-0.190419
-0.190514
-0.188692
-0.185012
-0.179449
-0.172117
-0.1631
-0.152646
-0.140961
-0.128409
-0.115326
-0.102117
-0.0891814
-0.0767978
-0.065338
-0.05479
-0.0455053
-0.0370754
-0.0299406
-0.0233157
-0.0178497
-0.0123923
-0.00758698
-0.00250833
-0.147335
-0.15843
-0.166666
-0.17366
-0.179535
-0.183874
-0.186313
-0.186811
-0.185401
-0.182142
-0.177014
-0.170114
-0.16153
-0.151491
-0.140205
-0.128014
-0.115251
-0.102304
-0.0895641
-0.0773129
-0.0659135
-0.0553846
-0.0460536
-0.0375793
-0.0303417
-0.0236576
-0.0180613
-0.0125592
-0.00764162
-0.00254339
-0.142073
-0.153142
-0.161631
-0.168837
-0.174914
-0.179524
-0.182316
-0.183199
-0.182187
-0.179335
-0.174627
-0.168149
-0.159985
-0.15035
-0.139451
-0.127614
-0.115162
-0.102472
-0.0899249
-0.0778061
-0.066468
-0.0559606
-0.0465866
-0.0380707
-0.030734
-0.0239921
-0.0182704
-0.0127231
-0.00769829
-0.00257639
-0.137151
-0.148136
-0.156831
-0.164231
-0.170491
-0.175344
-0.178458
-0.179706
-0.179074
-0.176611
-0.172307
-0.166235
-0.158476
-0.149232
-0.138707
-0.127212
-0.115062
-0.102621
-0.0902621
-0.0782742
-0.066998
-0.0565141
-0.0471007
-0.0385459
-0.0311146
-0.0243167
-0.0184754
-0.0128826
-0.00775641
-0.00260717
-0.132589
-0.143443
-0.152299
-0.159873
-0.166301
-0.171369
-0.174773
-0.17636
-0.176089
-0.173996
-0.170075
-0.16439
-0.157017
-0.148148
-0.13798
-0.126813
-0.114951
-0.102752
-0.0905742
-0.0787145
-0.0674998
-0.0570407
-0.0475916
-0.0390008
-0.0314804
-0.0246286
-0.0186745
-0.0130361
-0.00781525
-0.00263562
-0.128408
-0.139098
-0.148072
-0.155798
-0.162378
-0.167634
-0.171296
-0.173195
-0.173261
-0.171515
-0.167953
-0.162633
-0.155625
-0.14711
-0.13728
-0.126423
-0.114834
-0.102864
-0.0908596
-0.0791236
-0.0679693
-0.0575358
-0.0480549
-0.0394311
-0.0318277
-0.0249244
-0.0188653
-0.0131818
-0.00787389
-0.00266161
-0.124629
-0.135135
-0.144185
-0.152043
-0.158759
-0.164181
-0.168069
-0.170247
-0.170622
-0.169198
-0.165968
-0.160986
-0.154317
-0.146132
-0.136615
-0.126048
-0.114713
-0.102959
-0.0911169
-0.0794982
-0.0684022
-0.0579943
-0.0484856
-0.0398318
-0.0321523
-0.0252007
-0.0190454
-0.0133181
-0.00793121
-0.00268503
-0.121275
-0.131587
-0.140681
-0.14865
-0.155485
-0.161051
-0.165132
-0.167556
-0.16821
-0.167078
-0.164149
-0.159475
-0.153114
-0.14523
-0.135998
-0.125696
-0.114594
-0.103037
-0.0913444
-0.0798347
-0.0687937
-0.0584105
-0.048878
-0.0401975
-0.0324497
-0.0254536
-0.0192119
-0.013443
-0.00798587
-0.00270572
-0.11837
-0.128493
-0.137602
-0.145662
-0.152602
-0.15829
-0.162533
-0.165167
-0.166063
-0.16519
-0.162528
-0.158125
-0.152036
-0.14442
-0.135442
-0.125375
-0.11448
-0.1031
-0.0915407
-0.0801292
-0.0691383
-0.0587783
-0.049226
-0.0405221
-0.0327148
-0.0256788
-0.0193614
-0.0135541
-0.00803632
-0.00272354
-0.115948
-0.125897
-0.135001
-0.143131
-0.15016
-0.15595
-0.160324
-0.163129
-0.164229
-0.163576
-0.16114
-0.156968
-0.151111
-0.143723
-0.134962
-0.125096
-0.114377
-0.103148
-0.0917038
-0.0803772
-0.0694302
-0.0590907
-0.0495227
-0.0407989
-0.0329417
-0.0258712
-0.0194904
-0.0136492
-0.00808083
-0.00273827
-0.114038
-0.123843
-0.132931
-0.141113
-0.148213
-0.154085
-0.15856
-0.161497
-0.162758
-0.16228
-0.160025
-0.156038
-0.150366
-0.14316
-0.134572
-0.124868
-0.114291
-0.103184
-0.0918315
-0.0805736
-0.0696625
-0.0593399
-0.04976
-0.0410205
-0.0331238
-0.0260256
-0.0195945
-0.0137255
-0.00811748
-0.0027497
-0.112703
-0.1224
-0.13147
-0.139683
-0.146835
-0.152763
-0.157309
-0.160336
-0.161709
-0.161356
-0.159229
-0.155373
-0.149833
-0.142757
-0.134293
-0.124703
-0.114227
-0.103207
-0.0919209
-0.0807126
-0.0698273
-0.0595169
-0.049929
-0.0411783
-0.0332539
-0.0261358
-0.0196693
-0.0137799
-0.00814421
-0.0027575
-0.111974
-0.121623
-0.130684
-0.138914
-0.146094
-0.152054
-0.156637
-0.159713
-0.161146
-0.160859
-0.158802
-0.155016
-0.149546
-0.14254
-0.134142
-0.124614
-0.114193
-0.103219
-0.0919684
-0.0807867
-0.0699157
-0.0596116
-0.0500196
-0.0412626
-0.0333237
-0.0261947
-0.0197095
-0.0138089
-0.00815889
-0.00276125
-0.102487
-0.111944
-0.121221
-0.130298
-0.139166
-0.147825
-0.156282
-0.164545
-0.172623
-0.180523
-0.188256
-0.195829
-0.203251
-0.210525
-0.217642
-0.224636
-0.231339
-0.238172
-0.244171
-0.252087
-0.0993008
-0.108445
-0.117409
-0.126191
-0.134787
-0.1432
-0.151434
-0.159494
-0.167388
-0.175118
-0.182693
-0.190117
-0.197389
-0.204528
-0.211478
-0.218396
-0.224903
-0.231933
-0.237832
-0.246078
-0.0962101
-0.104995
-0.113609
-0.122055
-0.130334
-0.138446
-0.146393
-0.15418
-0.161809
-0.169285
-0.17661
-0.183795
-0.190825
-0.197759
-0.204482
-0.211292
-0.217645
-0.22469
-0.230647
-0.238605
-0.0931894
-0.101641
-0.109942
-0.118096
-0.126102
-0.133959
-0.141669
-0.149235
-0.156659
-0.163947
-0.171095
-0.178128
-0.18501
-0.191842
-0.198451
-0.205214
-0.211503
-0.218411
-0.224432
-0.23183
-0.0902669
-0.0983993
-0.106401
-0.114273
-0.122014
-0.129625
-0.137106
-0.144463
-0.151695
-0.158812
-0.165802
-0.172705
-0.17946
-0.186199
-0.192701
-0.199363
-0.205564
-0.212228
-0.218233
-0.225148
-0.0874496
-0.0952679
-0.10297
-0.110556
-0.118027
-0.125383
-0.132625
-0.139758
-0.146777
-0.153699
-0.160503
-0.167236
-0.173822
-0.180403
-0.18675
-0.193225
-0.199318
-0.205719
-0.211717
-0.218314
-0.0847333
-0.0922417
-0.0996459
-0.106948
-0.114148
-0.121246
-0.128242
-0.135141
-0.141937
-0.148646
-0.155243
-0.161778
-0.168172
-0.174559
-0.180743
-0.187011
-0.193009
-0.199179
-0.205149
-0.211497
-0.0821173
-0.0893221
-0.0964339
-0.103456
-0.110387
-0.117228
-0.123977
-0.13064
-0.137207
-0.143697
-0.150084
-0.156414
-0.162618
-0.168806
-0.174835
-0.180897
-0.186783
-0.192731
-0.198599
-0.20471
-0.0796027
-0.0865111
-0.0933368
-0.100083
-0.106748
-0.113334
-0.119836
-0.126261
-0.132599
-0.138868
-0.145043
-0.151162
-0.157176
-0.163157
-0.169019
-0.174867
-0.180602
-0.186328
-0.192043
-0.19793
-0.0771899
-0.0838098
-0.0903558
-0.0968313
-0.103235
-0.109567
-0.115824
-0.12201
-0.128119
-0.134162
-0.140123
-0.146026
-0.15184
-0.157607
-0.163282
-0.168914
-0.174473
-0.179985
-0.185528
-0.191196
-0.0748792
-0.0812188
-0.0874925
-0.0937032
-0.0998495
-0.105931
-0.111945
-0.117895
-0.123774
-0.12959
-0.135332
-0.141016
-0.146623
-0.152174
-0.157653
-0.163074
-0.168444
-0.173749
-0.179102
-0.184546
-0.0726697
-0.0787381
-0.0847476
-0.0907004
-0.0965952
-0.102431
-0.108206
-0.11392
-0.119571
-0.125161
-0.130685
-0.136149
-0.141546
-0.146883
-0.15216
-0.157371
-0.162542
-0.167638
-0.17279
-0.178011
-0.0705625
-0.076369
-0.0821227
-0.087825
-0.0934747
-0.0990708
-0.104611
-0.110094
-0.115519
-0.120885
-0.126191
-0.131437
-0.136624
-0.141748
-0.146818
-0.151819
-0.156786
-0.161674
-0.166617
-0.171618
-0.0685559
-0.0741111
-0.0796181
-0.0850781
-0.0904902
-0.0958527
-0.101163
-0.106421
-0.111624
-0.11677
-0.12186
-0.126892
-0.131867
-0.136781
-0.141643
-0.146436
-0.151196
-0.155879
-0.16061
-0.165392
-0.0666486
-0.0719642
-0.0772341
-0.0824606
-0.0876432
-0.0927799
-0.0978681
-0.102906
-0.107892
-0.112824
-0.117702
-0.122523
-0.12729
-0.131996
-0.136652
-0.14124
-0.145793
-0.150273
-0.154791
-0.159354
-0.064845
-0.06993
-0.0749725
-0.0799748
-0.0849365
-0.0898552
-0.0947283
-0.0995533
-0.104329
-0.109052
-0.113724
-0.11834
-0.122903
-0.127406
-0.131859
-0.136246
-0.140596
-0.144875
-0.149182
-0.153529
-0.063145
-0.068009
-0.0728343
-0.0776221
-0.0823719
-0.0870813
-0.0917475
-0.0963678
-0.10094
-0.105462
-0.109934
-0.114351
-0.118716
-0.123022
-0.127278
-0.131469
-0.135621
-0.139704
-0.143806
-0.147939
-0.0615453
-0.0661994
-0.0708182
-0.0754021
-0.0799502
-0.0844599
-0.0889284
-0.0933526
-0.0977307
-0.10206
-0.106339
-0.110565
-0.114739
-0.118856
-0.122922
-0.126924
-0.130885
-0.134778
-0.138681
-0.142607
-0.0600482
-0.0645037
-0.068927
-0.0733175
-0.077674
-0.081994
-0.0862744
-0.0905121
-0.0947048
-0.0988498
-0.102946
-0.10699
-0.110982
-0.114918
-0.118802
-0.122623
-0.126401
-0.130113
-0.133826
-0.137553
-0.058653
-0.0629216
-0.0671605
-0.0713688
-0.0755447
-0.0796856
-0.0837883
-0.0878497
-0.0918672
-0.0958381
-0.0997608
-0.103632
-0.107452
-0.111216
-0.114928
-0.118579
-0.122184
-0.125724
-0.129257
-0.132795
-0.0573604
-0.0614542
-0.0655206
-0.069558
-0.0735646
-0.0775375
-0.0814735
-0.0853694
-0.0892226
-0.09303
-0.09679
-0.100499
-0.104158
-0.107761
-0.111312
-0.114803
-0.118246
-0.121626
-0.124991
-0.128352
-0.0561717
-0.0601031
-0.064009
-0.0678875
-0.0717366
-0.0755532
-0.0793341
-0.083076
-0.0867761
-0.0904316
-0.0940403
-0.0975995
-0.101108
-0.104562
-0.107964
-0.111307
-0.114601
-0.117832
-0.121041
-0.124239
-0.0550886
-0.0588702
-0.0626281
-0.0663601
-0.0700637
-0.0737362
-0.077374
-0.080974
-0.0845333
-0.0880489
-0.0915186
-0.0949397
-0.0983109
-0.101629
-0.104894
-0.108102
-0.111259
-0.114356
-0.117424
-0.120473
-0.0541143
-0.0577594
-0.0613824
-0.0649806
-0.0685516
-0.0720926
-0.0756001
-0.0790709
-0.082502
-0.0858906
-0.0892344
-0.0925305
-0.0957776
-0.0989726
-0.102116
-0.105202
-0.108238
-0.111214
-0.114156
-0.117071
-0.0532511
-0.0567732
-0.0602743
-0.063752
-0.0672036
-0.0706263
-0.0740168
-0.0773717
-0.0806882
-0.0839634
-0.087195
-0.0903802
-0.0935175
-0.096604
-0.0996393
-0.10262
-0.105549
-0.108421
-0.111253
-0.114053
-0.0525078
-0.0559214
-0.0593153
-0.0626866
-0.0660329
-0.0693513
-0.0726386
-0.0758916
-0.0791075
-0.0822835
-0.0854171
-0.0885059
-0.0915481
-0.094541
-0.097484
-0.100374
-0.103213
-0.105996
-0.108736
-0.111439
-0.051883
-0.0552021
-0.0585026
-0.0617821
-0.0650378
-0.068267
-0.0714665
-0.0746333
-0.0777644
-0.0808573
-0.0839095
-0.0869187
-0.0898828
-0.0927997
-0.0956681
-0.0984854
-0.101252
-0.103966
-0.106634
-0.109259
-0.0514036
-0.054646
-0.0578702
-0.0610732
-0.064253
-0.0674071
-0.0705327
-0.073627
-0.0766874
-0.0797112
-0.0826962
-0.0856403
-0.0885415
-0.0913978
-0.0942078
-0.0969695
-0.0996827
-0.102345
-0.104961
-0.107533
-0.0510467
-0.054228
-0.057393
-0.0605396
-0.063665
-0.0667663
-0.0698408
-0.0728855
-0.075898
-0.0788759
-0.0818169
-0.0847189
-0.08758
-0.0903983
-0.0931724
-0.0959003
-0.0985813
-0.101213
-0.103799
-0.106337
-0.0508876
-0.0540229
-0.0571403
-0.0602377
-0.0633141
-0.066368
-0.0693972
-0.0723994
-0.0753723
-0.0783138
-0.081222
-0.084095
-0.0869312
-0.089729
-0.0924871
-0.0952037
-0.0978783
-0.100509
-0.103097
-0.105642
0.119338
0.108283
0.0971451
0.0861297
0.0746568
0.0629572
0.0512275
0.0394919
0.0277641
0.0160798
0.00448306
-0.00699398
-0.0183228
-0.0294731
-0.0404178
-0.0512073
-0.0622029
-0.0727726
-0.0829403
-0.0928324
0.114632
0.103105
0.091533
0.080788
0.0697427
0.0584823
0.047246
0.0360405
0.0248571
0.0137253
0.00267828
-0.00826093
-0.0190739
-0.0297561
-0.0403193
-0.0507447
-0.0607683
-0.0707217
-0.0804616
-0.0899759
0.108891
0.097587
0.0860155
0.0757066
0.0652493
0.0544979
0.043762
0.0330824
0.0224309
0.0118273
0.00130372
-0.00911463
-0.0194079
-0.0295619
-0.0395649
-0.0493909
-0.0591025
-0.0687076
-0.0780924
-0.0872483
0.102828
0.0920755
0.0806501
0.0706935
0.0607879
0.0505408
0.0402857
0.030118
0.0199938
0.00991399
-9.20118e-05
-0.00999975
-0.0197931
-0.0294662
-0.039015
-0.0484256
-0.0576495
-0.0667954
-0.0757837
-0.0845774
0.0966908
0.0865572
0.0754147
0.0658027
0.0564436
0.04673
0.0369584
0.0272854
0.0176711
0.00809636
-0.00141432
-0.010834
-0.0201477
-0.0293505
-0.0384354
-0.0473894
-0.0562018
-0.0649449
-0.0735536
-0.081992
0.0905909
0.0810783
0.0703303
0.0610668
0.052219
0.0430388
0.0337464
0.0245481
0.0154244
0.00633998
-0.00269056
-0.011639
-0.0204904
-0.0292424
-0.0378901
-0.0464253
-0.0548341
-0.06318
-0.0714146
-0.0795042
0.084589
0.0756742
0.0653975
0.0564972
0.0481269
0.039472
0.0306591
0.0219203
0.013267
0.00465547
-0.00391197
-0.012408
-0.0208169
-0.029137
-0.037365
-0.0454947
-0.0535182
-0.0614868
-0.0693609
-0.0771106
0.0787348
0.070388
0.0606283
0.0521066
0.0441822
0.0360333
0.0276946
0.0194014
0.0111969
0.00303846
-0.00508324
-0.0131451
-0.0211307
-0.0290381
-0.0368654
-0.0446084
-0.0522615
-0.059867
-0.067392
-0.0748104
0.0730654
0.0652538
0.0560314
0.0478992
0.0403936
0.0327258
0.024852
0.0169917
0.00921561
0.00148964
-0.0062046
-0.0138505
-0.021432
-0.0289456
-0.0363903
-0.0437632
-0.0510608
-0.0583182
-0.0655065
-0.0726033
0.0676048
0.0602958
0.0516147
0.0438775
0.036768
0.029554
0.0221308
0.0146907
0.00732365
8.66851e-06
-0.00727752
-0.0145259
-0.0217218
-0.0288604
-0.0359402
-0.0429595
-0.0499161
-0.0568395
-0.0637039
-0.0704894
0.0623692
0.0555312
0.0473846
0.040043
0.0333092
0.0265212
0.0195306
0.0124968
0.0055206
-0.00140463
-0.00830289
-0.0151723
-0.022001
-0.0287825
-0.035515
-0.0421971
-0.0488274
-0.0554307
-0.0619834
-0.0684682
0.0573693
0.0509722
0.0433462
0.0363963
0.0300196
0.02363
0.0170514
0.0104086
0.00380561
-0.00275056
-0.00928141
-0.0157908
-0.0222702
-0.0287124
-0.035114
-0.0414735
-0.0477907
-0.0540888
-0.060343
-0.0665385
0.0526127
0.0466274
0.039503
0.0329373
0.0269002
0.0208822
0.0146929
0.00842436
0.00217734
-0.00402969
-0.0102136
-0.016382
-0.0225299
-0.0286503
-0.0347393
-0.0407946
-0.046816
-0.0528206
-0.0587858
-0.0647011
0.0481043
0.0425024
0.0358572
0.0296652
0.0239508
0.0182786
0.0124552
0.00654257
0.000634199
-0.00524304
-0.0111003
-0.016947
-0.0227808
-0.0285946
-0.0343819
-0.0401391
-0.0458687
-0.0516039
-0.0573008
-0.0629518
0.0438468
0.0386009
0.0324097
0.0265788
0.0211705
0.0158196
0.0103378
0.00476187
-0.000825249
-0.0063913
-0.0119417
-0.0174864
-0.0230261
-0.0285561
-0.034072
-0.0395701
-0.045043
-0.0504637
-0.0558834
-0.0612857
0.0398414
0.0349247
0.0291608
0.023676
0.0185579
0.0135049
0.00834044
0.00308106
-0.00220248
-0.00747535
-0.0127377
-0.0179981
-0.0232586
-0.0285145
-0.0337597
-0.0389889
-0.0441964
-0.049377
-0.0545545
-0.0597167
0.0360878
0.0314745
0.0261098
0.0209547
0.0161109
0.0113337
0.0064627
0.00149911
-0.00349879
-0.00849609
-0.0134885
-0.0184828
-0.0234815
-0.028481
-0.0334757
-0.0384597
-0.0434278
-0.0483731
-0.0533142
-0.0582433
0.032585
0.0282502
0.0232559
0.0184124
0.013827
0.00930481
0.00470399
1.51076e-05
-0.00471546
-0.00945462
-0.0141949
-0.0189406
-0.0236941
-0.0284526
-0.0332105
-0.0379619
-0.0427021
-0.0474263
-0.0521473
-0.056858
0.0293313
0.0252508
0.0205978
0.0160468
0.0117039
0.00741678
0.00306359
-0.00137176
-0.00585363
-0.0103521
-0.0148575
-0.0193719
-0.0238972
-0.0284309
-0.0329678
-0.0375024
-0.0420297
-0.0465454
-0.0510586
-0.0555634
0.0263247
0.0224754
0.0181344
0.0138554
0.00973882
0.00566794
0.0015407
-0.00266219
-0.00691428
-0.0111895
-0.0154772
-0.0197774
-0.0240909
-0.0284156
-0.0327467
-0.0370789
-0.0414071
-0.0457275
-0.0500463
-0.0543582
0.0235636
0.0199228
0.0158647
0.0118365
0.00792955
0.00405662
0.000134496
-0.00385678
-0.00789816
-0.0119677
-0.0160546
-0.0201573
-0.0242755
-0.0284071
-0.0325476
-0.036692
-0.0408353
-0.0449736
-0.0491111
-0.0532431
0.0210466
0.0175923
0.0137881
0.00998868
0.00627418
0.00258134
-0.00115577
-0.00495591
-0.00880577
-0.0126874
-0.0165905
-0.0205122
-0.0244515
-0.0284057
-0.032371
-0.0363422
-0.0403146
-0.0442843
-0.0482539
-0.0522191
0.0187732
0.0154838
0.0119048
0.00831133
0.0047715
0.00124104
-0.0023306
-0.00595974
-0.0096373
-0.0133489
-0.0170853
-0.0208426
-0.0246189
-0.0284116
-0.0322167
-0.0360294
-0.0398453
-0.0436603
-0.0474756
-0.0512877
0.0167443
0.0135984
0.0102161
0.00680501
0.00342129
3.53405e-05
-0.00339007
-0.00686816
-0.0103928
-0.0139527
-0.0175396
-0.0211493
-0.0247793
-0.0284266
-0.0320873
-0.0357568
-0.0394306
-0.0431047
-0.0467794
-0.0504516
0.0149628
0.0119388
0.00872457
0.00547172
0.00222465
-0.00103501
-0.00433328
-0.00768004
-0.011071
-0.0144974
-0.0179523
-0.0214311
-0.0249309
-0.0284485
-0.0319801
-0.0355213
-0.039068
-0.0426163
-0.0461656
-0.0497127
0.013434
0.0105099
0.00743502
0.00431505
0.00118381
-0.00196882
-0.00515976
-0.00839565
-0.0116733
-0.014986
-0.0183276
-0.0216939
-0.0250816
-0.0284871
-0.0319067
-0.0353361
-0.038771
-0.0422073
-0.0456441
-0.0490795
0.0121672
0.00932048
0.00635569
0.00334256
0.000305651
-0.00275934
-0.00586219
-0.00900666
-0.0121901
-0.0154073
-0.0186531
-0.0219234
-0.0252149
-0.0285241
-0.0318472
-0.0351806
-0.0385205
-0.0418632
-0.0452071
-0.048549
0.0111749
0.00838098
0.00549479
0.002559
-0.00040935
-0.00341072
-0.00644954
-0.00952711
-0.0126409
-0.0157867
-0.01896
-0.022157
-0.0253742
-0.0286079
-0.0318544
-0.0351096
-0.0383694
-0.0416298
-0.0448896
-0.0481489
0.010481
0.0077166
0.00487979
0.00199517
-0.000925747
-0.00388143
-0.00687309
-0.00990054
-0.0129614
-0.0160523
-0.0191695
-0.0223095
-0.0254689
-0.0286444
-0.0318326
-0.0350301
-0.0382338
-0.0414404
-0.0446474
-0.0478514
0.0101023
0.00733316
0.00450001
0.00161934
-0.0012986
-0.00425008
-0.00723407
-0.0102493
-0.0132933
-0.0163628
-0.0194544
-0.0225648
-0.0256907
-0.0288288
-0.0319758
-0.0351284
-0.038283
-0.0414367
-0.0445883
-0.04774
0.128827
0.130261
0.132446
0.135501
0.138804
0.14248
0.145789
0.148937
0.150994
0.152386
0.151888
0.15035
0.146081
0.140438
0.12997
0.127892
0.129219
0.131227
0.13402
0.136987
0.140235
0.143045
0.145597
0.147013
0.147645
0.146431
0.144006
0.139133
0.132491
0.123401
0.126889
0.128101
0.129921
0.132436
0.13505
0.137852
0.140152
0.142102
0.142893
0.142802
0.140956
0.137772
0.132492
0.125395
0.116839
0.125812
0.126904
0.128525
0.130746
0.132993
0.135331
0.137112
0.138445
0.138618
0.137816
0.135374
0.131501
0.12586
0.118455
0.110028
0.124658
0.125625
0.12704
0.128955
0.130825
0.132687
0.133946
0.134661
0.134231
0.132743
0.12974
0.125266
0.119286
0.111693
0.103342
0.123426
0.124263
0.125463
0.127061
0.128547
0.129924
0.130663
0.130766
0.129753
0.127619
0.124094
0.119115
0.112835
0.105153
0.0968958
0.122111
0.122813
0.123793
0.125064
0.12616
0.127047
0.127269
0.126773
0.125199
0.122466
0.118459
0.113063
0.106534
0.0988243
0.0906765
0.120713
0.121275
0.122029
0.122963
0.123665
0.12406
0.123772
0.122695
0.120583
0.117303
0.112858
0.107121
0.100395
0.0926912
0.0846662
0.119229
0.119647
0.12017
0.120762
0.121066
0.120971
0.120181
0.118548
0.115925
0.112152
0.107313
0.1013
0.0944281
0.0867541
0.0788666
0.117659
0.117929
0.118217
0.118461
0.118368
0.11779
0.11651
0.114349
0.111245
0.107031
0.101847
0.0956141
0.0886434
0.0810216
0.0732859
0.116002
0.116121
0.116172
0.116067
0.115578
0.114527
0.112771
0.110116
0.106563
0.101961
0.09648
0.0900766
0.0830515
0.0755041
0.0679318
0.11426
0.114225
0.114038
0.113585
0.112703
0.111195
0.108981
0.105866
0.101902
0.0969614
0.0912323
0.0847023
0.0776616
0.0702106
0.0628113
0.112435
0.112246
0.111818
0.111023
0.109754
0.107807
0.105158
0.10162
0.0972837
0.0920513
0.0861216
0.0795056
0.0724828
0.0651486
0.0579305
0.110531
0.110188
0.109521
0.10839
0.106744
0.10438
0.101318
0.0973963
0.092729
0.0872504
0.0811643
0.0744995
0.0675237
0.0603246
0.0532943
0.108552
0.108058
0.107154
0.105697
0.103686
0.10093
0.0974844
0.0932162
0.0882594
0.0825776
0.076376
0.0696963
0.0627921
0.0557434
0.048906
0.106507
0.105865
0.104727
0.102958
0.100596
0.0974746
0.0936763
0.0891008
0.0838957
0.0780514
0.0717714
0.0651069
0.0582952
0.0514091
0.0447679
0.104405
0.10362
0.102254
0.100188
0.0974942
0.0940349
0.0899162
0.0850717
0.0796582
0.0736893
0.0673643
0.060741
0.0540392
0.0473248
0.040881
0.102259
0.101337
0.0997511
0.0974044
0.0943994
0.0906323
0.0862271
0.081151
0.0755669
0.0695084
0.0631677
0.0566077
0.0500296
0.0434926
0.0372456
0.100082
0.0990328
0.0972353
0.0946275
0.0913345
0.0872898
0.0826325
0.0773609
0.0716416
0.0655249
0.059194
0.0527152
0.0462709
0.0399143
0.0338612
0.0978941
0.0967257
0.0947285
0.0918795
0.0883237
0.0840324
0.0791568
0.0737239
0.0679018
0.0617545
0.055455
0.0490714
0.0427676
0.0365913
0.0307274
0.0957155
0.0944383
0.0922547
0.0891857
0.0853937
0.0808862
0.0758253
0.0702631
0.0643673
0.058213
0.0519622
0.0456838
0.0395239
0.033525
0.0278438
0.0935713
0.0921961
0.0898415
0.0865743
0.0825731
0.0778795
0.0726645
0.067002
0.061058
0.0549161
0.0487275
0.0425603
0.0365445
0.0307174
0.0252103
0.0914906
0.0900282
0.0875194
0.0840763
0.0798929
0.0750423
0.0697022
0.0639651
0.0579946
0.0518804
0.0457631
0.0397096
0.0338346
0.0281713
0.022828
0.0895062
0.0879677
0.0853227
0.0817261
0.0773871
0.0724066
0.0669677
0.0611784
0.0551988
0.0491234
0.0430825
0.0371414
0.0314011
0.025891
0.0206991
0.0876554
0.0860518
0.0832892
0.0795616
0.0750925
0.0700072
0.0644929
0.0586698
0.0526946
0.0466647
0.0407013
0.0348677
0.0292527
0.0238826
0.0188281
0.0859802
0.0843223
0.0814609
0.0776244
0.0730495
0.0678821
0.0623125
0.0564701
0.0505085
0.0445266
0.0386377
0.0329031
0.0274012
0.0221555
0.0172221
0.0845271
0.0828255
0.0798842
0.0759605
0.0713027
0.0660733
0.060465
0.0546142
0.048671
0.0427355
0.0369141
0.0312663
0.025862
0.0207224
0.0158918
0.0833476
0.0816127
0.0786104
0.0746207
0.0699014
0.064628
0.0589943
0.0531419
0.047218
0.041323
0.0355582
0.0299815
0.0246561
0.0196015
0.0148528
0.0824986
0.0807405
0.0776959
0.0736614
0.0689011
0.0635994
0.0579508
0.0521002
0.0461925
0.0403284
0.0346052
0.0290799
0.023811
0.0188173
0.0141279
0.0820416
0.0802714
0.0772038
0.073146
0.0683643
0.0630487
0.0573931
0.0515449
0.0456468
0.0398003
0.0341
0.0286028
0.0233643
0.018403
0.0137436
0.140992
0.143144
0.146567
0.151638
0.157701
0.165026
0.173178
0.182302
0.192108
0.202694
0.213791
0.225462
0.237429
0.249768
0.262168
0.140925
0.143073
0.146489
0.151551
0.157599
0.164908
0.173032
0.182128
0.191893
0.202435
0.213473
0.22508
0.236966
0.249222
0.261507
0.140791
0.142932
0.146335
0.151378
0.157398
0.164674
0.172741
0.181781
0.191465
0.201919
0.212838
0.224319
0.236042
0.248129
0.260183
0.140592
0.142721
0.146105
0.151118
0.157095
0.164321
0.172307
0.181262
0.190825
0.201148
0.211889
0.22318
0.234656
0.246488
0.258193
0.140328
0.14244
0.1458
0.150775
0.156697
0.163856
0.171731
0.180575
0.189976
0.200124
0.210628
0.221665
0.232809
0.244299
0.255537
0.139999
0.142093
0.145421
0.150348
0.156195
0.163272
0.171015
0.179721
0.18892
0.198853
0.209058
0.219779
0.230504
0.241563
0.252217
0.139608
0.141679
0.14497
0.149842
0.155615
0.162581
0.170164
0.178705
0.187662
0.197337
0.207183
0.217525
0.227745
0.238287
0.248237
0.139156
0.1412
0.14445
0.149253
0.154908
0.161771
0.16918
0.177529
0.186205
0.195581
0.205008
0.214909
0.224536
0.234476
0.243607
0.138644
0.14066
0.143862
0.1486
0.154175
0.160854
0.168066
0.176197
0.184554
0.19359
0.202536
0.211938
0.220885
0.230141
0.238338
0.138076
0.140059
0.14321
0.147859
0.153292
0.159829
0.166829
0.174711
0.182713
0.191368
0.199773
0.208619
0.216799
0.225292
0.232444
0.137452
0.139401
0.142495
0.147054
0.152359
0.158711
0.165471
0.173077
0.180688
0.188921
0.196726
0.20496
0.212285
0.219944
0.225944
0.136776
0.138687
0.141721
0.146164
0.151328
0.157491
0.163998
0.171297
0.178485
0.186253
0.193401
0.20097
0.207354
0.214112
0.218858
0.136049
0.137922
0.140892
0.145231
0.150221
0.156179
0.162414
0.169376
0.176111
0.183369
0.189807
0.196656
0.202015
0.207815
0.211205
0.135275
0.137107
0.140014
0.144225
0.149036
0.154777
0.160723
0.167318
0.173572
0.180272
0.185954
0.192027
0.196279
0.201073
0.203008
0.134457
0.136246
0.139059
0.143145
0.147787
0.153291
0.158931
0.165127
0.170875
0.176967
0.181852
0.187088
0.19016
0.193906
0.194284
0.133595
0.135347
0.138106
0.142012
0.146471
0.151725
0.157041
0.162813
0.168029
0.173462
0.177517
0.181844
0.183674
0.186332
0.185043
0.132696
0.134394
0.13705
0.140826
0.145094
0.150082
0.155054
0.160372
0.165029
0.169753
0.172953
0.176292
0.176847
0.178362
0.175291
0.131761
0.13342
0.135972
0.139595
0.143662
0.148375
0.15299
0.157838
0.161911
0.165878
0.16819
0.170443
0.169699
0.169972
0.165011
0.130788
0.132395
0.134848
0.138313
0.14216
0.146568
0.150792
0.155126
0.158581
0.161758
0.16318
0.164276
0.162298
0.161136
0.154213
0.129795
0.131341
0.133707
0.137038
0.140694
0.144843
0.148707
0.152561
0.155371
0.157696
0.158095
0.157901
0.154538
0.151748
0.142841
0.129795
0.131341
0.133707
0.137038
0.140694
0.144843
0.148707
0.152562
0.155371
0.157696
0.158095
0.157901
0.154538
0.151748
0.142841
0.130788
0.132396
0.134848
0.138313
0.14216
0.146568
0.150792
0.155126
0.158581
0.161758
0.16318
0.164276
0.162298
0.161136
0.154214
0.131761
0.13342
0.135972
0.139595
0.143662
0.148375
0.15299
0.157838
0.161911
0.165878
0.16819
0.170443
0.169699
0.169973
0.165011
0.132696
0.134394
0.13705
0.140826
0.145095
0.150082
0.155054
0.160372
0.165029
0.169753
0.172953
0.176293
0.176847
0.178362
0.175291
0.133596
0.135347
0.138106
0.142012
0.146471
0.151726
0.157041
0.162813
0.168029
0.173462
0.177517
0.181844
0.183675
0.186332
0.185043
0.134457
0.136246
0.13906
0.143145
0.147787
0.153292
0.158931
0.165128
0.170875
0.176967
0.181852
0.187088
0.19016
0.193907
0.194284
0.135275
0.137107
0.140014
0.144225
0.149036
0.154777
0.160724
0.167318
0.173573
0.180272
0.185954
0.192027
0.196279
0.201073
0.203008
0.136049
0.137922
0.140892
0.145231
0.150221
0.156179
0.162414
0.169376
0.176111
0.183369
0.189807
0.196656
0.202015
0.207816
0.211206
0.136776
0.138687
0.141721
0.146164
0.151328
0.157491
0.163998
0.171297
0.178485
0.186253
0.193401
0.20097
0.207354
0.214112
0.218858
0.137452
0.139401
0.142495
0.147054
0.152359
0.158711
0.165471
0.173077
0.180688
0.188921
0.196726
0.20496
0.212286
0.219944
0.225944
0.138076
0.140059
0.14321
0.147859
0.153292
0.15983
0.166829
0.174711
0.182713
0.191369
0.199773
0.208619
0.216799
0.225292
0.232444
0.138644
0.14066
0.143862
0.1486
0.154175
0.160854
0.168066
0.176197
0.184554
0.19359
0.202536
0.211938
0.220885
0.230141
0.238338
0.139156
0.1412
0.14445
0.149253
0.154908
0.161771
0.16918
0.177529
0.186205
0.195581
0.205008
0.214909
0.224536
0.234476
0.243607
0.139608
0.141679
0.14497
0.149842
0.155615
0.162581
0.170164
0.178705
0.187662
0.197337
0.207183
0.217525
0.227745
0.238287
0.248237
0.139999
0.142093
0.145421
0.150348
0.156195
0.163272
0.171015
0.179721
0.188921
0.198853
0.209058
0.219779
0.230504
0.241563
0.252217
0.140328
0.14244
0.1458
0.150775
0.156697
0.163856
0.171731
0.180575
0.189976
0.200124
0.210628
0.221665
0.232809
0.244299
0.255537
0.140592
0.142721
0.146105
0.151118
0.157095
0.164321
0.172307
0.181262
0.190825
0.201148
0.211889
0.22318
0.234656
0.246488
0.258193
0.140792
0.142932
0.146335
0.151378
0.157398
0.164674
0.172741
0.181781
0.191465
0.201919
0.212838
0.224319
0.236042
0.248129
0.260183
0.140925
0.143073
0.146489
0.151551
0.157599
0.164908
0.173032
0.182128
0.191893
0.202435
0.213473
0.22508
0.236966
0.249222
0.261507
0.140992
0.143144
0.146567
0.151638
0.157701
0.165026
0.173178
0.182302
0.192108
0.202694
0.213791
0.225462
0.237429
0.249768
0.262168
0.0820418
0.0802716
0.077204
0.0731462
0.0683646
0.0630489
0.0573933
0.0515451
0.045647
0.0398005
0.0341002
0.028603
0.0233645
0.0184032
0.0137438
0.0824988
0.0807407
0.0776961
0.0736616
0.0689013
0.0635996
0.057951
0.0521004
0.0461927
0.0403286
0.0346055
0.0290801
0.0238112
0.0188175
0.0141281
0.0833478
0.0816129
0.0786106
0.0746209
0.0699016
0.0646282
0.0589945
0.0531421
0.0472182
0.0413232
0.0355585
0.0299817
0.0246563
0.0196017
0.014853
0.0845273
0.0828257
0.0798844
0.0759607
0.0713029
0.0660735
0.0604652
0.0546144
0.0486713
0.0427357
0.0369144
0.0312666
0.0258622
0.0207226
0.0158921
0.0859804
0.0843225
0.0814611
0.0776246
0.0730497
0.0678823
0.0623127
0.0564704
0.0505088
0.0445269
0.038638
0.0329033
0.0274014
0.0221557
0.0172224
0.0876556
0.086052
0.0832894
0.0795618
0.0750927
0.0700074
0.0644932
0.05867
0.0526949
0.0466649
0.0407015
0.0348679
0.029253
0.0238829
0.0188284
0.0895064
0.0879678
0.0853229
0.0817263
0.0773873
0.0724068
0.066968
0.0611786
0.0551991
0.0491236
0.0430827
0.0371417
0.0314013
0.0258912
0.0206994
0.0914908
0.0900283
0.0875196
0.0840765
0.0798931
0.0750425
0.0697024
0.0639653
0.0579948
0.0518806
0.0457633
0.0397098
0.0338348
0.0281716
0.0228282
0.0935715
0.0921962
0.0898417
0.0865745
0.0825733
0.0778798
0.0726647
0.0670022
0.0610583
0.0549163
0.0487277
0.0425606
0.0365447
0.0307177
0.0252106
0.0957156
0.0944385
0.0922549
0.0891859
0.0853939
0.0808864
0.0758255
0.0702634
0.0643676
0.0582132
0.0519625
0.0456841
0.0395242
0.0335253
0.027844
0.0978943
0.0967259
0.0947287
0.0918797
0.0883239
0.0840326
0.079157
0.0737242
0.0679021
0.0617547
0.0554552
0.0490716
0.0427679
0.0365915
0.0307277
0.100083
0.0990329
0.0972355
0.0946276
0.0913347
0.0872901
0.0826327
0.0773611
0.0716418
0.0655251
0.0591943
0.0527155
0.0462712
0.0399146
0.0338615
0.102259
0.101337
0.0997512
0.0974046
0.0943996
0.0906325
0.0862273
0.0811512
0.0755671
0.0695087
0.063168
0.056608
0.0500299
0.0434929
0.0372459
0.104406
0.10362
0.102255
0.100188
0.0974944
0.0940351
0.0899165
0.0850719
0.0796584
0.0736896
0.0673645
0.0607413
0.0540395
0.0473251
0.0408813
0.106507
0.105865
0.104727
0.102958
0.100597
0.0974748
0.0936765
0.089101
0.083896
0.0780516
0.0717716
0.0651072
0.0582955
0.0514094
0.0447682
0.108552
0.108058
0.107154
0.105697
0.103686
0.10093
0.0974846
0.0932164
0.0882597
0.0825779
0.0763762
0.0696966
0.0627924
0.0557437
0.0489063
0.110531
0.110188
0.109521
0.10839
0.106744
0.10438
0.101319
0.0973966
0.0927292
0.0872506
0.0811645
0.0744998
0.0675239
0.0603249
0.0532946
0.112435
0.112246
0.111819
0.111023
0.109755
0.107808
0.105158
0.10162
0.0972839
0.0920516
0.0861218
0.0795058
0.0724831
0.0651489
0.0579308
0.11426
0.114226
0.114038
0.113585
0.112703
0.111195
0.108982
0.105867
0.101902
0.0969616
0.0912326
0.0847026
0.0776619
0.0702109
0.0628117
0.116002
0.116121
0.116172
0.116067
0.115578
0.114527
0.112772
0.110116
0.106563
0.101961
0.0964802
0.0900768
0.0830517
0.0755044
0.0679321
0.117659
0.117929
0.118218
0.118462
0.118368
0.11779
0.11651
0.11435
0.111245
0.107031
0.101847
0.0956144
0.0886437
0.0810219
0.0732862
0.119229
0.119647
0.120171
0.120762
0.121066
0.120971
0.120182
0.118549
0.115925
0.112152
0.107313
0.101301
0.0944284
0.0867544
0.0788669
0.120713
0.121275
0.122029
0.122964
0.123665
0.12406
0.123772
0.122695
0.120583
0.117303
0.112858
0.107121
0.100396
0.0926915
0.0846665
0.122111
0.122813
0.123794
0.125064
0.12616
0.127047
0.127269
0.126773
0.125199
0.122466
0.118459
0.113063
0.106535
0.0988246
0.0906768
0.123426
0.124263
0.125463
0.127061
0.128547
0.129924
0.130663
0.130767
0.129754
0.127619
0.124094
0.119115
0.112836
0.105153
0.0968962
0.124658
0.125625
0.12704
0.128955
0.130825
0.132687
0.133946
0.134661
0.134231
0.132743
0.12974
0.125267
0.119287
0.111693
0.103342
0.125812
0.126904
0.128525
0.130747
0.132993
0.135332
0.137112
0.138446
0.138618
0.137817
0.135374
0.131502
0.12586
0.118455
0.110028
0.126889
0.128101
0.129921
0.132436
0.13505
0.137853
0.140153
0.142102
0.142893
0.142803
0.140956
0.137772
0.132492
0.125395
0.116839
0.127892
0.129219
0.131227
0.134021
0.136988
0.140236
0.143045
0.145597
0.147013
0.147645
0.146432
0.144006
0.139133
0.132491
0.123401
0.128827
0.130261
0.132446
0.135502
0.138805
0.14248
0.145789
0.148937
0.150994
0.152386
0.151888
0.150351
0.146081
0.140438
0.12997
0.0101025
0.00733338
0.00450024
0.00161956
-0.00129838
-0.00424987
-0.00723386
-0.0102491
-0.0132931
-0.0163626
-0.0194542
-0.0225646
-0.0256905
-0.0288286
-0.0319756
-0.0351282
-0.0382829
-0.0414365
-0.0445882
-0.0477398
0.0104812
0.00771683
0.00488001
0.0019954
-0.000925527
-0.00388121
-0.00687288
-0.00990033
-0.0129612
-0.0160521
-0.0191693
-0.0223093
-0.0254687
-0.0286442
-0.0318324
-0.03503
-0.0382336
-0.0414403
-0.0446473
-0.0478513
0.0111751
0.0083812
0.00549501
0.00255923
-0.000409126
-0.0034105
-0.00644933
-0.0095269
-0.0126407
-0.0157865
-0.0189598
-0.0221568
-0.025374
-0.0286077
-0.0318542
-0.0351094
-0.0383692
-0.0416297
-0.0448895
-0.0481488
0.0121674
0.00932072
0.00635593
0.00334279
0.00030588
-0.00275911
-0.00586197
-0.00900644
-0.0121899
-0.0154071
-0.0186529
-0.0219232
-0.0252147
-0.0285239
-0.031847
-0.0351804
-0.0385203
-0.041863
-0.0452069
-0.0485489
0.0134343
0.0105102
0.00743526
0.00431528
0.00118404
-0.00196859
-0.00515953
-0.00839542
-0.0116731
-0.0149857
-0.0183274
-0.0216937
-0.0250814
-0.0284869
-0.0319065
-0.035336
-0.0387708
-0.0422071
-0.0456439
-0.0490793
0.014963
0.011939
0.00872481
0.00547197
0.00222489
-0.00103477
-0.00433304
-0.0076798
-0.0110708
-0.0144972
-0.017952
-0.0214309
-0.0249307
-0.0284483
-0.0319798
-0.0355211
-0.0390678
-0.0426161
-0.0461654
-0.0497126
0.0167446
0.0135986
0.0102163
0.00680527
0.00342154
3.55896e-05
-0.00338982
-0.00686792
-0.0103925
-0.0139524
-0.0175393
-0.0211491
-0.0247791
-0.0284264
-0.0320871
-0.0357566
-0.0394304
-0.0431045
-0.0467793
-0.0504515
0.0187734
0.015484
0.0119051
0.00831159
0.00477176
0.0012413
-0.00233034
-0.00595948
-0.00963704
-0.0133486
-0.017085
-0.0208423
-0.0246187
-0.0284114
-0.0322164
-0.0360292
-0.0398451
-0.04366
-0.0474754
-0.0512875
0.0210468
0.0175925
0.0137884
0.00998895
0.00627444
0.00258161
-0.00115551
-0.00495564
-0.00880551
-0.0126871
-0.0165903
-0.020512
-0.0244512
-0.0284055
-0.0323707
-0.0363419
-0.0403144
-0.0442841
-0.0482537
-0.0522189
0.0235639
0.019923
0.015865
0.0118368
0.00792983
0.0040569
0.000134772
-0.0038565
-0.00789789
-0.0119674
-0.0160544
-0.020157
-0.0242753
-0.0284068
-0.0325474
-0.0366917
-0.040835
-0.0449733
-0.0491108
-0.0532429
0.026325
0.0224756
0.0181347
0.0138557
0.00973911
0.00566823
0.00154099
-0.00266191
-0.006914
-0.0111892
-0.0154769
-0.0197771
-0.0240906
-0.0284153
-0.0327464
-0.0370786
-0.0414069
-0.0457272
-0.050046
-0.0543579
0.0293315
0.0252511
0.0205981
0.016047
0.0117042
0.00741708
0.00306389
-0.00137146
-0.00585334
-0.0103518
-0.0148572
-0.0193717
-0.0238969
-0.0284306
-0.0329675
-0.0375021
-0.0420294
-0.0465452
-0.0510584
-0.0555631
0.0325853
0.0282505
0.0232562
0.0184127
0.0138274
0.00930512
0.00470429
1.54148e-05
-0.00471515
-0.00945432
-0.0141946
-0.0189403
-0.0236938
-0.0284523
-0.0332102
-0.0379616
-0.0427018
-0.047426
-0.052147
-0.0568578
0.0360881
0.0314748
0.0261101
0.020955
0.0161112
0.011334
0.00646302
0.00149943
-0.00349847
-0.00849577
-0.0134882
-0.0184825
-0.0234812
-0.0284807
-0.0334754
-0.0384594
-0.0434275
-0.0483728
-0.0533139
-0.058243
0.0398417
0.034925
0.0291611
0.0236763
0.0185582
0.0135052
0.00834077
0.00308139
-0.00220215
-0.00747502
-0.0127373
-0.0179978
-0.0232582
-0.0285142
-0.0337594
-0.0389885
-0.0441961
-0.0493767
-0.0545542
-0.0597164
0.0438471
0.0386012
0.03241
0.0265791
0.0211708
0.01582
0.0103381
0.00476221
-0.00082491
-0.00639096
-0.0119414
-0.017486
-0.0230258
-0.0285558
-0.0340717
-0.0395698
-0.0450427
-0.0504633
-0.055883
-0.0612853
0.0481046
0.0425028
0.0358575
0.0296656
0.0239511
0.018279
0.0124555
0.00654291
0.000634548
-0.00524268
-0.0110999
-0.0169466
-0.0227805
-0.0285942
-0.0343815
-0.0401387
-0.0458683
-0.0516036
-0.0573005
-0.0629514
0.052613
0.0466277
0.0395033
0.0329376
0.0269005
0.0208825
0.0146933
0.00842472
0.0021777
-0.00402933
-0.0102132
-0.0163816
-0.0225295
-0.02865
-0.0347389
-0.0407943
-0.0468157
-0.0528202
-0.0587854
-0.0647008
0.0573696
0.0509725
0.0433465
0.0363966
0.03002
0.0236304
0.0170517
0.010409
0.00380598
-0.00275019
-0.00928104
-0.0157904
-0.0222698
-0.028712
-0.0351136
-0.0414731
-0.0477903
-0.0540884
-0.0603427
-0.0665381
0.0623695
0.0555315
0.0473849
0.0400434
0.0333095
0.0265215
0.019531
0.0124972
0.00552098
-0.00140425
-0.0083025
-0.0151719
-0.0220006
-0.0287821
-0.0355146
-0.0421967
-0.048827
-0.0554303
-0.061983
-0.0684678
0.0676052
0.0602962
0.051615
0.0438779
0.0367683
0.0295544
0.0221312
0.0146911
0.00732403
9.05489e-06
-0.00727713
-0.0145255
-0.0217214
-0.02886
-0.0359398
-0.0429591
-0.0499157
-0.0568391
-0.0637034
-0.070489
0.0730657
0.0652542
0.0560318
0.0478995
0.040394
0.0327262
0.0248524
0.0169921
0.009216
0.00149004
-0.0062042
-0.0138501
-0.0214316
-0.0289452
-0.0363899
-0.0437627
-0.0510604
-0.0583178
-0.0655061
-0.0726029
0.0787352
0.0703884
0.0606287
0.052107
0.0441826
0.0360337
0.027695
0.0194018
0.0111973
0.00303886
-0.00508284
-0.0131447
-0.0211303
-0.0290377
-0.036865
-0.0446079
-0.052261
-0.0598666
-0.0673915
-0.0748099
0.0845893
0.0756745
0.0653978
0.0564976
0.0481273
0.0394724
0.0306595
0.0219207
0.0132674
0.00465587
-0.00391156
-0.0124076
-0.0208165
-0.0291366
-0.0373646
-0.0454943
-0.0535177
-0.0614864
-0.0693604
-0.0771101
0.0905912
0.0810786
0.0703307
0.0610671
0.0522194
0.0430392
0.0337468
0.0245484
0.0154248
0.00634039
-0.00269014
-0.0116385
-0.02049
-0.0292419
-0.0378897
-0.0464248
-0.0548337
-0.0631795
-0.0714141
-0.0795037
0.0966911
0.0865575
0.075415
0.0658031
0.056444
0.0467304
0.0369588
0.0272858
0.0176715
0.00809678
-0.0014139
-0.0108336
-0.0201473
-0.02935
-0.0384349
-0.0473889
-0.0562013
-0.0649444
-0.0735531
-0.0819915
0.102828
0.0920759
0.0806505
0.0706939
0.0607882
0.0505412
0.0402861
0.0301184
0.0199942
0.00991441
-9.15803e-05
-0.00999931
-0.0197927
-0.0294657
-0.0390146
-0.0484251
-0.057649
-0.066795
-0.0757832
-0.0845768
0.108891
0.0975874
0.0860159
0.075707
0.0652497
0.0544983
0.0437624
0.0330828
0.0224313
0.0118277
0.00130415
-0.00911419
-0.0194075
-0.0295614
-0.0395645
-0.0493904
-0.059102
-0.0687071
-0.0780919
-0.0872477
0.114633
0.103106
0.0915334
0.0807884
0.069743
0.0584826
0.0472464
0.0360409
0.0248575
0.0137257
0.00267873
-0.00826048
-0.0190734
-0.0297556
-0.0403188
-0.0507442
-0.0607678
-0.0707212
-0.0804611
-0.0899754
0.119339
0.108284
0.0971455
0.0861301
0.0746572
0.0629576
0.0512279
0.0394923
0.0277645
0.0160802
0.00448351
-0.00699353
-0.0183224
-0.0294727
-0.0404173
-0.0512068
-0.0622024
-0.0727721
-0.0829397
-0.0928318
-0.0508874
-0.0540228
-0.0571402
-0.0602376
-0.063314
-0.0663679
-0.0693971
-0.0723993
-0.0753722
-0.0783137
-0.0812219
-0.084095
-0.0869312
-0.089729
-0.0924871
-0.0952038
-0.0978784
-0.100509
-0.103097
-0.105642
-0.0510465
-0.0542278
-0.0573929
-0.0605395
-0.0636649
-0.0667662
-0.0698407
-0.0728854
-0.075898
-0.0788758
-0.0818168
-0.0847188
-0.08758
-0.0903983
-0.0931724
-0.0959003
-0.0985813
-0.101213
-0.103799
-0.106337
-0.0514035
-0.0546459
-0.05787
-0.0610731
-0.0642529
-0.067407
-0.0705326
-0.073627
-0.0766873
-0.0797111
-0.0826962
-0.0856403
-0.0885415
-0.0913978
-0.0942078
-0.0969695
-0.0996827
-0.102345
-0.104961
-0.107533
-0.0518828
-0.0552019
-0.0585025
-0.0617819
-0.0650377
-0.0682669
-0.0714664
-0.0746332
-0.0777644
-0.0808573
-0.0839095
-0.0869186
-0.0898828
-0.0927997
-0.0956681
-0.0984854
-0.101252
-0.103966
-0.106634
-0.109259
-0.0525076
-0.0559212
-0.0593151
-0.0626865
-0.0660328
-0.0693512
-0.0726385
-0.0758916
-0.0791075
-0.0822834
-0.0854171
-0.0885059
-0.0915481
-0.094541
-0.097484
-0.100374
-0.103213
-0.105996
-0.108736
-0.111439
-0.053251
-0.056773
-0.0602742
-0.0637518
-0.0672035
-0.0706262
-0.0740167
-0.0773716
-0.0806881
-0.0839633
-0.0871949
-0.0903802
-0.0935174
-0.0966039
-0.0996394
-0.10262
-0.105549
-0.108421
-0.111253
-0.114053
-0.0541141
-0.0577593
-0.0613822
-0.0649804
-0.0685515
-0.0720924
-0.0756
-0.0790708
-0.0825019
-0.0858905
-0.0892343
-0.0925305
-0.0957776
-0.0989726
-0.102116
-0.105202
-0.108238
-0.111214
-0.114156
-0.117071
-0.0550884
-0.05887
-0.062628
-0.0663599
-0.0700636
-0.073736
-0.0773739
-0.0809739
-0.0845332
-0.0880488
-0.0915186
-0.0949396
-0.0983109
-0.101629
-0.104894
-0.108102
-0.111259
-0.114356
-0.117424
-0.120473
-0.0561715
-0.0601029
-0.0640088
-0.0678874
-0.0717364
-0.075553
-0.0793339
-0.0830759
-0.086776
-0.0904315
-0.0940403
-0.0975994
-0.101108
-0.104562
-0.107964
-0.111307
-0.114601
-0.117832
-0.121042
-0.124239
-0.0573602
-0.061454
-0.0655204
-0.0695578
-0.0735644
-0.0775373
-0.0814734
-0.0853693
-0.0892224
-0.0930299
-0.0967899
-0.100499
-0.104158
-0.107761
-0.111312
-0.114803
-0.118246
-0.121626
-0.124991
-0.128352
-0.0586527
-0.0629213
-0.0671603
-0.0713685
-0.0755445
-0.0796854
-0.0837881
-0.0878495
-0.0918671
-0.0958379
-0.0997607
-0.103632
-0.107452
-0.111216
-0.114928
-0.118579
-0.122184
-0.125724
-0.129258
-0.132795
-0.060048
-0.0645035
-0.0689267
-0.0733172
-0.0776738
-0.0819938
-0.0862742
-0.0905119
-0.0947047
-0.0988497
-0.102946
-0.10699
-0.110982
-0.114917
-0.118802
-0.122623
-0.126401
-0.130113
-0.133826
-0.137553
-0.061545
-0.0661991
-0.070818
-0.0754019
-0.07995
-0.0844597
-0.0889282
-0.0933524
-0.0977305
-0.10206
-0.106339
-0.110565
-0.114739
-0.118856
-0.122922
-0.126924
-0.130884
-0.134778
-0.138681
-0.142607
-0.0631447
-0.0680087
-0.072834
-0.0776218
-0.0823716
-0.0870811
-0.0917473
-0.0963675
-0.10094
-0.105462
-0.109934
-0.114351
-0.118716
-0.123022
-0.127278
-0.131469
-0.135621
-0.139704
-0.143806
-0.147939
-0.0648446
-0.0699297
-0.0749722
-0.0799745
-0.0849362
-0.0898549
-0.094728
-0.0995531
-0.104329
-0.109052
-0.113724
-0.118339
-0.122902
-0.127405
-0.131859
-0.136246
-0.140596
-0.144875
-0.149182
-0.153529
-0.0666483
-0.0719638
-0.0772338
-0.0824603
-0.0876429
-0.0927796
-0.0978678
-0.102906
-0.107891
-0.112823
-0.117702
-0.122523
-0.12729
-0.131995
-0.136652
-0.141239
-0.145793
-0.150272
-0.154791
-0.159354
-0.0685556
-0.0741108
-0.0796178
-0.0850778
-0.0904899
-0.0958524
-0.101163
-0.106421
-0.111623
-0.11677
-0.12186
-0.126892
-0.131867
-0.13678
-0.141643
-0.146435
-0.151196
-0.155879
-0.16061
-0.165392
-0.0705622
-0.0763686
-0.0821223
-0.0878246
-0.0934744
-0.0990704
-0.10461
-0.110094
-0.115518
-0.120885
-0.126191
-0.131437
-0.136623
-0.141747
-0.146818
-0.151818
-0.156785
-0.161674
-0.166617
-0.171618
-0.0726694
-0.0787377
-0.0847472
-0.0907
-0.0965948
-0.102431
-0.108206
-0.11392
-0.11957
-0.125161
-0.130684
-0.136148
-0.141546
-0.146883
-0.15216
-0.15737
-0.162542
-0.167638
-0.17279
-0.17801
-0.0748788
-0.0812184
-0.0874921
-0.0937028
-0.0998491
-0.105931
-0.111945
-0.117894
-0.123773
-0.129589
-0.135332
-0.141015
-0.146623
-0.152174
-0.157653
-0.163073
-0.168443
-0.173748
-0.179102
-0.184546
-0.0771895
-0.0838094
-0.0903554
-0.0968309
-0.103234
-0.109566
-0.115823
-0.12201
-0.128119
-0.134162
-0.140122
-0.146025
-0.151839
-0.157606
-0.163281
-0.168914
-0.174472
-0.179985
-0.185528
-0.191196
-0.0796022
-0.0865107
-0.0933363
-0.100083
-0.106748
-0.113333
-0.119836
-0.12626
-0.132599
-0.138867
-0.145042
-0.151162
-0.157175
-0.163157
-0.169018
-0.174867
-0.180601
-0.186327
-0.192042
-0.19793
-0.0821169
-0.0893216
-0.0964335
-0.103456
-0.110387
-0.117228
-0.123977
-0.130639
-0.137207
-0.143697
-0.150083
-0.156413
-0.162618
-0.168805
-0.174834
-0.180896
-0.186783
-0.192731
-0.198598
-0.204709
-0.0847328
-0.0922412
-0.0996454
-0.106948
-0.114148
-0.121246
-0.128242
-0.135141
-0.141936
-0.148645
-0.155242
-0.161777
-0.168172
-0.174559
-0.180743
-0.18701
-0.193008
-0.199179
-0.205149
-0.211496
-0.0874491
-0.0952674
-0.102969
-0.110556
-0.118026
-0.125383
-0.132624
-0.139757
-0.146777
-0.153699
-0.160502
-0.167235
-0.173821
-0.180403
-0.186749
-0.193224
-0.199317
-0.205718
-0.211716
-0.218313
-0.0902664
-0.0983988
-0.106401
-0.114272
-0.122013
-0.129624
-0.137106
-0.144463
-0.151694
-0.158811
-0.165802
-0.172704
-0.179459
-0.186198
-0.1927
-0.199362
-0.205563
-0.212227
-0.218232
-0.225147
-0.0931889
-0.10164
-0.109942
-0.118096
-0.126101
-0.133958
-0.141668
-0.149234
-0.156658
-0.163946
-0.171095
-0.178128
-0.18501
-0.191841
-0.19845
-0.205213
-0.211502
-0.21841
-0.224431
-0.231829
-0.0962096
-0.104994
-0.113608
-0.122055
-0.130333
-0.138445
-0.146392
-0.154179
-0.161808
-0.169284
-0.176609
-0.183795
-0.190825
-0.197758
-0.204481
-0.211291
-0.217644
-0.224688
-0.230646
-0.238604
-0.0993002
-0.108444
-0.117409
-0.12619
-0.134786
-0.143199
-0.151433
-0.159494
-0.167387
-0.175118
-0.182692
-0.190116
-0.197388
-0.204527
-0.211477
-0.218394
-0.224901
-0.231932
-0.23783
-0.246077
-0.102486
-0.111944
-0.12122
-0.130297
-0.139165
-0.147824
-0.156281
-0.164545
-0.172622
-0.180522
-0.188255
-0.195828
-0.20325
-0.210524
-0.217641
-0.224635
-0.231337
-0.238171
-0.24417
-0.252086
-0.111974
-0.121624
-0.130684
-0.138914
-0.146094
-0.152054
-0.156637
-0.159713
-0.161145
-0.160858
-0.158801
-0.155014
-0.149545
-0.142539
-0.134141
-0.124614
-0.114194
-0.103221
-0.0919703
-0.0807881
-0.069916
-0.0596107
-0.050018
-0.0412614
-0.0333234
-0.0261954
-0.0197106
-0.0138097
-0.00815924
-0.00276129
-0.112704
-0.1224
-0.131471
-0.139684
-0.146835
-0.152764
-0.157309
-0.160336
-0.161709
-0.161355
-0.159228
-0.155371
-0.149831
-0.142755
-0.134292
-0.124703
-0.114228
-0.103209
-0.0919229
-0.080714
-0.0698276
-0.059516
-0.0499274
-0.041177
-0.0332537
-0.0261365
-0.0196704
-0.0137808
-0.00814456
-0.00275753
-0.114038
-0.123843
-0.132931
-0.141113
-0.148214
-0.154085
-0.15856
-0.161497
-0.162757
-0.162279
-0.160024
-0.156036
-0.150364
-0.143159
-0.134571
-0.124868
-0.114292
-0.103186
-0.0918336
-0.0805752
-0.0696628
-0.0593388
-0.0497582
-0.0410191
-0.0331236
-0.0260264
-0.0195957
-0.0137264
-0.00811783
-0.00274973
-0.115948
-0.125897
-0.135001
-0.143131
-0.15016
-0.15595
-0.160325
-0.163129
-0.164229
-0.163575
-0.161139
-0.156966
-0.151109
-0.143721
-0.13496
-0.125096
-0.114378
-0.103151
-0.0917062
-0.0803789
-0.0694305
-0.0590895
-0.0495207
-0.0407974
-0.0329414
-0.0258721
-0.0194916
-0.0136501
-0.00808117
-0.00273829
-0.11837
-0.128493
-0.137603
-0.145662
-0.152602
-0.158291
-0.162534
-0.165167
-0.166063
-0.16519
-0.162526
-0.158123
-0.152034
-0.144418
-0.135441
-0.125375
-0.114481
-0.103102
-0.0915434
-0.0801311
-0.0691387
-0.0587769
-0.0492238
-0.0405204
-0.0327145
-0.0256797
-0.0193627
-0.0135551
-0.00803665
-0.00272353
-0.121275
-0.131587
-0.140681
-0.14865
-0.155485
-0.161052
-0.165132
-0.167556
-0.168209
-0.167077
-0.164148
-0.159473
-0.153111
-0.145227
-0.135997
-0.125696
-0.114595
-0.10304
-0.0913475
-0.0798369
-0.068794
-0.0584089
-0.0488755
-0.0401956
-0.0324495
-0.0254547
-0.0192133
-0.0134439
-0.00798618
-0.0027057
-0.124629
-0.135135
-0.144186
-0.152044
-0.158759
-0.164182
-0.168069
-0.170247
-0.170622
-0.169198
-0.165967
-0.160984
-0.154315
-0.14613
-0.136613
-0.126047
-0.114715
-0.102962
-0.0911204
-0.0795008
-0.0684026
-0.0579924
-0.0484827
-0.0398297
-0.0321521
-0.025202
-0.019047
-0.0133192
-0.0079315
-0.00268498
-0.128408
-0.139099
-0.148072
-0.155799
-0.162378
-0.167635
-0.171297
-0.173196
-0.173261
-0.171515
-0.167951
-0.16263
-0.155622
-0.147107
-0.137277
-0.126422
-0.114835
-0.102868
-0.0908637
-0.0791265
-0.0679697
-0.0575336
-0.0480517
-0.0394287
-0.0318275
-0.0249258
-0.0188671
-0.013183
-0.00787415
-0.00266154
-0.132589
-0.143444
-0.1523
-0.159874
-0.166302
-0.17137
-0.174774
-0.176361
-0.176089
-0.173995
-0.170073
-0.164387
-0.157014
-0.148145
-0.137978
-0.126812
-0.114953
-0.102756
-0.0905789
-0.0787178
-0.0675002
-0.0570382
-0.0475879
-0.0389981
-0.0314802
-0.0246302
-0.0186764
-0.0130373
-0.00781548
-0.00263551
-0.137151
-0.148136
-0.156832
-0.164232
-0.170492
-0.175345
-0.178459
-0.179707
-0.179075
-0.176611
-0.172305
-0.166231
-0.158472
-0.149228
-0.138704
-0.127211
-0.115064
-0.102626
-0.0902676
-0.0782781
-0.0669985
-0.0565112
-0.0470964
-0.0385429
-0.0311145
-0.0243186
-0.0184776
-0.0128838
-0.0077566
-0.00260703
-0.142073
-0.153143
-0.161632
-0.168838
-0.174915
-0.179526
-0.182318
-0.183201
-0.182188
-0.179334
-0.174625
-0.168145
-0.15998
-0.150345
-0.139447
-0.127613
-0.115165
-0.102477
-0.0899312
-0.0778104
-0.0664685
-0.0559572
-0.0465818
-0.0380673
-0.0307339
-0.0239943
-0.0182728
-0.0127244
-0.00769843
-0.00257621
-0.147335
-0.158431
-0.166667
-0.173661
-0.179537
-0.183875
-0.186315
-0.186812
-0.185402
-0.182142
-0.177012
-0.17011
-0.161525
-0.151485
-0.1402
-0.128013
-0.115254
-0.10231
-0.0895713
-0.0773179
-0.065914
-0.0553807
-0.0460481
-0.0375756
-0.0303416
-0.02366
-0.018064
-0.0125606
-0.0076417
-0.00254316
-0.152915
-0.163967
-0.171904
-0.178669
-0.184325
-0.188361
-0.190421
-0.190516
-0.188693
-0.185012
-0.179447
-0.172112
-0.163094
-0.152639
-0.140956
-0.128408
-0.11533
-0.102124
-0.0891896
-0.0768034
-0.0653384
-0.0547855
-0.0454991
-0.0370712
-0.0299407
-0.0233185
-0.0178527
-0.0123937
-0.00758699
-0.00250806
-0.15879
-0.169718
-0.177313
-0.183834
-0.18925
-0.192952
-0.194608
-0.194287
-0.19204
-0.187925
-0.181914
-0.174137
-0.164677
-0.153799
-0.141708
-0.128793
-0.11539
-0.101921
-0.0887877
-0.0762697
-0.0647451
-0.0541754
-0.0449382
-0.0365577
-0.0295336
-0.022972
-0.0176404
-0.0122252
-0.00753471
-0.00247109
-0.164936
-0.175648
-0.182866
-0.189128
-0.194283
-0.19762
-0.198852
-0.198103
-0.195422
-0.190864
-0.184398
-0.176173
-0.166263
-0.154957
-0.142453
-0.129167
-0.115434
-0.1017
-0.0883675
-0.0757196
-0.064137
-0.0535536
-0.0443686
-0.0360379
-0.0291227
-0.0226227
-0.0174283
-0.012056
-0.00748517
-0.00243249
-0.171326
-0.181725
-0.188533
-0.194528
-0.199394
-0.202337
-0.203131
-0.201946
-0.198821
-0.193814
-0.186888
-0.17821
-0.167845
-0.156109
-0.143185
-0.129527
-0.115461
-0.101463
-0.0879308
-0.0751557
-0.0635172
-0.0529234
-0.0437931
-0.0355145
-0.0287101
-0.0222724
-0.0172176
-0.0118873
-0.00743856
-0.00239251
-0.177931
-0.187913
-0.19429
-0.200009
-0.204557
-0.20708
-0.207424
-0.205797
-0.202223
-0.196761
-0.18937
-0.180238
-0.169417
-0.157248
-0.143903
-0.129872
-0.11547
-0.10121
-0.0874794
-0.0745805
-0.0628884
-0.0522878
-0.0432146
-0.0349903
-0.0282977
-0.0219228
-0.0170091
-0.0117198
-0.00739499
-0.00235138
-0.184719
-0.19418
-0.200113
-0.205547
-0.209747
-0.211827
-0.211716
-0.20964
-0.205612
-0.199693
-0.191836
-0.18225
-0.170971
-0.15837
-0.144602
-0.130201
-0.115463
-0.100944
-0.0870154
-0.0739967
-0.0622535
-0.0516496
-0.0426354
-0.0344674
-0.0278873
-0.0215754
-0.0168036
-0.0115545
-0.00735445
-0.00230934
-0.191655
-0.200496
-0.205979
-0.211119
-0.214941
-0.216559
-0.215988
-0.213461
-0.208976
-0.202599
-0.194277
-0.184239
-0.172502
-0.159472
-0.145281
-0.130512
-0.11544
-0.100664
-0.0865409
-0.0734068
-0.0616151
-0.0510114
-0.0420583
-0.0339481
-0.0274807
-0.0212318
-0.0166018
-0.0113919
-0.00731686
-0.00226661
-0.198696
-0.206829
-0.211866
-0.2167
-0.220115
-0.221258
-0.220226
-0.217244
-0.212302
-0.205468
-0.196684
-0.186197
-0.174005
-0.16055
-0.145938
-0.130804
-0.1154
-0.100374
-0.0860582
-0.0728135
-0.0609761
-0.0503761
-0.0414854
-0.0334344
-0.0270792
-0.0208932
-0.0164044
-0.0112327
-0.00728206
-0.00222342
-0.2058
-0.21315
-0.217754
-0.222266
-0.22525
-0.225908
-0.224415
-0.220976
-0.215579
-0.208291
-0.199049
-0.188118
-0.175475
-0.1616
-0.146571
-0.131079
-0.115345
-0.100074
-0.0855698
-0.0722195
-0.0603393
-0.0497462
-0.0409192
-0.0329285
-0.0266845
-0.0205608
-0.0162118
-0.0110773
-0.00724982
-0.00217994
-0.212923
-0.219432
-0.22362
-0.227793
-0.230324
-0.230491
-0.228541
-0.224643
-0.218794
-0.211056
-0.201363
-0.189995
-0.176907
-0.16262
-0.147178
-0.131335
-0.115276
-0.0997662
-0.0850783
-0.0716276
-0.0597076
-0.0491243
-0.040362
-0.0324321
-0.026298
-0.0202359
-0.0160245
-0.0109261
-0.00721985
-0.00213634
-0.220017
-0.22565
-0.229446
-0.233257
-0.235319
-0.234993
-0.232586
-0.22823
-0.221934
-0.213753
-0.203616
-0.19182
-0.178296
-0.163605
-0.147758
-0.131572
-0.115195
-0.0994534
-0.0845864
-0.0710408
-0.0590839
-0.0485133
-0.0398159
-0.0319473
-0.025921
-0.0199193
-0.0158429
-0.0107795
-0.00719181
-0.00209279
-0.227035
-0.23178
-0.23521
-0.238634
-0.240214
-0.239394
-0.236533
-0.23172
-0.224985
-0.216368
-0.205799
-0.193585
-0.179635
-0.164552
-0.14831
-0.131791
-0.115103
-0.0991376
-0.0840971
-0.070462
-0.0584712
-0.0479155
-0.0392833
-0.0314756
-0.0255547
-0.0196122
-0.0156673
-0.0106377
-0.00716534
-0.00204942
-0.233928
-0.237799
-0.24089
-0.243896
-0.244987
-0.243673
-0.240359
-0.235092
-0.227929
-0.218887
-0.207899
-0.195281
-0.180919
-0.165457
-0.148831
-0.13199
-0.115
-0.0988209
-0.0836133
-0.0698941
-0.0578722
-0.0473335
-0.0387661
-0.0310188
-0.0252003
-0.0193153
-0.0154979
-0.0105009
-0.00714003
-0.00200634
-0.240642
-0.243681
-0.246455
-0.249007
-0.249607
-0.247803
-0.244039
-0.238324
-0.230747
-0.221293
-0.209903
-0.196896
-0.18214
-0.166315
-0.149319
-0.132171
-0.11489
-0.0985053
-0.0831375
-0.0693396
-0.0572896
-0.0467694
-0.038266
-0.0305781
-0.0248587
-0.0190295
-0.015335
-0.0103692
-0.00711551
-0.00196365
-0.247104
-0.249395
-0.251871
-0.253928
-0.254034
-0.251742
-0.247552
-0.241392
-0.233415
-0.223567
-0.211797
-0.198422
-0.183292
-0.167122
-0.149774
-0.132332
-0.114772
-0.0981932
-0.0826727
-0.0688017
-0.056726
-0.0462256
-0.0377851
-0.0301551
-0.0245311
-0.0187555
-0.0151787
-0.0102428
-0.00709149
-0.0019215
-0.253268
-0.254917
-0.257113
-0.258631
-0.258243
-0.255443
-0.250877
-0.244265
-0.235917
-0.2257
-0.213576
-0.199857
-0.184376
-0.167882
-0.1502
-0.132481
-0.114655
-0.0978917
-0.0822256
-0.0682857
-0.0561863
-0.0457057
-0.037326
-0.0297518
-0.0242189
-0.0184943
-0.0150297
-0.0101221
-0.00706797
-0.0018801
-0.259185
-0.260217
-0.262161
-0.263116
-0.262252
-0.258952
-0.253698
-0.246917
-0.238266
-0.227707
-0.215257
-0.201217
-0.185408
-0.16861
-0.150611
-0.132628
-0.114547
-0.0976068
-0.0818001
-0.0677942
-0.0556716
-0.04521
-0.0368888
-0.0293678
-0.0239216
-0.0182453
-0.0148874
-0.0100064
-0.00704435
-0.00183939
-0.264832
-0.265069
-0.266812
-0.26725
-0.266026
-0.262436
-0.257335
-0.249594
-0.240496
-0.229573
-0.216793
-0.202439
-0.186314
-0.169228
-0.15093
-0.132702
-0.114384
-0.0972838
-0.0813516
-0.0672918
-0.0551549
-0.044719
-0.0364581
-0.0289926
-0.0236304
-0.0180031
-0.0147457
-0.00989186
-0.00701682
-0.00179811
-0.27
-0.268794
-0.270321
-0.270132
-0.268415
-0.264212
-0.258263
-0.250881
-0.241637
-0.230501
-0.217514
-0.20295
-0.186613
-0.169328
-0.150827
-0.132436
-0.113964
-0.0967694
-0.0807672
-0.0666951
-0.0545736
-0.0441853
-0.0359955
-0.0285956
-0.0233192
-0.0177474
-0.0145886
-0.00976606
-0.00697952
-0.0017512
-0.273958
-0.27356
-0.275041
-0.274013
-0.271609
-0.266725
-0.260516
-0.252202
-0.242409
-0.230809
-0.217449
-0.20255
-0.185928
-0.168418
-0.149728
-0.131234
-0.11269
-0.0955229
-0.0795752
-0.065621
-0.0536281
-0.0433862
-0.0353459
-0.0280677
-0.0229223
-0.0174327
-0.0144006
-0.00961572
-0.00693331
-0.00169678
-0.278167
-0.277531
-0.278509
-0.276571
-0.273556
-0.26804
-0.26139
-0.252964
-0.242936
-0.231052
-0.217437
-0.202285
-0.185429
-0.167718
-0.14884
-0.130234
-0.111598
-0.0944301
-0.0785032
-0.0646381
-0.0527451
-0.0426313
-0.0347226
-0.0275572
-0.0225336
-0.0171228
-0.0142123
-0.00946297
-0.00688299
-0.0016391
-0.282207
-0.281227
-0.281838
-0.279113
-0.275656
-0.269745
-0.262705
-0.253745
-0.243367
-0.231166
-0.217301
-0.201909
-0.184844
-0.166958
-0.147919
-0.129225
-0.110517
-0.0933617
-0.0774655
-0.0636929
-0.0519008
-0.0419114
-0.0341298
-0.0270713
-0.0221635
-0.0168266
-0.0140309
-0.00931407
-0.00683103
-0.00158005
-0.286032
-0.284386
-0.284583
-0.281039
-0.2771
-0.270552
-0.263407
-0.254178
-0.243587
-0.231143
-0.217077
-0.201479
-0.184233
-0.16619
-0.147008
-0.128237
-0.109464
-0.0923272
-0.0764626
-0.0627821
-0.0510883
-0.0412202
-0.0335614
-0.0266057
-0.0218089
-0.0165424
-0.0138553
-0.0091683
-0.00677687
-0.00151982
-0.2897
-0.286917
-0.286816
-0.282566
-0.278344
-0.271538
-0.264039
-0.254469
-0.243659
-0.230991
-0.216753
-0.200978
-0.183581
-0.165406
-0.146105
-0.127275
-0.108449
-0.0913374
-0.0755068
-0.0619169
-0.0503175
-0.0405655
-0.0330226
-0.0261643
-0.0214718
-0.0162716
-0.0136855
-0.00902578
-0.00671992
-0.00145842
-0.293076
-0.28886
-0.288522
-0.283627
-0.279162
-0.271954
-0.264313
-0.254521
-0.243561
-0.230712
-0.216337
-0.200415
-0.182894
-0.164612
-0.145214
-0.126341
-0.107477
-0.0903964
-0.0746025
-0.0611019
-0.0495929
-0.0399515
-0.032517
-0.0257499
-0.0211545
-0.0160162
-0.0135225
-0.00888721
-0.00665998
-0.00139606
-0.296243
-0.29014
-0.289774
-0.284295
-0.279667
-0.272249
-0.264429
-0.254415
-0.243326
-0.230322
-0.215838
-0.199795
-0.182177
-0.163812
-0.14434
-0.125441
-0.106551
-0.0895093
-0.0737551
-0.0603418
-0.0489187
-0.0393815
-0.0320474
-0.0253651
-0.0208588
-0.0157776
-0.0133668
-0.00875327
-0.00659708
-0.00133311
-0.298965
-0.290822
-0.290627
-0.284654
-0.279964
-0.27225
-0.264327
-0.25415
-0.242967
-0.229837
-0.215271
-0.199129
-0.181439
-0.163012
-0.143489
-0.124578
-0.105677
-0.0886803
-0.0729687
-0.0596404
-0.0482984
-0.0388588
-0.031616
-0.0250116
-0.020586
-0.0155572
-0.0132192
-0.00862476
-0.00653148
-0.00127003
-0.300845
-0.291104
-0.291178
-0.284717
-0.280008
-0.272093
-0.264095
-0.253769
-0.242515
-0.229278
-0.214651
-0.198432
-0.180691
-0.162221
-0.142667
-0.123758
-0.104859
-0.0879127
-0.0722466
-0.0590005
-0.0477346
-0.0383853
-0.0312245
-0.0246911
-0.0203372
-0.015356
-0.0130804
-0.00850253
-0.00646372
-0.0012074
-0.301859
-0.291131
-0.291462
-0.284577
-0.279914
-0.271779
-0.263745
-0.253294
-0.241993
-0.228668
-0.213996
-0.197717
-0.179944
-0.161447
-0.141881
-0.122986
-0.104101
-0.087209
-0.0715908
-0.0584235
-0.0472284
-0.037962
-0.0308737
-0.0244044
-0.0201133
-0.0151749
-0.0129512
-0.0083875
-0.00639466
-0.0011459
-0.302194
-0.291012
-0.291518
-0.284293
-0.279678
-0.271372
-0.263323
-0.25276
-0.241428
-0.228028
-0.213326
-0.197002
-0.179212
-0.160702
-0.141137
-0.122265
-0.103405
-0.0865708
-0.0710021
-0.0579099
-0.0467803
-0.0375892
-0.0305639
-0.0241517
-0.0199145
-0.0150143
-0.0128323
-0.00828065
-0.00632542
-0.00108633
-0.30214
-0.290745
-0.291435
-0.283893
-0.279372
-0.270899
-0.262849
-0.252198
-0.24084
-0.227385
-0.21266
-0.196304
-0.178507
-0.159994
-0.140443
-0.121602
-0.102775
-0.0859993
-0.0704808
-0.0574592
-0.0463893
-0.0372659
-0.0302944
-0.0239327
-0.0197407
-0.0148743
-0.0127245
-0.00818293
-0.00625742
-0.00102962
-0.301717
-0.290432
-0.291193
-0.283455
-0.279004
-0.270394
-0.262373
-0.251626
-0.240265
-0.226752
-0.212017
-0.195639
-0.177845
-0.159338
-0.139808
-0.121002
-0.102213
-0.0854953
-0.0700264
-0.05707
-0.046054
-0.0369907
-0.0300644
-0.0237465
-0.0195916
-0.0147548
-0.0126286
-0.00809525
-0.00619231
-0.000976746
-0.301013
-0.290159
-0.290827
-0.283044
-0.278577
-0.269929
-0.261869
-0.251098
-0.239705
-0.22617
-0.211423
-0.195028
-0.177236
-0.158742
-0.13924
-0.12047
-0.101722
-0.0850595
-0.069638
-0.0567406
-0.0457725
-0.0367616
-0.0298722
-0.0235918
-0.0194665
-0.014655
-0.0125451
-0.00801847
-0.00613184
-0.000928755
-0.300291
-0.289769
-0.29048
-0.282608
-0.27819
-0.26947
-0.261423
-0.250604
-0.239202
-0.225639
-0.210884
-0.194484
-0.176707
-0.158223
-0.138746
-0.120013
-0.101305
-0.0846928
-0.0693148
-0.0564693
-0.0455423
-0.036576
-0.0297161
-0.0234669
-0.0193645
-0.0145741
-0.0124746
-0.00795333
-0.00607787
-0.000886705
-0.299581
-0.289392
-0.29015
-0.282223
-0.277829
-0.269076
-0.261027
-0.250182
-0.23877
-0.22519
-0.210431
-0.194024
-0.176258
-0.157787
-0.138341
-0.119637
-0.100966
-0.0843967
-0.0690559
-0.0562541
-0.0453614
-0.0364315
-0.0295944
-0.0233701
-0.0192845
-0.0145111
-0.0124175
-0.00790043
-0.00603216
-0.000851618
-0.298964
-0.289048
-0.289878
-0.281897
-0.277553
-0.268755
-0.260714
-0.249845
-0.238428
-0.224835
-0.210074
-0.193665
-0.17591
-0.157449
-0.138029
-0.119351
-0.100706
-0.0841723
-0.0688611
-0.0560936
-0.0452275
-0.0363259
-0.0295053
-0.0232997
-0.0192256
-0.0144648
-0.0123742
-0.00786028
-0.00599633
-0.000824419
-0.298513
-0.288794
-0.289684
-0.281666
-0.27735
-0.268531
-0.260494
-0.249611
-0.238191
-0.22459
-0.209828
-0.193418
-0.175672
-0.15722
-0.137816
-0.119154
-0.100533
-0.084021
-0.06873
-0.0559866
-0.0451392
-0.0362573
-0.0294475
-0.0232541
-0.0191868
-0.0144343
-0.012345
-0.00783322
-0.0059717
-0.000805871
-0.298273
-0.288657
-0.289583
-0.281545
-0.277248
-0.268414
-0.26038
-0.249491
-0.238069
-0.224464
-0.209703
-0.193293
-0.175552
-0.157105
-0.13771
-0.119055
-0.100444
-0.0839438
-0.0686628
-0.0559322
-0.0450953
-0.0362242
-0.0294199
-0.0232322
-0.0191675
-0.0144188
-0.01233
-0.00781949
-0.00595921
-0.000796521
)
;

boundaryField
{
    inlet
    {
        type            zeroGradient;
    }
    outlet
    {
        type            fixedValue;
        value           uniform 0;
    }
    cylinder
    {
        type            zeroGradient;
    }
    top
    {
        type            symmetryPlane;
    }
    bottom
    {
        type            symmetryPlane;
    }
    defaultFaces
    {
        type            empty;
    }
}


// ************************************************************************* //
