/*--------------------------------*- C++ -*----------------------------------*\
  =========                 |
  \\      /  F ield         | OpenFOAM: The Open Source CFD Toolbox
   \\    /   O peration     | Website:  https://openfoam.org
    \\  /    A nd           | Version:  7
     \\/     M anipulation  |
\*---------------------------------------------------------------------------*/
FoamFile
{
    version     2.0;
    format      ascii;
    class       volScalarField;
    location    "1.4";
    object      T;
}
// * * * * * * * * * * * * * * * * * * * * * * * * * * * * * * * * * * * * * //

dimensions      [0 0 0 1 0 0 0];

internalField   nonuniform List<scalar> 
6300
(
1
1
1
1
1
1
1
1
1
1
1
1
1
1
1
1.14099
2.40193
2.70802
2.72516
2.74656
2.77215
2.8011
2.82562
2.83825
2.84102
2.8422
2.85223
2.87855
2.91146
2.93001
1
1
1
1
1
1
1
1
1
1
1
1
1
1
1
1.12405
2.38471
2.70759
2.72556
2.74731
2.77309
2.80182
2.82567
2.83734
2.8393
2.84019
2.85006
2.87598
2.90865
2.92687
1
1
1
1
1
1
1
1
1
1
1
1
1
1
1
1.05609
2.33412
2.70665
2.72629
2.74861
2.77448
2.80257
2.82515
2.83539
2.83634
2.83717
2.84711
2.87263
2.90494
2.92261
1
1
1
1
1
1
1
1
1
1
1
1
1
1
1
1.00204
2.27321
2.70379
2.72478
2.74728
2.77386
2.80168
2.8229
2.8318
2.83188
2.83265
2.84254
2.86739
2.89924
2.91637
1
1
1
1
1
1
1
1
1
1
1
1
1
1
1
1.00001
2.19477
2.6987
2.72389
2.746
2.77201
2.79823
2.81764
2.82541
2.82491
2.82557
2.83534
2.85969
2.89147
2.90853
1
1
1
1
1
1
1
1
1
1
1
1
1
1
1
1
2.09185
2.68902
2.71933
2.74058
2.76594
2.79145
2.81032
2.81774
2.81679
2.81704
2.82575
2.84843
2.87938
2.89553
1
1
1
1
1
1
1
1
1
1
1
1
1
1
1
1
1.95866
2.66807
2.70797
2.72972
2.75531
2.78073
2.79913
2.80607
2.80435
2.80351
2.81024
2.83081
2.86124
2.87871
1
1
1
1
1
1
1
1
1
1
1
1
1
1
1
1
1.78972
2.62613
2.69048
2.71504
2.74138
2.76685
2.78531
2.79229
2.79006
2.78834
2.79296
2.81137
2.83871
2.84888
1
1
1
1
1
1
1
1
1
1
1
1
1
1
1
1
1.54851
2.53698
2.66976
2.69577
2.7222
2.74743
2.76694
2.7754
2.77365
2.77015
2.76842
2.7776
2.79824
2.80899
1
1
1
1
1
1
1
1
1
1
1
1
1
1
1
1
1.22382
2.41414
2.6634
2.6769
2.69692
2.71979
2.74017
2.75122
2.7506
2.74463
2.73815
2.74156
2.76235
2.79289
1
1
1
1
1
1
1
1
1
1
1
1
1
1
1
1
1.01303
2.29306
2.648
2.65104
2.6657
2.68696
2.70723
2.72099
2.72182
2.71567
2.70279
2.68719
2.65245
2.5685
1
1
1
1
1
1
1
1
1
1
1
1
1
1
1
1
1.00004
2.0917
2.63217
2.64032
2.65229
2.66794
2.68124
2.69232
2.6918
2.6834
2.66298
2.62583
2.57174
2.42026
1
1
1
1
1
1
1
1
1
1
1
1
1
1
1
1
1
1.77127
2.55387
2.61952
2.63685
2.65123
2.65988
2.66567
2.66221
2.64936
2.62347
2.57562
2.50283
2.331
1
1
1
1
1
1
1
1
1
1
1
1
1
1
1
1
1
1.32324
2.4042
2.6079
2.61808
2.62939
2.6374
2.63873
2.63295
2.61672
2.58607
2.53647
2.44821
2.29363
1
1
1
1
1
1
1
1
1
1
1
1
1
1
1
1
1
1.02667
2.23415
2.56816
2.58815
2.60192
2.61013
2.60977
2.60262
2.5847
2.55203
2.50181
2.41273
2.29134
1
1
1
1
1
1
1
1
1
1
1
1
1
1
1
1
1
1.00012
1.9071
2.50908
2.56759
2.58041
2.58563
2.58389
2.57497
2.55518
2.52191
2.47134
2.39002
2.29116
1
1
1
1
1
1
1
1
1
1
1
1
1
1
1
1
1
1
1.38545
2.37781
2.55354
2.54996
2.55215
2.55123
2.54343
2.5253
2.49412
2.44495
2.37497
2.29368
1
1
1
1
1
1
1
1
1
1
1
1
1
1
1
1
1
1
1.03472
2.20555
2.51626
2.51018
2.51368
2.51465
2.50977
2.49502
2.46732
2.42302
2.36372
2.29387
1
1
1
1
1
1
1
1
1
1
1
1
1
1
1
1
1
1
1.00019
1.79545
2.43024
2.49111
2.49203
2.48857
2.48062
2.46593
2.4417
2.4041
2.35405
2.29419
1
1
1
1
1
1
1
1
1
1
1
1
1
1
1
1
1
1
1
1.17379
2.26073
2.47758
2.47008
2.46327
2.45224
2.43741
2.41538
2.38368
2.34098
2.29066
1
1
1
1
1
1
1
1
1
1
1
1
1
1
1
1
1
1
1
1.00664
1.97769
2.40578
2.44377
2.43629
2.42696
2.41256
2.39149
2.36246
2.32561
2.28349
1
1
1
1
1
1
1
1
1
1
1
1
1
1
1
1
1
1
1
1
1.33274
2.24548
2.42279
2.4095
2.40224
2.38848
2.3684
2.34161
2.309
2.2726
1
1
1
1
1
1
1
1
1
1
1
1
1
1
1
1
1
1
1
0.999999
1.0242
2.01001
2.37178
2.37495
2.37125
2.36055
2.34314
2.31963
2.29127
2.25959
1
1
1
1
1
1
1
1
1
1
1
1
1
1
1
1
1
1
1
1
1.0001
1.38254
2.20938
2.35938
2.34581
2.334
2.31896
2.29943
2.27535
2.24747
1
1
1
1
1
1
1
1
1
1
1
1
1
1
1
1
1
1
1
1
1
1.03371
1.96141
2.3192
2.3164
2.30511
2.29308
2.27759
2.25797
2.23412
1
1
1
1
1
1
1
1
1
1
1
1
1
1
1
1
1
1
1
1
1
1.00024
1.35121
2.14614
2.29951
2.28211
2.27148
2.25825
2.24184
2.22139
1
1
1
1
1
1
1
1
1
1
1
1
1
1
1
1
1
1
1
1
1
1
1.02708
1.81224
2.23653
2.26065
2.24884
2.23686
2.22285
2.20561
1
1
1
1
1
1
1
1
1
1
1
1
1
1
1
1
1
1
1
1
1
1
1.00022
1.23091
2.03453
2.24535
2.22697
2.2172
2.20429
2.1889
1
1
1
1
1
1
1
1
1
1
1
1
1
1
1
1
1
1
1
1
1
1
1
1.01096
1.56509
2.11053
2.20963
2.19296
2.18074
2.16741
1
1
1
1
1
1
1
1
1
1
1
1
1
1
1
1
1
1
1
1
1
1
1
1.00007
1.09329
1.83869
2.17528
2.17258
2.16249
2.15107
1
1
1
1
1
1
1
1
1
1
1
1
1
1
1
1
1
1
1
1
1
1
1
1
1.00199
1.30193
1.98275
2.15411
2.14128
2.13001
1
1
1
1
1
1
1
1
1
1
1
1
1
1
1
1
1
1
1
1
1
1
1
1
1.00001
1.021
1.54083
2.03727
2.12701
2.11006
1
1
1
1
1
1
1
1
1
1
1
1
1
1
1
1
1
1
1
1
1
1
1
1
1
1.00021
1.08875
1.73975
2.05316
2.10181
1
1
1
1
1
1
1
1
1
1
1
1
1
1
1
1
1
1
1
1
1
1
1
1
1
1
1.00204
1.22534
1.83836
2.06702
1
1
1
1
1
1
1
1
1
1
1
1
1
1
1
1
1
1
1
1
1
1
1
1
1
1
1.00001
1.01166
1.37263
1.9015
1
1
1
1
1
1
1
1
1
1
1
1
1
1
1
1
1
1
1
1
1
1
1
1
1
1
1
1.0001
1.03788
1.50465
1
1
1
1
1
1
1
1
1
1
1
1
1
1
1
1
1
1
1
1
1
1
1
1
1
1
1
1
1.00057
1.08537
1
1
1
1
1
1
1
1
1
1
1
1
1
1
1
1
1
1
1
1
1
1
1
1
1
1
1
1
1
1.0021
1
1
1
1
1
1
1
1
1
1
1
1
1
1
1
1
1
1
1
1
1
1
1
1
1
1
1
1
1
1.00001
1
1
1
1
1
1
1
1
1
1
1
1
1
1
1
1
1
1
1
1
1
1
1
1
1
1
1
1
1
1
1
1
1
1
1
1
1
1
1
1
1
1
1
1
1
1
1
1
1
1
1
1
1
1
1
1
1
1
1
1
1
1
1
1
1
1
1
1
1
1
1
1
1
1
1
1
1
1
1
1
1
1
1
1
1
1
1
1
1
1
1
1
1
1
1
1
1
1
1
1
1
1
1
1
1
1
1
1
1
1
1
1
1
1
1
1
1
1
1
1
1
1
1
1
1
1
1
1
1
1
1
1
1
1
1
1
1
1
1
1
1
1
1
1
1
1
1
1
1
1
1
1
1
1
1
1
1
1
1
1
1
1
1
1
1
1
1
1
1
1
1
1
1
1
1
1
1
1
1
1
1
1
1
1
1
1
1
1
1
1
1
1
1
1
1
1
1
1
1
1
1
1
1
1
1
1
1
1
1
1
1
1
1
1
1
1
1
1
1
1
1
1
1
1
1
1
1
1
1
1
1
1
1
1
1
1
1
1
1
1
1
1
1
1
1
1
1
1
1
1
1
1
1
1
1
1
1
1
1
1
1
1
1
1
1
1
1
1
1
1
1
1
1
1
1
1
1
1
1
1
1
1
1
1
1
1
1
1
1
1
1
1
1
1
1
1
1
1
1
1
1
1
1
1
1
1
1
1
1
1
1
1
1
1
1
1
1
1
1
1
1
1
1
1
1
1
1
1
1
1
1.72636
1.18965
0.993287
0.988529
0.988083
1.12001
1.27794
1.39142
1.56166
1.64495
1.6448
1.62839
1.6148
1.65481
1.77642
1.86167
1.85978
1.82767
1.78195
1.76674
1.76699
1.77389
1.78535
1.78639
1.78082
1.76348
1.7459
1.74105
1.74158
1.74869
1.7596
1.7623
1.76139
1.75651
1.74826
1.74043
1.73507
1.73491
1.73745
1.74255
1.74475
1.74433
1.74127
1.73633
1.7356
1.7362
1.7389
1.7446
1.74677
1.7453
1.73965
1.73188
1.72522
1.722
1.72096
1.72068
1.72096
1.72076
1.7193
1.71528
1.70924
1.70431
1.70092
1.69799
1.69452
1.69021
1.68378
1.68479
1.6928
1.73094
1.81756
1.95717
2.10352
2.25156
2.36977
2.46005
2.5205
2.5666
2.58257
2.57844
2.57085
2.54599
2.51828
2.49663
2.47433
2.45414
2.43258
2.40674
2.38081
2.36351
2.35077
2.34103
2.33402
2.329
2.32563
2.32373
2.32106
2.31611
2.3092
2.30176
2.29628
2.29435
2.29372
2.29234
2.28786
2.27552
2.25933
2.2495
2.24051
2.23166
2.22197
2.21249
2.20222
2.18684
2.16333
2.14658
2.14098
2.1351
2.12934
2.1224
1.9481
1.64959
1.54469
1.4138
1.22945
1.20033
1.2255
1.26079
1.30488
1.31847
1.31825
1.33652
1.3783
1.44611
1.52568
1.59731
1.66432
1.6771
1.67103
1.67086
1.67877
1.69513
1.72031
1.72691
1.72303
1.70892
1.6954
1.69433
1.69641
1.70462
1.71842
1.72336
1.72283
1.71905
1.71186
1.70576
1.70181
1.70202
1.70537
1.71274
1.71744
1.71767
1.71629
1.71335
1.7132
1.71327
1.71523
1.72072
1.72365
1.72252
1.71802
1.71268
1.70829
1.70575
1.70478
1.70397
1.70289
1.70124
1.69838
1.69408
1.68867
1.68426
1.68108
1.67784
1.67295
1.67184
1.67751
1.70646
1.77508
1.8729
1.95825
2.00173
2.02803
2.05674
2.11005
2.16424
2.22021
2.25848
2.28711
2.31737
2.34508
2.36444
2.37735
2.38614
2.38415
2.37664
2.36755
2.35562
2.33804
2.32268
2.31293
2.30418
2.2969
2.29364
2.2916
2.28901
2.28557
2.28017
2.27265
2.26409
2.257
2.2534
2.25165
2.2496
2.24567
2.23696
2.22246
2.21238
2.20403
2.19536
2.1866
2.17854
2.17124
2.16232
2.14739
2.12909
2.11942
2.1134
2.1078
2.10001
2.04578
1.82091
1.69173
1.58776
1.47735
1.34797
1.29051
1.28381
1.27196
1.24414
1.21432
1.22976
1.26734
1.30061
1.32767
1.36059
1.42422
1.48304
1.50932
1.53604
1.56273
1.58508
1.60859
1.62663
1.63243
1.62799
1.6232
1.62176
1.62157
1.62558
1.63618
1.64263
1.64354
1.64167
1.63668
1.63271
1.63227
1.63275
1.63581
1.64257
1.64876
1.65198
1.65337
1.65391
1.65447
1.65487
1.65673
1.66178
1.66658
1.66666
1.66345
1.65938
1.65663
1.65555
1.65615
1.65652
1.65568
1.65382
1.65006
1.64418
1.63803
1.63281
1.62775
1.62643
1.63308
1.65921
1.71976
1.81332
1.90344
1.94237
1.96613
1.97277
1.96463
1.94145
1.91701
1.9162
1.92699
1.95496
1.99873
2.05171
2.10162
2.14109
2.17311
2.19606
2.212
2.22391
2.23307
2.24491
2.24467
2.23958
2.23341
2.22696
2.21769
2.20945
2.20278
2.19678
2.19135
2.1859
2.17941
2.17152
2.16427
2.15982
2.1574
2.15512
2.15314
2.15066
2.14337
2.13472
2.12732
2.11919
2.10997
2.10245
2.0976
2.0932
2.08661
2.07621
2.06248
2.0516
2.04616
2.03835
2.09796
1.94005
1.80414
1.68171
1.60806
1.53932
1.4451
1.37751
1.36076
1.34034
1.30477
1.28388
1.26642
1.25408
1.25476
1.26101
1.28248
1.32777
1.37233
1.41517
1.45156
1.4719
1.48674
1.50474
1.52744
1.53658
1.54445
1.55351
1.55635
1.55951
1.56734
1.57094
1.57054
1.56678
1.5629
1.55964
1.55828
1.55869
1.56172
1.56687
1.57144
1.57519
1.57877
1.58203
1.58408
1.58571
1.58795
1.59141
1.59594
1.59816
1.59774
1.59581
1.59337
1.59205
1.59175
1.59132
1.59068
1.58898
1.58489
1.57846
1.57184
1.56849
1.57296
1.59073
1.64378
1.7399
1.83528
1.87857
1.91152
1.92625
1.9217
1.90887
1.88906
1.86925
1.85605
1.8479
1.83789
1.82677
1.81915
1.82689
1.84778
1.88109
1.92604
1.97539
2.02071
2.05594
2.07995
2.09869
2.11
2.11273
2.1178
2.11956
2.11803
2.11916
2.12
2.11799
2.11415
2.10807
2.09983
2.08961
2.07921
2.07001
2.06274
2.05723
2.05321
2.0495
2.04319
2.03234
2.0211
2.01166
2.00342
1.99709
1.99382
1.99173
1.98905
1.98429
1.97608
1.96429
1.95408
1.94977
2.14245
2.00899
1.89884
1.7914
1.69501
1.63508
1.5757
1.49423
1.43867
1.41682
1.38676
1.35462
1.33181
1.29994
1.2854
1.27211
1.27319
1.2817
1.29529
1.31108
1.33834
1.37008
1.39773
1.42286
1.45042
1.46786
1.47839
1.49055
1.49525
1.50076
1.50937
1.51625
1.52353
1.52933
1.52908
1.52697
1.52264
1.51675
1.516
1.51666
1.51754
1.51998
1.52477
1.53074
1.53503
1.5368
1.53756
1.53826
1.53873
1.53901
1.53948
1.53962
1.53901
1.53736
1.53616
1.53541
1.53456
1.53252
1.52842
1.52237
1.52335
1.53251
1.57022
1.65836
1.76314
1.83445
1.87322
1.88995
1.88657
1.87881
1.86562
1.85613
1.8504
1.84297
1.8296
1.81522
1.80248
1.79272
1.78473
1.77774
1.76885
1.7584
1.76065
1.77486
1.80696
1.85141
1.89757
1.9423
1.97539
1.99961
2.02115
2.02762
2.03369
2.03772
2.03774
2.0381
2.03822
2.03823
2.03762
2.03432
2.02664
2.01517
2.00238
1.99135
1.98304
1.97542
1.96629
1.95408
1.93898
1.92444
1.91386
1.90853
1.90534
1.90353
1.90143
1.89951
1.89764
1.89311
1.88188
1.87448
2.17529
2.0664
1.96278
1.8688
1.78962
1.7153
1.65391
1.59306
1.52647
1.48725
1.4671
1.43607
1.40587
1.37978
1.35433
1.33093
1.30603
1.29993
1.29888
1.29053
1.2895
1.29639
1.31018
1.33298
1.36223
1.39544
1.41671
1.43774
1.44875
1.45934
1.47048
1.4785
1.48797
1.49772
1.5033
1.50369
1.50218
1.49818
1.49618
1.49511
1.4947
1.49625
1.50038
1.50605
1.5089
1.50921
1.50683
1.50366
1.50321
1.50413
1.50633
1.50938
1.5096
1.50802
1.50566
1.50249
1.49895
1.49598
1.49509
1.4995
1.52448
1.59963
1.70598
1.79521
1.84858
1.87605
1.87527
1.86824
1.85401
1.84774
1.84665
1.84444
1.83585
1.82152
1.80568
1.7922
1.7854
1.78038
1.77275
1.76416
1.75428
1.74383
1.73326
1.7213
1.71088
1.7125
1.72416
1.7501
1.79164
1.83471
1.8793
1.91799
1.94495
1.95812
1.97042
1.97409
1.97582
1.97989
1.9813
1.98159
1.98015
1.97568
1.96753
1.95596
1.94724
1.94097
1.93289
1.92068
1.90404
1.88537
1.87153
1.86576
1.86034
1.85483
1.85071
1.8483
1.84662
1.84395
1.8367
1.82427
2.20118
2.11189
2.0218
1.93358
1.85857
1.79008
1.72696
1.67315
1.61361
1.55723
1.52539
1.50201
1.47527
1.44904
1.41817
1.38407
1.35289
1.333
1.32184
1.30821
1.29488
1.29548
1.30058
1.30058
1.30334
1.31629
1.33238
1.3529
1.38026
1.40126
1.4242
1.44112
1.45513
1.47204
1.48469
1.48747
1.48636
1.48332
1.48066
1.48092
1.48345
1.48635
1.48996
1.49407
1.49579
1.49566
1.49286
1.48969
1.48955
1.49006
1.49321
1.49666
1.49588
1.49374
1.48974
1.48403
1.48018
1.48215
1.49717
1.5591
1.66759
1.77416
1.84048
1.87319
1.87332
1.86582
1.85753
1.85219
1.85079
1.84814
1.84002
1.83003
1.81864
1.80424
1.79051
1.78191
1.77368
1.76483
1.75725
1.75033
1.74371
1.73634
1.72655
1.71395
1.6987
1.68797
1.68309
1.67916
1.67799
1.68411
1.70005
1.72811
1.76594
1.80549
1.83881
1.86924
1.89433
1.91119
1.91906
1.92845
1.9382
1.93989
1.93569
1.92402
1.91069
1.90557
1.90179
1.89532
1.88667
1.87503
1.86053
1.84945
1.84182
1.83473
1.82954
1.82614
1.8217
1.81601
1.81032
1.80053
2.21886
2.14287
2.06216
1.9892
1.92108
1.85263
1.78835
1.73546
1.6838
1.63915
1.59612
1.55666
1.52588
1.50277
1.48179
1.45579
1.41578
1.38691
1.36999
1.3538
1.333
1.32349
1.3188
1.30765
1.29919
1.29554
1.29349
1.29436
1.29978
1.31347
1.33538
1.3699
1.402
1.42822
1.45203
1.46985
1.47215
1.46901
1.46702
1.46891
1.47264
1.47642
1.48186
1.48667
1.4882
1.48794
1.48603
1.48531
1.48508
1.48508
1.48723
1.48729
1.48462
1.48038
1.47493
1.47304
1.48011
1.52557
1.622
1.74275
1.83178
1.88101
1.88292
1.8733
1.86382
1.85962
1.85704
1.85092
1.84463
1.83741
1.82783
1.81616
1.80425
1.79356
1.78192
1.76915
1.75811
1.75022
1.74367
1.73865
1.73308
1.7254
1.71728
1.70719
1.69291
1.67936
1.67203
1.66639
1.66
1.6521
1.64597
1.64261
1.64185
1.64719
1.65938
1.68318
1.7158
1.75574
1.79639
1.83017
1.85419
1.87048
1.88685
1.88814
1.88205
1.86756
1.86034
1.85834
1.85822
1.85296
1.84459
1.83782
1.83126
1.82502
1.82192
1.81865
1.81207
1.8044
1.79849
1.78954
2.23059
2.16248
2.09414
2.02986
1.96498
1.90025
1.84561
1.79148
1.73801
1.69269
1.65806
1.62132
1.58445
1.54774
1.52203
1.49837
1.47044
1.4449
1.42263
1.40051
1.37507
1.35605
1.34198
1.32595
1.30841
1.3001
1.29811
1.29211
1.28708
1.2876
1.29009
1.29821
1.31577
1.3453
1.38116
1.415
1.44545
1.45748
1.46137
1.46571
1.46891
1.47077
1.47213
1.47415
1.47688
1.47809
1.47855
1.479
1.47994
1.48156
1.48174
1.47908
1.47535
1.46976
1.47063
1.49312
1.57833
1.70238
1.80831
1.87535
1.8833
1.88517
1.88268
1.87825
1.8697
1.85804
1.84641
1.8384
1.83156
1.82403
1.81565
1.80608
1.79507
1.78204
1.76946
1.75695
1.74496
1.73663
1.73235
1.7275
1.72037
1.71239
1.70504
1.69763
1.68778
1.67263
1.66066
1.65298
1.64474
1.63553
1.62724
1.62147
1.61533
1.60924
1.60074
1.58907
1.58507
1.59313
1.61207
1.64004
1.67763
1.71281
1.74574
1.77024
1.78659
1.79886
1.8016
1.80658
1.81385
1.81471
1.80872
1.80501
1.80171
1.80004
1.79844
1.79422
1.79226
1.79039
1.78785
1.78116
2.23501
2.17425
2.11663
2.05794
1.99669
1.9409
1.88893
1.83735
1.78775
1.74676
1.70466
1.66528
1.63142
1.60218
1.57321
1.53934
1.50409
1.48379
1.4648
1.44632
1.42409
1.4054
1.38718
1.36807
1.34703
1.33337
1.32416
1.31112
1.29647
1.29071
1.28878
1.28217
1.28119
1.28494
1.30077
1.32561
1.36127
1.39665
1.42638
1.44819
1.46333
1.46912
1.46706
1.46615
1.46758
1.46859
1.46898
1.47126
1.47438
1.47587
1.47329
1.47083
1.47
1.48389
1.53359
1.64485
1.78056
1.85128
1.87747
1.88955
1.89546
1.89384
1.88704
1.87572
1.86104
1.8474
1.83626
1.82708
1.82056
1.81454
1.80544
1.79385
1.77961
1.76592
1.75437
1.7454
1.73577
1.72481
1.71838
1.712
1.70372
1.69588
1.68998
1.68458
1.67692
1.66349
1.64585
1.63432
1.62559
1.61735
1.60985
1.60127
1.59353
1.58664
1.57938
1.56949
1.55885
1.55096
1.54447
1.54037
1.54179
1.54759
1.56024
1.57801
1.59877
1.6225
1.64829
1.67336
1.69868
1.72191
1.743
1.75618
1.75656
1.75402
1.74854
1.74634
1.74596
1.74619
1.75133
1.75521
2.23376
2.18147
2.13112
2.07692
2.02092
1.97294
1.92349
1.87345
1.82688
1.78859
1.74722
1.70831
1.67067
1.64099
1.61109
1.58057
1.54872
1.52327
1.50022
1.47808
1.45784
1.44145
1.42393
1.40653
1.38642
1.36948
1.35363
1.33664
1.31743
1.30406
1.29819
1.28982
1.28136
1.28223
1.28558
1.28981
1.29772
1.31581
1.34564
1.38302
1.41364
1.43952
1.45158
1.45542
1.46227
1.46345
1.46153
1.46378
1.46532
1.46506
1.46324
1.46862
1.50921
1.61113
1.73028
1.82735
1.8668
1.88757
1.89576
1.89748
1.89264
1.884
1.87381
1.8618
1.84941
1.83766
1.82945
1.82196
1.81165
1.79929
1.78689
1.77403
1.76016
1.74954
1.74163
1.73328
1.72204
1.7072
1.69751
1.69128
1.68327
1.67605
1.67091
1.66489
1.65743
1.64682
1.63015
1.61345
1.60323
1.59463
1.58497
1.5761
1.56922
1.56295
1.55664
1.54996
1.54095
1.52902
1.51981
1.5139
1.50891
1.50326
1.49605
1.48855
1.48231
1.47777
1.48266
1.49398
1.51377
1.54022
1.57245
1.60298
1.62682
1.64628
1.6579
1.67085
1.68125
1.68333
1.68875
1.69632
2.22911
2.18379
2.13853
2.08792
2.04035
1.99659
1.95056
1.89979
1.86076
1.82141
1.78205
1.74135
1.70996
1.67772
1.64344
1.60913
1.58457
1.56258
1.5377
1.51524
1.49409
1.47668
1.4569
1.43795
1.41943
1.40429
1.38813
1.37144
1.35328
1.33947
1.32887
1.31747
1.30237
1.29265
1.29353
1.29043
1.28595
1.28743
1.29378
1.31107
1.33335
1.35878
1.38942
1.41256
1.4317
1.44443
1.44704
1.45313
1.45511
1.45711
1.47221
1.54564
1.69725
1.81274
1.85986
1.88593
1.90307
1.90733
1.90152
1.88955
1.87782
1.86744
1.85792
1.85014
1.84398
1.83521
1.82111
1.80506
1.78803
1.77302
1.76047
1.75001
1.74196
1.73447
1.72597
1.71642
1.70386
1.68629
1.6728
1.6653
1.6605
1.655
1.64771
1.64023
1.63253
1.62389
1.61212
1.59479
1.57853
1.56815
1.55991
1.55187
1.5453
1.5409
1.53545
1.53034
1.52328
1.50929
1.49614
1.48941
1.48361
1.47745
1.46948
1.46111
1.4537
1.44516
1.43387
1.42328
1.41695
1.41795
1.42258
1.43205
1.4472
1.46361
1.48447
1.50474
1.52732
1.55016
1.56704
1.59875
2.22223
2.18301
2.1428
2.09725
2.05414
2.01428
1.96916
1.92275
1.88628
1.84864
1.80848
1.77026
1.74075
1.70642
1.67335
1.63946
1.61846
1.59405
1.5697
1.54519
1.52747
1.50985
1.48875
1.46798
1.44761
1.43226
1.41416
1.39696
1.38027
1.36865
1.35736
1.34456
1.3306
1.3175
1.31069
1.30175
1.29002
1.28886
1.2912
1.29397
1.29534
1.2991
1.3137
1.33798
1.36187
1.38877
1.40993
1.42609
1.4442
1.49958
1.60568
1.74784
1.85269
1.88596
1.90186
1.9087
1.90433
1.89739
1.88366
1.86665
1.85652
1.84978
1.84532
1.83807
1.82897
1.8185
1.80386
1.78508
1.76366
1.74456
1.73416
1.72686
1.72036
1.71302
1.70523
1.69677
1.68578
1.66884
1.65119
1.64007
1.63281
1.62768
1.62167
1.61467
1.60774
1.59996
1.59043
1.57667
1.5574
1.54303
1.53525
1.52847
1.52383
1.52004
1.51396
1.50882
1.50225
1.49018
1.47464
1.4659
1.45998
1.4547
1.44899
1.4414
1.43413
1.42536
1.4125
1.39856
1.39026
1.38505
1.37989
1.37736
1.37706
1.37698
1.37658
1.37482
1.37694
1.38291
1.39377
1.43364
2.21459
2.18012
2.14396
2.10357
2.06366
2.02623
1.9841
1.94345
1.90763
1.87089
1.82893
1.79624
1.76616
1.73397
1.69836
1.66923
1.64881
1.62396
1.59991
1.57495
1.55787
1.53795
1.51662
1.49358
1.47455
1.45922
1.44223
1.42577
1.40876
1.39828
1.38633
1.37296
1.3597
1.34832
1.33987
1.32943
1.31612
1.30177
1.30149
1.30006
1.29403
1.2898
1.28812
1.28972
1.297
1.31465
1.34577
1.37931
1.46387
1.65027
1.77247
1.85504
1.8825
1.90575
1.91033
1.91016
1.90015
1.88347
1.86215
1.84408
1.83422
1.82696
1.81954
1.81403
1.80764
1.7957
1.78087
1.76279
1.74006
1.71791
1.70626
1.69852
1.69312
1.68815
1.68157
1.67473
1.66645
1.65347
1.63655
1.61935
1.60672
1.59961
1.59463
1.59042
1.58363
1.57531
1.56636
1.55543
1.54003
1.52319
1.51416
1.50795
1.5018
1.49632
1.48984
1.48393
1.47824
1.47019
1.45699
1.44475
1.43783
1.43372
1.43005
1.42215
1.41389
1.40532
1.39361
1.37892
1.36964
1.36335
1.3573
1.35361
1.35193
1.35006
1.34727
1.34395
1.33798
1.32808
1.31764
1.31422
2.20546
2.17485
2.14224
2.10665
2.07138
2.03495
1.99441
1.95882
1.9257
1.88873
1.84723
1.81703
1.78723
1.75692
1.722
1.69745
1.67494
1.65014
1.62465
1.60149
1.58492
1.56343
1.54189
1.5177
1.49917
1.48276
1.46529
1.4491
1.43447
1.42447
1.41216
1.39983
1.38444
1.37212
1.36316
1.35215
1.33985
1.32472
1.31898
1.31232
1.30207
1.29174
1.28515
1.28378
1.28309
1.28609
1.3113
1.41362
1.62321
1.74243
1.7988
1.83653
1.84502
1.86076
1.86817
1.87158
1.86328
1.84587
1.83206
1.82052
1.81004
1.80011
1.78967
1.78304
1.78235
1.77527
1.75862
1.73929
1.71699
1.6941
1.68098
1.67256
1.66605
1.66239
1.65672
1.65057
1.643
1.63222
1.61934
1.60415
1.58665
1.57531
1.56884
1.5625
1.55544
1.54805
1.54051
1.53267
1.5233
1.50988
1.49579
1.48769
1.48123
1.47413
1.46642
1.45931
1.45341
1.44756
1.43963
1.42748
1.41614
1.40909
1.40298
1.39575
1.38829
1.38106
1.37292
1.36242
1.35295
1.34545
1.33992
1.33631
1.33296
1.3295
1.32567
1.32149
1.31693
1.3102
1.30114
1.28759
2.19657
2.16892
2.13849
2.10619
2.07474
2.04037
2.00193
1.96991
1.93864
1.90235
1.86483
1.83596
1.80607
1.77523
1.74387
1.72339
1.69927
1.67473
1.64584
1.62635
1.60852
1.58626
1.5634
1.53928
1.52401
1.5066
1.48963
1.47188
1.45774
1.44815
1.43524
1.42331
1.40978
1.39886
1.38916
1.37785
1.3656
1.35152
1.34436
1.33549
1.32336
1.30954
1.29661
1.29105
1.296
1.33832
1.46674
1.61473
1.73888
1.74974
1.74788
1.74816
1.75236
1.76041
1.76894
1.78046
1.78575
1.78801
1.78845
1.78534
1.77321
1.76019
1.75178
1.7492
1.74819
1.74227
1.7291
1.71295
1.69625
1.67826
1.66203
1.64867
1.6384
1.6316
1.62667
1.62272
1.6152
1.60702
1.59846
1.58758
1.57274
1.55584
1.54365
1.53599
1.52947
1.5231
1.51688
1.51007
1.50297
1.49436
1.4816
1.46698
1.45754
1.45103
1.44428
1.43741
1.43155
1.42615
1.41947
1.41049
1.39723
1.38479
1.37788
1.37163
1.36531
1.35903
1.35329
1.3481
1.34031
1.33029
1.3219
1.31582
1.31115
1.3068
1.30195
1.29651
1.29249
1.28928
1.28509
1.27422
2.18411
2.15947
2.13199
2.1022
2.07249
2.04137
2.00693
1.97482
1.94562
1.9112
1.87926
1.85164
1.82373
1.79091
1.76419
1.74444
1.72042
1.6953
1.66637
1.64882
1.62822
1.60602
1.58191
1.56116
1.54617
1.52773
1.51089
1.49316
1.48136
1.47044
1.45706
1.44352
1.42771
1.41927
1.41001
1.39958
1.38805
1.3762
1.36783
1.3566
1.34234
1.3267
1.31103
1.31778
1.37476
1.54135
1.68174
1.76146
1.75952
1.74695
1.72801
1.71375
1.70659
1.69924
1.69278
1.69159
1.69131
1.69267
1.69814
1.70692
1.70488
1.69845
1.69812
1.69757
1.69477
1.6908
1.68998
1.68472
1.67399
1.66356
1.64779
1.6298
1.61456
1.60472
1.59887
1.59401
1.58901
1.58205
1.57492
1.56668
1.55562
1.53925
1.52072
1.50945
1.50305
1.4976
1.49276
1.48711
1.48079
1.47375
1.46409
1.45031
1.43585
1.4281
1.42236
1.41626
1.41163
1.40638
1.39778
1.38843
1.37663
1.36273
1.35357
1.34786
1.34273
1.33944
1.33735
1.33254
1.32561
1.3166
1.30615
1.29778
1.29202
1.28685
1.28159
1.27623
1.27253
1.2695
1.26666
1.25988
2.16967
2.14792
2.1238
2.09623
2.06784
2.04
2.00937
1.97785
1.94902
1.91851
1.89043
1.86511
1.83895
1.806
1.78262
1.76199
1.73924
1.71141
1.68608
1.6687
1.64646
1.62404
1.59773
1.5814
1.56607
1.5475
1.53105
1.51305
1.50232
1.4901
1.47685
1.46387
1.44904
1.44001
1.42928
1.41819
1.40505
1.3953
1.38674
1.37415
1.36207
1.3487
1.36012
1.45589
1.61452
1.74892
1.79279
1.78832
1.77061
1.7447
1.71886
1.70588
1.69779
1.68749
1.67394
1.66133
1.65112
1.64279
1.63297
1.62571
1.61943
1.61024
1.61048
1.61288
1.61729
1.62406
1.63141
1.63585
1.63676
1.63297
1.62145
1.60729
1.5947
1.58311
1.57214
1.56515
1.56081
1.55724
1.55097
1.54379
1.53522
1.5206
1.5008
1.48626
1.47855
1.47285
1.46766
1.46285
1.4551
1.44748
1.44128
1.4317
1.4179
1.40787
1.40265
1.39804
1.39387
1.38564
1.37586
1.36603
1.3547
1.3413
1.3318
1.32644
1.32201
1.31908
1.31936
1.31725
1.31017
1.30181
1.28928
1.27717
1.27177
1.26746
1.26273
1.25809
1.25495
1.25252
1.25054
1.24516
2.15111
2.13204
2.11083
2.08677
2.06141
2.03526
2.0072
1.97934
1.95229
1.92326
1.89626
1.87535
1.85183
1.8211
1.79748
1.77625
1.75437
1.72583
1.70486
1.68536
1.6623
1.63841
1.61392
1.60019
1.58314
1.56537
1.54775
1.53238
1.52213
1.50821
1.49518
1.47974
1.46733
1.45893
1.44729
1.43628
1.42178
1.41108
1.40029
1.38862
1.38121
1.40742
1.52545
1.70503
1.7932
1.81958
1.81409
1.79679
1.76882
1.74494
1.72855
1.71406
1.69983
1.68324
1.66418
1.64739
1.63284
1.6201
1.61054
1.60381
1.59393
1.5744
1.55226
1.54017
1.53594
1.53707
1.53993
1.54761
1.55904
1.56885
1.57195
1.56986
1.56195
1.54926
1.53996
1.53455
1.53328
1.53262
1.5262
1.51748
1.50877
1.49674
1.47985
1.46789
1.45953
1.45317
1.44679
1.43872
1.4298
1.41997
1.41143
1.4066
1.39959
1.39073
1.38557
1.38162
1.37548
1.36716
1.35756
1.34688
1.33431
1.32072
1.31151
1.30654
1.30266
1.30101
1.30192
1.3004
1.29364
1.28533
1.27339
1.26013
1.25442
1.25079
1.24679
1.24255
1.23875
1.23548
1.23279
1.22601
2.13657
2.11912
2.09952
2.07856
2.05547
2.03038
2.00461
1.97988
1.95443
1.92809
1.90317
1.88206
1.85909
1.83297
1.81032
1.7898
1.76501
1.73587
1.71744
1.69801
1.67714
1.65096
1.62971
1.61559
1.59719
1.58087
1.56238
1.54972
1.53833
1.52365
1.51115
1.49526
1.4846
1.475
1.46251
1.45038
1.43541
1.42496
1.41374
1.41949
1.47037
1.616
1.77794
1.86106
1.84913
1.82514
1.79989
1.78316
1.76771
1.75492
1.74457
1.72992
1.70942
1.68469
1.66036
1.6406
1.62553
1.61217
1.6005
1.58984
1.57936
1.5659
1.54483
1.52473
1.51014
1.50029
1.49321
1.48838
1.48537
1.48459
1.4877
1.4884
1.48643
1.48757
1.49104
1.49561
1.4946
1.49356
1.48814
1.47954
1.47081
1.46433
1.45723
1.44842
1.44172
1.437
1.42977
1.41958
1.40911
1.39734
1.38543
1.37802
1.37494
1.37108
1.3671
1.36297
1.35748
1.35058
1.34142
1.33
1.31743
1.30476
1.2948
1.28842
1.28443
1.28118
1.27866
1.27762
1.27328
1.26667
1.25872
1.24725
1.23905
1.2357
1.23334
1.22928
1.22456
1.22052
1.21719
1.20994
2.11793
2.10266
2.0851
2.06639
2.04562
2.02235
1.99967
1.97698
1.95326
1.92887
1.90763
1.88654
1.86376
1.83953
1.81852
1.7979
1.77323
1.74656
1.72695
1.70759
1.6867
1.66147
1.64413
1.62877
1.61126
1.59406
1.57553
1.56529
1.55262
1.53896
1.52565
1.51019
1.50112
1.48988
1.47674
1.46299
1.44801
1.43747
1.45089
1.54669
1.71934
1.84547
1.89101
1.87992
1.85056
1.81859
1.79695
1.78451
1.77532
1.76612
1.75317
1.73431
1.70765
1.67734
1.65884
1.64519
1.62997
1.61456
1.60113
1.5889
1.57664
1.56228
1.54285
1.51824
1.49747
1.48516
1.47647
1.46849
1.45907
1.45127
1.44586
1.43867
1.42704
1.41618
1.41497
1.41836
1.42605
1.4339
1.43537
1.43459
1.42825
1.42202
1.4187
1.41457
1.41225
1.41276
1.4103
1.40178
1.39159
1.38
1.36599
1.35427
1.3468
1.34254
1.34022
1.33955
1.33777
1.33339
1.32558
1.313
1.29851
1.28853
1.28053
1.27299
1.26645
1.2626
1.26006
1.25856
1.2547
1.24829
1.24248
1.23647
1.22717
1.21874
1.21378
1.20913
1.20468
1.20146
1.19901
1.19374
2.0964
2.08393
2.06967
2.05292
2.03349
2.01299
1.9928
1.97161
1.94943
1.92828
1.90874
1.8871
1.86412
1.84279
1.82422
1.80258
1.77715
1.7533
1.73593
1.71651
1.69531
1.67118
1.65532
1.63904
1.62282
1.60529
1.58925
1.57853
1.56421
1.55136
1.5369
1.52448
1.51487
1.50142
1.48819
1.47465
1.46705
1.50375
1.62659
1.81044
1.91584
1.92114
1.90778
1.87806
1.84259
1.81366
1.79859
1.78805
1.77834
1.7678
1.75394
1.73535
1.70947
1.67777
1.65518
1.64167
1.62836
1.61512
1.60304
1.59135
1.57797
1.56174
1.54233
1.51885
1.49538
1.47892
1.46686
1.45525
1.44463
1.43512
1.42628
1.41737
1.4096
1.39756
1.38409
1.37335
1.36522
1.36134
1.36054
1.36252
1.36652
1.36539
1.36199
1.36252
1.36731
1.37103
1.37039
1.37007
1.36665
1.35697
1.34594
1.33574
1.3264
1.31933
1.31497
1.31253
1.31149
1.30875
1.3029
1.29337
1.27904
1.26749
1.26263
1.25815
1.25189
1.24604
1.24286
1.2399
1.23682
1.23319
1.22856
1.22308
1.21515
1.20596
1.19899
1.19309
1.18744
1.18266
1.17942
1.17415
2.08363
2.06746
2.05447
2.03959
2.02217
2.0048
1.98566
1.96573
1.945
1.92751
1.90814
1.88785
1.86511
1.8462
1.82602
1.80474
1.78034
1.7608
1.74321
1.72356
1.70147
1.68087
1.66615
1.64876
1.63275
1.61407
1.60156
1.59013
1.57592
1.56346
1.548
1.5374
1.5252
1.51153
1.49849
1.50341
1.56954
1.74936
1.88171
1.96288
1.95812
1.93432
1.89631
1.86222
1.83419
1.81262
1.80148
1.79183
1.781
1.7664
1.7485
1.72741
1.70164
1.67458
1.65603
1.64112
1.62585
1.61061
1.59634
1.58323
1.57095
1.5587
1.54391
1.52493
1.50328
1.48203
1.46477
1.45092
1.43911
1.42832
1.41753
1.40736
1.39658
1.38458
1.37187
1.35806
1.34565
1.33606
1.32968
1.32437
1.31896
1.31259
1.30908
1.30611
1.30377
1.30522
1.30767
1.30977
1.31122
1.31304
1.31433
1.31141
1.3031
1.2951
1.29031
1.28649
1.28399
1.28066
1.2767
1.27199
1.26382
1.2516
1.24157
1.2368
1.23395
1.23
1.22695
1.22418
1.21984
1.21475
1.20941
1.20466
1.20104
1.19547
1.18786
1.17954
1.17125
1.16418
1.16003
1.15508
2.06965
2.0558
2.04154
2.02658
2.01104
1.99462
1.97717
1.95792
1.94058
1.92378
1.90516
1.88492
1.86454
1.84662
1.82601
1.80554
1.7829
1.76659
1.74789
1.72875
1.70641
1.68929
1.67398
1.65723
1.64125
1.62323
1.61215
1.59867
1.5852
1.5716
1.55865
1.5463
1.53391
1.52324
1.54118
1.64354
1.84049
1.97138
1.97681
1.96467
1.94101
1.91572
1.88927
1.86656
1.84494
1.82192
1.80457
1.79004
1.77437
1.75664
1.73747
1.71722
1.69485
1.67139
1.65249
1.63835
1.62486
1.61062
1.5955
1.57956
1.56364
1.54927
1.53641
1.52276
1.50578
1.48672
1.46852
1.452
1.43681
1.42305
1.41147
1.40179
1.39153
1.37982
1.36718
1.3523
1.33618
1.32231
1.31243
1.30604
1.30006
1.29398
1.28776
1.27869
1.26681
1.25778
1.25259
1.25056
1.25098
1.25242
1.25389
1.25384
1.25053
1.24695
1.24829
1.24857
1.24726
1.2469
1.2489
1.24959
1.24616
1.23751
1.22668
1.21723
1.2117
1.20817
1.20719
1.20708
1.2037
1.20004
1.19539
1.18916
1.18471
1.18187
1.17624
1.16713
1.15665
1.14797
1.14297
1.137
2.04672
2.04221
2.02783
2.01291
1.99932
1.98428
1.96757
1.95011
1.93503
1.9178
1.90033
1.87968
1.86344
1.84466
1.82519
1.80354
1.78575
1.76977
1.75042
1.73145
1.71084
1.69714
1.68071
1.66498
1.64771
1.63241
1.6214
1.60673
1.594
1.57942
1.56571
1.55288
1.551
1.59651
1.74799
1.92222
2.0084
1.99933
1.98417
1.96557
1.94115
1.91627
1.89501
1.87069
1.84363
1.81979
1.80105
1.78449
1.76787
1.74978
1.73026
1.71003
1.6895
1.66875
1.64832
1.63011
1.61481
1.6009
1.5873
1.57296
1.55728
1.54118
1.52597
1.51167
1.49706
1.48172
1.46616
1.45128
1.43713
1.42317
1.4079
1.39467
1.38712
1.37988
1.36932
1.35495
1.33887
1.32094
1.30592
1.29666
1.28885
1.28042
1.27188
1.26484
1.25595
1.24482
1.23415
1.2274
1.22226
1.21769
1.21188
1.20546
1.19882
1.19044
1.18574
1.18634
1.18946
1.19381
1.2013
1.21157
1.21667
1.21609
1.20978
1.19837
1.19186
1.18919
1.18639
1.18508
1.18721
1.18788
1.1843
1.1763
1.16931
1.16398
1.15919
1.15315
1.14402
1.13553
1.1299
1.12289
1.93143
2.02573
2.01598
1.99901
1.9859
1.97231
1.956
1.94177
1.92659
1.9107
1.89243
1.87512
1.85994
1.84128
1.82285
1.80157
1.78735
1.76962
1.75203
1.73192
1.71623
1.70322
1.68658
1.67181
1.65311
1.641
1.62813
1.61307
1.59882
1.58572
1.57311
1.5849
1.67036
1.87192
2.00587
2.05427
2.04456
2.01758
1.9847
1.95498
1.92912
1.90371
1.88313
1.86142
1.83853
1.81759
1.79687
1.77588
1.75649
1.73866
1.72135
1.70412
1.68682
1.66875
1.64881
1.62752
1.60808
1.59231
1.57805
1.56362
1.54857
1.53352
1.51942
1.50624
1.49296
1.47943
1.4652
1.45035
1.43563
1.42103
1.4068
1.39344
1.38061
1.37024
1.36194
1.35304
1.34123
1.32581
1.31231
1.30028
1.28796
1.27613
1.26374
1.25157
1.24504
1.23707
1.22594
1.21833
1.21214
1.20506
1.19631
1.18736
1.17853
1.16701
1.15477
1.14921
1.14665
1.14706
1.1492
1.15467
1.16233
1.16631
1.16668
1.16399
1.16018
1.15981
1.15866
1.15829
1.1611
1.16563
1.16564
1.16316
1.15811
1.1506
1.14331
1.13739
1.13217
1.12618
1.12009
1.11307
1.60632
1.94072
2.00406
1.99019
1.97373
1.95852
1.9445
1.93218
1.91773
1.90261
1.88444
1.87106
1.85441
1.83719
1.81672
1.80005
1.78616
1.76837
1.75171
1.73241
1.72118
1.70685
1.69186
1.6755
1.65885
1.64822
1.63282
1.61867
1.60418
1.59477
1.6278
1.77185
1.9544
2.0947
2.09257
2.06892
2.02506
1.9881
1.95848
1.93458
1.91439
1.89456
1.8747
1.85614
1.83784
1.81705
1.79334
1.76976
1.74712
1.72607
1.71033
1.69614
1.68133
1.66577
1.64841
1.62742
1.60545
1.58837
1.5739
1.55861
1.54167
1.52413
1.5073
1.49195
1.48155
1.47301
1.46222
1.449
1.43538
1.42084
1.40453
1.38896
1.37523
1.36305
1.35187
1.33966
1.32774
1.32044
1.31307
1.30327
1.2925
1.28132
1.26678
1.24818
1.23342
1.22686
1.22192
1.21538
1.20737
1.19833
1.18868
1.17861
1.16785
1.155
1.14332
1.13693
1.13084
1.12685
1.12401
1.12212
1.12148
1.11947
1.11659
1.11359
1.11061
1.11192
1.11578
1.12005
1.12557
1.13332
1.13984
1.14045
1.13934
1.13452
1.12761
1.12176
1.11575
1.1115
1.11081
1.1078
1.14904
1.67651
1.9338
1.98136
1.96751
1.94646
1.93281
1.92103
1.90858
1.89273
1.87804
1.86515
1.84877
1.83206
1.8119
1.79935
1.78333
1.76731
1.74929
1.73433
1.72365
1.70824
1.69412
1.67649
1.6636
1.65117
1.63644
1.62193
1.62663
1.69649
1.87792
2.04706
2.11826
2.11068
2.08363
2.04657
2.00849
1.97242
1.94582
1.92699
1.90832
1.88938
1.87067
1.85195
1.83263
1.81045
1.78245
1.75428
1.7332
1.71698
1.70391
1.69167
1.67776
1.66149
1.64346
1.62264
1.59954
1.58073
1.56755
1.55471
1.53969
1.52329
1.50537
1.48447
1.46607
1.45552
1.4484
1.44194
1.43362
1.42193
1.40833
1.39336
1.3763
1.35976
1.34564
1.33306
1.32022
1.30839
1.30085
1.2952
1.28907
1.28078
1.26899
1.25282
1.23279
1.2205
1.2145
1.20984
1.20474
1.19687
1.18658
1.17476
1.16158
1.14667
1.13474
1.12782
1.12163
1.11757
1.11471
1.11215
1.10778
1.10207
1.09578
1.08726
1.07647
1.07132
1.07171
1.07496
1.08007
1.08631
1.09755
1.10272
1.10261
1.10165
1.09908
1.09806
1.09604
1.09216
1.09162
1.09173
1.00572
1.21747
1.72124
1.91951
1.95836
1.94172
1.92303
1.91014
1.89784
1.88276
1.87194
1.85814
1.84331
1.82422
1.80865
1.79628
1.77966
1.76515
1.74688
1.73675
1.72415
1.70953
1.69391
1.67821
1.66553
1.65305
1.64383
1.66875
1.79479
1.99837
2.11077
2.12704
2.11473
2.08805
2.05883
2.03032
2.00594
1.9784
1.9473
1.92202
1.90019
1.87895
1.85946
1.84128
1.82221
1.79862
1.76833
1.74011
1.72226
1.70898
1.69645
1.68352
1.66932
1.65358
1.63632
1.61718
1.59653
1.57635
1.55965
1.54645
1.53316
1.51922
1.50377
1.48469
1.46341
1.44632
1.43385
1.42342
1.4154
1.40916
1.40248
1.39216
1.37777
1.36187
1.34585
1.32969
1.31373
1.30093
1.29159
1.28357
1.27612
1.26913
1.26256
1.25415
1.23985
1.22199
1.21024
1.20346
1.19679
1.18971
1.18272
1.17392
1.16195
1.14492
1.12714
1.11889
1.11505
1.11135
1.10835
1.10498
1.10028
1.09509
1.08868
1.07796
1.0635
1.05634
1.05393
1.05234
1.05052
1.05042
1.05244
1.05513
1.05575
1.05474
1.05455
1.05778
1.06217
1.06398
1.06828
1.07487
1.00004
1.01221
1.28058
1.74525
1.9057
1.93359
1.92033
1.90453
1.8875
1.87456
1.86352
1.84997
1.83571
1.81721
1.80613
1.79167
1.77671
1.76025
1.74544
1.7367
1.72291
1.7095
1.69261
1.67882
1.66581
1.66741
1.72603
1.91672
2.09801
2.16007
2.15236
2.13237
2.10194
2.07172
2.04495
2.02277
2.00013
1.97065
1.93737
1.90999
1.88667
1.86469
1.84543
1.82798
1.81026
1.78859
1.76013
1.73329
1.71529
1.70113
1.68792
1.67407
1.65792
1.63922
1.62039
1.60413
1.58925
1.57308
1.55539
1.53778
1.52132
1.50673
1.49392
1.48079
1.46457
1.44532
1.4267
1.41206
1.40095
1.3915
1.38314
1.37552
1.3675
1.35702
1.3429
1.32564
1.30816
1.29562
1.28646
1.27784
1.26901
1.26005
1.25151
1.24324
1.2331
1.21899
1.20772
1.20107
1.19431
1.18617
1.1779
1.17015
1.16232
1.15031
1.13171
1.11689
1.10987
1.10571
1.10237
1.10015
1.09665
1.09195
1.08529
1.0746
1.05838
1.04776
1.04346
1.04069
1.03875
1.03758
1.03521
1.03233
1.02897
1.02389
1.01568
1.01244
1.01559
1.02251
1.03072
1.04792
1
1.00012
1.02168
1.33249
1.75391
1.88707
1.91373
1.90213
1.88057
1.86757
1.85549
1.84301
1.82597
1.81118
1.80115
1.78634
1.77294
1.75538
1.74545
1.73499
1.72072
1.70583
1.69124
1.68036
1.69885
1.81366
2.01659
2.1797
2.18998
2.16023
2.13146
2.10545
2.07707
2.05197
2.02929
2.00812
1.9841
1.9539
1.92221
1.89567
1.87353
1.85328
1.83444
1.81697
1.79936
1.77922
1.75533
1.731
1.71072
1.69407
1.67865
1.66296
1.64616
1.62792
1.6093
1.59235
1.57825
1.56556
1.55044
1.53197
1.513
1.49603
1.48186
1.46893
1.45539
1.43951
1.42117
1.40372
1.39042
1.38018
1.37059
1.36149
1.35256
1.34274
1.33107
1.31649
1.30005
1.28746
1.27931
1.27226
1.26457
1.25576
1.2464
1.23549
1.22142
1.20853
1.2025
1.19747
1.19113
1.1835
1.1755
1.16733
1.15718
1.14441
1.13128
1.12035
1.11363
1.10759
1.10217
1.09837
1.09521
1.09199
1.08724
1.07694
1.05937
1.04589
1.03987
1.03553
1.03228
1.02976
1.02695
1.0241
1.02075
1.01544
1.00393
0.990394
0.986717
0.987797
0.990202
1.00375
1
1
1.00027
1.03298
1.3687
1.7453
1.87781
1.89593
1.87937
1.86196
1.84898
1.83582
1.81785
1.80705
1.79481
1.78109
1.76607
1.75157
1.74401
1.73109
1.71785
1.70084
1.69803
1.74899
1.93359
2.11347
2.22322
2.22646
2.20226
2.15364
2.11007
2.07738
2.05439
2.03398
2.01418
1.99213
1.96639
1.93829
1.91164
1.8882
1.8667
1.84637
1.82652
1.80643
1.7854
1.76344
1.74155
1.72068
1.70167
1.68442
1.66797
1.65172
1.63578
1.62015
1.60416
1.5865
1.56665
1.54673
1.53004
1.51606
1.502
1.48823
1.47539
1.46184
1.44703
1.4305
1.41139
1.3926
1.3804
1.37234
1.3632
1.35333
1.34475
1.33595
1.32557
1.3111
1.29181
1.27911
1.27284
1.26762
1.26067
1.25094
1.2408
1.23121
1.21984
1.20486
1.19372
1.18882
1.18422
1.1789
1.17321
1.16682
1.15761
1.14251
1.12952
1.12311
1.11666
1.11022
1.105
1.10083
1.09675
1.09178
1.08488
1.07356
1.05682
1.04481
1.0385
1.03346
1.02991
1.02711
1.02448
1.02183
1.01838
1.01262
1.00103
0.987281
0.981737
0.979764
0.978078
0.978594
1
1
1
1.0005
1.04462
1.38436
1.74883
1.86663
1.87241
1.85973
1.84597
1.8273
1.81149
1.80176
1.78827
1.77536
1.75929
1.74825
1.73946
1.72739
1.71467
1.72294
1.82996
2.04956
2.21473
2.24144
2.22361
2.19828
2.16311
2.12446
2.09322
2.06598
2.04175
2.01966
1.9984
1.97596
1.95043
1.92366
1.89984
1.87806
1.85671
1.83552
1.81352
1.79076
1.76789
1.74555
1.7252
1.7068
1.68943
1.67238
1.65526
1.63828
1.62253
1.60892
1.59581
1.57997
1.55962
1.53624
1.51498
1.49828
1.48512
1.47425
1.46419
1.45331
1.441
1.42664
1.40824
1.38734
1.37004
1.36265
1.36005
1.357
1.35014
1.33962
1.32675
1.31207
1.29568
1.27957
1.26638
1.25863
1.25389
1.25042
1.24515
1.23729
1.2253
1.20881
1.19495
1.18804
1.1829
1.17663
1.16941
1.16201
1.15409
1.14345
1.12758
1.11606
1.11123
1.10703
1.10266
1.09857
1.09463
1.09018
1.08449
1.07634
1.0656
1.055
1.04755
1.04168
1.0372
1.03385
1.03099
1.02799
1.02391
1.01721
1.00482
0.989183
0.981095
0.976884
0.974321
0.970654
1
1
1
1
1.00081
1.05321
1.39337
1.75529
1.83802
1.85156
1.84361
1.82125
1.80594
1.79549
1.78315
1.76984
1.75557
1.74453
1.73367
1.72916
1.76945
1.94304
2.16186
2.26041
2.27571
2.25883
2.21735
2.17281
2.13489
2.10456
2.08032
2.05633
2.03249
2.00879
1.98459
1.95946
1.93289
1.9066
1.88353
1.86289
1.84291
1.82219
1.79892
1.77329
1.7488
1.72803
1.71044
1.69435
1.67836
1.66156
1.64392
1.62601
1.60846
1.59212
1.57755
1.56251
1.54416
1.52387
1.50549
1.49027
1.47724
1.46583
1.45504
1.44281
1.42853
1.41409
1.40023
1.38552
1.37105
1.3609
1.35321
1.34532
1.33607
1.32597
1.31494
1.30309
1.29227
1.28004
1.26686
1.25737
1.25034
1.24319
1.23591
1.22872
1.21942
1.2064
1.19226
1.18565
1.18158
1.17664
1.17051
1.16385
1.15681
1.14635
1.12671
1.11367
1.11046
1.10808
1.10481
1.10116
1.09791
1.09453
1.08994
1.08129
1.06491
1.05006
1.04195
1.0365
1.03256
1.02958
1.02695
1.02403
1.01954
1.01105
0.996491
0.981976
0.976326
0.973211
0.971098
0.966645
1
1
1
1
1
1.00112
1.0575
1.41431
1.73391
1.81257
1.83529
1.82125
1.80244
1.79037
1.78037
1.76814
1.75316
1.73943
1.74269
1.83087
2.08485
2.25783
2.29391
2.26745
2.24867
2.22679
2.19512
2.15918
2.1265
2.09724
2.0696
2.043
2.01755
1.99197
1.96649
1.9408
1.91409
1.88814
1.8656
1.8452
1.82534
1.80511
1.78233
1.75684
1.73237
1.7115
1.69486
1.68091
1.66667
1.65026
1.63207
1.61384
1.59668
1.58035
1.56466
1.54848
1.52987
1.51179
1.49805
1.48582
1.47311
1.45996
1.44779
1.43707
1.42581
1.41167
1.39652
1.38469
1.37575
1.36445
1.35074
1.33882
1.32895
1.31986
1.31144
1.30256
1.29135
1.2778
1.26507
1.25568
1.24773
1.23972
1.23219
1.22524
1.21835
1.20907
1.19568
1.18569
1.18015
1.17483
1.16868
1.16209
1.15487
1.1449
1.12936
1.11562
1.11101
1.10755
1.10364
1.10055
1.09785
1.09457
1.08969
1.08041
1.06387
1.04859
1.04017
1.03496
1.03128
1.0285
1.02611
1.02344
1.01905
1.00997
0.993977
0.979586
0.974391
0.971358
0.969105
0.964592
1
1
1
1
1
1
1.00135
1.06554
1.4176
1.69501
1.79735
1.82044
1.80536
1.7908
1.78062
1.76473
1.74897
1.7608
1.92266
2.18499
2.33645
2.3412
2.31555
2.2634
2.21867
2.18671
2.16265
2.13934
2.11386
2.08456
2.05396
2.02525
1.99876
1.97175
1.94495
1.91873
1.89248
1.86798
1.84706
1.82802
1.80889
1.78891
1.76739
1.74423
1.72134
1.70017
1.68171
1.66634
1.65242
1.63767
1.62102
1.6035
1.58709
1.57188
1.55692
1.54196
1.52961
1.52049
1.50757
1.49178
1.47641
1.46185
1.44714
1.43366
1.42366
1.41643
1.40799
1.39366
1.37159
1.35563
1.35016
1.34446
1.33742
1.3303
1.32276
1.31344
1.30155
1.28766
1.27397
1.26334
1.25494
1.24731
1.24063
1.23451
1.22788
1.21851
1.20444
1.19179
1.18476
1.17915
1.17336
1.16739
1.16107
1.1532
1.14051
1.12474
1.11691
1.1121
1.10798
1.10525
1.10266
1.09933
1.09454
1.08593
1.07064
1.05559
1.04742
1.04248
1.03878
1.03593
1.03345
1.03054
1.02558
1.01517
0.998736
0.986888
0.981636
0.97793
0.97511
0.970056
1
1
1
1
1
1
1.00001
1.00163
1.06949
1.37803
1.67242
1.79392
1.80615
1.79453
1.77935
1.75796
1.78675
2.02353
2.29543
2.35469
2.32525
2.30098
2.27653
2.2425
2.20149
2.16496
2.13674
2.11333
2.08985
2.06239
2.03251
2.00454
1.97854
1.95165
1.92452
1.89874
1.87422
1.85248
1.83363
1.81535
1.79558
1.77507
1.75438
1.73427
1.71516
1.6975
1.68084
1.6639
1.6464
1.62895
1.61174
1.59534
1.58072
1.56772
1.55556
1.54386
1.53127
1.51418
1.49477
1.4775
1.4632
1.45203
1.44318
1.43496
1.4265
1.41614
1.40221
1.38491
1.36706
1.35397
1.34378
1.33525
1.32796
1.32116
1.31381
1.30494
1.29406
1.28111
1.26711
1.25513
1.2461
1.239
1.23311
1.2273
1.22052
1.21092
1.19693
1.18366
1.17573
1.16994
1.16447
1.15921
1.15388
1.14703
1.13542
1.1194
1.10971
1.10499
1.10127
1.09845
1.09574
1.09237
1.08754
1.079
1.06406
1.04941
1.04156
1.03676
1.03313
1.03025
1.02768
1.02467
1.01969
1.00957
0.99424
0.983143
0.977969
0.97431
0.971477
0.966258
1
1
1
1
1
1
1
1.00001
1.0017
1.05761
1.33364
1.67206
1.77719
1.78088
1.77734
1.8323
2.09962
2.36309
2.4145
2.38685
2.31923
2.26719
2.23578
2.21103
2.18088
2.14825
2.11712
2.09012
2.06558
2.03872
2.01141
1.98602
1.96118
1.93612
1.91023
1.88528
1.86182
1.83989
1.81997
1.80267
1.78536
1.76663
1.74584
1.72667
1.71119
1.69528
1.67681
1.65764
1.63995
1.62314
1.60687
1.59165
1.57806
1.56577
1.55405
1.542
1.52766
1.50921
1.48932
1.47267
1.46062
1.45099
1.44206
1.43352
1.42456
1.4136
1.39985
1.38331
1.36625
1.35185
1.34101
1.33275
1.32572
1.31884
1.3113
1.30247
1.29191
1.27923
1.2652
1.25289
1.24388
1.23733
1.23173
1.22577
1.2185
1.20847
1.19447
1.18117
1.17314
1.16748
1.16232
1.15737
1.15222
1.14551
1.13425
1.11825
1.10793
1.10311
1.09974
1.09705
1.09429
1.09085
1.08592
1.07727
1.06239
1.04795
1.04023
1.03559
1.03205
1.0291
1.02641
1.02328
1.01821
1.00833
0.993662
0.982803
0.977772
0.974143
0.971268
0.966004
1
1
1
1
1
1
1
1
1.00001
1.00133
1.04193
1.33707
1.65874
1.72528
1.871
2.17874
2.369
2.39083
2.36271
2.34254
2.30543
2.26199
2.22177
2.19063
2.16416
2.13974
2.11402
2.08483
2.055
2.0255
1.99886
1.97488
1.95199
1.93115
1.91264
1.89276
1.86949
1.84576
1.82338
1.8008
1.77818
1.75962
1.74759
1.73684
1.72309
1.70557
1.68413
1.66295
1.64507
1.62942
1.61476
1.60093
1.58801
1.57552
1.56281
1.54938
1.53414
1.51615
1.4974
1.48191
1.46989
1.45977
1.45077
1.44224
1.4332
1.42245
1.40867
1.39141
1.37332
1.35917
1.34947
1.34173
1.33441
1.32683
1.31869
1.30966
1.29914
1.28649
1.27242
1.26015
1.25162
1.24547
1.23979
1.23347
1.22572
1.21531
1.20111
1.18744
1.17939
1.17405
1.16915
1.16427
1.15905
1.15221
1.14082
1.12454
1.1137
1.10912
1.10609
1.10338
1.10035
1.09653
1.0913
1.08262
1.06805
1.05359
1.04591
1.04135
1.03761
1.03432
1.03144
1.02836
1.02369
1.01464
1.00031
0.989319
0.984399
0.980607
0.977606
0.972279
1
1
1
1
1
1
1
1
1
1.00001
1.00089
1.04874
1.36398
1.73822
2.20131
2.54054
2.5959
2.46671
2.35503
2.31063
2.28566
2.251
2.21191
2.17874
2.15231
2.1293
2.10446
2.07628
2.0461
2.01776
1.99307
1.97124
1.95084
1.93098
1.90915
1.88388
1.85813
1.83343
1.81036
1.78971
1.77304
1.75959
1.74582
1.73021
1.71365
1.69432
1.6721
1.65055
1.63271
1.61728
1.60281
1.58945
1.57735
1.56553
1.55276
1.53855
1.52244
1.5043
1.48658
1.47208
1.46017
1.44977
1.44046
1.43176
1.42272
1.41204
1.39837
1.38126
1.36315
1.34895
1.33924
1.33146
1.32404
1.31642
1.30839
1.29961
1.28941
1.27701
1.26298
1.25035
1.24158
1.23566
1.23038
1.22436
1.21686
1.20672
1.19276
1.17877
1.17017
1.16469
1.15988
1.15517
1.1502
1.14379
1.1331
1.11753
1.10535
1.09994
1.09726
1.09497
1.09223
1.08862
1.08362
1.07517
1.06069
1.04573
1.03783
1.03362
1.03015
1.02698
1.02415
1.02115
1.01648
1.00734
0.992536
0.981887
0.977482
0.973797
0.970875
0.965717
)
;

boundaryField
{
    inlet
    {
        type            fixedValue;
        value           uniform 1;
    }
    outlet
    {
        type            inletOutlet;
        inletValue      uniform 1;
        value           nonuniform List<scalar> 
40
(
2.12426
2.10137
2.03921
1.95047
1.87454
1.82292
1.79944
1.78962
1.7822
1.75551
1.69586
1.5961
1.42933
1.31295
1.2867
1.27319
1.2599
1.2453
1.22568
1.20956
1.19351
1.17436
1.15571
1.13733
1.12296
1.113
1.10809
1.09284
1.07594
1.0491
1.00482
0.979237
0.971043
0.967021
0.964967
0.970495
0.966704
0.96646
0.972745
0.966199
)
;
    }
    bottom
    {
        type            symmetryPlane;
    }
    top
    {
        type            symmetryPlane;
    }
    obstacle
    {
        type            zeroGradient;
    }
    defaultFaces
    {
        type            empty;
    }
}


// ************************************************************************* //
