/*--------------------------------*- C++ -*----------------------------------*\
  =========                 |
  \\      /  F ield         | OpenFOAM: The Open Source CFD Toolbox
   \\    /   O peration     | Website:  https://openfoam.org
    \\  /    A nd           | Version:  9
     \\/     M anipulation  |
\*---------------------------------------------------------------------------*/
FoamFile
{
    format      ascii;
    class       volScalarField;
    location    "42.6";
    object      p;
}
// * * * * * * * * * * * * * * * * * * * * * * * * * * * * * * * * * * * * * //

dimensions      [0 2 -2 0 0 0 0];

internalField   nonuniform List<scalar> 
8500
(
-0.286927
-0.291141
-0.291977
-0.293725
-0.295811
-0.296058
-0.299813
-0.296189
-0.302363
-0.295049
-0.287192
-0.291344
-0.292174
-0.293891
-0.29601
-0.296153
-0.30011
-0.296125
-0.302776
-0.294936
-0.287714
-0.291746
-0.292562
-0.294215
-0.296398
-0.29633
-0.300696
-0.295979
-0.303598
-0.294708
-0.288482
-0.292335
-0.293128
-0.294682
-0.29696
-0.296571
-0.30155
-0.295723
-0.304816
-0.294362
-0.289476
-0.293097
-0.293852
-0.295269
-0.29767
-0.296848
-0.302637
-0.295319
-0.306407
-0.293893
-0.290673
-0.294011
-0.294714
-0.295951
-0.298493
-0.297137
-0.303905
-0.294733
-0.30833
-0.293284
-0.292047
-0.295058
-0.295686
-0.296697
-0.299386
-0.297413
-0.305277
-0.293934
-0.31053
-0.292475
-0.293573
-0.296216
-0.296741
-0.29748
-0.300295
-0.297663
-0.306659
-0.292911
-0.312914
-0.291457
-0.295223
-0.297463
-0.29785
-0.298274
-0.301165
-0.297884
-0.307933
-0.291738
-0.315045
-0.290437
-0.296975
-0.29878
-0.298985
-0.299057
-0.301939
-0.29809
-0.308883
-0.290642
-0.316844
-0.289043
-0.29881
-0.300152
-0.300122
-0.299814
-0.302558
-0.298368
-0.309375
-0.28952
-0.318271
-0.287427
-0.300714
-0.301568
-0.301242
-0.300537
-0.302919
-0.298764
-0.309422
-0.288442
-0.318919
-0.286067
-0.302682
-0.303021
-0.302333
-0.301242
-0.303044
-0.299147
-0.309022
-0.28773
-0.318241
-0.285519
-0.304716
-0.304511
-0.303387
-0.301908
-0.302989
-0.299466
-0.308112
-0.287545
-0.315843
-0.285812
-0.306828
-0.306046
-0.304417
-0.302516
-0.3028
-0.2997
-0.306752
-0.28781
-0.311706
-0.286143
-0.309045
-0.307633
-0.30546
-0.303071
-0.302529
-0.299656
-0.305068
-0.288157
-0.306329
-0.285415
-0.311399
-0.309292
-0.306543
-0.303603
-0.30225
-0.299297
-0.303149
-0.288198
-0.300356
-0.283107
-0.313932
-0.311055
-0.307703
-0.304153
-0.302025
-0.298642
-0.300962
-0.28774
-0.294044
-0.279235
-0.316692
-0.312958
-0.308983
-0.304758
-0.301859
-0.297801
-0.298417
-0.286708
-0.287324
-0.274218
-0.319735
-0.315041
-0.310433
-0.305442
-0.301712
-0.296896
-0.295492
-0.284963
-0.280239
-0.268837
-0.323117
-0.317353
-0.312105
-0.306207
-0.301558
-0.295965
-0.29226
-0.282278
-0.273408
-0.263579
-0.326881
-0.319964
-0.314037
-0.307037
-0.30143
-0.294947
-0.288804
-0.278599
-0.267276
-0.257055
-0.331102
-0.322925
-0.316235
-0.307943
-0.301383
-0.293723
-0.285156
-0.274192
-0.261121
-0.250312
-0.335844
-0.326301
-0.318662
-0.309005
-0.301414
-0.292183
-0.281315
-0.269194
-0.254965
-0.243523
-0.341169
-0.330144
-0.321266
-0.310354
-0.301433
-0.290271
-0.277234
-0.263803
-0.248695
-0.236645
-0.347145
-0.334465
-0.324051
-0.312064
-0.301318
-0.287957
-0.272892
-0.258113
-0.242286
-0.229743
-0.353844
-0.339217
-0.32713
-0.314061
-0.300967
-0.285238
-0.268272
-0.252186
-0.235741
-0.22275
-0.361339
-0.344303
-0.330705
-0.316142
-0.300305
-0.282117
-0.263366
-0.246046
-0.229044
-0.215665
-0.369671
-0.349618
-0.334961
-0.318089
-0.299261
-0.2786
-0.258165
-0.239693
-0.222191
-0.208448
-0.378815
-0.355102
-0.339942
-0.319751
-0.297765
-0.274679
-0.252658
-0.233119
-0.215164
-0.201079
-0.388655
-0.360767
-0.345466
-0.321029
-0.295755
-0.270335
-0.246828
-0.226305
-0.207945
-0.193532
-0.398966
-0.366691
-0.351147
-0.321848
-0.293176
-0.26554
-0.240652
-0.219229
-0.20051
-0.185784
-0.409417
-0.37297
-0.356498
-0.322116
-0.289985
-0.260258
-0.234102
-0.211867
-0.192836
-0.177815
-0.419688
-0.379668
-0.361059
-0.321721
-0.286144
-0.25445
-0.227146
-0.204193
-0.184901
-0.169607
-0.429476
-0.386749
-0.364478
-0.32053
-0.281609
-0.248082
-0.219751
-0.196176
-0.176684
-0.161141
-0.438524
-0.394042
-0.366534
-0.318407
-0.276336
-0.241121
-0.211885
-0.187789
-0.168163
-0.152401
-0.44663
-0.401221
-0.367123
-0.315226
-0.270273
-0.233535
-0.203517
-0.179008
-0.159317
-0.143373
-0.453632
-0.407831
-0.366231
-0.310887
-0.263366
-0.225288
-0.194619
-0.16981
-0.15013
-0.134052
-0.459403
-0.413347
-0.363886
-0.305321
-0.255562
-0.216349
-0.185166
-0.160174
-0.140585
-0.124447
-0.463835
-0.41729
-0.360069
-0.29848
-0.246813
-0.206683
-0.175136
-0.150081
-0.130671
-0.114583
-0.466828
-0.419327
-0.35466
-0.290319
-0.237076
-0.196261
-0.164508
-0.139516
-0.120376
-0.104477
-0.468273
-0.419179
-0.347565
-0.280794
-0.226316
-0.18506
-0.153268
-0.128464
-0.109692
-0.0941071
-0.46804
-0.416644
-0.338723
-0.269867
-0.214505
-0.17306
-0.141402
-0.116913
-0.0986282
-0.0834116
-0.465973
-0.411586
-0.328089
-0.257513
-0.201624
-0.160246
-0.128897
-0.104852
-0.0872276
-0.0723109
-0.461884
-0.403914
-0.315613
-0.243732
-0.18766
-0.146604
-0.115741
-0.0922856
-0.0755365
-0.060782
-0.455566
-0.393571
-0.301257
-0.228528
-0.172599
-0.132129
-0.101941
-0.0792512
-0.0635299
-0.0489578
-0.446804
-0.380521
-0.285
-0.2119
-0.156426
-0.116845
-0.0875371
-0.0658304
-0.0510956
-0.0369299
-0.435386
-0.364747
-0.266834
-0.193845
-0.13915
-0.100814
-0.0725925
-0.0520011
-0.0382419
-0.0247043
-0.421119
-0.346248
-0.246753
-0.174385
-0.120855
-0.0840949
-0.0570652
-0.0377731
-0.0250152
-0.0122876
-0.403842
-0.325043
-0.224746
-0.153607
-0.101693
-0.0665887
-0.0409961
-0.0231599
-0.0114633
0.000306757
-0.383439
-0.301189
-0.200812
-0.131662
-0.0816046
-0.0483509
-0.0244255
-0.00818589
0.00237097
0.013052
-0.359842
-0.274815
-0.175036
-0.108524
-0.0606337
-0.0294411
-0.00739707
0.0071163
0.0164462
0.0259116
-0.333039
-0.246089
-0.147606
-0.0841074
-0.0388388
-0.00992528
0.0100415
0.0227071
0.0307226
0.0388413
-0.303079
-0.21504
-0.118659
-0.0585294
-0.0162871
0.0101262
0.0278359
0.0385424
0.0451636
0.0517964
-0.270081
-0.181407
-0.0885867
-0.0319337
0.00694699
0.0306385
0.0459256
0.0545769
0.0597379
0.0647334
-0.234221
-0.145496
-0.0573392
-0.00447021
0.0307769
0.0515315
0.0642457
0.0707692
0.0744135
0.0775818
-0.195599
-0.107716
-0.0249686
0.0237148
0.0551026
0.0727202
0.082731
0.0870852
0.0891347
0.0901679
-0.154181
-0.0686973
0.00839546
0.0524786
0.0798131
0.0941149
0.101319
0.103492
0.103789
0.102156
-0.110452
-0.0286008
0.0425735
0.0816786
0.104789
0.115623
0.11995
0.119929
0.118202
0.113256
-0.0647713
0.0123825
0.0773613
0.111166
0.129904
0.137148
0.138555
0.136287
0.132211
0.123786
-0.0175182
0.0540157
0.112539
0.140783
0.155028
0.158594
0.15705
0.152425
0.145763
0.135064
0.0309051
0.096035
0.147878
0.170366
0.180028
0.17986
0.175337
0.168231
0.15906
0.146872
0.0800796
0.138159
0.183144
0.199747
0.204767
0.20084
0.193323
0.183675
0.172151
0.158722
0.129575
0.180095
0.218098
0.22875
0.229107
0.221425
0.21091
0.198708
0.184981
0.170439
0.178952
0.221545
0.252504
0.257199
0.252911
0.241506
0.228011
0.213285
0.197478
0.181839
0.227772
0.262207
0.286124
0.284918
0.27604
0.260972
0.24454
0.227348
0.209575
0.192828
0.275598
0.301783
0.318728
0.311731
0.298358
0.279714
0.260414
0.240835
0.221203
0.203326
0.322001
0.339979
0.350088
0.337467
0.31973
0.297626
0.275549
0.253683
0.2323
0.213273
0.366559
0.376517
0.379985
0.361957
0.340026
0.314605
0.289868
0.265827
0.242804
0.222621
0.408865
0.411136
0.408212
0.385041
0.35912
0.330551
0.303292
0.277207
0.252659
0.231326
0.448542
0.44358
0.43457
0.406562
0.376894
0.345372
0.31575
0.287764
0.261809
0.23935
0.485291
0.473559
0.45887
0.426376
0.393234
0.358979
0.327173
0.297443
0.270203
0.246659
0.518816
0.500818
0.480936
0.444346
0.408037
0.37129
0.337498
0.30619
0.277793
0.253223
0.548826
0.525139
0.500608
0.460349
0.421208
0.382232
0.346665
0.313958
0.284536
0.259016
0.575059
0.546338
0.517744
0.474276
0.43266
0.391738
0.354624
0.320702
0.290392
0.264015
0.597282
0.564253
0.532218
0.486031
0.442321
0.39975
0.361328
0.326383
0.295327
0.268204
0.615301
0.57875
0.543925
0.495534
0.450126
0.40622
0.366739
0.330969
0.29931
0.271567
0.628956
0.589719
0.552781
0.502718
0.456026
0.411107
0.370825
0.334432
0.302318
0.274097
0.638127
0.597078
0.558722
0.507536
0.45998
0.414382
0.373563
0.336753
0.304334
0.275786
0.642733
0.600771
0.561702
0.509953
0.461964
0.416025
0.374936
0.337917
0.305346
0.276631
0.642733
0.600771
0.561702
0.509953
0.461964
0.416025
0.374936
0.337917
0.305346
0.276631
0.638127
0.597078
0.558721
0.507536
0.45998
0.414382
0.373563
0.336753
0.304334
0.275786
0.628956
0.589719
0.552781
0.502718
0.456026
0.411107
0.370825
0.334432
0.302318
0.274097
0.615301
0.57875
0.543925
0.495534
0.450126
0.40622
0.366739
0.330969
0.29931
0.271567
0.597282
0.564253
0.532218
0.486031
0.442321
0.39975
0.361328
0.326383
0.295327
0.268204
0.575059
0.546338
0.517744
0.474276
0.43266
0.391738
0.354624
0.320702
0.290392
0.264015
0.548826
0.525139
0.500608
0.460349
0.421208
0.382232
0.346665
0.313958
0.284536
0.259016
0.518816
0.500818
0.480936
0.444346
0.408037
0.37129
0.337498
0.30619
0.277793
0.253223
0.485291
0.473559
0.45887
0.426376
0.393234
0.358979
0.327173
0.297443
0.270203
0.246659
0.448542
0.44358
0.43457
0.406562
0.376894
0.345372
0.31575
0.287764
0.261809
0.23935
0.408865
0.411136
0.408212
0.385041
0.35912
0.330551
0.303292
0.277207
0.252659
0.231326
0.366559
0.376517
0.379985
0.361957
0.340026
0.314605
0.289868
0.265827
0.242804
0.222621
0.322001
0.339979
0.350088
0.337467
0.31973
0.297626
0.275549
0.253683
0.2323
0.213273
0.275598
0.301782
0.318728
0.311731
0.298358
0.279714
0.260414
0.240835
0.221203
0.203326
0.227772
0.262207
0.286124
0.284918
0.27604
0.260972
0.24454
0.227348
0.209575
0.192828
0.178952
0.221545
0.252504
0.257199
0.252911
0.241506
0.228011
0.213285
0.197478
0.181839
0.129575
0.180095
0.218098
0.22875
0.229107
0.221425
0.21091
0.198708
0.184981
0.170439
0.0800796
0.138159
0.183143
0.199747
0.204767
0.20084
0.193323
0.183675
0.172151
0.158722
0.030905
0.096035
0.147878
0.170366
0.180028
0.17986
0.175337
0.168231
0.15906
0.146872
-0.0175183
0.0540157
0.112539
0.140783
0.155028
0.158594
0.15705
0.152425
0.145763
0.135064
-0.0647713
0.0123825
0.0773612
0.111166
0.129904
0.137148
0.138555
0.136287
0.132211
0.123786
-0.110452
-0.0286009
0.0425735
0.0816786
0.104789
0.115623
0.11995
0.119929
0.118202
0.113256
-0.154181
-0.0686973
0.00839545
0.0524786
0.0798131
0.0941149
0.101319
0.103492
0.103789
0.102156
-0.195599
-0.107716
-0.0249686
0.0237147
0.0551026
0.0727202
0.082731
0.0870852
0.0891347
0.090168
-0.234221
-0.145496
-0.0573392
-0.00447021
0.0307769
0.0515315
0.0642457
0.0707692
0.0744135
0.0775818
-0.270081
-0.181407
-0.0885867
-0.0319337
0.006947
0.0306385
0.0459256
0.0545769
0.0597379
0.0647334
-0.303079
-0.21504
-0.118659
-0.0585294
-0.0162871
0.0101262
0.0278359
0.0385424
0.0451636
0.0517964
-0.333039
-0.246089
-0.147606
-0.0841074
-0.0388387
-0.00992527
0.0100415
0.0227071
0.0307226
0.0388413
-0.359842
-0.274815
-0.175036
-0.108524
-0.0606337
-0.029441
-0.00739707
0.00711631
0.0164462
0.0259116
-0.383439
-0.301189
-0.200812
-0.131662
-0.0816046
-0.0483509
-0.0244255
-0.00818589
0.00237097
0.013052
-0.403842
-0.325043
-0.224746
-0.153607
-0.101693
-0.0665887
-0.0409961
-0.0231599
-0.0114633
0.000306751
-0.421119
-0.346248
-0.246753
-0.174385
-0.120855
-0.0840949
-0.0570651
-0.0377731
-0.0250152
-0.0122876
-0.435386
-0.364747
-0.266833
-0.193845
-0.13915
-0.100814
-0.0725925
-0.0520011
-0.0382419
-0.0247043
-0.446804
-0.38052
-0.285
-0.2119
-0.156426
-0.116845
-0.0875371
-0.0658304
-0.0510956
-0.03693
-0.455566
-0.393571
-0.301257
-0.228528
-0.172599
-0.132129
-0.101941
-0.0792512
-0.06353
-0.0489578
-0.461884
-0.403914
-0.315613
-0.243732
-0.187659
-0.146604
-0.115741
-0.0922856
-0.0755365
-0.0607821
-0.465973
-0.411585
-0.328089
-0.257513
-0.201624
-0.160246
-0.128897
-0.104852
-0.0872277
-0.0723109
-0.46804
-0.416644
-0.338723
-0.269867
-0.214505
-0.17306
-0.141402
-0.116913
-0.0986282
-0.0834117
-0.468273
-0.419179
-0.347565
-0.280794
-0.226316
-0.18506
-0.153268
-0.128464
-0.109692
-0.0941071
-0.466828
-0.419327
-0.35466
-0.290319
-0.237076
-0.196261
-0.164508
-0.139516
-0.120376
-0.104477
-0.463835
-0.41729
-0.360069
-0.29848
-0.246813
-0.206683
-0.175136
-0.150081
-0.130671
-0.114583
-0.459403
-0.413346
-0.363886
-0.305321
-0.255562
-0.216349
-0.185166
-0.160174
-0.140585
-0.124448
-0.453632
-0.407831
-0.366231
-0.310887
-0.263366
-0.225288
-0.194619
-0.16981
-0.15013
-0.134052
-0.446629
-0.401221
-0.367123
-0.315226
-0.270272
-0.233535
-0.203517
-0.179008
-0.159318
-0.143373
-0.438524
-0.394042
-0.366533
-0.318407
-0.276336
-0.241121
-0.211885
-0.187789
-0.168163
-0.152401
-0.429476
-0.386749
-0.364478
-0.32053
-0.281609
-0.248082
-0.219751
-0.196176
-0.176684
-0.161141
-0.419688
-0.379668
-0.361059
-0.32172
-0.286144
-0.25445
-0.227146
-0.204193
-0.184902
-0.169607
-0.409417
-0.37297
-0.356498
-0.322116
-0.289985
-0.260258
-0.234102
-0.211867
-0.192837
-0.177815
-0.398966
-0.36669
-0.351147
-0.321848
-0.293176
-0.26554
-0.240652
-0.219229
-0.20051
-0.185784
-0.388655
-0.360767
-0.345465
-0.321029
-0.295755
-0.270335
-0.246828
-0.226305
-0.207945
-0.193532
-0.378815
-0.355102
-0.339941
-0.319751
-0.297765
-0.274679
-0.252658
-0.233119
-0.215164
-0.201079
-0.369671
-0.349618
-0.334961
-0.318089
-0.299261
-0.2786
-0.258165
-0.239693
-0.222191
-0.208448
-0.361339
-0.344303
-0.330705
-0.316141
-0.300305
-0.282117
-0.263366
-0.246046
-0.229044
-0.215665
-0.353844
-0.339217
-0.32713
-0.314061
-0.300967
-0.285238
-0.268272
-0.252186
-0.235741
-0.22275
-0.347144
-0.334465
-0.324051
-0.312064
-0.301317
-0.287957
-0.272892
-0.258113
-0.242286
-0.229743
-0.341169
-0.330143
-0.321266
-0.310353
-0.301432
-0.290271
-0.277234
-0.263803
-0.248695
-0.236646
-0.335844
-0.3263
-0.318662
-0.309004
-0.301414
-0.292183
-0.281315
-0.269194
-0.254966
-0.243524
-0.331102
-0.322925
-0.316235
-0.307943
-0.301383
-0.293722
-0.285156
-0.274192
-0.261122
-0.250312
-0.326881
-0.319963
-0.314037
-0.307037
-0.301429
-0.294947
-0.288804
-0.278599
-0.267276
-0.257056
-0.323117
-0.317353
-0.312105
-0.306207
-0.301558
-0.295965
-0.29226
-0.282278
-0.273409
-0.26358
-0.319735
-0.315041
-0.310433
-0.305442
-0.301712
-0.296895
-0.295492
-0.284964
-0.280239
-0.268838
-0.316692
-0.312958
-0.308982
-0.304757
-0.301859
-0.297801
-0.298417
-0.286708
-0.287324
-0.274219
-0.313932
-0.311055
-0.307703
-0.304153
-0.302025
-0.298641
-0.300962
-0.28774
-0.294045
-0.279237
-0.311399
-0.309292
-0.306543
-0.303603
-0.30225
-0.299297
-0.303149
-0.288199
-0.300356
-0.283109
-0.309045
-0.307632
-0.305459
-0.30307
-0.302528
-0.299656
-0.305068
-0.288157
-0.306329
-0.285417
-0.306828
-0.306046
-0.304417
-0.302516
-0.302799
-0.2997
-0.306752
-0.28781
-0.311707
-0.286144
-0.304716
-0.304511
-0.303387
-0.301908
-0.302988
-0.299466
-0.308112
-0.287545
-0.315843
-0.285813
-0.302681
-0.30302
-0.302333
-0.301242
-0.303044
-0.299147
-0.309022
-0.28773
-0.318241
-0.28552
-0.300714
-0.301568
-0.301242
-0.300536
-0.302919
-0.298764
-0.309422
-0.288443
-0.31892
-0.286068
-0.29881
-0.300152
-0.300122
-0.299813
-0.302558
-0.298368
-0.309375
-0.28952
-0.318272
-0.287428
-0.296975
-0.29878
-0.298985
-0.299057
-0.301939
-0.29809
-0.308883
-0.290642
-0.316845
-0.289044
-0.295223
-0.297463
-0.29785
-0.298273
-0.301165
-0.297884
-0.307933
-0.291738
-0.315045
-0.290439
-0.293573
-0.296216
-0.296741
-0.29748
-0.300295
-0.297663
-0.306659
-0.292911
-0.312915
-0.291458
-0.292047
-0.295058
-0.295686
-0.296697
-0.299386
-0.297413
-0.305277
-0.293934
-0.310531
-0.292476
-0.290673
-0.294011
-0.294714
-0.295951
-0.298493
-0.297137
-0.303905
-0.294733
-0.308331
-0.293285
-0.289476
-0.293097
-0.293852
-0.295269
-0.29767
-0.296848
-0.302638
-0.29532
-0.306407
-0.293894
-0.288482
-0.292335
-0.293128
-0.294682
-0.29696
-0.296571
-0.30155
-0.295723
-0.304816
-0.294363
-0.287714
-0.291746
-0.292562
-0.294215
-0.296398
-0.29633
-0.300696
-0.295979
-0.303598
-0.294709
-0.287192
-0.291344
-0.292174
-0.293891
-0.29601
-0.296153
-0.30011
-0.296125
-0.302777
-0.294936
-0.286927
-0.291141
-0.291977
-0.293725
-0.295811
-0.296058
-0.299813
-0.296189
-0.302363
-0.295049
-0.30239
-0.292775
-0.293703
-0.285665
-0.28137
-0.272535
-0.264499
-0.253601
-0.242171
-0.228544
-0.213762
-0.197299
-0.179529
-0.160975
-0.141556
-0.122741
-0.104114
-0.0874647
-0.0721758
-0.0593454
-0.0485666
-0.0397183
-0.0327513
-0.0267091
-0.0225295
-0.0177503
-0.0144972
-0.00881686
-0.00573032
-4.86942e-05
-0.302631
-0.292912
-0.293804
-0.285786
-0.281471
-0.27265
-0.264611
-0.253721
-0.242293
-0.22867
-0.21389
-0.197427
-0.179653
-0.161093
-0.141664
-0.122839
-0.104201
-0.0875398
-0.0722414
-0.0593998
-0.0486125
-0.0397548
-0.0327806
-0.0267318
-0.0225507
-0.0177711
-0.0145183
-0.00883578
-0.00574538
-5.7511e-05
-0.303082
-0.293167
-0.293997
-0.286017
-0.281674
-0.272873
-0.264831
-0.253955
-0.24253
-0.228917
-0.214138
-0.197677
-0.179895
-0.161326
-0.141879
-0.123036
-0.104374
-0.0876901
-0.0723715
-0.0595071
-0.0487031
-0.0398279
-0.0328403
-0.0267788
-0.0225939
-0.0178127
-0.0145597
-0.00887291
-0.00577483
-7.50162e-05
-0.303698
-0.293511
-0.294269
-0.286342
-0.28195
-0.273194
-0.265143
-0.254292
-0.242872
-0.229273
-0.214498
-0.19804
-0.180248
-0.161668
-0.142195
-0.123325
-0.104633
-0.0879145
-0.0725662
-0.0596685
-0.0488397
-0.0399389
-0.0329317
-0.0268513
-0.0226595
-0.017875
-0.0146204
-0.00892745
-0.00581765
-0.00010096
-0.304409
-0.293887
-0.2946
-0.286727
-0.282309
-0.273587
-0.265539
-0.254713
-0.243305
-0.229724
-0.214954
-0.198503
-0.180702
-0.162108
-0.142604
-0.123703
-0.104973
-0.0882119
-0.0728258
-0.059885
-0.0490239
-0.0400897
-0.0330564
-0.0269508
-0.022748
-0.0179576
-0.014699
-0.00899827
-0.00587239
-0.000134993
-0.305131
-0.294278
-0.294947
-0.287163
-0.282697
-0.274046
-0.265985
-0.255208
-0.243809
-0.230256
-0.215497
-0.199051
-0.181236
-0.162631
-0.143102
-0.124163
-0.105392
-0.0885809
-0.0731508
-0.0601586
-0.0492575
-0.0402823
-0.0332161
-0.027079
-0.0228596
-0.0180601
-0.014794
-0.00908398
-0.00593736
-0.000176689
-0.305835
-0.29455
-0.295312
-0.287574
-0.283123
-0.274511
-0.266489
-0.255735
-0.24437
-0.23084
-0.216093
-0.199667
-0.18185
-0.163232
-0.143675
-0.124698
-0.105885
-0.08902
-0.073542
-0.060491
-0.0495429
-0.040519
-0.0334127
-0.0272374
-0.0229947
-0.0181818
-0.0149033
-0.00918305
-0.0060107
-0.000225568
-0.306258
-0.294863
-0.295554
-0.288011
-0.28349
-0.275015
-0.266965
-0.256308
-0.244946
-0.231474
-0.21674
-0.200335
-0.182517
-0.163893
-0.144315
-0.125303
-0.10645
-0.0895283
-0.0740001
-0.0608841
-0.049882
-0.0408019
-0.0336479
-0.0274276
-0.0231535
-0.0183222
-0.0150252
-0.00929385
-0.00609056
-0.000281108
-0.306312
-0.29513
-0.295637
-0.288411
-0.283797
-0.275488
-0.267439
-0.25687
-0.245534
-0.232119
-0.217408
-0.201036
-0.183226
-0.164605
-0.145013
-0.125971
-0.107083
-0.0901051
-0.0745258
-0.0613396
-0.0502768
-0.0411328
-0.0339231
-0.0276505
-0.0233359
-0.0184801
-0.0151577
-0.00941478
-0.00617516
-0.000342761
-0.305976
-0.295249
-0.29558
-0.288695
-0.284032
-0.275895
-0.26786
-0.257404
-0.2461
-0.23276
-0.21808
-0.201754
-0.183963
-0.165355
-0.145762
-0.126697
-0.107783
-0.0907491
-0.0751196
-0.0618587
-0.0507285
-0.0415127
-0.0342391
-0.0279066
-0.0235415
-0.0186547
-0.0152991
-0.00954427
-0.00626291
-0.000409948
-0.304961
-0.295222
-0.295297
-0.288835
-0.284126
-0.276209
-0.268209
-0.257879
-0.246623
-0.233371
-0.218737
-0.202471
-0.184713
-0.166132
-0.146552
-0.127475
-0.108545
-0.0914593
-0.0757809
-0.0624417
-0.0512377
-0.0419422
-0.034596
-0.0281957
-0.0237698
-0.0188449
-0.0154479
-0.00968091
-0.00635242
-0.000482067
-0.30308
-0.294939
-0.294744
-0.288771
-0.28408
-0.276365
-0.268441
-0.25826
-0.247074
-0.23393
-0.219358
-0.20317
-0.185464
-0.166927
-0.147378
-0.128301
-0.109367
-0.0922336
-0.0765087
-0.063088
-0.0518039
-0.0424208
-0.0349933
-0.0285174
-0.0240198
-0.0190494
-0.0156027
-0.00982342
-0.00644259
-0.00055849
-0.300357
-0.294256
-0.29389
-0.288411
-0.283785
-0.276363
-0.268543
-0.258524
-0.247433
-0.234414
-0.219926
-0.203836
-0.186203
-0.167729
-0.148232
-0.129169
-0.110245
-0.0930695
-0.0773006
-0.063796
-0.0524257
-0.0429472
-0.0354299
-0.0288703
-0.0242906
-0.0192672
-0.0157625
-0.00997068
-0.00653254
-0.00063857
-0.297189
-0.292974
-0.292638
-0.287741
-0.283274
-0.276068
-0.268425
-0.258628
-0.247667
-0.234803
-0.220424
-0.204456
-0.186921
-0.168532
-0.149109
-0.130076
-0.111175
-0.0939634
-0.0781534
-0.0645627
-0.0531005
-0.0435191
-0.0359037
-0.0292527
-0.0245808
-0.019497
-0.0159263
-0.0101217
-0.00662168
-0.000721649
-0.293811
-0.29103
-0.29093
-0.286679
-0.282459
-0.275647
-0.26815
-0.258575
-0.247764
-0.235081
-0.220839
-0.205018
-0.187609
-0.169328
-0.150001
-0.131015
-0.112152
-0.0949112
-0.0790626
-0.065384
-0.0538248
-0.0441335
-0.0364122
-0.0296625
-0.024889
-0.0197379
-0.0160937
-0.0102759
-0.00670959
-0.000807062
-0.290141
-0.288497
-0.288695
-0.28515
-0.281211
-0.274665
-0.267514
-0.258281
-0.247689
-0.23523
-0.221162
-0.205517
-0.18826
-0.170113
-0.150905
-0.131983
-0.11317
-0.0959074
-0.0800228
-0.0662552
-0.0545943
-0.0447868
-0.0369525
-0.0300974
-0.0252137
-0.0199887
-0.0162641
-0.0104324
-0.00679604
-0.000894146
-0.286315
-0.285336
-0.285949
-0.283222
-0.279764
-0.273845
-0.266815
-0.257847
-0.247467
-0.235251
-0.221384
-0.205945
-0.18887
-0.170882
-0.151817
-0.132976
-0.114226
-0.0969481
-0.0810295
-0.0671714
-0.0554045
-0.0454749
-0.0375211
-0.0305543
-0.0255529
-0.0202483
-0.0164372
-0.0105908
-0.00688096
-0.000982305
-0.282273
-0.281637
-0.282617
-0.280677
-0.277662
-0.272146
-0.265486
-0.25706
-0.247033
-0.235132
-0.221517
-0.206318
-0.189453
-0.171642
-0.152738
-0.13399
-0.11531
-0.0980222
-0.0820704
-0.0681214
-0.0562457
-0.0461903
-0.0381126
-0.0310297
-0.025905
-0.0205159
-0.0166132
-0.0107511
-0.00696476
-0.00107116
-0.278062
-0.277665
-0.279146
-0.278117
-0.275713
-0.270824
-0.264631
-0.256298
-0.246503
-0.234886
-0.221526
-0.20658
-0.189949
-0.172344
-0.153626
-0.134996
-0.116405
-0.0991207
-0.0831452
-0.069109
-0.0571251
-0.0469399
-0.0387336
-0.0315282
-0.0262736
-0.0207942
-0.016794
-0.0109144
-0.00704779
-0.00116008
-0.274104
-0.272896
-0.274424
-0.274234
-0.272516
-0.268307
-0.262335
-0.254973
-0.245728
-0.234574
-0.221587
-0.206977
-0.190632
-0.173254
-0.154725
-0.136202
-0.117682
-0.100372
-0.0843392
-0.0701865
-0.0580656
-0.0477312
-0.0393788
-0.0320418
-0.0266478
-0.0210738
-0.0169714
-0.011073
-0.00712608
-0.00124627
-0.268935
-0.26917
-0.270913
-0.27135
-0.270126
-0.266536
-0.261456
-0.253679
-0.244584
-0.233643
-0.220862
-0.206462
-0.190329
-0.173151
-0.154825
-0.136468
-0.118101
-0.100889
-0.0849239
-0.0707853
-0.0586439
-0.0482586
-0.039837
-0.0324265
-0.0269394
-0.0212967
-0.0171138
-0.0112021
-0.00719058
-0.00132212
-0.263286
-0.264315
-0.266259
-0.267213
-0.266349
-0.263044
-0.257774
-0.250999
-0.242349
-0.231772
-0.21932
-0.205235
-0.189415
-0.172528
-0.154499
-0.136393
-0.118261
-0.101212
-0.0853712
-0.0712887
-0.0591564
-0.0487405
-0.0402611
-0.0327869
-0.0272077
-0.0215005
-0.0172353
-0.0113164
-0.00724275
-0.00139157
-0.257367
-0.259012
-0.261209
-0.262725
-0.262336
-0.259532
-0.25497
-0.248344
-0.239995
-0.229759
-0.217633
-0.203868
-0.188375
-0.171795
-0.154081
-0.136243
-0.118366
-0.101497
-0.0857947
-0.0717805
-0.0596659
-0.0492253
-0.04069
-0.0331534
-0.0274789
-0.021706
-0.0173538
-0.0114297
-0.00729137
-0.00146208
-0.2512
-0.253488
-0.255964
-0.258019
-0.258124
-0.255828
-0.251635
-0.245465
-0.237488
-0.22762
-0.215847
-0.202427
-0.187283
-0.17103
-0.153648
-0.136092
-0.11848
-0.101799
-0.0862394
-0.0722961
-0.0601996
-0.0497333
-0.0411395
-0.0335374
-0.0277631
-0.0219214
-0.0174774
-0.0115476
-0.00734064
-0.00153468
-0.244737
-0.247772
-0.250546
-0.253096
-0.253694
-0.251885
-0.248118
-0.242392
-0.234814
-0.225339
-0.213945
-0.200894
-0.186123
-0.170217
-0.153186
-0.135928
-0.118594
-0.10211
-0.0867012
-0.072833
-0.0607564
-0.0502641
-0.0416096
-0.0339393
-0.0280609
-0.0221474
-0.0176071
-0.0116707
-0.00739102
-0.00160921
-0.238021
-0.241887
-0.244977
-0.24798
-0.249071
-0.247751
-0.244435
-0.239156
-0.231991
-0.222927
-0.211934
-0.199271
-0.184893
-0.169353
-0.15269
-0.135745
-0.1187
-0.102425
-0.0871736
-0.0733857
-0.0613316
-0.0508143
-0.0420976
-0.0343571
-0.0283708
-0.0223832
-0.0177422
-0.0117987
-0.00744225
-0.00168522
-0.231125
-0.235865
-0.239295
-0.242716
-0.244294
-0.243468
-0.240604
-0.235779
-0.229041
-0.220402
-0.209826
-0.197569
-0.1836
-0.168442
-0.152161
-0.135542
-0.118798
-0.10274
-0.0876534
-0.0739512
-0.0619224
-0.0513813
-0.0426014
-0.0347894
-0.028692
-0.0226283
-0.0178827
-0.0119312
-0.00749437
-0.0017623
-0.224105
-0.229733
-0.233528
-0.237336
-0.239396
-0.239063
-0.236653
-0.232284
-0.225984
-0.21778
-0.207635
-0.195797
-0.182251
-0.167489
-0.151602
-0.13532
-0.118886
-0.103055
-0.0881383
-0.0745269
-0.0625262
-0.0519631
-0.0431195
-0.035235
-0.0290237
-0.0228824
-0.0180285
-0.0120683
-0.00754754
-0.00184006
-0.217008
-0.223512
-0.227699
-0.231868
-0.234397
-0.234557
-0.232602
-0.228691
-0.222837
-0.215077
-0.205373
-0.193964
-0.180853
-0.166497
-0.151013
-0.135079
-0.118962
-0.103365
-0.0886254
-0.0751099
-0.0631404
-0.0525575
-0.0436498
-0.0356924
-0.029365
-0.0231451
-0.0181798
-0.0122098
-0.00760192
-0.00191808
-0.209883
-0.217228
-0.22183
-0.226338
-0.229319
-0.229969
-0.228472
-0.22502
-0.219616
-0.212305
-0.203051
-0.19208
-0.179412
-0.165471
-0.150398
-0.134819
-0.119026
-0.10367
-0.0891117
-0.0756972
-0.0637621
-0.0531618
-0.0441904
-0.03616
-0.0297149
-0.0234157
-0.0183364
-0.0123556
-0.00765765
-0.00199593
-0.202777
-0.210904
-0.215939
-0.220768
-0.224181
-0.225315
-0.224278
-0.221282
-0.216333
-0.209476
-0.200678
-0.190152
-0.177933
-0.164414
-0.149757
-0.134541
-0.119075
-0.103967
-0.0895946
-0.0762861
-0.0643885
-0.0537737
-0.044739
-0.0366362
-0.0300724
-0.0236937
-0.0184981
-0.0125054
-0.00771484
-0.00207315
-0.195733
-0.204568
-0.210049
-0.215183
-0.219002
-0.220612
-0.220035
-0.217494
-0.213
-0.2066
-0.198263
-0.188186
-0.17642
-0.16333
-0.149092
-0.134243
-0.11911
-0.104255
-0.0900714
-0.0768736
-0.0650166
-0.0543905
-0.0452934
-0.0371193
-0.0304362
-0.0239783
-0.0186647
-0.0126588
-0.00777361
-0.00214931
-0.188795
-0.19825
-0.20418
-0.209608
-0.213805
-0.215875
-0.215758
-0.213668
-0.20963
-0.203688
-0.195814
-0.18619
-0.17488
-0.162221
-0.148405
-0.133928
-0.119128
-0.10453
-0.0905398
-0.0774571
-0.0656437
-0.0550096
-0.0458515
-0.0376073
-0.030805
-0.0242685
-0.0188359
-0.0128154
-0.007834
-0.00222396
-0.182004
-0.191979
-0.198354
-0.204067
-0.20861
-0.211124
-0.211462
-0.209819
-0.206234
-0.200749
-0.19334
-0.184171
-0.173318
-0.161092
-0.147698
-0.133594
-0.119129
-0.104793
-0.0909975
-0.078034
-0.0662672
-0.0556285
-0.0464108
-0.0380985
-0.0311776
-0.0245634
-0.0190112
-0.0129746
-0.00789604
-0.00229667
-0.175396
-0.185789
-0.192594
-0.198583
-0.203443
-0.206377
-0.207163
-0.205963
-0.202826
-0.197796
-0.190849
-0.182135
-0.171738
-0.159946
-0.146973
-0.133244
-0.119113
-0.105041
-0.0914423
-0.0786017
-0.0668842
-0.0562446
-0.0469692
-0.0385908
-0.0315525
-0.0248619
-0.0191901
-0.0131358
-0.00795972
-0.00236701
-0.169004
-0.17971
-0.186924
-0.19318
-0.198328
-0.201656
-0.202879
-0.202115
-0.19942
-0.19484
-0.188353
-0.180091
-0.170147
-0.158788
-0.146233
-0.132879
-0.119081
-0.105274
-0.0918723
-0.0791577
-0.0674921
-0.056855
-0.0475241
-0.0390821
-0.031928
-0.0251625
-0.0193718
-0.0132983
-0.00802494
-0.00243459
-0.162856
-0.173777
-0.181369
-0.187882
-0.193292
-0.196984
-0.19863
-0.198293
-0.196032
-0.191894
-0.185861
-0.178048
-0.168552
-0.157623
-0.145481
-0.132499
-0.119031
-0.10549
-0.0922857
-0.0796994
-0.0680881
-0.057457
-0.0480729
-0.03957
-0.0323025
-0.0254638
-0.0195557
-0.0134612
-0.00809157
-0.00249902
-0.156978
-0.168024
-0.175956
-0.182713
-0.188363
-0.192389
-0.194438
-0.194518
-0.19268
-0.188975
-0.183386
-0.176016
-0.166962
-0.156456
-0.144721
-0.132108
-0.118965
-0.105688
-0.0926805
-0.0802244
-0.0686694
-0.0580474
-0.0486129
-0.0400519
-0.032674
-0.0257642
-0.0197407
-0.0136236
-0.0081594
-0.00255996
-0.151396
-0.162485
-0.170716
-0.177702
-0.183571
-0.187899
-0.190328
-0.190809
-0.189383
-0.186099
-0.180944
-0.174008
-0.165385
-0.155296
-0.143959
-0.131708
-0.118884
-0.105868
-0.0930552
-0.0807299
-0.0692328
-0.0586231
-0.049141
-0.0405252
-0.0330403
-0.0260618
-0.0199257
-0.0137842
-0.00822813
-0.00261711
-0.146132
-0.157194
-0.165678
-0.172877
-0.178946
-0.183545
-0.186326
-0.187193
-0.186163
-0.183285
-0.178551
-0.172036
-0.163833
-0.154149
-0.1432
-0.131302
-0.118789
-0.10603
-0.0934081
-0.0812133
-0.0697753
-0.0591804
-0.0496541
-0.0409867
-0.0333991
-0.0263543
-0.0201094
-0.013942
-0.00829738
-0.00267021
-0.141207
-0.152185
-0.160875
-0.168267
-0.17452
-0.179361
-0.182463
-0.183694
-0.183044
-0.180556
-0.176225
-0.170116
-0.162318
-0.153026
-0.14245
-0.130895
-0.118682
-0.106173
-0.0937375
-0.0816718
-0.0702935
-0.0597155
-0.0501485
-0.0414329
-0.0337477
-0.0266395
-0.0202903
-0.0140954
-0.00836661
-0.00271908
-0.136643
-0.147491
-0.156341
-0.163906
-0.170326
-0.175382
-0.178774
-0.180344
-0.180054
-0.177936
-0.173986
-0.168266
-0.160854
-0.151937
-0.141718
-0.130491
-0.118566
-0.106297
-0.094042
-0.0821024
-0.0707837
-0.0602244
-0.0506203
-0.0418603
-0.034083
-0.0269145
-0.0204667
-0.014243
-0.00843516
-0.00276363
-0.13246
-0.143144
-0.152111
-0.159828
-0.166399
-0.171644
-0.175293
-0.177175
-0.177221
-0.17545
-0.171859
-0.166504
-0.159456
-0.150894
-0.141012
-0.130095
-0.118443
-0.106404
-0.0943202
-0.0825021
-0.0712421
-0.0607025
-0.0510653
-0.0422645
-0.0344017
-0.0271766
-0.0206365
-0.014383
-0.00850216
-0.00280378
-0.128679
-0.139178
-0.148222
-0.156071
-0.162777
-0.168188
-0.172062
-0.174223
-0.174578
-0.173129
-0.169869
-0.164852
-0.158143
-0.149911
-0.140342
-0.129716
-0.118318
-0.106493
-0.0945706
-0.0828678
-0.0716645
-0.0611451
-0.0514787
-0.042641
-0.0346999
-0.0274222
-0.0207973
-0.0145138
-0.00856656
-0.00283947
-0.125323
-0.135629
-0.144715
-0.152675
-0.159501
-0.165055
-0.169122
-0.171528
-0.172161
-0.171004
-0.168046
-0.163336
-0.156935
-0.149004
-0.139721
-0.12936
-0.118193
-0.106566
-0.0947918
-0.0831959
-0.0720462
-0.0615467
-0.0518551
-0.0429847
-0.0349735
-0.0276478
-0.0209465
-0.0146335
-0.0086271
-0.00287063
-0.122417
-0.132533
-0.141635
-0.149685
-0.156615
-0.162291
-0.16652
-0.169135
-0.170011
-0.169113
-0.166421
-0.161982
-0.155854
-0.14819
-0.139161
-0.129035
-0.118075
-0.106623
-0.0949824
-0.0834828
-0.072382
-0.0619014
-0.0521888
-0.0432898
-0.0352174
-0.0278491
-0.0210809
-0.01474
-0.0086823
-0.00289715
-0.119993
-0.129935
-0.139032
-0.147152
-0.154171
-0.159949
-0.164309
-0.167095
-0.168174
-0.167495
-0.165029
-0.160822
-0.154925
-0.14749
-0.138677
-0.128752
-0.117969
-0.106668
-0.0951405
-0.0837242
-0.0726663
-0.0622026
-0.0524731
-0.0435501
-0.0354264
-0.0280216
-0.0211971
-0.0148309
-0.0087305
-0.00291889
-0.118082
-0.127881
-0.136961
-0.145133
-0.152223
-0.158082
-0.162542
-0.165461
-0.1667
-0.166197
-0.163912
-0.159889
-0.154177
-0.146925
-0.138285
-0.128521
-0.11788
-0.106699
-0.0952643
-0.0839153
-0.0728924
-0.0624428
-0.0527005
-0.0437584
-0.0355944
-0.0281603
-0.0212912
-0.0149039
-0.00876986
-0.00293564
-0.116747
-0.126437
-0.135499
-0.143703
-0.150844
-0.156759
-0.161289
-0.164298
-0.16565
-0.16527
-0.163114
-0.159222
-0.153642
-0.146519
-0.138004
-0.128355
-0.117814
-0.10672
-0.0953509
-0.0840504
-0.0730528
-0.0626134
-0.0528624
-0.0439067
-0.0357143
-0.0282593
-0.0213588
-0.0149558
-0.00879837
-0.00294709
-0.116017
-0.12566
-0.134712
-0.142933
-0.150102
-0.156049
-0.160617
-0.163674
-0.165086
-0.164773
-0.162686
-0.158864
-0.153355
-0.146302
-0.137852
-0.128265
-0.117778
-0.106731
-0.0953968
-0.0841225
-0.0731387
-0.0627046
-0.0529492
-0.043986
-0.0357787
-0.0283124
-0.0213954
-0.0149835
-0.00881391
-0.00295275
-0.106571
-0.116029
-0.125305
-0.134383
-0.143251
-0.15191
-0.160368
-0.168631
-0.176709
-0.18461
-0.192343
-0.199916
-0.20734
-0.214614
-0.221732
-0.228727
-0.235431
-0.242266
-0.248266
-0.256183
-0.103385
-0.112529
-0.121493
-0.130275
-0.138871
-0.147284
-0.155518
-0.163579
-0.171473
-0.179204
-0.186779
-0.194203
-0.201476
-0.208616
-0.215567
-0.222485
-0.228993
-0.236025
-0.241924
-0.250172
-0.100293
-0.109078
-0.117692
-0.126138
-0.134417
-0.142529
-0.150477
-0.158263
-0.165893
-0.173369
-0.180695
-0.187881
-0.194911
-0.201845
-0.208569
-0.21538
-0.221734
-0.228779
-0.234738
-0.242697
-0.0972718
-0.105723
-0.114025
-0.122179
-0.130184
-0.138041
-0.145751
-0.153318
-0.160742
-0.16803
-0.175179
-0.182213
-0.189095
-0.195927
-0.202536
-0.2093
-0.21559
-0.222499
-0.228521
-0.23592
-0.0943486
-0.102481
-0.110483
-0.118355
-0.126095
-0.133706
-0.141188
-0.148545
-0.155777
-0.162894
-0.169885
-0.176787
-0.183543
-0.190283
-0.196786
-0.203448
-0.209649
-0.216314
-0.222321
-0.229236
-0.0915307
-0.0993489
-0.10705
-0.114637
-0.122108
-0.129464
-0.136706
-0.143838
-0.150858
-0.15778
-0.164584
-0.171318
-0.177904
-0.184486
-0.190833
-0.197309
-0.203402
-0.209803
-0.215803
-0.2224
-0.0888136
-0.0963219
-0.103726
-0.111028
-0.118228
-0.125326
-0.132322
-0.139221
-0.146017
-0.152726
-0.159323
-0.165858
-0.172253
-0.17864
-0.184825
-0.191093
-0.197091
-0.203262
-0.209233
-0.215581
-0.0861969
-0.0934015
-0.100513
-0.107535
-0.114466
-0.121307
-0.128056
-0.134718
-0.141286
-0.147776
-0.154163
-0.160493
-0.166697
-0.172885
-0.178915
-0.184977
-0.190864
-0.196813
-0.202681
-0.208792
-0.0836815
-0.0905897
-0.0974151
-0.104161
-0.110826
-0.117412
-0.123914
-0.130338
-0.136677
-0.142945
-0.14912
-0.15524
-0.161254
-0.167235
-0.173097
-0.178946
-0.184681
-0.190407
-0.196123
-0.202011
-0.0812679
-0.0878875
-0.0944333
-0.100909
-0.107312
-0.113644
-0.1199
-0.126087
-0.132196
-0.138239
-0.144199
-0.150102
-0.155916
-0.161683
-0.167359
-0.172991
-0.17855
-0.184063
-0.189606
-0.195275
-0.0789564
-0.0852957
-0.0915692
-0.0977796
-0.103926
-0.110007
-0.116021
-0.12197
-0.127849
-0.133665
-0.139407
-0.145091
-0.150698
-0.156249
-0.161729
-0.167149
-0.172519
-0.177824
-0.183178
-0.188623
-0.0767461
-0.0828142
-0.0888233
-0.0947759
-0.10067
-0.106506
-0.112281
-0.117995
-0.123645
-0.129235
-0.134759
-0.140222
-0.14562
-0.150957
-0.156234
-0.161444
-0.166616
-0.171712
-0.176864
-0.182086
-0.0746381
-0.0804442
-0.0861976
-0.0918995
-0.0975489
-0.103145
-0.108684
-0.114167
-0.119592
-0.124958
-0.130263
-0.13551
-0.140696
-0.14582
-0.15089
-0.155891
-0.160858
-0.165746
-0.17069
-0.175691
-0.0726306
-0.0781855
-0.0836921
-0.0891517
-0.0945634
-0.0999256
-0.105236
-0.110493
-0.115695
-0.120842
-0.125932
-0.130963
-0.135938
-0.140851
-0.145714
-0.150506
-0.155266
-0.159949
-0.16468
-0.169462
-0.0707225
-0.0760377
-0.0813072
-0.0865333
-0.0917155
-0.0968517
-0.10194
-0.106977
-0.111962
-0.116894
-0.121772
-0.126592
-0.131359
-0.136065
-0.140721
-0.145308
-0.149862
-0.154341
-0.158859
-0.163423
-0.068918
-0.0740026
-0.0790447
-0.0840465
-0.0890077
-0.093926
-0.0987987
-0.103623
-0.108398
-0.113121
-0.117793
-0.122408
-0.126971
-0.131473
-0.135926
-0.140313
-0.144663
-0.148941
-0.153249
-0.157595
-0.0672172
-0.0720808
-0.0769056
-0.0816929
-0.0864422
-0.0911511
-0.0958168
-0.100437
-0.105009
-0.10953
-0.114001
-0.118418
-0.122783
-0.127088
-0.131344
-0.135535
-0.139686
-0.143769
-0.14787
-0.152003
-0.0656167
-0.0702703
-0.0748886
-0.079472
-0.0840195
-0.0885287
-0.0929966
-0.0974203
-0.101798
-0.106126
-0.110405
-0.114631
-0.118805
-0.122921
-0.126986
-0.130988
-0.134948
-0.138841
-0.142744
-0.146669
-0.0641187
-0.0685737
-0.0729964
-0.0773864
-0.0817424
-0.0860618
-0.0903416
-0.0945787
-0.0987708
-0.102915
-0.107011
-0.111054
-0.115046
-0.118981
-0.122864
-0.126685
-0.130462
-0.134174
-0.137887
-0.141613
-0.0627227
-0.0669907
-0.0712291
-0.0754367
-0.0796121
-0.0837523
-0.0878544
-0.0919152
-0.0959321
-0.0999023
-0.103824
-0.107695
-0.111514
-0.115278
-0.118989
-0.12264
-0.126244
-0.129784
-0.133316
-0.136853
-0.0614293
-0.0655225
-0.0695882
-0.0736251
-0.077631
-0.0816033
-0.0855387
-0.0894339
-0.0932864
-0.0970931
-0.100852
-0.104561
-0.108219
-0.111822
-0.115372
-0.118862
-0.122304
-0.125684
-0.129048
-0.132408
-0.0602398
-0.0641705
-0.0680758
-0.0719537
-0.0758021
-0.079618
-0.0833982
-0.0871395
-0.0908389
-0.0944936
-0.0981016
-0.10166
-0.105168
-0.108621
-0.112023
-0.115365
-0.118657
-0.121888
-0.125097
-0.128293
-0.0591559
-0.0629369
-0.0666942
-0.0704255
-0.0741284
-0.0778001
-0.0814373
-0.0850365
-0.088595
-0.0921098
-0.0955788
-0.0989991
-0.102369
-0.105687
-0.108951
-0.112158
-0.115315
-0.118411
-0.121478
-0.124525
-0.0581809
-0.0618254
-0.0654476
-0.0690452
-0.0726155
-0.0761557
-0.0796625
-0.0831325
-0.0865628
-0.0899506
-0.0932935
-0.0965888
-0.0998351
-0.103029
-0.106171
-0.109257
-0.112291
-0.115267
-0.118208
-0.121122
-0.0573171
-0.0608384
-0.0643389
-0.0678159
-0.0712668
-0.0746887
-0.0780784
-0.0814325
-0.0847482
-0.0880225
-0.0912532
-0.0944376
-0.0975739
-0.100659
-0.103694
-0.106673
-0.109601
-0.112472
-0.115304
-0.118102
-0.0565731
-0.0599861
-0.0633792
-0.0667498
-0.0700954
-0.073413
-0.0766995
-0.0799517
-0.0831668
-0.0863418
-0.0894746
-0.0925624
-0.0956036
-0.0985956
-0.101538
-0.104427
-0.107264
-0.110046
-0.112786
-0.115487
-0.0559478
-0.0592662
-0.0625661
-0.0658447
-0.0690997
-0.0723281
-0.0755268
-0.0786927
-0.081823
-0.084915
-0.0879663
-0.0909744
-0.0939376
-0.0968534
-0.0997208
-0.102537
-0.105303
-0.108015
-0.110682
-0.113306
-0.0554681
-0.0587097
-0.0619332
-0.0651355
-0.0683145
-0.0714678
-0.0745925
-0.077686
-0.0807454
-0.0837683
-0.0867524
-0.0896955
-0.0925957
-0.095451
-0.0982599
-0.10102
-0.103733
-0.106394
-0.109009
-0.111579
-0.0551108
-0.0582914
-0.0614557
-0.0646015
-0.0677261
-0.0708267
-0.0739003
-0.0769441
-0.0799557
-0.0829326
-0.0858727
-0.0887737
-0.0916338
-0.0944511
-0.097224
-0.0999508
-0.102631
-0.105262
-0.107846
-0.110382
-0.0549515
-0.0580862
-0.0612028
-0.0642994
-0.0673751
-0.0704281
-0.0734565
-0.0764579
-0.0794299
-0.0823704
-0.0852776
-0.0881497
-0.0909849
-0.0937816
-0.0965386
-0.0992541
-0.101927
-0.104557
-0.107144
-0.109687
0.115254
0.104199
0.0930611
0.0820456
0.0705727
0.058873
0.0471433
0.0354076
0.0236798
0.0119955
0.00039879
-0.0110783
-0.0224072
-0.0335576
-0.0445026
-0.0552927
-0.0662871
-0.0768567
-0.0870245
-0.0969167
0.110549
0.0990214
0.0874491
0.0767041
0.0656588
0.0543984
0.0431621
0.0319566
0.0207732
0.00964136
-0.00140562
-0.0123448
-0.0231578
-0.03384
-0.0444031
-0.0548282
-0.064852
-0.0748054
-0.0845453
-0.0940597
0.104807
0.0935033
0.0819318
0.071623
0.0611657
0.0504143
0.0396783
0.0289988
0.0183473
0.0077437
-0.00277983
-0.0131981
-0.0234914
-0.0336453
-0.0436484
-0.0534744
-0.0631858
-0.0727908
-0.0821755
-0.0913314
0.0987446
0.087992
0.0765667
0.0666101
0.0567045
0.0464574
0.0362024
0.0260347
0.0159105
0.00583078
-0.00417517
-0.0140828
-0.0238761
-0.0335491
-0.0430979
-0.0525083
-0.0617322
-0.0708781
-0.0798663
-0.0886598
0.0926075
0.0824739
0.0713315
0.0617196
0.0523605
0.042647
0.0328754
0.0232025
0.0135882
0.00401353
-0.00549707
-0.0149167
-0.0242303
-0.033433
-0.0425177
-0.0514716
-0.060284
-0.0690269
-0.0776355
-0.0860738
0.0865078
0.0769953
0.0662474
0.0569839
0.0481362
0.038956
0.0296638
0.0204655
0.0113419
0.00225756
-0.00677288
-0.0157212
-0.0245725
-0.0333243
-0.0419719
-0.050507
-0.0589157
-0.0672614
-0.0754959
-0.0835853
0.0805062
0.0715914
0.0613148
0.0524146
0.0440444
0.0353896
0.0265768
0.0178381
0.00918495
0.00057348
-0.00799384
-0.0164897
-0.0248985
-0.0332184
-0.0414463
-0.0495758
-0.0575991
-0.0655676
-0.0734415
-0.081191
0.0746524
0.0663056
0.056546
0.0480244
0.0401001
0.0319513
0.0236127
0.0153196
0.00711519
-0.00104307
-0.00916463
-0.0172263
-0.0252118
-0.033119
-0.0409461
-0.0486888
-0.0563418
-0.0639472
-0.0714719
-0.0788901
0.0689832
0.0611717
0.0519495
0.0438173
0.0363119
0.0286442
0.0207705
0.0129104
0.00513439
-0.00259142
-0.0102855
-0.0179312
-0.0255125
-0.0330259
-0.0404704
-0.047843
-0.0551405
-0.0623977
-0.0695858
-0.0766824
0.063523
0.0562141
0.0475331
0.039796
0.0326866
0.0254728
0.0180497
0.0106098
0.00324291
-0.0040719
-0.0113579
-0.0186061
-0.0258018
-0.0329401
-0.0400197
-0.0470388
-0.0539952
-0.0609183
-0.0677824
-0.0745677
0.0582877
0.0514498
0.0433034
0.0359619
0.0292282
0.0224404
0.01545
0.00841642
0.00144035
-0.00548469
-0.0123827
-0.0192519
-0.0260803
-0.0328616
-0.0395939
-0.0462756
-0.0529057
-0.0595088
-0.0660612
-0.0725457
0.0532882
0.0468912
0.0392653
0.0323156
0.0259391
0.0195497
0.0129712
0.00632867
-0.000274125
-0.00683008
-0.0133607
-0.0198698
-0.0263489
-0.0327909
-0.0391922
-0.0455514
-0.0518684
-0.0581662
-0.0644201
-0.0706152
0.048532
0.0425468
0.0354226
0.0288571
0.0228201
0.0168023
0.0106133
0.00434495
-0.00190186
-0.00810865
-0.0142923
-0.0204604
-0.0266081
-0.0327282
-0.0388168
-0.0448718
-0.0508928
-0.0568971
-0.062862
-0.068777
0.044024
0.0384223
0.0317772
0.0255855
0.0198712
0.0141993
0.00837605
0.00246369
-0.00344444
-0.00932143
-0.0151784
-0.0210248
-0.0268584
-0.0326719
-0.038459
-0.0442161
-0.0499455
-0.0556798
-0.0613762
-0.0670268
0.039767
0.0345212
0.0283303
0.0224995
0.0170915
0.0117408
0.00625921
0.000683548
-0.00490332
-0.0104691
-0.0160192
-0.0215636
-0.027103
-0.0326326
-0.0381481
-0.0436456
-0.049118
-0.0545386
-0.0599581
-0.06536
0.035762
0.0308455
0.0250818
0.0195973
0.0144794
0.00942664
0.00426242
-0.000996695
-0.00627996
-0.0115525
-0.0168145
-0.0220746
-0.0273348
-0.0325904
-0.0378353
-0.043064
-0.0482712
-0.0534515
-0.0586286
-0.0637902
0.032009
0.0273958
0.0220314
0.0168765
0.0120329
0.00725598
0.00238525
-0.00257806
-0.00757567
-0.0125727
-0.0175648
-0.0225587
-0.027557
-0.0325562
-0.0375504
-0.0425341
-0.0475017
-0.0524466
-0.0573873
-0.062316
0.0285066
0.024172
0.019178
0.0143348
0.00974964
0.00522766
0.000627116
-0.00406147
-0.00879173
-0.0135306
-0.0182705
-0.0230158
-0.027769
-0.0325271
-0.0372845
-0.0420356
-0.0467753
-0.0514991
-0.0562197
-0.0609299
0.0252534
0.0211731
0.0165205
0.0119697
0.00762704
0.00334021
-0.00101269
-0.00544773
-0.00992929
-0.0144274
-0.0189325
-0.0234465
-0.0279714
-0.0325047
-0.0370412
-0.0415753
-0.0461022
-0.0506174
-0.0551302
-0.0596344
0.0222474
0.0183982
0.0140576
0.00977888
0.00566255
0.00159195
-0.00253499
-0.00673757
-0.0109893
-0.0152641
-0.0195515
-0.0238513
-0.0281644
-0.0324887
-0.0368194
-0.0411511
-0.0454789
-0.0497988
-0.054117
-0.0584284
0.0194868
0.0158462
0.0117884
0.00776053
0.00385384
-1.87963e-05
-0.00394061
-0.00793155
-0.0119726
-0.0160417
-0.0201283
-0.0242306
-0.0283484
-0.0324795
-0.0366196
-0.0407635
-0.0449063
-0.0490441
-0.0531811
-0.0573125
0.0169703
0.0135162
0.00971237
0.00591323
0.00219903
-0.0014935
-0.0052303
-0.00903009
-0.0128796
-0.0167608
-0.0206636
-0.0245849
-0.0285237
-0.0324775
-0.0364422
-0.040413
-0.0443849
-0.0483541
-0.0523231
-0.0562878
0.0146974
0.0114082
0.00782959
0.00423641
0.000696896
-0.00283325
-0.00640456
-0.0100334
-0.0137105
-0.0174218
-0.0211577
-0.0249146
-0.0286905
-0.0324827
-0.0362873
-0.0400996
-0.0439149
-0.0477293
-0.0515441
-0.0553556
0.0126691
0.00952334
0.00614134
0.00273061
-0.000652796
-0.00403842
-0.00746349
-0.0109412
-0.0144655
-0.0180249
-0.0216114
-0.0252208
-0.0288503
-0.0324971
-0.0361573
-0.0398263
-0.0434996
-0.0471731
-0.0508473
-0.0545189
0.010888
0.00786421
0.00465033
0.0013978
-0.00184895
-0.00510828
-0.00840619
-0.0117526
-0.0151432
-0.0185692
-0.0220236
-0.025502
-0.0290014
-0.0325185
-0.0360495
-0.0395902
-0.0431363
-0.0466841
-0.0502328
-0.0537793
0.00935968
0.00643583
0.00336121
0.000241563
-0.00288934
-0.00604163
-0.00923222
-0.0124677
-0.015745
-0.0190572
-0.0223984
-0.0257643
-0.0291515
-0.0325566
-0.0359756
-0.0394045
-0.0428388
-0.0462746
-0.0497108
-0.0531455
0.00809319
0.00524675
0.00228227
-0.000730542
-0.00376711
-0.00683176
-0.00993425
-0.0130783
-0.0162614
-0.0194781
-0.0227235
-0.0259934
-0.0292844
-0.032593
-0.0359157
-0.0392485
-0.0425878
-0.04593
-0.0492733
-0.0526145
0.0071012
0.00430756
0.00142168
-0.00151378
-0.00448179
-0.00748281
-0.0105213
-0.0135985
-0.0167119
-0.0198572
-0.0230301
-0.0262266
-0.0294433
-0.0326765
-0.0359225
-0.0391771
-0.0424364
-0.0456962
-0.0489554
-0.052214
0.0064075
0.00364341
0.000806908
-0.00207738
-0.00499796
-0.00795328
-0.0109446
-0.0139716
-0.0170321
-0.0201226
-0.0232393
-0.0263788
-0.0295377
-0.0327127
-0.0359004
-0.0390974
-0.0423005
-0.0455065
-0.0487129
-0.0519162
0.0060289
0.0032601
0.000427269
-0.00245308
-0.00537067
-0.00832179
-0.0113054
-0.0143202
-0.0173638
-0.0204329
-0.0235241
-0.026634
-0.0297594
-0.032897
-0.0360434
-0.0391954
-0.0423495
-0.0455026
-0.0486536
-0.0518046
0.124747
0.126181
0.128365
0.13142
0.134723
0.138399
0.141707
0.144855
0.146912
0.148304
0.147806
0.146268
0.141998
0.136355
0.125886
0.123812
0.125138
0.127146
0.129939
0.132906
0.136154
0.138963
0.141515
0.142931
0.143563
0.142349
0.139923
0.13505
0.128408
0.119318
0.122808
0.12402
0.12584
0.128355
0.130969
0.133771
0.136071
0.13802
0.138811
0.13872
0.136874
0.133689
0.128409
0.121312
0.112756
0.121731
0.122823
0.124444
0.126666
0.128912
0.13125
0.133031
0.134364
0.134536
0.133734
0.131292
0.127419
0.121777
0.114372
0.105944
0.120578
0.121545
0.122959
0.124874
0.126744
0.128606
0.129865
0.13058
0.130149
0.128661
0.125658
0.121184
0.115204
0.10761
0.0992587
0.119345
0.120182
0.121382
0.12298
0.124466
0.125843
0.126582
0.126685
0.125672
0.123537
0.120012
0.115033
0.108753
0.101071
0.0928131
0.118031
0.118733
0.119713
0.120983
0.122079
0.122966
0.123188
0.122692
0.121117
0.118384
0.114377
0.108981
0.102452
0.094742
0.086594
0.116633
0.117195
0.117949
0.118883
0.119584
0.119979
0.119691
0.118614
0.116502
0.113222
0.108776
0.103039
0.0963134
0.0886092
0.0805839
0.115149
0.115567
0.11609
0.116681
0.116985
0.11689
0.116101
0.114467
0.111844
0.10807
0.103231
0.0972189
0.0903464
0.0826722
0.0747846
0.113579
0.113848
0.114137
0.114381
0.114288
0.113709
0.112429
0.110268
0.107164
0.10295
0.0977654
0.0915328
0.084562
0.0769401
0.0692042
0.111922
0.11204
0.112092
0.111987
0.111497
0.110446
0.108691
0.106035
0.102482
0.0978803
0.092399
0.0859955
0.0789703
0.0714229
0.0638505
0.11018
0.110145
0.109957
0.109505
0.108623
0.107114
0.104901
0.101786
0.0978216
0.0928807
0.0871516
0.0806215
0.0735808
0.0661297
0.0587304
0.108355
0.108166
0.107738
0.106943
0.105674
0.103727
0.101077
0.0975396
0.0932033
0.0879709
0.0820411
0.0754251
0.0684023
0.0610681
0.0538499
0.10645
0.106108
0.105441
0.10431
0.102664
0.1003
0.0972383
0.0933162
0.0886488
0.0831702
0.0770841
0.0704194
0.0634435
0.0562444
0.0492141
0.104472
0.103978
0.103074
0.101617
0.0996058
0.0968497
0.0934044
0.0891363
0.0841795
0.0784977
0.0722961
0.0656165
0.0587123
0.0516636
0.0448262
0.102427
0.101785
0.100647
0.0988781
0.0965166
0.0933948
0.0895965
0.0850211
0.079816
0.0739717
0.0676918
0.0610274
0.0542158
0.0473298
0.0406886
0.100326
0.0995401
0.0981747
0.0961082
0.0934145
0.0899553
0.0858367
0.0809922
0.0755788
0.06961
0.063285
0.0566619
0.0499602
0.0432458
0.0368022
0.0981791
0.0972575
0.0956714
0.0933248
0.0903199
0.0865528
0.0821477
0.0770717
0.0714877
0.0654294
0.0590888
0.0525289
0.0459509
0.0394141
0.0331672
0.0960027
0.0949532
0.0931558
0.090548
0.0872551
0.0832106
0.0785533
0.0732818
0.0675627
0.0614461
0.0551154
0.0486368
0.0421927
0.0358363
0.0297833
0.0938146
0.0926462
0.090649
0.0878001
0.0842445
0.0799532
0.0750778
0.0696451
0.0638232
0.0576761
0.0513768
0.0449934
0.0386898
0.0325137
0.02665
0.091636
0.0903589
0.0881754
0.0851065
0.0813146
0.0768073
0.0717465
0.0661846
0.060289
0.0541348
0.0478844
0.0416062
0.0354466
0.0294479
0.0237669
0.089492
0.0881168
0.0857623
0.0824953
0.0784942
0.0738008
0.068586
0.0629237
0.05698
0.0508383
0.04465
0.0384831
0.0324675
0.0266407
0.0211339
0.0874113
0.085949
0.0834404
0.0799974
0.0758142
0.0709637
0.0656238
0.059887
0.0539168
0.0478029
0.0416859
0.0356327
0.029758
0.0240951
0.018752
0.085427
0.0838886
0.0812437
0.0776473
0.0733085
0.0683282
0.0628896
0.0571005
0.0511213
0.0450462
0.0390056
0.0330649
0.0273249
0.0218151
0.0166236
0.0835764
0.0819728
0.0792104
0.0754829
0.0710141
0.065929
0.060415
0.0545922
0.0486174
0.0425878
0.0366247
0.0307915
0.0251769
0.0198072
0.0147531
0.0819012
0.0802434
0.0773822
0.0735459
0.0689712
0.063804
0.0582347
0.0523927
0.0464315
0.04045
0.0345614
0.0288272
0.0233257
0.0180804
0.0131475
0.0804482
0.0787467
0.0758056
0.0718821
0.0672245
0.0619954
0.0563874
0.050537
0.0445942
0.0386591
0.0328381
0.0271907
0.0217868
0.0166476
0.0118175
0.0792688
0.077534
0.0745318
0.0705423
0.0658233
0.0605502
0.0549168
0.0490648
0.0431413
0.0372468
0.0314824
0.0259061
0.0205812
0.015527
0.0107787
0.0784198
0.0766618
0.0736174
0.0695831
0.064823
0.0595217
0.0538734
0.0480232
0.0421159
0.0362523
0.0305296
0.0250047
0.0197363
0.014743
0.010054
0.0779628
0.0761927
0.0731253
0.0690677
0.0642863
0.058971
0.0533158
0.047468
0.0415703
0.0357242
0.0300244
0.0245277
0.0192896
0.0143288
0.00966982
0.136911
0.139063
0.142485
0.147556
0.153619
0.160944
0.169096
0.17822
0.188026
0.198611
0.209708
0.221379
0.233345
0.245684
0.258084
0.136844
0.138992
0.142408
0.14747
0.153517
0.160826
0.16895
0.178045
0.187811
0.198353
0.20939
0.220997
0.232883
0.245139
0.257423
0.13671
0.138851
0.142254
0.147296
0.153316
0.160592
0.168659
0.177698
0.187383
0.197836
0.208755
0.220236
0.231959
0.244046
0.256099
0.136511
0.138639
0.142024
0.147037
0.153013
0.160239
0.168225
0.17718
0.186743
0.197065
0.207806
0.219097
0.230572
0.242405
0.25411
0.136246
0.138359
0.141718
0.146693
0.152615
0.159774
0.167649
0.176493
0.185893
0.196042
0.206545
0.217582
0.228726
0.240215
0.251454
0.135918
0.138011
0.14134
0.146266
0.152113
0.15919
0.166933
0.175639
0.184838
0.19477
0.204975
0.215696
0.226421
0.23748
0.248133
0.135527
0.137597
0.140889
0.14576
0.151534
0.158499
0.166082
0.174623
0.18358
0.193254
0.2031
0.213442
0.223661
0.234203
0.244154
0.135075
0.137119
0.140369
0.145172
0.150827
0.157689
0.165098
0.173447
0.182123
0.191499
0.200925
0.210826
0.220453
0.230393
0.239524
0.134563
0.136579
0.139781
0.144518
0.150094
0.156772
0.163984
0.172114
0.180471
0.189507
0.198453
0.207855
0.216802
0.226057
0.234254
0.133995
0.135978
0.139128
0.143778
0.149211
0.155748
0.162747
0.170629
0.17863
0.187286
0.19569
0.204536
0.212716
0.221209
0.228361
0.133371
0.135319
0.138414
0.142973
0.148278
0.154629
0.161389
0.168995
0.176605
0.184839
0.192643
0.200877
0.208202
0.215861
0.221861
0.132695
0.134606
0.137639
0.142083
0.147246
0.153409
0.159916
0.167215
0.174403
0.182171
0.189318
0.196887
0.203271
0.210029
0.214774
0.131968
0.133841
0.136811
0.141149
0.146139
0.152097
0.158332
0.165294
0.172028
0.179286
0.185724
0.192573
0.197932
0.203732
0.207122
0.131194
0.133026
0.135933
0.140144
0.144955
0.150696
0.156642
0.163236
0.16949
0.17619
0.181871
0.187944
0.192196
0.19699
0.198925
0.130376
0.132165
0.134978
0.139064
0.143705
0.14921
0.154849
0.161045
0.166793
0.172885
0.17777
0.183005
0.186077
0.189823
0.1902
0.129514
0.131266
0.134025
0.137931
0.14239
0.147644
0.152959
0.158731
0.163947
0.16938
0.173435
0.177761
0.179591
0.182249
0.180959
0.128615
0.130313
0.132969
0.136745
0.141013
0.146
0.150972
0.15629
0.160947
0.16567
0.168871
0.17221
0.172764
0.174278
0.171208
0.12768
0.129339
0.131891
0.135514
0.139581
0.144293
0.148908
0.153756
0.157829
0.161796
0.164107
0.16636
0.165616
0.165889
0.160927
0.126707
0.128315
0.130767
0.134231
0.138078
0.142486
0.14671
0.151044
0.154499
0.157675
0.159098
0.160193
0.158215
0.157052
0.15013
0.125714
0.12726
0.129626
0.132956
0.136612
0.140762
0.144625
0.14848
0.151288
0.153614
0.154012
0.153818
0.150455
0.147665
0.138757
0.125714
0.12726
0.129626
0.132956
0.136612
0.140762
0.144625
0.14848
0.151288
0.153614
0.154012
0.153818
0.150455
0.147665
0.138757
0.126707
0.128315
0.130767
0.134231
0.138079
0.142486
0.14671
0.151044
0.154499
0.157675
0.159098
0.160193
0.158215
0.157052
0.15013
0.12768
0.129339
0.131891
0.135514
0.139581
0.144293
0.148908
0.153756
0.157829
0.161796
0.164107
0.16636
0.165616
0.165889
0.160927
0.128615
0.130313
0.132969
0.136745
0.141013
0.146
0.150972
0.15629
0.160947
0.16567
0.168871
0.17221
0.172764
0.174278
0.171208
0.129514
0.131266
0.134025
0.137931
0.14239
0.147644
0.152959
0.158731
0.163947
0.16938
0.173435
0.177761
0.179591
0.182249
0.180959
0.130376
0.132165
0.134978
0.139064
0.143705
0.14921
0.154849
0.161045
0.166793
0.172885
0.17777
0.183005
0.186077
0.189823
0.1902
0.131194
0.133026
0.135933
0.140144
0.144955
0.150696
0.156642
0.163236
0.16949
0.17619
0.181871
0.187944
0.192196
0.19699
0.198925
0.131968
0.133841
0.136811
0.141149
0.146139
0.152097
0.158332
0.165294
0.172028
0.179286
0.185724
0.192573
0.197932
0.203732
0.207122
0.132695
0.134606
0.137639
0.142083
0.147246
0.153409
0.159916
0.167215
0.174403
0.182171
0.189318
0.196887
0.203271
0.210029
0.214774
0.133371
0.135319
0.138414
0.142973
0.148278
0.154629
0.161389
0.168995
0.176605
0.184839
0.192643
0.200877
0.208202
0.215861
0.221861
0.133995
0.135978
0.139128
0.143778
0.149211
0.155748
0.162747
0.170629
0.17863
0.187286
0.19569
0.204536
0.212716
0.221209
0.228361
0.134563
0.136579
0.139781
0.144518
0.150094
0.156772
0.163984
0.172114
0.180471
0.189508
0.198453
0.207855
0.216802
0.226057
0.234254
0.135075
0.137119
0.140369
0.145172
0.150827
0.157689
0.165098
0.173447
0.182123
0.191499
0.200925
0.210826
0.220453
0.230393
0.239524
0.135527
0.137597
0.140889
0.14576
0.151534
0.158499
0.166082
0.174623
0.18358
0.193254
0.2031
0.213442
0.223661
0.234203
0.244154
0.135918
0.138011
0.14134
0.146266
0.152113
0.15919
0.166933
0.175639
0.184838
0.19477
0.204975
0.215696
0.226421
0.23748
0.248133
0.136246
0.138359
0.141718
0.146693
0.152615
0.159774
0.167649
0.176493
0.185893
0.196042
0.206545
0.217582
0.228726
0.240215
0.251454
0.136511
0.138639
0.142024
0.147037
0.153013
0.160239
0.168225
0.17718
0.186743
0.197065
0.207806
0.219097
0.230572
0.242405
0.25411
0.13671
0.138851
0.142254
0.147296
0.153316
0.160592
0.168659
0.177698
0.187383
0.197836
0.208755
0.220236
0.231959
0.244046
0.256099
0.136844
0.138992
0.142408
0.14747
0.153517
0.160826
0.16895
0.178045
0.187811
0.198353
0.20939
0.220997
0.232883
0.245139
0.257423
0.136911
0.139063
0.142485
0.147556
0.153619
0.160944
0.169096
0.17822
0.188026
0.198611
0.209708
0.221379
0.233345
0.245684
0.258084
0.0779629
0.0761928
0.0731254
0.0690678
0.0642864
0.058971
0.0533158
0.047468
0.0415703
0.0357243
0.0300244
0.0245277
0.0192897
0.0143289
0.00966987
0.0784198
0.0766618
0.0736174
0.0695831
0.0648231
0.0595217
0.0538734
0.0480233
0.042116
0.0362523
0.0305296
0.0250047
0.0197363
0.014743
0.0100541
0.0792689
0.077534
0.0745318
0.0705424
0.0658234
0.0605502
0.0549169
0.0490648
0.0431413
0.0372468
0.0314825
0.0259062
0.0205812
0.0155271
0.0107788
0.0804482
0.0787467
0.0758056
0.0718821
0.0672245
0.0619954
0.0563874
0.050537
0.0445942
0.0386591
0.0328382
0.0271908
0.0217869
0.0166477
0.0118176
0.0819013
0.0802434
0.0773822
0.0735459
0.0689712
0.0638041
0.0582348
0.0523928
0.0464315
0.04045
0.0345615
0.0288272
0.0233257
0.0180805
0.0131475
0.0835764
0.0819729
0.0792104
0.075483
0.0710141
0.065929
0.060415
0.0545922
0.0486174
0.0425878
0.0366248
0.0307915
0.025177
0.0198073
0.0147531
0.0854271
0.0838886
0.0812438
0.0776474
0.0733086
0.0683282
0.0628896
0.0571006
0.0511214
0.0450462
0.0390057
0.0330649
0.027325
0.0218152
0.0166237
0.0874114
0.085949
0.0834404
0.0799974
0.0758142
0.0709638
0.0656239
0.0598871
0.0539168
0.0478029
0.0416859
0.0356327
0.0297581
0.0240951
0.018752
0.089492
0.0881168
0.0857624
0.0824953
0.0784942
0.0738008
0.068586
0.0629237
0.05698
0.0508383
0.04465
0.0384831
0.0324675
0.0266407
0.0211339
0.0916361
0.090359
0.0881755
0.0851066
0.0813147
0.0768073
0.0717466
0.0661846
0.060289
0.0541349
0.0478844
0.0416062
0.0354466
0.0294479
0.0237669
0.0938146
0.0926463
0.0906491
0.0878002
0.0842445
0.0799533
0.0750778
0.0696452
0.0638233
0.0576761
0.0513768
0.0449934
0.0386899
0.0325137
0.02665
0.0960028
0.0949532
0.0931558
0.090548
0.0872551
0.0832106
0.0785533
0.0732819
0.0675627
0.0614461
0.0551155
0.0486369
0.0421927
0.0358363
0.0297833
0.0981791
0.0972575
0.0956714
0.0933249
0.0903199
0.0865529
0.0821477
0.0770717
0.0714877
0.0654294
0.0590888
0.052529
0.045951
0.0394141
0.0331672
0.100326
0.0995401
0.0981747
0.0961082
0.0934145
0.0899553
0.0858367
0.0809922
0.0755788
0.06961
0.0632851
0.0566619
0.0499602
0.0432459
0.0368022
0.102427
0.101785
0.100647
0.0988781
0.0965166
0.0933948
0.0895965
0.0850211
0.0798161
0.0739718
0.0676918
0.0610274
0.0542158
0.0473298
0.0406886
0.104472
0.103978
0.103074
0.101617
0.0996058
0.0968497
0.0934044
0.0891363
0.0841795
0.0784977
0.0722961
0.0656165
0.0587123
0.0516636
0.0448263
0.106451
0.106108
0.105441
0.10431
0.102664
0.1003
0.0972383
0.0933162
0.0886489
0.0831702
0.0770841
0.0704194
0.0634435
0.0562444
0.0492141
0.108355
0.108166
0.107738
0.106943
0.105674
0.103727
0.101077
0.0975396
0.0932033
0.0879709
0.0820411
0.0754251
0.0684023
0.0610681
0.05385
0.11018
0.110145
0.109957
0.109505
0.108623
0.107114
0.104901
0.101786
0.0978216
0.0928807
0.0871516
0.0806216
0.0735808
0.0661297
0.0587304
0.111922
0.112041
0.112092
0.111987
0.111497
0.110446
0.108691
0.106035
0.102482
0.0978803
0.092399
0.0859955
0.0789704
0.0714229
0.0638505
0.113579
0.113848
0.114137
0.114381
0.114288
0.113709
0.112429
0.110268
0.107164
0.10295
0.0977654
0.0915329
0.0845621
0.0769401
0.0692042
0.115149
0.115567
0.11609
0.116681
0.116985
0.11689
0.116101
0.114467
0.111844
0.10807
0.103232
0.0972189
0.0903464
0.0826723
0.0747846
0.116633
0.117195
0.117949
0.118883
0.119584
0.119979
0.119691
0.118614
0.116502
0.113222
0.108776
0.103039
0.0963134
0.0886092
0.0805839
0.118031
0.118733
0.119713
0.120983
0.122079
0.122966
0.123188
0.122692
0.121117
0.118384
0.114377
0.108981
0.102452
0.094742
0.086594
0.119345
0.120182
0.121383
0.12298
0.124466
0.125843
0.126582
0.126685
0.125672
0.123537
0.120012
0.115033
0.108753
0.101071
0.0928131
0.120578
0.121545
0.122959
0.124874
0.126744
0.128606
0.129865
0.13058
0.130149
0.128661
0.125658
0.121184
0.115204
0.10761
0.0992587
0.121731
0.122823
0.124444
0.126666
0.128912
0.13125
0.133031
0.134364
0.134536
0.133734
0.131292
0.127419
0.121777
0.114372
0.105944
0.122808
0.12402
0.12584
0.128355
0.130969
0.133771
0.136071
0.13802
0.138811
0.13872
0.136874
0.133689
0.128409
0.121312
0.112756
0.123812
0.125138
0.127146
0.129939
0.132906
0.136154
0.138963
0.141515
0.142931
0.143563
0.142349
0.139923
0.13505
0.128408
0.119318
0.124747
0.126181
0.128365
0.13142
0.134723
0.138399
0.141707
0.144855
0.146912
0.148304
0.147806
0.146268
0.141998
0.136355
0.125886
0.00602895
0.00326014
0.000427316
-0.00245303
-0.00537062
-0.00832174
-0.0113054
-0.0143202
-0.0173637
-0.0204328
-0.023524
-0.026634
-0.0297593
-0.0328969
-0.0360434
-0.0391954
-0.0423495
-0.0455025
-0.0486536
-0.0518045
0.00640755
0.00364346
0.000806954
-0.00207733
-0.00499791
-0.00795324
-0.0109445
-0.0139716
-0.0170321
-0.0201226
-0.0232393
-0.0263788
-0.0295377
-0.0327127
-0.0359003
-0.0390974
-0.0423004
-0.0455064
-0.0487128
-0.0519161
0.00710125
0.00430761
0.00142172
-0.00151374
-0.00448175
-0.00748276
-0.0105212
-0.0135984
-0.0167118
-0.0198571
-0.02303
-0.0262266
-0.0294433
-0.0326765
-0.0359224
-0.0391771
-0.0424363
-0.0456962
-0.0489553
-0.052214
0.00809323
0.0052468
0.00228231
-0.0007305
-0.00376707
-0.00683172
-0.00993421
-0.0130783
-0.0162613
-0.0194781
-0.0227235
-0.0259934
-0.0292844
-0.032593
-0.0359157
-0.0392485
-0.0425878
-0.0459299
-0.0492732
-0.0526145
0.00935971
0.00643587
0.00336125
0.000241602
-0.00288931
-0.00604159
-0.00923218
-0.0124677
-0.015745
-0.0190572
-0.0223984
-0.0257643
-0.0291515
-0.0325565
-0.0359756
-0.0394045
-0.0428388
-0.0462745
-0.0497107
-0.0531455
0.010888
0.00786425
0.00465036
0.00139784
-0.00184892
-0.00510824
-0.00840616
-0.0117526
-0.0151431
-0.0185692
-0.0220236
-0.025502
-0.0290013
-0.0325184
-0.0360495
-0.0395902
-0.0431363
-0.046684
-0.0502327
-0.0537793
0.0126691
0.00952337
0.00614137
0.00273064
-0.000652764
-0.00403839
-0.00746346
-0.0109412
-0.0144654
-0.0180249
-0.0216114
-0.0252207
-0.0288503
-0.0324971
-0.0361573
-0.0398263
-0.0434996
-0.0471731
-0.0508473
-0.0545189
0.0146975
0.0114083
0.00782962
0.00423644
0.000696924
-0.00283322
-0.00640453
-0.0100333
-0.0137105
-0.0174217
-0.0211577
-0.0249146
-0.0286905
-0.0324827
-0.0362873
-0.0400996
-0.0439149
-0.0477293
-0.0515441
-0.0553556
0.0169703
0.0135162
0.0097124
0.00591326
0.00219905
-0.00149348
-0.00523028
-0.00903007
-0.0128796
-0.0167608
-0.0206636
-0.0245849
-0.0285237
-0.0324775
-0.0364422
-0.040413
-0.0443849
-0.0483541
-0.0523231
-0.0562878
0.0194868
0.0158462
0.0117885
0.00776055
0.00385386
-1.87764e-05
-0.00394059
-0.00793153
-0.0119726
-0.0160417
-0.0201283
-0.0242305
-0.0283484
-0.0324795
-0.0366196
-0.0407635
-0.0449063
-0.0490441
-0.0531811
-0.0573126
0.0222474
0.0183983
0.0140576
0.0097789
0.00566257
0.00159196
-0.00253497
-0.00673755
-0.0109893
-0.0152641
-0.0195515
-0.0238513
-0.0281644
-0.0324887
-0.0368194
-0.0411511
-0.0454789
-0.0497988
-0.054117
-0.0584284
0.0252535
0.0211732
0.0165205
0.0119697
0.00762705
0.00334022
-0.00101268
-0.00544772
-0.00992928
-0.0144274
-0.0189325
-0.0234465
-0.0279714
-0.0325047
-0.0370412
-0.0415753
-0.0461022
-0.0506175
-0.0551302
-0.0596344
0.0285067
0.024172
0.019178
0.0143348
0.00974965
0.00522767
0.000627125
-0.00406146
-0.00879172
-0.0135306
-0.0182705
-0.0230158
-0.027769
-0.0325271
-0.0372845
-0.0420356
-0.0467753
-0.0514992
-0.0562197
-0.0609299
0.032009
0.0273959
0.0220314
0.0168765
0.0120329
0.00725599
0.00238526
-0.00257805
-0.00757566
-0.0125727
-0.0175648
-0.0225587
-0.027557
-0.0325562
-0.0375505
-0.0425341
-0.0475017
-0.0524466
-0.0573874
-0.062316
0.0357621
0.0308455
0.0250819
0.0195973
0.0144794
0.00942665
0.00426243
-0.000996694
-0.00627996
-0.0115525
-0.0168145
-0.0220746
-0.0273348
-0.0325904
-0.0378353
-0.043064
-0.0482713
-0.0534515
-0.0586286
-0.0637903
0.039767
0.0345213
0.0283303
0.0224995
0.0170915
0.0117408
0.00625921
0.000683548
-0.00490332
-0.0104691
-0.0160192
-0.0215636
-0.027103
-0.0326326
-0.0381481
-0.0436457
-0.0491181
-0.0545387
-0.0599581
-0.06536
0.044024
0.0384223
0.0317772
0.0255855
0.0198712
0.0141993
0.00837605
0.00246368
-0.00344445
-0.00932143
-0.0151784
-0.0210248
-0.0268584
-0.0326719
-0.038459
-0.0442161
-0.0499456
-0.0556798
-0.0613762
-0.0670268
0.048532
0.0425468
0.0354226
0.0288571
0.0228201
0.0168023
0.0106133
0.00434494
-0.00190186
-0.00810866
-0.0142923
-0.0204604
-0.0266081
-0.0327282
-0.0388168
-0.0448718
-0.0508928
-0.0568971
-0.062862
-0.0687771
0.0532882
0.0468912
0.0392654
0.0323156
0.0259391
0.0195497
0.0129712
0.00632867
-0.000274132
-0.00683009
-0.0133607
-0.0198699
-0.026349
-0.0327909
-0.0391923
-0.0455515
-0.0518684
-0.0581662
-0.0644202
-0.0706152
0.0582877
0.0514498
0.0433034
0.0359619
0.0292282
0.0224404
0.01545
0.00841641
0.00144034
-0.0054847
-0.0123827
-0.0192519
-0.0260803
-0.0328617
-0.0395939
-0.0462757
-0.0529057
-0.0595088
-0.0660612
-0.0725458
0.063523
0.0562141
0.0475331
0.039796
0.0326866
0.0254728
0.0180497
0.0106098
0.0032429
-0.00407191
-0.0113579
-0.0186061
-0.0258018
-0.0329401
-0.0400197
-0.0470388
-0.0539952
-0.0609184
-0.0677824
-0.0745677
0.0689832
0.0611717
0.0519495
0.0438173
0.0363119
0.0286442
0.0207705
0.0129104
0.00513439
-0.00259143
-0.0102855
-0.0179313
-0.0255125
-0.0330259
-0.0404704
-0.0478431
-0.0551405
-0.0623977
-0.0695859
-0.0766824
0.0746524
0.0663056
0.056546
0.0480244
0.0401001
0.0319513
0.0236127
0.0153196
0.00711518
-0.00104308
-0.00916464
-0.0172263
-0.0252118
-0.033119
-0.0409461
-0.0486889
-0.0563419
-0.0639472
-0.071472
-0.0788902
0.0805063
0.0715914
0.0613149
0.0524147
0.0440444
0.0353896
0.0265768
0.0178381
0.00918494
0.00057347
-0.00799385
-0.0164897
-0.0248985
-0.0332184
-0.0414463
-0.0495759
-0.0575992
-0.0655677
-0.0734415
-0.0811911
0.0865078
0.0769953
0.0662474
0.0569839
0.0481362
0.038956
0.0296638
0.0204655
0.0113419
0.00225755
-0.00677289
-0.0157212
-0.0245725
-0.0333244
-0.041972
-0.050507
-0.0589157
-0.0672615
-0.075496
-0.0835854
0.0926075
0.0824739
0.0713315
0.0617196
0.0523605
0.042647
0.0328754
0.0232025
0.0135882
0.00401353
-0.00549708
-0.0149167
-0.0242303
-0.033433
-0.0425178
-0.0514717
-0.060284
-0.069027
-0.0776356
-0.0860739
0.0987447
0.0879921
0.0765667
0.0666101
0.0567045
0.0464574
0.0362024
0.0260347
0.0159105
0.00583078
-0.00417518
-0.0140829
-0.0238762
-0.0335492
-0.0430979
-0.0525084
-0.0617322
-0.0708781
-0.0798663
-0.0886599
0.104807
0.0935033
0.0819319
0.071623
0.0611657
0.0504143
0.0396783
0.0289988
0.0183473
0.00774369
-0.00277984
-0.0131982
-0.0234914
-0.0336454
-0.0436484
-0.0534745
-0.0631859
-0.0727909
-0.0821756
-0.0913315
0.110549
0.0990215
0.0874491
0.0767042
0.0656588
0.0543984
0.0431621
0.0319566
0.0207732
0.00964135
-0.00140563
-0.0123448
-0.0231578
-0.03384
-0.0444031
-0.0548282
-0.0648521
-0.0748055
-0.0845454
-0.0940597
0.115254
0.104199
0.0930611
0.0820456
0.0705727
0.058873
0.0471433
0.0354076
0.0236798
0.0119955
0.000398782
-0.0110783
-0.0224072
-0.0335577
-0.0445026
-0.0552927
-0.0662871
-0.0768567
-0.0870246
-0.0969168
-0.0549515
-0.0580861
-0.0612027
-0.0642994
-0.067375
-0.0704281
-0.0734565
-0.0764578
-0.0794298
-0.0823703
-0.0852775
-0.0881496
-0.0909848
-0.0937815
-0.0965384
-0.0992539
-0.101927
-0.104557
-0.107144
-0.109687
-0.0551107
-0.0582913
-0.0614556
-0.0646014
-0.0677261
-0.0708266
-0.0739002
-0.0769441
-0.0799557
-0.0829326
-0.0858726
-0.0887736
-0.0916337
-0.094451
-0.0972239
-0.0999507
-0.102631
-0.105261
-0.107845
-0.110382
-0.055468
-0.0587097
-0.0619331
-0.0651354
-0.0683144
-0.0714677
-0.0745925
-0.0776859
-0.0807454
-0.0837683
-0.0867524
-0.0896954
-0.0925956
-0.0954509
-0.0982598
-0.10102
-0.103732
-0.106394
-0.109009
-0.111579
-0.0559477
-0.0592662
-0.062566
-0.0658447
-0.0690997
-0.0723281
-0.0755267
-0.0786927
-0.0818229
-0.0849149
-0.0879662
-0.0909744
-0.0939375
-0.0968534
-0.0997207
-0.102537
-0.105303
-0.108015
-0.110682
-0.113306
-0.0565731
-0.059986
-0.0633792
-0.0667498
-0.0700953
-0.0734129
-0.0766994
-0.0799517
-0.0831667
-0.0863418
-0.0894745
-0.0925624
-0.0956036
-0.0985955
-0.101538
-0.104426
-0.107264
-0.110046
-0.112786
-0.115487
-0.057317
-0.0608384
-0.0643389
-0.0678158
-0.0712667
-0.0746887
-0.0780783
-0.0814325
-0.0847481
-0.0880225
-0.0912532
-0.0944375
-0.0975739
-0.100659
-0.103694
-0.106673
-0.109601
-0.112472
-0.115303
-0.118102
-0.0581809
-0.0618254
-0.0654476
-0.0690451
-0.0726155
-0.0761557
-0.0796624
-0.0831325
-0.0865628
-0.0899506
-0.0932935
-0.0965888
-0.099835
-0.103029
-0.106171
-0.109257
-0.112291
-0.115267
-0.118208
-0.121122
-0.0591559
-0.0629369
-0.0666942
-0.0704254
-0.0741284
-0.0778001
-0.0814373
-0.0850365
-0.088595
-0.0921098
-0.0955788
-0.0989991
-0.102369
-0.105687
-0.108951
-0.112158
-0.115315
-0.118411
-0.121478
-0.124525
-0.0602398
-0.0641705
-0.0680758
-0.0719537
-0.0758021
-0.079618
-0.0833982
-0.0871395
-0.0908389
-0.0944936
-0.0981016
-0.10166
-0.105168
-0.108621
-0.112023
-0.115365
-0.118657
-0.121888
-0.125097
-0.128293
-0.0614293
-0.0655225
-0.0695883
-0.0736251
-0.077631
-0.0816033
-0.0855387
-0.0894339
-0.0932864
-0.0970931
-0.100852
-0.104561
-0.108219
-0.111822
-0.115372
-0.118862
-0.122304
-0.125684
-0.129048
-0.132408
-0.0627227
-0.0669907
-0.0712291
-0.0754367
-0.0796121
-0.0837524
-0.0878545
-0.0919152
-0.0959321
-0.0999024
-0.103824
-0.107695
-0.111515
-0.115278
-0.118989
-0.12264
-0.126244
-0.129784
-0.133316
-0.136853
-0.0641188
-0.0685737
-0.0729964
-0.0773864
-0.0817424
-0.0860618
-0.0903416
-0.0945787
-0.0987709
-0.102915
-0.107011
-0.111054
-0.115046
-0.118981
-0.122864
-0.126686
-0.130463
-0.134174
-0.137887
-0.141613
-0.0656167
-0.0702703
-0.0748886
-0.079472
-0.0840196
-0.0885288
-0.0929967
-0.0974204
-0.101798
-0.106126
-0.110405
-0.114631
-0.118805
-0.122921
-0.126986
-0.130988
-0.134948
-0.138841
-0.142744
-0.146669
-0.0672172
-0.0720808
-0.0769056
-0.0816929
-0.0864423
-0.0911512
-0.0958169
-0.100437
-0.105009
-0.10953
-0.114001
-0.118418
-0.122783
-0.127088
-0.131344
-0.135535
-0.139686
-0.143769
-0.14787
-0.152003
-0.0689181
-0.0740027
-0.0790448
-0.0840466
-0.0890078
-0.0939261
-0.0987988
-0.103623
-0.108398
-0.113122
-0.117793
-0.122408
-0.126971
-0.131473
-0.135926
-0.140313
-0.144663
-0.148941
-0.153249
-0.157595
-0.0707226
-0.0760377
-0.0813073
-0.0865334
-0.0917156
-0.0968518
-0.10194
-0.106977
-0.111963
-0.116894
-0.121772
-0.126593
-0.131359
-0.136065
-0.140721
-0.145308
-0.149862
-0.154341
-0.15886
-0.163423
-0.0726307
-0.0781855
-0.0836922
-0.0891518
-0.0945635
-0.0999257
-0.105236
-0.110493
-0.115696
-0.120842
-0.125932
-0.130963
-0.135938
-0.140851
-0.145714
-0.150506
-0.155266
-0.159949
-0.164681
-0.169463
-0.0746382
-0.0804443
-0.0861977
-0.0918996
-0.0975491
-0.103145
-0.108684
-0.114168
-0.119592
-0.124958
-0.130264
-0.13551
-0.140696
-0.14582
-0.150891
-0.155891
-0.160858
-0.165746
-0.17069
-0.175691
-0.0767462
-0.0828143
-0.0888234
-0.094776
-0.10067
-0.106506
-0.112281
-0.117995
-0.123645
-0.129235
-0.134759
-0.140223
-0.14562
-0.150957
-0.156234
-0.161445
-0.166616
-0.171713
-0.176865
-0.182086
-0.0789565
-0.0852958
-0.0915693
-0.0977797
-0.103926
-0.110007
-0.116021
-0.12197
-0.127849
-0.133665
-0.139408
-0.145091
-0.150698
-0.15625
-0.161729
-0.167149
-0.17252
-0.177825
-0.183179
-0.188624
-0.081268
-0.0878876
-0.0944335
-0.100909
-0.107312
-0.113644
-0.119901
-0.126087
-0.132196
-0.138239
-0.144199
-0.150102
-0.155916
-0.161684
-0.167359
-0.172992
-0.17855
-0.184063
-0.189607
-0.195275
-0.0836816
-0.0905898
-0.0974152
-0.104161
-0.110827
-0.117412
-0.123914
-0.130339
-0.136677
-0.142946
-0.149121
-0.15524
-0.161254
-0.167236
-0.173097
-0.178946
-0.184681
-0.190407
-0.196124
-0.202012
-0.086197
-0.0934016
-0.100513
-0.107535
-0.114466
-0.121307
-0.128056
-0.134718
-0.141286
-0.147777
-0.154163
-0.160493
-0.166698
-0.172886
-0.178915
-0.184978
-0.190864
-0.196813
-0.202681
-0.208793
-0.0888137
-0.096322
-0.103726
-0.111028
-0.118228
-0.125326
-0.132322
-0.139221
-0.146017
-0.152726
-0.159323
-0.165859
-0.172253
-0.178641
-0.184825
-0.191093
-0.197092
-0.203263
-0.209234
-0.215582
-0.0915308
-0.099349
-0.107051
-0.114637
-0.122108
-0.129464
-0.136706
-0.143839
-0.150859
-0.157781
-0.164585
-0.171318
-0.177904
-0.184486
-0.190833
-0.197309
-0.203402
-0.209804
-0.215804
-0.222401
-0.0943487
-0.102481
-0.110483
-0.118355
-0.126096
-0.133706
-0.141188
-0.148545
-0.155777
-0.162894
-0.169885
-0.176788
-0.183543
-0.190283
-0.196786
-0.203449
-0.20965
-0.216315
-0.222321
-0.229237
-0.0972719
-0.105723
-0.114025
-0.122179
-0.130184
-0.138042
-0.145752
-0.153318
-0.160742
-0.168031
-0.175179
-0.182213
-0.189095
-0.195928
-0.202537
-0.209301
-0.215591
-0.2225
-0.228522
-0.235921
-0.100293
-0.109078
-0.117692
-0.126139
-0.134417
-0.142529
-0.150477
-0.158264
-0.165893
-0.17337
-0.180695
-0.187881
-0.194912
-0.201846
-0.208569
-0.21538
-0.221735
-0.22878
-0.234738
-0.242698
-0.103385
-0.112529
-0.121493
-0.130275
-0.138871
-0.147284
-0.155518
-0.163579
-0.171473
-0.179204
-0.186779
-0.194204
-0.201477
-0.208617
-0.215567
-0.222486
-0.228994
-0.236025
-0.241925
-0.250173
-0.106572
-0.116029
-0.125305
-0.134383
-0.143251
-0.15191
-0.160368
-0.168631
-0.176709
-0.18461
-0.192344
-0.199917
-0.20734
-0.214615
-0.221733
-0.228728
-0.235432
-0.242267
-0.248267
-0.256184
-0.116017
-0.125659
-0.134712
-0.142932
-0.150102
-0.156049
-0.160617
-0.163674
-0.165085
-0.164773
-0.162686
-0.158864
-0.153355
-0.146302
-0.137853
-0.128266
-0.117779
-0.106731
-0.0953962
-0.0841214
-0.0731376
-0.062704
-0.0529493
-0.0439867
-0.0357795
-0.0283128
-0.0213954
-0.0149832
-0.0088137
-0.00295268
-0.116747
-0.126437
-0.135499
-0.143702
-0.150843
-0.156759
-0.161289
-0.164298
-0.165649
-0.16527
-0.163114
-0.159222
-0.153643
-0.14652
-0.138005
-0.128356
-0.117815
-0.10672
-0.0953502
-0.0840493
-0.0730516
-0.0626128
-0.0528625
-0.0439075
-0.0357151
-0.0282598
-0.0213589
-0.0149556
-0.00879815
-0.00294703
-0.118082
-0.127881
-0.136961
-0.145133
-0.152223
-0.158081
-0.162542
-0.16546
-0.1667
-0.166196
-0.163912
-0.159889
-0.154178
-0.146926
-0.138286
-0.128523
-0.11788
-0.106699
-0.0952636
-0.0839141
-0.0728911
-0.0624421
-0.0527007
-0.0437592
-0.0355952
-0.0281607
-0.0212912
-0.0149036
-0.00876964
-0.00293557
-0.119993
-0.129935
-0.139032
-0.147152
-0.154171
-0.159948
-0.164308
-0.167094
-0.168174
-0.167495
-0.165029
-0.160822
-0.154926
-0.147491
-0.138678
-0.128753
-0.11797
-0.106668
-0.0951398
-0.0837229
-0.0726649
-0.0622019
-0.0524733
-0.043551
-0.0354273
-0.0280221
-0.0211971
-0.0148307
-0.00873026
-0.00291881
-0.122417
-0.132533
-0.141635
-0.149685
-0.156615
-0.162291
-0.166519
-0.169134
-0.17001
-0.169112
-0.16642
-0.161982
-0.155854
-0.148192
-0.139163
-0.129037
-0.118076
-0.106624
-0.0949815
-0.0834813
-0.0723805
-0.0619006
-0.0521891
-0.0432908
-0.0352184
-0.0278496
-0.0210809
-0.0147396
-0.00868204
-0.00289707
-0.125323
-0.135629
-0.144715
-0.152675
-0.1595
-0.165054
-0.169121
-0.171527
-0.17216
-0.171003
-0.168045
-0.163336
-0.156936
-0.149005
-0.139723
-0.129361
-0.118195
-0.106566
-0.0947909
-0.0831942
-0.0720444
-0.0615458
-0.0518555
-0.0429858
-0.0349746
-0.0276483
-0.0209464
-0.0146331
-0.00862681
-0.00287055
-0.128679
-0.139178
-0.148222
-0.156071
-0.162777
-0.168187
-0.172061
-0.174222
-0.174577
-0.173128
-0.169869
-0.164852
-0.158144
-0.149913
-0.140344
-0.129718
-0.118319
-0.106493
-0.0945695
-0.0828658
-0.0716625
-0.0611441
-0.0514791
-0.0426423
-0.0347012
-0.0274228
-0.0207972
-0.0145134
-0.00856625
-0.0028394
-0.13246
-0.143144
-0.152111
-0.159828
-0.166399
-0.171644
-0.175292
-0.177174
-0.17722
-0.175449
-0.171858
-0.166503
-0.159457
-0.150896
-0.141014
-0.130098
-0.118445
-0.106404
-0.0943189
-0.0824998
-0.0712399
-0.0607015
-0.0510658
-0.042266
-0.0344031
-0.0271772
-0.0206363
-0.0143826
-0.00850181
-0.0028037
-0.136643
-0.147491
-0.156341
-0.163906
-0.170325
-0.175381
-0.178773
-0.180343
-0.180053
-0.177934
-0.173985
-0.168265
-0.160855
-0.151939
-0.14172
-0.130493
-0.118568
-0.106297
-0.0940405
-0.0820997
-0.0707811
-0.0602232
-0.050621
-0.041862
-0.0340845
-0.0269152
-0.0204665
-0.0142424
-0.00843478
-0.00276355
-0.141207
-0.152185
-0.160875
-0.168267
-0.174519
-0.179361
-0.182462
-0.183693
-0.183043
-0.180555
-0.176223
-0.170116
-0.162319
-0.153028
-0.142453
-0.130898
-0.118684
-0.106173
-0.0937358
-0.0816687
-0.0702905
-0.0597142
-0.0501492
-0.0414349
-0.0337494
-0.0266401
-0.02029
-0.0140948
-0.00836619
-0.002719
-0.146132
-0.157194
-0.165678
-0.172876
-0.178945
-0.183545
-0.186325
-0.187191
-0.186161
-0.183284
-0.178549
-0.172035
-0.163834
-0.154152
-0.143203
-0.131306
-0.118791
-0.10603
-0.0934061
-0.0812097
-0.0697719
-0.0591789
-0.049655
-0.0409889
-0.033401
-0.026355
-0.020109
-0.0139413
-0.00829692
-0.00267013
-0.151396
-0.162485
-0.170716
-0.177702
-0.183571
-0.187898
-0.190327
-0.190808
-0.189381
-0.186097
-0.180943
-0.174007
-0.165386
-0.155298
-0.143963
-0.131712
-0.118887
-0.105868
-0.0930529
-0.0807258
-0.069229
-0.0586215
-0.0491421
-0.0405277
-0.0330424
-0.0260625
-0.0199252
-0.0137834
-0.00822763
-0.00261703
-0.156978
-0.168024
-0.175956
-0.182713
-0.188363
-0.192388
-0.194437
-0.194516
-0.192678
-0.188972
-0.183384
-0.176015
-0.166963
-0.156459
-0.144726
-0.132113
-0.118969
-0.105688
-0.0926779
-0.0802198
-0.0686651
-0.0580457
-0.0486141
-0.0400548
-0.0326763
-0.025765
-0.0197401
-0.0136226
-0.00815886
-0.00255989
-0.162856
-0.173777
-0.181369
-0.187882
-0.193292
-0.196983
-0.198629
-0.198291
-0.19603
-0.191891
-0.185858
-0.178047
-0.168553
-0.157626
-0.145486
-0.132505
-0.119035
-0.10549
-0.0922827
-0.0796942
-0.0680833
-0.0574551
-0.0480744
-0.0395732
-0.0323051
-0.0254646
-0.019555
-0.0134602
-0.00809098
-0.00249895
-0.169004
-0.17971
-0.186924
-0.19318
-0.198328
-0.201655
-0.202878
-0.202113
-0.199417
-0.194836
-0.18835
-0.180089
-0.170148
-0.158792
-0.146238
-0.132885
-0.119085
-0.105275
-0.0918689
-0.0791517
-0.0674867
-0.0568529
-0.0475258
-0.0390857
-0.0319308
-0.0251633
-0.0193711
-0.0132972
-0.00802431
-0.00243452
-0.175397
-0.185789
-0.192594
-0.198583
-0.203443
-0.206376
-0.207161
-0.205961
-0.202823
-0.197792
-0.190846
-0.182133
-0.171739
-0.15995
-0.146979
-0.133252
-0.119119
-0.105042
-0.0914385
-0.078595
-0.0668782
-0.0562423
-0.0469712
-0.0385949
-0.0315556
-0.0248627
-0.0191892
-0.0131345
-0.00795904
-0.00236695
-0.182004
-0.19198
-0.198354
-0.204067
-0.20861
-0.211123
-0.21146
-0.209817
-0.20623
-0.200745
-0.193336
-0.184168
-0.173318
-0.161096
-0.147705
-0.133602
-0.119135
-0.104794
-0.0909932
-0.0780265
-0.0662605
-0.0556261
-0.0464131
-0.038103
-0.031181
-0.0245643
-0.0190102
-0.0129731
-0.00789531
-0.00229662
-0.188795
-0.19825
-0.20418
-0.209609
-0.213805
-0.215875
-0.215756
-0.213665
-0.209626
-0.203683
-0.19581
-0.186187
-0.174881
-0.162226
-0.148413
-0.133937
-0.119134
-0.104532
-0.090535
-0.0774488
-0.0656364
-0.055007
-0.0458541
-0.0376123
-0.0308087
-0.0242694
-0.0188348
-0.0128138
-0.00783322
-0.00222392
-0.195733
-0.204569
-0.21005
-0.215184
-0.219003
-0.220611
-0.220034
-0.217491
-0.212996
-0.206595
-0.198258
-0.188183
-0.176421
-0.163335
-0.149101
-0.134253
-0.119117
-0.104256
-0.0900661
-0.0768644
-0.0650085
-0.0543876
-0.0452963
-0.0371247
-0.0304401
-0.0239791
-0.0186634
-0.0126571
-0.00777278
-0.00214929
-0.202777
-0.210905
-0.21594
-0.220769
-0.224181
-0.225315
-0.224277
-0.221279
-0.216328
-0.20947
-0.200672
-0.190148
-0.177933
-0.16442
-0.149767
-0.134552
-0.119083
-0.103969
-0.0895887
-0.0762759
-0.0643796
-0.0537706
-0.0447422
-0.0366422
-0.0300766
-0.0236945
-0.0184967
-0.0125035
-0.00771398
-0.00207314
-0.209884
-0.217229
-0.221831
-0.226339
-0.22932
-0.229969
-0.228471
-0.225016
-0.21961
-0.212298
-0.203044
-0.192076
-0.179412
-0.165477
-0.150409
-0.134832
-0.119035
-0.103672
-0.0891052
-0.0756861
-0.0637525
-0.0531586
-0.044194
-0.0361665
-0.0297195
-0.0234165
-0.0183348
-0.0123536
-0.00765673
-0.00199593
-0.217009
-0.223513
-0.227701
-0.231869
-0.234398
-0.234557
-0.232601
-0.228688
-0.222831
-0.215069
-0.205366
-0.193959
-0.180853
-0.166504
-0.151025
-0.135093
-0.118972
-0.103367
-0.0886183
-0.0750978
-0.06313
-0.0525541
-0.0436539
-0.0356994
-0.0293698
-0.0231458
-0.018178
-0.0122076
-0.00760096
-0.00191809
-0.224106
-0.229734
-0.233529
-0.237337
-0.239397
-0.239063
-0.236651
-0.23228
-0.225977
-0.217772
-0.207626
-0.195791
-0.182251
-0.167496
-0.151615
-0.135335
-0.118897
-0.103057
-0.0881306
-0.0745137
-0.0625149
-0.0519595
-0.0431239
-0.0352426
-0.0290289
-0.0228832
-0.0180266
-0.0120659
-0.00754654
-0.00184009
-0.231126
-0.235867
-0.239296
-0.242717
-0.244296
-0.243468
-0.240603
-0.235775
-0.229034
-0.220393
-0.209816
-0.197562
-0.1836
-0.16845
-0.152175
-0.135558
-0.11881
-0.102743
-0.0876451
-0.073937
-0.0619102
-0.0513775
-0.0426063
-0.0347976
-0.0286975
-0.0226291
-0.0178806
-0.0119287
-0.00749333
-0.00176234
-0.238022
-0.241889
-0.244979
-0.247982
-0.249073
-0.247751
-0.244433
-0.239152
-0.231983
-0.222917
-0.211924
-0.199264
-0.184893
-0.169361
-0.152705
-0.135763
-0.118713
-0.102427
-0.0871646
-0.0733705
-0.0613186
-0.0508103
-0.0421028
-0.0343658
-0.0283766
-0.0223839
-0.01774
-0.011796
-0.00744117
-0.00168528
-0.244738
-0.247773
-0.250548
-0.253098
-0.253696
-0.251886
-0.248117
-0.242388
-0.234806
-0.225329
-0.213934
-0.200886
-0.186122
-0.170226
-0.153202
-0.135947
-0.118607
-0.102113
-0.0866916
-0.0728167
-0.0607425
-0.0502599
-0.0416152
-0.0339485
-0.028067
-0.0221481
-0.0176047
-0.011668
-0.0073899
-0.00160929
-0.251201
-0.253489
-0.255967
-0.258022
-0.258126
-0.255829
-0.251634
-0.24546
-0.23748
-0.227608
-0.215835
-0.202418
-0.187282
-0.171038
-0.153665
-0.136112
-0.118494
-0.101802
-0.0862292
-0.0722788
-0.0601849
-0.0497289
-0.0411455
-0.0335472
-0.0277696
-0.0219221
-0.0174748
-0.0115447
-0.00733948
-0.00153477
-0.257368
-0.259014
-0.261211
-0.262728
-0.262339
-0.259533
-0.25497
-0.248339
-0.239986
-0.229746
-0.21762
-0.203859
-0.188374
-0.171804
-0.1541
-0.136265
-0.118382
-0.101501
-0.085784
-0.0717622
-0.0596503
-0.0492207
-0.0406964
-0.0331637
-0.0274856
-0.0217067
-0.017351
-0.0114266
-0.00729017
-0.00146219
-0.263287
-0.264317
-0.266262
-0.267216
-0.266352
-0.263046
-0.257772
-0.250994
-0.24234
-0.231759
-0.219306
-0.205225
-0.189413
-0.172537
-0.154518
-0.136415
-0.118278
-0.101216
-0.08536
-0.0712695
-0.05914
-0.0487356
-0.0402678
-0.0327977
-0.0272147
-0.0215012
-0.0172324
-0.0113132
-0.00724152
-0.00139168
-0.268936
-0.269172
-0.270916
-0.271354
-0.27013
-0.266539
-0.261458
-0.253674
-0.244574
-0.233629
-0.220847
-0.206451
-0.190327
-0.17316
-0.154845
-0.136492
-0.118119
-0.100892
-0.0849122
-0.0707652
-0.0586268
-0.0482535
-0.039844
-0.0324378
-0.0269467
-0.0212974
-0.0171108
-0.0111988
-0.00718932
-0.00132225
-0.274105
-0.272898
-0.274427
-0.274237
-0.27252
-0.268309
-0.262333
-0.254968
-0.245718
-0.234559
-0.221571
-0.206966
-0.190629
-0.173263
-0.154745
-0.136227
-0.1177
-0.100376
-0.0843271
-0.0701657
-0.0580478
-0.047726
-0.039386
-0.0320534
-0.0266553
-0.0210745
-0.0169683
-0.0110696
-0.00712479
-0.00124641
-0.278064
-0.277667
-0.27915
-0.278121
-0.275717
-0.270826
-0.264631
-0.256293
-0.246492
-0.234871
-0.22151
-0.206568
-0.189947
-0.172355
-0.153648
-0.135021
-0.116424
-0.099124
-0.0831321
-0.069087
-0.0571068
-0.0469348
-0.0387413
-0.0315404
-0.0262813
-0.0207948
-0.0167908
-0.0109108
-0.00704647
-0.00116023
-0.282275
-0.28164
-0.282621
-0.280682
-0.277666
-0.272149
-0.265484
-0.257054
-0.247021
-0.235116
-0.2215
-0.206306
-0.189452
-0.171654
-0.152761
-0.134017
-0.115329
-0.0980252
-0.0820563
-0.0680985
-0.0562269
-0.0461854
-0.0381209
-0.0310423
-0.0259129
-0.0205165
-0.0166098
-0.0107474
-0.00696341
-0.00107132
-0.286317
-0.285339
-0.285953
-0.283227
-0.279769
-0.273847
-0.266814
-0.257841
-0.247455
-0.235233
-0.221367
-0.205933
-0.188869
-0.170895
-0.151842
-0.133004
-0.114245
-0.0969508
-0.0810146
-0.0671476
-0.0553852
-0.0454701
-0.0375297
-0.0305673
-0.0255609
-0.0202488
-0.0164337
-0.010587
-0.00687959
-0.000982472
-0.290143
-0.2885
-0.2887
-0.285155
-0.281215
-0.274668
-0.267513
-0.258274
-0.247676
-0.235213
-0.221144
-0.205505
-0.188259
-0.170127
-0.150931
-0.132012
-0.11319
-0.0959098
-0.0800072
-0.0662306
-0.0545747
-0.044782
-0.0369615
-0.0301107
-0.0252219
-0.0199892
-0.0162606
-0.0104286
-0.00679464
-0.000894318
-0.293813
-0.291033
-0.290935
-0.286684
-0.282464
-0.275649
-0.268149
-0.258567
-0.24775
-0.235063
-0.220821
-0.205005
-0.187608
-0.169342
-0.150027
-0.131044
-0.112172
-0.0949133
-0.0790464
-0.0653589
-0.0538048
-0.0441288
-0.0364214
-0.0296761
-0.0248973
-0.0197384
-0.0160901
-0.010272
-0.00670817
-0.000807235
-0.297191
-0.292978
-0.292643
-0.287747
-0.283279
-0.27607
-0.268423
-0.25862
-0.247653
-0.234785
-0.220405
-0.204443
-0.18692
-0.168546
-0.149135
-0.130105
-0.111195
-0.0939654
-0.0781368
-0.0645371
-0.0530803
-0.0435144
-0.035913
-0.0292664
-0.0245892
-0.0194975
-0.0159227
-0.0101179
-0.00662025
-0.000721819
-0.300359
-0.29426
-0.293896
-0.288417
-0.28379
-0.276365
-0.268541
-0.258516
-0.247419
-0.234395
-0.219907
-0.203823
-0.186203
-0.167744
-0.148259
-0.129199
-0.110266
-0.0930714
-0.0772839
-0.0637703
-0.0524054
-0.0429424
-0.0354392
-0.028884
-0.024299
-0.0192677
-0.0157589
-0.00996678
-0.0065311
-0.000638735
-0.303083
-0.294943
-0.294749
-0.288777
-0.284085
-0.276367
-0.268439
-0.258252
-0.24706
-0.233912
-0.219339
-0.203157
-0.185463
-0.166941
-0.147405
-0.12833
-0.109388
-0.0922356
-0.0764921
-0.0630624
-0.0517837
-0.042416
-0.0350026
-0.028531
-0.0240282
-0.01905
-0.0155992
-0.00981956
-0.00644115
-0.000558645
-0.304964
-0.295225
-0.295302
-0.288841
-0.284131
-0.276211
-0.268208
-0.257871
-0.246608
-0.233353
-0.218718
-0.202458
-0.184712
-0.166146
-0.146579
-0.127504
-0.108565
-0.0914614
-0.0757647
-0.0624165
-0.0512177
-0.0419374
-0.034605
-0.0282091
-0.023778
-0.0188456
-0.0154445
-0.00967714
-0.006351
-0.000482209
-0.305978
-0.295253
-0.295585
-0.2887
-0.284037
-0.275898
-0.267858
-0.257396
-0.246086
-0.232742
-0.218062
-0.201742
-0.183962
-0.165369
-0.145787
-0.126725
-0.107802
-0.0907513
-0.075104
-0.0618342
-0.050709
-0.0415079
-0.0342477
-0.0279195
-0.0235495
-0.0186555
-0.0152959
-0.00954062
-0.00626151
-0.000410075
-0.306314
-0.295134
-0.295642
-0.288416
-0.283801
-0.27549
-0.267437
-0.256863
-0.245521
-0.232102
-0.21739
-0.201025
-0.183226
-0.164618
-0.145038
-0.125998
-0.107102
-0.0901074
-0.0745111
-0.0613162
-0.050258
-0.041128
-0.0339312
-0.0276628
-0.0233436
-0.018481
-0.0151547
-0.00941129
-0.00617381
-0.00034287
-0.30626
-0.294867
-0.295559
-0.288016
-0.283494
-0.275017
-0.266963
-0.256301
-0.244933
-0.231458
-0.216723
-0.200324
-0.182516
-0.163906
-0.144338
-0.125329
-0.106467
-0.0895308
-0.0739864
-0.0608622
-0.0498642
-0.0407972
-0.0336553
-0.0274392
-0.0231608
-0.018323
-0.0150224
-0.0092906
-0.00608928
-0.0002812
-0.305837
-0.294553
-0.295317
-0.287578
-0.283127
-0.274513
-0.266487
-0.255729
-0.244359
-0.230826
-0.216078
-0.199657
-0.18185
-0.163243
-0.143696
-0.124722
-0.105901
-0.0890224
-0.0735297
-0.0604709
-0.0495265
-0.0405145
-0.0334193
-0.027248
-0.0230014
-0.0181827
-0.0149009
-0.00918008
-0.00600952
-0.000225641
-0.305133
-0.294281
-0.29495
-0.287167
-0.2827
-0.274048
-0.265983
-0.255202
-0.243799
-0.230243
-0.215483
-0.199042
-0.181236
-0.162641
-0.143121
-0.124184
-0.105406
-0.0885833
-0.07314
-0.0601408
-0.0492429
-0.0402781
-0.0332218
-0.0270883
-0.0228656
-0.0180609
-0.0147918
-0.00908135
-0.00593629
-0.000176746
-0.30441
-0.293889
-0.294603
-0.286731
-0.282313
-0.273589
-0.265538
-0.254709
-0.243297
-0.229713
-0.214943
-0.198496
-0.180701
-0.162116
-0.142619
-0.123721
-0.104986
-0.0882142
-0.0728168
-0.0598699
-0.0490113
-0.040086
-0.0330612
-0.0269588
-0.0227531
-0.0179583
-0.0146972
-0.00899602
-0.00587147
-0.000135035
-0.3037
-0.293513
-0.294272
-0.286345
-0.281952
-0.273195
-0.265142
-0.254288
-0.242866
-0.229264
-0.214489
-0.198033
-0.180247
-0.161675
-0.142208
-0.123339
-0.104644
-0.0879165
-0.072559
-0.0596563
-0.0488295
-0.0399358
-0.0329356
-0.0268577
-0.0226638
-0.0178756
-0.014619
-0.00892565
-0.0058169
-0.000100989
-0.303083
-0.293168
-0.293999
-0.286019
-0.281676
-0.272874
-0.26483
-0.253952
-0.242525
-0.22891
-0.214131
-0.197672
-0.179895
-0.161331
-0.141888
-0.123047
-0.104381
-0.0876916
-0.0723663
-0.0594982
-0.0486956
-0.0398255
-0.0328431
-0.0267835
-0.022597
-0.0178132
-0.0145586
-0.00887159
-0.00577428
-7.50349e-05
-0.302631
-0.292913
-0.293805
-0.285787
-0.281472
-0.272651
-0.264611
-0.25372
-0.24229
-0.228666
-0.213886
-0.197424
-0.179652
-0.161096
-0.14167
-0.122846
-0.104205
-0.0875407
-0.0722382
-0.0593943
-0.0486079
-0.0397533
-0.0327823
-0.0267346
-0.0225526
-0.0177714
-0.0145177
-0.00883497
-0.00574504
-5.7521e-05
-0.30239
-0.292775
-0.293704
-0.285666
-0.28137
-0.272535
-0.264499
-0.253601
-0.24217
-0.228542
-0.213761
-0.197298
-0.179529
-0.160976
-0.141558
-0.122743
-0.104116
-0.087465
-0.0721748
-0.0593435
-0.0485651
-0.0397178
-0.0327518
-0.02671
-0.0225301
-0.0177505
-0.014497
-0.00881659
-0.00573021
-4.86975e-05
)
;

boundaryField
{
    inlet
    {
        type            zeroGradient;
    }
    outlet
    {
        type            fixedValue;
        value           uniform 0;
    }
    cylinder
    {
        type            zeroGradient;
    }
    top
    {
        type            symmetryPlane;
    }
    bottom
    {
        type            symmetryPlane;
    }
    defaultFaces
    {
        type            empty;
    }
}


// ************************************************************************* //
