/*--------------------------------*- C++ -*----------------------------------*\
  =========                 |
  \\      /  F ield         | OpenFOAM: The Open Source CFD Toolbox
   \\    /   O peration     | Website:  https://openfoam.org
    \\  /    A nd           | Version:  9
     \\/     M anipulation  |
\*---------------------------------------------------------------------------*/
FoamFile
{
    format      ascii;
    class       volScalarField;
    location    "48";
    object      p;
}
// * * * * * * * * * * * * * * * * * * * * * * * * * * * * * * * * * * * * * //

dimensions      [0 2 -2 0 0 0 0];

internalField   nonuniform List<scalar> 
8500
(
-0.278648
-0.282861
-0.283697
-0.285444
-0.287529
-0.287775
-0.291527
-0.287903
-0.294073
-0.286758
-0.278912
-0.283064
-0.283894
-0.28561
-0.287727
-0.287869
-0.291824
-0.287838
-0.294485
-0.286645
-0.279435
-0.283466
-0.284281
-0.285934
-0.288115
-0.288046
-0.292409
-0.287692
-0.295306
-0.286417
-0.280202
-0.284055
-0.284847
-0.2864
-0.288677
-0.288286
-0.293262
-0.287436
-0.296523
-0.28607
-0.281195
-0.284816
-0.285571
-0.286987
-0.289387
-0.288564
-0.294349
-0.287032
-0.298113
-0.285601
-0.282392
-0.28573
-0.286432
-0.287668
-0.290209
-0.288852
-0.295617
-0.286446
-0.300036
-0.284992
-0.283766
-0.286777
-0.287404
-0.288415
-0.291101
-0.289129
-0.296988
-0.285648
-0.302235
-0.284182
-0.285291
-0.287934
-0.288459
-0.289197
-0.292011
-0.289379
-0.298369
-0.284625
-0.304619
-0.283164
-0.286941
-0.289181
-0.289567
-0.289991
-0.292881
-0.289599
-0.299644
-0.283451
-0.30675
-0.282145
-0.288693
-0.290498
-0.290703
-0.290774
-0.293654
-0.289805
-0.300594
-0.282356
-0.30855
-0.28075
-0.290527
-0.29187
-0.291839
-0.291531
-0.294273
-0.290084
-0.301086
-0.281234
-0.309978
-0.279134
-0.292431
-0.293285
-0.292959
-0.292253
-0.294635
-0.290479
-0.301134
-0.280156
-0.310628
-0.277774
-0.294398
-0.294738
-0.29405
-0.292959
-0.29476
-0.290863
-0.300735
-0.279443
-0.309952
-0.277225
-0.296432
-0.296228
-0.295104
-0.293625
-0.294705
-0.291182
-0.299825
-0.279258
-0.307557
-0.277518
-0.298544
-0.297763
-0.296134
-0.294233
-0.294516
-0.291416
-0.298466
-0.279523
-0.303423
-0.27785
-0.30076
-0.299349
-0.297176
-0.294788
-0.294245
-0.291373
-0.296784
-0.27987
-0.298048
-0.277126
-0.303115
-0.301008
-0.29826
-0.29532
-0.293967
-0.291014
-0.294865
-0.279913
-0.292077
-0.274823
-0.305647
-0.302772
-0.29942
-0.29587
-0.293742
-0.290359
-0.29268
-0.279456
-0.285767
-0.270955
-0.308407
-0.304674
-0.3007
-0.296475
-0.293576
-0.289519
-0.290136
-0.278426
-0.279049
-0.265943
-0.31145
-0.306757
-0.30215
-0.29716
-0.29343
-0.288614
-0.287212
-0.276683
-0.271967
-0.260567
-0.314831
-0.309069
-0.303821
-0.297924
-0.293276
-0.287684
-0.283982
-0.274001
-0.265139
-0.255315
-0.318595
-0.311679
-0.305753
-0.298755
-0.293148
-0.286667
-0.280528
-0.270325
-0.25901
-0.248795
-0.322815
-0.314639
-0.307951
-0.29966
-0.293101
-0.285443
-0.276881
-0.265921
-0.252857
-0.242055
-0.327557
-0.318015
-0.310377
-0.300722
-0.293132
-0.283905
-0.273041
-0.260925
-0.246704
-0.235269
-0.332881
-0.321857
-0.312981
-0.30207
-0.293151
-0.281994
-0.268962
-0.255537
-0.240436
-0.228394
-0.338856
-0.326178
-0.315766
-0.303781
-0.293037
-0.279681
-0.264622
-0.249849
-0.23403
-0.221494
-0.345554
-0.330929
-0.318844
-0.305777
-0.292688
-0.276963
-0.260004
-0.243925
-0.227486
-0.214503
-0.353048
-0.336014
-0.322419
-0.307858
-0.292027
-0.273845
-0.2551
-0.237786
-0.220791
-0.207419
-0.361379
-0.341329
-0.326674
-0.309806
-0.290983
-0.270329
-0.2499
-0.231435
-0.21394
-0.200204
-0.370522
-0.346812
-0.331653
-0.311468
-0.289489
-0.266409
-0.244395
-0.224863
-0.206915
-0.192837
-0.380361
-0.352477
-0.337177
-0.312747
-0.287479
-0.262067
-0.238567
-0.21805
-0.199697
-0.185291
-0.390671
-0.3584
-0.342858
-0.313566
-0.284902
-0.257274
-0.232392
-0.210976
-0.192264
-0.177544
-0.401121
-0.364679
-0.348209
-0.313835
-0.281713
-0.251992
-0.225843
-0.203616
-0.184591
-0.169577
-0.411392
-0.371376
-0.352771
-0.313441
-0.277872
-0.246186
-0.218889
-0.195942
-0.176657
-0.161369
-0.42118
-0.378456
-0.356191
-0.312251
-0.273339
-0.239819
-0.211495
-0.187926
-0.168441
-0.152904
-0.430228
-0.385748
-0.358248
-0.310129
-0.268067
-0.23286
-0.20363
-0.179541
-0.159921
-0.144165
-0.438333
-0.392927
-0.358838
-0.30695
-0.262005
-0.225275
-0.195263
-0.170761
-0.151076
-0.135138
-0.445336
-0.399537
-0.357948
-0.302612
-0.2551
-0.21703
-0.186367
-0.161564
-0.141889
-0.125817
-0.451108
-0.405053
-0.355604
-0.297048
-0.247298
-0.208091
-0.176915
-0.151928
-0.132345
-0.116213
-0.455541
-0.408998
-0.351789
-0.290208
-0.23855
-0.198427
-0.166885
-0.141837
-0.122432
-0.106349
-0.458534
-0.411037
-0.346381
-0.282049
-0.228814
-0.188007
-0.156259
-0.131273
-0.112137
-0.0962436
-0.45998
-0.41089
-0.339288
-0.272526
-0.218056
-0.176806
-0.14502
-0.120221
-0.101454
-0.0858738
-0.459748
-0.408356
-0.330448
-0.261601
-0.206246
-0.164807
-0.133155
-0.108671
-0.0903904
-0.075179
-0.457682
-0.4033
-0.319816
-0.249249
-0.193366
-0.151994
-0.12065
-0.096611
-0.0789903
-0.0640788
-0.453594
-0.395631
-0.307342
-0.235469
-0.179403
-0.138353
-0.107495
-0.0840449
-0.0672995
-0.0525504
-0.447278
-0.38529
-0.292988
-0.220267
-0.164344
-0.12388
-0.0936968
-0.0710112
-0.0552934
-0.0407262
-0.438517
-0.372242
-0.276732
-0.20364
-0.148173
-0.108597
-0.0792936
-0.0575908
-0.0428596
-0.0286983
-0.427101
-0.35647
-0.258568
-0.185587
-0.130898
-0.0925671
-0.0643499
-0.0437621
-0.0300064
-0.0164727
-0.412836
-0.337974
-0.238489
-0.166129
-0.112604
-0.0758489
-0.0488233
-0.0295347
-0.0167801
-0.00405603
-0.395561
-0.316771
-0.216484
-0.145352
-0.0934437
-0.0583438
-0.032755
-0.0149221
-0.00322858
0.0085382
-0.37516
-0.29292
-0.192553
-0.123409
-0.0733564
-0.0401071
-0.0161852
5.13651e-05
0.0106053
0.0212833
-0.351566
-0.266549
-0.166779
-0.100273
-0.0523868
-0.0211982
0.000842551
0.015353
0.0246802
0.0341428
-0.324766
-0.237825
-0.139351
-0.0758577
-0.0305931
-0.00168335
0.0182804
0.0309432
0.0389562
0.0470723
-0.294809
-0.206779
-0.110405
-0.0502813
-0.00804268
0.0183672
0.0360741
0.046778
0.0533968
0.0600273
-0.261814
-0.173149
-0.0803345
-0.0236871
0.0151902
0.0388785
0.0541631
0.062812
0.0679709
0.0729641
-0.225957
-0.137241
-0.0490891
0.00377494
0.0390189
0.0597706
0.0724825
0.0790038
0.0826461
0.0858123
-0.187337
-0.0994623
-0.0167205
0.0319585
0.0633434
0.0809585
0.0909671
0.0953194
0.097367
0.0983983
-0.145922
-0.0604464
0.0166417
0.060721
0.0880528
0.102352
0.109555
0.111725
0.112021
0.110386
-0.102196
-0.0203522
0.0508178
0.0899195
0.113027
0.123859
0.128185
0.128162
0.126434
0.121486
-0.0565185
0.0206289
0.0856038
0.119405
0.138142
0.145384
0.146789
0.14452
0.140442
0.132016
-0.00926826
0.06226
0.12078
0.149021
0.163265
0.166829
0.165284
0.160657
0.153994
0.143294
0.0391523
0.104277
0.156117
0.178604
0.188263
0.188094
0.183571
0.176463
0.167291
0.155102
0.0883243
0.146399
0.191381
0.207983
0.213001
0.209073
0.201555
0.191906
0.180381
0.166952
0.137817
0.188333
0.226334
0.236984
0.237341
0.229658
0.219142
0.20694
0.193211
0.178668
0.187192
0.229781
0.260738
0.265433
0.261144
0.249738
0.236243
0.221516
0.205708
0.190068
0.23601
0.270442
0.294358
0.293151
0.284272
0.269203
0.252772
0.235579
0.217804
0.201057
0.283834
0.310016
0.32696
0.319963
0.306589
0.287945
0.268645
0.249066
0.229433
0.211555
0.330234
0.348211
0.358319
0.345698
0.32796
0.305856
0.28378
0.261913
0.240529
0.221502
0.374791
0.384748
0.388215
0.370188
0.348256
0.322835
0.298098
0.274057
0.251034
0.230849
0.417095
0.419366
0.416441
0.39327
0.36735
0.338781
0.311522
0.285437
0.260888
0.239554
0.45677
0.451808
0.442798
0.414791
0.385123
0.353601
0.32398
0.295994
0.270038
0.247578
0.493518
0.481786
0.467098
0.434604
0.401463
0.367208
0.335403
0.305672
0.278432
0.254888
0.527042
0.509044
0.489163
0.452573
0.416265
0.379519
0.345727
0.314419
0.286022
0.261452
0.557051
0.533365
0.508834
0.468576
0.429435
0.39046
0.354894
0.322186
0.292765
0.267244
0.583283
0.554563
0.525969
0.482503
0.440888
0.399966
0.362852
0.32893
0.298621
0.272243
0.605505
0.572477
0.540443
0.494258
0.450548
0.407978
0.369556
0.334611
0.303555
0.276432
0.623524
0.586974
0.55215
0.50376
0.458353
0.414448
0.374967
0.339197
0.307538
0.279796
0.637178
0.597942
0.561006
0.510944
0.464253
0.419335
0.379053
0.342661
0.310547
0.282325
0.646349
0.605301
0.566946
0.515761
0.468207
0.42261
0.381791
0.344981
0.312563
0.284014
0.650954
0.608994
0.569927
0.518178
0.470191
0.424253
0.383163
0.346145
0.313574
0.284859
0.650954
0.608994
0.569927
0.518178
0.470191
0.424252
0.383163
0.346145
0.313574
0.284859
0.646349
0.6053
0.566946
0.515761
0.468207
0.42261
0.381791
0.344981
0.312562
0.284014
0.637178
0.597942
0.561006
0.510944
0.464253
0.419335
0.379053
0.342661
0.310546
0.282325
0.623523
0.586973
0.55215
0.50376
0.458353
0.414447
0.374967
0.339197
0.307538
0.279795
0.605505
0.572477
0.540443
0.494257
0.450548
0.407978
0.369556
0.334611
0.303555
0.276431
0.583282
0.554563
0.525969
0.482503
0.440888
0.399966
0.362852
0.32893
0.298621
0.272243
0.557051
0.533364
0.508834
0.468576
0.429435
0.39046
0.354894
0.322186
0.292765
0.267244
0.527042
0.509044
0.489163
0.452573
0.416265
0.379518
0.345726
0.314418
0.286022
0.261451
0.493518
0.481786
0.467097
0.434604
0.401463
0.367207
0.335402
0.305671
0.278432
0.254887
0.45677
0.451807
0.442798
0.414791
0.385123
0.353601
0.32398
0.295993
0.270038
0.247578
0.417094
0.419365
0.416441
0.39327
0.367349
0.338781
0.311522
0.285436
0.260888
0.239554
0.37479
0.384747
0.388215
0.370187
0.348255
0.322834
0.298097
0.274056
0.251033
0.230849
0.330234
0.34821
0.358318
0.345698
0.32796
0.305856
0.283779
0.261912
0.240529
0.221502
0.283833
0.310015
0.32696
0.319963
0.306589
0.287944
0.268644
0.249065
0.229432
0.211554
0.236009
0.270441
0.294357
0.29315
0.284272
0.269203
0.252771
0.235579
0.217804
0.201057
0.187191
0.22978
0.260738
0.265432
0.261144
0.249738
0.236242
0.221516
0.205707
0.190068
0.137816
0.188333
0.226333
0.236984
0.237341
0.229658
0.219142
0.206939
0.193211
0.178668
0.0883232
0.146398
0.19138
0.207982
0.213001
0.209073
0.201555
0.191906
0.180381
0.166952
0.0391512
0.104276
0.156116
0.178603
0.188263
0.188093
0.18357
0.176463
0.16729
0.155101
-0.00926944
0.062259
0.120779
0.14902
0.163264
0.166829
0.165283
0.160656
0.153993
0.143294
-0.0565198
0.0206279
0.0856029
0.119404
0.138141
0.145383
0.146789
0.144519
0.140442
0.132016
-0.102198
-0.0203533
0.0508169
0.0899187
0.113027
0.123859
0.128184
0.128162
0.126433
0.121485
-0.145923
-0.0604475
0.0166407
0.0607201
0.088052
0.102352
0.109554
0.111725
0.112021
0.110385
-0.187339
-0.0994635
-0.0167215
0.0319575
0.0633426
0.0809577
0.0909665
0.0953188
0.0973665
0.0983978
-0.225958
-0.137242
-0.0490902
0.00377399
0.039018
0.0597699
0.0724818
0.0790032
0.0826455
0.0858117
-0.261815
-0.17315
-0.0803357
-0.0236881
0.0151893
0.0388777
0.0541623
0.0628114
0.0679703
0.0729635
-0.29481
-0.206781
-0.110406
-0.0502823
-0.00804361
0.0183664
0.0360733
0.0467773
0.0533962
0.0600267
-0.324768
-0.237826
-0.139352
-0.0758588
-0.030594
-0.00168422
0.0182796
0.0309425
0.0389555
0.0470717
-0.351568
-0.26655
-0.16678
-0.100274
-0.0523878
-0.0211991
0.000841728
0.0153523
0.0246795
0.0341421
-0.375162
-0.292922
-0.192554
-0.12341
-0.0733574
-0.040108
-0.016186
5.0588e-05
0.0106046
0.0212827
-0.395563
-0.316773
-0.216486
-0.145354
-0.0934448
-0.0583448
-0.0327559
-0.0149229
-0.00322931
0.00853754
-0.412838
-0.337975
-0.238491
-0.16613
-0.112605
-0.0758499
-0.0488242
-0.0295355
-0.0167809
-0.00405671
-0.427103
-0.356472
-0.258569
-0.185588
-0.130899
-0.0925681
-0.0643508
-0.0437629
-0.0300072
-0.0164734
-0.438519
-0.372243
-0.276734
-0.203641
-0.148174
-0.108598
-0.0792946
-0.0575917
-0.0428604
-0.028699
-0.44728
-0.385291
-0.292989
-0.220268
-0.164345
-0.123881
-0.0936978
-0.0710121
-0.0552943
-0.040727
-0.453596
-0.395632
-0.307343
-0.235471
-0.179405
-0.138355
-0.107496
-0.0840458
-0.0673004
-0.0525512
-0.457684
-0.403302
-0.319817
-0.24925
-0.193368
-0.151995
-0.120651
-0.0966119
-0.0789911
-0.0640796
-0.45975
-0.408358
-0.33045
-0.261602
-0.206247
-0.164809
-0.133156
-0.108672
-0.0903913
-0.0751798
-0.459981
-0.410891
-0.339289
-0.272528
-0.218057
-0.176808
-0.145021
-0.120222
-0.101455
-0.0858747
-0.458536
-0.411038
-0.346383
-0.282051
-0.228816
-0.188008
-0.15626
-0.131274
-0.112138
-0.0962445
-0.455543
-0.409
-0.351791
-0.29021
-0.238551
-0.198428
-0.166887
-0.141838
-0.122433
-0.10635
-0.45111
-0.405055
-0.355606
-0.29705
-0.247299
-0.208093
-0.176917
-0.15193
-0.132346
-0.116214
-0.445338
-0.399539
-0.35795
-0.302614
-0.255101
-0.217031
-0.186368
-0.161565
-0.14189
-0.125818
-0.438335
-0.392929
-0.35884
-0.306952
-0.262007
-0.225276
-0.195265
-0.170762
-0.151077
-0.135139
-0.43023
-0.38575
-0.358249
-0.310131
-0.268069
-0.232862
-0.203631
-0.179542
-0.159922
-0.144166
-0.421182
-0.378458
-0.356192
-0.312253
-0.273341
-0.239821
-0.211496
-0.187928
-0.168442
-0.152905
-0.411394
-0.371378
-0.352773
-0.313443
-0.277874
-0.246187
-0.21889
-0.195943
-0.176659
-0.16137
-0.401123
-0.364681
-0.348211
-0.313837
-0.281714
-0.251994
-0.225845
-0.203617
-0.184593
-0.169578
-0.390673
-0.358402
-0.34286
-0.313568
-0.284904
-0.257275
-0.232394
-0.210977
-0.192265
-0.177546
-0.380363
-0.352479
-0.337179
-0.312749
-0.287481
-0.262069
-0.238568
-0.218052
-0.199699
-0.185292
-0.370524
-0.346814
-0.331655
-0.31147
-0.28949
-0.266411
-0.244397
-0.224864
-0.206917
-0.192838
-0.361381
-0.341331
-0.326676
-0.309808
-0.290985
-0.27033
-0.249902
-0.231437
-0.213942
-0.200206
-0.35305
-0.336016
-0.32242
-0.30786
-0.292028
-0.273847
-0.255102
-0.237788
-0.220793
-0.207421
-0.345556
-0.330931
-0.318846
-0.305779
-0.292689
-0.276965
-0.260006
-0.243927
-0.227488
-0.214505
-0.338857
-0.32618
-0.315767
-0.303782
-0.293039
-0.279683
-0.264625
-0.249851
-0.234032
-0.221496
-0.332883
-0.321859
-0.312983
-0.302072
-0.293153
-0.281996
-0.268965
-0.255539
-0.240438
-0.228396
-0.327559
-0.318016
-0.310379
-0.300723
-0.293134
-0.283907
-0.273044
-0.260928
-0.246707
-0.235272
-0.322817
-0.314641
-0.307953
-0.299662
-0.293103
-0.285445
-0.276884
-0.265924
-0.25286
-0.242057
-0.318596
-0.31168
-0.305755
-0.298756
-0.29315
-0.286669
-0.28053
-0.270328
-0.259013
-0.248798
-0.314833
-0.30907
-0.303823
-0.297926
-0.293278
-0.287686
-0.283985
-0.274004
-0.265142
-0.255318
-0.311452
-0.306758
-0.302151
-0.297161
-0.293432
-0.288617
-0.287215
-0.276687
-0.271971
-0.260571
-0.308409
-0.304676
-0.300701
-0.296477
-0.293579
-0.289522
-0.290139
-0.27843
-0.279054
-0.265947
-0.305649
-0.302773
-0.299422
-0.295872
-0.293745
-0.290362
-0.292683
-0.27946
-0.285772
-0.27096
-0.303117
-0.30101
-0.298262
-0.295322
-0.293969
-0.291017
-0.294868
-0.279917
-0.292082
-0.274828
-0.300762
-0.299351
-0.297178
-0.29479
-0.294248
-0.291376
-0.296787
-0.279875
-0.298053
-0.277132
-0.298546
-0.297765
-0.296136
-0.294235
-0.294519
-0.291419
-0.29847
-0.279528
-0.303429
-0.277856
-0.296434
-0.29623
-0.295106
-0.293627
-0.294707
-0.291185
-0.299829
-0.279263
-0.307563
-0.277524
-0.2944
-0.294739
-0.294051
-0.292961
-0.294762
-0.290866
-0.300739
-0.279448
-0.309958
-0.277232
-0.292432
-0.293286
-0.292961
-0.292255
-0.294637
-0.290482
-0.301138
-0.280161
-0.310633
-0.277781
-0.290529
-0.291871
-0.291841
-0.291532
-0.294276
-0.290087
-0.30109
-0.281239
-0.309984
-0.279141
-0.288695
-0.290499
-0.290704
-0.290775
-0.293657
-0.289808
-0.300597
-0.28236
-0.308556
-0.280757
-0.286943
-0.289182
-0.289569
-0.289992
-0.292883
-0.289602
-0.299647
-0.283456
-0.306755
-0.282151
-0.285293
-0.287935
-0.28846
-0.289199
-0.292013
-0.289381
-0.298373
-0.284629
-0.304624
-0.28317
-0.283767
-0.286778
-0.287405
-0.288416
-0.291103
-0.289131
-0.296991
-0.285651
-0.30224
-0.284188
-0.282393
-0.285731
-0.286433
-0.28767
-0.290211
-0.288854
-0.295619
-0.286449
-0.30004
-0.284996
-0.281196
-0.284817
-0.285572
-0.286988
-0.289388
-0.288566
-0.294351
-0.287035
-0.298117
-0.285605
-0.280203
-0.284055
-0.284847
-0.286401
-0.288678
-0.288288
-0.293264
-0.287438
-0.296526
-0.286074
-0.279435
-0.283466
-0.284282
-0.285934
-0.288116
-0.288047
-0.29241
-0.287694
-0.295308
-0.286419
-0.278913
-0.283065
-0.283894
-0.28561
-0.287727
-0.287869
-0.291825
-0.287839
-0.294486
-0.286646
-0.278648
-0.282861
-0.283697
-0.285444
-0.287529
-0.287775
-0.291527
-0.287903
-0.294073
-0.286759
-0.294094
-0.284477
-0.285401
-0.277361
-0.273063
-0.264231
-0.256197
-0.245317
-0.233901
-0.220324
-0.205574
-0.189235
-0.171505
-0.153192
-0.133801
-0.115341
-0.0967279
-0.0804242
-0.0651766
-0.0524966
-0.04186
-0.0327838
-0.026272
-0.0197146
-0.016213
-0.0110239
-0.00904712
-0.00489826
-0.00351643
-0.000827941
-0.294334
-0.284613
-0.285502
-0.277483
-0.273165
-0.264348
-0.256311
-0.245439
-0.234023
-0.220449
-0.205697
-0.189357
-0.171621
-0.153304
-0.133905
-0.11544
-0.0968177
-0.0805036
-0.0652456
-0.0525507
-0.0419027
-0.032814
-0.0262967
-0.0197342
-0.0162329
-0.0110402
-0.00906041
-0.00490679
-0.00352229
-0.000834454
-0.294785
-0.284868
-0.285696
-0.277714
-0.273369
-0.264573
-0.256532
-0.245673
-0.23426
-0.220694
-0.205941
-0.189601
-0.171855
-0.15353
-0.134115
-0.115635
-0.096991
-0.0806557
-0.0653775
-0.052656
-0.0419894
-0.032879
-0.0263509
-0.0197763
-0.0162721
-0.0110709
-0.00908533
-0.0049238
-0.00353465
-0.000847684
-0.295401
-0.285212
-0.285967
-0.27804
-0.273645
-0.264895
-0.256846
-0.24601
-0.234601
-0.221047
-0.206295
-0.189956
-0.172197
-0.153863
-0.134422
-0.11592
-0.0972505
-0.0808796
-0.0655722
-0.0528134
-0.0421213
-0.0329804
-0.0264358
-0.0198421
-0.016331
-0.0111168
-0.00912205
-0.00494973
-0.00355353
-0.000867326
-0.296111
-0.285588
-0.286298
-0.278426
-0.274007
-0.26529
-0.257243
-0.246433
-0.235033
-0.221496
-0.206745
-0.190412
-0.17264
-0.154295
-0.134823
-0.116291
-0.0975878
-0.081174
-0.0658299
-0.0530241
-0.0422997
-0.0331201
-0.0265529
-0.0199334
-0.0164103
-0.0111789
-0.00917078
-0.0049852
-0.00357891
-0.000892934
-0.296833
-0.285979
-0.286645
-0.278862
-0.274394
-0.265749
-0.257689
-0.246927
-0.235535
-0.222025
-0.20728
-0.190953
-0.173164
-0.154808
-0.135312
-0.116744
-0.0980019
-0.0815375
-0.0661512
-0.0532898
-0.0425267
-0.0333005
-0.0267038
-0.0200522
-0.0165106
-0.0112583
-0.00923178
-0.00503091
-0.00361072
-0.000923937
-0.297537
-0.286251
-0.287011
-0.279273
-0.274822
-0.266215
-0.258193
-0.247455
-0.236094
-0.222606
-0.207871
-0.19156
-0.173768
-0.155398
-0.135875
-0.117272
-0.0984891
-0.0819692
-0.0665369
-0.0536123
-0.0428044
-0.0335243
-0.0268905
-0.0202006
-0.0166329
-0.0113562
-0.0093053
-0.00508759
-0.00364882
-0.000959661
-0.297961
-0.286564
-0.287253
-0.279711
-0.275189
-0.26672
-0.25867
-0.248027
-0.236668
-0.223237
-0.208512
-0.192221
-0.174424
-0.15605
-0.136505
-0.117867
-0.0990471
-0.0824678
-0.066988
-0.0539938
-0.043135
-0.0337939
-0.0271147
-0.0203807
-0.0167779
-0.0114737
-0.00939157
-0.00515588
-0.00369301
-0.000999355
-0.298015
-0.286832
-0.287336
-0.280112
-0.275496
-0.267193
-0.259144
-0.248589
-0.237255
-0.223879
-0.209174
-0.192916
-0.175124
-0.156752
-0.137193
-0.118524
-0.0996731
-0.0830328
-0.0675055
-0.0544362
-0.0435205
-0.0341116
-0.0273781
-0.020594
-0.0169462
-0.011612
-0.00949073
-0.00523627
-0.00374297
-0.00104222
-0.29768
-0.286951
-0.28728
-0.280396
-0.275733
-0.267601
-0.259566
-0.249123
-0.23782
-0.224517
-0.209842
-0.193628
-0.175852
-0.157493
-0.137932
-0.119239
-0.100364
-0.0836636
-0.0680899
-0.054941
-0.0439626
-0.0344792
-0.0276819
-0.020842
-0.0171385
-0.0117717
-0.00960282
-0.00532907
-0.00379831
-0.00108745
-0.296667
-0.286924
-0.286997
-0.280537
-0.275827
-0.267916
-0.259916
-0.249599
-0.238342
-0.225128
-0.210495
-0.19434
-0.176596
-0.158261
-0.138715
-0.120005
-0.101118
-0.0843591
-0.0687414
-0.055509
-0.044462
-0.0348976
-0.0280269
-0.0211254
-0.0173548
-0.0119531
-0.00972775
-0.00543437
-0.0038586
-0.00113425
-0.294789
-0.286643
-0.286446
-0.280474
-0.275784
-0.268073
-0.260148
-0.249981
-0.238793
-0.225687
-0.211114
-0.195037
-0.177341
-0.159049
-0.139533
-0.120818
-0.101932
-0.0851178
-0.0694591
-0.0561401
-0.0450187
-0.0353669
-0.028413
-0.0214442
-0.0175952
-0.0121563
-0.0098653
-0.00555198
-0.00392333
-0.00118187
-0.292068
-0.285962
-0.285594
-0.280116
-0.275486
-0.268074
-0.260252
-0.250246
-0.239153
-0.226172
-0.211681
-0.195702
-0.178077
-0.159845
-0.140381
-0.121674
-0.102802
-0.0859375
-0.0702411
-0.0568329
-0.0456316
-0.0358862
-0.0288393
-0.0217977
-0.0178593
-0.0123808
-0.0100151
-0.00568152
-0.003992
-0.00122965
-0.288902
-0.284683
-0.284344
-0.27945
-0.274985
-0.267778
-0.260136
-0.250354
-0.239388
-0.226563
-0.212179
-0.196321
-0.178793
-0.160642
-0.141253
-0.122568
-0.103724
-0.0868151
-0.0710843
-0.0575851
-0.0462983
-0.0364535
-0.0293045
-0.0221848
-0.0181462
-0.0126257
-0.0101766
-0.00582237
-0.00406412
-0.00127704
-0.285527
-0.282742
-0.282639
-0.27839
-0.274166
-0.267368
-0.259864
-0.250303
-0.239488
-0.226845
-0.212596
-0.196885
-0.179481
-0.161434
-0.142142
-0.123495
-0.104694
-0.0877466
-0.0719847
-0.0583928
-0.0470156
-0.037066
-0.0298061
-0.0226034
-0.0184548
-0.01289
-0.0103492
-0.00597374
-0.00413921
-0.00132358
-0.28186
-0.280213
-0.280408
-0.276865
-0.272926
-0.266377
-0.259234
-0.250016
-0.239418
-0.227
-0.212922
-0.197388
-0.180134
-0.162215
-0.143045
-0.124451
-0.105706
-0.0887269
-0.0729369
-0.0592514
-0.0477793
-0.0377202
-0.0303415
-0.0230512
-0.0187837
-0.0131722
-0.0105321
-0.00613467
-0.00421684
-0.00136897
-0.278037
-0.277056
-0.277665
-0.274942
-0.271483
-0.265583
-0.25853
-0.249585
-0.2392
-0.227026
-0.213149
-0.19782
-0.180747
-0.162981
-0.143956
-0.125432
-0.106756
-0.0897522
-0.0739364
-0.0601564
-0.0485849
-0.0384118
-0.0309072
-0.0235251
-0.0191309
-0.0134704
-0.0107244
-0.00630404
-0.00429662
-0.00141301
-0.273998
-0.273363
-0.274339
-0.272402
-0.269385
-0.263873
-0.257227
-0.248808
-0.238772
-0.226915
-0.213288
-0.198198
-0.181335
-0.16374
-0.144877
-0.126436
-0.107837
-0.0908117
-0.0749712
-0.0610967
-0.0494229
-0.0391331
-0.0314978
-0.0240209
-0.0194944
-0.0137827
-0.0109252
-0.00648103
-0.00437843
-0.00145572
-0.269791
-0.269395
-0.270873
-0.269846
-0.267441
-0.262565
-0.256339
-0.248047
-0.238247
-0.226675
-0.213303
-0.198465
-0.181837
-0.16444
-0.145766
-0.127431
-0.108927
-0.0918958
-0.0760402
-0.062075
-0.0502997
-0.03989
-0.0321194
-0.0245428
-0.0198771
-0.014111
-0.0111357
-0.00666581
-0.00446221
-0.00149702
-0.265834
-0.264632
-0.266156
-0.265969
-0.26425
-0.260055
-0.254121
-0.246731
-0.237479
-0.226372
-0.213372
-0.198869
-0.182525
-0.165349
-0.146866
-0.128626
-0.1102
-0.0931339
-0.0772296
-0.0631459
-0.0512397
-0.0406928
-0.0327681
-0.0250843
-0.0202696
-0.0144463
-0.0113488
-0.00685187
-0.00454529
-0.00153607
-0.260668
-0.260908
-0.262649
-0.263089
-0.261862
-0.258277
-0.253154
-0.24545
-0.236343
-0.225448
-0.212656
-0.198361
-0.182232
-0.165251
-0.146974
-0.128891
-0.110622
-0.093645
-0.0778129
-0.0637417
-0.0518171
-0.0412297
-0.0332299
-0.025493
-0.020579
-0.0147194
-0.0115291
-0.00701218
-0.00461866
-0.00157028
-0.255022
-0.256059
-0.258
-0.258958
-0.258092
-0.254799
-0.249554
-0.242776
-0.234116
-0.223586
-0.211127
-0.197145
-0.181333
-0.164638
-0.146661
-0.128818
-0.110788
-0.0939664
-0.0782614
-0.0642453
-0.0523305
-0.0417259
-0.0336604
-0.0258828
-0.0208697
-0.0149807
-0.0116971
-0.00716368
-0.00468571
-0.00160024
-0.249107
-0.25076
-0.252955
-0.254476
-0.254086
-0.251293
-0.246721
-0.240128
-0.231773
-0.221584
-0.209453
-0.19579
-0.18031
-0.163915
-0.146258
-0.128673
-0.110901
-0.0942503
-0.0786873
-0.0647391
-0.0528423
-0.042228
-0.0340981
-0.0262837
-0.0211676
-0.0152513
-0.0118692
-0.00732045
-0.00475361
-0.00162942
-0.242944
-0.245241
-0.247716
-0.249776
-0.24988
-0.247596
-0.243404
-0.23726
-0.229277
-0.219457
-0.207682
-0.194362
-0.179235
-0.16316
-0.14584
-0.128526
-0.111023
-0.094551
-0.079135
-0.0652577
-0.0533795
-0.0427553
-0.0345581
-0.0267053
-0.0214813
-0.0155363
-0.0120505
-0.00748534
-0.00482432
-0.00165873
-0.236485
-0.23953
-0.242303
-0.244859
-0.245457
-0.243662
-0.239896
-0.234196
-0.226614
-0.217189
-0.205796
-0.192843
-0.178093
-0.162359
-0.145394
-0.128367
-0.111146
-0.0948627
-0.0796007
-0.0657988
-0.0539408
-0.0433073
-0.0350404
-0.0271479
-0.0218115
-0.0158363
-0.0122413
-0.00765854
-0.00489816
-0.00168828
-0.229773
-0.233651
-0.23674
-0.23975
-0.240841
-0.239535
-0.23622
-0.230969
-0.223803
-0.214789
-0.2038
-0.191234
-0.176882
-0.161507
-0.144915
-0.128189
-0.111262
-0.0951784
-0.0800778
-0.066357
-0.0545216
-0.0438805
-0.0355423
-0.0276095
-0.0221567
-0.0161502
-0.012441
-0.00783942
-0.00497497
-0.001718
-0.222882
-0.227634
-0.231063
-0.234492
-0.236071
-0.23526
-0.232399
-0.227602
-0.220865
-0.212276
-0.201709
-0.189545
-0.175608
-0.160608
-0.144403
-0.127992
-0.11137
-0.0954956
-0.080563
-0.0669292
-0.0551191
-0.0444724
-0.036062
-0.0280885
-0.0225158
-0.016477
-0.0126492
-0.00802741
-0.00505469
-0.00174792
-0.215866
-0.221507
-0.225302
-0.229118
-0.23118
-0.230864
-0.228456
-0.224117
-0.217821
-0.209668
-0.199534
-0.187787
-0.174279
-0.159667
-0.14386
-0.127777
-0.111468
-0.0958124
-0.0810539
-0.0675128
-0.0557308
-0.0450808
-0.0365976
-0.0285834
-0.0228881
-0.0168158
-0.0128656
-0.00822195
-0.00513732
-0.00177808
-0.208774
-0.215292
-0.21948
-0.223658
-0.226189
-0.226366
-0.224416
-0.220535
-0.214688
-0.206977
-0.19729
-0.185969
-0.1729
-0.158688
-0.143289
-0.127543
-0.111555
-0.0961266
-0.0815475
-0.0681049
-0.0563537
-0.0457033
-0.0371471
-0.0290923
-0.0232723
-0.0171655
-0.0130895
-0.00842241
-0.00522284
-0.00180852
-0.201655
-0.209013
-0.213616
-0.218134
-0.221119
-0.221787
-0.220296
-0.216874
-0.21148
-0.204218
-0.194985
-0.1841
-0.171478
-0.157675
-0.142691
-0.127291
-0.11163
-0.0964359
-0.082041
-0.0687025
-0.0569851
-0.046337
-0.0377084
-0.0296135
-0.0236673
-0.0175249
-0.0133205
-0.00862808
-0.0053112
-0.00183929
-0.194553
-0.202694
-0.207732
-0.212571
-0.215988
-0.217141
-0.216112
-0.213147
-0.20821
-0.201402
-0.192629
-0.182186
-0.170018
-0.156631
-0.142067
-0.12702
-0.111691
-0.0967382
-0.0825314
-0.0693026
-0.057622
-0.0469793
-0.0382792
-0.0301448
-0.0240718
-0.0178926
-0.013558
-0.00883817
-0.00540232
-0.00187041
-0.187514
-0.196364
-0.201847
-0.206994
-0.210818
-0.212446
-0.211879
-0.209369
-0.20489
-0.19854
-0.190231
-0.180235
-0.168525
-0.15556
-0.141419
-0.126731
-0.111736
-0.0970316
-0.0830162
-0.0699023
-0.0582614
-0.0476275
-0.0388572
-0.0306842
-0.0244842
-0.0182674
-0.0138012
-0.00905186
-0.00549609
-0.00190188
-0.180582
-0.190051
-0.195984
-0.201425
-0.205628
-0.207719
-0.207612
-0.205554
-0.201533
-0.19564
-0.187799
-0.178254
-0.167004
-0.154465
-0.140749
-0.126425
-0.111765
-0.0973142
-0.0834929
-0.0704989
-0.0589007
-0.0482788
-0.03944
-0.0312295
-0.0249031
-0.0186476
-0.0140494
-0.00926827
-0.00559234
-0.0019337
-0.173796
-0.183786
-0.190165
-0.195891
-0.200442
-0.202976
-0.203326
-0.201716
-0.198151
-0.192715
-0.185341
-0.176249
-0.165459
-0.153349
-0.140058
-0.126101
-0.111778
-0.0975844
-0.0839592
-0.0710897
-0.0595369
-0.0489304
-0.0400253
-0.0317783
-0.0253269
-0.0190318
-0.0143016
-0.00948647
-0.00569087
-0.0019658
-0.167193
-0.1776
-0.184411
-0.190413
-0.195283
-0.198237
-0.199037
-0.19787
-0.194756
-0.189775
-0.182867
-0.174228
-0.163897
-0.152217
-0.139349
-0.125762
-0.111774
-0.0978409
-0.084413
-0.071672
-0.0601673
-0.0495795
-0.0406107
-0.0323285
-0.0257538
-0.0194182
-0.014557
-0.00970549
-0.00579142
-0.00199812
-0.160806
-0.171527
-0.178747
-0.185017
-0.190176
-0.193524
-0.194764
-0.194032
-0.191363
-0.186831
-0.180386
-0.172198
-0.162324
-0.151073
-0.138624
-0.125406
-0.111752
-0.0980823
-0.0848523
-0.0722432
-0.0607892
-0.0502232
-0.0411934
-0.0328774
-0.0261819
-0.019805
-0.0148146
-0.00992427
-0.00589365
-0.00203053
-0.154663
-0.165599
-0.173198
-0.179726
-0.185148
-0.188861
-0.190525
-0.190221
-0.187988
-0.183898
-0.177909
-0.17017
-0.160746
-0.149921
-0.137887
-0.125038
-0.111713
-0.0983076
-0.0852751
-0.0728007
-0.0613998
-0.0508584
-0.0417708
-0.0334224
-0.0266094
-0.0201904
-0.015073
-0.0101417
-0.00599716
-0.00206289
-0.148791
-0.15985
-0.167792
-0.174564
-0.180227
-0.184274
-0.186343
-0.186455
-0.184648
-0.180991
-0.17545
-0.168152
-0.159172
-0.148768
-0.137142
-0.124658
-0.111658
-0.0985158
-0.0856796
-0.0733418
-0.061996
-0.0514819
-0.04234
-0.0339606
-0.0270338
-0.0205722
-0.0153311
-0.0103565
-0.00610147
-0.00209503
-0.143213
-0.154316
-0.162557
-0.169559
-0.175442
-0.179792
-0.182242
-0.182757
-0.181363
-0.178127
-0.173022
-0.166157
-0.15761
-0.147621
-0.136393
-0.124268
-0.111587
-0.0987062
-0.0860642
-0.0738637
-0.0625748
-0.0520902
-0.0428977
-0.0344889
-0.0274528
-0.0209481
-0.0155873
-0.0105675
-0.00620597
-0.00212676
-0.137954
-0.14903
-0.157525
-0.16474
-0.170824
-0.175447
-0.17825
-0.17915
-0.178154
-0.175326
-0.170643
-0.164198
-0.156073
-0.146487
-0.135647
-0.123874
-0.111503
-0.0988784
-0.086427
-0.0743635
-0.0631329
-0.0526795
-0.0434404
-0.0350037
-0.0278635
-0.0213155
-0.0158398
-0.0107732
-0.00630996
-0.00215785
-0.133034
-0.144026
-0.152728
-0.160137
-0.166405
-0.17127
-0.174396
-0.175661
-0.175046
-0.172608
-0.168329
-0.162291
-0.154571
-0.145376
-0.13491
-0.123477
-0.111406
-0.099032
-0.0867664
-0.0748383
-0.0636668
-0.0532457
-0.0439642
-0.0355013
-0.0282629
-0.0216716
-0.0160868
-0.010972
-0.00641257
-0.00218805
-0.128474
-0.139336
-0.148199
-0.155782
-0.162218
-0.167298
-0.170715
-0.17232
-0.172067
-0.169998
-0.166103
-0.160453
-0.15312
-0.144299
-0.134189
-0.123083
-0.111299
-0.099167
-0.0870808
-0.075285
-0.0641727
-0.0537845
-0.044465
-0.0359775
-0.0286473
-0.0220132
-0.016326
-0.0111622
-0.00651278
-0.00221709
-0.124296
-0.134993
-0.143973
-0.151709
-0.158298
-0.163567
-0.167242
-0.169159
-0.169243
-0.167522
-0.163987
-0.158702
-0.151734
-0.143268
-0.133494
-0.122698
-0.111186
-0.0992838
-0.0873687
-0.0757003
-0.0646465
-0.0542911
-0.0449381
-0.0364276
-0.0290129
-0.0223368
-0.0165547
-0.0113421
-0.00660939
-0.00224466
-0.120519
-0.131031
-0.140089
-0.147957
-0.154682
-0.160117
-0.164018
-0.166214
-0.166609
-0.16521
-0.162008
-0.157061
-0.150432
-0.142295
-0.132835
-0.122329
-0.111069
-0.0993828
-0.0876283
-0.0760808
-0.0650838
-0.0547603
-0.0453782
-0.0368464
-0.0293553
-0.0226387
-0.01677
-0.0115097
-0.00670099
-0.00227043
-0.117166
-0.127485
-0.136587
-0.144566
-0.151411
-0.15699
-0.161085
-0.163527
-0.1642
-0.163094
-0.160194
-0.155554
-0.149234
-0.141398
-0.132223
-0.121981
-0.110953
-0.099465
-0.0878582
-0.0764227
-0.0654796
-0.0551862
-0.0457796
-0.0372285
-0.0296694
-0.0229146
-0.0169687
-0.0116627
-0.00678598
-0.00229399
-0.114263
-0.124393
-0.13351
-0.14158
-0.14853
-0.154231
-0.158489
-0.16114
-0.162057
-0.16121
-0.158576
-0.154209
-0.148161
-0.140593
-0.131671
-0.121665
-0.110842
-0.0995312
-0.0880566
-0.076722
-0.0658283
-0.0555626
-0.0461359
-0.0375674
-0.0299496
-0.02316
-0.0171467
-0.0117987
-0.00686259
-0.00231493
-0.111842
-0.121798
-0.13091
-0.13905
-0.14609
-0.151893
-0.156282
-0.159105
-0.160226
-0.159599
-0.157192
-0.153056
-0.14724
-0.139899
-0.131194
-0.121389
-0.110741
-0.0995826
-0.0882217
-0.0769741
-0.0661239
-0.0558823
-0.0464399
-0.0378564
-0.0301898
-0.0233697
-0.0172999
-0.0119147
-0.0069288
-0.00233276
-0.109933
-0.119746
-0.128842
-0.137034
-0.144145
-0.15003
-0.15452
-0.157475
-0.158757
-0.158306
-0.15608
-0.152128
-0.146498
-0.13934
-0.130807
-0.121163
-0.110657
-0.0996204
-0.088351
-0.0771739
-0.0663592
-0.0561373
-0.0466832
-0.0380876
-0.0303827
-0.0235377
-0.0174235
-0.0120076
-0.00698239
-0.00234695
-0.1086
-0.118304
-0.127382
-0.135605
-0.142768
-0.14871
-0.15327
-0.156316
-0.15771
-0.157383
-0.155286
-0.151466
-0.145967
-0.138939
-0.13053
-0.121001
-0.110595
-0.0996454
-0.0884417
-0.0773152
-0.0665263
-0.0563186
-0.0468566
-0.0382522
-0.0305206
-0.0236576
-0.0175121
-0.0120738
-0.00702094
-0.00235687
-0.107871
-0.117527
-0.126596
-0.134836
-0.142027
-0.148001
-0.152599
-0.155694
-0.157148
-0.156888
-0.15486
-0.15111
-0.145681
-0.138723
-0.13038
-0.120913
-0.110561
-0.0996583
-0.0884898
-0.0773906
-0.0666158
-0.0564155
-0.0469495
-0.0383402
-0.0305946
-0.0237218
-0.0175597
-0.012109
-0.0070418
-0.00236181
-0.0983407
-0.107798
-0.117074
-0.126151
-0.135019
-0.143677
-0.152134
-0.160397
-0.168474
-0.176374
-0.184106
-0.191678
-0.1991
-0.206373
-0.213489
-0.220482
-0.227183
-0.234015
-0.240012
-0.247927
-0.0951551
-0.104299
-0.113264
-0.122045
-0.130641
-0.139053
-0.147287
-0.155347
-0.16324
-0.170971
-0.178545
-0.185968
-0.193239
-0.200378
-0.207327
-0.214243
-0.220749
-0.227778
-0.233675
-0.241921
-0.0920652
-0.10085
-0.109464
-0.11791
-0.126188
-0.1343
-0.142247
-0.150034
-0.157662
-0.165138
-0.172463
-0.179648
-0.186677
-0.19361
-0.200332
-0.207141
-0.213493
-0.220537
-0.226493
-0.23445
-0.0890452
-0.0974964
-0.105798
-0.113952
-0.121957
-0.129814
-0.137524
-0.14509
-0.152514
-0.159802
-0.16695
-0.173982
-0.180863
-0.187695
-0.194302
-0.201065
-0.207353
-0.21426
-0.22028
-0.227677
-0.0861234
-0.0942559
-0.102258
-0.11013
-0.11787
-0.125481
-0.132963
-0.14032
-0.147551
-0.154667
-0.161658
-0.16856
-0.175314
-0.182053
-0.188555
-0.195216
-0.201415
-0.208079
-0.214083
-0.220997
-0.0833069
-0.0911253
-0.098827
-0.106414
-0.113884
-0.121241
-0.128482
-0.135615
-0.142635
-0.149556
-0.15636
-0.163092
-0.169678
-0.176259
-0.182605
-0.18908
-0.195171
-0.201571
-0.207569
-0.214165
-0.0805914
-0.0880999
-0.0955042
-0.102807
-0.110007
-0.117105
-0.124101
-0.131
-0.137795
-0.144504
-0.151101
-0.157636
-0.16403
-0.170416
-0.1766
-0.182867
-0.188864
-0.195034
-0.201003
-0.20735
-0.0779762
-0.0851811
-0.0922931
-0.0993154
-0.106247
-0.113088
-0.119837
-0.126499
-0.133067
-0.139557
-0.145943
-0.152273
-0.158477
-0.164664
-0.170693
-0.176755
-0.18264
-0.188588
-0.194454
-0.200565
-0.0754624
-0.082371
-0.0891968
-0.0959433
-0.102609
-0.109194
-0.115697
-0.122122
-0.12846
-0.134729
-0.140903
-0.147023
-0.153036
-0.159018
-0.164879
-0.170727
-0.176461
-0.182186
-0.187901
-0.193788
-0.0730505
-0.0796706
-0.0862168
-0.0926926
-0.0990962
-0.105428
-0.111685
-0.117872
-0.123981
-0.130024
-0.135985
-0.141888
-0.147702
-0.153469
-0.159144
-0.164776
-0.170334
-0.175846
-0.181388
-0.187056
-0.0707406
-0.0770805
-0.0833545
-0.0895654
-0.0957119
-0.101794
-0.107808
-0.113758
-0.119637
-0.125453
-0.131196
-0.136879
-0.142487
-0.148038
-0.153517
-0.158937
-0.164307
-0.169611
-0.174964
-0.180408
-0.068532
-0.0746007
-0.0806105
-0.0865636
-0.0924587
-0.0982951
-0.10407
-0.109785
-0.115435
-0.121026
-0.12655
-0.132014
-0.137411
-0.142748
-0.148026
-0.153236
-0.158407
-0.163503
-0.168654
-0.173875
-0.0664257
-0.0722325
-0.0779865
-0.0836892
-0.0893393
-0.0949356
-0.100476
-0.10596
-0.111384
-0.116751
-0.122057
-0.127304
-0.13249
-0.137615
-0.142685
-0.147686
-0.152652
-0.157541
-0.162484
-0.167484
-0.06442
-0.0699756
-0.075483
-0.0809433
-0.0863558
-0.0917187
-0.0970298
-0.102288
-0.107491
-0.112638
-0.117728
-0.12276
-0.127736
-0.132649
-0.137512
-0.142304
-0.147064
-0.151748
-0.156478
-0.16126
-0.0625135
-0.0678295
-0.0730999
-0.0783269
-0.0835099
-0.088647
-0.0937356
-0.0987738
-0.10376
-0.108692
-0.113571
-0.118392
-0.12316
-0.127866
-0.132522
-0.13711
-0.141664
-0.146144
-0.150661
-0.155225
-0.0607108
-0.0657963
-0.0708393
-0.075842
-0.0808042
-0.0857234
-0.090597
-0.0954225
-0.100198
-0.104922
-0.109594
-0.11421
-0.118774
-0.123277
-0.127731
-0.132118
-0.136468
-0.140748
-0.145055
-0.149402
-0.0590117
-0.0638763
-0.0687021
-0.0734904
-0.0782407
-0.0829506
-0.0876173
-0.0922381
-0.0968111
-0.101334
-0.105806
-0.110223
-0.114589
-0.118895
-0.123152
-0.127343
-0.131495
-0.135579
-0.139681
-0.143814
-0.057413
-0.0620676
-0.066687
-0.0712714
-0.07582
-0.0803303
-0.0847993
-0.0892241
-0.0936027
-0.0979324
-0.102212
-0.106439
-0.110614
-0.114731
-0.118797
-0.1228
-0.126761
-0.130655
-0.134558
-0.138484
-0.0559168
-0.0603728
-0.0647966
-0.0691877
-0.0735449
-0.0778655
-0.0821465
-0.0863848
-0.0905781
-0.0947238
-0.0988205
-0.102865
-0.106858
-0.110794
-0.114679
-0.118501
-0.122279
-0.125992
-0.129705
-0.133432
-0.0545224
-0.0587916
-0.0630312
-0.06724
-0.0714166
-0.0755581
-0.0796615
-0.0837235
-0.0877417
-0.0917133
-0.0956366
-0.0995086
-0.103329
-0.107094
-0.110807
-0.114459
-0.118064
-0.121605
-0.125139
-0.128677
-0.0532307
-0.0573251
-0.0613921
-0.0654302
-0.0694375
-0.073411
-0.0773478
-0.0812444
-0.0850982
-0.0889064
-0.0926671
-0.0963773
-0.100037
-0.103641
-0.107193
-0.110684
-0.114128
-0.117509
-0.120874
-0.124235
-0.0520429
-0.0559749
-0.0598815
-0.0637607
-0.0676104
-0.0714277
-0.0752093
-0.078952
-0.0826529
-0.0863091
-0.0899187
-0.0934786
-0.096988
-0.100443
-0.103846
-0.10719
-0.110484
-0.113716
-0.116926
-0.120124
-0.0509606
-0.0547429
-0.0585015
-0.0622341
-0.0659385
-0.0696116
-0.0732503
-0.076851
-0.0804111
-0.0839275
-0.0873981
-0.09082
-0.0941921
-0.0975109
-0.100777
-0.103986
-0.107144
-0.110242
-0.113311
-0.11636
-0.049987
-0.0536328
-0.0572565
-0.0608554
-0.0644272
-0.0679689
-0.0714772
-0.0749488
-0.0783808
-0.0817703
-0.0851149
-0.088412
-0.09166
-0.0948559
-0.0979999
-0.101088
-0.104124
-0.107101
-0.110044
-0.11296
-0.0491246
-0.0526473
-0.0561492
-0.0596276
-0.06308
-0.0665035
-0.0698947
-0.0732505
-0.0765679
-0.079844
-0.0830765
-0.0862626
-0.0894009
-0.0924883
-0.0955247
-0.0985063
-0.101436
-0.104309
-0.107142
-0.109943
-0.0483819
-0.0517962
-0.0551908
-0.0585629
-0.06191
-0.0652292
-0.0685173
-0.0717712
-0.074988
-0.0781649
-0.0812995
-0.0843893
-0.0874324
-0.0904264
-0.0933704
-0.0962614
-0.0991012
-0.101886
-0.104627
-0.107331
-0.0477575
-0.0510774
-0.0543787
-0.0576589
-0.0609155
-0.0641455
-0.0673458
-0.0705135
-0.0736456
-0.0767394
-0.0797926
-0.0828027
-0.0857679
-0.0886858
-0.0915553
-0.0943738
-0.0971419
-0.0998566
-0.102525
-0.105152
-0.0472787
-0.0505218
-0.0537467
-0.0569505
-0.0601311
-0.0632861
-0.0664126
-0.0695078
-0.072569
-0.0755938
-0.0785799
-0.081525
-0.0844272
-0.0872846
-0.0900957
-0.0928585
-0.0955729
-0.0982365
-0.100854
-0.103427
-0.046922
-0.050104
-0.0532699
-0.0564172
-0.0595434
-0.0626456
-0.0657209
-0.0687666
-0.07178
-0.0747589
-0.0777009
-0.0806039
-0.0834661
-0.0862855
-0.0890607
-0.0917898
-0.094472
-0.0971054
-0.0996917
-0.102231
-0.0467631
-0.0498991
-0.0530173
-0.0561155
-0.0591927
-0.0622474
-0.0652775
-0.0682807
-0.0712545
-0.0741969
-0.0771061
-0.0799802
-0.0828175
-0.0856165
-0.0883756
-0.0910935
-0.0937692
-0.0964014
-0.0989906
-0.101536
0.123484
0.112429
0.101291
0.0902753
0.0788025
0.0671029
0.0553733
0.0436377
0.03191
0.0202257
0.00862901
-0.002848
-0.0141768
-0.0253269
-0.0362711
-0.0470602
-0.0580568
-0.0686268
-0.0787942
-0.0886861
0.118778
0.107251
0.0956784
0.0849334
0.0738881
0.0626277
0.0513915
0.040186
0.0290026
0.0178708
0.00682384
-0.00411536
-0.0149283
-0.0256105
-0.0361738
-0.0465995
-0.0566229
-0.0665763
-0.0763161
-0.0858303
0.113036
0.101732
0.0901607
0.0798518
0.0693945
0.0586431
0.0479072
0.0372276
0.0265761
0.0159725
0.0054489
-0.00496947
-0.0152628
-0.0254167
-0.0354198
-0.0452456
-0.0549574
-0.0645627
-0.0739475
-0.0831033
0.106973
0.0962205
0.0847951
0.0748384
0.0649328
0.0546857
0.0444306
0.0342629
0.0241386
0.0140588
0.00405276
-0.00585503
-0.0156484
-0.0253216
-0.0348705
-0.0442811
-0.0535051
-0.0626511
-0.0716395
-0.0804331
0.100835
0.0907019
0.0795593
0.0699474
0.0605882
0.0508746
0.041103
0.0314299
0.0218155
0.0122408
0.00273001
-0.00668977
-0.0160035
-0.0252064
-0.0342914
-0.0432454
-0.052058
-0.0608011
-0.06941
-0.0778484
0.0947353
0.0852227
0.0744747
0.0652111
0.0563633
0.047183
0.0378906
0.0286922
0.0195684
0.0104839
0.00145332
-0.00749519
-0.0163467
-0.0250988
-0.0337467
-0.042282
-0.0506909
-0.0590369
-0.0672717
-0.0753614
0.0887332
0.0798183
0.0695416
0.0606412
0.0522708
0.0436159
0.0348029
0.026064
0.0174107
0.00879898
0.000231421
-0.00826471
-0.0166738
-0.024994
-0.0332222
-0.041352
-0.0493757
-0.0573444
-0.0652186
-0.0729685
0.0828787
0.0745319
0.064772
0.0562503
0.0483258
0.0401768
0.031838
0.0235447
0.01534
0.0071815
-0.000940353
-0.00900237
-0.0169882
-0.0248957
-0.0327232
-0.0404663
-0.0481196
-0.0557254
-0.0632505
-0.0706691
0.0772089
0.0693974
0.0601748
0.0520425
0.0445368
0.0368689
0.0289949
0.0211346
0.0133583
0.00563218
-0.00206224
-0.00970836
-0.01729
-0.0248038
-0.0322487
-0.0396218
-0.0469196
-0.0541772
-0.0613658
-0.0684628
0.071748
0.064439
0.0557577
0.0480204
0.0409107
0.0336966
0.0262733
0.0188331
0.0114658
0.00415068
-0.00313571
-0.0103843
-0.0175805
-0.0247192
-0.0317993
-0.0388188
-0.0457757
-0.0526993
-0.0595639
-0.0663497
0.066512
0.059674
0.0515272
0.0441855
0.0374515
0.0306633
0.0236726
0.0166387
0.00966226
0.00273683
-0.00416164
-0.0110313
-0.0178602
-0.024642
-0.0313748
-0.0380571
-0.0446876
-0.0512913
-0.0578442
-0.0643293
0.0615117
0.0551145
0.0474883
0.0405383
0.0341615
0.0277717
0.0211928
0.0145499
0.00794671
0.00139033
-0.00514076
-0.0116504
-0.0181301
-0.0245725
-0.0309744
-0.0373341
-0.0436516
-0.04995
-0.0562047
-0.0624004
0.0567547
0.0507693
0.0436447
0.0370788
0.0310415
0.0250233
0.0188339
0.0125651
0.00631787
0.000110614
-0.00607353
-0.0122422
-0.0183904
-0.0245112
-0.0306004
-0.0366562
-0.042678
-0.0486829
-0.0546483
-0.060564
0.0522458
0.0466439
0.0399984
0.0338063
0.0280916
0.0224193
0.0165956
0.0106827
0.00477414
-0.00110335
-0.00696086
-0.0128078
-0.018642
-0.024456
-0.0302435
-0.0360008
-0.0417305
-0.0474668
-0.0531643
-0.0588155
0.0479879
0.0427419
0.0365504
0.0307193
0.0253108
0.0199597
0.0144776
0.00890146
0.00331408
-0.00225225
-0.00780296
-0.0133479
-0.0188881
-0.0244184
-0.0299348
-0.0354334
-0.0409068
-0.0463275
-0.0517475
-0.0571502
0.0439819
0.0390652
0.033301
0.0278159
0.0226976
0.0176444
0.0124797
0.00722003
0.00193622
-0.00333695
-0.00859958
-0.0138603
-0.0191212
-0.0243775
-0.0296231
-0.0348525
-0.0400604
-0.0452414
-0.0504194
-0.055582
0.0402278
0.0356144
0.0302495
0.0250941
0.02025
0.0154726
0.0106013
0.00563746
0.000639266
-0.00435835
-0.00935113
-0.0143458
-0.0193448
-0.0243448
-0.0293398
-0.0343243
-0.0392928
-0.0442384
-0.04918
-0.0541096
0.0367245
0.0323895
0.027395
0.0225512
0.0179656
0.0134431
0.00884201
0.00415283
-0.000578056
-0.00531755
-0.0100582
-0.0148042
-0.0195582
-0.024317
-0.0290753
-0.0338272
-0.0385678
-0.0432925
-0.048014
-0.0527252
0.0334702
0.0293896
0.0247364
0.020185
0.0158418
0.0115545
0.00720098
0.00276532
-0.00171689
-0.00621567
-0.0107215
-0.0152363
-0.019762
-0.0242961
-0.0288334
-0.0333685
-0.0378962
-0.0424124
-0.0469261
-0.0514314
0.0304631
0.0266136
0.0222724
0.0179931
0.0138762
0.00980501
0.00567747
0.00147424
-0.00277819
-0.00705373
-0.0113418
-0.0156424
-0.0199564
-0.0242815
-0.0286131
-0.0329457
-0.0372744
-0.0415953
-0.0459146
-0.0502271
0.0277014
0.0240604
0.0200021
0.0159736
0.0120663
0.00819308
0.00427063
0.000279019
-0.00376272
-0.00783261
-0.01192
-0.016023
-0.0201417
-0.0242737
-0.0284147
-0.0325596
-0.0367034
-0.0408422
-0.0449802
-0.0491128
0.0251839
0.0217293
0.0179249
0.0141251
0.0104103
0.00671719
0.00297975
-0.000820739
-0.00467097
-0.00855296
-0.0124565
-0.0163787
-0.0203183
-0.0242731
-0.0282388
-0.0322105
-0.0361835
-0.0401537
-0.0441238
-0.0480897
0.0229099
0.0196203
0.016041
0.0124472
0.00890708
0.0053763
0.00180432
-0.00182518
-0.00550312
-0.00921512
-0.0129519
-0.0167096
-0.0204865
-0.0242796
-0.0280852
-0.0318985
-0.0357149
-0.0395304
-0.0433464
-0.047159
0.0208805
0.0177344
0.0143517
0.0109404
0.00755632
0.00417004
0.000744277
-0.00273419
-0.0062592
-0.00981948
-0.0134068
-0.017017
-0.0206475
-0.0242953
-0.0279564
-0.0316265
-0.0353009
-0.0389756
-0.0426509
-0.0463237
0.0190985
0.0160742
0.0128597
0.00960657
0.00635916
0.00309916
-0.000199464
-0.0035466
-0.00693797
-0.0103648
-0.0138201
-0.0172994
-0.0207997
-0.0243178
-0.0278498
-0.0313916
-0.0349389
-0.0384878
-0.0420377
-0.0455855
0.0175693
0.014645
0.0115697
0.00844943
0.00531785
0.00216487
-0.00102643
-0.00426271
-0.00754077
-0.0108539
-0.0141959
-0.0175627
-0.0209509
-0.0243569
-0.0277771
-0.031207
-0.0346425
-0.0380794
-0.0415168
-0.0449529
0.0163021
0.0134551
0.01049
0.00747653
0.00443928
0.00137393
-0.00172929
-0.00487415
-0.00805801
-0.0112756
-0.0145219
-0.0177927
-0.0210847
-0.0243943
-0.0277181
-0.031052
-0.0343924
-0.0377358
-0.0410803
-0.0444229
0.0153095
0.0125153
0.00962876
0.00669264
0.00372394
0.000722209
-0.002317
-0.00539496
-0.00850919
-0.0116554
-0.0148292
-0.0180267
-0.0212443
-0.0244786
-0.0277256
-0.0309814
-0.0342418
-0.0375028
-0.0407633
-0.0440233
0.0146153
0.0118507
0.00901352
0.00612857
0.0032073
0.000251252
-0.0027408
-0.00576864
-0.00882998
-0.0119213
-0.015039
-0.0181794
-0.0213393
-0.0245153
-0.0277041
-0.0309022
-0.0341065
-0.0373137
-0.0405214
-0.043726
0.0142365
0.0114671
0.00863361
0.00575259
0.0028343
-0.000117557
-0.00310194
-0.00611755
-0.00916196
-0.0122319
-0.0153241
-0.0184349
-0.0215613
-0.0246999
-0.0278475
-0.0310006
-0.0341559
-0.0373101
-0.0404625
-0.0436148
0.132969
0.134403
0.136588
0.139643
0.142947
0.146623
0.149931
0.15308
0.155137
0.15653
0.156032
0.154494
0.150226
0.144583
0.134115
0.132034
0.13336
0.135369
0.138163
0.14113
0.144378
0.147188
0.14974
0.151156
0.151788
0.150575
0.148149
0.143277
0.136635
0.127546
0.13103
0.132243
0.134063
0.136578
0.139192
0.141995
0.144295
0.146245
0.147036
0.146946
0.145099
0.141916
0.136636
0.12954
0.120984
0.129953
0.131046
0.132667
0.134888
0.137135
0.139474
0.141255
0.142588
0.142761
0.14196
0.139518
0.135645
0.130004
0.122599
0.114172
0.1288
0.129767
0.131181
0.133097
0.134967
0.136829
0.138088
0.138804
0.138374
0.136886
0.133883
0.12941
0.12343
0.115837
0.107486
0.127567
0.128404
0.129605
0.131203
0.132689
0.134066
0.134805
0.134909
0.133896
0.131762
0.128237
0.123258
0.116979
0.109297
0.10104
0.126253
0.126955
0.127935
0.129205
0.130301
0.131189
0.131411
0.130916
0.129341
0.126608
0.122602
0.117206
0.110678
0.102968
0.0948204
0.124854
0.125417
0.126171
0.127105
0.127807
0.128202
0.127914
0.126838
0.124726
0.121446
0.117001
0.111264
0.104538
0.0968347
0.0888098
0.123371
0.123788
0.124312
0.124903
0.125208
0.125113
0.124323
0.12269
0.120067
0.116294
0.111455
0.105443
0.098571
0.0908972
0.0830099
0.1218
0.12207
0.122359
0.122603
0.12251
0.121931
0.120652
0.118491
0.115387
0.111173
0.105989
0.0997567
0.0927861
0.0851644
0.0774289
0.120144
0.120262
0.120314
0.120209
0.119719
0.118669
0.116913
0.114258
0.110705
0.106103
0.100622
0.0942188
0.0871939
0.0796466
0.0720745
0.118401
0.118367
0.118179
0.117727
0.116845
0.115336
0.113123
0.110008
0.106044
0.101103
0.0953742
0.0888443
0.0818037
0.0743527
0.0669536
0.116576
0.116387
0.11596
0.115164
0.113896
0.111949
0.109299
0.105761
0.101425
0.0961929
0.0902632
0.0836472
0.0766245
0.0692904
0.0620724
0.114672
0.114329
0.113662
0.112531
0.110885
0.108521
0.10546
0.101538
0.0968703
0.0913917
0.0853056
0.0786409
0.071665
0.064466
0.0574357
0.112693
0.112199
0.111295
0.109838
0.107827
0.105071
0.101625
0.0973573
0.0924005
0.0867187
0.080517
0.0738374
0.0669331
0.0598844
0.053047
0.110648
0.110005
0.108868
0.107099
0.104737
0.101615
0.0978171
0.0932416
0.0880365
0.0821921
0.0759121
0.0692476
0.0624358
0.0555497
0.0489084
0.108546
0.107761
0.106395
0.104329
0.101635
0.0981756
0.0940569
0.0892123
0.0837987
0.0778298
0.0715046
0.0648813
0.0581794
0.0514649
0.0450211
0.106399
0.105478
0.103892
0.101545
0.09854
0.0947728
0.0903675
0.0852913
0.0797071
0.0736486
0.0673077
0.0607476
0.0541693
0.0476323
0.0413851
0.104223
0.103173
0.101376
0.098768
0.0954749
0.0914302
0.0867727
0.081501
0.0757815
0.0696647
0.0633337
0.0568547
0.0504103
0.0440535
0.0380002
0.102035
0.100866
0.0988689
0.0960198
0.092464
0.0881725
0.0832968
0.0778638
0.0720415
0.065894
0.0595943
0.0532105
0.0469065
0.04073
0.0348659
0.0998559
0.0985787
0.0963951
0.093326
0.0895338
0.0850262
0.0799651
0.0744027
0.0685067
0.0623521
0.0561012
0.0498225
0.0436624
0.0376632
0.0319817
0.0977116
0.0963363
0.0939817
0.0907144
0.086713
0.0820193
0.0768041
0.0711413
0.0651971
0.0590549
0.052866
0.0466986
0.0406825
0.0348551
0.0293478
0.0956308
0.0941683
0.0916595
0.0882162
0.0840327
0.0791819
0.0738415
0.0681042
0.0621334
0.0560189
0.0499013
0.0438475
0.0379722
0.0323086
0.0269649
0.0936463
0.0921077
0.0894626
0.0858659
0.0815267
0.076546
0.0711068
0.0653172
0.0593374
0.0532616
0.0472203
0.0412789
0.0355382
0.0300278
0.0248356
0.0917955
0.0901918
0.087429
0.0837013
0.079232
0.0741464
0.0686318
0.0628084
0.0568329
0.0508026
0.0448388
0.0390048
0.0333895
0.028019
0.0229641
0.0901201
0.0884622
0.0856007
0.081764
0.0771888
0.0720211
0.0664512
0.0606085
0.0546466
0.0486643
0.042775
0.0370399
0.0315376
0.0262915
0.0213577
0.088667
0.0869653
0.0840239
0.0801
0.0754419
0.0702122
0.0646035
0.0587524
0.0528088
0.0468729
0.0410511
0.0354029
0.0299981
0.024858
0.0200271
0.0874875
0.0857524
0.0827499
0.0787601
0.0740405
0.0687668
0.0631327
0.0572799
0.0513556
0.0454602
0.039695
0.0341178
0.0287919
0.0237369
0.0189877
0.0866383
0.0848802
0.0818354
0.0778007
0.0730401
0.0677381
0.0620891
0.0562381
0.05033
0.0444655
0.0387418
0.0332161
0.0279467
0.0229525
0.0182626
0.0861813
0.0844111
0.0813433
0.0772853
0.0725033
0.0671873
0.0615314
0.0556828
0.0497842
0.0439373
0.0382365
0.0327389
0.0274999
0.0225381
0.0178782
0.145134
0.147286
0.150709
0.15578
0.161843
0.169169
0.177321
0.186445
0.196252
0.206838
0.217935
0.229606
0.241573
0.253912
0.266312
0.145067
0.147215
0.150632
0.155693
0.161742
0.169051
0.177175
0.186271
0.196037
0.206579
0.217617
0.229224
0.24111
0.253366
0.265651
0.144934
0.147074
0.150478
0.15552
0.16154
0.168817
0.176884
0.185924
0.195608
0.206062
0.216982
0.228463
0.240186
0.252274
0.264327
0.144734
0.146863
0.150247
0.155261
0.161237
0.168464
0.17645
0.185405
0.194968
0.205291
0.216033
0.227324
0.2388
0.250632
0.262337
0.14447
0.146583
0.149942
0.154917
0.16084
0.167999
0.175874
0.184718
0.194119
0.204268
0.214771
0.225809
0.236953
0.248443
0.259681
0.144141
0.146235
0.149563
0.15449
0.160337
0.167415
0.175158
0.183865
0.193064
0.202996
0.213202
0.223923
0.234648
0.245708
0.256361
0.14375
0.145821
0.149112
0.153984
0.159758
0.166723
0.174307
0.182848
0.191806
0.201481
0.211327
0.221669
0.231889
0.242431
0.252382
0.143298
0.145343
0.148592
0.153396
0.159051
0.165913
0.173323
0.181672
0.190349
0.199725
0.209151
0.219053
0.22868
0.23862
0.247752
0.142786
0.144802
0.148004
0.152742
0.158318
0.164996
0.172209
0.18034
0.188697
0.197734
0.20668
0.216082
0.225029
0.234285
0.242482
0.142218
0.144201
0.147352
0.152002
0.157435
0.163972
0.170971
0.178854
0.186856
0.195512
0.203917
0.212763
0.220943
0.229436
0.236589
0.141594
0.143543
0.146637
0.151197
0.156502
0.162854
0.169614
0.17722
0.184831
0.193065
0.20087
0.209104
0.21643
0.224088
0.230089
0.140918
0.142829
0.145863
0.150307
0.15547
0.161633
0.168141
0.17544
0.182628
0.190397
0.197545
0.205114
0.211499
0.218257
0.223002
0.140191
0.142064
0.145034
0.149373
0.154363
0.160322
0.166557
0.173519
0.180254
0.187512
0.193951
0.2008
0.206159
0.21196
0.21535
0.139417
0.141249
0.144156
0.148367
0.153179
0.15892
0.164866
0.171461
0.177716
0.184416
0.190098
0.196171
0.200424
0.205218
0.207153
0.138598
0.140388
0.143202
0.147288
0.151929
0.157434
0.163073
0.169271
0.175019
0.181111
0.185996
0.191232
0.194304
0.198051
0.198428
0.137737
0.139489
0.142248
0.146154
0.150614
0.155868
0.161184
0.166956
0.172172
0.177606
0.181661
0.185988
0.187819
0.190477
0.189187
0.136838
0.138536
0.141192
0.144968
0.149237
0.154225
0.159196
0.164515
0.169172
0.173896
0.177097
0.180437
0.180992
0.182506
0.179436
0.135903
0.137562
0.140114
0.143738
0.147804
0.152517
0.157133
0.161981
0.166054
0.170022
0.172333
0.174587
0.173843
0.174117
0.169156
0.13493
0.136537
0.13899
0.142455
0.146302
0.15071
0.154935
0.159269
0.162724
0.165901
0.167324
0.16842
0.166442
0.16528
0.158358
0.133937
0.135483
0.137849
0.14118
0.144836
0.148986
0.152849
0.156704
0.159514
0.16184
0.162239
0.162045
0.158683
0.155893
0.146986
0.133937
0.135483
0.137848
0.141179
0.144836
0.148985
0.152849
0.156704
0.159514
0.16184
0.162239
0.162045
0.158682
0.155892
0.146986
0.13493
0.136537
0.13899
0.142455
0.146302
0.15071
0.154934
0.159269
0.162724
0.165901
0.167324
0.16842
0.166442
0.16528
0.158358
0.135903
0.137562
0.140114
0.143737
0.147804
0.152517
0.157133
0.161981
0.166054
0.170021
0.172333
0.174587
0.173843
0.174117
0.169155
0.136838
0.138536
0.141192
0.144968
0.149237
0.154225
0.159196
0.164515
0.169172
0.173896
0.177097
0.180436
0.180991
0.182506
0.179436
0.137737
0.139489
0.142248
0.146154
0.150614
0.155868
0.161183
0.166956
0.172172
0.177605
0.181661
0.185988
0.187818
0.190476
0.189187
0.138598
0.140388
0.143201
0.147288
0.151929
0.157434
0.163073
0.16927
0.175018
0.18111
0.185996
0.191232
0.194304
0.198051
0.198428
0.139417
0.141249
0.144156
0.148367
0.153179
0.15892
0.164866
0.171461
0.177716
0.184416
0.190098
0.196171
0.200423
0.205218
0.207153
0.140191
0.142064
0.145034
0.149373
0.154363
0.160322
0.166557
0.173519
0.180254
0.187512
0.19395
0.2008
0.206159
0.21196
0.21535
0.140918
0.142829
0.145863
0.150307
0.15547
0.161633
0.168141
0.17544
0.182628
0.190397
0.197545
0.205113
0.211498
0.218257
0.223002
0.141594
0.143543
0.146637
0.151197
0.156502
0.162853
0.169614
0.17722
0.184831
0.193065
0.200869
0.209104
0.216429
0.224088
0.230089
0.142218
0.144201
0.147352
0.152002
0.157435
0.163972
0.170971
0.178854
0.186856
0.195512
0.203917
0.212763
0.220943
0.229436
0.236589
0.142786
0.144802
0.148004
0.152742
0.158318
0.164996
0.172209
0.18034
0.188697
0.197734
0.206679
0.216082
0.225029
0.234285
0.242482
0.143298
0.145342
0.148592
0.153396
0.159051
0.165913
0.173323
0.181672
0.190349
0.199725
0.209151
0.219053
0.22868
0.23862
0.247751
0.14375
0.145821
0.149112
0.153984
0.159758
0.166723
0.174307
0.182848
0.191806
0.201481
0.211327
0.221669
0.231889
0.242431
0.252382
0.144141
0.146235
0.149563
0.15449
0.160337
0.167415
0.175158
0.183864
0.193064
0.202996
0.213202
0.223923
0.234648
0.245707
0.256361
0.14447
0.146583
0.149942
0.154917
0.16084
0.167999
0.175874
0.184718
0.194119
0.204268
0.214771
0.225809
0.236953
0.248443
0.259681
0.144734
0.146863
0.150247
0.155261
0.161237
0.168464
0.17645
0.185405
0.194968
0.205291
0.216033
0.227324
0.2388
0.250632
0.262337
0.144934
0.147074
0.150477
0.15552
0.16154
0.168817
0.176884
0.185924
0.195608
0.206062
0.216982
0.228463
0.240186
0.252274
0.264327
0.145067
0.147215
0.150632
0.155693
0.161742
0.169051
0.177175
0.186271
0.196037
0.206579
0.217617
0.229224
0.24111
0.253366
0.265651
0.145134
0.147286
0.150709
0.15578
0.161843
0.169169
0.177321
0.186445
0.196252
0.206838
0.217935
0.229606
0.241573
0.253912
0.266312
0.0861812
0.0844109
0.0813431
0.0772851
0.0725031
0.0671871
0.0615312
0.0556826
0.049784
0.0439371
0.0382363
0.0327387
0.0274997
0.0225379
0.017878
0.0866381
0.08488
0.0818352
0.0778005
0.0730399
0.0677379
0.0620889
0.0562379
0.0503298
0.0444653
0.0387416
0.0332159
0.0279465
0.0229523
0.0182624
0.0874873
0.0857522
0.0827497
0.0787599
0.0740403
0.0687666
0.0631325
0.0572797
0.0513554
0.04546
0.0396948
0.0341176
0.0287917
0.0237367
0.0189875
0.0886668
0.0869651
0.0840237
0.0800998
0.0754417
0.070212
0.0646033
0.0587522
0.0528086
0.0468727
0.0410509
0.0354026
0.0299979
0.0248578
0.0200269
0.0901199
0.088462
0.0856005
0.0817638
0.0771886
0.0720209
0.066451
0.0606083
0.0546464
0.0486641
0.0427747
0.0370397
0.0315374
0.0262913
0.0213575
0.0917953
0.0901916
0.0874288
0.0837011
0.0792318
0.0741462
0.0686316
0.0628082
0.0568327
0.0508024
0.0448386
0.0390046
0.0333893
0.0280188
0.0229639
0.0936461
0.0921075
0.0894625
0.0858657
0.0815265
0.0765458
0.0711066
0.065317
0.0593371
0.0532614
0.0472201
0.0412787
0.035538
0.0300275
0.0248353
0.0956306
0.0941681
0.0916593
0.0882161
0.0840325
0.0791816
0.0738413
0.0681039
0.0621331
0.0560186
0.049901
0.0438472
0.0379719
0.0323083
0.0269647
0.0977115
0.0963362
0.0939815
0.0907142
0.0867128
0.0820191
0.0768038
0.0711411
0.0651969
0.0590547
0.0528658
0.0466984
0.0406822
0.0348549
0.0293475
0.0998557
0.0985785
0.0963949
0.0933258
0.0895336
0.085026
0.0799648
0.0744025
0.0685065
0.0623519
0.0561009
0.0498222
0.0436621
0.0376629
0.0319815
0.102034
0.100866
0.0988687
0.0960196
0.0924638
0.0881723
0.0832965
0.0778636
0.0720413
0.0658937
0.059594
0.0532102
0.0469062
0.0407297
0.0348656
0.104223
0.103173
0.101376
0.0987678
0.0954747
0.09143
0.0867725
0.0815008
0.0757813
0.0696644
0.0633334
0.0568545
0.05041
0.0440532
0.0379999
0.106399
0.105478
0.103892
0.101545
0.0985398
0.0947726
0.0903673
0.0852911
0.0797069
0.0736483
0.0673075
0.0607473
0.054169
0.047632
0.0413848
0.108546
0.107761
0.106395
0.104329
0.101635
0.0981754
0.0940567
0.0892121
0.0837985
0.0778295
0.0715044
0.064881
0.0581791
0.0514646
0.0450207
0.110648
0.110005
0.108868
0.107099
0.104737
0.101615
0.0978169
0.0932414
0.0880363
0.0821919
0.0759118
0.0692473
0.0624355
0.0555493
0.0489081
0.112693
0.112198
0.111295
0.109838
0.107827
0.10507
0.101625
0.097357
0.0924002
0.0867184
0.0805167
0.0738371
0.0669328
0.059884
0.0530466
0.114671
0.114329
0.113662
0.112531
0.110885
0.108521
0.105459
0.101537
0.09687
0.0913914
0.0853053
0.0786406
0.0716647
0.0644656
0.0574353
0.116576
0.116387
0.115959
0.115164
0.113896
0.111949
0.109299
0.105761
0.101425
0.0961926
0.0902629
0.0836469
0.0766242
0.0692901
0.062072
0.118401
0.118367
0.118179
0.117726
0.116844
0.115336
0.113123
0.110008
0.106044
0.101103
0.0953739
0.088844
0.0818033
0.0743524
0.0669532
0.120143
0.120262
0.120313
0.120209
0.119719
0.118668
0.116913
0.114257
0.110705
0.106103
0.100622
0.0942185
0.0871935
0.0796462
0.0720741
0.1218
0.12207
0.122359
0.122603
0.12251
0.121931
0.120652
0.118491
0.115386
0.111173
0.105989
0.0997564
0.0927858
0.0851641
0.0774285
0.12337
0.123788
0.124312
0.124903
0.125208
0.125113
0.124323
0.12269
0.120067
0.116294
0.111455
0.105443
0.0985707
0.0908968
0.0830095
0.124854
0.125416
0.126171
0.127105
0.127806
0.128202
0.127914
0.126837
0.124725
0.121445
0.117
0.111264
0.104538
0.0968343
0.0888094
0.126253
0.126955
0.127935
0.129205
0.130301
0.131189
0.131411
0.130915
0.129341
0.126608
0.122602
0.117206
0.110678
0.102968
0.09482
0.127567
0.128404
0.129605
0.131203
0.132689
0.134066
0.134805
0.134909
0.133896
0.131761
0.128237
0.123258
0.116979
0.109297
0.10104
0.1288
0.129767
0.131181
0.133097
0.134967
0.136829
0.138088
0.138803
0.138374
0.136886
0.133883
0.129409
0.12343
0.115837
0.107486
0.129953
0.131046
0.132667
0.134888
0.137135
0.139474
0.141254
0.142588
0.142761
0.141959
0.139517
0.135645
0.130003
0.122598
0.114172
0.13103
0.132243
0.134063
0.136578
0.139192
0.141995
0.144295
0.146245
0.147036
0.146946
0.145099
0.141916
0.136636
0.129539
0.120984
0.132034
0.13336
0.135368
0.138162
0.14113
0.144378
0.147187
0.14974
0.151156
0.151788
0.150575
0.148149
0.143276
0.136635
0.127546
0.132969
0.134403
0.136588
0.139643
0.142947
0.146623
0.149931
0.15308
0.155137
0.156529
0.156032
0.154494
0.150225
0.144582
0.134114
0.0142363
0.0114669
0.00863344
0.00575243
0.00283414
-0.000117708
-0.00310208
-0.00611769
-0.00916209
-0.0122321
-0.0153242
-0.018435
-0.0215614
-0.0247
-0.0278475
-0.0310007
-0.0341559
-0.0373102
-0.0404625
-0.0436148
0.0146151
0.0118505
0.00901335
0.0061284
0.00320714
0.000251096
-0.00274095
-0.00576879
-0.00883011
-0.0119214
-0.0150391
-0.0181795
-0.0213394
-0.0245154
-0.0277041
-0.0309023
-0.0341065
-0.0373138
-0.0405214
-0.0437261
0.0153093
0.0125151
0.00962858
0.00669247
0.00372377
0.000722047
-0.00231715
-0.00539511
-0.00850933
-0.0116555
-0.0148293
-0.0180268
-0.0212445
-0.0244787
-0.0277257
-0.0309815
-0.0342418
-0.0375029
-0.0407633
-0.0440233
0.0163019
0.0134549
0.0104898
0.00747635
0.0044391
0.00137376
-0.00172946
-0.00487431
-0.00805817
-0.0112758
-0.014522
-0.0177928
-0.0210848
-0.0243945
-0.0277182
-0.0310521
-0.0343925
-0.0377359
-0.0410804
-0.044423
0.0175691
0.0146448
0.0115695
0.00844923
0.00531766
0.00216469
-0.00102661
-0.00426288
-0.00754094
-0.010854
-0.0141961
-0.0175629
-0.020951
-0.0243571
-0.0277772
-0.0312071
-0.0346426
-0.0380795
-0.0415169
-0.0449529
0.0190983
0.016074
0.0128595
0.00960636
0.00635895
0.00309896
-0.000199656
-0.00354679
-0.00693815
-0.010365
-0.0138202
-0.0172996
-0.0207998
-0.0243179
-0.02785
-0.0313917
-0.034939
-0.0384879
-0.0420378
-0.0455856
0.0208803
0.0177341
0.0143515
0.0109401
0.0075561
0.00416982
0.000744069
-0.00273439
-0.00625939
-0.00981966
-0.013407
-0.0170172
-0.0206477
-0.0242954
-0.0279566
-0.0316266
-0.035301
-0.0389757
-0.042651
-0.0463238
0.0229097
0.01962
0.0160408
0.012447
0.00890685
0.00537607
0.0018041
-0.0018254
-0.00550333
-0.00921533
-0.0129521
-0.0167098
-0.0204866
-0.0242798
-0.0280854
-0.0318986
-0.035715
-0.0395305
-0.0433465
-0.0471591
0.0251836
0.0217291
0.0179246
0.0141249
0.0104101
0.00671694
0.0029795
-0.000820976
-0.0046712
-0.00855318
-0.0124567
-0.0163789
-0.0203185
-0.0242733
-0.028239
-0.0322107
-0.0361836
-0.0401539
-0.044124
-0.0480898
0.0277012
0.0240601
0.0200018
0.0159733
0.012066
0.00819281
0.00427037
0.000278762
-0.00376298
-0.00783286
-0.0119202
-0.0160233
-0.0201419
-0.0242739
-0.0284149
-0.0325598
-0.0367036
-0.0408424
-0.0449804
-0.049113
0.0304628
0.0266133
0.0222721
0.0179928
0.0138759
0.00980473
0.00567719
0.00147396
-0.00277847
-0.007054
-0.0113421
-0.0156427
-0.0199566
-0.0242817
-0.0286133
-0.0329459
-0.0372746
-0.0415955
-0.0459148
-0.0502272
0.0334699
0.0293893
0.024736
0.0201847
0.0158415
0.0115542
0.00720068
0.00276502
-0.00171718
-0.00621596
-0.0107218
-0.0152366
-0.0197623
-0.0242963
-0.0288337
-0.0333687
-0.0378965
-0.0424127
-0.0469263
-0.0514316
0.0367242
0.0323892
0.0273947
0.0225509
0.0179653
0.0134428
0.00884169
0.00415251
-0.000578372
-0.00531786
-0.0100585
-0.0148045
-0.0195585
-0.0243173
-0.0290756
-0.0338275
-0.0385681
-0.0432927
-0.0480142
-0.0527254
0.0402275
0.0356141
0.0302491
0.0250937
0.0202497
0.0154723
0.010601
0.00563712
0.000638929
-0.00435868
-0.00935146
-0.0143461
-0.0193452
-0.0243451
-0.0293401
-0.0343246
-0.039293
-0.0442387
-0.0491803
-0.0541098
0.0439816
0.0390648
0.0333006
0.0278156
0.0226973
0.0176441
0.0124793
0.00721967
0.00193586
-0.00333731
-0.00859994
-0.0138607
-0.0191215
-0.0243778
-0.0296234
-0.0348528
-0.0400607
-0.0452417
-0.0504197
-0.0555823
0.0479875
0.0427415
0.0365501
0.0307189
0.0253104
0.0199593
0.0144772
0.00890108
0.0033137
-0.00225263
-0.00780334
-0.0133483
-0.0188884
-0.0244188
-0.0299351
-0.0354337
-0.0409072
-0.0463278
-0.0517478
-0.0571505
0.0522454
0.0466435
0.039998
0.0338059
0.0280912
0.0224189
0.0165952
0.0106823
0.00477374
-0.00110375
-0.00696126
-0.0128082
-0.0186424
-0.0244564
-0.0302439
-0.0360012
-0.0417309
-0.0474672
-0.0531647
-0.0588159
0.0567543
0.0507689
0.0436443
0.0370784
0.0310411
0.0250229
0.0188335
0.0125647
0.00631745
0.000110192
-0.00607395
-0.0122426
-0.0183908
-0.0245116
-0.0306008
-0.0366566
-0.0426784
-0.0486833
-0.0546487
-0.0605644
0.0615113
0.0551141
0.0474879
0.0405379
0.034161
0.0277712
0.0211924
0.0145495
0.00794627
0.00138989
-0.00514121
-0.0116509
-0.0181305
-0.0245729
-0.0309748
-0.0373346
-0.043652
-0.0499505
-0.0562051
-0.0624008
0.0665116
0.0596735
0.0515267
0.044185
0.0374511
0.0306629
0.0236721
0.0166382
0.0096618
0.00273637
-0.00416211
-0.0110318
-0.0178607
-0.0246425
-0.0313753
-0.0380575
-0.0446881
-0.0512917
-0.0578447
-0.0643298
0.0717476
0.0644386
0.0557573
0.04802
0.0409103
0.0336962
0.0262728
0.0188326
0.0114654
0.00415019
-0.00313619
-0.0103848
-0.017581
-0.0247197
-0.0317998
-0.0388193
-0.0457762
-0.0526998
-0.0595644
-0.0663502
0.0772085
0.0693969
0.0601744
0.052042
0.0445364
0.0368684
0.0289945
0.0211341
0.0133578
0.00563168
-0.00206274
-0.00970887
-0.0172905
-0.0248043
-0.0322492
-0.0396223
-0.0469202
-0.0541778
-0.0613663
-0.0684633
0.0828783
0.0745314
0.0647716
0.0562498
0.0483253
0.0401763
0.0318375
0.0235442
0.0153395
0.00718098
-0.000940878
-0.0090029
-0.0169887
-0.0248963
-0.0327238
-0.0404669
-0.0481202
-0.0557259
-0.063251
-0.0706696
0.0887327
0.0798179
0.0695411
0.0606408
0.0522704
0.0436154
0.0348024
0.0260635
0.0174101
0.00879844
0.000230879
-0.00826526
-0.0166743
-0.0249946
-0.0332228
-0.0413526
-0.0493762
-0.057345
-0.0652192
-0.0729691
0.0947349
0.0852223
0.0744742
0.0652106
0.0563628
0.0471825
0.0378901
0.0286916
0.0195679
0.0104834
0.00145276
-0.00749576
-0.0163473
-0.0250994
-0.0337473
-0.0422826
-0.0506916
-0.0590375
-0.0672723
-0.075362
0.100835
0.0907014
0.0795588
0.0699469
0.0605877
0.0508741
0.0411024
0.0314294
0.021815
0.0122402
0.00272944
-0.00669036
-0.0160041
-0.025207
-0.034292
-0.0432461
-0.0520586
-0.0608018
-0.0694106
-0.0778491
0.106973
0.09622
0.0847946
0.0748379
0.0649323
0.0546852
0.0444301
0.0342623
0.024138
0.0140582
0.00405217
-0.00585563
-0.0156491
-0.0253222
-0.0348711
-0.0442818
-0.0535057
-0.0626518
-0.0716402
-0.0804338
0.113036
0.101732
0.0901602
0.0798513
0.069394
0.0586426
0.0479066
0.0372271
0.0265755
0.0159719
0.00544829
-0.00497009
-0.0152634
-0.0254174
-0.0354204
-0.0452463
-0.054958
-0.0645634
-0.0739482
-0.0831041
0.118777
0.10725
0.0956779
0.0849329
0.0738876
0.0626272
0.0513909
0.0401854
0.029002
0.0178702
0.00682322
-0.00411599
-0.014929
-0.0256112
-0.0361745
-0.0466002
-0.0566236
-0.066577
-0.0763169
-0.0858311
0.123483
0.112428
0.10129
0.0902748
0.078802
0.0671024
0.0553728
0.0436371
0.0319094
0.0202251
0.00862838
-0.00284865
-0.0141775
-0.0253276
-0.0362718
-0.0470609
-0.0580576
-0.0686275
-0.078795
-0.0886869
-0.0467631
-0.0498991
-0.0530173
-0.0561154
-0.0591926
-0.0622473
-0.0652774
-0.0682805
-0.0712544
-0.0741968
-0.077106
-0.07998
-0.0828173
-0.0856162
-0.0883754
-0.0910932
-0.093769
-0.0964011
-0.0989903
-0.101536
-0.046922
-0.050104
-0.0532698
-0.0564172
-0.0595434
-0.0626456
-0.0657209
-0.0687665
-0.0717799
-0.0747587
-0.0777007
-0.0806037
-0.0834659
-0.0862853
-0.0890605
-0.0917895
-0.0944717
-0.0971051
-0.0996914
-0.102231
-0.0472787
-0.0505218
-0.0537467
-0.0569505
-0.0601311
-0.063286
-0.0664125
-0.0695077
-0.0725689
-0.0755937
-0.0785797
-0.0815248
-0.084427
-0.0872843
-0.0900955
-0.0928583
-0.0955726
-0.0982362
-0.100853
-0.103426
-0.0477576
-0.0510774
-0.0543787
-0.0576589
-0.0609154
-0.0641454
-0.0673458
-0.0705134
-0.0736455
-0.0767393
-0.0797924
-0.0828025
-0.0857677
-0.0886856
-0.091555
-0.0943735
-0.0971416
-0.0998563
-0.102525
-0.105152
-0.0483819
-0.0517962
-0.0551908
-0.0585629
-0.0619099
-0.0652291
-0.0685172
-0.0717711
-0.0749879
-0.0781648
-0.0812993
-0.0843891
-0.0874322
-0.0904262
-0.0933702
-0.0962612
-0.0991009
-0.101885
-0.104627
-0.107331
-0.0491246
-0.0526473
-0.0561492
-0.0596276
-0.06308
-0.0665034
-0.0698947
-0.0732504
-0.0765678
-0.0798439
-0.0830763
-0.0862625
-0.0894007
-0.0924881
-0.0955245
-0.098506
-0.101436
-0.104309
-0.107142
-0.109943
-0.0499871
-0.0536329
-0.0572565
-0.0608554
-0.0644272
-0.0679689
-0.0714772
-0.0749488
-0.0783807
-0.0817702
-0.0851148
-0.0884118
-0.0916598
-0.0948556
-0.0979996
-0.101087
-0.104123
-0.107101
-0.110043
-0.11296
-0.0509606
-0.0547429
-0.0585015
-0.0622341
-0.0659385
-0.0696116
-0.0732502
-0.076851
-0.080411
-0.0839274
-0.087398
-0.0908199
-0.0941919
-0.0975107
-0.100777
-0.103986
-0.107144
-0.110242
-0.11331
-0.11636
-0.052043
-0.055975
-0.0598815
-0.0637607
-0.0676104
-0.0714277
-0.0752093
-0.078952
-0.0826528
-0.086309
-0.0899186
-0.0934784
-0.0969878
-0.100443
-0.103846
-0.107189
-0.110483
-0.113716
-0.116926
-0.120124
-0.0532309
-0.0573252
-0.0613922
-0.0654303
-0.0694375
-0.0734111
-0.0773478
-0.0812444
-0.0850982
-0.0889063
-0.092667
-0.0963772
-0.100036
-0.103641
-0.107192
-0.110684
-0.114127
-0.117508
-0.120873
-0.124235
-0.0545226
-0.0587917
-0.0630313
-0.0672401
-0.0714166
-0.0755581
-0.0796615
-0.0837235
-0.0877417
-0.0917132
-0.0956366
-0.0995085
-0.103329
-0.107094
-0.110807
-0.114458
-0.118064
-0.121605
-0.125138
-0.128677
-0.055917
-0.060373
-0.0647968
-0.0691879
-0.073545
-0.0778656
-0.0821465
-0.0863848
-0.0905782
-0.0947237
-0.0988204
-0.102865
-0.106858
-0.110794
-0.114678
-0.118501
-0.122279
-0.125992
-0.129705
-0.133432
-0.0574132
-0.0620678
-0.0666871
-0.0712716
-0.0758202
-0.0803304
-0.0847994
-0.0892242
-0.0936028
-0.0979324
-0.102212
-0.106439
-0.110614
-0.114731
-0.118797
-0.1228
-0.126761
-0.130655
-0.134558
-0.138484
-0.059012
-0.0638765
-0.0687023
-0.0734905
-0.0782409
-0.0829508
-0.0876175
-0.0922382
-0.0968112
-0.101334
-0.105806
-0.110223
-0.114589
-0.118895
-0.123152
-0.127343
-0.131495
-0.135579
-0.13968
-0.143814
-0.0607111
-0.0657965
-0.0708395
-0.0758423
-0.0808044
-0.0857235
-0.0905971
-0.0954226
-0.100199
-0.104922
-0.109594
-0.114211
-0.118774
-0.123277
-0.127731
-0.132118
-0.136468
-0.140747
-0.145055
-0.149402
-0.0625138
-0.0678298
-0.0731002
-0.0783271
-0.0835102
-0.0886472
-0.0937358
-0.098774
-0.10376
-0.108693
-0.113571
-0.118392
-0.12316
-0.127866
-0.132522
-0.13711
-0.141664
-0.146143
-0.150661
-0.155225
-0.0644204
-0.0699759
-0.0754833
-0.0809437
-0.0863561
-0.091719
-0.09703
-0.102288
-0.107491
-0.112638
-0.117728
-0.12276
-0.127736
-0.132649
-0.137512
-0.142304
-0.147064
-0.151748
-0.156478
-0.16126
-0.0664261
-0.0722329
-0.0779869
-0.0836896
-0.0893396
-0.094936
-0.100476
-0.10596
-0.111385
-0.116751
-0.122057
-0.127304
-0.132491
-0.137615
-0.142685
-0.147686
-0.152652
-0.157541
-0.162484
-0.167484
-0.0685324
-0.0746011
-0.0806109
-0.086564
-0.092459
-0.0982954
-0.10407
-0.109785
-0.115436
-0.121026
-0.12655
-0.132014
-0.137412
-0.142749
-0.148026
-0.153236
-0.158407
-0.163503
-0.168654
-0.173875
-0.070741
-0.0770809
-0.0833549
-0.0895659
-0.0957124
-0.101794
-0.107809
-0.113758
-0.119637
-0.125454
-0.131196
-0.13688
-0.142487
-0.148038
-0.153517
-0.158937
-0.164307
-0.169612
-0.174964
-0.180408
-0.073051
-0.0796711
-0.0862173
-0.0926931
-0.0990967
-0.105429
-0.111686
-0.117873
-0.123982
-0.130025
-0.135985
-0.141888
-0.147702
-0.153469
-0.159144
-0.164776
-0.170334
-0.175847
-0.181388
-0.187056
-0.0754629
-0.0823716
-0.0891974
-0.0959438
-0.102609
-0.109195
-0.115697
-0.122122
-0.128461
-0.134729
-0.140904
-0.147024
-0.153037
-0.159018
-0.164879
-0.170728
-0.176461
-0.182187
-0.187901
-0.193788
-0.0779768
-0.0851817
-0.0922937
-0.099316
-0.106247
-0.113088
-0.119837
-0.1265
-0.133067
-0.139558
-0.145944
-0.152274
-0.158478
-0.164665
-0.170694
-0.176756
-0.182641
-0.188589
-0.194455
-0.200566
-0.080592
-0.0881005
-0.0955048
-0.102807
-0.110007
-0.117106
-0.124101
-0.131
-0.137796
-0.144505
-0.151101
-0.157637
-0.16403
-0.170417
-0.176601
-0.182868
-0.188865
-0.195035
-0.201004
-0.207351
-0.0833076
-0.0911259
-0.0988277
-0.106414
-0.113885
-0.121241
-0.128483
-0.135616
-0.142635
-0.149557
-0.156361
-0.163093
-0.169679
-0.17626
-0.182606
-0.18908
-0.195172
-0.201572
-0.20757
-0.214166
-0.0861241
-0.0942566
-0.102258
-0.11013
-0.117871
-0.125482
-0.132963
-0.14032
-0.147552
-0.154668
-0.161659
-0.168561
-0.175315
-0.182054
-0.188556
-0.195217
-0.201416
-0.20808
-0.214084
-0.220998
-0.0890459
-0.0974971
-0.105799
-0.113953
-0.121958
-0.129815
-0.137525
-0.145091
-0.152515
-0.159803
-0.166951
-0.173983
-0.180864
-0.187696
-0.194304
-0.201066
-0.207354
-0.214261
-0.220281
-0.227679
-0.0920659
-0.100851
-0.109465
-0.117911
-0.126189
-0.134301
-0.142248
-0.150035
-0.157663
-0.165139
-0.172464
-0.179649
-0.186678
-0.193611
-0.200333
-0.207143
-0.213495
-0.220538
-0.226494
-0.234452
-0.0951559
-0.1043
-0.113264
-0.122046
-0.130642
-0.139054
-0.147288
-0.155348
-0.163241
-0.170972
-0.178546
-0.185969
-0.193241
-0.200379
-0.207328
-0.214245
-0.220751
-0.22778
-0.233677
-0.241923
-0.0983415
-0.107799
-0.117075
-0.126152
-0.13502
-0.143678
-0.152135
-0.160398
-0.168476
-0.176375
-0.184108
-0.191679
-0.199101
-0.206374
-0.213491
-0.220483
-0.227185
-0.234017
-0.240015
-0.247929
-0.10787
-0.117527
-0.126596
-0.134836
-0.142027
-0.148001
-0.152599
-0.155694
-0.157149
-0.156889
-0.154863
-0.151112
-0.145684
-0.138725
-0.130381
-0.120912
-0.110558
-0.0996547
-0.0884863
-0.0773885
-0.0666161
-0.056418
-0.0469527
-0.0383422
-0.0305942
-0.0237195
-0.017557
-0.0121074
-0.00704139
-0.0023619
-0.108599
-0.118303
-0.127382
-0.135605
-0.142767
-0.148709
-0.15327
-0.156317
-0.157711
-0.157385
-0.155289
-0.151468
-0.14597
-0.138941
-0.130531
-0.121
-0.110592
-0.0996417
-0.0884379
-0.0773131
-0.0665266
-0.0563211
-0.0468599
-0.0382543
-0.0305202
-0.0236552
-0.0175093
-0.0120721
-0.00702055
-0.00235697
-0.109933
-0.119745
-0.128842
-0.137033
-0.144145
-0.150029
-0.15452
-0.157476
-0.158758
-0.158308
-0.156083
-0.152131
-0.146501
-0.139342
-0.130809
-0.121163
-0.110654
-0.0996163
-0.088347
-0.0771716
-0.0663595
-0.0561401
-0.0466868
-0.0380899
-0.0303823
-0.0235352
-0.0174206
-0.0120059
-0.00698204
-0.00234707
-0.111842
-0.121797
-0.13091
-0.13905
-0.146089
-0.151893
-0.156282
-0.159106
-0.160227
-0.159601
-0.157195
-0.153059
-0.147243
-0.139902
-0.131195
-0.121388
-0.110738
-0.099578
-0.0882172
-0.0769715
-0.0661243
-0.0558854
-0.0464439
-0.0378589
-0.0301892
-0.0233669
-0.0172968
-0.0119129
-0.0069285
-0.00233292
-0.114263
-0.124392
-0.13351
-0.141579
-0.148529
-0.154231
-0.158488
-0.161141
-0.162058
-0.161212
-0.158579
-0.154213
-0.148165
-0.140596
-0.131673
-0.121664
-0.110838
-0.099526
-0.0880516
-0.076719
-0.0658288
-0.0555662
-0.0461404
-0.0375702
-0.029949
-0.023157
-0.0171434
-0.0117969
-0.00686236
-0.00231514
-0.117165
-0.127484
-0.136586
-0.144565
-0.15141
-0.156989
-0.161084
-0.163527
-0.164201
-0.163096
-0.160197
-0.155559
-0.149238
-0.141402
-0.132225
-0.12198
-0.110949
-0.0994591
-0.0878524
-0.0764193
-0.0654802
-0.0551903
-0.0457848
-0.0372316
-0.0296686
-0.0229112
-0.0169651
-0.0116609
-0.00678585
-0.00229426
-0.120518
-0.13103
-0.140089
-0.147956
-0.154681
-0.160116
-0.164017
-0.166214
-0.16661
-0.165212
-0.162011
-0.157066
-0.150438
-0.1423
-0.132837
-0.122328
-0.111064
-0.099376
-0.0876216
-0.076077
-0.0650846
-0.054765
-0.0453841
-0.03685
-0.0293544
-0.0226349
-0.0167661
-0.0115078
-0.00670098
-0.00227076
-0.124295
-0.134992
-0.143973
-0.151708
-0.158297
-0.163566
-0.167241
-0.169158
-0.169244
-0.167524
-0.163991
-0.158707
-0.15174
-0.143273
-0.133497
-0.122698
-0.111181
-0.099276
-0.087361
-0.075696
-0.0646475
-0.0542966
-0.0449448
-0.0364315
-0.0290119
-0.0223325
-0.0165504
-0.0113402
-0.00660952
-0.00224508
-0.128474
-0.139335
-0.148198
-0.15578
-0.162217
-0.167296
-0.170713
-0.172319
-0.172067
-0.17
-0.166107
-0.160459
-0.153127
-0.144305
-0.134193
-0.123083
-0.111293
-0.099158
-0.087072
-0.07528
-0.0641739
-0.0537909
-0.0444727
-0.035982
-0.0286461
-0.0220084
-0.0163212
-0.0111602
-0.00651308
-0.00221759
-0.133033
-0.144025
-0.152727
-0.160135
-0.166404
-0.171268
-0.174394
-0.17566
-0.175047
-0.17261
-0.168334
-0.162298
-0.154579
-0.145384
-0.134914
-0.123476
-0.111399
-0.0990216
-0.0867562
-0.0748326
-0.0636682
-0.0532531
-0.043973
-0.0355063
-0.0282614
-0.0216661
-0.0160816
-0.0109699
-0.00641306
-0.00218865
-0.137953
-0.149029
-0.157524
-0.164738
-0.170822
-0.175444
-0.178247
-0.179148
-0.178154
-0.175328
-0.170648
-0.164206
-0.156082
-0.146496
-0.135652
-0.123873
-0.111495
-0.0988664
-0.0864153
-0.0743571
-0.0631347
-0.0526879
-0.0434503
-0.0350093
-0.0278618
-0.0213094
-0.0158341
-0.0107711
-0.00631066
-0.00215856
-0.143213
-0.154315
-0.162556
-0.169558
-0.17544
-0.179789
-0.182239
-0.182755
-0.181362
-0.178129
-0.173028
-0.166166
-0.157621
-0.147631
-0.136399
-0.124268
-0.111579
-0.0986926
-0.0860508
-0.0738564
-0.0625769
-0.0520999
-0.042909
-0.0344951
-0.0274507
-0.0209412
-0.015581
-0.0105654
-0.00620693
-0.00212759
-0.14879
-0.159849
-0.16779
-0.174562
-0.180224
-0.184271
-0.18634
-0.186453
-0.184647
-0.180993
-0.175456
-0.168162
-0.159184
-0.14878
-0.137149
-0.124657
-0.111648
-0.0985003
-0.0856644
-0.0733335
-0.0619985
-0.0514929
-0.0423527
-0.0339675
-0.0270314
-0.0205645
-0.0153242
-0.0103544
-0.0061027
-0.00209599
-0.154663
-0.165598
-0.173196
-0.179723
-0.185145
-0.188857
-0.190521
-0.190218
-0.187986
-0.1839
-0.177916
-0.170181
-0.16076
-0.149934
-0.137895
-0.125037
-0.111702
-0.09829
-0.0852579
-0.0727914
-0.0614027
-0.0508709
-0.0417852
-0.03343
-0.0266065
-0.0201818
-0.0150654
-0.0101395
-0.00599871
-0.00206399
-0.160806
-0.171526
-0.178745
-0.185014
-0.190172
-0.19352
-0.194759
-0.194028
-0.191361
-0.186833
-0.180393
-0.172211
-0.16234
-0.151088
-0.138634
-0.125406
-0.11174
-0.0980625
-0.0848329
-0.0722329
-0.0607926
-0.0502373
-0.0412094
-0.0328857
-0.0261786
-0.0197954
-0.0148063
-0.00992214
-0.00589553
-0.00203177
-0.167193
-0.177599
-0.184409
-0.19041
-0.195279
-0.198232
-0.199032
-0.197865
-0.194753
-0.189776
-0.182874
-0.174242
-0.163915
-0.152235
-0.13936
-0.125761
-0.11176
-0.0978187
-0.0843913
-0.0716605
-0.0601712
-0.0495953
-0.0406285
-0.0323376
-0.0257498
-0.0194075
-0.014548
-0.00970339
-0.00579366
-0.00199952
-0.173796
-0.183785
-0.190163
-0.195888
-0.200437
-0.20297
-0.203319
-0.20171
-0.198147
-0.192716
-0.185349
-0.176264
-0.165479
-0.153369
-0.14007
-0.126101
-0.111763
-0.0975596
-0.0839351
-0.0710769
-0.0595413
-0.048948
-0.0400451
-0.0317883
-0.0253224
-0.01902
-0.0142919
-0.00948443
-0.00569351
-0.00196737
-0.180581
-0.19005
-0.195982
-0.201422
-0.205623
-0.207712
-0.207604
-0.205547
-0.201529
-0.195641
-0.187807
-0.178271
-0.167026
-0.154487
-0.140763
-0.126425
-0.111749
-0.0972866
-0.0834661
-0.0704848
-0.0589057
-0.0482983
-0.0394618
-0.0312402
-0.024898
-0.0186347
-0.0140389
-0.00926629
-0.0055954
-0.00193544
-0.187514
-0.196363
-0.201845
-0.20699
-0.210812
-0.212439
-0.21187
-0.20936
-0.204885
-0.19854
-0.19024
-0.180254
-0.16855
-0.155585
-0.141435
-0.126731
-0.111718
-0.0970011
-0.0829866
-0.0698869
-0.0582671
-0.0476491
-0.0388811
-0.0306958
-0.0244784
-0.0182532
-0.0137899
-0.00904996
-0.00549959
-0.0019038
-0.194553
-0.202694
-0.20773
-0.212568
-0.215982
-0.217133
-0.216102
-0.213137
-0.208203
-0.201402
-0.192638
-0.182206
-0.170046
-0.156659
-0.142085
-0.12702
-0.11167
-0.0967046
-0.0824988
-0.0692857
-0.0576284
-0.0470031
-0.0383053
-0.0301573
-0.0240653
-0.0178772
-0.0135459
-0.00883637
-0.00540629
-0.00187251
-0.201655
-0.209012
-0.213614
-0.21813
-0.221112
-0.221778
-0.220285
-0.216862
-0.211471
-0.204217
-0.194994
-0.184122
-0.171509
-0.157706
-0.142711
-0.127291
-0.111608
-0.0963991
-0.0820053
-0.0686841
-0.0569922
-0.046363
-0.0377368
-0.0296269
-0.0236601
-0.0175081
-0.0133076
-0.00862638
-0.00531565
-0.00184158
-0.208775
-0.215292
-0.219478
-0.223654
-0.226182
-0.226356
-0.224404
-0.220522
-0.214678
-0.206976
-0.1973
-0.185993
-0.172934
-0.158722
-0.143312
-0.127544
-0.111531
-0.0960864
-0.0815086
-0.068085
-0.0563615
-0.0457315
-0.0371779
-0.0291066
-0.0232644
-0.0171474
-0.0130757
-0.00842083
-0.00522778
-0.001811
-0.215867
-0.221507
-0.225301
-0.229115
-0.231173
-0.230853
-0.228443
-0.224102
-0.21781
-0.209665
-0.199545
-0.187813
-0.174315
-0.159705
-0.143886
-0.127778
-0.111442
-0.0957688
-0.0810117
-0.0674913
-0.0557393
-0.0451115
-0.0366307
-0.0285986
-0.0228794
-0.0167964
-0.0128509
-0.00822049
-0.00514275
-0.00178075
-0.222883
-0.227635
-0.231062
-0.234488
-0.236064
-0.235249
-0.232384
-0.227586
-0.220853
-0.212273
-0.201719
-0.189572
-0.175648
-0.160649
-0.144431
-0.127994
-0.111342
-0.0954485
-0.0805174
-0.0669061
-0.0551284
-0.0445054
-0.0360976
-0.0281046
-0.0225063
-0.0164562
-0.0126337
-0.00802606
-0.00506061
-0.00175078
-0.229774
-0.233651
-0.236739
-0.239746
-0.240833
-0.239523
-0.236204
-0.230951
-0.223788
-0.214784
-0.203811
-0.191263
-0.176925
-0.161552
-0.144945
-0.128192
-0.111232
-0.0951278
-0.0800288
-0.0663322
-0.0545316
-0.0439158
-0.0355803
-0.0276265
-0.0221464
-0.0161281
-0.0124247
-0.00783818
-0.00498138
-0.00172106
-0.236486
-0.239531
-0.242302
-0.244855
-0.245448
-0.243648
-0.239878
-0.234176
-0.226598
-0.217183
-0.205807
-0.192873
-0.178139
-0.162408
-0.145428
-0.12837
-0.111114
-0.0948086
-0.0795483
-0.0657723
-0.0539514
-0.0433449
-0.0350808
-0.0271658
-0.0218005
-0.0158129
-0.0122241
-0.00765739
-0.00490504
-0.00169152
-0.242946
-0.245242
-0.247715
-0.249772
-0.249871
-0.247582
-0.243384
-0.237238
-0.229259
-0.21945
-0.207693
-0.194394
-0.179284
-0.163213
-0.145876
-0.12853
-0.110989
-0.0944934
-0.0790792
-0.0652294
-0.0533907
-0.0427952
-0.0346008
-0.0267242
-0.0214697
-0.0155116
-0.0120325
-0.00748427
-0.00483166
-0.00166215
-0.249109
-0.250762
-0.252955
-0.254473
-0.254077
-0.251278
-0.246699
-0.240104
-0.231752
-0.221576
-0.209464
-0.195824
-0.180362
-0.163971
-0.146297
-0.128678
-0.110866
-0.0941894
-0.0786281
-0.064709
-0.0528541
-0.0422701
-0.0341432
-0.0263036
-0.0211554
-0.0152253
-0.0118505
-0.00731944
-0.00476137
-0.00163302
-0.255025
-0.256061
-0.258
-0.258954
-0.258083
-0.254783
-0.249532
-0.24275
-0.234094
-0.223576
-0.211137
-0.19718
-0.181389
-0.164697
-0.146703
-0.128824
-0.110751
-0.0939023
-0.0781989
-0.0642135
-0.0523427
-0.0417701
-0.0337077
-0.0259037
-0.0208569
-0.0149536
-0.0116776
-0.0071627
-0.00469387
-0.00160401
-0.260671
-0.26091
-0.262649
-0.263086
-0.261853
-0.25826
-0.253129
-0.245422
-0.236318
-0.225436
-0.212666
-0.198397
-0.18229
-0.165314
-0.147019
-0.128898
-0.110583
-0.0935779
-0.0777474
-0.0637082
-0.0518296
-0.0412757
-0.0332792
-0.0255146
-0.0205657
-0.0146913
-0.011509
-0.00701122
-0.00462719
-0.00157421
-0.265838
-0.264634
-0.266157
-0.265966
-0.26424
-0.260038
-0.254097
-0.246702
-0.237453
-0.226359
-0.213382
-0.198907
-0.182585
-0.165415
-0.146913
-0.128633
-0.11016
-0.0930647
-0.0771618
-0.0631112
-0.0512526
-0.0407403
-0.0328191
-0.0251068
-0.0202559
-0.0144173
-0.011328
-0.00685091
-0.00455415
-0.00154016
-0.269795
-0.269398
-0.270874
-0.269843
-0.26743
-0.262545
-0.25631
-0.248016
-0.23822
-0.226663
-0.213316
-0.198507
-0.181901
-0.164509
-0.145814
-0.127436
-0.108884
-0.0918225
-0.0759698
-0.0620401
-0.0503144
-0.0399402
-0.0321722
-0.0245656
-0.0198626
-0.0140809
-0.0111144
-0.00666492
-0.00447144
-0.00150128
-0.274003
-0.273366
-0.27434
-0.272398
-0.269374
-0.263852
-0.257198
-0.248775
-0.238744
-0.226903
-0.213302
-0.198243
-0.181403
-0.163812
-0.144926
-0.126439
-0.10779
-0.0907351
-0.0748986
-0.0610616
-0.0494391
-0.0391855
-0.0315524
-0.0240439
-0.019479
-0.0137516
-0.0109034
-0.00648018
-0.00438799
-0.00146014
-0.278042
-0.277061
-0.277667
-0.274937
-0.27147
-0.26556
-0.258499
-0.24955
-0.239171
-0.227014
-0.213164
-0.197867
-0.180818
-0.163055
-0.144005
-0.125435
-0.106707
-0.0896725
-0.0738618
-0.0601211
-0.0486025
-0.0384662
-0.0309633
-0.0235485
-0.0191149
-0.0134384
-0.010702
-0.00630317
-0.00430646
-0.00141757
-0.281866
-0.280217
-0.280409
-0.27686
-0.272911
-0.266353
-0.259202
-0.24998
-0.239388
-0.226988
-0.212939
-0.197437
-0.180208
-0.162291
-0.143095
-0.124452
-0.105655
-0.0886446
-0.0728605
-0.0592158
-0.047798
-0.0377763
-0.0303989
-0.0230749
-0.0187672
-0.0131396
-0.0105093
-0.00613374
-0.00422689
-0.00137365
-0.285532
-0.282746
-0.28264
-0.278385
-0.274152
-0.267343
-0.25983
-0.250266
-0.239458
-0.226833
-0.212614
-0.196936
-0.179556
-0.161511
-0.142193
-0.123496
-0.104641
-0.0876623
-0.0719069
-0.0583569
-0.047035
-0.0371235
-0.0298645
-0.0226275
-0.0184381
-0.0128569
-0.0103261
-0.00597268
-0.00414938
-0.00132836
-0.288908
-0.284688
-0.284345
-0.279444
-0.274969
-0.267752
-0.260101
-0.250316
-0.239358
-0.226552
-0.212198
-0.196373
-0.17887
-0.160721
-0.141304
-0.122568
-0.10367
-0.0867295
-0.0710057
-0.0575489
-0.0463181
-0.0365117
-0.0293635
-0.0222093
-0.0181294
-0.0125924
-0.0101533
-0.00582114
-0.00407433
-0.00128189
-0.292075
-0.285967
-0.285595
-0.280111
-0.275471
-0.268048
-0.260216
-0.250208
-0.239122
-0.226161
-0.2117
-0.195754
-0.178154
-0.159924
-0.140432
-0.121674
-0.102747
-0.0858514
-0.0701621
-0.0567966
-0.0456514
-0.0359446
-0.0288987
-0.0218225
-0.0178428
-0.0123475
-0.00999169
-0.00568007
-0.00400214
-0.00123453
-0.294795
-0.286649
-0.286447
-0.280469
-0.275768
-0.268046
-0.260113
-0.249943
-0.238762
-0.225676
-0.211133
-0.195089
-0.177418
-0.159127
-0.139584
-0.120818
-0.101878
-0.0850321
-0.0693804
-0.0561037
-0.0450381
-0.0354248
-0.028472
-0.0214691
-0.0175792
-0.0121235
-0.00984203
-0.0055503
-0.00393329
-0.00118673
-0.296674
-0.28693
-0.286999
-0.280531
-0.275811
-0.267889
-0.259881
-0.249561
-0.238311
-0.225117
-0.210514
-0.194392
-0.176671
-0.158339
-0.138765
-0.120005
-0.101065
-0.0842749
-0.0686638
-0.0554727
-0.0444805
-0.0349544
-0.028085
-0.0211504
-0.0173396
-0.0119211
-0.00970485
-0.00543244
-0.00386825
-0.00113904
-0.297687
-0.286956
-0.287281
-0.28039
-0.275717
-0.267575
-0.259532
-0.249086
-0.237791
-0.224507
-0.209861
-0.193678
-0.175926
-0.157568
-0.137981
-0.119239
-0.100313
-0.083582
-0.0680143
-0.0549051
-0.0439799
-0.034534
-0.0277384
-0.0208668
-0.0171242
-0.0117409
-0.00958055
-0.00532692
-0.00380755
-0.00109211
-0.298022
-0.286837
-0.287338
-0.280106
-0.275481
-0.267168
-0.259111
-0.248554
-0.237227
-0.223869
-0.209192
-0.192964
-0.175194
-0.156824
-0.13724
-0.118526
-0.0996246
-0.082955
-0.0674329
-0.0544012
-0.0435363
-0.0341636
-0.0274322
-0.0206182
-0.0169332
-0.0115829
-0.0094694
-0.00523393
-0.00375165
-0.00104669
-0.297967
-0.286569
-0.287254
-0.279705
-0.275174
-0.266696
-0.258639
-0.247995
-0.236642
-0.223228
-0.208528
-0.192266
-0.17449
-0.156117
-0.136549
-0.117869
-0.0990023
-0.082395
-0.0669197
-0.0539602
-0.043149
-0.0338423
-0.0271655
-0.0204039
-0.0167662
-0.0114467
-0.00937153
-0.00515343
-0.00370103
-0.00100355
-0.297543
-0.286255
-0.287011
-0.279268
-0.27481
-0.266194
-0.258165
-0.247425
-0.23607
-0.222598
-0.207886
-0.191601
-0.173827
-0.15546
-0.135916
-0.117274
-0.0984486
-0.0819027
-0.066474
-0.0535809
-0.0428165
-0.0335682
-0.0269371
-0.0202224
-0.0166227
-0.0113316
-0.0092869
-0.00508512
-0.00365605
-0.000963504
-0.296838
-0.285982
-0.286646
-0.278857
-0.27438
-0.26573
-0.257664
-0.246901
-0.235514
-0.222017
-0.207293
-0.190989
-0.173217
-0.154863
-0.135349
-0.116747
-0.0979663
-0.0814786
-0.0660951
-0.0532612
-0.0425368
-0.0333393
-0.0267454
-0.020072
-0.0165019
-0.0112366
-0.0092154
-0.00502854
-0.00361705
-0.000927353
-0.296115
-0.285591
-0.286298
-0.278422
-0.274
-0.265274
-0.257222
-0.246411
-0.235015
-0.221489
-0.206756
-0.190443
-0.172685
-0.154342
-0.134855
-0.116294
-0.0975578
-0.0811238
-0.0657818
-0.0529993
-0.0423078
-0.0331529
-0.0265884
-0.0199506
-0.0164031
-0.0111606
-0.00915678
-0.00498303
-0.00358424
-0.00089585
-0.295404
-0.285214
-0.285967
-0.278037
-0.273635
-0.264882
-0.256829
-0.245993
-0.234587
-0.221042
-0.206304
-0.189981
-0.172233
-0.153901
-0.134448
-0.115922
-0.0972266
-0.0808393
-0.0655332
-0.0527931
-0.0421275
-0.0330067
-0.0264645
-0.0198561
-0.0163254
-0.0111022
-0.00911076
-0.0049479
-0.00355778
-0.000869673
-0.294787
-0.28487
-0.285696
-0.277712
-0.273365
-0.264564
-0.25652
-0.24566
-0.23425
-0.22069
-0.205947
-0.189619
-0.171881
-0.153558
-0.134134
-0.115637
-0.0969736
-0.0806262
-0.0653488
-0.0526409
-0.0419938
-0.0328982
-0.0263719
-0.0197867
-0.0162681
-0.0110602
-0.00907705
-0.00492241
-0.00353774
-0.000849405
-0.294336
-0.284614
-0.285502
-0.277481
-0.273161
-0.264342
-0.256304
-0.245431
-0.234017
-0.220447
-0.205701
-0.189368
-0.171637
-0.153321
-0.133917
-0.115441
-0.0968071
-0.0804855
-0.0652281
-0.0525414
-0.0419053
-0.0328256
-0.0263095
-0.0197406
-0.0162305
-0.0110337
-0.00905534
-0.00490592
-0.00352416
-0.000835505
-0.294095
-0.284477
-0.285401
-0.277361
-0.273061
-0.264229
-0.256195
-0.245314
-0.233899
-0.220323
-0.205575
-0.189238
-0.17151
-0.153198
-0.133806
-0.115342
-0.0967245
-0.0804183
-0.0651707
-0.0524934
-0.0418608
-0.0327877
-0.0262763
-0.0197168
-0.0162122
-0.0110217
-0.00904541
-0.00489796
-0.00351706
-0.000828294
)
;

boundaryField
{
    inlet
    {
        type            zeroGradient;
    }
    outlet
    {
        type            fixedValue;
        value           uniform 0;
    }
    cylinder
    {
        type            zeroGradient;
    }
    top
    {
        type            symmetryPlane;
    }
    bottom
    {
        type            symmetryPlane;
    }
    defaultFaces
    {
        type            empty;
    }
}


// ************************************************************************* //
