/*--------------------------------*- C++ -*----------------------------------*\
  =========                 |
  \\      /  F ield         | OpenFOAM: The Open Source CFD Toolbox
   \\    /   O peration     | Website:  https://openfoam.org
    \\  /    A nd           | Version:  9
     \\/     M anipulation  |
\*---------------------------------------------------------------------------*/
FoamFile
{
    format      ascii;
    class       volScalarField;
    location    "16.6";
    object      p;
}
// * * * * * * * * * * * * * * * * * * * * * * * * * * * * * * * * * * * * * //

dimensions      [0 2 -2 0 0 0 0];

internalField   nonuniform List<scalar> 
8500
(
-0.311074
-0.315455
-0.316416
-0.318407
-0.320889
-0.321633
-0.326239
-0.323525
-0.331437
-0.325935
-0.311355
-0.315668
-0.316624
-0.318581
-0.321096
-0.321724
-0.326541
-0.323419
-0.331831
-0.325711
-0.311908
-0.316089
-0.317031
-0.318918
-0.321501
-0.32189
-0.327131
-0.323191
-0.332604
-0.325272
-0.312719
-0.316703
-0.317622
-0.3194
-0.322081
-0.322109
-0.327982
-0.322811
-0.333727
-0.324635
-0.313765
-0.317495
-0.318375
-0.320002
-0.322806
-0.32235
-0.329047
-0.322247
-0.335154
-0.323817
-0.315019
-0.318441
-0.319266
-0.320691
-0.323635
-0.322582
-0.330263
-0.321471
-0.336832
-0.322814
-0.316453
-0.319519
-0.320264
-0.321436
-0.324519
-0.322782
-0.331546
-0.320462
-0.338704
-0.321588
-0.318036
-0.320705
-0.321338
-0.322206
-0.325401
-0.322939
-0.332804
-0.319223
-0.340685
-0.320194
-0.319738
-0.321975
-0.322458
-0.322975
-0.326223
-0.323049
-0.333926
-0.317887
-0.342321
-0.318883
-0.321534
-0.32331
-0.323594
-0.323721
-0.326932
-0.323134
-0.334668
-0.316619
-0.343745
-0.317124
-0.323403
-0.324693
-0.324721
-0.324431
-0.327473
-0.323309
-0.33496
-0.315301
-0.344865
-0.315246
-0.325332
-0.326112
-0.325822
-0.325101
-0.327709
-0.3236
-0.334838
-0.31406
-0.34525
-0.313751
-0.327315
-0.327565
-0.326887
-0.325764
-0.32772
-0.32386
-0.334273
-0.313227
-0.344321
-0.313182
-0.329356
-0.329051
-0.327906
-0.326381
-0.327569
-0.324064
-0.333201
-0.312965
-0.341671
-0.313524
-0.331469
-0.33058
-0.328905
-0.326936
-0.327295
-0.324193
-0.331695
-0.313187
-0.337297
-0.313871
-0.333684
-0.332156
-0.329921
-0.327446
-0.326951
-0.32407
-0.329884
-0.313504
-0.331738
-0.313058
-0.336034
-0.33381
-0.330982
-0.327946
-0.326619
-0.32365
-0.327851
-0.313517
-0.325642
-0.310546
-0.338564
-0.335571
-0.332127
-0.328475
-0.326359
-0.322959
-0.325559
-0.313017
-0.31924
-0.306394
-0.341325
-0.337477
-0.333401
-0.32907
-0.326171
-0.322107
-0.322919
-0.31191
-0.312439
-0.301045
-0.344376
-0.339568
-0.334857
-0.329755
-0.326009
-0.321205
-0.319915
-0.310032
-0.30528
-0.295229
-0.347773
-0.341897
-0.336546
-0.330527
-0.325849
-0.320279
-0.316623
-0.307165
-0.29837
-0.289389
-0.351561
-0.344534
-0.338503
-0.331368
-0.325724
-0.319257
-0.313115
-0.303292
-0.292075
-0.282401
-0.355815
-0.347529
-0.34073
-0.332292
-0.325688
-0.318012
-0.309411
-0.298692
-0.285718
-0.275242
-0.3606
-0.350948
-0.343186
-0.333382
-0.325729
-0.316437
-0.3055
-0.29351
-0.279336
-0.268083
-0.365976
-0.35484
-0.345817
-0.334771
-0.325748
-0.314475
-0.301335
-0.287944
-0.272834
-0.260866
-0.372013
-0.359214
-0.348631
-0.336525
-0.325621
-0.3121
-0.296897
-0.282083
-0.266196
-0.253651
-0.378783
-0.364014
-0.35175
-0.338555
-0.325247
-0.309311
-0.292172
-0.27599
-0.259429
-0.246369
-0.386358
-0.369141
-0.355382
-0.34065
-0.324549
-0.306113
-0.287155
-0.269687
-0.252521
-0.239016
-0.394777
-0.374491
-0.35971
-0.342594
-0.323458
-0.302512
-0.281839
-0.263176
-0.24547
-0.231552
-0.40401
-0.380008
-0.364763
-0.344238
-0.321905
-0.298502
-0.276215
-0.256448
-0.238256
-0.223955
-0.413935
-0.385709
-0.370346
-0.34549
-0.319827
-0.294066
-0.270267
-0.249485
-0.230861
-0.216199
-0.424316
-0.391676
-0.376058
-0.346272
-0.317174
-0.289175
-0.263974
-0.242267
-0.223262
-0.20826
-0.434819
-0.39801
-0.381405
-0.346494
-0.313903
-0.283792
-0.257308
-0.234769
-0.215436
-0.200118
-0.445124
-0.404769
-0.385929
-0.346041
-0.309976
-0.277883
-0.250237
-0.226965
-0.207359
-0.191751
-0.454928
-0.411913
-0.389285
-0.344781
-0.305352
-0.271413
-0.242731
-0.218824
-0.199011
-0.183142
-0.463976
-0.41926
-0.391262
-0.342578
-0.299986
-0.26435
-0.234755
-0.21032
-0.190368
-0.174272
-0.472069
-0.426474
-0.391762
-0.339306
-0.293827
-0.256662
-0.226281
-0.201428
-0.181411
-0.165128
-0.479049
-0.433089
-0.390779
-0.334869
-0.286821
-0.248314
-0.21728
-0.192125
-0.172121
-0.155702
-0.48479
-0.438576
-0.388343
-0.3292
-0.278917
-0.239274
-0.207727
-0.182389
-0.162483
-0.146004
-0.489184
-0.442463
-0.384426
-0.322251
-0.270064
-0.229509
-0.197599
-0.172202
-0.152482
-0.136056
-0.492132
-0.444418
-0.378909
-0.313978
-0.260222
-0.218989
-0.186878
-0.161548
-0.142107
-0.125876
-0.493526
-0.444167
-0.371698
-0.304338
-0.249357
-0.20769
-0.175547
-0.150411
-0.13135
-0.115432
-0.493235
-0.441512
-0.362735
-0.293292
-0.237439
-0.195593
-0.163593
-0.13878
-0.120221
-0.104658
-0.491099
-0.436321
-0.351975
-0.280818
-0.224451
-0.182683
-0.151001
-0.126643
-0.108762
-0.0934746
-0.48693
-0.428506
-0.339368
-0.266916
-0.210378
-0.168946
-0.137763
-0.114002
-0.0970166
-0.0818751
-0.480518
-0.41801
-0.324877
-0.25159
-0.195209
-0.154379
-0.123884
-0.100897
-0.0849524
-0.0700227
-0.471647
-0.4048
-0.308481
-0.234839
-0.178928
-0.139007
-0.109404
-0.0874152
-0.0724579
-0.0579733
-0.460104
-0.388858
-0.290172
-0.216661
-0.161549
-0.122891
-0.094382
-0.0735278
-0.0595482
-0.0457263
-0.445697
-0.370186
-0.269944
-0.197076
-0.143162
-0.10608
-0.0787822
-0.059244
-0.0462707
-0.0332858
-0.428265
-0.348804
-0.247783
-0.176173
-0.123906
-0.0884878
-0.0626434
-0.0445768
-0.0326725
-0.0206668
-0.407693
-0.324773
-0.223695
-0.154108
-0.103717
-0.0701674
-0.0460055
-0.0295506
-0.0187958
-0.00789667
-0.383916
-0.298218
-0.197774
-0.130843
-0.0826456
-0.0511775
-0.028912
-0.014198
-0.00468101
0.0049871
-0.356922
-0.269293
-0.170208
-0.106304
-0.060752
-0.0315838
-0.0114106
0.00144133
0.00963248
0.0179402
-0.326763
-0.23802
-0.141143
-0.080608
-0.0381036
-0.0114566
0.00644445
0.0173233
0.0241086
0.0309178
-0.29356
-0.204189
-0.110929
-0.0538979
-0.0147749
0.00912931
0.0245926
0.0334027
0.0387163
0.0438762
-0.257486
-0.168093
-0.0795349
-0.0263228
0.00914691
0.0300939
0.0429691
0.0496381
0.0534238
0.0567452
-0.218635
-0.130147
-0.047019
0.00197125
0.0335617
0.0513518
0.0615086
0.0659955
0.0681759
0.0693511
-0.177002
-0.0909573
-0.0135132
0.0308417
0.0583583
0.0728135
0.0801491
0.0824419
0.0828604
0.081357
-0.133059
-0.0506901
0.0208022
0.0601453
0.0834172
0.0943857
0.0988299
0.0989179
0.0973022
0.0924725
-0.0871662
-0.00954026
0.0557226
0.0897327
0.108612
0.115973
0.117483
0.115313
0.111338
0.103016
-0.039706
0.032254
0.091028
0.119447
0.133813
0.137478
0.136024
0.131486
0.124913
0.114305
0.00891847
0.0744283
0.126489
0.149123
0.158886
0.1588
0.154355
0.147326
0.138232
0.126125
0.058287
0.116701
0.161871
0.178592
0.183694
0.179834
0.172382
0.1628
0.151344
0.137989
0.107968
0.158778
0.196935
0.20768
0.2081
0.200471
0.190008
0.177863
0.164195
0.149718
0.157522
0.200361
0.231445
0.236209
0.231966
0.220599
0.207146
0.192467
0.176711
0.161132
0.206509
0.241149
0.265163
0.264003
0.255154
0.24011
0.22371
0.206556
0.188826
0.172134
0.254493
0.280843
0.297858
0.290886
0.277526
0.258895
0.239616
0.220067
0.200471
0.182643
0.301042
0.319149
0.329303
0.316687
0.298949
0.276846
0.254781
0.232936
0.211585
0.192602
0.345736
0.355788
0.359279
0.341238
0.319291
0.293861
0.269127
0.245101
0.222104
0.20196
0.388165
0.3905
0.387577
0.364377
0.338429
0.309841
0.282577
0.256501
0.231973
0.210674
0.427955
0.423028
0.414001
0.385949
0.356242
0.324692
0.295059
0.267075
0.241136
0.218707
0.464805
0.453084
0.438359
0.405807
0.372617
0.338326
0.306503
0.276769
0.249541
0.226024
0.498419
0.48041
0.460477
0.423818
0.387451
0.350661
0.316845
0.28553
0.257142
0.232595
0.528508
0.504791
0.480195
0.439856
0.400649
0.361624
0.326029
0.29331
0.263894
0.238393
0.554807
0.526041
0.497369
0.453813
0.412125
0.371148
0.334002
0.300065
0.269758
0.243398
0.577086
0.543998
0.511875
0.465593
0.421805
0.379176
0.340717
0.305755
0.274699
0.24759
0.59515
0.558528
0.523609
0.475116
0.429627
0.385658
0.346137
0.310348
0.278687
0.250958
0.608838
0.569522
0.532484
0.482316
0.435538
0.390554
0.350231
0.313816
0.281699
0.25349
0.618031
0.576898
0.538437
0.487143
0.4395
0.393835
0.352973
0.31614
0.283718
0.25518
0.622648
0.580599
0.541424
0.489565
0.441488
0.395481
0.354348
0.317306
0.284731
0.256026
0.622648
0.580599
0.541424
0.489565
0.441488
0.395481
0.354348
0.317306
0.284731
0.256026
0.618031
0.576898
0.538437
0.487143
0.4395
0.393835
0.352973
0.31614
0.283718
0.25518
0.608838
0.569522
0.532484
0.482316
0.435538
0.390554
0.350231
0.313816
0.281699
0.25349
0.59515
0.558528
0.523609
0.475116
0.429627
0.385658
0.346137
0.310348
0.278687
0.250958
0.577086
0.543998
0.511875
0.465593
0.421805
0.379176
0.340717
0.305755
0.274699
0.24759
0.554807
0.526041
0.497369
0.453813
0.412125
0.371148
0.334002
0.300065
0.269758
0.243398
0.528508
0.504791
0.480195
0.439856
0.400649
0.361624
0.326029
0.29331
0.263894
0.238393
0.498419
0.48041
0.460477
0.423818
0.387451
0.350661
0.316845
0.28553
0.257142
0.232595
0.464805
0.453084
0.438359
0.405807
0.372617
0.338326
0.306503
0.276769
0.249541
0.226024
0.427955
0.423028
0.414001
0.385949
0.356242
0.324692
0.295059
0.267075
0.241136
0.218707
0.388165
0.3905
0.387577
0.364377
0.338429
0.309841
0.282577
0.256501
0.231973
0.210674
0.345736
0.355788
0.359279
0.341238
0.319291
0.293861
0.269127
0.245101
0.222104
0.20196
0.301042
0.319149
0.329303
0.316687
0.298949
0.276846
0.254781
0.232936
0.211585
0.192602
0.254493
0.280843
0.297858
0.290886
0.277526
0.258895
0.239616
0.220067
0.200471
0.182643
0.206509
0.241149
0.265163
0.264003
0.255154
0.24011
0.22371
0.206556
0.188826
0.172134
0.157522
0.200361
0.231445
0.236209
0.231966
0.220599
0.207146
0.192467
0.176711
0.161132
0.107968
0.158778
0.196935
0.20768
0.2081
0.200471
0.190008
0.177863
0.164195
0.149718
0.058287
0.116701
0.161871
0.178592
0.183694
0.179834
0.172382
0.1628
0.151344
0.137989
0.00891848
0.0744283
0.126489
0.149123
0.158886
0.1588
0.154355
0.147326
0.138232
0.126125
-0.039706
0.032254
0.091028
0.119447
0.133813
0.137478
0.136024
0.131486
0.124913
0.114305
-0.0871662
-0.00954025
0.0557226
0.0897327
0.108612
0.115973
0.117483
0.115313
0.111338
0.103016
-0.133059
-0.0506901
0.0208023
0.0601453
0.0834172
0.0943857
0.0988299
0.0989179
0.0973023
0.0924725
-0.177002
-0.0909573
-0.0135132
0.0308417
0.0583583
0.0728135
0.0801491
0.0824419
0.0828604
0.081357
-0.218635
-0.130147
-0.047019
0.00197126
0.0335617
0.0513518
0.0615086
0.0659955
0.0681759
0.0693511
-0.257486
-0.168093
-0.0795349
-0.0263228
0.00914691
0.0300939
0.0429691
0.0496381
0.0534238
0.0567452
-0.29356
-0.204189
-0.110929
-0.0538979
-0.0147749
0.00912932
0.0245926
0.0334027
0.0387163
0.0438762
-0.326763
-0.23802
-0.141143
-0.0806079
-0.0381036
-0.0114566
0.00644445
0.0173233
0.0241086
0.0309178
-0.356922
-0.269293
-0.170208
-0.106304
-0.060752
-0.0315838
-0.0114106
0.00144133
0.00963249
0.0179402
-0.383916
-0.298218
-0.197774
-0.130843
-0.0826456
-0.0511775
-0.028912
-0.014198
-0.00468101
0.00498711
-0.407693
-0.324773
-0.223695
-0.154108
-0.103717
-0.0701674
-0.0460055
-0.0295506
-0.0187958
-0.00789667
-0.428265
-0.348804
-0.247783
-0.176173
-0.123906
-0.0884878
-0.0626434
-0.0445768
-0.0326725
-0.0206668
-0.445697
-0.370186
-0.269944
-0.197076
-0.143162
-0.10608
-0.0787822
-0.059244
-0.0462707
-0.0332858
-0.460104
-0.388858
-0.290172
-0.216661
-0.161549
-0.122891
-0.094382
-0.0735278
-0.0595481
-0.0457263
-0.471647
-0.4048
-0.308481
-0.234839
-0.178928
-0.139007
-0.109404
-0.0874152
-0.0724579
-0.0579733
-0.480518
-0.41801
-0.324877
-0.25159
-0.195209
-0.154379
-0.123884
-0.100897
-0.0849524
-0.0700227
-0.48693
-0.428506
-0.339368
-0.266916
-0.210378
-0.168946
-0.137763
-0.114002
-0.0970166
-0.0818751
-0.491099
-0.436321
-0.351975
-0.280818
-0.224451
-0.182683
-0.151001
-0.126643
-0.108762
-0.0934746
-0.493235
-0.441512
-0.362735
-0.293292
-0.237439
-0.195593
-0.163593
-0.13878
-0.120221
-0.104658
-0.493526
-0.444167
-0.371698
-0.304338
-0.249357
-0.20769
-0.175547
-0.150411
-0.13135
-0.115432
-0.492132
-0.444418
-0.378909
-0.313978
-0.260222
-0.218989
-0.186878
-0.161548
-0.142107
-0.125876
-0.489184
-0.442463
-0.384426
-0.322251
-0.270064
-0.229509
-0.197599
-0.172202
-0.152482
-0.136056
-0.48479
-0.438576
-0.388343
-0.3292
-0.278917
-0.239274
-0.207727
-0.182389
-0.162483
-0.146004
-0.479049
-0.433089
-0.390779
-0.334869
-0.286821
-0.248314
-0.21728
-0.192125
-0.172121
-0.155702
-0.472069
-0.426474
-0.391762
-0.339306
-0.293827
-0.256662
-0.226281
-0.201428
-0.181411
-0.165128
-0.463976
-0.41926
-0.391262
-0.342578
-0.299986
-0.26435
-0.234755
-0.21032
-0.190368
-0.174272
-0.454928
-0.411913
-0.389285
-0.344781
-0.305352
-0.271413
-0.242731
-0.218824
-0.199011
-0.183142
-0.445124
-0.404769
-0.385929
-0.346041
-0.309976
-0.277883
-0.250237
-0.226964
-0.207359
-0.191751
-0.434819
-0.39801
-0.381405
-0.346494
-0.313903
-0.283792
-0.257308
-0.234769
-0.215436
-0.200118
-0.424316
-0.391676
-0.376058
-0.346272
-0.317174
-0.289175
-0.263974
-0.242267
-0.223262
-0.20826
-0.413935
-0.385709
-0.370346
-0.34549
-0.319827
-0.294066
-0.270267
-0.249485
-0.230861
-0.216199
-0.40401
-0.380008
-0.364763
-0.344238
-0.321905
-0.298502
-0.276215
-0.256448
-0.238256
-0.223955
-0.394777
-0.374491
-0.35971
-0.342594
-0.323458
-0.302512
-0.281839
-0.263176
-0.24547
-0.231552
-0.386358
-0.369141
-0.355382
-0.34065
-0.324549
-0.306113
-0.287155
-0.269687
-0.252521
-0.239016
-0.378783
-0.364014
-0.35175
-0.338555
-0.325247
-0.309311
-0.292172
-0.27599
-0.259429
-0.246369
-0.372013
-0.359214
-0.348631
-0.336525
-0.325621
-0.3121
-0.296897
-0.282083
-0.266196
-0.253651
-0.365976
-0.35484
-0.345817
-0.334771
-0.325748
-0.314475
-0.301335
-0.287944
-0.272834
-0.260866
-0.3606
-0.350948
-0.343186
-0.333382
-0.325729
-0.316437
-0.3055
-0.29351
-0.279336
-0.268083
-0.355815
-0.347529
-0.34073
-0.332292
-0.325688
-0.318012
-0.309411
-0.298692
-0.285718
-0.275242
-0.351561
-0.344534
-0.338503
-0.331368
-0.325724
-0.319257
-0.313115
-0.303292
-0.292075
-0.282401
-0.347773
-0.341897
-0.336546
-0.330527
-0.325849
-0.320279
-0.316623
-0.307165
-0.29837
-0.289388
-0.344376
-0.339568
-0.334857
-0.329755
-0.326009
-0.321205
-0.319915
-0.310032
-0.30528
-0.295229
-0.341325
-0.337477
-0.333401
-0.32907
-0.326171
-0.322107
-0.322919
-0.31191
-0.312439
-0.301045
-0.338564
-0.335571
-0.332127
-0.328475
-0.326359
-0.322959
-0.325559
-0.313017
-0.31924
-0.306394
-0.336034
-0.33381
-0.330982
-0.327946
-0.326619
-0.32365
-0.327851
-0.313516
-0.325642
-0.310546
-0.333684
-0.332156
-0.329921
-0.327446
-0.326951
-0.32407
-0.329884
-0.313504
-0.331738
-0.313058
-0.331469
-0.33058
-0.328905
-0.326936
-0.327295
-0.324193
-0.331695
-0.313187
-0.337297
-0.313871
-0.329356
-0.329051
-0.327906
-0.326381
-0.327569
-0.324064
-0.333201
-0.312965
-0.341671
-0.313524
-0.327315
-0.327565
-0.326887
-0.325764
-0.32772
-0.32386
-0.334273
-0.313227
-0.344321
-0.313182
-0.325332
-0.326112
-0.325822
-0.325101
-0.327709
-0.3236
-0.334838
-0.31406
-0.34525
-0.313751
-0.323403
-0.324693
-0.324721
-0.324431
-0.327473
-0.323309
-0.33496
-0.315301
-0.344865
-0.315246
-0.321534
-0.32331
-0.323594
-0.323721
-0.326932
-0.323134
-0.334668
-0.316619
-0.343745
-0.317124
-0.319738
-0.321975
-0.322458
-0.322975
-0.326223
-0.323049
-0.333926
-0.317887
-0.342321
-0.318882
-0.318036
-0.320705
-0.321338
-0.322206
-0.325401
-0.322939
-0.332804
-0.319223
-0.340685
-0.320194
-0.316453
-0.319519
-0.320264
-0.321436
-0.324519
-0.322782
-0.331546
-0.320462
-0.338704
-0.321588
-0.315019
-0.318441
-0.319266
-0.320691
-0.323635
-0.322582
-0.330263
-0.321471
-0.336832
-0.322814
-0.313765
-0.317495
-0.318375
-0.320002
-0.322806
-0.32235
-0.329047
-0.322247
-0.335154
-0.323817
-0.312719
-0.316703
-0.317622
-0.3194
-0.322081
-0.322109
-0.327982
-0.322811
-0.333727
-0.324635
-0.311908
-0.316089
-0.317031
-0.318918
-0.321501
-0.32189
-0.327131
-0.323191
-0.332604
-0.325272
-0.311355
-0.315668
-0.316624
-0.318581
-0.321096
-0.321724
-0.326541
-0.323419
-0.331831
-0.325711
-0.311074
-0.315455
-0.316416
-0.318407
-0.320889
-0.321633
-0.326239
-0.323525
-0.331437
-0.325935
-0.337562
-0.33427
-0.343929
-0.347132
-0.354351
-0.35565
-0.350902
-0.331487
-0.295784
-0.239419
-0.166603
-0.0912379
-0.032512
0.0050019
0.0225022
0.0278339
0.026211
0.0218721
0.0169813
0.0124704
0.00869284
0.00581424
0.00382766
0.00247544
0.00149455
0.000798263
0.000358153
0.00031108
0.000205649
0.00034598
-0.337745
-0.334321
-0.343968
-0.347272
-0.354591
-0.356072
-0.351518
-0.332329
-0.296849
-0.240646
-0.167795
-0.0922004
-0.0332106
0.00451479
0.0221678
0.0276039
0.0260537
0.0217642
0.0169084
0.0124215
0.00865884
0.00578971
0.00381045
0.00246405
0.00148698
0.000792317
0.00035305
0.00030656
0.000202223
0.000343905
-0.338067
-0.33439
-0.344022
-0.347507
-0.355016
-0.356838
-0.352732
-0.333894
-0.298849
-0.242974
-0.170053
-0.0940776
-0.0346021
0.00353435
0.021489
0.027135
0.0257331
0.021545
0.0167606
0.0123225
0.00859035
0.00574055
0.00377601
0.00244122
0.00147182
0.000780523
0.000343031
0.000297696
0.000195528
0.000339781
-0.338448
-0.334427
-0.344046
-0.347761
-0.355529
-0.357803
-0.354142
-0.335981
-0.301559
-0.24615
-0.173291
-0.0967158
-0.0366519
0.00204971
0.0204489
0.0264121
0.0252391
0.0212083
0.016534
0.0121712
0.00848649
0.00566657
0.00372427
0.00240684
0.00144903
0.00076307
0.000328445
0.000284823
0.000185863
0.000333654
-0.338806
-0.334374
-0.343991
-0.347942
-0.356011
-0.358808
-0.355787
-0.338351
-0.304681
-0.249972
-0.177117
-0.100119
-0.0393221
5.47255e-05
0.0190291
0.0254181
0.02456
0.020747
0.0162246
0.0119654
0.00834623
0.00556762
0.00365524
0.00236081
0.00141857
0.000740213
0.000309763
0.000268403
0.000173639
0.000325598
-0.339021
-0.334187
-0.343788
-0.347981
-0.356336
-0.359686
-0.357304
-0.340762
-0.308013
-0.254001
-0.1815
-0.104074
-0.0425715
-0.0024429
0.0172166
0.0241397
0.0236854
0.0201552
0.0158284
0.0117027
0.00816868
0.00544364
0.00356896
0.00230304
0.0013804
0.000712248
0.000287525
0.000248973
0.000159338
0.000315717
-0.339199
-0.333775
-0.343474
-0.347764
-0.356441
-0.360309
-0.358775
-0.342971
-0.31118
-0.258181
-0.186142
-0.108509
-0.0463436
-0.00542833
0.0150071
0.0225717
0.0226109
0.0194296
0.0153433
0.0113816
0.00795331
0.00529479
0.00346565
0.00223355
0.00133454
0.000679483
0.000262282
0.000227104
0.000143467
0.000304143
-0.338826
-0.333418
-0.342802
-0.34742
-0.356166
-0.360595
-0.359703
-0.344857
-0.314124
-0.262191
-0.190899
-0.113293
-0.0505766
-0.00887747
0.0124166
0.0207184
0.0213376
0.0185704
0.0147691
0.011002
0.00770021
0.00512151
0.00334567
0.00215246
0.00128101
0.000642216
0.000234549
0.000203349
0.000126518
0.000291036
-0.338249
-0.332906
-0.341969
-0.346777
-0.355567
-0.360424
-0.360217
-0.346251
-0.316616
-0.26593
-0.195615
-0.11832
-0.0552015
-0.0127458
0.00946873
0.0185929
0.0198729
0.017582
0.014108
0.0105649
0.00741013
0.00492455
0.00320958
0.00206004
0.00121994
0.000600719
0.000204763
0.000178206
0.000108934
0.000276583
-0.337268
-0.332283
-0.340903
-0.345881
-0.354597
-0.359803
-0.360176
-0.347085
-0.318566
-0.269252
-0.200176
-0.123491
-0.0601452
-0.0169808
0.00619853
0.0162175
0.0182302
0.016472
0.0133647
0.0100728
0.00708452
0.00470498
0.00305815
0.00195671
0.00115152
0.000555229
0.000173264
0.000152092
9.1085e-05
0.000260992
-0.335684
-0.331548
-0.339615
-0.344695
-0.353256
-0.358667
-0.359548
-0.347303
-0.319908
-0.272073
-0.204486
-0.128716
-0.0653332
-0.0215226
0.00264867
0.0136203
0.0164267
0.0152511
0.0125454
0.00952929
0.00672542
0.00446411
0.00289232
0.00184304
0.00107602
0.000505949
0.000140286
0.000125325
7.32497e-05
0.000244487
-0.333307
-0.33061
-0.338048
-0.343216
-0.351531
-0.357037
-0.358308
-0.346873
-0.3206
-0.274318
-0.20847
-0.133917
-0.0706923
-0.0263085
-0.00113403
0.0108332
0.0144824
0.0139314
0.0116579
0.00893892
0.00633537
0.00420348
0.00271314
0.00171974
0.000993801
0.000453058
0.000105965
9.8124e-05
5.56174e-05
0.000227295
-0.330159
-0.3293
-0.336161
-0.341381
-0.349392
-0.354894
-0.356441
-0.345781
-0.320627
-0.27595
-0.212074
-0.139028
-0.0761536
-0.0312758
-0.00510178
0.0078893
0.0124185
0.0125259
0.0107103
0.00830659
0.00591715
0.00392473
0.00252176
0.0015876
0.000905291
0.000396717
7.03566e-05
7.06169e-05
3.82921e-05
0.000209644
-0.326636
-0.327388
-0.333871
-0.33912
-0.346796
-0.35224
-0.353943
-0.344016
-0.319971
-0.276989
-0.215261
-0.143996
-0.0816547
-0.0363652
-0.00920852
0.00482123
0.0102553
0.0110472
0.00971079
0.00763739
0.00547371
0.00362958
0.00231936
0.00144745
0.000810978
0.000337083
3.34614e-05
4.28542e-05
2.1305e-05
0.000191751
-0.322913
-0.324827
-0.331077
-0.336364
-0.343692
-0.348996
-0.350833
-0.341605
-0.318684
-0.277453
-0.218015
-0.148778
-0.0871411
-0.0415229
-0.0134116
0.00165939
0.00801453
0.00950649
0.00866708
0.00693625
0.00500796
0.0033197
0.00210708
0.00130015
0.000711382
0.000274317
-4.75411e-06
1.48282e-05
4.63018e-06
0.000173817
-0.319035
-0.32162
-0.327709
-0.333068
-0.340075
-0.345193
-0.347099
-0.338557
-0.31679
-0.277392
-0.220349
-0.153339
-0.092565
-0.0467015
-0.0176748
-0.0015709
0.00571309
0.00791492
0.00758574
0.00620747
0.00452254
0.00299663
0.00188599
0.00114651
0.000607046
0.000208594
-4.4331e-05
-1.35088e-05
-1.17999e-05
0.000156025
-0.314786
-0.317727
-0.323788
-0.329233
-0.335973
-0.340968
-0.342911
-0.335024
-0.314414
-0.276882
-0.222323
-0.157667
-0.0979004
-0.0518726
-0.0219715
-0.00484584
0.00336668
0.00628656
0.00647516
0.00545576
0.00402015
0.00266191
0.00165716
0.000987393
0.000498597
0.000140148
-8.53e-05
-4.22292e-05
-2.80766e-05
0.000138524
-0.310322
-0.31327
-0.319305
-0.324924
-0.331359
-0.336022
-0.338039
-0.330866
-0.311507
-0.275966
-0.223991
-0.161748
-0.103094
-0.0569697
-0.0262443
-0.00813048
0.000985736
0.0046228
0.00534264
0.00468749
0.00350483
0.00231777
0.00142189
0.000823644
0.000386525
6.9133e-05
-0.000127717
-7.14043e-05
-4.42867e-05
0.000121432
-0.30572
-0.308442
-0.31435
-0.320183
-0.326631
-0.33152
-0.333386
-0.326781
-0.308535
-0.274842
-0.225285
-0.165503
-0.108071
-0.0619803
-0.0305337
-0.0114783
-0.00146337
0.00289003
0.0041641
0.00389275
0.00297255
0.00196257
0.00117929
0.00065456
0.000270204
-4.7964e-06
-0.000171692
-0.00010106
-6.05023e-05
0.00010487
-0.301275
-0.302957
-0.308646
-0.314567
-0.320724
-0.324939
-0.327167
-0.321496
-0.304843
-0.273593
-0.227048
-0.1698
-0.113687
-0.0674971
-0.0351196
-0.0149568
-0.00394197
0.00116785
0.00295202
0.00306104
0.00241263
0.00158998
0.000926756
0.000479915
0.000150805
-8.07522e-05
-0.000216853
-0.000131196
-7.69337e-05
8.90991e-05
-0.296004
-0.29875
-0.30429
-0.310459
-0.316806
-0.32167
-0.323087
-0.317376
-0.300965
-0.270434
-0.225175
-0.16967
-0.11498
-0.0696506
-0.037491
-0.0171396
-0.00574393
-0.000203701
0.00196373
0.00236836
0.00193516
0.00125964
0.000697258
0.000322583
4.60305e-05
-0.000148818
-0.000259235
-0.00016034
-9.29732e-05
7.54014e-05
-0.290194
-0.293635
-0.299206
-0.305539
-0.311595
-0.31542
-0.31686
-0.310849
-0.294505
-0.264769
-0.221216
-0.168047
-0.11546
-0.0714622
-0.039782
-0.0193656
-0.00762377
-0.00166904
0.000875822
0.00158666
0.00139063
0.000890148
0.000447276
0.000151913
-6.90754e-05
-0.00022229
-0.000302168
-0.000188405
-0.00010716
6.24098e-05
-0.284094
-0.28804
-0.293656
-0.30012
-0.306019
-0.309821
-0.310422
-0.304099
-0.287875
-0.259
-0.217187
-0.166349
-0.115851
-0.0732059
-0.0420548
-0.0216168
-0.00955959
-0.00320182
-0.000277821
0.000749324
0.000802882
0.000489687
0.000176046
-3.35953e-05
-0.000194725
-0.000302449
-0.000348517
-0.000218058
-0.000121788
4.90118e-05
-0.2777
-0.282145
-0.287796
-0.294353
-0.300117
-0.303499
-0.303703
-0.297142
-0.281114
-0.253165
-0.213122
-0.164614
-0.116205
-0.0749268
-0.0443271
-0.0238886
-0.011531
-0.00477389
-0.00146709
-0.000117392
0.000191972
7.13753e-05
-0.000108314
-0.000228262
-0.000326621
-0.000386947
-0.000397779
-0.00024949
-0.0001373
3.53836e-05
-0.270949
-0.275988
-0.281675
-0.288279
-0.293895
-0.296972
-0.296725
-0.289977
-0.274208
-0.247238
-0.208989
-0.162811
-0.116495
-0.0766062
-0.0465894
-0.0261771
-0.0135358
-0.00638469
-0.00269284
-0.00101516
-0.000443721
-0.00036577
-0.000406241
-0.00043233
-0.000464952
-0.000475951
-0.000450078
-0.000282827
-0.000153766
2.15823e-05
-0.263893
-0.269601
-0.275334
-0.281942
-0.287415
-0.290204
-0.289556
-0.28267
-0.267214
-0.241261
-0.204814
-0.160947
-0.116718
-0.0782324
-0.0488303
-0.0284742
-0.0155694
-0.00803283
-0.00395591
-0.00194573
-0.00110601
-0.000823177
-0.000718743
-0.000646536
-0.000610244
-0.000569793
-0.000505573
-0.000318154
-0.000171229
7.64714e-06
-0.256611
-0.263021
-0.268813
-0.275391
-0.280731
-0.283264
-0.282263
-0.275286
-0.260192
-0.235285
-0.200629
-0.159036
-0.116871
-0.0797976
-0.0510399
-0.0307707
-0.0176251
-0.00971427
-0.00525415
-0.00290809
-0.00179456
-0.00130089
-0.00104601
-0.000871056
-0.000762591
-0.000668543
-0.000564339
-0.000355538
-0.000189761
-6.37345e-06
-0.249155
-0.256274
-0.262146
-0.26867
-0.273888
-0.276199
-0.274899
-0.267881
-0.253192
-0.229345
-0.196456
-0.157087
-0.116955
-0.0812947
-0.0532091
-0.0330578
-0.019696
-0.0114243
-0.00658462
-0.00390055
-0.00250848
-0.00179857
-0.00138797
-0.00110586
-0.000921942
-0.000772187
-0.000626416
-0.000395034
-0.000209436
-2.04273e-05
-0.241576
-0.249388
-0.255361
-0.261813
-0.26692
-0.26905
-0.267506
-0.260496
-0.24625
-0.22347
-0.192314
-0.155107
-0.116967
-0.0827171
-0.0553289
-0.0353268
-0.0217751
-0.0131579
-0.00794418
-0.00492128
-0.00324682
-0.00231579
-0.00174446
-0.0013509
-0.00108823
-0.000880691
-0.000691823
-0.000436679
-0.000230315
-3.44633e-05
-0.233926
-0.242389
-0.248484
-0.254855
-0.25986
-0.261848
-0.26012
-0.253164
-0.239395
-0.217682
-0.188217
-0.153103
-0.116909
-0.0840593
-0.0573912
-0.0375693
-0.0238551
-0.0149098
-0.00932938
-0.00596819
-0.0040084
-0.002852
-0.00211526
-0.00160606
-0.00126136
-0.000993991
-0.000760549
-0.000480482
-0.000252445
-4.84323e-05
-0.226251
-0.235307
-0.241543
-0.247828
-0.252737
-0.254622
-0.25277
-0.245913
-0.23265
-0.211999
-0.184176
-0.151082
-0.11678
-0.0853166
-0.0593883
-0.0397769
-0.0259287
-0.0166745
-0.0107364
-0.00703883
-0.00479178
-0.0034064
-0.00249995
-0.0018711
-0.00144117
-0.00111198
-0.000832549
-0.000526425
-0.000275855
-6.22871e-05
-0.218601
-0.228174
-0.234565
-0.240765
-0.245584
-0.2474
-0.24548
-0.238766
-0.226034
-0.206434
-0.180201
-0.149049
-0.116581
-0.0864852
-0.0613132
-0.0419414
-0.0279882
-0.0184457
-0.0121608
-0.00813033
-0.00559516
-0.00397795
-0.00289796
-0.0021457
-0.00162743
-0.00123448
-0.00090774
-0.000574459
-0.000300554
-7.59827e-05
-0.211023
-0.221026
-0.227581
-0.233699
-0.238431
-0.240208
-0.238276
-0.231745
-0.219562
-0.201
-0.176302
-0.14701
-0.116313
-0.087562
-0.0631593
-0.0440549
-0.0300257
-0.0202171
-0.0135979
-0.00923936
-0.00641637
-0.00456531
-0.0033085
-0.00242938
-0.00181981
-0.00136129
-0.000985992
-0.000624498
-0.000326529
-8.94767e-05
-0.203562
-0.213898
-0.220619
-0.226665
-0.231311
-0.233076
-0.231179
-0.224868
-0.213251
-0.195708
-0.172485
-0.144972
-0.11598
-0.088545
-0.0649206
-0.0461094
-0.0320331
-0.0219816
-0.0150422
-0.0103621
-0.00725282
-0.00516681
-0.00373052
-0.00272147
-0.00201788
-0.00149208
-0.00106712
-0.000676418
-0.00035374
-0.000102729
-0.196259
-0.206829
-0.213711
-0.219696
-0.224259
-0.22603
-0.224213
-0.218157
-0.207114
-0.190567
-0.168761
-0.14294
-0.115584
-0.0894331
-0.0665918
-0.0480973
-0.0340023
-0.0237319
-0.0164878
-0.0114941
-0.00810145
-0.0057804
-0.0041627
-0.00302113
-0.00222108
-0.00162647
-0.0011509
-0.000730049
-0.000382119
-0.0001157
-0.189151
-0.199856
-0.206891
-0.212826
-0.217307
-0.219101
-0.217402
-0.211629
-0.201166
-0.185589
-0.165136
-0.140923
-0.115131
-0.090226
-0.0681679
-0.0500112
-0.0359247
-0.0254598
-0.0179282
-0.0126305
-0.00895866
-0.0064036
-0.00460339
-0.00332727
-0.00242869
-0.00176396
-0.001237
-0.000785176
-0.000411561
-0.000128355
-0.182273
-0.19302
-0.200191
-0.206089
-0.210494
-0.21232
-0.210768
-0.205305
-0.195423
-0.180784
-0.16162
-0.138928
-0.114624
-0.0909244
-0.069645
-0.051844
-0.0377917
-0.0271571
-0.0193561
-0.0137655
-0.00982027
-0.00703344
-0.00505057
-0.00363855
-0.00263983
-0.00190395
-0.00132504
-0.000841529
-0.00044193
-0.000140656
-0.175659
-0.186363
-0.193649
-0.19952
-0.203856
-0.205723
-0.204339
-0.199205
-0.189901
-0.176165
-0.158224
-0.136964
-0.114071
-0.0915303
-0.0710197
-0.053589
-0.0395945
-0.0288147
-0.0207636
-0.0148929
-0.0106814
-0.00766643
-0.00550183
-0.00395333
-0.00285342
-0.00204569
-0.00141454
-0.000898778
-0.000473046
-0.000152569
-0.169339
-0.179927
-0.187304
-0.193155
-0.197433
-0.199345
-0.198143
-0.193351
-0.184617
-0.171746
-0.154958
-0.135043
-0.113479
-0.0920463
-0.0722895
-0.0552395
-0.0413242
-0.0304232
-0.0221422
-0.0160054
-0.0115367
-0.00829848
-0.00595425
-0.00426961
-0.00306812
-0.00218828
-0.00150492
-0.000956532
-0.000504687
-0.000164057
-0.163344
-0.173755
-0.181195
-0.187033
-0.191263
-0.193225
-0.192209
-0.187766
-0.17959
-0.167541
-0.151834
-0.133174
-0.112857
-0.0924765
-0.0734526
-0.0567895
-0.042972
-0.0319726
-0.0234825
-0.0170952
-0.0123797
-0.00892486
-0.00640446
-0.00458504
-0.00328236
-0.00233063
-0.00159546
-0.00101432
-0.000536584
-0.00017508
-0.157704
-0.167888
-0.175365
-0.181193
-0.185386
-0.187393
-0.186569
-0.182476
-0.174839
-0.163568
-0.148868
-0.131371
-0.112215
-0.0928259
-0.0745083
-0.0582331
-0.0445287
-0.0334526
-0.0247745
-0.0181535
-0.0132034
-0.00954013
-0.00684847
-0.00489684
-0.00349426
-0.0024715
-0.00168535
-0.00107161
-0.000568414
-0.000185594
-0.152448
-0.162368
-0.169854
-0.175677
-0.179845
-0.181897
-0.181261
-0.177508
-0.170389
-0.159843
-0.146075
-0.129647
-0.111564
-0.0931007
-0.0754564
-0.0595648
-0.0459853
-0.0348521
-0.0260072
-0.0191706
-0.0139998
-0.0101381
-0.00728173
-0.00520177
-0.00370164
-0.00260939
-0.0017736
-0.0011278
-0.000599802
-0.000195548
-0.147605
-0.157238
-0.164709
-0.170527
-0.174682
-0.176782
-0.176321
-0.172893
-0.166262
-0.156389
-0.143473
-0.128019
-0.110917
-0.0933083
-0.0762977
-0.0607791
-0.0473323
-0.0361596
-0.0271689
-0.020136
-0.01476
-0.0107118
-0.00769897
-0.00549607
-0.00390194
-0.0027426
-0.00185908
-0.00118208
-0.000630321
-0.000204878
-0.143206
-0.15254
-0.159976
-0.165792
-0.169942
-0.172091
-0.171792
-0.168666
-0.162487
-0.153229
-0.141082
-0.126505
-0.110287
-0.093457
-0.0770334
-0.0618706
-0.0485603
-0.0373628
-0.0282467
-0.0210379
-0.0154741
-0.0112531
-0.00809422
-0.00577546
-0.00409224
-0.00286917
-0.00194049
-0.00123368
-0.000659486
-0.000213509
-0.139284
-0.148321
-0.155704
-0.161519
-0.165675
-0.167871
-0.167718
-0.164865
-0.159098
-0.15039
-0.138926
-0.125123
-0.10969
-0.093556
-0.0776652
-0.0628338
-0.0496587
-0.0384485
-0.0292268
-0.0218632
-0.0161311
-0.0117534
-0.0084607
-0.00603504
-0.00426918
-0.00298685
-0.00201633
-0.00128169
-0.000686754
-0.000221346
-0.135874
-0.14463
-0.151949
-0.157765
-0.161932
-0.164174
-0.164147
-0.161534
-0.156129
-0.147904
-0.137031
-0.123896
-0.109142
-0.093615
-0.0781945
-0.0636626
-0.0506163
-0.0394023
-0.030094
-0.0225978
-0.0167185
-0.0122025
-0.0087908
-0.0062693
-0.00442898
-0.00309313
-0.00208494
-0.00132505
-0.000711408
-0.000228273
-0.13302
-0.141523
-0.148772
-0.15459
-0.158775
-0.16106
-0.161138
-0.158726
-0.153627
-0.145808
-0.135428
-0.12285
-0.108662
-0.0936444
-0.0786229
-0.0643501
-0.0514201
-0.0402082
-0.0308312
-0.0232258
-0.0172228
-0.0125894
-0.00907598
-0.00647201
-0.00456735
-0.00318516
-0.00214444
-0.00136259
-0.000732805
-0.00023416
-0.130765
-0.139061
-0.146244
-0.152062
-0.156266
-0.158589
-0.158752
-0.156497
-0.151642
-0.144145
-0.134154
-0.122012
-0.10827
-0.0936541
-0.0789505
-0.0648875
-0.0520549
-0.0408481
-0.0314198
-0.0237294
-0.0176286
-0.0129017
-0.00930673
-0.00663628
-0.00467956
-0.00325977
-0.00219274
-0.00139301
-0.000750189
-0.000238852
-0.129185
-0.137327
-0.144458
-0.150275
-0.154495
-0.156847
-0.157067
-0.154922
-0.150238
-0.142968
-0.133251
-0.121415
-0.107985
-0.0936537
-0.0791759
-0.0652635
-0.0525024
-0.0413009
-0.031838
-0.0240888
-0.0179189
-0.0131256
-0.00947252
-0.00675444
-0.00476031
-0.00331348
-0.00222754
-0.0014149
-0.00076272
-0.000242157
-0.128324
-0.136394
-0.143497
-0.149313
-0.153544
-0.155914
-0.156168
-0.154082
-0.149489
-0.142341
-0.132769
-0.121095
-0.107832
-0.0936512
-0.0792943
-0.0654633
-0.0527405
-0.041542
-0.0320615
-0.0242812
-0.0180747
-0.013246
-0.00956172
-0.00681804
-0.00480378
-0.00334237
-0.00224632
-0.00142663
-0.00076949
-0.000243808
-0.12782
-0.137347
-0.146705
-0.155877
-0.164854
-0.173636
-0.182234
-0.190656
-0.198914
-0.207017
-0.214978
-0.222805
-0.230511
-0.238098
-0.245561
-0.252934
-0.260049
-0.267319
-0.273792
-0.282126
-0.124539
-0.133747
-0.142787
-0.151657
-0.160355
-0.168884
-0.177251
-0.185464
-0.19353
-0.201457
-0.209253
-0.216925
-0.224475
-0.231923
-0.239215
-0.246506
-0.25342
-0.260872
-0.267217
-0.275867
-0.121351
-0.130195
-0.138878
-0.147406
-0.155779
-0.164
-0.172073
-0.180003
-0.187796
-0.195457
-0.202992
-0.210412
-0.217705
-0.22493
-0.231974
-0.239134
-0.245868
-0.253308
-0.25971
-0.2681
-0.118228
-0.126732
-0.135096
-0.143325
-0.151418
-0.159376
-0.167204
-0.174905
-0.182484
-0.189949
-0.197296
-0.204554
-0.211686
-0.218796
-0.225713
-0.232813
-0.239475
-0.24678
-0.253257
-0.2611
-0.115198
-0.123377
-0.131434
-0.139373
-0.147193
-0.154897
-0.162487
-0.16997
-0.177347
-0.184629
-0.191809
-0.198924
-0.205918
-0.212925
-0.219726
-0.226716
-0.233285
-0.24034
-0.24679
-0.254145
-0.112268
-0.120125
-0.127875
-0.13552
-0.143062
-0.150502
-0.157843
-0.165092
-0.172245
-0.179321
-0.186301
-0.193234
-0.200046
-0.20688
-0.213513
-0.220301
-0.226746
-0.233521
-0.239946
-0.246981
-0.109432
-0.116972
-0.124417
-0.13177
-0.139032
-0.146205
-0.153289
-0.160293
-0.16721
-0.174061
-0.18082
-0.187541
-0.194146
-0.20077
-0.207223
-0.213785
-0.220116
-0.226644
-0.233024
-0.239803
-0.106691
-0.11392
-0.121064
-0.128128
-0.135112
-0.142017
-0.148844
-0.155599
-0.162277
-0.168895
-0.175429
-0.181929
-0.188328
-0.194734
-0.201012
-0.20735
-0.21355
-0.219837
-0.226094
-0.23262
-0.104045
-0.11097
-0.117819
-0.124598
-0.131306
-0.137945
-0.144514
-0.151019
-0.157453
-0.163835
-0.170142
-0.176415
-0.182604
-0.188786
-0.194876
-0.200979
-0.207005
-0.213047
-0.219126
-0.225408
-0.101494
-0.108122
-0.114683
-0.121182
-0.127618
-0.133992
-0.140303
-0.146557
-0.152747
-0.158888
-0.164963
-0.171001
-0.176972
-0.182919
-0.188801
-0.194664
-0.200488
-0.206291
-0.212171
-0.218208
-0.0990382
-0.105378
-0.111658
-0.117881
-0.124049
-0.130161
-0.136217
-0.142219
-0.148165
-0.154062
-0.159902
-0.165701
-0.171445
-0.177153
-0.182815
-0.188441
-0.19405
-0.199616
-0.205278
-0.211063
-0.0966776
-0.102737
-0.108743
-0.114699
-0.120604
-0.126458
-0.132261
-0.138014
-0.143715
-0.149369
-0.154972
-0.160531
-0.166044
-0.171514
-0.176949
-0.182338
-0.187719
-0.193046
-0.198473
-0.204004
-0.0944113
-0.100201
-0.105942
-0.111636
-0.117284
-0.122886
-0.12844
-0.133947
-0.139405
-0.144818
-0.150184
-0.155505
-0.160783
-0.166016
-0.171218
-0.176368
-0.181514
-0.186601
-0.191785
-0.197062
-0.0922398
-0.0977702
-0.103254
-0.108695
-0.114093
-0.119448
-0.124759
-0.130024
-0.135244
-0.140419
-0.145549
-0.150633
-0.155677
-0.160674
-0.165639
-0.170553
-0.175459
-0.180307
-0.185242
-0.190264
-0.0901657
-0.0954453
-0.100681
-0.105877
-0.111034
-0.116149
-0.121223
-0.126252
-0.131238
-0.136179
-0.141076
-0.145928
-0.150739
-0.155502
-0.160233
-0.164911
-0.169578
-0.174187
-0.178871
-0.183637
-0.0881889
-0.0932273
-0.0982252
-0.103185
-0.108108
-0.112992
-0.117836
-0.122636
-0.127394
-0.132107
-0.136777
-0.141401
-0.145983
-0.150517
-0.155016
-0.159462
-0.163891
-0.168264
-0.172698
-0.177206
-0.0863085
-0.0911162
-0.0958864
-0.100621
-0.10532
-0.109981
-0.114602
-0.119182
-0.123719
-0.128211
-0.13266
-0.137062
-0.141421
-0.145731
-0.150004
-0.154222
-0.158419
-0.162559
-0.166748
-0.171002
-0.0845263
-0.0891143
-0.0936674
-0.0981863
-0.102671
-0.107118
-0.111527
-0.115894
-0.120218
-0.124498
-0.128734
-0.132922
-0.137066
-0.14116
-0.145212
-0.149211
-0.153181
-0.157096
-0.161045
-0.16505
-0.082843
-0.0872228
-0.0915698
-0.0958839
-0.100164
-0.104408
-0.108614
-0.112779
-0.1169
-0.120977
-0.125009
-0.128992
-0.132929
-0.136815
-0.140657
-0.144444
-0.148198
-0.151895
-0.155614
-0.159378
-0.0812603
-0.0854439
-0.0895964
-0.093717
-0.0978044
-0.101856
-0.10587
-0.109842
-0.113771
-0.117655
-0.121493
-0.125282
-0.129023
-0.132711
-0.136353
-0.139939
-0.143486
-0.146976
-0.150476
-0.154009
-0.0797806
-0.0837803
-0.0877503
-0.0916893
-0.0955956
-0.0994666
-0.103299
-0.107091
-0.110839
-0.114542
-0.118197
-0.121802
-0.125358
-0.128861
-0.132314
-0.135711
-0.139064
-0.142359
-0.145653
-0.148968
-0.0784073
-0.0822359
-0.086036
-0.0898058
-0.0935432
-0.0972456
-0.10091
-0.104533
-0.108112
-0.111645
-0.115131
-0.118565
-0.121949
-0.125279
-0.128557
-0.131777
-0.13495
-0.138065
-0.141167
-0.144278
-0.0771446
-0.0808152
-0.0844584
-0.0880718
-0.0916533
-0.0951999
-0.0987085
-0.102176
-0.1056
-0.108977
-0.112305
-0.115583
-0.118809
-0.121979
-0.125097
-0.128155
-0.131164
-0.134112
-0.137039
-0.139963
-0.0759985
-0.0795251
-0.083025
-0.0864957
-0.0899348
-0.0933393
-0.096706
-0.100032
-0.103313
-0.106549
-0.109735
-0.11287
-0.115952
-0.11898
-0.121952
-0.124865
-0.127725
-0.130524
-0.133293
-0.136048
-0.0749747
-0.0783713
-0.081742
-0.0850842
-0.0883951
-0.0916718
-0.094911
-0.0981094
-0.101264
-0.104373
-0.107432
-0.11044
-0.113396
-0.116296
-0.11914
-0.121925
-0.124655
-0.127323
-0.129954
-0.132559
-0.0740855
-0.0773676
-0.0806246
-0.0838534
-0.0870513
-0.0902154
-0.0933425
-0.0964292
-0.0994727
-0.10247
-0.105419
-0.108317
-0.111163
-0.113953
-0.116687
-0.119362
-0.12198
-0.124538
-0.12705
-0.129528
-0.0733339
-0.0765167
-0.0796751
-0.0828062
-0.0859073
-0.0889754
-0.0920071
-0.0949994
-0.0979493
-0.100854
-0.103711
-0.106518
-0.109272
-0.111973
-0.114617
-0.117203
-0.119732
-0.1222
-0.124618
-0.126992
-0.072751
-0.0758533
-0.0789313
-0.0819817
-0.0850022
-0.0879901
-0.0909424
-0.0938562
-0.0967286
-0.0995569
-0.102339
-0.105072
-0.107754
-0.110383
-0.112957
-0.115475
-0.117936
-0.120337
-0.122685
-0.124982
-0.0723201
-0.075359
-0.0783753
-0.0813663
-0.0843291
-0.0872607
-0.090158
-0.0930179
-0.0958377
-0.0986148
-0.101347
-0.104031
-0.106666
-0.10925
-0.11178
-0.114254
-0.116672
-0.119032
-0.121336
-0.123583
-0.07212
-0.0751125
-0.0780807
-0.0810222
-0.0839357
-0.0868193
-0.0896706
-0.092487
-0.095266
-0.0980052
-0.100702
-0.103356
-0.105963
-0.108522
-0.111031
-0.113489
-0.115895
-0.118245
-0.120543
-0.122784
0.0945068
0.0834372
0.0722909
0.0612638
0.0497773
0.0380634
0.026319
0.0145676
0.00282274
-0.00887902
-0.020494
-0.0319923
-0.0433498
-0.0545463
-0.0655691
-0.0764525
-0.0873209
-0.0979039
-0.108142
-0.118102
0.0898258
0.0782855
0.0667069
0.0559527
0.0448965
0.0336246
0.0223763
0.0111582
-3.87494e-05
-0.0111849
-0.0222477
-0.033205
-0.0440393
-0.0547454
-0.0653237
-0.0757414
-0.0858106
-0.0957965
-0.105587
-0.115157
0.0841072
0.0727914
0.0612158
0.0509002
0.0404353
0.0296753
0.0189302
0.00824111
-0.00242079
-0.0130359
-0.0235723
-0.0340044
-0.044314
-0.0544897
-0.064518
-0.074378
-0.0840954
-0.0937146
-0.103135
-0.112338
0.0780714
0.0673094
0.0558822
0.0459208
0.0360105
0.0257579
0.0154964
0.00532197
-0.00480946
-0.0148975
-0.0249127
-0.0348296
-0.0446339
-0.0543205
-0.0638823
-0.0733057
-0.0825507
-0.0917178
-0.100737
-0.10957
0.0719641
0.0618232
0.0506813
0.0410666
0.0317056
0.0219899
0.0122148
0.00253809
-0.00708022
-0.0166596
-0.0261756
-0.0355999
-0.0449195
-0.0541307
-0.0632257
-0.0721928
-0.0810206
-0.0897809
-0.0984135
-0.106884
0.0658975
0.0563798
0.0456355
0.0363713
0.0275243
0.0183453
0.00905266
-0.000146553
-0.00927089
-0.0183563
-0.0273881
-0.0363366
-0.0451891
-0.0539443
-0.0625971
-0.0711396
-0.0795606
-0.0879214
-0.096175
-0.10429
0.0599326
0.0510147
0.0407449
0.0318464
0.0234793
0.014829
0.00601911
-0.00271742
-0.0113681
-0.019977
-0.0285413
-0.037033
-0.0454384
-0.0537571
-0.0619857
-0.0701185
-0.0781493
-0.0861285
-0.0940162
-0.101785
0.0541194
0.0457715
0.0360219
0.0275047
0.0195859
0.0114448
0.00311271
-0.00517513
-0.0133738
-0.0215257
-0.0296398
-0.037693
-0.0456708
-0.0535721
-0.0613953
-0.0691366
-0.0767918
-0.0844032
-0.0919362
-0.0993666
0.048495
0.0406844
0.0314754
0.0233505
0.015853
0.00819612
0.000332404
-0.00751905
-0.015286
-0.0230017
-0.0306839
-0.0383169
-0.0458861
-0.0533891
-0.0608249
-0.0681912
-0.0754854
-0.0827433
-0.0899337
-0.0970357
0.0430839
0.0357777
0.0271134
0.0193867
0.0122876
0.00508749
-0.00232202
-0.00974973
-0.0171042
-0.0244051
-0.0316749
-0.038906
-0.0460853
-0.0532086
-0.0602748
-0.0672822
-0.0742297
-0.0811481
-0.0880079
-0.0947913
0.0379022
0.031069
0.0229424
0.0156146
0.0088938
0.00212248
-0.00485084
-0.0118686
-0.0188286
-0.0257361
-0.0326136
-0.0394614
-0.0462692
-0.0530309
-0.0597447
-0.066409
-0.0730238
-0.0796165
-0.0861577
-0.0926328
0.0329609
0.0265705
0.0189676
0.0120349
0.00567402
-0.000696138
-0.00725405
-0.013877
-0.0204602
-0.0269946
-0.0335007
-0.0399842
-0.0464382
-0.052856
-0.0592343
-0.0655711
-0.0718673
-0.0781479
-0.0843822
-0.0905596
0.0282676
0.022291
0.0151928
0.00864778
0.00262926
-0.00336654
-0.00953167
-0.0157766
-0.022
-0.0281815
-0.0343367
-0.0404753
-0.0465938
-0.0526851
-0.0587441
-0.064768
-0.0707569
-0.0767324
-0.082673
-0.088568
0.0238272
0.0182362
0.0116201
0.00545235
-0.000240532
-0.00588774
-0.0116838
-0.0175689
-0.0234497
-0.0292972
-0.0351218
-0.040935
-0.0467365
-0.0525206
-0.058283
-0.0640207
-0.0697275
-0.0753827
-0.0810323
-0.0866585
0.0196425
0.0144096
0.00825041
0.00244721
-0.0029363
-0.00825948
-0.0137107
-0.0192553
-0.0248107
-0.0303428
-0.0358562
-0.0413623
-0.0468629
-0.0523524
-0.057825
-0.0632758
-0.0686996
-0.0740901
-0.0794745
-0.0848394
0.0157144
0.010813
0.00508382
-0.000369659
-0.00545974
-0.0104822
-0.0156128
-0.0208371
-0.0260847
-0.0313193
-0.0365404
-0.0417578
-0.0469746
-0.0521863
-0.0573868
-0.0625709
-0.0677337
-0.0728688
-0.0779971
-0.0831092
0.0120425
0.00744687
0.00211958
-0.00300074
-0.00781314
-0.0125568
-0.0173909
-0.0223156
-0.0272734
-0.0322282
-0.0371752
-0.042122
-0.047072
-0.0520215
-0.0569647
-0.0618959
-0.0668104
-0.0717038
-0.0765909
-0.0814638
0.00862552
0.0043108
-0.00064359
-0.00544882
-0.00999932
-0.0144851
-0.0190459
-0.0236922
-0.0283786
-0.0330711
-0.0377618
-0.0424557
-0.047156
-0.0518596
-0.056561
-0.0612546
-0.0659356
-0.0706001
-0.0752588
-0.0799049
0.00546116
0.00140346
-0.00320734
-0.00771689
-0.0120214
-0.016269
-0.0205791
-0.0249684
-0.0294022
-0.0338498
-0.0383016
-0.0427601
-0.0472274
-0.0517011
-0.0561761
-0.0606467
-0.0651082
-0.0695569
-0.0740003
-0.0784326
0.00254692
-0.00127688
-0.00557352
-0.00980795
-0.0138828
-0.017911
-0.0219921
-0.0261457
-0.0303459
-0.0345663
-0.0387964
-0.0430364
-0.0472875
-0.0515473
-0.0558111
-0.0600734
-0.0643296
-0.0685758
-0.0728171
-0.0770485
-0.000119853
-0.00373219
-0.00774403
-0.0117248
-0.0155867
-0.0194138
-0.0232869
-0.0272256
-0.0312115
-0.0352225
-0.0392479
-0.0432863
-0.0473375
-0.0513994
-0.0554673
-0.0595361
-0.063601
-0.0676582
-0.0717109
-0.0757547
-0.0025416
-0.00596436
-0.00972055
-0.0134701
-0.0171364
-0.0207803
-0.0244654
-0.0282099
-0.0320009
-0.0358203
-0.0396582
-0.0435116
-0.0473795
-0.0512593
-0.0551468
-0.0590369
-0.0629249
-0.066807
-0.0706847
-0.0745542
-0.00472016
-0.00797488
-0.0115043
-0.0150458
-0.0185344
-0.0220129
-0.0255297
-0.0291002
-0.0327157
-0.0363618
-0.0400293
-0.0437144
-0.0474153
-0.051129
-0.0548515
-0.0585779
-0.0623036
-0.0660247
-0.0697416
-0.0734507
-0.00665634
-0.00976443
-0.0130959
-0.016453
-0.019783
-0.0231141
-0.0264818
-0.0298985
-0.033358
-0.0368492
-0.0403639
-0.0438978
-0.0474484
-0.0510125
-0.054586
-0.0581642
-0.0617427
-0.0653172
-0.0688873
-0.07245
-0.0083494
-0.0113324
-0.0144946
-0.017692
-0.020883
-0.0240851
-0.027323
-0.0306058
-0.0339289
-0.0372837
-0.0406633
-0.044063
-0.0474799
-0.0509104
-0.0543506
-0.0577961
-0.0612426
-0.064686
-0.0681251
-0.0715568
-0.00979633
-0.0126764
-0.0156982
-0.0187615
-0.0218347
-0.0249274
-0.0280554
-0.0312248
-0.0344321
-0.0376706
-0.0409341
-0.0442183
-0.0475197
-0.0508347
-0.0541594
-0.0574892
-0.0608197
-0.0641467
-0.0674685
-0.0707832
-0.0109909
-0.0137907
-0.0167014
-0.0196569
-0.0226341
-0.0256372
-0.028675
-0.0317508
-0.0348618
-0.0380025
-0.0411678
-0.0443536
-0.0475562
-0.0507719
-0.053997
-0.0572274
-0.0604592
-0.0636887
-0.0669135
-0.0701305
-0.0119234
-0.0146678
-0.017499
-0.0203763
-0.0232836
-0.0262211
-0.029193
-0.0322
-0.0352393
-0.0383067
-0.0413975
-0.0445078
-0.0476338
-0.0507719
-0.0539179
-0.0570678
-0.0602172
-0.0633619
-0.0664994
-0.0696305
-0.0125739
-0.0152867
-0.0180679
-0.0208935
-0.0237524
-0.0266431
-0.0295664
-0.032522
-0.0355072
-0.0385184
-0.0415518
-0.0446037
-0.0476705
-0.0507487
-0.0538347
-0.056925
-0.060016
-0.0631044
-0.0661872
-0.069261
-0.0129285
-0.0156444
-0.0184208
-0.0212416
-0.0240964
-0.0269816
-0.0298961
-0.0328382
-0.0358054
-0.0387942
-0.0418012
-0.0448226
-0.0478551
-0.0508953
-0.0539397
-0.0569848
-0.0600267
-0.0630622
-0.0660889
-0.0691094
0.104545
0.105971
0.108137
0.111171
0.114446
0.118091
0.121364
0.124478
0.126495
0.127849
0.127308
0.125728
0.121411
0.11572
0.105186
0.103616
0.104933
0.106924
0.109697
0.112636
0.115855
0.11863
0.121148
0.122526
0.123119
0.121864
0.119397
0.114477
0.107789
0.0986444
0.102617
0.103822
0.105625
0.10812
0.110707
0.113482
0.115749
0.117665
0.118418
0.118291
0.116404
0.11318
0.107855
0.100713
0.0921053
0.101547
0.102631
0.104237
0.106439
0.10866
0.110971
0.11272
0.114022
0.114159
0.113321
0.11084
0.106928
0.101244
0.0937935
0.0853179
0.1004
0.101359
0.102759
0.104656
0.106502
0.108339
0.109568
0.110252
0.109788
0.108265
0.105225
0.100713
0.0946935
0.0870569
0.07866
0.0991744
0.100004
0.101191
0.102772
0.104235
0.105588
0.106299
0.106373
0.105328
0.103161
0.099601
0.0945853
0.0882687
0.0805455
0.0722456
0.0978678
0.098563
0.0995307
0.100785
0.10186
0.102724
0.102921
0.102397
0.100794
0.0980292
0.0939906
0.0885601
0.081997
0.0742487
0.0660614
0.0964779
0.0970336
0.0977766
0.0986956
0.0993784
0.0997521
0.0994407
0.0983386
0.0961996
0.0928906
0.0884161
0.0826476
0.0758903
0.0681512
0.0600898
0.0950031
0.095415
0.0959285
0.0965059
0.0967938
0.0966794
0.0958689
0.0942124
0.0915651
0.0877654
0.0829005
0.0768594
0.0699589
0.0622534
0.0543328
0.0934424
0.0937068
0.093987
0.0942188
0.0941111
0.0935155
0.0922175
0.0900361
0.0869104
0.0826737
0.0774664
0.0712088
0.0642136
0.0565641
0.0487989
0.0917961
0.0919098
0.0919541
0.0918386
0.0913371
0.0902714
0.0885006
0.0858272
0.0822569
0.0776352
0.0721349
0.0657102
0.0586646
0.0510938
0.0434959
0.090065
0.090026
0.0898327
0.0893716
0.08848
0.0869594
0.0847339
0.0816043
0.0776262
0.0726695
0.0669253
0.0603784
0.0533214
0.0458514
0.0384307
0.0882516
0.088059
0.0876276
0.0868253
0.08555
0.0835936
0.0809349
0.0773864
0.0730402
0.0677962
0.0618557
0.0552274
0.0481931
0.0408448
0.0336097
0.0863595
0.0860139
0.0853451
0.0842092
0.0825594
0.0801894
0.0771226
0.0731935
0.0685204
0.0630348
0.0569426
0.0502707
0.0432882
0.0360801
0.0290376
0.0843942
0.0838976
0.0829936
0.0815347
0.0795224
0.0767635
0.0733168
0.0690461
0.0640881
0.0584042
0.0522015
0.0455201
0.0386145
0.0315623
0.0247178
0.082363
0.0817193
0.0805837
0.0788149
0.0764553
0.0733345
0.0695388
0.0649654
0.0597639
0.0539228
0.0476471
0.0409865
0.0341791
0.0272953
0.0206525
0.0802756
0.0794901
0.0781284
0.076065
0.0733765
0.0699222
0.0658104
0.0609729
0.0555681
0.049608
0.043293
0.0366795
0.029988
0.0232818
0.0168424
0.078144
0.0772235
0.0756431
0.0733026
0.0703062
0.0665482
0.0621544
0.0570905
0.0515205
0.0454766
0.0391519
0.032608
0.0260463
0.0195239
0.0132873
0.0759831
0.0749358
0.0731461
0.0705474
0.0672666
0.0632355
0.0585943
0.0533402
0.0476406
0.0415446
0.0352359
0.0287796
0.0223582
0.0160227
0.00998661
0.0738107
0.072646
0.0706585
0.0678219
0.064282
0.0600086
0.055154
0.0497443
0.0439476
0.0378272
0.0315562
0.0252018
0.0189275
0.0127791
0.00693901
0.0716481
0.0703762
0.0682044
0.065151
0.0613785
0.0568936
0.0518587
0.0463253
0.0404609
0.0343398
0.028124
0.0218814
0.0157578
0.0097937
0.00414327
0.06952
0.0681515
0.0658109
0.0625625
0.0585846
0.0539183
0.0487344
0.0431062
0.0371996
0.0310973
0.0249502
0.0188256
0.0128528
0.0070675
0.00159839
0.0674552
0.0660011
0.0635085
0.0600872
0.055931
0.0511122
0.0458082
0.0401111
0.0341838
0.0281155
0.0220462
0.0160419
0.0102167
0.00460211
-0.000695965
0.0654862
0.0639576
0.0613308
0.0577592
0.053451
0.0485067
0.043109
0.037365
0.0314345
0.025411
0.0194243
0.013539
0.00785492
0.00240032
-0.00273903
0.0636501
0.0620578
0.0593155
0.0556158
0.051181
0.0461361
0.0406677
0.0348951
0.0289744
0.0230022
0.017099
0.0113272
0.00577475
0.000466685
-0.00452833
0.0619883
0.0603431
0.057504
0.053698
0.0491607
0.0440376
0.0385181
0.0327311
0.026829
0.0209101
0.0150868
0.00941961
0.00398597
-0.00119168
-0.00605897
0.060547
0.0588593
0.055942
0.0520513
0.0474338
0.0422523
0.0366978
0.0309065
0.0250273
0.0191594
0.0134085
0.00783308
0.00250209
-0.00256416
-0.0073228
0.0593773
0.0576573
0.0546803
0.0507255
0.0460491
0.0408263
0.0352495
0.0294601
0.0236037
0.0177802
0.0120898
0.00658954
0.00134162
-0.0036352
-0.00830716
0.0585353
0.0567928
0.0537748
0.0497765
0.0450608
0.0398117
0.0342224
0.0284372
0.0225997
0.0168098
0.0111639
0.00571795
0.000529585
-0.00438318
-0.00899233
0.0580821
0.0563279
0.0532875
0.0492667
0.0445305
0.0392686
0.0336736
0.0278922
0.0220657
0.0162949
0.0106733
0.00525712
0.000100807
-0.00477775
-0.00935488
0.116646
0.11879
0.122195
0.127243
0.133279
0.140575
0.148697
0.157791
0.167567
0.178125
0.189195
0.200842
0.212789
0.22511
0.237496
0.11658
0.11872
0.122118
0.127157
0.133178
0.140458
0.148552
0.157617
0.167353
0.177866
0.188877
0.200461
0.212326
0.224564
0.236835
0.116447
0.118579
0.121964
0.126984
0.132977
0.140224
0.148262
0.15727
0.166925
0.17735
0.188243
0.1997
0.211401
0.223471
0.23551
0.116249
0.118368
0.121735
0.126726
0.132674
0.139872
0.147827
0.156752
0.166285
0.176579
0.187293
0.19856
0.210015
0.221829
0.233518
0.115985
0.11809
0.121431
0.126383
0.132279
0.139409
0.147253
0.156066
0.165437
0.175556
0.186033
0.197045
0.208167
0.219638
0.230861
0.115659
0.117743
0.121054
0.125958
0.131776
0.138825
0.146539
0.155214
0.164382
0.174285
0.184463
0.195158
0.205861
0.216901
0.227538
0.115269
0.117331
0.120605
0.125454
0.131204
0.138138
0.145689
0.154199
0.163125
0.17277
0.182589
0.192904
0.203101
0.213622
0.223556
0.114819
0.116855
0.120086
0.124866
0.130488
0.137329
0.144707
0.153024
0.161669
0.171015
0.180413
0.190288
0.199892
0.209809
0.218922
0.114311
0.116317
0.119501
0.124217
0.129771
0.136415
0.143595
0.151694
0.160019
0.169025
0.177942
0.187317
0.196239
0.205471
0.213649
0.113745
0.115719
0.118852
0.123479
0.128881
0.135392
0.142359
0.15021
0.15818
0.166804
0.17518
0.183997
0.192152
0.20062
0.207752
0.113124
0.115064
0.11814
0.122677
0.127956
0.134277
0.141005
0.148578
0.156157
0.164358
0.172133
0.180337
0.187637
0.195268
0.201247
0.112452
0.114354
0.117369
0.121793
0.126926
0.133059
0.139534
0.146801
0.153956
0.161692
0.168808
0.176346
0.182704
0.189433
0.194156
0.111729
0.113592
0.116543
0.120858
0.125823
0.131752
0.137953
0.144883
0.151584
0.158809
0.165215
0.172032
0.177363
0.183132
0.186498
0.110959
0.112781
0.115671
0.119861
0.124642
0.130353
0.136266
0.142828
0.149047
0.155714
0.161362
0.167403
0.171625
0.176386
0.178295
0.110144
0.111925
0.114718
0.118783
0.123397
0.128871
0.134477
0.14064
0.146353
0.152411
0.157261
0.162463
0.165503
0.169214
0.169565
0.109288
0.11103
0.113772
0.117655
0.122086
0.12731
0.132591
0.138329
0.143509
0.148908
0.152926
0.157219
0.159014
0.161635
0.160317
0.108393
0.110082
0.112719
0.116473
0.120713
0.125671
0.130608
0.135892
0.140512
0.145201
0.148363
0.151667
0.152184
0.153661
0.150558
0.107463
0.109113
0.111647
0.115248
0.119286
0.123968
0.128548
0.133361
0.137396
0.141328
0.143599
0.145816
0.145031
0.145266
0.140268
0.106495
0.108094
0.110528
0.11397
0.117789
0.122166
0.126355
0.130654
0.134071
0.137211
0.138592
0.13965
0.137628
0.136426
0.12946
0.105508
0.107045
0.109392
0.1127
0.116327
0.120445
0.124273
0.128092
0.13086
0.133148
0.133503
0.13327
0.129859
0.127031
0.118067
0.105508
0.107045
0.109392
0.1127
0.116327
0.120445
0.124273
0.128092
0.13086
0.133148
0.133503
0.13327
0.129859
0.127031
0.118067
0.106495
0.108094
0.110528
0.11397
0.117789
0.122166
0.126355
0.130654
0.134071
0.137211
0.138592
0.13965
0.137628
0.136426
0.12946
0.107463
0.109113
0.111647
0.115248
0.119286
0.123968
0.128548
0.133361
0.137396
0.141328
0.143599
0.145816
0.145031
0.145266
0.140268
0.108393
0.110082
0.112719
0.116473
0.120713
0.125671
0.130608
0.135892
0.140512
0.145201
0.148363
0.151667
0.152184
0.153661
0.150558
0.109288
0.11103
0.113772
0.117655
0.122086
0.12731
0.132591
0.138329
0.143509
0.148908
0.152926
0.157219
0.159014
0.161635
0.160317
0.110144
0.111925
0.114718
0.118783
0.123397
0.128871
0.134477
0.14064
0.146353
0.152411
0.157261
0.162463
0.165503
0.169214
0.169565
0.110959
0.112781
0.115671
0.119861
0.124642
0.130353
0.136266
0.142828
0.149047
0.155714
0.161362
0.167403
0.171625
0.176386
0.178295
0.111729
0.113592
0.116543
0.120858
0.125823
0.131752
0.137953
0.144883
0.151584
0.158809
0.165215
0.172032
0.177363
0.183132
0.186498
0.112452
0.114354
0.117369
0.121793
0.126926
0.133059
0.139534
0.146801
0.153956
0.161692
0.168808
0.176346
0.182704
0.189433
0.194156
0.113124
0.115064
0.11814
0.122677
0.127956
0.134277
0.141005
0.148578
0.156157
0.164358
0.172133
0.180337
0.187637
0.195268
0.201247
0.113745
0.115719
0.118852
0.123479
0.128881
0.135392
0.142359
0.15021
0.15818
0.166804
0.17518
0.183997
0.192152
0.20062
0.207752
0.114311
0.116317
0.119501
0.124217
0.129771
0.136415
0.143595
0.151694
0.160019
0.169025
0.177942
0.187317
0.196239
0.205471
0.213649
0.114819
0.116855
0.120086
0.124866
0.130488
0.137329
0.144707
0.153024
0.161669
0.171015
0.180413
0.190288
0.199892
0.209809
0.218922
0.115269
0.117331
0.120605
0.125454
0.131204
0.138138
0.145689
0.154199
0.163125
0.17277
0.182589
0.192904
0.203101
0.213622
0.223556
0.115659
0.117743
0.121054
0.125958
0.131776
0.138825
0.146539
0.155214
0.164382
0.174285
0.184463
0.195158
0.205861
0.216901
0.227538
0.115985
0.11809
0.121431
0.126383
0.132279
0.139409
0.147253
0.156066
0.165437
0.175556
0.186033
0.197045
0.208167
0.219638
0.230861
0.116249
0.118368
0.121735
0.126726
0.132674
0.139872
0.147827
0.156752
0.166285
0.176579
0.187293
0.19856
0.210015
0.221829
0.233518
0.116447
0.118579
0.121964
0.126984
0.132977
0.140224
0.148262
0.15727
0.166925
0.17735
0.188243
0.1997
0.211401
0.223471
0.23551
0.11658
0.11872
0.122118
0.127157
0.133178
0.140458
0.148552
0.157617
0.167353
0.177866
0.188877
0.200461
0.212326
0.224564
0.236835
0.116646
0.11879
0.122195
0.127243
0.133279
0.140575
0.148697
0.157791
0.167567
0.178125
0.189195
0.200842
0.212789
0.22511
0.237496
0.0580821
0.0563279
0.0532875
0.0492667
0.0445305
0.0392686
0.0336736
0.0278922
0.0220657
0.0162949
0.0106733
0.00525713
0.000100811
-0.00477774
-0.00935488
0.0585353
0.0567928
0.0537748
0.0497765
0.0450608
0.0398117
0.0342224
0.0284372
0.0225997
0.0168098
0.0111639
0.00571795
0.000529589
-0.00438317
-0.00899232
0.0593773
0.0576573
0.0546803
0.0507255
0.0460491
0.0408263
0.0352495
0.0294601
0.0236037
0.0177802
0.0120898
0.00658954
0.00134162
-0.0036352
-0.00830715
0.060547
0.0588593
0.055942
0.0520513
0.0474338
0.0422523
0.0366978
0.0309065
0.0250273
0.0191595
0.0134085
0.00783309
0.00250209
-0.00256416
-0.0073228
0.0619883
0.0603431
0.057504
0.053698
0.0491607
0.0440376
0.0385181
0.0327311
0.026829
0.0209101
0.0150868
0.00941961
0.00398598
-0.00119167
-0.00605897
0.0636501
0.0620578
0.0593155
0.0556158
0.051181
0.0461362
0.0406677
0.0348951
0.0289744
0.0230022
0.017099
0.0113272
0.00577475
0.000466689
-0.00452832
0.0654862
0.0639576
0.0613308
0.0577592
0.053451
0.0485067
0.043109
0.037365
0.0314345
0.025411
0.0194243
0.013539
0.00785492
0.00240032
-0.00273903
0.0674552
0.0660011
0.0635085
0.0600872
0.055931
0.0511122
0.0458082
0.0401111
0.0341838
0.0281155
0.0220462
0.0160419
0.0102167
0.00460211
-0.000695961
0.06952
0.0681515
0.0658109
0.0625625
0.0585846
0.0539183
0.0487344
0.0431062
0.0371996
0.0310973
0.0249502
0.0188256
0.0128528
0.0070675
0.0015984
0.0716481
0.0703762
0.0682044
0.065151
0.0613785
0.0568936
0.0518587
0.0463253
0.0404609
0.0343398
0.028124
0.0218814
0.0157578
0.0097937
0.00414327
0.0738107
0.072646
0.0706585
0.0678219
0.064282
0.0600086
0.055154
0.0497443
0.0439476
0.0378272
0.0315563
0.0252018
0.0189275
0.0127791
0.00693901
0.0759831
0.0749358
0.0731461
0.0705474
0.0672666
0.0632355
0.0585943
0.0533402
0.0476406
0.0415446
0.0352359
0.0287796
0.0223582
0.0160227
0.00998661
0.078144
0.0772235
0.0756431
0.0733026
0.0703062
0.0665482
0.0621544
0.0570905
0.0515205
0.0454766
0.0391519
0.032608
0.0260463
0.0195239
0.0132873
0.0802756
0.0794901
0.0781284
0.076065
0.0733765
0.0699222
0.0658104
0.0609729
0.0555681
0.049608
0.043293
0.0366795
0.029988
0.0232818
0.0168424
0.082363
0.0817193
0.0805837
0.0788149
0.0764553
0.0733345
0.0695388
0.0649654
0.0597639
0.0539228
0.0476471
0.0409865
0.0341791
0.0272953
0.0206525
0.0843942
0.0838976
0.0829936
0.0815347
0.0795224
0.0767635
0.0733168
0.0690462
0.0640881
0.0584042
0.0522015
0.0455201
0.0386145
0.0315623
0.0247178
0.0863595
0.0860139
0.0853451
0.0842092
0.0825594
0.0801894
0.0771226
0.0731935
0.0685204
0.0630348
0.0569426
0.0502707
0.0432882
0.0360801
0.0290376
0.0882516
0.088059
0.0876276
0.0868253
0.08555
0.0835937
0.0809349
0.0773865
0.0730402
0.0677962
0.0618557
0.0552274
0.0481931
0.0408448
0.0336097
0.090065
0.090026
0.0898327
0.0893716
0.08848
0.0869594
0.0847339
0.0816043
0.0776262
0.0726695
0.0669253
0.0603784
0.0533214
0.0458514
0.0384307
0.0917961
0.0919098
0.0919541
0.0918386
0.0913371
0.0902714
0.0885006
0.0858272
0.0822569
0.0776352
0.0721349
0.0657102
0.0586646
0.0510938
0.0434959
0.0934424
0.0937068
0.093987
0.0942188
0.0941112
0.0935155
0.0922175
0.0900361
0.0869104
0.0826737
0.0774664
0.0712088
0.0642136
0.0565641
0.0487989
0.0950031
0.095415
0.0959285
0.0965059
0.0967938
0.0966794
0.0958689
0.0942124
0.0915651
0.0877654
0.0829005
0.0768594
0.0699589
0.0622534
0.0543328
0.0964779
0.0970336
0.0977766
0.0986956
0.0993784
0.0997521
0.0994407
0.0983386
0.0961996
0.0928906
0.0884161
0.0826476
0.0758903
0.0681512
0.0600898
0.0978678
0.098563
0.0995307
0.100785
0.10186
0.102724
0.102921
0.102397
0.100794
0.0980292
0.0939906
0.0885601
0.081997
0.0742487
0.0660614
0.0991744
0.100004
0.101191
0.102772
0.104235
0.105588
0.106299
0.106373
0.105328
0.103161
0.099601
0.0945853
0.0882687
0.0805455
0.0722456
0.1004
0.101359
0.102759
0.104656
0.106502
0.108339
0.109568
0.110252
0.109788
0.108265
0.105225
0.100713
0.0946935
0.0870569
0.07866
0.101547
0.102631
0.104237
0.106439
0.10866
0.110971
0.11272
0.114022
0.114159
0.113321
0.11084
0.106928
0.101244
0.0937935
0.0853179
0.102617
0.103822
0.105625
0.10812
0.110707
0.113482
0.115749
0.117665
0.118418
0.118291
0.116404
0.11318
0.107855
0.100713
0.0921053
0.103616
0.104933
0.106924
0.109697
0.112636
0.115855
0.11863
0.121148
0.122526
0.123119
0.121864
0.119397
0.114477
0.107789
0.0986444
0.104545
0.105971
0.108137
0.111171
0.114446
0.118091
0.121364
0.124478
0.126495
0.127849
0.127308
0.125728
0.121411
0.11572
0.105186
-0.0129285
-0.0156444
-0.0184208
-0.0212416
-0.0240964
-0.0269816
-0.0298961
-0.0328382
-0.0358054
-0.0387942
-0.0418011
-0.0448226
-0.0478551
-0.0508953
-0.0539397
-0.0569848
-0.0600267
-0.0630622
-0.0660889
-0.0691094
-0.0125739
-0.0152867
-0.0180679
-0.0208935
-0.0237524
-0.0266431
-0.0295664
-0.032522
-0.0355072
-0.0385184
-0.0415518
-0.0446037
-0.0476705
-0.0507487
-0.0538347
-0.056925
-0.060016
-0.0631044
-0.0661872
-0.069261
-0.0119234
-0.0146678
-0.017499
-0.0203763
-0.0232836
-0.0262211
-0.029193
-0.0322
-0.0352393
-0.0383067
-0.0413975
-0.0445078
-0.0476338
-0.0507719
-0.0539179
-0.0570678
-0.0602172
-0.0633619
-0.0664994
-0.0696305
-0.0109909
-0.0137907
-0.0167014
-0.0196569
-0.0226341
-0.0256372
-0.028675
-0.0317508
-0.0348618
-0.0380025
-0.0411678
-0.0443536
-0.0475562
-0.0507719
-0.053997
-0.0572274
-0.0604592
-0.0636887
-0.0669135
-0.0701305
-0.00979633
-0.0126764
-0.0156982
-0.0187615
-0.0218346
-0.0249274
-0.0280554
-0.0312248
-0.0344321
-0.0376706
-0.0409341
-0.0442183
-0.0475197
-0.0508347
-0.0541593
-0.0574892
-0.0608197
-0.0641467
-0.0674685
-0.0707832
-0.00834939
-0.0113324
-0.0144946
-0.017692
-0.020883
-0.0240851
-0.027323
-0.0306058
-0.0339289
-0.0372837
-0.0406633
-0.044063
-0.0474799
-0.0509104
-0.0543506
-0.0577961
-0.0612426
-0.064686
-0.0681251
-0.0715568
-0.00665633
-0.00976442
-0.0130959
-0.016453
-0.019783
-0.0231141
-0.0264818
-0.0298985
-0.033358
-0.0368492
-0.0403638
-0.0438978
-0.0474484
-0.0510125
-0.054586
-0.0581642
-0.0617427
-0.0653172
-0.0688873
-0.07245
-0.00472015
-0.00797487
-0.0115043
-0.0150457
-0.0185344
-0.0220129
-0.0255297
-0.0291002
-0.0327157
-0.0363618
-0.0400293
-0.0437144
-0.0474153
-0.051129
-0.0548515
-0.0585779
-0.0623036
-0.0660247
-0.0697416
-0.0734507
-0.00254159
-0.00596436
-0.00972054
-0.0134701
-0.0171364
-0.0207803
-0.0244654
-0.0282099
-0.0320009
-0.0358203
-0.0396582
-0.0435116
-0.0473795
-0.0512593
-0.0551467
-0.0590369
-0.0629249
-0.066807
-0.0706847
-0.0745542
-0.000119849
-0.00373219
-0.00774403
-0.0117248
-0.0155867
-0.0194138
-0.0232869
-0.0272256
-0.0312115
-0.0352225
-0.0392479
-0.0432863
-0.0473375
-0.0513994
-0.0554673
-0.0595361
-0.063601
-0.0676582
-0.0717109
-0.0757547
0.00254693
-0.00127688
-0.00557352
-0.00980794
-0.0138828
-0.017911
-0.0219921
-0.0261457
-0.0303459
-0.0345663
-0.0387964
-0.0430364
-0.0472875
-0.0515473
-0.0558111
-0.0600734
-0.0643296
-0.0685757
-0.0728171
-0.0770485
0.00546117
0.00140347
-0.00320733
-0.00771689
-0.0120214
-0.016269
-0.0205791
-0.0249684
-0.0294022
-0.0338498
-0.0383016
-0.0427601
-0.0472274
-0.0517011
-0.0561761
-0.0606467
-0.0651082
-0.0695569
-0.0740003
-0.0784326
0.00862552
0.0043108
-0.000643586
-0.00544882
-0.00999932
-0.0144851
-0.0190459
-0.0236922
-0.0283786
-0.0330711
-0.0377617
-0.0424557
-0.0471559
-0.0518596
-0.056561
-0.0612546
-0.0659356
-0.0706001
-0.0752588
-0.0799048
0.0120426
0.00744688
0.00211958
-0.00300073
-0.00781314
-0.0125568
-0.0173909
-0.0223156
-0.0272734
-0.0322282
-0.0371751
-0.042122
-0.047072
-0.0520215
-0.0569647
-0.0618959
-0.0668104
-0.0717038
-0.0765909
-0.0814638
0.0157144
0.010813
0.00508382
-0.000369656
-0.00545973
-0.0104822
-0.0156128
-0.020837
-0.0260847
-0.0313193
-0.0365404
-0.0417578
-0.0469746
-0.0521863
-0.0573868
-0.0625709
-0.0677337
-0.0728688
-0.0779971
-0.0831092
0.0196425
0.0144096
0.00825042
0.00244721
-0.0029363
-0.00825948
-0.0137107
-0.0192553
-0.0248107
-0.0303428
-0.0358562
-0.0413623
-0.0468629
-0.0523524
-0.057825
-0.0632758
-0.0686995
-0.0740901
-0.0794745
-0.0848394
0.0238272
0.0182362
0.0116201
0.00545235
-0.000240529
-0.00588774
-0.0116838
-0.0175689
-0.0234497
-0.0292972
-0.0351218
-0.040935
-0.0467365
-0.0525206
-0.058283
-0.0640207
-0.0697275
-0.0753827
-0.0810323
-0.0866584
0.0282676
0.022291
0.0151928
0.00864778
0.00262927
-0.00336654
-0.00953166
-0.0157766
-0.022
-0.0281815
-0.0343367
-0.0404753
-0.0465938
-0.0526851
-0.0587441
-0.064768
-0.0707569
-0.0767324
-0.082673
-0.088568
0.0329609
0.0265706
0.0189677
0.0120349
0.00567403
-0.000696134
-0.00725405
-0.013877
-0.0204601
-0.0269946
-0.0335007
-0.0399842
-0.0464382
-0.052856
-0.0592342
-0.0655711
-0.0718673
-0.0781479
-0.0843822
-0.0905596
0.0379022
0.031069
0.0229424
0.0156146
0.00889381
0.00212248
-0.00485084
-0.0118686
-0.0188286
-0.025736
-0.0326136
-0.0394614
-0.0462692
-0.0530309
-0.0597447
-0.066409
-0.0730238
-0.0796165
-0.0861577
-0.0926328
0.0430839
0.0357777
0.0271134
0.0193867
0.0122876
0.0050875
-0.00232201
-0.00974973
-0.0171042
-0.0244051
-0.0316749
-0.038906
-0.0460853
-0.0532086
-0.0602748
-0.0672822
-0.0742297
-0.081148
-0.0880079
-0.0947913
0.048495
0.0406844
0.0314754
0.0233505
0.015853
0.00819612
0.000332408
-0.00751905
-0.015286
-0.0230017
-0.0306839
-0.0383169
-0.045886
-0.053389
-0.0608249
-0.0681912
-0.0754854
-0.0827433
-0.0899337
-0.0970356
0.0541194
0.0457715
0.0360219
0.0275047
0.0195859
0.0114448
0.00311272
-0.00517513
-0.0133738
-0.0215257
-0.0296398
-0.037693
-0.0456708
-0.0535721
-0.0613953
-0.0691366
-0.0767918
-0.0844032
-0.0919362
-0.0993666
0.0599326
0.0510147
0.0407449
0.0318464
0.0234793
0.014829
0.00601911
-0.00271742
-0.0113681
-0.019977
-0.0285413
-0.037033
-0.0454384
-0.0537571
-0.0619857
-0.0701185
-0.0781493
-0.0861285
-0.0940162
-0.101785
0.0658975
0.0563798
0.0456355
0.0363713
0.0275243
0.0183453
0.00905267
-0.000146549
-0.00927089
-0.0183563
-0.027388
-0.0363366
-0.0451891
-0.0539443
-0.0625971
-0.0711396
-0.0795606
-0.0879214
-0.096175
-0.10429
0.0719641
0.0618232
0.0506813
0.0410666
0.0317056
0.0219899
0.0122148
0.0025381
-0.00708021
-0.0166596
-0.0261756
-0.0355999
-0.0449195
-0.0541307
-0.0632257
-0.0721927
-0.0810206
-0.0897809
-0.0984135
-0.106884
0.0780714
0.0673094
0.0558822
0.0459208
0.0360105
0.0257579
0.0154964
0.00532197
-0.00480945
-0.0148975
-0.0249127
-0.0348296
-0.0446339
-0.0543205
-0.0638823
-0.0733057
-0.0825507
-0.0917178
-0.100737
-0.10957
0.0841072
0.0727914
0.0612158
0.0509002
0.0404353
0.0296753
0.0189302
0.00824111
-0.00242079
-0.0130359
-0.0235723
-0.0340044
-0.044314
-0.0544896
-0.0645179
-0.074378
-0.0840954
-0.0937146
-0.103135
-0.112338
0.0898258
0.0782855
0.0667069
0.0559527
0.0448965
0.0336246
0.0223763
0.0111582
-3.87448e-05
-0.0111849
-0.0222477
-0.033205
-0.0440393
-0.0547454
-0.0653237
-0.0757413
-0.0858106
-0.0957965
-0.105587
-0.115157
0.0945068
0.0834372
0.0722909
0.0612639
0.0497773
0.0380634
0.026319
0.0145676
0.00282275
-0.00887901
-0.020494
-0.0319923
-0.0433498
-0.0545463
-0.065569
-0.0764525
-0.0873208
-0.0979039
-0.108142
-0.118102
-0.07212
-0.0751125
-0.0780807
-0.0810222
-0.0839357
-0.0868193
-0.0896706
-0.092487
-0.095266
-0.0980052
-0.100702
-0.103356
-0.105963
-0.108522
-0.111031
-0.113489
-0.115895
-0.118245
-0.120543
-0.122784
-0.0723201
-0.075359
-0.0783753
-0.0813663
-0.0843291
-0.0872607
-0.090158
-0.0930179
-0.0958377
-0.0986148
-0.101347
-0.104031
-0.106666
-0.10925
-0.111779
-0.114254
-0.116672
-0.119032
-0.121336
-0.123583
-0.072751
-0.0758533
-0.0789313
-0.0819817
-0.0850022
-0.0879901
-0.0909424
-0.0938562
-0.0967286
-0.0995569
-0.102339
-0.105072
-0.107754
-0.110383
-0.112957
-0.115475
-0.117936
-0.120337
-0.122685
-0.124982
-0.0733339
-0.0765167
-0.0796751
-0.0828062
-0.0859073
-0.0889753
-0.0920071
-0.0949994
-0.0979493
-0.100854
-0.103711
-0.106518
-0.109272
-0.111973
-0.114617
-0.117203
-0.119732
-0.1222
-0.124618
-0.126992
-0.0740855
-0.0773676
-0.0806246
-0.0838534
-0.0870513
-0.0902154
-0.0933425
-0.0964292
-0.0994727
-0.10247
-0.105419
-0.108317
-0.111163
-0.113953
-0.116687
-0.119362
-0.12198
-0.124538
-0.12705
-0.129528
-0.0749747
-0.0783713
-0.081742
-0.0850842
-0.0883951
-0.0916718
-0.0949109
-0.0981094
-0.101264
-0.104373
-0.107432
-0.11044
-0.113396
-0.116296
-0.11914
-0.121925
-0.124655
-0.127323
-0.129954
-0.132559
-0.0759985
-0.0795251
-0.083025
-0.0864957
-0.0899348
-0.0933393
-0.096706
-0.100032
-0.103313
-0.106549
-0.109735
-0.11287
-0.115952
-0.11898
-0.121952
-0.124865
-0.127725
-0.130524
-0.133293
-0.136048
-0.0771446
-0.0808152
-0.0844584
-0.0880718
-0.0916533
-0.0951999
-0.0987085
-0.102176
-0.1056
-0.108977
-0.112305
-0.115583
-0.118809
-0.121979
-0.125097
-0.128155
-0.131164
-0.134112
-0.137039
-0.139963
-0.0784073
-0.0822359
-0.086036
-0.0898058
-0.0935432
-0.0972456
-0.10091
-0.104533
-0.108112
-0.111645
-0.115131
-0.118565
-0.121949
-0.125279
-0.128557
-0.131777
-0.13495
-0.138065
-0.141167
-0.144278
-0.0797806
-0.0837803
-0.0877503
-0.0916893
-0.0955956
-0.0994666
-0.103299
-0.107091
-0.110839
-0.114542
-0.118197
-0.121802
-0.125358
-0.128861
-0.132314
-0.135711
-0.139064
-0.142359
-0.145653
-0.148968
-0.0812603
-0.0854439
-0.0895964
-0.093717
-0.0978044
-0.101856
-0.10587
-0.109842
-0.113771
-0.117655
-0.121493
-0.125282
-0.129023
-0.132711
-0.136353
-0.139939
-0.143486
-0.146976
-0.150476
-0.154009
-0.082843
-0.0872228
-0.0915698
-0.0958839
-0.100164
-0.104408
-0.108614
-0.112779
-0.1169
-0.120977
-0.125009
-0.128992
-0.132929
-0.136815
-0.140657
-0.144444
-0.148198
-0.151895
-0.155614
-0.159378
-0.0845263
-0.0891143
-0.0936674
-0.0981863
-0.102671
-0.107118
-0.111527
-0.115894
-0.120218
-0.124498
-0.128734
-0.132922
-0.137066
-0.14116
-0.145212
-0.149211
-0.153181
-0.157096
-0.161045
-0.16505
-0.0863085
-0.0911162
-0.0958864
-0.100621
-0.10532
-0.109981
-0.114602
-0.119182
-0.123719
-0.128211
-0.13266
-0.137062
-0.141421
-0.145731
-0.150004
-0.154222
-0.158419
-0.162559
-0.166748
-0.171002
-0.0881889
-0.0932273
-0.0982252
-0.103185
-0.108108
-0.112992
-0.117836
-0.122636
-0.127394
-0.132107
-0.136777
-0.141401
-0.145983
-0.150517
-0.155016
-0.159462
-0.163891
-0.168264
-0.172698
-0.177206
-0.0901657
-0.0954453
-0.100681
-0.105877
-0.111034
-0.116149
-0.121223
-0.126252
-0.131238
-0.136179
-0.141076
-0.145928
-0.150739
-0.155502
-0.160233
-0.164911
-0.169578
-0.174187
-0.178871
-0.183637
-0.0922398
-0.0977702
-0.103254
-0.108695
-0.114093
-0.119448
-0.124759
-0.130024
-0.135244
-0.140419
-0.145549
-0.150633
-0.155677
-0.160674
-0.165639
-0.170553
-0.175459
-0.180307
-0.185242
-0.190264
-0.0944113
-0.100201
-0.105942
-0.111636
-0.117284
-0.122886
-0.12844
-0.133947
-0.139405
-0.144818
-0.150184
-0.155505
-0.160783
-0.166016
-0.171218
-0.176368
-0.181514
-0.186601
-0.191785
-0.197062
-0.0966776
-0.102737
-0.108743
-0.114699
-0.120604
-0.126458
-0.132261
-0.138014
-0.143715
-0.149369
-0.154972
-0.160531
-0.166044
-0.171514
-0.176949
-0.182338
-0.187719
-0.193046
-0.198473
-0.204004
-0.0990382
-0.105378
-0.111658
-0.117881
-0.124049
-0.130161
-0.136217
-0.142219
-0.148165
-0.154062
-0.159902
-0.165701
-0.171445
-0.177153
-0.182815
-0.188441
-0.19405
-0.199616
-0.205278
-0.211063
-0.101494
-0.108122
-0.114683
-0.121182
-0.127618
-0.133992
-0.140303
-0.146557
-0.152747
-0.158888
-0.164963
-0.171001
-0.176972
-0.182919
-0.188801
-0.194664
-0.200488
-0.206291
-0.212171
-0.218208
-0.104045
-0.11097
-0.117819
-0.124598
-0.131306
-0.137945
-0.144514
-0.151019
-0.157453
-0.163835
-0.170142
-0.176415
-0.182604
-0.188786
-0.194876
-0.200979
-0.207005
-0.213047
-0.219126
-0.225408
-0.106691
-0.11392
-0.121064
-0.128128
-0.135112
-0.142017
-0.148844
-0.155599
-0.162277
-0.168895
-0.175429
-0.181929
-0.188328
-0.194734
-0.201012
-0.20735
-0.21355
-0.219837
-0.226094
-0.23262
-0.109432
-0.116972
-0.124417
-0.13177
-0.139032
-0.146205
-0.153289
-0.160293
-0.16721
-0.174061
-0.18082
-0.187541
-0.194146
-0.20077
-0.207223
-0.213785
-0.220116
-0.226644
-0.233024
-0.239803
-0.112268
-0.120125
-0.127875
-0.13552
-0.143062
-0.150502
-0.157843
-0.165092
-0.172245
-0.179321
-0.186301
-0.193234
-0.200046
-0.20688
-0.213513
-0.220301
-0.226746
-0.233521
-0.239946
-0.246981
-0.115198
-0.123377
-0.131434
-0.139373
-0.147193
-0.154897
-0.162487
-0.16997
-0.177347
-0.184629
-0.191809
-0.198924
-0.205918
-0.212925
-0.219725
-0.226716
-0.233285
-0.24034
-0.24679
-0.254145
-0.118228
-0.126732
-0.135096
-0.143325
-0.151418
-0.159376
-0.167204
-0.174905
-0.182484
-0.189949
-0.197296
-0.204554
-0.211686
-0.218796
-0.225713
-0.232813
-0.239475
-0.24678
-0.253257
-0.2611
-0.121351
-0.130195
-0.138878
-0.147406
-0.155779
-0.164
-0.172073
-0.180003
-0.187796
-0.195457
-0.202992
-0.210412
-0.217705
-0.22493
-0.231974
-0.239134
-0.245868
-0.253308
-0.25971
-0.2681
-0.124539
-0.133747
-0.142787
-0.151657
-0.160355
-0.168884
-0.177251
-0.185464
-0.19353
-0.201457
-0.209253
-0.216925
-0.224475
-0.231923
-0.239215
-0.246506
-0.25342
-0.260872
-0.267217
-0.275867
-0.12782
-0.137347
-0.146705
-0.155877
-0.164854
-0.173636
-0.182234
-0.190656
-0.198914
-0.207017
-0.214978
-0.222805
-0.230511
-0.238098
-0.245561
-0.252934
-0.260049
-0.267319
-0.273792
-0.282126
-0.128324
-0.136394
-0.143497
-0.149313
-0.153544
-0.155914
-0.156168
-0.154082
-0.149489
-0.142341
-0.132769
-0.121095
-0.107832
-0.0936512
-0.0792943
-0.0654633
-0.0527405
-0.041542
-0.0320615
-0.0242812
-0.0180747
-0.013246
-0.00956172
-0.00681803
-0.00480378
-0.00334237
-0.00224632
-0.00142663
-0.00076949
-0.000243808
-0.129185
-0.137327
-0.144458
-0.150275
-0.154495
-0.156847
-0.157067
-0.154922
-0.150238
-0.142968
-0.133251
-0.121415
-0.107985
-0.0936537
-0.0791759
-0.0652635
-0.0525024
-0.0413009
-0.031838
-0.0240888
-0.0179189
-0.0131256
-0.00947252
-0.00675444
-0.00476031
-0.00331348
-0.00222754
-0.0014149
-0.000762719
-0.000242156
-0.130765
-0.139061
-0.146244
-0.152062
-0.156266
-0.158589
-0.158752
-0.156497
-0.151642
-0.144145
-0.134154
-0.122012
-0.10827
-0.0936541
-0.0789505
-0.0648875
-0.0520549
-0.0408481
-0.0314197
-0.0237294
-0.0176286
-0.0129017
-0.00930673
-0.00663628
-0.00467956
-0.00325977
-0.00219274
-0.00139301
-0.000750189
-0.000238852
-0.13302
-0.141523
-0.148772
-0.15459
-0.158775
-0.16106
-0.161138
-0.158726
-0.153627
-0.145808
-0.135428
-0.12285
-0.108662
-0.0936444
-0.0786229
-0.0643501
-0.0514201
-0.0402082
-0.0308312
-0.0232258
-0.0172228
-0.0125894
-0.00907598
-0.00647201
-0.00456735
-0.00318516
-0.00214444
-0.00136259
-0.000732805
-0.000234159
-0.135874
-0.14463
-0.151949
-0.157765
-0.161932
-0.164174
-0.164147
-0.161534
-0.156129
-0.147904
-0.137031
-0.123896
-0.109142
-0.093615
-0.0781945
-0.0636626
-0.0506163
-0.0394023
-0.030094
-0.0225978
-0.0167185
-0.0122025
-0.0087908
-0.00626929
-0.00442897
-0.00309313
-0.00208494
-0.00132505
-0.000711408
-0.000228273
-0.139284
-0.148321
-0.155704
-0.161519
-0.165675
-0.167871
-0.167718
-0.164865
-0.159098
-0.15039
-0.138925
-0.125123
-0.10969
-0.093556
-0.0776651
-0.0628338
-0.0496587
-0.0384485
-0.0292268
-0.0218632
-0.0161311
-0.0117534
-0.0084607
-0.00603504
-0.00426918
-0.00298685
-0.00201633
-0.00128169
-0.000686753
-0.000221345
-0.143206
-0.15254
-0.159976
-0.165792
-0.169942
-0.172091
-0.171792
-0.168666
-0.162487
-0.153229
-0.141082
-0.126505
-0.110287
-0.093457
-0.0770334
-0.0618706
-0.0485603
-0.0373628
-0.0282467
-0.0210379
-0.0154741
-0.0112531
-0.00809422
-0.00577546
-0.00409224
-0.00286917
-0.00194049
-0.00123368
-0.000659485
-0.000213509
-0.147605
-0.157238
-0.164709
-0.170527
-0.174682
-0.176782
-0.176321
-0.172893
-0.166262
-0.156389
-0.143473
-0.128019
-0.110917
-0.0933083
-0.0762977
-0.0607791
-0.0473323
-0.0361596
-0.0271689
-0.020136
-0.01476
-0.0107118
-0.00769897
-0.00549607
-0.00390194
-0.0027426
-0.00185908
-0.00118208
-0.00063032
-0.000204877
-0.152448
-0.162368
-0.169854
-0.175677
-0.179845
-0.181897
-0.181261
-0.177508
-0.170389
-0.159843
-0.146075
-0.129647
-0.111564
-0.0931007
-0.0754564
-0.0595648
-0.0459853
-0.0348521
-0.0260072
-0.0191706
-0.0139998
-0.0101381
-0.00728173
-0.00520177
-0.00370164
-0.00260939
-0.0017736
-0.0011278
-0.000599801
-0.000195547
-0.157704
-0.167888
-0.175365
-0.181193
-0.185386
-0.187393
-0.186569
-0.182476
-0.174839
-0.163568
-0.148868
-0.131371
-0.112215
-0.0928259
-0.0745083
-0.0582331
-0.0445287
-0.0334526
-0.0247745
-0.0181535
-0.0132034
-0.00954013
-0.00684847
-0.00489684
-0.00349426
-0.0024715
-0.00168535
-0.00107161
-0.000568414
-0.000185594
-0.163344
-0.173755
-0.181195
-0.187033
-0.191263
-0.193225
-0.192209
-0.187766
-0.17959
-0.167541
-0.151834
-0.133174
-0.112857
-0.0924765
-0.0734526
-0.0567895
-0.042972
-0.0319726
-0.0234825
-0.0170952
-0.0123797
-0.00892486
-0.00640446
-0.00458504
-0.00328236
-0.00233063
-0.00159546
-0.00101432
-0.000536584
-0.00017508
-0.169339
-0.179927
-0.187304
-0.193155
-0.197433
-0.199345
-0.198143
-0.193351
-0.184617
-0.171746
-0.154958
-0.135043
-0.113479
-0.0920463
-0.0722895
-0.0552395
-0.0413242
-0.0304232
-0.0221422
-0.0160054
-0.0115367
-0.00829848
-0.00595425
-0.00426961
-0.00306812
-0.00218828
-0.00150492
-0.000956532
-0.000504687
-0.000164057
-0.175659
-0.186363
-0.193649
-0.19952
-0.203856
-0.205723
-0.204339
-0.199205
-0.189901
-0.176165
-0.158224
-0.136964
-0.114071
-0.0915303
-0.0710197
-0.053589
-0.0395945
-0.0288147
-0.0207636
-0.0148929
-0.0106814
-0.00766643
-0.00550182
-0.00395333
-0.00285342
-0.00204569
-0.00141454
-0.000898778
-0.000473045
-0.000152569
-0.182273
-0.19302
-0.200191
-0.206089
-0.210494
-0.21232
-0.210768
-0.205305
-0.195423
-0.180784
-0.16162
-0.138928
-0.114624
-0.0909244
-0.069645
-0.051844
-0.0377917
-0.0271571
-0.0193561
-0.0137655
-0.00982026
-0.00703344
-0.00505057
-0.00363855
-0.00263983
-0.00190395
-0.00132504
-0.000841528
-0.00044193
-0.000140656
-0.189151
-0.199856
-0.206891
-0.212826
-0.217307
-0.219101
-0.217402
-0.211629
-0.201166
-0.185589
-0.165136
-0.140923
-0.115131
-0.0902259
-0.0681679
-0.0500112
-0.0359247
-0.0254598
-0.0179282
-0.0126305
-0.00895866
-0.0064036
-0.00460339
-0.00332727
-0.00242869
-0.00176396
-0.001237
-0.000785176
-0.000411561
-0.000128355
-0.196259
-0.206829
-0.213711
-0.219696
-0.224259
-0.22603
-0.224213
-0.218157
-0.207114
-0.190567
-0.168761
-0.14294
-0.115584
-0.089433
-0.0665918
-0.0480973
-0.0340023
-0.0237319
-0.0164878
-0.0114941
-0.00810145
-0.0057804
-0.0041627
-0.00302113
-0.00222107
-0.00162647
-0.0011509
-0.000730049
-0.000382118
-0.0001157
-0.203562
-0.213898
-0.220619
-0.226665
-0.231311
-0.233076
-0.231179
-0.224868
-0.213251
-0.195708
-0.172485
-0.144972
-0.11598
-0.088545
-0.0649206
-0.0461094
-0.0320331
-0.0219816
-0.0150422
-0.0103621
-0.00725282
-0.00516681
-0.00373052
-0.00272147
-0.00201788
-0.00149208
-0.00106712
-0.000676417
-0.00035374
-0.000102729
-0.211023
-0.221026
-0.227581
-0.233699
-0.238431
-0.240208
-0.238276
-0.231745
-0.219562
-0.201
-0.176302
-0.14701
-0.116313
-0.087562
-0.0631593
-0.0440549
-0.0300256
-0.0202171
-0.0135979
-0.00923936
-0.00641637
-0.00456531
-0.0033085
-0.00242938
-0.00181981
-0.00136129
-0.000985991
-0.000624498
-0.000326529
-8.94767e-05
-0.218601
-0.228174
-0.234565
-0.240765
-0.245584
-0.2474
-0.24548
-0.238766
-0.226034
-0.206434
-0.180201
-0.149049
-0.116581
-0.0864851
-0.0613132
-0.0419414
-0.0279881
-0.0184457
-0.0121608
-0.00813033
-0.00559516
-0.00397795
-0.00289796
-0.0021457
-0.00162743
-0.00123449
-0.00090774
-0.000574459
-0.000300554
-7.59828e-05
-0.226251
-0.235307
-0.241543
-0.247828
-0.252737
-0.254622
-0.25277
-0.245913
-0.23265
-0.211999
-0.184176
-0.151082
-0.11678
-0.0853166
-0.0593883
-0.0397769
-0.0259287
-0.0166745
-0.0107364
-0.00703883
-0.00479178
-0.0034064
-0.00249995
-0.0018711
-0.00144117
-0.00111198
-0.000832549
-0.000526425
-0.000275855
-6.22871e-05
-0.233926
-0.242389
-0.248484
-0.254855
-0.25986
-0.261848
-0.26012
-0.253164
-0.239395
-0.217682
-0.188217
-0.153103
-0.116909
-0.0840593
-0.0573912
-0.0375693
-0.0238551
-0.0149098
-0.00932938
-0.00596819
-0.0040084
-0.002852
-0.00211526
-0.00160606
-0.00126136
-0.000993991
-0.000760549
-0.000480481
-0.000252445
-4.84324e-05
-0.241576
-0.249388
-0.255361
-0.261813
-0.26692
-0.26905
-0.267506
-0.260496
-0.24625
-0.22347
-0.192314
-0.155107
-0.116967
-0.0827171
-0.0553289
-0.0353268
-0.0217751
-0.0131579
-0.00794418
-0.00492128
-0.00324682
-0.00231579
-0.00174446
-0.0013509
-0.00108823
-0.000880691
-0.000691823
-0.000436678
-0.000230316
-3.44635e-05
-0.249155
-0.256274
-0.262146
-0.26867
-0.273888
-0.276199
-0.274899
-0.267881
-0.253192
-0.229345
-0.196456
-0.157087
-0.116955
-0.0812946
-0.0532091
-0.0330577
-0.019696
-0.0114243
-0.00658462
-0.00390055
-0.00250848
-0.00179857
-0.00138797
-0.00110586
-0.000921941
-0.000772187
-0.000626416
-0.000395034
-0.000209436
-2.04275e-05
-0.256611
-0.263021
-0.268813
-0.275391
-0.280731
-0.283264
-0.282263
-0.275286
-0.260192
-0.235285
-0.200629
-0.159036
-0.116871
-0.0797976
-0.0510399
-0.0307707
-0.0176251
-0.00971427
-0.00525415
-0.00290809
-0.00179456
-0.00130089
-0.00104601
-0.000871056
-0.00076259
-0.000668544
-0.000564339
-0.000355538
-0.000189761
-6.37363e-06
-0.263893
-0.269601
-0.275334
-0.281942
-0.287415
-0.290204
-0.289556
-0.28267
-0.267214
-0.241261
-0.204814
-0.160947
-0.116718
-0.0782324
-0.0488303
-0.0284742
-0.0155694
-0.00803283
-0.00395591
-0.00194573
-0.00110601
-0.000823176
-0.000718742
-0.000646536
-0.000610243
-0.000569793
-0.000505572
-0.000318154
-0.000171229
7.64695e-06
-0.270949
-0.275988
-0.281675
-0.288279
-0.293895
-0.296972
-0.296725
-0.289977
-0.274208
-0.247238
-0.208989
-0.162811
-0.116495
-0.0766062
-0.0465894
-0.0261771
-0.0135358
-0.00638469
-0.00269284
-0.00101516
-0.000443721
-0.00036577
-0.00040624
-0.000432329
-0.000464951
-0.000475951
-0.000450078
-0.000282827
-0.000153767
2.15821e-05
-0.2777
-0.282145
-0.287796
-0.294353
-0.300117
-0.303499
-0.303703
-0.297142
-0.281114
-0.253165
-0.213122
-0.164614
-0.116205
-0.0749268
-0.0443271
-0.0238885
-0.011531
-0.00477389
-0.00146709
-0.000117392
0.000191972
7.13759e-05
-0.000108313
-0.000228262
-0.00032662
-0.000386947
-0.000397779
-0.000249489
-0.0001373
3.53834e-05
-0.284094
-0.28804
-0.293656
-0.30012
-0.306019
-0.309821
-0.310422
-0.304099
-0.287875
-0.259
-0.217187
-0.166349
-0.11585
-0.0732059
-0.0420548
-0.0216168
-0.00955959
-0.00320182
-0.000277822
0.000749323
0.000802882
0.000489687
0.000176047
-3.3595e-05
-0.000194724
-0.000302449
-0.000348517
-0.000218058
-0.000121788
4.90116e-05
-0.290194
-0.293635
-0.299206
-0.305539
-0.311595
-0.31542
-0.31686
-0.310849
-0.294505
-0.264769
-0.221216
-0.168047
-0.11546
-0.0714621
-0.039782
-0.0193656
-0.00762377
-0.00166904
0.000875821
0.00158666
0.00139063
0.000890149
0.000447277
0.000151913
-6.90746e-05
-0.000222291
-0.000302168
-0.000188404
-0.000107161
6.24096e-05
-0.296004
-0.29875
-0.30429
-0.310459
-0.316806
-0.32167
-0.323087
-0.317376
-0.300965
-0.270434
-0.225175
-0.16967
-0.11498
-0.0696506
-0.037491
-0.0171396
-0.00574393
-0.000203701
0.00196373
0.00236836
0.00193516
0.00125964
0.000697259
0.000322583
4.60312e-05
-0.000148818
-0.000259235
-0.000160339
-9.29741e-05
7.54012e-05
-0.301275
-0.302957
-0.308646
-0.314567
-0.320724
-0.324939
-0.327167
-0.321496
-0.304843
-0.273593
-0.227048
-0.1698
-0.113687
-0.0674971
-0.0351195
-0.0149568
-0.00394196
0.00116785
0.00295202
0.00306104
0.00241263
0.00158998
0.000926757
0.000479915
0.000150806
-8.07528e-05
-0.000216852
-0.000131195
-7.69346e-05
8.9099e-05
-0.30572
-0.308442
-0.31435
-0.320183
-0.326631
-0.33152
-0.333386
-0.326781
-0.308535
-0.274842
-0.225285
-0.165503
-0.108071
-0.0619803
-0.0305337
-0.0114783
-0.00146336
0.00289003
0.0041641
0.00389275
0.00297255
0.00196257
0.00117929
0.000654561
0.000270205
-4.79712e-06
-0.000171691
-0.00010106
-6.05032e-05
0.00010487
-0.310322
-0.31327
-0.319305
-0.324924
-0.331359
-0.336022
-0.338039
-0.330866
-0.311507
-0.275966
-0.223991
-0.161748
-0.103094
-0.0569697
-0.0262443
-0.00813048
0.000985737
0.0046228
0.00534264
0.00468749
0.00350483
0.00231777
0.00142189
0.000823644
0.000386526
6.91323e-05
-0.000127717
-7.14039e-05
-4.42877e-05
0.000121431
-0.314786
-0.317727
-0.323788
-0.329233
-0.335973
-0.340968
-0.342911
-0.335024
-0.314414
-0.276882
-0.222323
-0.157667
-0.0979004
-0.0518726
-0.0219715
-0.00484583
0.00336668
0.00628656
0.00647516
0.00545576
0.00402015
0.00266191
0.00165716
0.000987394
0.000498598
0.000140148
-8.52995e-05
-4.22288e-05
-2.80776e-05
0.000138524
-0.319035
-0.32162
-0.327709
-0.333068
-0.340075
-0.345193
-0.3471
-0.338557
-0.31679
-0.277392
-0.220349
-0.153339
-0.092565
-0.0467015
-0.0176748
-0.0015709
0.00571309
0.00791492
0.00758574
0.00620747
0.00452254
0.00299663
0.00188599
0.00114651
0.000607047
0.000208593
-4.43305e-05
-1.35085e-05
-1.1801e-05
0.000156025
-0.322913
-0.324827
-0.331077
-0.336364
-0.343692
-0.348996
-0.350833
-0.341605
-0.318684
-0.277453
-0.218015
-0.148778
-0.0871411
-0.0415229
-0.0134116
0.0016594
0.00801453
0.00950649
0.00866708
0.00693625
0.00500796
0.0033197
0.00210709
0.00130015
0.000711383
0.000274316
-4.75354e-06
1.48286e-05
4.62905e-06
0.000173817
-0.326636
-0.327388
-0.333871
-0.33912
-0.346796
-0.35224
-0.353943
-0.344016
-0.319971
-0.276989
-0.215261
-0.143996
-0.0816546
-0.0363652
-0.00920852
0.00482123
0.0102553
0.0110472
0.00971079
0.00763739
0.0054737
0.00362958
0.00231936
0.00144745
0.000810979
0.000337083
3.3462e-05
4.28546e-05
2.13038e-05
0.000191751
-0.330159
-0.3293
-0.336161
-0.341381
-0.349392
-0.354894
-0.356441
-0.345781
-0.320627
-0.27595
-0.212074
-0.139028
-0.0761536
-0.0312758
-0.00510178
0.00788931
0.0124185
0.0125259
0.0107103
0.00830659
0.00591715
0.00392473
0.00252176
0.0015876
0.000905292
0.000396716
7.03572e-05
7.06172e-05
3.82909e-05
0.000209644
-0.333307
-0.33061
-0.338048
-0.343216
-0.351531
-0.357037
-0.358308
-0.346873
-0.3206
-0.274318
-0.20847
-0.133917
-0.0706922
-0.0263085
-0.00113403
0.0108332
0.0144824
0.0139314
0.0116579
0.00893892
0.00633536
0.00420348
0.00271314
0.00171974
0.000993802
0.000453057
0.000105965
9.81242e-05
5.56161e-05
0.000227295
-0.335684
-0.331548
-0.339615
-0.344695
-0.353256
-0.358667
-0.359548
-0.347303
-0.319908
-0.272073
-0.204485
-0.128716
-0.0653331
-0.0215226
0.00264868
0.0136203
0.0164267
0.0152511
0.0125454
0.00952929
0.00672542
0.00446411
0.00289232
0.00184304
0.00107602
0.000505948
0.000140287
0.000125325
7.32483e-05
0.000244487
-0.337268
-0.332283
-0.340903
-0.345881
-0.354597
-0.359803
-0.360176
-0.347085
-0.318566
-0.269252
-0.200176
-0.123491
-0.0601452
-0.0169807
0.00619854
0.0162175
0.0182302
0.016472
0.0133647
0.0100728
0.00708452
0.00470498
0.00305816
0.00195671
0.00115152
0.000555228
0.000173265
0.000152092
9.10836e-05
0.000260993
-0.338249
-0.332906
-0.341969
-0.346777
-0.355567
-0.360424
-0.360217
-0.346251
-0.316616
-0.26593
-0.195615
-0.11832
-0.0552015
-0.0127458
0.00946874
0.0185929
0.0198729
0.017582
0.014108
0.0105649
0.00741013
0.00492455
0.00320958
0.00206004
0.00121994
0.000600718
0.000204764
0.000178206
0.000108933
0.000276583
-0.338826
-0.333418
-0.342802
-0.34742
-0.356166
-0.360596
-0.359703
-0.344857
-0.314124
-0.262191
-0.190899
-0.113293
-0.0505765
-0.00887745
0.0124166
0.0207184
0.0213376
0.0185704
0.0147691
0.011002
0.00770021
0.00512151
0.00334567
0.00215246
0.00128101
0.000642215
0.000234549
0.000203349
0.000126516
0.000291036
-0.339199
-0.333775
-0.343474
-0.347764
-0.356441
-0.360309
-0.358775
-0.342971
-0.31118
-0.258181
-0.186142
-0.108509
-0.0463436
-0.00542832
0.0150071
0.0225717
0.0226109
0.0194296
0.0153433
0.0113816
0.00795331
0.00529479
0.00346565
0.00223355
0.00133454
0.000679482
0.000262283
0.000227104
0.000143465
0.000304144
-0.339021
-0.334187
-0.343788
-0.347981
-0.356336
-0.359686
-0.357304
-0.340762
-0.308013
-0.254001
-0.1815
-0.104074
-0.0425715
-0.00244289
0.0172166
0.0241397
0.0236854
0.0201552
0.0158284
0.0117027
0.00816868
0.00544364
0.00356896
0.00230304
0.00138041
0.000712247
0.000287526
0.000248973
0.000159336
0.000315719
-0.338806
-0.334374
-0.343991
-0.347942
-0.356011
-0.358808
-0.355787
-0.338351
-0.304681
-0.249972
-0.177117
-0.100119
-0.0393221
5.47355e-05
0.0190291
0.0254181
0.02456
0.020747
0.0162246
0.0119654
0.00834623
0.00556762
0.00365524
0.00236081
0.00141857
0.000740212
0.000309764
0.000268402
0.000173638
0.0003256
-0.338448
-0.334427
-0.344046
-0.347761
-0.355529
-0.357803
-0.354142
-0.335981
-0.301559
-0.24615
-0.173291
-0.0967158
-0.0366519
0.00204971
0.0204489
0.026412
0.0252391
0.0212083
0.016534
0.0121712
0.00848649
0.00566658
0.00372427
0.00240684
0.00144903
0.000763069
0.000328446
0.000284823
0.000185861
0.000333655
-0.338067
-0.33439
-0.344022
-0.347507
-0.355016
-0.356838
-0.352732
-0.333894
-0.298849
-0.242974
-0.170053
-0.0940775
-0.0346021
0.00353435
0.021489
0.027135
0.0257331
0.021545
0.0167606
0.0123225
0.00859035
0.00574055
0.00377601
0.00244122
0.00147182
0.000780521
0.000343032
0.000297695
0.000195525
0.000339782
-0.337745
-0.334321
-0.343968
-0.347272
-0.354591
-0.356072
-0.351518
-0.332329
-0.296849
-0.240646
-0.167795
-0.0922004
-0.0332106
0.00451479
0.0221678
0.0276039
0.0260537
0.0217643
0.0169084
0.0124215
0.00865884
0.00578971
0.00381045
0.00246405
0.00148698
0.000792315
0.000353051
0.000306559
0.000202221
0.000343907
-0.337562
-0.33427
-0.343929
-0.347132
-0.354351
-0.35565
-0.350902
-0.331487
-0.295784
-0.239419
-0.166603
-0.0912379
-0.032512
0.0050019
0.0225022
0.0278339
0.026211
0.0218721
0.0169813
0.0124704
0.00869283
0.00581424
0.00382766
0.00247544
0.00149455
0.000798262
0.000358153
0.00031108
0.000205647
0.000345981
)
;

boundaryField
{
    inlet
    {
        type            zeroGradient;
    }
    outlet
    {
        type            fixedValue;
        value           uniform 0;
    }
    cylinder
    {
        type            zeroGradient;
    }
    top
    {
        type            symmetryPlane;
    }
    bottom
    {
        type            symmetryPlane;
    }
    defaultFaces
    {
        type            empty;
    }
}


// ************************************************************************* //
