/*--------------------------------*- C++ -*----------------------------------*\
  =========                 |
  \\      /  F ield         | OpenFOAM: The Open Source CFD Toolbox
   \\    /   O peration     | Website:  https://openfoam.org
    \\  /    A nd           | Version:  9
     \\/     M anipulation  |
\*---------------------------------------------------------------------------*/
FoamFile
{
    format      ascii;
    class       volScalarField;
    location    "15.9";
    object      p;
}
// * * * * * * * * * * * * * * * * * * * * * * * * * * * * * * * * * * * * * //

dimensions      [0 2 -2 0 0 0 0];

internalField   nonuniform List<scalar> 
8500
(
-0.311726
-0.316153
-0.317151
-0.319217
-0.321818
-0.322723
-0.327582
-0.32517
-0.333582
-0.32862
-0.312011
-0.316369
-0.317362
-0.319392
-0.322027
-0.322812
-0.327885
-0.325056
-0.333974
-0.328377
-0.312573
-0.316794
-0.317774
-0.319733
-0.322436
-0.322976
-0.328478
-0.324809
-0.33474
-0.327901
-0.313395
-0.317416
-0.318372
-0.320219
-0.323021
-0.323188
-0.329329
-0.3244
-0.335847
-0.327211
-0.314455
-0.318215
-0.319133
-0.320823
-0.323749
-0.323417
-0.330389
-0.323797
-0.337242
-0.326325
-0.315725
-0.31917
-0.320031
-0.321514
-0.32458
-0.323632
-0.33159
-0.322973
-0.338864
-0.32524
-0.317175
-0.320256
-0.321035
-0.322258
-0.32546
-0.323808
-0.332849
-0.321909
-0.340653
-0.323921
-0.318772
-0.321448
-0.322113
-0.323022
-0.326334
-0.323934
-0.334071
-0.32061
-0.342511
-0.322477
-0.320488
-0.322723
-0.323234
-0.323781
-0.327142
-0.324008
-0.335149
-0.319221
-0.344035
-0.32102
-0.322295
-0.324061
-0.324369
-0.324513
-0.327831
-0.324051
-0.335826
-0.317899
-0.345354
-0.319172
-0.324171
-0.325444
-0.325492
-0.325207
-0.328348
-0.32419
-0.336056
-0.316517
-0.346377
-0.317206
-0.326105
-0.326863
-0.326586
-0.325859
-0.328546
-0.324446
-0.335879
-0.315217
-0.346685
-0.315645
-0.32809
-0.328313
-0.327641
-0.326507
-0.328519
-0.324665
-0.335259
-0.314334
-0.345686
-0.315039
-0.33013
-0.329797
-0.328647
-0.327108
-0.328336
-0.324832
-0.334139
-0.314035
-0.34297
-0.31536
-0.33224
-0.331321
-0.329633
-0.327646
-0.328033
-0.324931
-0.332588
-0.314231
-0.338534
-0.315688
-0.33445
-0.332892
-0.33064
-0.328141
-0.327666
-0.324785
-0.330738
-0.314534
-0.332921
-0.314844
-0.336796
-0.334541
-0.331693
-0.328629
-0.327316
-0.32435
-0.328673
-0.314538
-0.326783
-0.312279
-0.339321
-0.336299
-0.332832
-0.329152
-0.327044
-0.32365
-0.326355
-0.31403
-0.320348
-0.308049
-0.342078
-0.338203
-0.334102
-0.329742
-0.326848
-0.322796
-0.323694
-0.312906
-0.31352
-0.302606
-0.345127
-0.340295
-0.335558
-0.330427
-0.326683
-0.321897
-0.320677
-0.311
-0.306335
-0.296677
-0.348523
-0.342625
-0.337248
-0.331201
-0.326522
-0.320976
-0.317376
-0.308095
-0.299398
-0.290689
-0.352313
-0.345265
-0.33921
-0.332046
-0.3264
-0.319957
-0.313862
-0.304183
-0.293061
-0.283577
-0.356571
-0.348266
-0.341443
-0.332974
-0.326369
-0.318713
-0.310152
-0.299544
-0.286655
-0.276309
-0.361361
-0.351692
-0.343905
-0.334071
-0.326414
-0.317136
-0.306232
-0.294325
-0.28022
-0.269055
-0.366746
-0.355593
-0.346542
-0.33547
-0.326437
-0.315171
-0.302054
-0.288723
-0.273663
-0.261755
-0.372792
-0.359975
-0.349362
-0.337234
-0.326312
-0.31279
-0.297602
-0.282828
-0.266974
-0.254465
-0.379574
-0.364784
-0.352489
-0.339272
-0.325938
-0.309993
-0.292859
-0.276702
-0.260158
-0.247116
-0.387162
-0.369918
-0.356131
-0.341372
-0.325239
-0.306785
-0.287823
-0.270366
-0.253204
-0.239702
-0.395594
-0.375274
-0.360471
-0.343318
-0.324144
-0.303173
-0.282488
-0.263823
-0.24611
-0.232182
-0.404842
-0.380796
-0.365537
-0.344962
-0.322584
-0.299151
-0.276843
-0.257065
-0.238856
-0.224536
-0.41478
-0.386503
-0.37113
-0.346211
-0.320498
-0.2947
-0.270875
-0.250073
-0.231424
-0.216735
-0.425173
-0.392477
-0.376847
-0.346989
-0.317835
-0.289794
-0.264561
-0.242828
-0.223792
-0.208755
-0.435685
-0.398819
-0.382194
-0.347206
-0.314552
-0.284396
-0.257875
-0.235303
-0.215934
-0.200576
-0.445995
-0.405588
-0.386713
-0.346746
-0.310613
-0.278471
-0.250784
-0.227474
-0.207829
-0.192177
-0.455802
-0.412743
-0.390061
-0.345476
-0.305976
-0.271984
-0.243257
-0.21931
-0.199454
-0.183538
-0.464851
-0.420098
-0.392026
-0.343261
-0.300596
-0.264905
-0.235263
-0.210784
-0.190787
-0.174642
-0.472943
-0.427318
-0.392514
-0.339977
-0.294422
-0.257199
-0.22677
-0.201871
-0.181809
-0.165474
-0.47992
-0.433935
-0.391518
-0.335525
-0.287402
-0.248835
-0.217751
-0.192548
-0.172499
-0.156027
-0.485656
-0.439418
-0.389068
-0.32984
-0.279481
-0.239778
-0.208181
-0.182794
-0.162841
-0.14631
-0.490045
-0.443296
-0.385137
-0.322875
-0.270612
-0.229996
-0.198036
-0.17259
-0.152824
-0.136346
-0.492987
-0.44524
-0.379603
-0.314585
-0.260754
-0.21946
-0.187298
-0.161919
-0.142434
-0.126151
-0.494374
-0.444973
-0.372374
-0.304927
-0.249871
-0.208144
-0.175951
-0.150766
-0.131663
-0.115694
-0.494074
-0.4423
-0.363394
-0.293862
-0.237937
-0.196032
-0.163982
-0.139121
-0.120523
-0.104904
-0.491928
-0.437089
-0.352615
-0.281369
-0.224931
-0.183106
-0.151375
-0.12697
-0.109054
-0.0937001
-0.487746
-0.429253
-0.339987
-0.267448
-0.210842
-0.169353
-0.138123
-0.114316
-0.0972984
-0.0820781
-0.481321
-0.418734
-0.325475
-0.252104
-0.195655
-0.154772
-0.124231
-0.101198
-0.0852232
-0.0702233
-0.472433
-0.405499
-0.309057
-0.235334
-0.179357
-0.139384
-0.109738
-0.0877047
-0.0727171
-0.0581735
-0.460872
-0.389532
-0.290727
-0.217136
-0.161961
-0.123255
-0.0947039
-0.0738076
-0.0597966
-0.0459252
-0.446443
-0.370833
-0.270476
-0.197532
-0.14356
-0.106429
-0.0790916
-0.0595145
-0.0465097
-0.0334819
-0.428988
-0.349424
-0.248292
-0.176609
-0.124289
-0.088823
-0.062941
-0.0448385
-0.0329032
-0.0208593
-0.40839
-0.325365
-0.22418
-0.154525
-0.104083
-0.0704893
-0.0462918
-0.0298036
-0.019019
-0.00808522
-0.384584
-0.298782
-0.198236
-0.13124
-0.0829963
-0.0514864
-0.0291875
-0.0144427
-0.00489732
0.00480264
-0.357561
-0.269826
-0.170648
-0.106682
-0.061087
-0.0318803
-0.0116757
0.00120465
0.00942255
0.0177597
-0.327372
-0.23852
-0.141564
-0.0809679
-0.0384232
-0.0117408
0.00618924
0.0170944
0.0239046
0.0307412
-0.294137
-0.204659
-0.111328
-0.0542397
-0.0150796
0.00885691
0.0243469
0.0331812
0.038518
0.0437034
-0.25803
-0.168533
-0.0799111
-0.0266471
0.0088568
0.0298329
0.0427325
0.0494236
0.0532308
0.0565759
-0.219144
-0.130561
-0.0473727
0.00166419
0.0332857
0.051102
0.0612808
0.0657879
0.0679881
0.0691853
-0.177477
-0.0913442
-0.013845
0.0305514
0.0580959
0.0725743
0.0799297
0.0822408
0.0826776
0.0811943
-0.1335
-0.0510503
0.0204919
0.0598714
0.0831679
0.0941568
0.0986186
0.0987231
0.0971243
0.0923125
-0.0875744
-0.00987441
0.0554329
0.0894745
0.108376
0.115754
0.117279
0.115124
0.111164
0.102858
-0.0400818
0.0319451
0.0907582
0.119204
0.133588
0.137269
0.135827
0.131303
0.124743
0.114149
0.00857416
0.0741436
0.126238
0.148895
0.158672
0.1586
0.154166
0.147148
0.138066
0.125971
0.0579731
0.116439
0.161638
0.178378
0.183492
0.179642
0.172199
0.162627
0.151181
0.137837
0.107683
0.158539
0.19672
0.207478
0.207909
0.200287
0.189832
0.177695
0.164035
0.149569
0.157265
0.200143
0.231246
0.23602
0.231784
0.220423
0.206976
0.192304
0.176555
0.160985
0.206279
0.240951
0.26498
0.263826
0.254981
0.239941
0.223545
0.206396
0.188673
0.171989
0.254287
0.280663
0.297689
0.290721
0.277362
0.258732
0.239456
0.219911
0.200321
0.1825
0.300859
0.318986
0.329147
0.316532
0.298792
0.276689
0.254626
0.232784
0.211437
0.192461
0.345574
0.355641
0.359135
0.341092
0.319143
0.29371
0.268977
0.244952
0.221959
0.20182
0.388023
0.390368
0.387445
0.364239
0.338287
0.309696
0.282431
0.256355
0.23183
0.210536
0.42783
0.422909
0.413878
0.385819
0.356106
0.324551
0.294916
0.266932
0.240995
0.21857
0.464696
0.452977
0.438246
0.405685
0.372487
0.33819
0.306363
0.276628
0.249402
0.225889
0.498325
0.480314
0.460372
0.423702
0.387326
0.350529
0.316708
0.285392
0.257005
0.232461
0.528426
0.504704
0.480097
0.439746
0.400528
0.361495
0.325895
0.293174
0.263758
0.23826
0.554736
0.525961
0.497277
0.453708
0.412008
0.371022
0.333869
0.29993
0.269623
0.243265
0.577023
0.543925
0.511789
0.465492
0.421691
0.379052
0.340587
0.305621
0.274565
0.247459
0.595094
0.558461
0.523526
0.475017
0.429515
0.385535
0.346009
0.310215
0.278554
0.250827
0.608787
0.569459
0.532405
0.482219
0.435427
0.390433
0.350103
0.313685
0.281567
0.253359
0.617984
0.576837
0.53836
0.487048
0.439391
0.393715
0.352846
0.31601
0.283586
0.25505
0.622603
0.58054
0.541348
0.489471
0.441379
0.395362
0.354221
0.317175
0.284599
0.255896
0.622603
0.58054
0.541348
0.489471
0.441379
0.395362
0.354221
0.317175
0.284599
0.255896
0.617984
0.576837
0.53836
0.487048
0.439391
0.393715
0.352846
0.31601
0.283586
0.25505
0.608787
0.569459
0.532405
0.482219
0.435427
0.390433
0.350103
0.313685
0.281567
0.253359
0.595094
0.558461
0.523526
0.475017
0.429515
0.385535
0.346009
0.310215
0.278554
0.250827
0.577023
0.543925
0.511789
0.465492
0.421691
0.379052
0.340587
0.305621
0.274565
0.247459
0.554736
0.525961
0.497277
0.453708
0.412008
0.371022
0.333869
0.29993
0.269623
0.243265
0.528426
0.504704
0.480097
0.439746
0.400528
0.361495
0.325895
0.293174
0.263758
0.23826
0.498325
0.480314
0.460372
0.423702
0.387326
0.350529
0.316708
0.285392
0.257005
0.232461
0.464696
0.452977
0.438246
0.405685
0.372487
0.33819
0.306363
0.276628
0.249402
0.225889
0.42783
0.422909
0.413878
0.385819
0.356106
0.324551
0.294916
0.266932
0.240995
0.21857
0.388023
0.390368
0.387445
0.364239
0.338287
0.309696
0.282431
0.256355
0.23183
0.210536
0.345574
0.355641
0.359135
0.341092
0.319143
0.29371
0.268977
0.244952
0.221959
0.20182
0.300859
0.318986
0.329147
0.316532
0.298792
0.276689
0.254626
0.232784
0.211437
0.192461
0.254287
0.280663
0.297689
0.290721
0.277362
0.258732
0.239456
0.219911
0.200321
0.1825
0.206279
0.240951
0.26498
0.263826
0.254981
0.239941
0.223545
0.206396
0.188673
0.171989
0.157265
0.200143
0.231246
0.23602
0.231784
0.220423
0.206976
0.192304
0.176555
0.160985
0.107683
0.158539
0.19672
0.207478
0.207909
0.200287
0.189832
0.177695
0.164035
0.149569
0.0579731
0.116439
0.161638
0.178378
0.183492
0.179642
0.172199
0.162627
0.151181
0.137837
0.00857416
0.0741436
0.126238
0.148895
0.158672
0.1586
0.154166
0.147148
0.138066
0.125971
-0.0400818
0.0319451
0.0907582
0.119204
0.133588
0.137269
0.135827
0.131303
0.124743
0.114149
-0.0875744
-0.00987442
0.0554329
0.0894745
0.108376
0.115754
0.117279
0.115124
0.111164
0.102858
-0.1335
-0.0510503
0.0204919
0.0598714
0.0831679
0.0941568
0.0986186
0.0987231
0.0971243
0.0923125
-0.177477
-0.0913442
-0.013845
0.0305514
0.0580959
0.0725743
0.0799297
0.0822408
0.0826776
0.0811943
-0.219144
-0.130561
-0.0473727
0.00166418
0.0332857
0.051102
0.0612808
0.0657879
0.0679881
0.0691853
-0.25803
-0.168533
-0.0799111
-0.0266471
0.00885679
0.0298329
0.0427325
0.0494236
0.0532308
0.0565759
-0.294137
-0.204659
-0.111328
-0.0542397
-0.0150796
0.0088569
0.0243469
0.0331812
0.038518
0.0437034
-0.327372
-0.23852
-0.141564
-0.0809679
-0.0384232
-0.0117408
0.00618923
0.0170944
0.0239046
0.0307412
-0.357561
-0.269826
-0.170648
-0.106682
-0.061087
-0.0318803
-0.0116757
0.00120464
0.00942255
0.0177597
-0.384584
-0.298782
-0.198236
-0.13124
-0.0829963
-0.0514864
-0.0291875
-0.0144427
-0.00489732
0.00480263
-0.40839
-0.325365
-0.22418
-0.154525
-0.104083
-0.0704893
-0.0462918
-0.0298036
-0.019019
-0.00808522
-0.428988
-0.349424
-0.248292
-0.176609
-0.124289
-0.088823
-0.062941
-0.0448385
-0.0329032
-0.0208593
-0.446443
-0.370833
-0.270476
-0.197532
-0.14356
-0.106429
-0.0790917
-0.0595145
-0.0465097
-0.0334819
-0.460872
-0.389532
-0.290727
-0.217136
-0.161961
-0.123255
-0.0947039
-0.0738076
-0.0597966
-0.0459252
-0.472433
-0.405499
-0.309057
-0.235334
-0.179357
-0.139384
-0.109738
-0.0877048
-0.0727171
-0.0581735
-0.481321
-0.418734
-0.325475
-0.252104
-0.195655
-0.154772
-0.124231
-0.101198
-0.0852232
-0.0702233
-0.487746
-0.429253
-0.339987
-0.267448
-0.210842
-0.169353
-0.138123
-0.114316
-0.0972984
-0.0820781
-0.491928
-0.437089
-0.352615
-0.281369
-0.224931
-0.183106
-0.151375
-0.12697
-0.109054
-0.0937001
-0.494074
-0.4423
-0.363394
-0.293863
-0.237937
-0.196032
-0.163982
-0.139121
-0.120523
-0.104904
-0.494374
-0.444973
-0.372374
-0.304927
-0.249871
-0.208144
-0.175951
-0.150766
-0.131663
-0.115694
-0.492987
-0.44524
-0.379603
-0.314585
-0.260754
-0.21946
-0.187298
-0.161919
-0.142434
-0.126151
-0.490045
-0.443296
-0.385137
-0.322875
-0.270612
-0.229996
-0.198036
-0.17259
-0.152824
-0.136346
-0.485656
-0.439418
-0.389068
-0.32984
-0.279481
-0.239778
-0.208181
-0.182794
-0.162841
-0.14631
-0.47992
-0.433935
-0.391518
-0.335525
-0.287402
-0.248835
-0.217751
-0.192548
-0.172499
-0.156027
-0.472943
-0.427318
-0.392514
-0.339977
-0.294422
-0.257199
-0.22677
-0.201871
-0.181809
-0.165474
-0.464851
-0.420098
-0.392026
-0.343261
-0.300596
-0.264905
-0.235263
-0.210784
-0.190787
-0.174642
-0.455802
-0.412743
-0.390061
-0.345476
-0.305976
-0.271984
-0.243257
-0.21931
-0.199454
-0.183538
-0.445995
-0.405588
-0.386713
-0.346746
-0.310613
-0.278471
-0.250784
-0.227474
-0.207829
-0.192177
-0.435685
-0.398819
-0.382194
-0.347206
-0.314552
-0.284396
-0.257875
-0.235303
-0.215934
-0.200576
-0.425173
-0.392477
-0.376847
-0.346989
-0.317835
-0.289794
-0.264561
-0.242828
-0.223792
-0.208755
-0.41478
-0.386503
-0.37113
-0.346211
-0.320498
-0.2947
-0.270875
-0.250073
-0.231424
-0.216735
-0.404842
-0.380796
-0.365537
-0.344962
-0.322584
-0.299151
-0.276843
-0.257065
-0.238856
-0.224536
-0.395594
-0.375274
-0.360471
-0.343318
-0.324144
-0.303173
-0.282488
-0.263823
-0.24611
-0.232182
-0.387162
-0.369918
-0.356131
-0.341372
-0.325239
-0.306785
-0.287823
-0.270366
-0.253204
-0.239702
-0.379574
-0.364784
-0.352489
-0.339272
-0.325938
-0.309993
-0.292859
-0.276702
-0.260158
-0.247116
-0.372792
-0.359975
-0.349362
-0.337234
-0.326312
-0.31279
-0.297602
-0.282828
-0.266974
-0.254465
-0.366746
-0.355593
-0.346542
-0.33547
-0.326437
-0.315171
-0.302054
-0.288723
-0.273664
-0.261755
-0.361361
-0.351692
-0.343905
-0.334071
-0.326414
-0.317136
-0.306232
-0.294325
-0.28022
-0.269055
-0.356571
-0.348266
-0.341443
-0.332974
-0.326369
-0.318713
-0.310152
-0.299544
-0.286655
-0.276309
-0.352313
-0.345265
-0.33921
-0.332046
-0.3264
-0.319957
-0.313862
-0.304183
-0.293061
-0.283577
-0.348523
-0.342625
-0.337248
-0.331201
-0.326522
-0.320976
-0.317376
-0.308095
-0.299398
-0.290689
-0.345127
-0.340295
-0.335558
-0.330427
-0.326683
-0.321897
-0.320677
-0.311
-0.306335
-0.296677
-0.342078
-0.338203
-0.334102
-0.329742
-0.326848
-0.322796
-0.323694
-0.312906
-0.31352
-0.302606
-0.339321
-0.336299
-0.332832
-0.329152
-0.327044
-0.32365
-0.326355
-0.31403
-0.320348
-0.308049
-0.336796
-0.334541
-0.331693
-0.328629
-0.327316
-0.32435
-0.328673
-0.314538
-0.326783
-0.312279
-0.33445
-0.332892
-0.33064
-0.328141
-0.327666
-0.324785
-0.330738
-0.314534
-0.332921
-0.314844
-0.33224
-0.331321
-0.329633
-0.327646
-0.328033
-0.324931
-0.332588
-0.314231
-0.338534
-0.315688
-0.33013
-0.329797
-0.328647
-0.327108
-0.328336
-0.324832
-0.334139
-0.314035
-0.34297
-0.31536
-0.32809
-0.328313
-0.327641
-0.326507
-0.328519
-0.324665
-0.335259
-0.314334
-0.345686
-0.315039
-0.326105
-0.326863
-0.326586
-0.325859
-0.328546
-0.324446
-0.335879
-0.315217
-0.346685
-0.315645
-0.324171
-0.325444
-0.325492
-0.325207
-0.328348
-0.32419
-0.336056
-0.316517
-0.346377
-0.317206
-0.322295
-0.324061
-0.324369
-0.324513
-0.327831
-0.324051
-0.335826
-0.317899
-0.345354
-0.319172
-0.320488
-0.322723
-0.323234
-0.323781
-0.327142
-0.324008
-0.335149
-0.319221
-0.344035
-0.32102
-0.318772
-0.321448
-0.322113
-0.323022
-0.326334
-0.323934
-0.334071
-0.32061
-0.342511
-0.322477
-0.317175
-0.320256
-0.321035
-0.322258
-0.32546
-0.323808
-0.332849
-0.321909
-0.340653
-0.323921
-0.315725
-0.31917
-0.320031
-0.321514
-0.32458
-0.323632
-0.33159
-0.322973
-0.338864
-0.32524
-0.314455
-0.318215
-0.319133
-0.320823
-0.323749
-0.323417
-0.330389
-0.323797
-0.337242
-0.326325
-0.313395
-0.317416
-0.318372
-0.320219
-0.323021
-0.323188
-0.329329
-0.3244
-0.335847
-0.327211
-0.312573
-0.316794
-0.317774
-0.319733
-0.322436
-0.322976
-0.328478
-0.324809
-0.33474
-0.327901
-0.312011
-0.316369
-0.317362
-0.319392
-0.322027
-0.322812
-0.327885
-0.325056
-0.333974
-0.328377
-0.311726
-0.316153
-0.317151
-0.319217
-0.321818
-0.322723
-0.327582
-0.32517
-0.333582
-0.32862
-0.341439
-0.339674
-0.351143
-0.355911
-0.363622
-0.363563
-0.354227
-0.327805
-0.282582
-0.21563
-0.136977
-0.0640261
-0.0130288
0.0164907
0.0280985
0.0297752
0.0263747
0.02133
0.0162029
0.0116733
0.0080691
0.00545264
0.0036192
0.00228448
0.00129947
0.000694384
0.000406137
0.00042805
0.000322997
0.000334571
-0.341626
-0.339736
-0.351218
-0.35612
-0.36396
-0.364124
-0.355014
-0.328822
-0.283831
-0.216965
-0.138169
-0.0649366
-0.0136734
0.0160453
0.0277949
0.0295655
0.0262319
0.0212333
0.0161381
0.0116287
0.00803735
0.00543027
0.00360428
0.00227454
0.00129208
0.000687986
0.000400634
0.000423574
0.000319878
0.000332813
-0.341948
-0.339824
-0.351332
-0.35648
-0.364566
-0.365146
-0.35647
-0.33072
-0.286179
-0.219503
-0.140482
-0.0667027
-0.0149595
0.0151445
0.0271768
0.029138
0.0259412
0.0210367
0.0160066
0.0115387
0.00797358
0.00538545
0.00357436
0.00225459
0.00127739
0.000675394
0.000389851
0.000414788
0.00031376
0.000329309
-0.342317
-0.339869
-0.351423
-0.356886
-0.365312
-0.366455
-0.358383
-0.333262
-0.289366
-0.222997
-0.143735
-0.069283
-0.0168814
0.0137726
0.0262261
0.0284789
0.0254936
0.0207348
0.0158054
0.0114019
0.00787733
0.00531804
0.00352926
0.00222458
0.00125555
0.000656995
0.000374218
0.000402001
0.000304867
0.00032409
-0.342637
-0.339799
-0.351422
-0.357215
-0.366041
-0.36784
-0.360509
-0.336154
-0.293083
-0.227232
-0.147683
-0.0726048
-0.0194124
0.0119115
0.0249233
0.0275731
0.024879
0.0203214
0.0155308
0.0112165
0.00774809
0.00522792
0.00346884
0.00218442
0.00122678
0.000633307
0.000354312
0.000385642
0.000293507
0.000317204
-0.342771
-0.33957
-0.351234
-0.35737
-0.366591
-0.369097
-0.362581
-0.33913
-0.297047
-0.231733
-0.152284
-0.076559
-0.0225313
0.00955996
0.023253
0.0264084
0.0240887
0.0197914
0.0151795
0.0109809
0.00758553
0.00511509
0.00339295
0.00213405
0.00119133
0.00060492
0.0003308
0.000366215
0.000280046
0.000308722
-0.342856
-0.339044
-0.350895
-0.357204
-0.366868
-0.370037
-0.364424
-0.341894
-0.300901
-0.236504
-0.157233
-0.0810498
-0.0262028
0.00672944
0.0212088
0.0249803
0.0231189
0.0191417
0.0147495
0.0106944
0.00738964
0.00497975
0.0033016
0.00207343
0.00114946
0.000572437
0.000304369
0.000344258
0.000264879
0.000298738
-0.342298
-0.338591
-0.350115
-0.356848
-0.366689
-0.370561
-0.365768
-0.344315
-0.304528
-0.241179
-0.162412
-0.0859769
-0.0303736
0.00343723
0.0188036
0.0232929
0.0219707
0.0183725
0.0142408
0.010357
0.00716085
0.00482233
0.00319494
0.00200266
0.00110142
0.000536418
0.00027567
0.000320302
0.000248395
0.000287373
-0.341567
-0.337902
-0.349134
-0.356102
-0.366093
-0.370556
-0.366596
-0.346201
-0.307703
-0.245649
-0.167664
-0.0912398
-0.0349818
-0.000276718
0.0160589
0.0213589
0.0206507
0.0174877
0.013655
0.00996978
0.00690012
0.00464359
0.00307335
0.00192188
0.00104746
0.000497337
0.000245264
0.000294833
0.000230956
0.000274772
-0.340405
-0.337092
-0.347864
-0.355022
-0.36503
-0.369989
-0.366803
-0.347457
-0.310318
-0.24976
-0.172871
-0.0967419
-0.0399571
-0.00436287
0.0130065
0.019197
0.0191704
0.0164941
0.0129962
0.00953496
0.00660891
0.00444455
0.00293742
0.00183139
0.000987818
0.000455563
0.000213598
0.000268271
0.000212877
0.000261103
-0.33865
-0.336152
-0.346325
-0.353583
-0.363502
-0.368837
-0.366339
-0.348038
-0.31227
-0.253416
-0.17793
-0.102392
-0.0452249
-0.00876374
0.00968595
0.0168309
0.0175453
0.0154012
0.0122698
0.00905562
0.00628911
0.00422649
0.00278794
0.00173161
0.000922709
0.000411355
0.00018099
0.000240951
0.000194418
0.000246552
-0.33611
-0.334997
-0.344466
-0.351791
-0.361497
-0.367077
-0.365174
-0.347889
-0.313529
-0.256535
-0.182762
-0.108106
-0.0507102
-0.0134181
0.00614039
0.0142883
0.015793
0.0142198
0.0114822
0.00853545
0.00594291
0.00399089
0.00262588
0.00162305
0.000852367
0.000364873
0.000147634
0.000213123
0.000175776
0.000231315
-0.332806
-0.333466
-0.342262
-0.349583
-0.358991
-0.364692
-0.3633
-0.34701
-0.314062
-0.259066
-0.187302
-0.11381
-0.0563405
-0.0182647
0.002414
0.0115986
0.0139322
0.0129614
0.0106405
0.00797852
0.00557269
0.00373928
0.00245231
0.00150633
0.000777037
0.000316199
0.000113619
0.000184956
0.000157089
0.000215592
-0.329148
-0.331309
-0.339628
-0.3469
-0.355953
-0.361672
-0.360706
-0.345396
-0.313892
-0.260979
-0.191502
-0.119442
-0.0620494
-0.0232457
-0.00145069
0.00879084
0.0119807
0.0116373
0.00975185
0.00738902
0.00518087
0.00347327
0.00226837
0.00138213
0.000696983
0.000265365
7.89535e-05
0.000156547
0.000138443
0.000199579
-0.325272
-0.328513
-0.336468
-0.343675
-0.352348
-0.358017
-0.357421
-0.343079
-0.313027
-0.262331
-0.195333
-0.124948
-0.067778
-0.0283081
-0.00541438
0.00589145
0.0099552
0.0102576
0.0088229
0.00677102
0.00476984
0.0031944
0.00207519
0.00125116
0.000612492
0.000212371
4.35871e-05
0.000127937
0.000119883
0.000183466
-0.32126
-0.325029
-0.332707
-0.339886
-0.348181
-0.353723
-0.353444
-0.340077
-0.311532
-0.263144
-0.198784
-0.130286
-0.0734746
-0.0334064
-0.00944427
0.00292284
0.00787178
0.00883162
0.00785938
0.00612807
0.00434172
0.00290406
0.00187382
0.00111413
0.000523873
0.000157219
7.44e-06
9.91232e-05
0.00010142
0.000167426
-0.316926
-0.320926
-0.328349
-0.335501
-0.343495
-0.348944
-0.348961
-0.336556
-0.309536
-0.263519
-0.201869
-0.135433
-0.0791106
-0.0385121
-0.013514
-9.17025e-05
0.00574631
0.0073713
0.00686801
0.00546384
0.00389858
0.00260362
0.00166537
0.000971813
0.000431526
9.99407e-05
-2.95778e-05
7.0069e-05
8.30374e-05
0.00015161
-0.312296
-0.316218
-0.323535
-0.3307
-0.338259
-0.343459
-0.343755
-0.332384
-0.307007
-0.263492
-0.204644
-0.140355
-0.0846246
-0.043558
-0.0175714
-0.00312461
0.00358134
0.00588121
0.00585712
0.00478415
0.00344378
0.00229499
0.0014511
0.000825031
0.000335805
4.05515e-05
-6.75483e-05
4.07338e-05
6.47007e-05
0.00013613
-0.307557
-0.311089
-0.318149
-0.325424
-0.333011
-0.338263
-0.338765
-0.328276
-0.304375
-0.263169
-0.207014
-0.144945
-0.0899495
-0.0485506
-0.0216675
-0.00622775
0.00135511
0.00432251
0.00480796
0.00408208
0.00297481
0.00197705
0.00123007
0.000672891
0.000236085
-2.11786e-05
-0.000106527
1.11397e-05
4.63832e-05
0.000121107
-0.302971
-0.3054
-0.312058
-0.319249
-0.326373
-0.331267
-0.332151
-0.322991
-0.301153
-0.262942
-0.209978
-0.150169
-0.0959318
-0.0540061
-0.026012
-0.00942379
-0.000886792
0.00275661
0.00371406
0.00334135
0.00247995
0.00164366
0.000999974
0.000515293
0.000133109
-8.48959e-05
-0.00014647
-1.86892e-05
2.80948e-05
0.000106836
-0.29765
-0.301034
-0.307481
-0.314849
-0.322146
-0.327231
-0.327687
-0.318614
-0.297175
-0.25998
-0.208614
-0.150605
-0.0976466
-0.0563634
-0.0284122
-0.011533
-0.00257772
0.00149995
0.00282381
0.00272294
0.00205009
0.00134362
0.000793649
0.000377022
4.26574e-05
-0.000144265
-0.000185116
-4.74932e-05
1.1026e-05
9.45921e-05
-0.291784
-0.295821
-0.302216
-0.309613
-0.316447
-0.3207
-0.320809
-0.311546
-0.290422
-0.254473
-0.205263
-0.149753
-0.0987288
-0.0584918
-0.0307966
-0.0137158
-0.00435919
0.000135902
0.00182247
0.00201266
0.00156066
0.00101028
0.000565446
0.000222087
-5.80282e-05
-0.000206519
-0.000222802
-7.47501e-05
-4.57682e-06
8.261e-05
-0.285624
-0.290123
-0.29647
-0.303859
-0.3104
-0.314249
-0.313729
-0.304295
-0.283549
-0.248903
-0.201857
-0.148821
-0.099723
-0.0605655
-0.0331786
-0.0159368
-0.00620395
-0.00129855
0.000755846
0.00124907
0.00103127
0.000648591
0.000317031
5.26813e-05
-0.00016841
-0.000274234
-0.000263026
-0.000103345
-2.08135e-05
7.01007e-05
-0.279161
-0.284107
-0.290396
-0.297747
-0.304028
-0.307425
-0.306398
-0.296871
-0.276582
-0.243289
-0.198418
-0.147847
-0.100679
-0.0626191
-0.0355647
-0.0181831
-0.00808647
-0.00277158
-0.000344394
0.000458018
0.000480066
0.000270306
5.67693e-05
-0.000124916
-0.000284512
-0.00034598
-0.000305876
-0.000133544
-3.7878e-05
5.73403e-05
-0.272327
-0.277814
-0.284051
-0.291323
-0.297339
-0.300294
-0.298826
-0.289267
-0.269499
-0.237599
-0.194911
-0.146799
-0.101571
-0.0646368
-0.0379476
-0.020452
-0.010005
-0.00428324
-0.00147991
-0.000362624
-9.44478e-05
-0.000125341
-0.000215775
-0.000311064
-0.00040659
-0.000421919
-0.000351488
-0.000165437
-5.57953e-05
4.43784e-05
-0.265178
-0.271283
-0.277479
-0.284635
-0.290395
-0.292957
-0.291092
-0.281551
-0.262358
-0.231876
-0.191359
-0.145679
-0.102392
-0.0666063
-0.0403168
-0.0227363
-0.0119562
-0.0058332
-0.00265219
-0.00121486
-0.000694061
-0.000539707
-0.00050164
-0.000506549
-0.000535159
-0.00050233
-0.00039999
-0.000199088
-7.46017e-05
3.12398e-05
-0.257794
-0.264549
-0.270723
-0.277736
-0.283259
-0.285475
-0.283266
-0.273792
-0.255218
-0.226162
-0.187786
-0.144497
-0.103137
-0.0685184
-0.0426622
-0.0250273
-0.0139341
-0.00741805
-0.00385945
-0.00209794
-0.00131862
-0.000972942
-0.000801025
-0.000711516
-0.000670318
-0.00058732
-0.000451486
-0.000234565
-9.43498e-05
1.79693e-05
-0.250228
-0.257642
-0.263818
-0.270672
-0.275978
-0.277896
-0.275403
-0.266043
-0.248126
-0.220489
-0.184209
-0.143257
-0.103804
-0.0703648
-0.0449742
-0.0273166
-0.0159324
-0.0090336
-0.00509913
-0.00301042
-0.00196748
-0.00142483
-0.00111386
-0.00092591
-0.000812038
-0.000676927
-0.000506057
-0.000271927
-0.000115088
4.61875e-06
-0.242533
-0.25059
-0.256794
-0.263479
-0.26859
-0.270261
-0.267546
-0.258347
-0.241116
-0.214884
-0.180645
-0.141963
-0.104387
-0.0721375
-0.0472435
-0.0295957
-0.0179446
-0.0106754
-0.00636849
-0.00395078
-0.0026399
-0.00189507
-0.00144001
-0.00114966
-0.000960273
-0.00077117
-0.000563762
-0.000311215
-0.000136856
-8.76163e-06
-0.23476
-0.24342
-0.249678
-0.256194
-0.261127
-0.262605
-0.259732
-0.250735
-0.234214
-0.209365
-0.177103
-0.14062
-0.104886
-0.0738297
-0.0494615
-0.0318562
-0.0199639
-0.0123388
-0.00766452
-0.00491726
-0.00333495
-0.00238325
-0.0017793
-0.00138265
-0.00111495
-0.000870029
-0.00062463
-0.00035245
-0.000159683
-2.21235e-05
-0.226959
-0.236164
-0.242501
-0.248851
-0.253621
-0.254956
-0.251989
-0.243233
-0.227441
-0.203947
-0.173595
-0.139232
-0.105299
-0.0754353
-0.0516199
-0.0340897
-0.0219834
-0.0140186
-0.00898374
-0.00590771
-0.00405142
-0.00288873
-0.00213137
-0.00162466
-0.00127592
-0.000973439
-0.000688656
-0.000395628
-0.000183587
-3.54205e-05
-0.219178
-0.228857
-0.235291
-0.241484
-0.246106
-0.247343
-0.244343
-0.235865
-0.220814
-0.198643
-0.170128
-0.137803
-0.105624
-0.0769492
-0.0537109
-0.0362878
-0.0239956
-0.0157091
-0.0103222
-0.0069196
-0.00478778
-0.00341063
-0.00249574
-0.00187538
-0.00144298
-0.00108128
-0.000755793
-0.000440719
-0.00020857
-4.86077e-05
-0.211467
-0.221533
-0.228079
-0.234128
-0.238613
-0.239792
-0.236815
-0.228649
-0.214347
-0.193464
-0.166711
-0.13634
-0.105863
-0.0783668
-0.0557271
-0.0384422
-0.0259928
-0.0174042
-0.0116756
-0.00794994
-0.00554212
-0.0039478
-0.00287169
-0.00213437
-0.00161583
-0.00119337
-0.000825952
-0.000487659
-0.000234616
-6.16425e-05
-0.203871
-0.214232
-0.220897
-0.226819
-0.231176
-0.23233
-0.229429
-0.221605
-0.208054
-0.188419
-0.163352
-0.134846
-0.106016
-0.0796847
-0.0576616
-0.0405444
-0.027967
-0.0190973
-0.0130389
-0.00899525
-0.00631213
-0.00449876
-0.00325831
-0.00240102
-0.00179409
-0.00130944
-0.000898988
-0.000536349
-0.000261686
-7.44837e-05
-0.196432
-0.206991
-0.213777
-0.219591
-0.223829
-0.224986
-0.222205
-0.21475
-0.201947
-0.183519
-0.160058
-0.133329
-0.106085
-0.0809003
-0.0595082
-0.0425864
-0.0299099
-0.0207813
-0.0144064
-0.0100515
-0.00709504
-0.0050617
-0.00365442
-0.00267456
-0.00197724
-0.00142917
-0.000974698
-0.000586648
-0.000289719
-8.70916e-05
-0.18919
-0.199852
-0.206752
-0.212477
-0.216606
-0.217787
-0.215166
-0.208102
-0.19604
-0.178773
-0.156839
-0.131796
-0.106074
-0.0820119
-0.0612609
-0.0445599
-0.0318128
-0.0224483
-0.0157721
-0.011114
-0.00788757
-0.00563437
-0.00405854
-0.00295402
-0.00216463
-0.0015521
-0.00105281
-0.000638371
-0.000318624
-9.94277e-05
-0.182181
-0.192854
-0.19986
-0.205514
-0.209544
-0.210764
-0.208335
-0.201679
-0.190346
-0.174191
-0.153703
-0.130255
-0.105987
-0.0830189
-0.0629146
-0.0464571
-0.0336668
-0.0240901
-0.017129
-0.0121776
-0.00868584
-0.00621407
-0.00446884
-0.00323816
-0.00235544
-0.00167768
-0.00113297
-0.000691281
-0.000348277
-0.000111453
-0.175437
-0.186042
-0.193136
-0.198736
-0.20268
-0.20395
-0.201734
-0.195499
-0.18488
-0.169785
-0.150661
-0.128714
-0.105829
-0.0839216
-0.0644647
-0.0482703
-0.0354628
-0.0256979
-0.0184696
-0.0132362
-0.00948538
-0.0067976
-0.00488313
-0.0035255
-0.00254868
-0.00180523
-0.00121474
-0.000745084
-0.000378521
-0.000123129
-0.168993
-0.179458
-0.18662
-0.192181
-0.196053
-0.19738
-0.195391
-0.189583
-0.179658
-0.165569
-0.147724
-0.127185
-0.105608
-0.0847216
-0.0659071
-0.0499919
-0.0371913
-0.0272621
-0.0197855
-0.014283
-0.010281
-0.00738118
-0.00529875
-0.00381422
-0.00274313
-0.00193392
-0.00129758
-0.000799425
-0.000409157
-0.000134415
-0.162879
-0.173147
-0.180354
-0.185885
-0.189701
-0.19109
-0.189333
-0.183953
-0.174696
-0.161555
-0.144905
-0.125679
-0.105332
-0.0854214
-0.0672388
-0.051615
-0.0388429
-0.0287729
-0.0210678
-0.0153105
-0.0110668
-0.00796043
-0.0057126
-0.00410218
-0.00293735
-0.00206276
-0.00138083
-0.000853877
-0.000439944
-0.000145267
-0.157126
-0.167149
-0.174378
-0.179888
-0.183665
-0.185117
-0.183591
-0.17863
-0.170013
-0.15776
-0.142218
-0.124208
-0.105009
-0.0860246
-0.0684573
-0.0531326
-0.0404078
-0.0302196
-0.0223064
-0.0163103
-0.0118361
-0.00853027
-0.00612104
-0.00438685
-0.00312961
-0.00219057
-0.00146371
-0.000907938
-0.00047059
-0.000155634
-0.151764
-0.161509
-0.168736
-0.174232
-0.177983
-0.179501
-0.178198
-0.173642
-0.165631
-0.154203
-0.139679
-0.122787
-0.104651
-0.0865362
-0.0695609
-0.0545381
-0.0418762
-0.031591
-0.0234907
-0.017273
-0.0125813
-0.00908491
-0.00651985
-0.00466526
-0.0033179
-0.00231597
-0.0015453
-0.000961019
-0.000500755
-0.000165461
-0.146824
-0.156268
-0.163473
-0.168959
-0.172699
-0.174282
-0.173191
-0.169017
-0.161571
-0.150902
-0.137307
-0.121431
-0.10427
-0.0869618
-0.0705487
-0.055825
-0.0432377
-0.0328753
-0.024609
-0.0181884
-0.0132939
-0.00961773
-0.00690417
-0.004934
-0.00349988
-0.00243736
-0.00162452
-0.00101245
-0.000530038
-0.00017468
-0.142337
-0.151471
-0.158635
-0.164116
-0.167856
-0.169504
-0.168607
-0.164787
-0.157862
-0.147881
-0.135121
-0.120159
-0.103878
-0.0873084
-0.0714202
-0.0569864
-0.0444816
-0.0340596
-0.0256486
-0.0190449
-0.0139643
-0.0101213
-0.00726846
-0.00518915
-0.00367287
-0.00255293
-0.00170015
-0.00106151
-0.000557977
-0.000183211
-0.138335
-0.147165
-0.154272
-0.159752
-0.163502
-0.165212
-0.16449
-0.160989
-0.154533
-0.145166
-0.133144
-0.11899
-0.103491
-0.0875836
-0.0721753
-0.0580153
-0.0455968
-0.0351304
-0.0265957
-0.0198301
-0.014582
-0.0105871
-0.00760645
-0.00542623
-0.00383381
-0.00266057
-0.00177075
-0.00110707
-0.000584046
-0.00019096
-0.134857
-0.143398
-0.15044
-0.155921
-0.159688
-0.161458
-0.160887
-0.157664
-0.15162
-0.142787
-0.131404
-0.117945
-0.103124
-0.0877956
-0.0728137
-0.0589039
-0.0465709
-0.0360727
-0.027435
-0.02053
-0.0151352
-0.0110058
-0.00791105
-0.0056402
-0.0039792
-0.00275793
-0.0018347
-0.00114827
-0.00060766
-0.000197812
-0.131946
-0.140228
-0.1472
-0.152685
-0.156475
-0.1583
-0.157855
-0.154864
-0.149165
-0.140781
-0.129929
-0.117048
-0.102793
-0.0879529
-0.0733348
-0.0596434
-0.0473899
-0.0368702
-0.0281497
-0.021129
-0.0156105
-0.0113669
-0.00817433
-0.00582538
-0.00410516
-0.00284234
-0.00189028
-0.00118401
-0.000628167
-0.000203633
-0.129646
-0.137716
-0.144622
-0.15011
-0.153924
-0.155795
-0.155451
-0.152644
-0.147219
-0.139189
-0.128754
-0.116327
-0.102518
-0.0880633
-0.0737363
-0.0602231
-0.0480376
-0.0375042
-0.028721
-0.02161
-0.0159935
-0.0116586
-0.00838747
-0.00597545
-0.00420731
-0.00291084
-0.00193548
-0.00121302
-0.000644831
-0.000208267
-0.128034
-0.135948
-0.142801
-0.14829
-0.152125
-0.154033
-0.153756
-0.151075
-0.145843
-0.138063
-0.127921
-0.115812
-0.102315
-0.0881339
-0.0740142
-0.0606294
-0.0484945
-0.0379534
-0.0291274
-0.0219534
-0.0162676
-0.0118679
-0.00854065
-0.00608341
-0.00428086
-0.00296019
-0.00196808
-0.00123392
-0.000656847
-0.000211525
-0.127156
-0.134997
-0.141822
-0.14731
-0.151158
-0.153088
-0.152852
-0.150239
-0.145109
-0.137462
-0.127476
-0.115535
-0.102205
-0.0881691
-0.0741607
-0.0608454
-0.0487377
-0.0381927
-0.0293447
-0.0221375
-0.0164148
-0.0119804
-0.00862307
-0.00614151
-0.00432045
-0.00298676
-0.00198569
-0.00124514
-0.000663352
-0.000213165
-0.128075
-0.137616
-0.146991
-0.156183
-0.165181
-0.173989
-0.182616
-0.191071
-0.199367
-0.207513
-0.215522
-0.223404
-0.231172
-0.23883
-0.246372
-0.253833
-0.261047
-0.268423
-0.275015
-0.283461
-0.124779
-0.134001
-0.143056
-0.151944
-0.160662
-0.169215
-0.17761
-0.185855
-0.193957
-0.201925
-0.209768
-0.217494
-0.225104
-0.232621
-0.239989
-0.247366
-0.254375
-0.261929
-0.268383
-0.277138
-0.121576
-0.130432
-0.139129
-0.147673
-0.156066
-0.164309
-0.172408
-0.180368
-0.188195
-0.195896
-0.203474
-0.210945
-0.218294
-0.225582
-0.232697
-0.239935
-0.246755
-0.254289
-0.260796
-0.269294
-0.118436
-0.126951
-0.135328
-0.143572
-0.151683
-0.159663
-0.167515
-0.175244
-0.182855
-0.190356
-0.197745
-0.205049
-0.212235
-0.219405
-0.226388
-0.233562
-0.240307
-0.247703
-0.254285
-0.262236
-0.115389
-0.123577
-0.131646
-0.139599
-0.147435
-0.155159
-0.162771
-0.17028
-0.177686
-0.185003
-0.192221
-0.19938
-0.206424
-0.213487
-0.220351
-0.227412
-0.234062
-0.241204
-0.247754
-0.255212
-0.11244
-0.120306
-0.128066
-0.135724
-0.14328
-0.150738
-0.158099
-0.165371
-0.172551
-0.179659
-0.186674
-0.193648
-0.200506
-0.207393
-0.214085
-0.220939
-0.22746
-0.234315
-0.240833
-0.247967
-0.109585
-0.117132
-0.124585
-0.131949
-0.139224
-0.146412
-0.153515
-0.160539
-0.167481
-0.17436
-0.181152
-0.18791
-0.194558
-0.20123
-0.207737
-0.21436
-0.220761
-0.227363
-0.233831
-0.240703
-0.106823
-0.114058
-0.121209
-0.128282
-0.135276
-0.142195
-0.149038
-0.155812
-0.16251
-0.169154
-0.175718
-0.182251
-0.188688
-0.195138
-0.201466
-0.207859
-0.214123
-0.220479
-0.226816
-0.233429
-0.104155
-0.111084
-0.117939
-0.124725
-0.131442
-0.138092
-0.144674
-0.151195
-0.157648
-0.164052
-0.170385
-0.176687
-0.182911
-0.189131
-0.195266
-0.201419
-0.207502
-0.213606
-0.219759
-0.226121
-0.101581
-0.108211
-0.114776
-0.12128
-0.127723
-0.134106
-0.140428
-0.146695
-0.152901
-0.15906
-0.165158
-0.171222
-0.177222
-0.183203
-0.189124
-0.195031
-0.200906
-0.206764
-0.21271
-0.21882
-0.0991006
-0.105441
-0.111723
-0.11795
-0.124123
-0.130242
-0.136305
-0.142318
-0.148276
-0.154189
-0.160047
-0.165868
-0.171637
-0.177374
-0.18307
-0.188733
-0.194386
-0.200001
-0.20572
-0.211571
-0.0967145
-0.102774
-0.10878
-0.114737
-0.120644
-0.126503
-0.132311
-0.138072
-0.143782
-0.149448
-0.155065
-0.160642
-0.166175
-0.171669
-0.177132
-0.182553
-0.187971
-0.19334
-0.198817
-0.204404
-0.0944213
-0.10021
-0.105948
-0.111642
-0.117291
-0.122894
-0.128451
-0.133962
-0.139427
-0.144848
-0.150224
-0.155558
-0.160852
-0.166104
-0.171328
-0.176504
-0.18168
-0.186802
-0.192028
-0.197353
-0.0922227
-0.0977493
-0.10323
-0.108668
-0.114064
-0.119419
-0.124729
-0.129996
-0.135219
-0.140398
-0.145535
-0.150628
-0.155683
-0.160693
-0.165676
-0.170609
-0.175539
-0.180414
-0.185383
-0.190445
-0.0901205
-0.0953945
-0.100625
-0.105816
-0.110969
-0.116081
-0.121152
-0.12618
-0.131165
-0.136107
-0.141008
-0.145863
-0.150681
-0.155453
-0.160195
-0.164886
-0.16957
-0.1742
-0.178909
-0.183706
-0.0881143
-0.0931453
-0.098136
-0.103089
-0.108006
-0.112884
-0.117722
-0.122519
-0.127273
-0.131984
-0.136652
-0.141276
-0.14586
-0.150398
-0.154903
-0.159356
-0.163796
-0.168182
-0.172633
-0.177166
-0.0862042
-0.0910027
-0.0957639
-0.10049
-0.10518
-0.109833
-0.114446
-0.119018
-0.123549
-0.128035
-0.132479
-0.136877
-0.141234
-0.145543
-0.149816
-0.154037
-0.158237
-0.162384
-0.166582
-0.170852
-0.0843916
-0.0889688
-0.093511
-0.0980191
-0.102493
-0.10693
-0.111328
-0.115685
-0.12
-0.124271
-0.128498
-0.132678
-0.136815
-0.140903
-0.144951
-0.148946
-0.152914
-0.156829
-0.160782
-0.164795
-0.0826775
-0.0870449
-0.0913793
-0.0956807
-0.0999482
-0.10418
-0.108372
-0.112524
-0.116633
-0.120698
-0.124717
-0.128689
-0.132615
-0.136491
-0.140324
-0.144102
-0.147848
-0.151539
-0.155255
-0.159019
-0.0810641
-0.0852337
-0.0893719
-0.093478
-0.0975506
-0.101587
-0.105586
-0.109543
-0.113457
-0.117325
-0.121148
-0.124922
-0.128648
-0.132322
-0.135949
-0.139521
-0.143056
-0.146534
-0.150025
-0.153552
-0.0795539
-0.0835382
-0.0874923
-0.0914151
-0.0953047
-0.0991586
-0.102974
-0.106748
-0.110478
-0.114162
-0.117799
-0.121387
-0.124924
-0.128408
-0.131844
-0.135222
-0.138557
-0.141835
-0.145114
-0.148417
-0.0781508
-0.0819626
-0.0857453
-0.0894972
-0.0932162
-0.0968996
-0.100544
-0.104148
-0.107707
-0.111219
-0.114683
-0.118096
-0.121459
-0.124767
-0.128023
-0.13122
-0.134371
-0.137464
-0.140545
-0.143638
-0.0768592
-0.0805118
-0.0841363
-0.0877304
-0.0912918
-0.0948177
-0.098305
-0.101751
-0.105152
-0.108506
-0.111811
-0.115064
-0.118265
-0.121411
-0.124502
-0.127535
-0.130517
-0.133439
-0.136341
-0.139241
-0.0756858
-0.0791932
-0.0826731
-0.0861231
-0.0895408
-0.092923
-0.0962667
-0.0995686
-0.102826
-0.106036
-0.109196
-0.112305
-0.11536
-0.118359
-0.121303
-0.124186
-0.127017
-0.129786
-0.132525
-0.135251
-0.0746366
-0.078013
-0.0813627
-0.0846829
-0.0879711
-0.0912242
-0.094439
-0.0976121
-0.100741
-0.103822
-0.106854
-0.109833
-0.112759
-0.115628
-0.118441
-0.121194
-0.123891
-0.126527
-0.129123
-0.131696
-0.0737244
-0.0769855
-0.0802206
-0.0834265
-0.0866006
-0.08974
-0.0928414
-0.0959015
-0.0989173
-0.101886
-0.104806
-0.107673
-0.110487
-0.113244
-0.115945
-0.118586
-0.121169
-0.12369
-0.126166
-0.128607
-0.072953
-0.0761141
-0.0792498
-0.0823573
-0.0854338
-0.0884762
-0.0914813
-0.0944458
-0.0973669
-0.100242
-0.103068
-0.105843
-0.108564
-0.11123
-0.113839
-0.116389
-0.11888
-0.12131
-0.123689
-0.126023
-0.0723541
-0.0754341
-0.0784889
-0.0815151
-0.0845103
-0.0874719
-0.0903969
-0.0932822
-0.0961249
-0.0989225
-0.101672
-0.104372
-0.10702
-0.109613
-0.112151
-0.114631
-0.117052
-0.119413
-0.12172
-0.123975
-0.0719117
-0.0749281
-0.0779208
-0.0808872
-0.0838244
-0.0867293
-0.0895986
-0.0924295
-0.0952191
-0.0979648
-0.100664
-0.103315
-0.105915
-0.108461
-0.110954
-0.113389
-0.115767
-0.118085
-0.120346
-0.122549
-0.0717053
-0.0746752
-0.0776198
-0.0805368
-0.0834245
-0.0862814
-0.0891048
-0.0918921
-0.0946408
-0.0973484
-0.100013
-0.102632
-0.105203
-0.107725
-0.110197
-0.112615
-0.114979
-0.117288
-0.119541
-0.121737
0.0943521
0.08328
0.0721322
0.061103
0.049614
0.0378975
0.0261503
0.014396
0.00264792
-0.00905718
-0.0206758
-0.0321785
-0.0435426
-0.0547513
-0.0657966
-0.0767119
-0.0875334
-0.0981162
-0.108371
-0.118345
0.0896748
0.0781322
0.0665523
0.0557963
0.0447381
0.0334639
0.0222133
0.0109927
-0.000206924
-0.0113561
-0.0224223
-0.0333839
-0.0442237
-0.0549371
-0.0655217
-0.0759388
-0.0860089
-0.0960009
-0.105803
-0.115386
0.0839596
0.0726416
0.0610651
0.0507481
0.0402816
0.0295199
0.0187728
0.00808168
-0.00258251
-0.0132003
-0.0237397
-0.0341754
-0.0444895
-0.0546714
-0.0647064
-0.0745742
-0.0842893
-0.0939104
-0.103339
-0.112552
0.0779278
0.0671641
0.0557362
0.0457737
0.0358622
0.0256083
0.0153453
0.00516925
-0.00496401
-0.0150542
-0.0250719
-0.0349917
-0.0447994
-0.0544903
-0.0640561
-0.0734828
-0.0827301
-0.0919008
-0.100927
-0.109769
0.0718249
0.0616826
0.0505405
0.0409249
0.0315633
0.0218467
0.0120706
0.00239265
-0.00722701
-0.016808
-0.0263259
-0.0357522
-0.0450742
-0.0542884
-0.0633864
-0.0723566
-0.081187
-0.0899506
-0.0985886
-0.107066
0.0657633
0.0562445
0.0455004
0.0362357
0.0273885
0.0182092
0.00891594
-0.000284035
-0.00940922
-0.0184956
-0.0275285
-0.0364782
-0.0453322
-0.0540893
-0.062744
-0.0712887
-0.0797122
-0.0880762
-0.0963343
-0.104455
0.059804
0.0508853
0.0406162
0.0317176
0.0233506
0.0147005
0.00589056
-0.00284624
-0.0114973
-0.0201065
-0.0286711
-0.0371632
-0.0455692
-0.0538887
-0.0621185
-0.0702527
-0.0782854
-0.0862673
-0.0941584
-0.101931
0.0539969
0.0456486
0.0359002
0.0273833
0.019465
0.0113247
0.00299307
-0.00529453
-0.013493
-0.0216445
-0.0297583
-0.037811
-0.0457884
-0.0536898
-0.0615133
-0.0692552
-0.0769115
-0.0845248
-0.0920603
-0.0994941
0.0483794
0.0405686
0.0313614
0.0232373
0.0157407
0.00808502
0.000222391
-0.00762825
-0.0153944
-0.0231091
-0.0307902
-0.0384218
-0.0459899
-0.053492
-0.0609274
-0.0682934
-0.0755879
-0.0828469
-0.0900387
-0.0971426
0.0429759
0.0356699
0.0270078
0.0192824
0.0121846
0.0049862
-0.00242163
-0.00984793
-0.017201
-0.0245003
-0.0317681
-0.0389971
-0.0461745
-0.0532962
-0.0603609
-0.067367
-0.0743136
-0.0812322
-0.0880923
-0.0948764
0.0378025
0.0309698
0.0228459
0.0155199
0.00880087
0.00203177
-0.00493927
-0.0119549
-0.018913
-0.0258181
-0.0326929
-0.0395379
-0.0463429
-0.0531023
-0.059814
-0.0664766
-0.0730901
-0.0796814
-0.0862211
-0.0926951
0.0328703
0.0264807
0.0188811
0.0119508
0.00559202
-0.000775444
-0.00733049
-0.0139507
-0.0205312
-0.0270627
-0.0335653
-0.0400453
-0.0464959
-0.0529102
-0.0592846
-0.065617
-0.0719088
-0.0781884
-0.0844214
-0.0905974
0.0281868
0.0222114
0.015117
0.00857491
0.00255902
-0.00343361
-0.00959528
-0.0158369
-0.0220569
-0.0282347
-0.0343857
-0.0405202
-0.0466348
-0.0527228
-0.0587798
-0.0648031
-0.0707912
-0.0767524
-0.0826864
-0.0885795
0.0237571
0.0181675
0.0115558
0.00539157
-0.000298172
-0.00594173
-0.0117337
-0.0176149
-0.0234915
-0.0293347
-0.0351543
-0.0409624
-0.0467588
-0.0525376
-0.0582942
-0.0640251
-0.0697248
-0.0753773
-0.0810232
-0.0866453
0.0195838
0.0143527
0.00819839
0.00239933
-0.00298051
-0.00829956
-0.0137462
-0.0192861
-0.0248367
-0.0303636
-0.0358714
-0.0413716
-0.0468663
-0.0523499
-0.0578166
-0.0632615
-0.0686796
-0.0740643
-0.0794421
-0.0848004
0.0156679
0.0107687
0.00504486
-0.000403855
-0.0054897
-0.0105075
-0.015633
-0.0208519
-0.026094
-0.0313227
-0.0365374
-0.0417482
-0.0469582
-0.0521629
-0.0573563
-0.0625331
-0.0676884
-0.0728167
-0.0779377
-0.0830422
0.0120091
0.00741598
0.00209444
-0.00302052
-0.00782812
-0.0125667
-0.017395
-0.0223137
-0.0272653
-0.0322134
-0.0371533
-0.0420927
-0.0470352
-0.0519769
-0.0569121
-0.0618351
-0.0667413
-0.0716265
-0.0765048
-0.0813686
0.00860568
0.00429398
-0.000654225
-0.00545352
-0.00999863
-0.0144787
-0.0190333
-0.023673
-0.0283525
-0.0330376
-0.0377204
-0.0424063
-0.0470981
-0.0517931
-0.0564856
-0.0611699
-0.0658415
-0.0704965
-0.0751451
-0.0797808
0.00545558
0.00140135
-0.00320287
-0.00770593
-0.0120045
-0.0162458
-0.0205492
-0.0249314
-0.0293576
-0.0337971
-0.0382404
-0.04269
-0.0471481
-0.0516123
-0.0560774
-0.0605378
-0.0649888
-0.0694267
-0.0738588
-0.0782793
0.0025561
-0.00126376
-0.00555346
-0.00978087
-0.0138492
-0.0178706
-0.0219445
-0.0260903
-0.0302823
-0.034494
-0.0387149
-0.0429453
-0.0471864
-0.0514359
-0.0556889
-0.0599401
-0.0641846
-0.0684188
-0.0726476
-0.0768659
-9.55633e-05
-0.00370347
-0.00770803
-0.0116814
-0.0155361
-0.019356
-0.0232213
-0.0271517
-0.0311288
-0.0351304
-0.039146
-0.0431741
-0.0472147
-0.0512653
-0.0553216
-0.0593783
-0.0634305
-0.0674746
-0.0715136
-0.0755429
-0.00250203
-0.00591985
-0.00966846
-0.0134101
-0.0170688
-0.0207049
-0.0243817
-0.0281174
-0.031899
-0.0357085
-0.0395359
-0.0433784
-0.0472349
-0.0511028
-0.0549777
-0.0588548
-0.0627293
-0.0665971
-0.07046
-0.0743139
-0.00466537
-0.00791463
-0.0114362
-0.0149694
-0.01845
-0.0219202
-0.0254282
-0.0289894
-0.032595
-0.0362306
-0.039887
-0.0435607
-0.0472495
-0.0509505
-0.0546597
-0.0583722
-0.0620834
-0.0657893
-0.0694903
-0.0731828
-0.00658667
-0.00968878
-0.0130122
-0.0163607
-0.0196821
-0.0230045
-0.026363
-0.0297699
-0.0332191
-0.0366992
-0.0402024
-0.0437242
-0.0472621
-0.0508128
-0.0543723
-0.0579359
-0.061499
-0.0650574
-0.0686107
-0.0721557
-0.00826554
-0.0112421
-0.0143959
-0.0175845
-0.0207666
-0.0239596
-0.0271879
-0.0304604
-0.0337727
-0.0371161
-0.0404836
-0.0438707
-0.0472743
-0.0506908
-0.0541164
-0.0575466
-0.0609769
-0.0644035
-0.0678249
-0.0712381
-0.00969935
-0.0125724
-0.0155858
-0.01864
-0.021704
-0.0247871
-0.0279052
-0.031064
-0.0342601
-0.0374866
-0.0407377
-0.0440088
-0.0472964
-0.050597
-0.0539064
-0.0572203
-0.0605341
-0.0638436
-0.0671469
-0.0704424
-0.0108823
-0.0136746
-0.0165768
-0.0195231
-0.0224908
-0.025484
-0.0285115
-0.0315764
-0.0346758
-0.0378043
-0.0409568
-0.0441291
-0.0473175
-0.0505183
-0.0537277
-0.0569417
-0.0601562
-0.0633676
-0.0665734
-0.0697705
-0.0118052
-0.0145418
-0.0173642
-0.0202322
-0.0231298
-0.0260572
-0.0290184
-0.0320141
-0.0350416
-0.0380965
-0.0411741
-0.0442706
-0.0473821
-0.0505049
-0.053635
-0.0567681
-0.0598999
-0.0630261
-0.0661442
-0.0692549
-0.0124488
-0.0151535
-0.0179258
-0.0207419
-0.023591
-0.0264713
-0.0293838
-0.0323279
-0.0353011
-0.0382996
-0.0413197
-0.0443575
-0.0474096
-0.0504723
-0.053542
-0.0566153
-0.0596884
-0.062758
-0.0658211
-0.0688742
-0.0127995
-0.0155069
-0.0182744
-0.0210856
-0.0239304
-0.0268051
-0.0297085
-0.032639
-0.0355939
-0.0385699
-0.0415634
-0.0445707
-0.0475884
-0.050613
-0.0536411
-0.056669
-0.0596931
-0.0627098
-0.0657166
-0.0687163
0.104477
0.105901
0.108065
0.111095
0.114365
0.118006
0.121274
0.124382
0.126392
0.127741
0.127193
0.125607
0.121281
0.115583
0.105038
0.103548
0.104864
0.106853
0.109622
0.112557
0.115771
0.118541
0.121053
0.122425
0.123013
0.121751
0.119277
0.11435
0.107655
0.0985013
0.102551
0.103754
0.105554
0.108046
0.11063
0.113399
0.115661
0.117572
0.11832
0.118187
0.116293
0.113063
0.107731
0.100581
0.0919656
0.101481
0.102564
0.104167
0.106366
0.108584
0.110891
0.112635
0.113931
0.114062
0.113219
0.110732
0.106813
0.101122
0.0936651
0.0851817
0.100335
0.101294
0.102691
0.104585
0.106427
0.10826
0.109484
0.110164
0.109694
0.108166
0.10512
0.100602
0.0945758
0.0869322
0.078528
0.0991109
0.0999396
0.101124
0.102702
0.104162
0.105511
0.106218
0.106287
0.105237
0.103064
0.0994991
0.0944776
0.088155
0.0804252
0.0721184
0.0978055
0.0984996
0.0994653
0.100717
0.101789
0.10265
0.102842
0.102314
0.100706
0.0979362
0.0938925
0.0884564
0.0818877
0.0741332
0.0659394
0.0964169
0.0969716
0.0977127
0.0986294
0.0993093
0.0996796
0.0993645
0.0982582
0.096115
0.0928013
0.0883221
0.0825484
0.0757859
0.0680411
0.0599737
0.0949434
0.0953544
0.0958663
0.0964416
0.0967268
0.0966094
0.0957955
0.0941353
0.0914841
0.0876801
0.082811
0.0767651
0.06986
0.0621493
0.0542233
0.0933843
0.0936478
0.0939266
0.0941565
0.0940465
0.0934481
0.0921472
0.0899624
0.0868334
0.0825929
0.0773818
0.07112
0.0641208
0.0564666
0.0486965
0.0917395
0.0918524
0.0918956
0.0917785
0.091275
0.0902069
0.0884336
0.0857574
0.0821842
0.0775592
0.0720557
0.0656275
0.0585784
0.0510036
0.0434013
0.0900102
0.0899705
0.0897763
0.0893138
0.0884206
0.0868981
0.0846706
0.0815386
0.0775582
0.0725988
0.0668521
0.0603022
0.0532425
0.0457692
0.0383448
0.0881986
0.0880054
0.0875734
0.08677
0.0854936
0.0835357
0.0808755
0.0773252
0.0729772
0.0677312
0.0617888
0.0551584
0.048122
0.0407712
0.033533
0.0863084
0.0859623
0.0852932
0.0841566
0.0825061
0.080135
0.0770673
0.0731371
0.0684629
0.0629759
0.0568826
0.0502093
0.0432255
0.0360157
0.0289709
0.0843452
0.0838483
0.0829442
0.0814849
0.0794724
0.076713
0.073266
0.0689948
0.0640364
0.058352
0.052149
0.045467
0.038561
0.0315079
0.024662
0.0823162
0.0816722
0.0805369
0.0787681
0.0764088
0.073288
0.0694927
0.0649195
0.0597184
0.0538776
0.0476024
0.0409422
0.0341353
0.0272515
0.0206081
0.080231
0.0794454
0.0780843
0.0760214
0.0733336
0.06988
0.0657693
0.0609327
0.0555291
0.0495703
0.0432566
0.0366445
0.0299544
0.0232493
0.0168102
0.0781018
0.0771814
0.0756018
0.0732622
0.0702672
0.0665105
0.0621185
0.0570563
0.0514884
0.0454467
0.0391243
0.0325827
0.0260234
0.0195031
0.0132679
0.0759432
0.0748963
0.0731078
0.0705105
0.0672315
0.0632025
0.0585637
0.0533123
0.0476156
0.0415227
0.0352174
0.0287645
0.0223465
0.0160142
0.00998052
0.0737733
0.0726092
0.0706233
0.0677885
0.064251
0.0599804
0.055129
0.0497228
0.0439301
0.0378138
0.0315472
0.0251972
0.0189274
0.0127832
0.00694669
0.0716132
0.0703421
0.0681722
0.0651211
0.0613517
0.0568703
0.0518395
0.0463104
0.0404509
0.0343349
0.0281246
0.0218875
0.0157695
0.00981072
0.00416501
0.0694877
0.0681202
0.0657818
0.0625363
0.058562
0.0538999
0.0487209
0.043098
0.0371972
0.0311011
0.0249604
0.0188425
0.0128763
0.00709753
0.00163432
0.0674253
0.0659725
0.0634824
0.0600646
0.0559126
0.0510987
0.0458004
0.0401095
0.034189
0.0281278
0.022066
0.0160695
0.010252
0.00464506
-0.000645936
0.0654588
0.0639317
0.0613078
0.05774
0.0534367
0.0484981
0.0431067
0.0373699
0.031447
0.0254317
0.0194535
0.0135769
0.00790171
0.00245584
-0.00267525
0.0636249
0.0620345
0.0592953
0.0555999
0.0511705
0.046132
0.0406707
0.0349061
0.028994
0.0230308
0.0171371
0.011375
0.00583244
0.000534166
-0.00445145
0.0619653
0.0603221
0.0574864
0.0536853
0.0491538
0.0440377
0.038526
0.0327477
0.026855
0.0209461
0.0151331
0.00947655
0.00405371
-0.00111318
-0.00597001
0.0605259
0.0588404
0.0559268
0.0520412
0.0474301
0.0422561
0.0367101
0.0309282
0.025059
0.0192018
0.013462
0.00789805
0.00257866
-0.00247596
-0.0072232
0.0593577
0.05764
0.054667
0.0507177
0.046048
0.0408331
0.0352654
0.0294858
0.0236401
0.0178279
0.0121493
0.0066611
0.00142546
-0.00353903
-0.0081988
0.0585167
0.0567767
0.0537628
0.0497703
0.0450615
0.0398208
0.0342408
0.028466
0.0226395
0.0168614
0.0112276
0.0057943
0.000618705
-0.00428121
-0.00887761
0.0580642
0.0563125
0.0532763
0.0492614
0.0445324
0.0392789
0.0336934
0.0279226
0.0221074
0.0163486
0.0107394
0.00533607
0.000192792
-0.00467263
-0.00923669
0.116568
0.118711
0.122112
0.127158
0.133189
0.140481
0.148598
0.157687
0.167459
0.178012
0.189079
0.200722
0.212665
0.224984
0.237368
0.116502
0.11864
0.122035
0.127071
0.133088
0.140363
0.148453
0.157513
0.167244
0.177753
0.188761
0.200341
0.212203
0.224438
0.236707
0.116369
0.118499
0.121882
0.126898
0.132887
0.14013
0.148163
0.157166
0.166816
0.177237
0.188126
0.199579
0.211278
0.223345
0.235381
0.116171
0.118289
0.121653
0.12664
0.132585
0.139778
0.147729
0.156649
0.166177
0.176466
0.187177
0.19844
0.209891
0.221702
0.23339
0.115908
0.118011
0.121349
0.126298
0.13219
0.139315
0.147154
0.155962
0.165329
0.175444
0.185916
0.196925
0.208044
0.219511
0.230732
0.115581
0.117665
0.120972
0.125872
0.131686
0.138731
0.14644
0.15511
0.164274
0.174173
0.184346
0.195038
0.205738
0.216774
0.227409
0.115192
0.117253
0.120523
0.125369
0.131116
0.138045
0.145591
0.154095
0.163017
0.172658
0.182472
0.192784
0.202977
0.213495
0.223426
0.114743
0.116777
0.120005
0.124781
0.130397
0.137236
0.144609
0.152921
0.161562
0.170903
0.180297
0.190168
0.199768
0.209682
0.218792
0.114234
0.11624
0.119421
0.124133
0.129684
0.136322
0.143497
0.151591
0.159912
0.168913
0.177825
0.187196
0.196115
0.205343
0.213518
0.113669
0.115642
0.118771
0.123396
0.128793
0.135299
0.142262
0.150108
0.158073
0.166692
0.175063
0.183876
0.192027
0.200491
0.20762
0.113049
0.114987
0.11806
0.122594
0.127869
0.134185
0.140908
0.148476
0.15605
0.164247
0.172016
0.180216
0.187512
0.195139
0.201115
0.112377
0.114278
0.11729
0.12171
0.126839
0.132968
0.139438
0.146699
0.153849
0.16158
0.168692
0.176225
0.182579
0.189303
0.194023
0.111654
0.113517
0.116464
0.120776
0.125737
0.131661
0.137857
0.144781
0.151477
0.158697
0.165098
0.171911
0.177237
0.183002
0.186364
0.110885
0.112706
0.115593
0.11978
0.124557
0.130263
0.13617
0.142727
0.148941
0.155603
0.161246
0.167281
0.171499
0.176255
0.17816
0.110071
0.11185
0.11464
0.118703
0.123311
0.128782
0.134382
0.14054
0.146247
0.1523
0.157145
0.162342
0.165377
0.169083
0.169429
0.109215
0.110957
0.113695
0.117575
0.122001
0.12722
0.132496
0.13823
0.143404
0.148797
0.15281
0.157097
0.158887
0.161503
0.16018
0.108321
0.110009
0.112643
0.116394
0.120629
0.125582
0.130514
0.135793
0.140407
0.14509
0.148246
0.151545
0.152056
0.153527
0.150419
0.107392
0.10904
0.111572
0.115169
0.119203
0.12388
0.128455
0.133263
0.137292
0.141217
0.143483
0.145694
0.144903
0.145132
0.140128
0.106425
0.108022
0.110454
0.113892
0.117706
0.122079
0.126262
0.130556
0.133967
0.137101
0.138476
0.139528
0.137499
0.136291
0.129318
0.105438
0.106974
0.109318
0.112623
0.116245
0.120359
0.124181
0.127994
0.130756
0.133038
0.133386
0.133147
0.129729
0.126895
0.117921
0.105438
0.106974
0.109318
0.112623
0.116245
0.120359
0.124181
0.127994
0.130756
0.133038
0.133386
0.133147
0.129729
0.126895
0.117921
0.106425
0.108022
0.110454
0.113892
0.117706
0.122079
0.126262
0.130556
0.133967
0.137101
0.138476
0.139528
0.137499
0.136291
0.129318
0.107392
0.10904
0.111572
0.115169
0.119203
0.12388
0.128455
0.133263
0.137292
0.141217
0.143483
0.145694
0.144903
0.145132
0.140128
0.108321
0.110009
0.112643
0.116394
0.120629
0.125582
0.130514
0.135793
0.140407
0.14509
0.148246
0.151545
0.152056
0.153527
0.150419
0.109215
0.110957
0.113695
0.117575
0.122001
0.12722
0.132496
0.13823
0.143404
0.148797
0.15281
0.157097
0.158887
0.161503
0.16018
0.110071
0.11185
0.11464
0.118703
0.123311
0.128782
0.134382
0.14054
0.146247
0.1523
0.157145
0.162342
0.165377
0.169083
0.169429
0.110885
0.112706
0.115593
0.11978
0.124557
0.130263
0.13617
0.142727
0.148941
0.155603
0.161246
0.167281
0.171499
0.176255
0.17816
0.111654
0.113517
0.116464
0.120776
0.125737
0.131661
0.137857
0.144781
0.151477
0.158697
0.165098
0.171911
0.177237
0.183002
0.186364
0.112377
0.114278
0.11729
0.12171
0.126839
0.132968
0.139437
0.146699
0.153849
0.16158
0.168692
0.176225
0.182579
0.189303
0.194023
0.113049
0.114987
0.11806
0.122594
0.127869
0.134185
0.140908
0.148476
0.15605
0.164247
0.172016
0.180216
0.187512
0.195139
0.201115
0.113669
0.115642
0.118771
0.123396
0.128793
0.135299
0.142262
0.150108
0.158073
0.166692
0.175063
0.183876
0.192027
0.200491
0.20762
0.114234
0.11624
0.119421
0.124133
0.129684
0.136322
0.143497
0.151591
0.159912
0.168913
0.177825
0.187196
0.196115
0.205343
0.213518
0.114743
0.116777
0.120005
0.124781
0.130397
0.137236
0.144609
0.152921
0.161562
0.170903
0.180297
0.190168
0.199768
0.209682
0.218792
0.115192
0.117253
0.120523
0.125369
0.131116
0.138045
0.145591
0.154095
0.163017
0.172658
0.182472
0.192784
0.202977
0.213495
0.223426
0.115581
0.117665
0.120972
0.125872
0.131686
0.138731
0.14644
0.15511
0.164274
0.174173
0.184346
0.195038
0.205738
0.216774
0.227409
0.115908
0.118011
0.121349
0.126298
0.13219
0.139315
0.147154
0.155962
0.165329
0.175444
0.185916
0.196925
0.208044
0.219511
0.230732
0.116171
0.118289
0.121653
0.12664
0.132585
0.139778
0.147729
0.156649
0.166177
0.176466
0.187177
0.19844
0.209891
0.221702
0.23339
0.116369
0.118499
0.121882
0.126898
0.132887
0.14013
0.148163
0.157166
0.166816
0.177237
0.188126
0.199579
0.211278
0.223345
0.235381
0.116502
0.11864
0.122035
0.127071
0.133088
0.140363
0.148453
0.157513
0.167244
0.177753
0.188761
0.200341
0.212203
0.224438
0.236707
0.116568
0.118711
0.122112
0.127158
0.133189
0.140481
0.148598
0.157687
0.167459
0.178012
0.189079
0.200722
0.212665
0.224984
0.237368
0.0580642
0.0563125
0.0532763
0.0492614
0.0445324
0.0392789
0.0336934
0.0279226
0.0221074
0.0163486
0.0107394
0.00533606
0.000192782
-0.00467264
-0.0092367
0.0585167
0.0567767
0.0537628
0.0497703
0.0450615
0.0398208
0.0342408
0.028466
0.0226395
0.0168614
0.0112276
0.00579429
0.000618695
-0.00428122
-0.00887762
0.0593577
0.05764
0.054667
0.0507177
0.046048
0.0408331
0.0352654
0.0294858
0.0236401
0.0178279
0.0121493
0.00666109
0.00142545
-0.00353904
-0.00819881
0.0605259
0.0588403
0.0559268
0.0520412
0.0474301
0.0422561
0.0367101
0.0309282
0.025059
0.0192018
0.013462
0.00789804
0.00257865
-0.00247597
-0.00722321
0.0619653
0.0603221
0.0574864
0.0536853
0.0491538
0.0440377
0.038526
0.0327477
0.026855
0.020946
0.0151331
0.00947654
0.0040537
-0.00111319
-0.00597002
0.0636249
0.0620344
0.0592953
0.0555999
0.0511705
0.046132
0.0406707
0.0349061
0.0289939
0.0230308
0.017137
0.011375
0.00583243
0.000534157
-0.00445146
0.0654588
0.0639317
0.0613078
0.05774
0.0534367
0.0484981
0.0431067
0.0373699
0.031447
0.0254317
0.0194535
0.0135769
0.0079017
0.00245583
-0.00267526
0.0674253
0.0659725
0.0634824
0.0600646
0.0559126
0.0510987
0.0458004
0.0401095
0.034189
0.0281278
0.022066
0.0160694
0.010252
0.00464505
-0.000645946
0.0694877
0.0681202
0.0657818
0.0625363
0.058562
0.0538999
0.0487208
0.043098
0.0371972
0.0311011
0.0249604
0.0188425
0.0128763
0.00709752
0.00163431
0.0716132
0.0703421
0.0681722
0.0651211
0.0613517
0.0568703
0.0518395
0.0463104
0.0404509
0.0343349
0.0281246
0.0218875
0.0157695
0.00981072
0.004165
0.0737733
0.0726092
0.0706232
0.0677885
0.064251
0.0599804
0.055129
0.0497228
0.0439301
0.0378138
0.0315472
0.0251971
0.0189274
0.0127832
0.00694668
0.0759432
0.0748963
0.0731078
0.0705105
0.0672315
0.0632025
0.0585637
0.0533123
0.0476156
0.0415227
0.0352174
0.0287645
0.0223465
0.0160142
0.00998051
0.0781018
0.0771814
0.0756018
0.0732622
0.0702671
0.0665105
0.0621185
0.0570563
0.0514884
0.0454467
0.0391243
0.0325827
0.0260234
0.0195031
0.0132679
0.080231
0.0794454
0.0780843
0.0760214
0.0733336
0.06988
0.0657693
0.0609327
0.0555291
0.0495703
0.0432566
0.0366445
0.0299544
0.0232493
0.0168102
0.0823162
0.0816722
0.0805369
0.0787681
0.0764088
0.073288
0.0694927
0.0649195
0.0597184
0.0538776
0.0476024
0.0409422
0.0341353
0.0272515
0.0206081
0.0843452
0.0838483
0.0829442
0.0814849
0.0794724
0.076713
0.073266
0.0689948
0.0640364
0.058352
0.052149
0.045467
0.038561
0.0315079
0.024662
0.0863084
0.0859623
0.0852932
0.0841566
0.0825061
0.080135
0.0770673
0.0731371
0.0684629
0.0629759
0.0568826
0.0502093
0.0432255
0.0360157
0.0289709
0.0881986
0.0880054
0.0875734
0.08677
0.0854936
0.0835357
0.0808755
0.0773252
0.0729772
0.0677312
0.0617888
0.0551584
0.048122
0.0407711
0.033533
0.0900102
0.0899705
0.0897763
0.0893138
0.0884206
0.0868981
0.0846706
0.0815386
0.0775582
0.0725988
0.0668521
0.0603022
0.0532425
0.0457692
0.0383448
0.0917395
0.0918524
0.0918956
0.0917785
0.091275
0.0902069
0.0884336
0.0857574
0.0821842
0.0775592
0.0720557
0.0656275
0.0585784
0.0510036
0.0434013
0.0933843
0.0936478
0.0939266
0.0941564
0.0940465
0.0934481
0.0921472
0.0899624
0.0868334
0.0825928
0.0773818
0.07112
0.0641208
0.0564666
0.0486965
0.0949434
0.0953544
0.0958663
0.0964416
0.0967268
0.0966094
0.0957955
0.0941353
0.0914841
0.0876801
0.082811
0.0767651
0.06986
0.0621493
0.0542233
0.0964168
0.0969716
0.0977127
0.0986294
0.0993093
0.0996796
0.0993645
0.0982582
0.096115
0.0928013
0.0883221
0.0825484
0.0757859
0.0680411
0.0599737
0.0978055
0.0984996
0.0994653
0.100717
0.101789
0.10265
0.102842
0.102314
0.100706
0.0979362
0.0938924
0.0884564
0.0818877
0.0741332
0.0659394
0.0991109
0.0999396
0.101124
0.102702
0.104162
0.105511
0.106218
0.106287
0.105237
0.103064
0.0994991
0.0944776
0.0881549
0.0804252
0.0721184
0.100335
0.101294
0.102691
0.104585
0.106427
0.10826
0.109484
0.110164
0.109694
0.108166
0.10512
0.100602
0.0945758
0.0869322
0.078528
0.101481
0.102564
0.104167
0.106366
0.108584
0.110891
0.112635
0.113931
0.114062
0.113219
0.110732
0.106813
0.101122
0.0936651
0.0851817
0.102551
0.103754
0.105554
0.108046
0.11063
0.113399
0.115661
0.117572
0.11832
0.118187
0.116293
0.113063
0.107731
0.100581
0.0919656
0.103548
0.104864
0.106853
0.109622
0.112557
0.115771
0.118541
0.121053
0.122425
0.123013
0.121751
0.119277
0.11435
0.107655
0.0985013
0.104477
0.105901
0.108065
0.111095
0.114365
0.118006
0.121274
0.124382
0.126392
0.127741
0.127193
0.125607
0.121281
0.115583
0.105038
-0.0127995
-0.015507
-0.0182744
-0.0210856
-0.0239304
-0.0268051
-0.0297085
-0.032639
-0.0355939
-0.03857
-0.0415634
-0.0445707
-0.0475884
-0.050613
-0.0536411
-0.056669
-0.0596931
-0.0627098
-0.0657166
-0.0687163
-0.0124488
-0.0151535
-0.0179258
-0.0207419
-0.023591
-0.0264713
-0.0293838
-0.0323279
-0.0353011
-0.0382997
-0.0413197
-0.0443575
-0.0474096
-0.0504723
-0.0535421
-0.0566153
-0.0596884
-0.062758
-0.0658211
-0.0688742
-0.0118053
-0.0145418
-0.0173643
-0.0202323
-0.0231298
-0.0260572
-0.0290184
-0.0320141
-0.0350416
-0.0380965
-0.0411742
-0.0442706
-0.0473821
-0.0505049
-0.053635
-0.0567681
-0.0598999
-0.0630261
-0.0661442
-0.0692549
-0.0108823
-0.0136747
-0.0165768
-0.0195231
-0.0224909
-0.025484
-0.0285115
-0.0315764
-0.0346758
-0.0378043
-0.0409568
-0.0441291
-0.0473175
-0.0505183
-0.0537277
-0.0569417
-0.0601563
-0.0633676
-0.0665734
-0.0697705
-0.00969936
-0.0125724
-0.0155858
-0.0186401
-0.021704
-0.0247871
-0.0279052
-0.031064
-0.0342601
-0.0374866
-0.0407377
-0.0440088
-0.0472964
-0.050597
-0.0539064
-0.0572203
-0.0605341
-0.0638436
-0.0671469
-0.0704424
-0.00826555
-0.0112421
-0.0143959
-0.0175845
-0.0207666
-0.0239596
-0.0271879
-0.0304604
-0.0337727
-0.0371161
-0.0404836
-0.0438707
-0.0472743
-0.0506909
-0.0541164
-0.0575466
-0.060977
-0.0644035
-0.0678249
-0.0712381
-0.00658668
-0.00968879
-0.0130122
-0.0163607
-0.0196821
-0.0230045
-0.026363
-0.0297699
-0.0332191
-0.0366992
-0.0402024
-0.0437243
-0.0472621
-0.0508128
-0.0543723
-0.0579359
-0.061499
-0.0650575
-0.0686107
-0.0721557
-0.00466538
-0.00791464
-0.0114362
-0.0149694
-0.01845
-0.0219202
-0.0254282
-0.0289895
-0.032595
-0.0362306
-0.0398871
-0.0435607
-0.0472495
-0.0509505
-0.0546597
-0.0583722
-0.0620834
-0.0657893
-0.0694903
-0.0731828
-0.00250204
-0.00591986
-0.00966847
-0.0134101
-0.0170688
-0.0207049
-0.0243817
-0.0281174
-0.031899
-0.0357085
-0.0395359
-0.0433784
-0.0472349
-0.0511028
-0.0549778
-0.0588548
-0.0627293
-0.0665971
-0.07046
-0.0743139
-9.55725e-05
-0.00370348
-0.00770804
-0.0116814
-0.0155361
-0.019356
-0.0232213
-0.0271517
-0.0311288
-0.0351304
-0.039146
-0.0431741
-0.0472147
-0.0512653
-0.0553216
-0.0593783
-0.0634305
-0.0674746
-0.0715136
-0.0755429
0.00255609
-0.00126377
-0.00555347
-0.00978088
-0.0138492
-0.0178707
-0.0219445
-0.0260903
-0.0302823
-0.034494
-0.0387149
-0.0429453
-0.0471864
-0.0514359
-0.0556889
-0.0599401
-0.0641846
-0.0684188
-0.0726476
-0.0768659
0.00545557
0.00140134
-0.00320288
-0.00770594
-0.0120045
-0.0162459
-0.0205492
-0.0249314
-0.0293576
-0.0337971
-0.0382404
-0.04269
-0.0471481
-0.0516123
-0.0560774
-0.0605378
-0.0649888
-0.0694267
-0.0738588
-0.0782793
0.00860567
0.00429397
-0.000654234
-0.00545353
-0.00999864
-0.0144787
-0.0190333
-0.0236731
-0.0283525
-0.0330376
-0.0377204
-0.0424063
-0.0470981
-0.0517931
-0.0564856
-0.06117
-0.0658415
-0.0704965
-0.0751451
-0.0797808
0.012009
0.00741597
0.00209443
-0.00302053
-0.00782813
-0.0125667
-0.017395
-0.0223137
-0.0272653
-0.0322134
-0.0371533
-0.0420928
-0.0470352
-0.0519769
-0.0569121
-0.0618351
-0.0667413
-0.0716265
-0.0765049
-0.0813686
0.0156679
0.0107687
0.00504486
-0.000403864
-0.00548971
-0.0105075
-0.015633
-0.0208519
-0.026094
-0.0313227
-0.0365374
-0.0417482
-0.0469582
-0.0521629
-0.0573564
-0.0625331
-0.0676885
-0.0728167
-0.0779377
-0.0830422
0.0195838
0.0143527
0.00819838
0.00239933
-0.00298052
-0.00829957
-0.0137462
-0.0192861
-0.0248367
-0.0303636
-0.0358714
-0.0413716
-0.0468663
-0.0523499
-0.0578166
-0.0632615
-0.0686796
-0.0740643
-0.0794421
-0.0848004
0.0237571
0.0181675
0.0115558
0.00539157
-0.00029818
-0.00594174
-0.0117338
-0.0176149
-0.0234916
-0.0293347
-0.0351544
-0.0409624
-0.0467588
-0.0525376
-0.0582942
-0.0640252
-0.0697248
-0.0753773
-0.0810232
-0.0866453
0.0281868
0.0222114
0.015117
0.0085749
0.00255901
-0.00343362
-0.00959529
-0.0158369
-0.0220569
-0.0282347
-0.0343857
-0.0405202
-0.0466348
-0.0527228
-0.0587798
-0.0648031
-0.0707912
-0.0767524
-0.0826864
-0.0885795
0.0328703
0.0264807
0.0188811
0.0119508
0.00559201
-0.000775452
-0.00733049
-0.0139507
-0.0205312
-0.0270627
-0.0335653
-0.0400453
-0.0464959
-0.0529102
-0.0592846
-0.065617
-0.0719088
-0.0781884
-0.0844214
-0.0905974
0.0378025
0.0309697
0.0228459
0.0155199
0.00880086
0.00203176
-0.00493928
-0.0119549
-0.018913
-0.0258181
-0.0326929
-0.0395379
-0.0463429
-0.0531023
-0.059814
-0.0664766
-0.0730901
-0.0796814
-0.0862211
-0.0926952
0.0429759
0.0356699
0.0270078
0.0192823
0.0121846
0.00498619
-0.00242163
-0.00984793
-0.017201
-0.0245003
-0.0317681
-0.0389971
-0.0461745
-0.0532962
-0.0603609
-0.067367
-0.0743136
-0.0812322
-0.0880924
-0.0948764
0.0483794
0.0405686
0.0313614
0.0232373
0.0157407
0.00808501
0.000222384
-0.00762826
-0.0153944
-0.0231091
-0.0307902
-0.0384218
-0.0459899
-0.053492
-0.0609274
-0.0682934
-0.0755879
-0.0828469
-0.0900387
-0.0971426
0.0539969
0.0456486
0.0359002
0.0273833
0.019465
0.0113247
0.00299306
-0.00529454
-0.013493
-0.0216445
-0.0297583
-0.037811
-0.0457885
-0.0536898
-0.0615133
-0.0692552
-0.0769116
-0.0845249
-0.0920603
-0.0994941
0.059804
0.0508853
0.0406162
0.0317176
0.0233506
0.0147005
0.00589056
-0.00284625
-0.0114973
-0.0201065
-0.0286711
-0.0371632
-0.0455692
-0.0538887
-0.0621185
-0.0702528
-0.0782854
-0.0862673
-0.0941584
-0.101931
0.0657633
0.0562445
0.0455004
0.0362357
0.0273885
0.0182092
0.00891593
-0.000284042
-0.00940922
-0.0184957
-0.0275285
-0.0364782
-0.0453322
-0.0540893
-0.062744
-0.0712887
-0.0797122
-0.0880762
-0.0963343
-0.104455
0.0718249
0.0616826
0.0505405
0.0409249
0.0315633
0.0218467
0.0120706
0.00239265
-0.00722701
-0.016808
-0.0263259
-0.0357522
-0.0450742
-0.0542884
-0.0633864
-0.0723566
-0.081187
-0.0899506
-0.0985886
-0.107066
0.0779277
0.0671641
0.0557362
0.0457737
0.0358622
0.0256083
0.0153453
0.00516925
-0.00496402
-0.0150542
-0.0250719
-0.0349917
-0.0447994
-0.0544903
-0.0640561
-0.0734828
-0.0827301
-0.0919008
-0.100927
-0.109769
0.0839596
0.0726416
0.0610651
0.0507481
0.0402816
0.0295199
0.0187728
0.00808168
-0.00258252
-0.0132003
-0.0237397
-0.0341754
-0.0444896
-0.0546714
-0.0647064
-0.0745743
-0.0842893
-0.0939104
-0.103339
-0.112552
0.0896748
0.0781322
0.0665523
0.0557963
0.0447381
0.0334639
0.0222133
0.0109927
-0.00020693
-0.0113561
-0.0224223
-0.0333839
-0.0442237
-0.0549371
-0.0655217
-0.0759388
-0.086009
-0.0960009
-0.105803
-0.115386
0.0943521
0.08328
0.0721322
0.061103
0.049614
0.0378975
0.0261503
0.0143959
0.00264791
-0.00905718
-0.0206758
-0.0321785
-0.0435426
-0.0547513
-0.0657966
-0.0767119
-0.0875334
-0.0981162
-0.108371
-0.118345
-0.0717053
-0.0746752
-0.0776198
-0.0805368
-0.0834246
-0.0862814
-0.0891048
-0.0918921
-0.0946408
-0.0973484
-0.100013
-0.102632
-0.105203
-0.107725
-0.110197
-0.112615
-0.114979
-0.117288
-0.119541
-0.121737
-0.0719117
-0.0749281
-0.0779208
-0.0808872
-0.0838244
-0.0867293
-0.0895986
-0.0924295
-0.0952191
-0.0979648
-0.100664
-0.103315
-0.105915
-0.108461
-0.110954
-0.113389
-0.115767
-0.118085
-0.120346
-0.122549
-0.0723541
-0.0754341
-0.0784889
-0.0815151
-0.0845103
-0.0874719
-0.0903969
-0.0932822
-0.096125
-0.0989225
-0.101672
-0.104372
-0.10702
-0.109613
-0.112151
-0.114631
-0.117052
-0.119413
-0.12172
-0.123975
-0.072953
-0.0761141
-0.0792498
-0.0823573
-0.0854338
-0.0884762
-0.0914813
-0.0944459
-0.097367
-0.100242
-0.103068
-0.105843
-0.108564
-0.11123
-0.113839
-0.116389
-0.11888
-0.12131
-0.123689
-0.126023
-0.0737244
-0.0769855
-0.0802206
-0.0834265
-0.0866007
-0.08974
-0.0928414
-0.0959015
-0.0989174
-0.101886
-0.104806
-0.107673
-0.110487
-0.113244
-0.115945
-0.118586
-0.121169
-0.12369
-0.126166
-0.128607
-0.0746366
-0.078013
-0.0813627
-0.084683
-0.0879712
-0.0912242
-0.094439
-0.0976121
-0.100741
-0.103822
-0.106854
-0.109833
-0.112759
-0.115628
-0.118441
-0.121194
-0.123891
-0.126527
-0.129123
-0.131696
-0.0756858
-0.0791932
-0.0826731
-0.0861232
-0.0895408
-0.092923
-0.0962667
-0.0995686
-0.102826
-0.106036
-0.109196
-0.112305
-0.11536
-0.118359
-0.121303
-0.124186
-0.127017
-0.129786
-0.132525
-0.135251
-0.0768593
-0.0805119
-0.0841363
-0.0877304
-0.0912918
-0.0948177
-0.098305
-0.101751
-0.105152
-0.108506
-0.111811
-0.115064
-0.118265
-0.121411
-0.124503
-0.127535
-0.130517
-0.133439
-0.136341
-0.139241
-0.0781508
-0.0819626
-0.0857453
-0.0894972
-0.0932162
-0.0968996
-0.100544
-0.104148
-0.107707
-0.111219
-0.114683
-0.118096
-0.121459
-0.124767
-0.128023
-0.13122
-0.134371
-0.137464
-0.140545
-0.143638
-0.0795539
-0.0835382
-0.0874924
-0.0914151
-0.0953047
-0.0991586
-0.102974
-0.106748
-0.110478
-0.114162
-0.117799
-0.121387
-0.124924
-0.128408
-0.131844
-0.135222
-0.138557
-0.141835
-0.145114
-0.148417
-0.0810641
-0.0852337
-0.0893719
-0.093478
-0.0975506
-0.101587
-0.105586
-0.109543
-0.113457
-0.117325
-0.121148
-0.124922
-0.128648
-0.132322
-0.135949
-0.139521
-0.143056
-0.146534
-0.150025
-0.153552
-0.0826775
-0.0870449
-0.0913793
-0.0956807
-0.0999482
-0.10418
-0.108372
-0.112524
-0.116633
-0.120698
-0.124717
-0.128689
-0.132615
-0.136491
-0.140324
-0.144102
-0.147848
-0.151539
-0.155255
-0.159019
-0.0843916
-0.0889688
-0.093511
-0.0980191
-0.102493
-0.10693
-0.111328
-0.115685
-0.12
-0.124271
-0.128498
-0.132678
-0.136815
-0.140903
-0.144951
-0.148946
-0.152914
-0.156829
-0.160782
-0.164795
-0.0862042
-0.0910027
-0.0957639
-0.10049
-0.10518
-0.109833
-0.114446
-0.119018
-0.123549
-0.128035
-0.132479
-0.136877
-0.141234
-0.145543
-0.149816
-0.154037
-0.158237
-0.162384
-0.166582
-0.170852
-0.0881143
-0.0931453
-0.098136
-0.103089
-0.108006
-0.112884
-0.117722
-0.122519
-0.127273
-0.131984
-0.136652
-0.141276
-0.14586
-0.150398
-0.154903
-0.159356
-0.163796
-0.168182
-0.172633
-0.177166
-0.0901206
-0.0953945
-0.100625
-0.105816
-0.110969
-0.116081
-0.121152
-0.12618
-0.131165
-0.136107
-0.141008
-0.145863
-0.150681
-0.155453
-0.160195
-0.164886
-0.16957
-0.1742
-0.178909
-0.183706
-0.0922227
-0.0977493
-0.10323
-0.108668
-0.114064
-0.119419
-0.124729
-0.129996
-0.135219
-0.140398
-0.145535
-0.150628
-0.155683
-0.160693
-0.165676
-0.170609
-0.175539
-0.180414
-0.185383
-0.190445
-0.0944213
-0.10021
-0.105948
-0.111642
-0.117291
-0.122894
-0.128451
-0.133962
-0.139427
-0.144848
-0.150224
-0.155558
-0.160852
-0.166104
-0.171328
-0.176504
-0.18168
-0.186802
-0.192028
-0.197353
-0.0967145
-0.102774
-0.10878
-0.114737
-0.120644
-0.126503
-0.132311
-0.138072
-0.143782
-0.149448
-0.155065
-0.160642
-0.166175
-0.171669
-0.177132
-0.182553
-0.187971
-0.19334
-0.198817
-0.204404
-0.0991006
-0.105441
-0.111723
-0.11795
-0.124123
-0.130242
-0.136305
-0.142318
-0.148276
-0.154189
-0.160047
-0.165868
-0.171637
-0.177374
-0.18307
-0.188733
-0.194386
-0.200001
-0.20572
-0.211571
-0.101581
-0.108211
-0.114776
-0.12128
-0.127723
-0.134106
-0.140428
-0.146695
-0.152901
-0.15906
-0.165158
-0.171222
-0.177222
-0.183203
-0.189124
-0.195031
-0.200906
-0.206764
-0.21271
-0.21882
-0.104155
-0.111084
-0.117939
-0.124725
-0.131442
-0.138092
-0.144674
-0.151195
-0.157648
-0.164052
-0.170385
-0.176687
-0.182911
-0.189131
-0.195266
-0.201419
-0.207502
-0.213606
-0.219759
-0.226121
-0.106823
-0.114058
-0.121209
-0.128282
-0.135276
-0.142195
-0.149038
-0.155812
-0.16251
-0.169154
-0.175718
-0.182251
-0.188688
-0.195138
-0.201466
-0.207859
-0.214123
-0.220479
-0.226816
-0.233429
-0.109585
-0.117132
-0.124585
-0.131949
-0.139224
-0.146412
-0.153515
-0.160539
-0.167481
-0.17436
-0.181152
-0.18791
-0.194558
-0.20123
-0.207737
-0.21436
-0.220761
-0.227363
-0.233831
-0.240703
-0.11244
-0.120306
-0.128066
-0.135724
-0.14328
-0.150738
-0.158099
-0.165371
-0.172551
-0.179659
-0.186674
-0.193648
-0.200506
-0.207393
-0.214085
-0.220939
-0.22746
-0.234315
-0.240833
-0.247967
-0.115389
-0.123577
-0.131646
-0.139599
-0.147435
-0.155159
-0.162771
-0.17028
-0.177686
-0.185003
-0.192221
-0.19938
-0.206424
-0.213487
-0.220351
-0.227412
-0.234062
-0.241204
-0.247754
-0.255212
-0.118436
-0.126951
-0.135329
-0.143572
-0.151683
-0.159663
-0.167515
-0.175244
-0.182855
-0.190356
-0.197745
-0.205049
-0.212235
-0.219405
-0.226388
-0.233562
-0.240307
-0.247703
-0.254285
-0.262236
-0.121576
-0.130432
-0.139129
-0.147673
-0.156066
-0.164309
-0.172408
-0.180368
-0.188195
-0.195896
-0.203474
-0.210945
-0.218294
-0.225582
-0.232697
-0.239935
-0.246755
-0.254289
-0.260796
-0.269294
-0.124779
-0.134001
-0.143056
-0.151944
-0.160662
-0.169215
-0.17761
-0.185855
-0.193957
-0.201925
-0.209768
-0.217494
-0.225104
-0.232621
-0.239989
-0.247366
-0.254375
-0.261929
-0.268383
-0.277138
-0.128075
-0.137616
-0.146991
-0.156183
-0.165181
-0.173989
-0.182616
-0.191071
-0.199367
-0.207513
-0.215522
-0.223404
-0.231172
-0.23883
-0.246372
-0.253833
-0.261047
-0.268423
-0.275015
-0.283461
-0.127157
-0.134997
-0.141822
-0.14731
-0.151158
-0.153088
-0.152852
-0.150239
-0.145109
-0.137462
-0.127476
-0.115535
-0.102205
-0.0881691
-0.0741607
-0.0608454
-0.0487377
-0.0381927
-0.0293447
-0.0221375
-0.0164148
-0.0119804
-0.00862307
-0.00614151
-0.00432045
-0.00298676
-0.00198569
-0.00124514
-0.000663352
-0.000213164
-0.128034
-0.135948
-0.142801
-0.14829
-0.152125
-0.154033
-0.153756
-0.151075
-0.145843
-0.138063
-0.127921
-0.115812
-0.102315
-0.0881339
-0.0740142
-0.0606294
-0.0484945
-0.0379534
-0.0291274
-0.0219534
-0.0162676
-0.0118679
-0.00854065
-0.00608341
-0.00428085
-0.00296019
-0.00196808
-0.00123392
-0.000656847
-0.000211525
-0.129646
-0.137716
-0.144622
-0.15011
-0.153924
-0.155795
-0.155451
-0.152644
-0.147219
-0.139189
-0.128754
-0.116327
-0.102518
-0.0880633
-0.0737363
-0.0602231
-0.0480376
-0.0375042
-0.028721
-0.02161
-0.0159935
-0.0116586
-0.00838747
-0.00597545
-0.00420731
-0.00291084
-0.00193548
-0.00121302
-0.000644831
-0.000208266
-0.131946
-0.140228
-0.1472
-0.152685
-0.156475
-0.1583
-0.157855
-0.154864
-0.149165
-0.140781
-0.129929
-0.117048
-0.102793
-0.0879529
-0.0733348
-0.0596434
-0.0473899
-0.0368702
-0.0281497
-0.021129
-0.0156105
-0.0113669
-0.00817433
-0.00582538
-0.00410516
-0.00284234
-0.00189028
-0.00118401
-0.000628167
-0.000203632
-0.134857
-0.143398
-0.15044
-0.155921
-0.159688
-0.161458
-0.160887
-0.157664
-0.15162
-0.142787
-0.131404
-0.117945
-0.103124
-0.0877956
-0.0728137
-0.0589039
-0.0465709
-0.0360727
-0.027435
-0.02053
-0.0151352
-0.0110058
-0.00791105
-0.00564019
-0.0039792
-0.00275793
-0.0018347
-0.00114827
-0.00060766
-0.000197811
-0.138335
-0.147165
-0.154272
-0.159752
-0.163502
-0.165212
-0.16449
-0.160989
-0.154533
-0.145166
-0.133144
-0.11899
-0.103491
-0.0875836
-0.0721753
-0.0580153
-0.0455968
-0.0351304
-0.0265957
-0.0198301
-0.014582
-0.0105871
-0.00760645
-0.00542623
-0.00383381
-0.00266057
-0.00177075
-0.00110707
-0.000584045
-0.00019096
-0.142337
-0.151471
-0.158635
-0.164116
-0.167856
-0.169504
-0.168607
-0.164787
-0.157862
-0.147881
-0.135121
-0.120159
-0.103878
-0.0873084
-0.0714202
-0.0569864
-0.0444816
-0.0340596
-0.0256486
-0.0190449
-0.0139643
-0.0101213
-0.00726846
-0.00518914
-0.00367287
-0.00255293
-0.00170015
-0.00106151
-0.000557977
-0.000183211
-0.146824
-0.156268
-0.163473
-0.168959
-0.172699
-0.174282
-0.173191
-0.169017
-0.161571
-0.150902
-0.137307
-0.121431
-0.10427
-0.0869618
-0.0705487
-0.055825
-0.0432377
-0.0328753
-0.024609
-0.0181884
-0.0132939
-0.00961773
-0.00690417
-0.004934
-0.00349988
-0.00243736
-0.00162452
-0.00101245
-0.000530037
-0.000174679
-0.151764
-0.161509
-0.168737
-0.174232
-0.177983
-0.179501
-0.178198
-0.173642
-0.165631
-0.154203
-0.139679
-0.122787
-0.104651
-0.0865362
-0.0695609
-0.0545381
-0.0418762
-0.031591
-0.0234907
-0.017273
-0.0125813
-0.00908491
-0.00651985
-0.00466526
-0.0033179
-0.00231597
-0.0015453
-0.000961019
-0.000500754
-0.00016546
-0.157126
-0.167149
-0.174378
-0.179888
-0.183665
-0.185117
-0.183591
-0.17863
-0.170013
-0.15776
-0.142218
-0.124208
-0.105009
-0.0860246
-0.0684573
-0.0531326
-0.0404078
-0.0302196
-0.0223064
-0.0163103
-0.0118361
-0.00853027
-0.00612104
-0.00438685
-0.00312961
-0.00219057
-0.00146371
-0.000907938
-0.00047059
-0.000155634
-0.162879
-0.173147
-0.180354
-0.185885
-0.189701
-0.19109
-0.189333
-0.183953
-0.174696
-0.161555
-0.144905
-0.125679
-0.105332
-0.0854214
-0.0672388
-0.051615
-0.0388429
-0.0287729
-0.0210678
-0.0153105
-0.0110668
-0.00796043
-0.0057126
-0.00410218
-0.00293735
-0.00206276
-0.00138083
-0.000853877
-0.000439943
-0.000145266
-0.168993
-0.179458
-0.18662
-0.192181
-0.196053
-0.19738
-0.195391
-0.189583
-0.179658
-0.165569
-0.147724
-0.127185
-0.105608
-0.0847216
-0.0659071
-0.0499919
-0.0371913
-0.0272621
-0.0197855
-0.014283
-0.010281
-0.00738118
-0.00529875
-0.00381422
-0.00274313
-0.00193392
-0.00129758
-0.000799425
-0.000409157
-0.000134415
-0.175437
-0.186042
-0.193136
-0.198736
-0.20268
-0.20395
-0.201734
-0.195499
-0.18488
-0.169785
-0.150661
-0.128714
-0.105829
-0.0839216
-0.0644647
-0.0482703
-0.0354628
-0.0256979
-0.0184696
-0.0132362
-0.00948538
-0.0067976
-0.00488313
-0.0035255
-0.00254868
-0.00180523
-0.00121474
-0.000745084
-0.000378521
-0.000123129
-0.182181
-0.192854
-0.19986
-0.205514
-0.209544
-0.210764
-0.208335
-0.201679
-0.190346
-0.174191
-0.153703
-0.130255
-0.105987
-0.0830189
-0.0629146
-0.0464571
-0.0336668
-0.0240901
-0.017129
-0.0121776
-0.00868584
-0.00621407
-0.00446884
-0.00323816
-0.00235544
-0.00167768
-0.00113297
-0.000691281
-0.000348277
-0.000111453
-0.18919
-0.199852
-0.206752
-0.212477
-0.216606
-0.217787
-0.215166
-0.208102
-0.19604
-0.178773
-0.156839
-0.131796
-0.106074
-0.0820119
-0.0612609
-0.0445599
-0.0318128
-0.0224483
-0.0157721
-0.011114
-0.00788757
-0.00563437
-0.00405854
-0.00295402
-0.00216463
-0.0015521
-0.00105281
-0.000638371
-0.000318623
-9.94271e-05
-0.196432
-0.206991
-0.213777
-0.219591
-0.223829
-0.224986
-0.222205
-0.21475
-0.201947
-0.183519
-0.160058
-0.133329
-0.106085
-0.0809003
-0.0595082
-0.0425864
-0.0299099
-0.0207813
-0.0144064
-0.0100515
-0.00709504
-0.0050617
-0.00365442
-0.00267456
-0.00197724
-0.00142917
-0.000974698
-0.000586648
-0.000289718
-8.70911e-05
-0.203871
-0.214232
-0.220897
-0.226819
-0.231176
-0.23233
-0.229429
-0.221605
-0.208054
-0.188419
-0.163352
-0.134846
-0.106016
-0.0796847
-0.0576616
-0.0405444
-0.027967
-0.0190973
-0.0130389
-0.00899525
-0.00631213
-0.00449876
-0.00325831
-0.00240102
-0.00179409
-0.00130944
-0.000898988
-0.000536348
-0.000261685
-7.44832e-05
-0.211467
-0.221533
-0.228079
-0.234128
-0.238613
-0.239792
-0.236815
-0.228649
-0.214347
-0.193464
-0.166711
-0.13634
-0.105863
-0.0783668
-0.0557271
-0.0384422
-0.0259928
-0.0174042
-0.0116756
-0.00794994
-0.00554212
-0.0039478
-0.00287169
-0.00213436
-0.00161583
-0.00119337
-0.000825952
-0.000487659
-0.000234615
-6.1642e-05
-0.219178
-0.228857
-0.235291
-0.241484
-0.246106
-0.247343
-0.244343
-0.235865
-0.220814
-0.198643
-0.170128
-0.137803
-0.105624
-0.0769492
-0.0537109
-0.0362878
-0.0239956
-0.0157091
-0.0103223
-0.0069196
-0.00478778
-0.00341063
-0.00249574
-0.00187538
-0.00144298
-0.00108128
-0.000755793
-0.000440718
-0.000208569
-4.86073e-05
-0.226959
-0.236164
-0.242501
-0.248851
-0.253621
-0.254956
-0.251989
-0.243233
-0.227441
-0.203947
-0.173595
-0.139232
-0.105299
-0.0754353
-0.0516199
-0.0340897
-0.0219834
-0.0140186
-0.00898374
-0.00590771
-0.00405142
-0.00288873
-0.00213137
-0.00162466
-0.00127592
-0.000973439
-0.000688656
-0.000395627
-0.000183586
-3.54201e-05
-0.23476
-0.24342
-0.249678
-0.256194
-0.261127
-0.262605
-0.259732
-0.250735
-0.234214
-0.209365
-0.177103
-0.14062
-0.104886
-0.0738297
-0.0494615
-0.0318562
-0.0199639
-0.0123388
-0.00766452
-0.00491726
-0.00333495
-0.00238325
-0.0017793
-0.00138265
-0.00111494
-0.000870029
-0.00062463
-0.000352449
-0.000159682
-2.21232e-05
-0.242533
-0.25059
-0.256794
-0.263479
-0.26859
-0.270261
-0.267546
-0.258347
-0.241116
-0.214884
-0.180645
-0.141963
-0.104387
-0.0721375
-0.0472435
-0.0295957
-0.0179446
-0.0106754
-0.00636849
-0.00395078
-0.0026399
-0.00189507
-0.00144001
-0.00114966
-0.000960272
-0.00077117
-0.000563762
-0.000311214
-0.000136855
-8.7613e-06
-0.250228
-0.257642
-0.263818
-0.270672
-0.275978
-0.277896
-0.275403
-0.266043
-0.248126
-0.220489
-0.184209
-0.143257
-0.103804
-0.0703647
-0.0449742
-0.0273166
-0.0159324
-0.0090336
-0.00509913
-0.00301042
-0.00196748
-0.00142483
-0.00111385
-0.000925909
-0.000812037
-0.000676927
-0.000506057
-0.000271926
-0.000115087
4.61903e-06
-0.257794
-0.264549
-0.270723
-0.277736
-0.283259
-0.285475
-0.283266
-0.273792
-0.255218
-0.226161
-0.187786
-0.144497
-0.103137
-0.0685184
-0.0426622
-0.0250273
-0.0139341
-0.00741805
-0.00385945
-0.00209794
-0.00131862
-0.000972941
-0.000801024
-0.000711515
-0.000670318
-0.00058732
-0.000451486
-0.000234564
-9.43484e-05
1.79696e-05
-0.265178
-0.271283
-0.277479
-0.284635
-0.290395
-0.292957
-0.291092
-0.281551
-0.262358
-0.231876
-0.191359
-0.145679
-0.102392
-0.0666063
-0.0403168
-0.0227363
-0.0119562
-0.0058332
-0.00265219
-0.00121486
-0.000694061
-0.000539707
-0.000501639
-0.000506548
-0.000535158
-0.000502331
-0.000399991
-0.000199087
-7.46004e-05
3.124e-05
-0.272327
-0.277814
-0.284051
-0.291323
-0.297339
-0.300294
-0.298826
-0.289267
-0.269499
-0.237599
-0.194911
-0.146799
-0.101571
-0.0646368
-0.0379476
-0.020452
-0.010005
-0.00428324
-0.00147991
-0.000362624
-9.44477e-05
-0.000125341
-0.000215774
-0.000311064
-0.000406589
-0.000421919
-0.000351488
-0.000165436
-5.5794e-05
4.43786e-05
-0.279161
-0.284107
-0.290396
-0.297747
-0.304028
-0.307425
-0.306398
-0.296871
-0.276582
-0.243289
-0.198418
-0.147847
-0.100679
-0.0626191
-0.0355647
-0.0181831
-0.00808647
-0.00277158
-0.000344395
0.000458017
0.000480066
0.000270307
5.67703e-05
-0.000124915
-0.000284511
-0.00034598
-0.000305876
-0.000133543
-3.78767e-05
5.73404e-05
-0.285624
-0.290123
-0.29647
-0.303859
-0.3104
-0.314249
-0.313729
-0.304295
-0.283549
-0.248903
-0.201857
-0.148821
-0.099723
-0.0605655
-0.0331786
-0.0159368
-0.00620395
-0.00129855
0.000755846
0.00124907
0.00103127
0.000648591
0.000317032
5.26816e-05
-0.000168409
-0.000274234
-0.000263026
-0.000103345
-2.08122e-05
7.01008e-05
-0.291784
-0.295821
-0.302216
-0.309613
-0.316447
-0.3207
-0.320809
-0.311546
-0.290422
-0.254473
-0.205263
-0.149753
-0.0987288
-0.0584918
-0.0307966
-0.0137158
-0.0043592
0.0001359
0.00182247
0.00201266
0.00156066
0.00101028
0.000565447
0.000222087
-5.80273e-05
-0.00020652
-0.000222802
-7.47492e-05
-4.57558e-06
8.26102e-05
-0.29765
-0.301034
-0.307481
-0.314849
-0.322146
-0.327231
-0.327687
-0.318614
-0.297175
-0.25998
-0.208614
-0.150605
-0.0976466
-0.0563634
-0.0284122
-0.011533
-0.00257772
0.00149994
0.00282381
0.00272294
0.00205009
0.00134362
0.00079365
0.000377022
4.26584e-05
-0.000144265
-0.000185116
-4.74924e-05
1.10273e-05
9.45922e-05
-0.302971
-0.3054
-0.312058
-0.319249
-0.326373
-0.331267
-0.332151
-0.322991
-0.301153
-0.262942
-0.209978
-0.150169
-0.0959318
-0.0540061
-0.026012
-0.00942379
-0.000886794
0.00275661
0.00371406
0.00334135
0.00247995
0.00164366
0.000999975
0.000515294
0.00013311
-8.48964e-05
-0.00014647
-1.86884e-05
2.8096e-05
0.000106836
-0.307557
-0.311089
-0.318149
-0.325424
-0.333011
-0.338263
-0.338765
-0.328276
-0.304375
-0.263169
-0.207014
-0.144945
-0.0899495
-0.0485506
-0.0216675
-0.00622776
0.00135511
0.0043225
0.00480796
0.00408208
0.00297481
0.00197705
0.00123007
0.000672891
0.000236086
-2.11791e-05
-0.000106527
1.11405e-05
4.63843e-05
0.000121107
-0.312296
-0.316218
-0.323535
-0.3307
-0.338259
-0.343459
-0.343755
-0.332384
-0.307007
-0.263492
-0.204644
-0.140355
-0.0846246
-0.043558
-0.0175714
-0.00312461
0.00358134
0.00588121
0.00585712
0.00478415
0.00344378
0.00229499
0.0014511
0.000825031
0.000335806
4.0551e-05
-6.7549e-05
4.07345e-05
6.47017e-05
0.00013613
-0.316926
-0.320926
-0.328349
-0.335501
-0.343495
-0.348944
-0.348961
-0.336557
-0.309536
-0.263519
-0.201869
-0.135433
-0.0791106
-0.0385121
-0.013514
-9.17035e-05
0.00574631
0.0073713
0.006868
0.00546384
0.00389858
0.00260362
0.00166537
0.000971813
0.000431527
9.99401e-05
-2.95786e-05
7.00697e-05
8.30384e-05
0.00015161
-0.32126
-0.325029
-0.332707
-0.339886
-0.348181
-0.353723
-0.353444
-0.340077
-0.311532
-0.263144
-0.198784
-0.130286
-0.0734746
-0.0334063
-0.00944427
0.00292284
0.00787178
0.00883162
0.00785937
0.00612807
0.00434172
0.00290406
0.00187382
0.00111413
0.000523874
0.000157218
7.43911e-06
9.91239e-05
0.000101421
0.000167426
-0.325272
-0.328513
-0.336468
-0.343675
-0.352348
-0.358017
-0.357421
-0.343079
-0.313027
-0.262331
-0.195333
-0.124948
-0.067778
-0.0283081
-0.00541438
0.00589145
0.0099552
0.0102576
0.0088229
0.00677102
0.00476984
0.0031944
0.00207519
0.00125116
0.000612493
0.00021237
4.35862e-05
0.000127938
0.000119884
0.000183466
-0.329148
-0.331309
-0.339628
-0.3469
-0.355953
-0.361672
-0.360706
-0.345396
-0.313892
-0.260979
-0.191502
-0.119442
-0.0620494
-0.0232456
-0.00145069
0.00879084
0.0119807
0.0116373
0.00975185
0.00738902
0.00518087
0.00347327
0.00226837
0.00138213
0.000696984
0.000265364
7.89524e-05
0.000156548
0.000138444
0.00019958
-0.332806
-0.333466
-0.342262
-0.349583
-0.358991
-0.364692
-0.3633
-0.34701
-0.314062
-0.259066
-0.187302
-0.11381
-0.0563405
-0.0182647
0.002414
0.0115986
0.0139322
0.0129614
0.0106405
0.00797852
0.00557269
0.00373928
0.00245231
0.00150633
0.000777038
0.000316199
0.000113618
0.000184957
0.000157089
0.000215592
-0.33611
-0.334997
-0.344466
-0.351791
-0.361497
-0.367077
-0.365174
-0.347889
-0.313529
-0.256535
-0.182762
-0.108106
-0.0507102
-0.0134181
0.00614039
0.0142883
0.015793
0.0142198
0.0114822
0.00853545
0.00594291
0.00399089
0.00262588
0.00162305
0.000852368
0.000364872
0.000147633
0.000213124
0.000175777
0.000231315
-0.33865
-0.336152
-0.346325
-0.353583
-0.363502
-0.368837
-0.366339
-0.348038
-0.31227
-0.253416
-0.17793
-0.102392
-0.0452249
-0.00876373
0.00968595
0.0168309
0.0175453
0.0154012
0.0122698
0.00905562
0.00628911
0.00422649
0.00278794
0.00173161
0.00092271
0.000411354
0.000180988
0.000240951
0.000194419
0.000246552
-0.340405
-0.337092
-0.347864
-0.355022
-0.36503
-0.369989
-0.366803
-0.347457
-0.310318
-0.24976
-0.172871
-0.0967419
-0.0399571
-0.00436287
0.0130065
0.019197
0.0191704
0.0164941
0.0129962
0.00953496
0.00660891
0.00444455
0.00293742
0.00183139
0.000987819
0.000455562
0.000213597
0.000268271
0.000212878
0.000261103
-0.341567
-0.337902
-0.349134
-0.356102
-0.366093
-0.370556
-0.366596
-0.346201
-0.307703
-0.245649
-0.167664
-0.0912398
-0.0349818
-0.000276714
0.0160589
0.0213589
0.0206507
0.0174877
0.013655
0.00996978
0.00690012
0.00464359
0.00307335
0.00192188
0.00104746
0.000497336
0.000245263
0.000294834
0.000230956
0.000274772
-0.342298
-0.338591
-0.350115
-0.356848
-0.366689
-0.370561
-0.365768
-0.344315
-0.304528
-0.241179
-0.162412
-0.0859769
-0.0303735
0.00343724
0.0188036
0.0232929
0.0219707
0.0183725
0.0142408
0.010357
0.00716085
0.00482233
0.00319494
0.00200265
0.00110142
0.000536417
0.000275669
0.000320303
0.000248396
0.000287373
-0.342856
-0.339044
-0.350895
-0.357204
-0.366868
-0.370037
-0.364424
-0.341894
-0.300901
-0.236504
-0.157233
-0.0810498
-0.0262028
0.00672944
0.0212087
0.0249803
0.0231189
0.0191417
0.0147495
0.0106944
0.00738964
0.00497975
0.0033016
0.00207343
0.00114946
0.000572436
0.000304368
0.000344259
0.00026488
0.000298738
-0.342771
-0.33957
-0.351235
-0.35737
-0.366592
-0.369097
-0.362581
-0.33913
-0.297047
-0.231733
-0.152284
-0.076559
-0.0225313
0.00955996
0.023253
0.0264084
0.0240887
0.0197914
0.0151795
0.0109809
0.00758553
0.00511509
0.00339295
0.00213404
0.00119133
0.000604919
0.000330799
0.000366216
0.000280047
0.000308722
-0.342637
-0.339799
-0.351422
-0.357215
-0.366041
-0.36784
-0.360509
-0.336154
-0.293083
-0.227232
-0.147683
-0.0726048
-0.0194124
0.0119115
0.0249233
0.0275731
0.024879
0.0203214
0.0155308
0.0112165
0.00774809
0.00522792
0.00346884
0.00218442
0.00122678
0.000633306
0.000354311
0.000385643
0.000293508
0.000317204
-0.342317
-0.339869
-0.351423
-0.356886
-0.365312
-0.366455
-0.358383
-0.333262
-0.289366
-0.222997
-0.143735
-0.069283
-0.0168814
0.0137726
0.0262261
0.0284789
0.0254936
0.0207348
0.0158054
0.0114019
0.00787733
0.00531804
0.00352926
0.00222458
0.00125555
0.000656995
0.000374217
0.000402003
0.000304868
0.000324089
-0.341948
-0.339824
-0.351332
-0.35648
-0.364566
-0.365146
-0.35647
-0.33072
-0.286179
-0.219503
-0.140482
-0.0667027
-0.0149595
0.0151445
0.0271768
0.029138
0.0259412
0.0210367
0.0160066
0.0115387
0.00797358
0.00538545
0.00357436
0.00225459
0.00127739
0.000675393
0.00038985
0.000414789
0.000313762
0.000329308
-0.341626
-0.339736
-0.351218
-0.35612
-0.36396
-0.364124
-0.355014
-0.328822
-0.283831
-0.216965
-0.138169
-0.0649366
-0.0136734
0.0160453
0.0277949
0.0295655
0.0262319
0.0212333
0.0161381
0.0116287
0.00803735
0.00543027
0.00360428
0.00227453
0.00129208
0.000687985
0.000400632
0.000423576
0.00031988
0.000332812
-0.341439
-0.339674
-0.351143
-0.355911
-0.363622
-0.363563
-0.354227
-0.327805
-0.282582
-0.21563
-0.136977
-0.0640261
-0.0130288
0.0164907
0.0280985
0.0297752
0.0263747
0.02133
0.0162029
0.0116733
0.0080691
0.00545264
0.0036192
0.00228448
0.00129947
0.000694383
0.000406137
0.000428051
0.000322998
0.000334571
)
;

boundaryField
{
    inlet
    {
        type            zeroGradient;
    }
    outlet
    {
        type            fixedValue;
        value           uniform 0;
    }
    cylinder
    {
        type            zeroGradient;
    }
    top
    {
        type            symmetryPlane;
    }
    bottom
    {
        type            symmetryPlane;
    }
    defaultFaces
    {
        type            empty;
    }
}


// ************************************************************************* //
