/*--------------------------------*- C++ -*----------------------------------*\
  =========                 |
  \\      /  F ield         | OpenFOAM: The Open Source CFD Toolbox
   \\    /   O peration     | Website:  https://openfoam.org
    \\  /    A nd           | Version:  7
     \\/     M anipulation  |
\*---------------------------------------------------------------------------*/
FoamFile
{
    version     2.0;
    format      ascii;
    class       volScalarField;
    location    "4";
    object      T;
}
// * * * * * * * * * * * * * * * * * * * * * * * * * * * * * * * * * * * * * //

dimensions      [0 0 0 1 0 0 0];

internalField   nonuniform List<scalar> 
6300
(
1
1
1
1
1
1
1
1
1
1
1
1
1
1
1.02606
2.31142
2.71002
2.71892
2.7304
2.74158
2.75249
2.76297
2.77278
2.78163
2.78942
2.79639
2.80307
2.80927
2.81439
2.81769
1
1
1
1
1
1
1
1
1
1
1
1
1
1
1.00286
2.29429
2.7073
2.71766
2.72923
2.7405
2.75136
2.76172
2.77136
2.77999
2.78753
2.79422
2.80064
2.80661
2.81149
2.8147
1
1
1
1
1
1
1
1
1
1
1
1
1
1
1.00004
2.26053
2.7042
2.71561
2.72715
2.73853
2.74932
2.75957
2.76905
2.7775
2.78482
2.79127
2.79739
2.80303
2.80752
2.8105
1
1
1
1
1
1
1
1
1
1
1
1
1
1
1
2.20795
2.69924
2.71282
2.72418
2.73566
2.74625
2.75621
2.76534
2.77343
2.78041
2.78651
2.79226
2.79752
2.8016
2.80436
1
1
1
1
1
1
1
1
1
1
1
1
1
1
1
2.13302
2.68957
2.70899
2.72043
2.73202
2.74236
2.75191
2.76051
2.76796
2.77423
2.77961
2.78474
2.78962
2.79347
2.79638
1
1
1
1
1
1
1
1
1
1
1
1
1
1
1
2.03206
2.67097
2.70298
2.71498
2.72681
2.73696
2.74611
2.75418
2.76105
2.76674
2.77152
2.77593
2.77993
2.78268
2.7844
1
1
1
1
1
1
1
1
1
1
1
1
1
1
1
1.90042
2.63901
2.692
2.70584
2.71856
2.72889
2.73784
2.74548
2.75169
2.75637
2.75973
2.76222
2.76485
2.76673
2.76936
1
1
1
1
1
1
1
1
1
1
1
1
1
1
1
1.73636
2.58933
2.67672
2.69328
2.70771
2.71868
2.7276
2.73478
2.74019
2.74369
2.74599
2.74739
2.74859
2.74644
2.74146
1
1
1
1
1
1
1
1
1
1
1
1
1
1
1
1.51042
2.50034
2.65604
2.67586
2.69232
2.70415
2.71375
2.72118
2.72618
2.72863
2.72892
2.7258
2.71964
2.71091
2.7038
1
1
1
1
1
1
1
1
1
1
1
1
1
1
1
1.20706
2.38202
2.64585
2.65292
2.66963
2.68366
2.69501
2.70367
2.70841
2.70943
2.70685
2.69997
2.69041
2.6828
2.69021
1
1
1
1
1
1
1
1
1
1
1
1
1
1
1
1.01269
2.27566
2.63809
2.63781
2.64813
2.65942
2.67112
2.68019
2.68537
2.68506
2.68072
2.66897
2.64594
2.59025
2.48503
1
1
1
1
1
1
1
1
1
1
1
1
1
1
1
1.00003
2.09231
2.61876
2.62538
2.63191
2.63859
2.64727
2.65386
2.65817
2.65664
2.64958
2.63224
2.59415
2.53198
2.36019
1
1
1
1
1
1
1
1
1
1
1
1
1
1
1
1
1.81072
2.55722
2.61748
2.62217
2.62576
2.62865
2.62996
2.63032
2.62662
2.61585
2.59428
2.54947
2.47851
2.28536
1
1
1
1
1
1
1
1
1
1
1
1
1
1
1
1
1.41412
2.42122
2.59849
2.60763
2.61241
2.61195
2.60964
2.60517
2.59704
2.58192
2.55612
2.51137
2.43031
2.26371
1
1
1
1
1
1
1
1
1
1
1
1
1
1
1
1
1.04912
2.25711
2.58947
2.58848
2.59263
2.59293
2.58951
2.58181
2.56969
2.55052
2.52077
2.47583
2.39385
2.26713
1
1
1
1
1
1
1
1
1
1
1
1
1
1
1
1
1.00047
2.0305
2.53332
2.56115
2.57005
2.57112
2.56779
2.55915
2.54473
2.52303
2.49123
2.44426
2.36869
2.2712
1
1
1
1
1
1
1
1
1
1
1
1
1
1
1
1
0.999996
1.59005
2.42016
2.53404
2.54497
2.55063
2.54706
2.53796
2.52232
2.49907
2.46674
2.41848
2.35153
2.27214
1
1
1
1
1
1
1
1
1
1
1
1
1
1
1
1
0.999999
1.09536
2.25688
2.52754
2.52245
2.52318
2.52074
2.513
2.49865
2.47736
2.44521
2.39908
2.34066
2.27416
1
1
1
1
1
1
1
1
1
1
1
1
1
1
1
1
1
1.00203
2.01809
2.46927
2.49391
2.4935
2.49125
2.48551
2.47344
2.45582
2.42511
2.38402
2.33278
2.27491
1
1
1
1
1
1
1
1
1
1
1
1
1
1
1
1
1
0.999989
1.49629
2.34448
2.47354
2.4689
2.46607
2.46055
2.45002
2.43329
2.40618
2.37085
2.32625
2.27608
1
1
1
1
1
1
1
1
1
1
1
1
1
1
1
1
1
0.999997
1.06273
2.15341
2.44372
2.44195
2.44043
2.43527
2.42572
2.40981
2.3863
2.356
2.31718
2.27384
1
1
1
1
1
1
1
1
1
1
1
1
1
1
1
1
1
0.999999
1.00072
1.73262
2.34873
2.42216
2.41736
2.41281
2.40319
2.38729
2.366
2.3392
2.30558
2.26835
1
1
1
1
1
1
1
1
1
1
1
1
1
1
1
1
1
1
0.999998
1.15514
2.17409
2.40542
2.39626
2.39248
2.38164
2.36532
2.34516
2.32086
2.29133
2.25912
1
1
1
1
1
1
1
1
1
1
1
1
1
1
1
1
1
1
1
1.00514
1.84783
2.32792
2.3747
2.36793
2.35704
2.34252
2.32393
2.30172
2.27573
2.24718
1
1
1
1
1
1
1
1
1
1
1
1
1
1
1
1
1
1
1
1
1.23453
2.1523
2.35829
2.34598
2.33545
2.32203
2.30515
2.28496
2.26152
2.23521
1
1
1
1
1
1
1
1
1
1
1
1
1
1
1
1
1
1
1
1
1.01206
1.85185
2.29559
2.32178
2.31192
2.29982
2.28439
2.26639
2.24532
2.22152
1
1
1
1
1
1
1
1
1
1
1
1
1
1
1
1
1
1
1
1
1.00004
1.25185
2.11462
2.30518
2.29087
2.27933
2.26484
2.24888
2.23037
2.20931
1
1
1
1
1
1
1
1
1
1
1
1
1
1
1
1
1
1
1
1
1
1.01393
1.77166
2.23656
2.27155
2.25822
2.24477
2.23072
2.21489
2.19668
1
1
1
1
1
1
1
1
1
1
1
1
1
1
1
1
1
1
1
1
1
1.00007
1.2036
2.04091
2.25371
2.23832
2.22842
2.21588
2.20113
2.18432
1
1
1
1
1
1
1
1
1
1
1
1
1
1
1
1
1
1
1
1
1
1
1.00898
1.59042
2.13649
2.22234
2.20927
2.19818
2.18493
2.16951
1
1
1
1
1
1
1
1
1
1
1
1
1
1
1
1
1
1
1
1
1
1
1.00005
1.10866
1.90803
2.20405
2.19223
2.18154
2.16854
2.1543
1
1
1
1
1
1
1
1
1
1
1
1
1
1
1
1
1
1
1
1
1
1
1
1.0027
1.38346
2.04219
2.17481
2.15855
2.14745
2.1357
1
1
1
1
1
1
1
1
1
1
1
1
1
1
1
1
1
1
1
1
1
1
1
1.00001
1.038
1.70178
2.10225
2.15091
2.13718
2.12388
1
1
1
1
1
1
1
1
1
1
1
1
1
1
1
1
1
1
1
1
1
1
1
1
1.0005
1.18274
1.88672
2.12835
2.12192
2.10995
1
1
1
1
1
1
1
1
1
1
1
1
1
1
1
1
1
1
1
1
1
1
1
1
1
1.00773
1.4067
1.98175
2.1042
2.09359
1
1
1
1
1
1
1
1
1
1
1
1
1
1
1
1
1
1
1
1
1
1
1
1
1
1.00006
1.04637
1.6357
2.02226
2.08461
1
1
1
1
1
1
1
1
1
1
1
1
1
1
1
1
1
1
1
1
1
1
1
1
1
1
1.00077
1.15171
1.79257
2.04108
1
1
1
1
1
1
1
1
1
1
1
1
1
1
1
1
1
1
1
1
1
1
1
1
1
1
1
1.00579
1.31283
1.86813
1
1
1
1
1
1
1
1
1
1
1
1
1
1
1
1
1
1
1
1
1
1
1
1
1
1
1
1.00005
1.02606
1.46456
1
1
1
1
1
1
1
1
1
1
1
1
1
1
1
1
1
1
1
1
1
1
1
1
1
1
1
1
1.00033
1.07345
1
1
1
1
1
1
1
1
1
1
1
1
1
1
1
1
1
1
1
1
1
1
1
1
1
1
1
1
1
1.0018
1
1
1
1
1
1
1
1
1
1
1
1
1
1
1
1
1
1
1
1
1
1
1
1
1
1
1
1
1
1.00001
1
1
1
1
1
1
1
1
1
1
1
1
1
1
1
1
1
1
1
1
1
1
1
1
1
1
1
1
1
1
1
1
1
1
1
1
1
1
1
1
1
1
1
1
1
1
1
1
1
1
1
1
1
1
1
1
1
1
1
1
1
1
1
1
1
1
1
1
1
1
1
1
1
1
1
1
1
1
1
1
1
1
1
1
1
1
1
1
1
1
1
1
1
1
1
1
1
1
1
1
1
1
1
1
1
1
1
1
1
1
1
1
1
1
1
1
1
1
1
1
1
1
1
1
1
1
1
1
1
1
1
1
1
1
1
1
1
1
1
1
1
1
1
1
1
1
1
1
1
1
1
1
1
1
1
1
1
1
1
1
1
1
1
1
1
1
1
1
1
1
1
1
1
1
1
1
1
1
1
1
1
1
1
1
1
1
1
1
1
1
1
1
1
1
1
1
1
1
1
1
1
1
1
1
1
1
1
1
1
1
1
1
1
1
1
1
1
1
1
1
1
1
1
1
1
1
1
1
1
1
1
1
1
1
1
1
1
1
1
1
1.64224
1.07001
0.968332
1.05501
1.14812
1.22673
1.2674
1.28361
1.32931
1.42158
1.53805
1.6568
1.69835
1.69564
1.66796
1.64866
1.65377
1.69238
1.71927
1.72082
1.70432
1.6767
1.67157
1.67963
1.70657
1.72327
1.72267
1.70971
1.68522
1.67388
1.67399
1.68591
1.70364
1.70397
2.04981
2.73073
2.81861
2.81196
2.80791
2.80549
2.80272
2.79694
2.78694
2.77504
2.76336
2.75283
2.74244
2.73073
2.71658
2.70236
2.69078
2.68253
2.67591
2.66649
2.65098
2.63152
2.61284
2.59758
2.58754
2.58268
2.57771
2.56696
2.55198
2.53581
2.52029
2.50666
2.49545
2.48619
2.47745
2.46752
2.45578
2.44271
2.42916
2.41602
2.40407
2.39354
2.385
2.37865
2.37131
2.36198
2.35163
2.33952
2.3264
2.31416
2.30226
2.29062
2.28013
2.27084
2.26178
2.25199
2.24165
2.23083
2.219
2.20711
2.19677
2.18815
2.18059
2.1734
2.16565
2.15643
2.14492
2.13149
2.11978
2.1102
2.10206
2.09569
2.08842
2.08063
2.07192
2.06061
2.04804
2.038
2.03057
2.02414
2.01788
2.01132
2.00413
1.99576
1.98941
1.97812
1.89955
1.54191
1.3815
1.33969
1.30851
1.28179
1.21631
1.16682
1.17204
1.20836
1.28466
1.3517
1.39129
1.43656
1.46482
1.48459
1.516
1.56044
1.60367
1.62804
1.63606
1.63145
1.62658
1.63023
1.64569
1.66023
1.66707
1.66701
1.65939
1.65251
1.65215
1.65483
1.66186
1.66659
1.96647
2.67728
2.81175
2.80335
2.79092
2.78086
2.77501
2.77006
2.76172
2.74766
2.73156
2.71719
2.70748
2.70207
2.69569
2.68395
2.66914
2.6549
2.64258
2.63388
2.6263
2.61584
2.60129
2.58469
2.5693
2.55584
2.54491
2.53693
2.52926
2.51928
2.50667
2.4934
2.48087
2.46945
2.45928
2.45025
2.44102
2.43009
2.41715
2.40386
2.39117
2.37986
2.37051
2.36366
2.35689
2.34869
2.33997
2.3297
2.31786
2.30648
2.29531
2.28415
2.27307
2.26163
2.25029
2.23999
2.23136
2.22234
2.21319
2.20381
2.19354
2.18276
2.17265
2.1642
2.15668
2.14865
2.13898
2.1276
2.11526
2.10372
2.09431
2.08661
2.08086
2.07459
2.06716
2.05835
2.04806
2.03747
2.02845
2.0213
2.01492
2.00842
2.00132
1.99313
1.98538
1.9727
2.00286
1.79218
1.6102
1.46873
1.40504
1.36777
1.32329
1.26145
1.1788
1.16474
1.18386
1.21304
1.23678
1.26325
1.3025
1.33189
1.36353
1.39903
1.43926
1.48283
1.5182
1.55027
1.56489
1.56976
1.57082
1.5749
1.58218
1.58893
1.59705
1.60145
1.60413
1.60197
1.59731
1.59696
1.73565
2.51316
2.74766
2.73112
2.71523
2.70032
2.6881
2.68144
2.67904
2.67409
2.65895
2.64182
2.62623
2.61696
2.61546
2.61531
2.60808
2.59463
2.57861
2.56449
2.55354
2.5474
2.54391
2.53796
2.52576
2.50987
2.4926
2.47759
2.46634
2.45948
2.45394
2.44652
2.43715
2.42632
2.41527
2.40475
2.39526
2.38654
2.37616
2.36446
2.35294
2.3418
2.3322
2.32396
2.31644
2.30976
2.30319
2.2957
2.28681
2.27783
2.26948
2.26098
2.25123
2.23959
2.226
2.21189
2.20066
2.19244
2.18614
2.18017
2.17409
2.16702
2.15727
2.14481
2.13293
2.12489
2.11805
2.11027
2.10126
2.09063
2.07795
2.06616
2.05797
2.0514
2.04585
2.04053
2.03503
2.02861
2.02047
2.01185
2.00458
1.99834
1.99194
1.98456
1.97614
1.9609
2.0632
1.90516
1.77734
1.65046
1.51646
1.45334
1.43585
1.40698
1.34072
1.27149
1.24792
1.2329
1.21953
1.22225
1.23681
1.24897
1.26142
1.28391
1.31589
1.35887
1.40225
1.44614
1.47275
1.48394
1.49315
1.50204
1.51124
1.52281
1.54025
1.55406
1.55494
1.551
1.54541
1.55183
1.62203
2.24731
2.63328
2.6255
2.59656
2.58156
2.56758
2.5559
2.5511
2.54925
2.54392
2.53481
2.52296
2.51138
2.50274
2.49901
2.49754
2.49241
2.48551
2.47449
2.46092
2.45125
2.44408
2.44036
2.43561
2.42613
2.41537
2.40192
2.38687
2.37635
2.36919
2.36444
2.35983
2.35413
2.34685
2.33707
2.32671
2.31728
2.3081
2.29859
2.28891
2.27972
2.27068
2.26165
2.25331
2.24676
2.24176
2.23736
2.23284
2.22737
2.22058
2.21284
2.20406
2.19392
2.18199
2.16838
2.15541
2.14568
2.13851
2.13288
2.12829
2.12386
2.11858
2.11079
2.09971
2.08938
2.08285
2.07713
2.07088
2.06343
2.0536
2.04041
2.02788
2.01937
2.01311
2.00812
2.00382
1.99923
1.9933
1.98573
1.97822
1.9724
1.96767
1.96253
1.9568
1.9423
2.12014
1.98099
1.86818
1.77203
1.67081
1.5698
1.50927
1.48567
1.45502
1.4061
1.3453
1.29661
1.26547
1.26087
1.26366
1.26691
1.26716
1.25577
1.24816
1.25591
1.28147
1.32998
1.38351
1.41594
1.43949
1.45321
1.45906
1.47054
1.48877
1.50971
1.51465
1.51606
1.52798
1.59875
1.72188
1.974
2.39351
2.52823
2.49442
2.47721
2.46412
2.45209
2.44533
2.44019
2.43951
2.43844
2.43314
2.42363
2.41234
2.4052
2.40103
2.39918
2.39556
2.39023
2.38091
2.36926
2.3605
2.35334
2.34824
2.34235
2.3352
2.32713
2.3161
2.30336
2.29466
2.2889
2.28477
2.28074
2.27607
2.26941
2.25947
2.24848
2.23946
2.23131
2.22339
2.21592
2.20843
2.19999
2.19039
2.18159
2.17592
2.17286
2.1707
2.16815
2.16416
2.15806
2.14997
2.14047
2.12977
2.11769
2.10529
2.09519
2.08751
2.081
2.07539
2.07058
2.06627
2.06154
2.05491
2.04607
2.03846
2.03356
2.02857
2.02238
2.01423
2.00322
1.99129
1.98228
1.97596
1.97074
1.9659
1.96093
1.95524
1.94861
1.94175
1.93597
1.93179
1.9277
1.92343
1.91222
2.16201
2.04954
1.94794
1.85075
1.76301
1.69271
1.62437
1.5483
1.5184
1.49322
1.45088
1.39722
1.34598
1.33009
1.32434
1.3148
1.3014
1.28398
1.26208
1.25068
1.25341
1.26305
1.28425
1.31516
1.35034
1.38871
1.41207
1.42917
1.44704
1.47182
1.48002
1.49908
1.57965
1.74828
1.87259
1.9009
2.10061
2.36243
2.42554
2.42906
2.41553
2.39546
2.38048
2.37422
2.37361
2.37726
2.37391
2.36675
2.35519
2.34463
2.33892
2.3353
2.33339
2.32969
2.32394
2.31445
2.30315
2.29481
2.28808
2.28309
2.27726
2.27083
2.26283
2.25151
2.24037
2.23356
2.22849
2.22422
2.21965
2.21422
2.20645
2.19629
2.18692
2.17921
2.17216
2.16531
2.15824
2.15025
2.14077
2.13135
2.12492
2.12107
2.1181
2.11512
2.11142
2.10635
2.09975
2.09208
2.08349
2.07347
2.0616
2.04951
2.04018
2.03329
2.02766
2.02318
2.01987
2.01709
2.01353
2.00729
1.99817
1.99067
1.98557
1.98006
1.97313
1.96442
1.95412
1.94425
1.93685
1.93116
1.92611
1.92123
1.91632
1.91117
1.90561
1.90009
1.89555
1.89138
1.88731
1.87824
2.18563
2.09198
2.00615
1.92527
1.83497
1.76762
1.71229
1.6421
1.58021
1.54932
1.52077
1.48237
1.43586
1.39424
1.36764
1.35278
1.34039
1.32829
1.31593
1.29943
1.27728
1.26618
1.26643
1.27141
1.28149
1.30295
1.33028
1.35818
1.38797
1.41725
1.44755
1.53957
1.7191
1.84915
1.91769
1.92109
1.94455
2.12341
2.31638
2.3911
2.39584
2.3754
2.35243
2.33919
2.33735
2.34296
2.34452
2.33859
2.32948
2.31713
2.30827
2.30343
2.30082
2.29801
2.29257
2.28511
2.27447
2.26454
2.2574
2.25193
2.24614
2.23967
2.23236
2.22306
2.21274
2.20518
2.19993
2.19521
2.18979
2.18375
2.1759
2.16524
2.15455
2.14649
2.13963
2.13294
2.12607
2.11849
2.10965
2.10063
2.09377
2.08886
2.08447
2.07993
2.07482
2.06888
2.06246
2.05607
2.04945
2.04182
2.03203
2.01951
2.0071
1.99843
1.99269
1.9885
1.98561
1.98353
1.98132
1.9774
1.96934
1.95835
1.95025
1.94478
1.93929
1.93283
1.92469
1.91469
1.90488
1.89728
1.89134
1.88622
1.88177
1.87765
1.87316
1.86786
1.86273
1.85868
1.85552
1.84854
2.20233
2.12248
2.04846
1.97667
1.8968
1.83124
1.77647
1.71697
1.6565
1.6072
1.56907
1.53878
1.50986
1.48046
1.44073
1.40185
1.38558
1.37798
1.37009
1.35592
1.33356
1.30843
1.28345
1.27221
1.27539
1.28226
1.28734
1.29538
1.31046
1.34007
1.45052
1.64962
1.80072
1.84387
1.8838
1.90513
1.90066
1.93351
2.10399
2.29675
2.37023
2.3659
2.34753
2.3272
2.32152
2.32301
2.32643
2.32323
2.31766
2.30971
2.29905
2.29014
2.28446
2.27936
2.2743
2.26831
2.26146
2.25351
2.24506
2.23703
2.22984
2.22304
2.2162
2.20887
2.20107
2.19343
2.1865
2.1798
2.17307
2.16601
2.15777
2.14786
2.1378
2.12965
2.12258
2.11573
2.10877
2.10137
2.09337
2.08514
2.0778
2.07183
2.06631
2.06048
2.05396
2.04678
2.03985
2.0337
2.02757
2.02082
2.01263
2.00189
1.98894
1.97748
1.97059
1.96632
1.96301
1.96054
1.95843
1.95542
1.94925
1.9384
1.92686
1.91917
1.91389
1.90851
1.90181
1.89283
1.88243
1.87331
1.86652
1.86137
1.85729
1.85373
1.84998
1.84495
1.8385
1.83329
1.83023
1.82409
2.21276
2.14271
2.07794
2.01481
1.94501
1.88299
1.82735
1.76964
1.72148
1.68023
1.62975
1.5758
1.55213
1.53666
1.5119
1.48365
1.44779
1.41074
1.39602
1.38755
1.37538
1.35969
1.34223
1.31644
1.29262
1.28763
1.28685
1.29079
1.31211
1.39687
1.56768
1.69138
1.73692
1.76891
1.79635
1.82353
1.84362
1.85286
1.89886
2.07371
2.26908
2.34609
2.34888
2.33222
2.31969
2.31318
2.30963
2.31027
2.31059
2.30711
2.29966
2.28766
2.27526
2.26777
2.26237
2.25889
2.25627
2.25063
2.24227
2.23146
2.22154
2.2141
2.20743
2.20112
2.19449
2.1869
2.17861
2.17053
2.16297
2.15551
2.14766
2.13922
2.13026
2.12191
2.11449
2.10743
2.10034
2.09306
2.08558
2.07748
2.06941
2.0622
2.05546
2.04889
2.04181
2.03389
2.02603
2.0196
2.01374
2.00722
1.99961
1.99076
1.98056
1.96916
1.95942
1.95396
1.95088
1.94828
1.94509
1.94104
1.93449
1.92586
1.9155
1.90449
1.89586
1.88994
1.88413
1.87655
1.86769
1.85901
1.85189
1.84669
1.84256
1.83875
1.83493
1.83007
1.82259
1.8152
1.81144
1.80509
2.22101
2.15872
2.10142
2.0427
1.97842
1.92579
1.87437
1.81411
1.76375
1.72932
1.68797
1.64457
1.6032
1.56347
1.54521
1.53265
1.51069
1.48019
1.44149
1.41419
1.4062
1.40038
1.39107
1.37216
1.34193
1.31682
1.30995
1.32376
1.39704
1.55385
1.66612
1.69747
1.70249
1.7064
1.71369
1.72543
1.74311
1.76149
1.77344
1.82242
2.00952
2.22281
2.32924
2.33806
2.33078
2.31446
2.30248
2.29877
2.29983
2.30246
2.29685
2.28768
2.27323
2.26291
2.25737
2.25401
2.25251
2.24731
2.23958
2.22873
2.21806
2.21042
2.20346
2.19662
2.18938
2.18117
2.1716
2.16316
2.15616
2.14918
2.14206
2.13442
2.12568
2.11606
2.10761
2.10139
2.09552
2.08929
2.08228
2.07324
2.06191
2.0517
2.04484
2.03908
2.03301
2.02573
2.01693
2.00804
2.00088
1.99466
1.98835
1.98172
1.97508
1.96813
1.95929
1.94918
1.93993
1.93229
1.92708
1.92361
1.921
1.91646
1.90883
1.89929
1.88741
1.87611
1.86817
1.86259
1.85715
1.85143
1.8465
1.84175
1.83648
1.83104
1.82585
1.81856
1.80991
1.80237
1.7981
1.79164
2.22523
2.17048
2.11864
2.06446
2.00626
1.95687
1.90947
1.85401
1.80882
1.76649
1.72175
1.68952
1.65926
1.62368
1.58286
1.55246
1.54086
1.52577
1.50179
1.47214
1.43777
1.42119
1.41656
1.40601
1.38737
1.3659
1.37491
1.45343
1.60178
1.7084
1.7238
1.71476
1.70506
1.69934
1.70157
1.70923
1.71129
1.71185
1.70943
1.70521
1.73324
1.90163
2.14586
2.30573
2.33573
2.3254
2.30323
2.29511
2.29076
2.29317
2.29194
2.28412
2.2717
2.25918
2.25302
2.24971
2.24748
2.24144
2.23375
2.22359
2.21338
2.20617
2.19965
2.19279
2.18501
2.17576
2.16458
2.15466
2.14777
2.14172
2.13605
2.12963
2.12161
2.11085
2.10105
2.09464
2.08936
2.08456
2.07838
2.06943
2.05734
2.04591
2.03808
2.03174
2.02568
2.01932
2.01166
2.00183
1.99175
1.98508
1.9802
1.97641
1.97221
1.96634
1.95779
1.94645
1.93376
1.92399
1.91704
1.91149
1.90702
1.90371
1.90054
1.89444
1.88422
1.87147
1.86114
1.85465
1.85096
1.84919
1.84689
1.8423
1.83495
1.82453
1.81328
1.80458
1.79765
1.79219
1.78863
1.78209
2.22556
2.17796
2.13092
2.08271
2.03082
1.98364
1.93702
1.88653
1.84649
1.8087
1.7624
1.71924
1.69321
1.66866
1.63706
1.60252
1.56539
1.54361
1.53436
1.51982
1.49453
1.4589
1.43423
1.42856
1.42338
1.43625
1.51491
1.66253
1.76577
1.77032
1.75554
1.73754
1.72403
1.71843
1.71753
1.71671
1.7146
1.70933
1.70456
1.69984
1.68879
1.69282
1.79233
2.0414
2.23649
2.31315
2.30554
2.29295
2.28493
2.28371
2.28237
2.27559
2.26601
2.25379
2.24645
2.24228
2.23883
2.23245
2.22449
2.2137
2.20393
2.19755
2.19204
2.18574
2.17831
2.16915
2.15718
2.14616
2.13901
2.13369
2.12891
2.12298
2.11539
2.10489
2.09503
2.08774
2.08135
2.07505
2.06907
2.06289
2.0539
2.04284
2.03335
2.02609
2.0196
2.01298
2.00548
1.99621
1.98629
1.97853
1.9729
1.96783
1.96269
1.95763
1.95215
1.94316
1.93053
1.91801
1.90886
1.9025
1.89757
1.89295
1.888
1.88294
1.87741
1.87083
1.86355
1.85619
1.8492
1.84344
1.8383
1.83224
1.82408
1.81353
1.80307
1.79511
1.79044
1.787
1.78317
1.77505
2.22224
2.18045
2.13891
2.09474
2.04799
2.00579
1.96299
1.91589
1.8748
1.8393
1.79937
1.76221
1.72955
1.69283
1.66683
1.64486
1.61579
1.57941
1.54977
1.54172
1.52973
1.50344
1.47291
1.46307
1.48223
1.56624
1.69906
1.80754
1.8142
1.80217
1.78749
1.77345
1.75901
1.74967
1.7439
1.73691
1.72966
1.72151
1.7131
1.70271
1.68858
1.68065
1.68088
1.71643
1.89548
2.12942
2.2468
2.27017
2.27778
2.27334
2.26762
2.25971
2.25115
2.24107
2.23346
2.22907
2.22514
2.21892
2.21138
2.20116
2.19013
2.18296
2.17773
2.17268
2.16659
2.15983
2.15127
2.14069
2.13078
2.12343
2.1171
2.11104
2.10465
2.09727
2.08902
2.08069
2.07298
2.06582
2.0589
2.05213
2.04574
2.03799
2.02932
2.02176
2.01494
2.00786
1.9998
1.99041
1.98032
1.97185
1.96555
1.95979
1.95393
1.94776
1.94131
1.93479
1.92598
1.91438
1.90355
1.8957
1.88924
1.88316
1.87781
1.8735
1.86988
1.86653
1.86267
1.85736
1.84877
1.83795
1.82803
1.82007
1.81195
1.80347
1.79571
1.78952
1.7836
1.77646
1.77107
1.76328
2.21501
2.17932
2.14215
2.10239
2.06248
2.02342
1.98175
1.93974
1.90417
1.86714
1.82512
1.79285
1.76435
1.73095
1.69208
1.66729
1.65015
1.62364
1.58622
1.55927
1.54646
1.53335
1.52495
1.55449
1.6576
1.76444
1.83666
1.84809
1.83594
1.82364
1.81684
1.80792
1.7945
1.77751
1.7665
1.75702
1.74886
1.74029
1.73013
1.71955
1.7065
1.69286
1.68004
1.67326
1.68047
1.77072
1.98066
2.14468
2.2205
2.24724
2.24596
2.23623
2.22805
2.22092
2.21519
2.20913
2.20386
2.19809
2.19202
2.18539
2.17662
2.16672
2.15959
2.15418
2.14909
2.1443
2.13921
2.13255
2.12295
2.11177
2.10261
2.09571
2.08988
2.0848
2.07937
2.07258
2.06444
2.05612
2.04837
2.04089
2.03339
2.0267
2.02073
2.01479
2.00878
2.00208
1.99433
1.98511
1.97433
1.96393
1.95586
1.9494
1.94325
1.93697
1.9305
1.92388
1.91739
1.90969
1.90002
1.89037
1.88233
1.87589
1.87098
1.86726
1.86476
1.86378
1.86094
1.85559
1.84579
1.83154
1.81713
1.80684
1.80029
1.79435
1.7892
1.78473
1.7794
1.77139
1.76368
1.75498
2.20604
2.17525
2.14142
2.10567
2.07124
2.03528
1.99593
1.95915
1.92482
1.88942
1.85147
1.8194
1.7885
1.75896
1.7258
1.69373
1.67007
1.6513
1.62576
1.59242
1.56918
1.5738
1.6136
1.73705
1.85467
1.88995
1.88392
1.86831
1.85352
1.84684
1.8434
1.83532
1.82351
1.80595
1.78948
1.77901
1.76908
1.76004
1.74953
1.73707
1.72197
1.7056
1.69367
1.68188
1.67108
1.66963
1.69528
1.82556
2.01854
2.14998
2.19335
2.20155
2.20246
2.20145
2.19612
2.18713
2.1768
2.16945
2.16481
2.16124
2.15736
2.15121
2.14173
2.13384
2.12871
2.12425
2.11993
2.11493
2.10772
2.09745
2.08701
2.0791
2.07303
2.06773
2.06281
2.05789
2.05243
2.04597
2.03849
2.03006
2.02116
2.01273
2.0063
2.00191
1.99737
1.99187
1.9857
1.97813
1.96771
1.95488
1.94404
1.93698
1.9313
1.9257
1.91996
1.9141
1.90793
1.90104
1.89273
1.88329
1.87577
1.87101
1.86705
1.86299
1.8587
1.85406
1.84953
1.8445
1.83675
1.82426
1.80973
1.79787
1.79079
1.78767
1.78537
1.78175
1.77679
1.76887
1.76099
1.75159
2.19564
2.1681
2.1379
2.10693
2.07576
2.04184
2.00649
1.97458
1.94175
1.90638
1.8727
1.84331
1.81169
1.77883
1.7535
1.72756
1.69389
1.66641
1.64859
1.6276
1.63199
1.6906
1.79488
1.91066
1.94884
1.93728
1.90993
1.88518
1.87221
1.86734
1.86489
1.85645
1.84488
1.82869
1.81046
1.79801
1.78635
1.77549
1.76468
1.75266
1.73972
1.72455
1.7093
1.69743
1.68495
1.67307
1.66191
1.66303
1.71756
1.87589
2.04022
2.12431
2.15396
2.17594
2.17455
2.1662
2.15115
2.13975
2.13552
2.13336
2.13178
2.12813
2.1204
2.11169
2.10614
2.10177
2.09714
2.09164
2.08428
2.0745
2.06585
2.06039
2.05581
2.05088
2.04523
2.0392
2.03369
2.02878
2.02353
2.01736
2.00986
2.00057
1.99019
1.98129
1.9766
1.97395
1.97073
1.96587
1.9582
1.94631
1.93227
1.92293
1.91788
1.91377
1.90965
1.90504
1.89945
1.89247
1.88357
1.87432
1.86825
1.86431
1.86037
1.85595
1.85049
1.8439
1.83688
1.83025
1.82325
1.81522
1.80516
1.79508
1.7867
1.77948
1.77394
1.7699
1.76631
1.76273
1.75907
1.75002
2.18628
2.16095
2.13341
2.10576
2.07647
2.0445
2.01394
1.98415
1.9528
1.91872
1.88982
1.861
1.8323
1.79853
1.77363
1.75059
1.72084
1.69126
1.67565
1.6945
1.77892
1.87942
1.95244
1.97835
1.97113
1.95291
1.93072
1.90782
1.89537
1.88899
1.88425
1.87444
1.86228
1.846
1.82701
1.81471
1.80376
1.79238
1.78067
1.76749
1.75264
1.73711
1.72208
1.70939
1.6978
1.68527
1.6712
1.65746
1.64807
1.65637
1.74191
1.90822
2.03832
2.10983
2.13772
2.13941
2.12567
2.11409
2.10872
2.10652
2.1054
2.10193
2.095
2.08638
2.08093
2.07722
2.07299
2.06732
2.05871
2.04683
2.03969
2.0366
2.03363
2.03027
2.02608
2.02006
2.012
2.00483
2.00038
1.99648
1.99187
1.98571
1.97616
1.96388
1.95521
1.95092
1.94827
1.94562
1.94166
1.93485
1.92342
1.91052
1.90363
1.90041
1.89749
1.89418
1.88995
1.8836
1.87415
1.86438
1.85847
1.8542
1.84993
1.84553
1.84002
1.83237
1.82277
1.81398
1.80726
1.80182
1.7978
1.79306
1.78498
1.77334
1.76487
1.76099
1.75789
1.75495
1.75235
1.74562
2.17553
2.15205
2.12755
2.10193
2.07425
2.04567
2.01839
1.98973
1.95876
1.92958
1.90303
1.87484
1.84629
1.81757
1.79214
1.76344
1.7399
1.73104
1.76665
1.86862
1.97619
2.0035
2.0088
1.99846
1.98153
1.96909
1.95413
1.93294
1.91835
1.90902
1.90102
1.89078
1.87754
1.85998
1.84035
1.82747
1.81632
1.80498
1.79354
1.78118
1.76639
1.74846
1.73157
1.71788
1.70634
1.69532
1.68316
1.66904
1.65412
1.63737
1.63245
1.66052
1.77702
1.92587
2.04424
2.0854
2.09235
2.08877
2.08428
2.0837
2.08127
2.07671
2.06882
2.0585
2.05356
2.05065
2.04708
2.04213
2.03471
2.02366
2.01461
2.01078
2.00824
2.00596
2.00342
1.99972
1.99155
1.97924
1.97186
1.96866
1.96598
1.96263
1.95779
1.94994
1.93815
1.9284
1.92423
1.92189
1.91947
1.91615
1.91057
1.90148
1.89099
1.88471
1.88196
1.87967
1.87684
1.87267
1.86555
1.85423
1.84452
1.84057
1.8379
1.8341
1.82856
1.82006
1.80904
1.79859
1.79243
1.79018
1.78896
1.78662
1.78138
1.7703
1.75736
1.75304
1.75169
1.75033
1.74796
1.74155
2.16461
2.14278
2.12047
2.09664
2.07055
2.0451
2.01961
1.99256
1.96301
1.93816
1.91213
1.88612
1.85615
1.83032
1.80616
1.78305
1.79176
1.84731
1.9463
2.04253
2.06485
2.04779
2.02427
2.00602
1.99527
1.98763
1.97471
1.9548
1.93837
1.92624
1.91497
1.90484
1.8918
1.87469
1.85377
1.83835
1.82709
1.81563
1.80399
1.79179
1.77829
1.76191
1.74273
1.72622
1.71296
1.70107
1.68942
1.67719
1.66265
1.64557
1.6282
1.61836
1.62111
1.66775
1.79797
1.93202
2.02065
2.03911
2.05112
2.06035
2.05788
2.05283
2.04422
2.03322
2.02559
2.02202
2.0189
2.01475
2.00965
2.00333
1.99504
1.98686
1.98201
1.97929
1.97716
1.97465
1.96846
1.95681
1.94622
1.94005
1.93682
1.93487
1.93274
1.92921
1.92266
1.9123
1.90241
1.89773
1.89587
1.89426
1.89199
1.8879
1.88058
1.87096
1.86387
1.86082
1.85897
1.8568
1.85212
1.84331
1.83295
1.82484
1.81845
1.81318
1.80821
1.80261
1.79495
1.78766
1.78376
1.78099
1.77853
1.77601
1.77249
1.76499
1.75438
1.74544
1.73896
1.7354
1.73325
1.72738
2.15185
2.13261
2.11186
2.08909
2.0658
2.04312
2.01902
1.99237
1.96768
1.94388
1.91835
1.89163
1.86291
1.84282
1.82788
1.85306
1.94066
2.02591
2.08353
2.10634
2.09546
2.07044
2.03962
2.0169
2.00767
2.00158
1.98903
1.97079
1.95055
1.93723
1.92484
1.91423
1.90253
1.88735
1.86797
1.84819
1.8345
1.82281
1.81126
1.79907
1.78542
1.76943
1.75078
1.73299
1.71909
1.70695
1.69505
1.68303
1.67017
1.65394
1.6355
1.61692
1.60657
1.60094
1.61042
1.67696
1.8082
1.92278
1.9863
2.0138
2.02713
2.02647
2.01935
2.01188
2.00214
1.9927
1.98844
1.9854
1.98212
1.97948
1.97576
1.96885
1.95901
1.95163
1.94834
1.94541
1.94028
1.93291
1.92531
1.91742
1.9106
1.90729
1.90579
1.90411
1.90138
1.89619
1.88719
1.87714
1.87215
1.87071
1.86987
1.86824
1.86423
1.85763
1.84972
1.8426
1.83735
1.83368
1.83065
1.82642
1.81976
1.81021
1.80137
1.79532
1.78975
1.78391
1.77989
1.77793
1.77547
1.77184
1.7676
1.76321
1.75822
1.75283
1.7458
1.73641
1.72771
1.72276
1.71957
1.713
2.13848
2.1214
2.10271
2.08197
2.06088
2.03977
2.01747
1.99274
1.97088
1.94645
1.92162
1.89498
1.8736
1.87761
1.92473
2.03319
2.113
2.11873
2.11467
2.11025
2.09809
2.08111
2.05682
2.03214
2.02059
2.01338
2.0023
1.98637
1.9644
1.94658
1.93361
1.92174
1.91033
1.89676
1.87967
1.85973
1.84288
1.82878
1.81605
1.80362
1.78986
1.77375
1.75532
1.73776
1.72369
1.71142
1.69952
1.68696
1.67333
1.65785
1.64036
1.62263
1.60835
1.59543
1.58927
1.58297
1.59974
1.68234
1.80476
1.91042
1.96077
1.98058
1.99272
1.98976
1.9827
1.9708
1.95829
1.95404
1.95236
1.95273
1.95156
1.94849
1.94201
1.92981
1.91802
1.91233
1.90904
1.90624
1.90314
1.89839
1.89115
1.88364
1.87964
1.87822
1.87705
1.87495
1.87011
1.86214
1.85365
1.84686
1.84299
1.84165
1.84042
1.83776
1.8331
1.82629
1.81804
1.81142
1.80805
1.8062
1.80237
1.79445
1.7857
1.77814
1.77184
1.76797
1.76616
1.76431
1.76181
1.7585
1.75367
1.74763
1.74225
1.73786
1.73281
1.72569
1.71695
1.70973
1.70373
1.69734
2.12261
2.1077
2.09085
2.07353
2.05499
2.03487
2.01277
1.99168
1.96981
1.94575
1.92377
1.9062
1.92818
2.0067
2.10028
2.18074
2.18561
2.15796
2.12476
2.10657
2.10041
2.0922
2.0737
2.04817
2.03095
2.02139
2.01227
1.99822
1.97887
1.95711
1.94038
1.92643
1.91358
1.90051
1.88557
1.86803
1.85038
1.83471
1.81978
1.80521
1.79028
1.77392
1.75628
1.73972
1.72582
1.71322
1.70098
1.68839
1.67465
1.65905
1.64214
1.62598
1.61181
1.59927
1.58597
1.57407
1.56623
1.5613
1.58692
1.67833
1.79757
1.88639
1.93459
1.95449
1.95992
1.95182
1.93552
1.92685
1.92453
1.92461
1.92685
1.92518
1.92125
1.9105
1.89249
1.88343
1.88077
1.87928
1.87841
1.87693
1.87396
1.86747
1.85819
1.85284
1.85145
1.8504
1.84774
1.84286
1.83575
1.82687
1.81938
1.81534
1.81376
1.81269
1.81085
1.80717
1.80124
1.79374
1.78681
1.78059
1.77467
1.76987
1.76538
1.7613
1.75826
1.75553
1.75216
1.74876
1.74642
1.74337
1.73722
1.73005
1.72539
1.722
1.7181
1.71223
1.70349
1.69429
1.68643
1.68449
2.11082
2.09657
2.08088
2.06497
2.04786
2.02918
2.00806
1.98893
1.96651
1.94683
1.94673
1.98933
2.09334
2.1678
2.19998
2.20482
2.18943
2.16039
2.13329
2.11802
2.11321
2.10442
2.08684
2.06138
2.03901
2.02695
2.01829
2.00646
1.9901
1.96905
1.94765
1.93079
1.91629
1.90241
1.88846
1.87331
1.85633
1.83888
1.8225
1.80673
1.79062
1.77382
1.75665
1.74061
1.72667
1.71383
1.70122
1.68829
1.67462
1.65932
1.64246
1.62619
1.61235
1.60072
1.5892
1.57673
1.56221
1.54927
1.53666
1.53835
1.57801
1.67682
1.78878
1.87049
1.91083
1.91905
1.91623
1.9036
1.90023
1.89969
1.90139
1.89978
1.89676
1.88957
1.87337
1.85999
1.85603
1.85441
1.8541
1.85403
1.85309
1.85029
1.84361
1.83366
1.82526
1.82179
1.82064
1.81874
1.81415
1.80798
1.80097
1.79354
1.78917
1.7877
1.7864
1.78446
1.78164
1.77661
1.76752
1.75679
1.74946
1.74587
1.74421
1.74368
1.7433
1.74201
1.73879
1.73325
1.72511
1.71621
1.71071
1.70818
1.70679
1.70522
1.70246
1.69701
1.6886
1.67797
1.67363
1.68908
2.0973
2.08333
2.06927
2.05409
2.03759
2.02015
2.00103
1.98362
1.97019
1.98727
2.0626
2.17055
2.2283
2.23844
2.2304
2.20748
2.18399
2.16239
2.14403
2.13209
2.12354
2.11114
2.09427
2.0713
2.04635
2.031
2.02077
2.00947
1.99413
1.97501
1.95332
1.93434
1.91938
1.90518
1.8907
1.87528
1.8583
1.84011
1.82232
1.80593
1.78998
1.77365
1.75684
1.74027
1.72506
1.71105
1.69763
1.68425
1.67044
1.65567
1.63993
1.62451
1.61161
1.60057
1.58992
1.57885
1.56538
1.54912
1.53076
1.51968
1.51296
1.52111
1.57604
1.6822
1.78568
1.8491
1.87791
1.87672
1.87928
1.87792
1.87591
1.8732
1.87049
1.86589
1.85469
1.84154
1.83422
1.83178
1.83152
1.83203
1.83166
1.82961
1.82399
1.81556
1.80517
1.79725
1.79282
1.79016
1.7885
1.78649
1.78303
1.77678
1.7681
1.76401
1.76345
1.763
1.76162
1.75736
1.7489
1.7371
1.72767
1.72559
1.72566
1.72599
1.72636
1.72563
1.72321
1.71671
1.7038
1.69103
1.68636
1.68598
1.68612
1.68622
1.68585
1.68327
1.67561
1.67214
1.67866
1.74636
2.08057
2.06851
2.05689
2.04153
2.02749
2.0094
1.9941
1.99466
2.0368
2.13832
2.2348
2.27645
2.25741
2.23758
2.22541
2.2088
2.19009
2.17216
2.1525
2.13799
2.12627
2.11211
2.09661
2.07794
2.05525
2.03646
2.02261
2.00966
1.99476
1.97689
1.95686
1.93789
1.92115
1.90656
1.89194
1.87599
1.85861
1.84045
1.82243
1.80525
1.78898
1.77276
1.75595
1.73895
1.723
1.70835
1.69446
1.68069
1.66656
1.65145
1.63569
1.62094
1.60898
1.59889
1.58917
1.579
1.56709
1.55133
1.53186
1.51454
1.50432
1.50023
1.49993
1.51556
1.58009
1.67958
1.7741
1.8274
1.836
1.84937
1.85353
1.8496
1.84432
1.83742
1.83063
1.82272
1.81672
1.81318
1.80963
1.80509
1.80034
1.79904
1.79884
1.79544
1.78779
1.77843
1.77026
1.76617
1.76406
1.76253
1.76094
1.75782
1.75223
1.74599
1.7411
1.73799
1.73574
1.73346
1.72984
1.72238
1.7113
1.70743
1.70708
1.70736
1.70767
1.70687
1.7047
1.69844
1.68359
1.66893
1.66491
1.66455
1.66482
1.66596
1.66918
1.6741
1.68256
1.70713
1.75102
1.84265
2.06988
2.05718
2.04504
2.03019
2.01478
2.00747
2.02107
2.09294
2.20894
2.27229
2.30029
2.28792
2.25611
2.2294
2.21823
2.21098
2.19675
2.17781
2.15618
2.13839
2.12557
2.11165
2.09592
2.07974
2.05997
2.0395
2.0233
2.00944
1.995
1.97792
1.95837
1.93967
1.92169
1.90428
1.88827
1.87275
1.85654
1.83933
1.82184
1.80466
1.78778
1.7707
1.75309
1.73565
1.71954
1.70487
1.6911
1.67746
1.66333
1.64835
1.63296
1.61874
1.60702
1.59718
1.58796
1.5785
1.56737
1.55294
1.53457
1.51666
1.50433
1.49472
1.48834
1.48491
1.48603
1.5094
1.57488
1.67741
1.74808
1.80454
1.82314
1.82886
1.82601
1.81799
1.80986
1.80395
1.80129
1.79683
1.79084
1.7849
1.77928
1.77334
1.76909
1.7671
1.76537
1.76036
1.75368
1.74799
1.74359
1.74066
1.73889
1.73776
1.73595
1.73059
1.72159
1.71643
1.71412
1.71244
1.71078
1.70689
1.69738
1.6925
1.69276
1.69249
1.6915
1.68975
1.68661
1.67937
1.66455
1.65047
1.64511
1.64507
1.64696
1.65107
1.6631
1.69554
1.74317
1.8075
1.85529
1.89815
2.06121
2.05009
2.03146
2.01618
2.01678
2.05621
2.16185
2.27048
2.30692
2.29908
2.29261
2.27724
2.25268
2.22702
2.21593
2.21073
2.19746
2.17731
2.15705
2.13916
2.12501
2.1117
2.09465
2.07644
2.05864
2.04043
2.02296
2.0071
1.99203
1.97644
1.95852
1.93869
1.91952
1.90116
1.88325
1.86613
1.85037
1.83483
1.81867
1.80215
1.78564
1.76879
1.7513
1.73381
1.71744
1.70251
1.68867
1.67522
1.66126
1.64688
1.63239
1.619
1.60742
1.59729
1.58764
1.57769
1.5667
1.55339
1.53745
1.52236
1.51039
1.49955
1.48921
1.47962
1.47401
1.46894
1.47151
1.49976
1.56791
1.66395
1.73785
1.78459
1.8009
1.80494
1.80287
1.79423
1.78543
1.77924
1.7761
1.77289
1.76765
1.75968
1.75058
1.74518
1.7427
1.74168
1.73912
1.73384
1.72862
1.72637
1.72547
1.72384
1.7185
1.70712
1.70039
1.70025
1.69965
1.69876
1.69726
1.69383
1.68721
1.67748
1.66821
1.66496
1.66338
1.66148
1.65876
1.65373
1.64539
1.63631
1.63064
1.63199
1.64083
1.67025
1.72304
1.79178
1.84549
1.88878
1.90343
1.89763
2.04042
2.03196
2.01421
2.02268
2.09878
2.22334
2.31163
2.34258
2.31511
2.28775
2.27462
2.26506
2.24949
2.22678
2.21139
2.2037
2.19118
2.1719
2.15244
2.13647
2.1217
2.10804
2.09139
2.07031
2.05127
2.0357
2.02014
2.00435
1.98786
1.97131
1.95406
1.93497
1.9157
1.89764
1.88021
1.8626
1.84518
1.82895
1.81342
1.79753
1.78155
1.7658
1.74993
1.73342
1.717
1.70177
1.68771
1.67431
1.66052
1.64662
1.633
1.6203
1.60886
1.5985
1.58829
1.5774
1.56539
1.55171
1.53752
1.5252
1.51562
1.50733
1.49876
1.48853
1.47767
1.46606
1.45921
1.45296
1.45819
1.49098
1.57504
1.66944
1.73351
1.77554
1.78553
1.78239
1.77296
1.76637
1.76549
1.76504
1.76349
1.75606
1.74119
1.73202
1.72888
1.72581
1.723
1.72057
1.71708
1.71279
1.70822
1.70366
1.69812
1.68971
1.68136
1.67435
1.67366
1.67382
1.67358
1.67272
1.67053
1.66364
1.65203
1.64342
1.63997
1.63732
1.63507
1.63247
1.62944
1.62808
1.63453
1.6569
1.70199
1.76469
1.825
1.87551
1.89026
1.88948
1.88616
1.87545
1.94544
1.98766
2.03855
2.15492
2.27974
2.32659
2.33438
2.32269
2.29852
2.27278
2.26082
2.25628
2.24516
2.22412
2.20584
2.19536
2.18307
2.16553
2.14601
2.13096
2.11695
2.10193
2.08555
2.06595
2.04533
2.02896
2.01456
1.99976
1.98354
1.96508
1.94546
1.92726
1.91063
1.89443
1.87835
1.86172
1.84405
1.82598
1.80904
1.79356
1.77837
1.76336
1.74869
1.73392
1.71869
1.70374
1.68987
1.67715
1.66478
1.65223
1.63957
1.62695
1.61492
1.60379
1.59303
1.58206
1.57073
1.55801
1.54381
1.53036
1.52005
1.51185
1.50457
1.49683
1.48804
1.47642
1.46387
1.45145
1.44226
1.4427
1.45597
1.50229
1.59151
1.68799
1.75663
1.76068
1.75948
1.76109
1.76049
1.75912
1.75624
1.75016
1.73959
1.72851
1.72391
1.72071
1.71786
1.71475
1.70969
1.70359
1.69605
1.68719
1.67982
1.67498
1.66764
1.6592
1.6549
1.65449
1.65459
1.65485
1.65416
1.65076
1.64115
1.62729
1.61879
1.61536
1.61538
1.61652
1.6278
1.6521
1.69744
1.75563
1.81114
1.84393
1.86429
1.8751
1.87659
1.87544
1.87149
1.85969
1.63717
1.87755
2.21287
2.33051
2.3617
2.34153
2.32951
2.31273
2.28938
2.26637
2.25476
2.24944
2.23821
2.21785
2.19852
2.18713
2.17615
2.16022
2.14125
2.12515
2.11133
2.09666
2.08022
2.06183
2.0422
2.02483
2.0101
1.9954
1.97933
1.96109
1.94086
1.9218
1.90635
1.89265
1.87849
1.86278
1.84588
1.82745
1.80908
1.79334
1.77983
1.76714
1.7545
1.74143
1.72796
1.71556
1.7046
1.69402
1.68499
1.67642
1.66541
1.65223
1.63887
1.6266
1.6148
1.60232
1.58893
1.57584
1.56323
1.5507
1.53965
1.53095
1.52405
1.51711
1.5091
1.49799
1.48173
1.46514
1.45236
1.44658
1.44697
1.44833
1.46885
1.52876
1.62637
1.70149
1.74997
1.77105
1.77485
1.77434
1.7716
1.7645
1.7533
1.73795
1.72814
1.72279
1.71838
1.71268
1.70428
1.69549
1.68547
1.67401
1.66442
1.65804
1.65415
1.64941
1.64307
1.63772
1.63577
1.63414
1.63198
1.62921
1.62456
1.61375
1.60436
1.60401
1.60834
1.62917
1.67933
1.74479
1.80347
1.82851
1.84867
1.8626
1.8699
1.87083
1.86975
1.86638
1.8594
1.84347
1.15388
1.95619
2.46866
2.46116
2.4171
2.37997
2.35231
2.32788
2.30388
2.28268
2.26694
2.25764
2.24407
2.22354
2.20566
2.19336
2.1798
2.16308
2.14327
2.12434
2.10821
2.093
2.07727
2.05973
2.0407
2.02242
2.00635
1.992
1.97706
1.95985
1.9408
1.92169
1.90387
1.88897
1.87723
1.86547
1.85212
1.83668
1.81873
1.80209
1.7884
1.77542
1.76228
1.74967
1.73863
1.72927
1.72066
1.71284
1.70458
1.69463
1.68239
1.66783
1.65273
1.63943
1.62802
1.6168
1.60492
1.59225
1.57754
1.56141
1.54729
1.53625
1.5289
1.52305
1.51752
1.51053
1.49856
1.48139
1.46893
1.46479
1.45806
1.45288
1.45305
1.4598
1.49095
1.56038
1.65169
1.71942
1.76649
1.79001
1.79539
1.79296
1.78487
1.76491
1.74403
1.73337
1.72571
1.71814
1.70779
1.69598
1.68196
1.66805
1.65803
1.65123
1.64709
1.64396
1.63868
1.63042
1.62232
1.61682
1.61396
1.61184
1.61046
1.60512
1.60687
1.62133
1.66694
1.72717
1.78506
1.82034
1.84231
1.85598
1.86577
1.86956
1.86893
1.8658
1.86048
1.85394
1.84585
1.83129
1.00866
2.20382
2.66255
2.58857
2.50668
2.45158
2.41135
2.38186
2.35862
2.33341
2.31057
2.2945
2.27592
2.25288
2.23204
2.21672
2.20486
2.18815
2.16652
2.1455
2.12881
2.11282
2.09727
2.08092
2.06142
2.04031
2.02469
2.01088
1.99554
1.97664
1.953
1.931
1.91815
1.90988
1.89964
1.88872
1.87589
1.85997
1.84514
1.83225
1.81947
1.80681
1.7943
1.78277
1.77231
1.76242
1.75395
1.74675
1.73814
1.72637
1.71174
1.69512
1.67779
1.66222
1.65015
1.64055
1.63063
1.6179
1.60256
1.58478
1.56733
1.55399
1.54453
1.53765
1.53226
1.52765
1.52131
1.50947
1.49345
1.47891
1.47089
1.46799
1.4638
1.46477
1.46806
1.48252
1.51945
1.60386
1.70353
1.7595
1.80015
1.81129
1.8075
1.79307
1.76958
1.75321
1.74148
1.7314
1.71755
1.70265
1.68614
1.66905
1.65859
1.65199
1.64563
1.63896
1.63288
1.6253
1.61496
1.60608
1.60213
1.60256
1.60502
1.6218
1.66464
1.72611
1.78531
1.82177
1.84551
1.85666
1.86579
1.87275
1.87241
1.87047
1.86667
1.86113
1.85463
1.84731
1.8397
1.82821
1.05207
2.3686
2.72372
2.6759
2.62641
2.58042
2.53715
2.49786
2.45944
2.42234
2.39277
2.37055
2.34747
2.32272
2.29716
2.27436
2.25709
2.23724
2.21182
2.18663
2.16637
2.14749
2.12925
2.11205
2.09376
2.07343
2.05153
2.03144
2.01486
2.00072
1.98575
1.9695
1.95377
1.93605
1.91941
1.90585
1.89428
1.88408
1.87411
1.86251
1.85006
1.83799
1.82671
1.81594
1.80588
1.79688
1.7884
1.77932
1.76904
1.75732
1.74372
1.72855
1.71209
1.69473
1.67747
1.66143
1.64708
1.63357
1.62001
1.60619
1.59268
1.58098
1.5712
1.56224
1.55305
1.54361
1.53439
1.52554
1.51565
1.50587
1.49985
1.49695
1.49505
1.49281
1.48816
1.48702
1.48964
1.50944
1.56443
1.66262
1.75792
1.82673
1.82547
1.81672
1.80172
1.78244
1.76396
1.74673
1.73069
1.71394
1.69673
1.67955
1.66591
1.65636
1.64756
1.63927
1.63164
1.62369
1.61641
1.60879
1.60755
1.6181
1.65408
1.72613
1.78676
1.83559
1.85499
1.86365
1.87242
1.87802
1.88526
1.8859
1.88359
1.87838
1.8721
1.8655
1.85939
1.85333
1.84815
1.83992
1.15646
2.42908
2.73785
2.72547
2.70463
2.67822
2.64619
2.61125
2.57439
2.54026
2.51263
2.48642
2.45642
2.42343
2.38977
2.35871
2.3316
2.30606
2.27908
2.25136
2.22639
2.20609
2.18481
2.16259
2.14173
2.1207
2.09816
2.0761
2.05655
2.03886
2.02301
2.00907
1.99504
1.9802
1.96573
1.95205
1.93891
1.92667
1.91572
1.9056
1.89595
1.88715
1.87908
1.87079
1.86135
1.85048
1.83862
1.8261
1.8131
1.79977
1.78549
1.76958
1.75147
1.73168
1.71224
1.69473
1.67951
1.66607
1.65399
1.64226
1.62961
1.616
1.60304
1.59173
1.58128
1.57111
1.56146
1.55373
1.54848
1.54428
1.53908
1.53261
1.52705
1.52147
1.51733
1.51173
1.51148
1.51367
1.52133
1.55266
1.62651
1.73046
1.80083
1.84538
1.84165
1.8261
1.80229
1.77639
1.75317
1.73422
1.71706
1.69916
1.68125
1.66761
1.6551
1.64437
1.63524
1.63016
1.6235
1.629
1.65947
1.72705
1.7932
1.84428
1.86569
1.88304
1.89304
1.89568
1.90089
1.90583
1.9061
1.90575
1.90462
1.90158
1.89516
1.88765
1.88156
1.87567
1.86992
1.85792
1.15313
2.4097
2.72163
2.7199
2.71818
2.71309
2.70083
2.6826
2.66014
2.63712
2.61428
2.58669
2.55456
2.51973
2.48591
2.4555
2.42711
2.39786
2.36732
2.33726
2.30795
2.28044
2.25454
2.22773
2.20156
2.1792
2.15841
2.13724
2.11755
2.09869
2.08102
2.06537
2.05194
2.03989
2.02802
2.01486
1.99969
1.9832
1.96788
1.95617
1.94791
1.94128
1.93457
1.92615
1.91477
1.90028
1.88411
1.86803
1.85268
1.83763
1.82199
1.8051
1.78635
1.7659
1.74597
1.72929
1.71582
1.70392
1.6925
1.6805
1.66686
1.65135
1.63547
1.62203
1.61168
1.60333
1.59651
1.59116
1.58604
1.58
1.57227
1.56301
1.5544
1.54771
1.54464
1.5431
1.54182
1.53784
1.53173
1.52664
1.53583
1.58536
1.67592
1.7754
1.82491
1.83821
1.83227
1.80887
1.77865
1.75717
1.74256
1.72578
1.70642
1.68731
1.67096
1.6598
1.64853
1.65061
1.67669
1.73867
1.81666
1.86744
1.89697
1.9088
1.91639
1.92639
1.93502
1.93561
1.93567
1.93829
1.94184
1.94364
1.9431
1.9405
1.93418
1.92604
1.91844
1.91035
1.90348
1.88802
1.13199
2.3844
2.70356
2.70993
2.71437
2.71432
2.71101
2.70377
2.69271
2.67866
2.66035
2.63634
2.60906
2.58085
2.55369
2.52712
2.49931
2.46935
2.43859
2.40858
2.37976
2.35154
2.32514
2.2983
2.27044
2.24533
2.22418
2.20344
2.18425
2.16657
2.14943
2.133
2.11797
2.10409
2.09029
2.07575
2.06027
2.04388
2.02763
2.01354
2.00256
1.99324
1.98351
1.97215
1.95852
1.9422
1.92334
1.90347
1.88482
1.8682
1.8527
1.83717
1.82046
1.80158
1.78109
1.76251
1.7483
1.73666
1.72581
1.71457
1.70176
1.6864
1.66898
1.65344
1.64262
1.63494
1.62862
1.623
1.61694
1.60949
1.60038
1.59082
1.58262
1.57658
1.57196
1.56738
1.56134
1.55425
1.54477
1.5366
1.53079
1.53358
1.55383
1.62456
1.73033
1.82061
1.82392
1.81192
1.79508
1.7765
1.7658
1.74839
1.72798
1.70939
1.70009
1.68772
1.70289
1.75816
1.8446
1.90683
1.94388
1.95735
1.96424
1.96902
1.97073
1.97061
1.9733
1.97827
1.98323
1.98783
1.99088
1.9904
1.98859
1.98494
1.97807
1.96881
1.95885
1.9484
1.94081
1.92445
1.08747
2.3547
2.69765
2.69994
2.70619
2.71068
2.70901
2.70395
2.69485
2.6819
2.66494
2.64639
2.62752
2.60788
2.58663
2.56215
2.5343
2.50583
2.47829
2.45185
2.42659
2.40177
2.37713
2.35017
2.32327
2.29965
2.2811
2.26433
2.24692
2.22928
2.21047
2.19185
2.17505
2.16034
2.14672
2.13273
2.1172
2.09945
2.08011
2.06104
2.04403
2.02978
2.01709
2.0039
1.98844
1.96971
1.9485
1.92737
1.90878
1.89271
1.87743
1.86151
1.84424
1.82513
1.80469
1.78621
1.77273
1.76256
1.75275
1.74166
1.72832
1.71225
1.69454
1.6787
1.66739
1.65964
1.6532
1.64723
1.64076
1.63337
1.62524
1.61694
1.60838
1.59934
1.58969
1.57995
1.57017
1.56187
1.55497
1.54955
1.54072
1.53241
1.51736
1.52282
1.56851
1.66979
1.75508
1.82352
1.81989
1.80679
1.78803
1.7679
1.75244
1.73697
1.7471
1.79276
1.87784
1.95611
2.00365
2.01744
2.02999
2.02792
2.02142
2.01564
2.01656
2.02069
2.03022
2.04006
2.04149
2.03917
2.03525
2.03094
2.02681
2.0222
2.01559
2.00663
1.99587
1.9843
1.97587
1.95994
1.04075
2.33757
2.69874
2.69527
2.69803
2.70211
2.70117
2.69758
2.68981
2.67836
2.66458
2.65031
2.63491
2.61743
2.59665
2.57252
2.54691
2.52122
2.49646
2.47276
2.44959
2.42623
2.402
2.37703
2.35498
2.33737
2.32282
2.3068
2.28907
2.26938
2.25017
2.23352
2.21817
2.20321
2.18782
2.17056
2.15101
2.1302
2.10989
2.09092
2.07274
2.05502
2.03825
2.02118
2.00245
1.9823
1.96258
1.94406
1.92604
1.90811
1.89037
1.87252
1.85474
1.83838
1.82342
1.8087
1.79424
1.7811
1.76872
1.75565
1.74131
1.72706
1.71382
1.70122
1.68915
1.67912
1.67106
1.66383
1.65653
1.64912
1.64154
1.63297
1.62273
1.61124
1.59919
1.58752
1.57754
1.56953
1.56163
1.55369
1.54444
1.53209
1.51894
1.50649
1.50585
1.52997
1.60796
1.7292
1.7892
1.80415
1.79934
1.79273
1.79906
1.83024
1.9055
1.98799
2.05017
2.08173
2.09331
2.08621
2.07764
2.06679
2.06286
2.0645
2.06844
2.07458
2.08365
2.08636
2.0832
2.07679
2.07023
2.06418
2.05835
2.05179
2.04401
2.03478
2.02411
2.01241
2.00235
1.98492
1.01667
2.32341
2.70056
2.69481
2.69484
2.69696
2.69544
2.69101
2.68313
2.67293
2.66164
2.64905
2.63443
2.61695
2.59614
2.57366
2.55072
2.52746
2.504
2.48042
2.45675
2.43332
2.4112
2.39107
2.37364
2.35913
2.34222
2.32378
2.30611
2.29061
2.27556
2.25985
2.24297
2.22408
2.20345
2.18293
2.16347
2.14486
2.12666
2.10845
2.0898
2.07003
2.04826
2.02592
2.0054
1.98708
1.97019
1.95356
1.93553
1.91498
1.89384
1.87576
1.86085
1.8478
1.83597
1.82426
1.80926
1.78965
1.77189
1.75877
1.74773
1.73715
1.72663
1.71628
1.70503
1.69175
1.67949
1.66992
1.66173
1.65421
1.64713
1.63944
1.62993
1.61802
1.60476
1.59258
1.58247
1.57353
1.56463
1.55575
1.54611
1.53323
1.51931
1.50696
1.49738
1.49725
1.51067
1.57189
1.68664
1.76851
1.8026
1.85477
1.92738
1.99474
2.04636
2.0939
2.12215
2.12325
2.11343
2.10282
2.10119
2.1009
2.10285
2.10772
2.11119
2.11152
2.11047
2.10579
2.09851
2.09361
2.08878
2.08304
2.0782
2.07093
2.06171
2.0517
2.03983
2.02532
2.01149
1.99273
1.0109
2.3185
2.70145
2.69524
2.69442
2.69597
2.69403
2.68909
2.68106
2.67139
2.66071
2.64839
2.63336
2.6152
2.59484
2.57365
2.55193
2.5295
2.50601
2.48165
2.45808
2.43646
2.41726
2.40105
2.38458
2.36537
2.3461
2.32838
2.31277
2.29938
2.28573
2.26894
2.25007
2.22857
2.20594
2.18515
2.16658
2.14953
2.13335
2.11704
2.09863
2.0756
2.04919
2.02445
2.00392
1.98722
1.97233
1.95729
1.93985
1.91725
1.89224
1.87407
1.86253
1.85303
1.84329
1.83046
1.81145
1.78854
1.76997
1.75808
1.74944
1.74188
1.73405
1.72365
1.70869
1.69246
1.67966
1.67011
1.66178
1.65395
1.64672
1.63956
1.63196
1.6226
1.60997
1.59601
1.58409
1.57431
1.56459
1.55378
1.54244
1.53088
1.51964
1.50744
1.49565
1.48859
1.48346
1.49203
1.54441
1.66211
1.82392
1.96626
2.06114
2.15263
2.18396
2.18455
2.17195
2.1438
2.12333
2.11065
2.10863
2.10922
2.11353
2.12195
2.12693
2.12648
2.12226
2.1141
2.10565
2.10029
2.0949
2.08841
2.08254
2.07482
2.06527
2.0547
2.04153
2.02537
2.01088
1.99342
)
;

boundaryField
{
    inlet
    {
        type            fixedValue;
        value           uniform 1;
    }
    outlet
    {
        type            inletOutlet;
        inletValue      uniform 1;
        value           nonuniform List<scalar> 
40
(
1.97837
1.97268
1.96041
1.94138
1.91167
1.87805
1.84871
1.82443
1.80543
1.79204
1.78233
1.77486
1.76349
1.75552
1.75192
1.74996
1.74594
1.74179
1.72763
1.71304
1.69729
1.68454
1.6891
1.7462
1.84223
1.89841
1.89633
1.87476
1.85951
1.84201
1.82988
1.82753
1.83995
1.85778
1.88738
1.9236
1.95929
1.98427
1.99189
1.99289
)
;
    }
    bottom
    {
        type            symmetryPlane;
    }
    top
    {
        type            symmetryPlane;
    }
    obstacle
    {
        type            zeroGradient;
    }
    defaultFaces
    {
        type            empty;
    }
}


// ************************************************************************* //
