/*--------------------------------*- C++ -*----------------------------------*\
  =========                 |
  \\      /  F ield         | OpenFOAM: The Open Source CFD Toolbox
   \\    /   O peration     | Website:  https://openfoam.org
    \\  /    A nd           | Version:  9
     \\/     M anipulation  |
\*---------------------------------------------------------------------------*/
FoamFile
{
    format      ascii;
    class       volScalarField;
    location    "54.9";
    object      p;
}
// * * * * * * * * * * * * * * * * * * * * * * * * * * * * * * * * * * * * * //

dimensions      [0 2 -2 0 0 0 0];

internalField   nonuniform List<scalar> 
8500
(
-0.276094
-0.280306
-0.281142
-0.282889
-0.284972
-0.285218
-0.288968
-0.285344
-0.291511
-0.284197
-0.276358
-0.280509
-0.281338
-0.283054
-0.28517
-0.285312
-0.289264
-0.285279
-0.291922
-0.284083
-0.27688
-0.280911
-0.281726
-0.283378
-0.285558
-0.285488
-0.289849
-0.285132
-0.292742
-0.283853
-0.277647
-0.281499
-0.282291
-0.283843
-0.286119
-0.285728
-0.290701
-0.284875
-0.293957
-0.283505
-0.27864
-0.28226
-0.283015
-0.28443
-0.286828
-0.286005
-0.291787
-0.284471
-0.295546
-0.283035
-0.279836
-0.283174
-0.283875
-0.285111
-0.28765
-0.286293
-0.293053
-0.283884
-0.297468
-0.282424
-0.28121
-0.28422
-0.284847
-0.285857
-0.288542
-0.286569
-0.294424
-0.283085
-0.299666
-0.281614
-0.282734
-0.285377
-0.285901
-0.286639
-0.289451
-0.286819
-0.295805
-0.282062
-0.302049
-0.280596
-0.284384
-0.286623
-0.28701
-0.287432
-0.290321
-0.287039
-0.297079
-0.280888
-0.304179
-0.279576
-0.286135
-0.28794
-0.288144
-0.288215
-0.291094
-0.287245
-0.298029
-0.279793
-0.305979
-0.278181
-0.287969
-0.289312
-0.289281
-0.288972
-0.291713
-0.287523
-0.298522
-0.278671
-0.307407
-0.276565
-0.289872
-0.290727
-0.2904
-0.289695
-0.292074
-0.287918
-0.298569
-0.277593
-0.308058
-0.275204
-0.291839
-0.292179
-0.291491
-0.2904
-0.2922
-0.288302
-0.298171
-0.27688
-0.307383
-0.274655
-0.293873
-0.29367
-0.292546
-0.291067
-0.292145
-0.288621
-0.297262
-0.276695
-0.30499
-0.274947
-0.295985
-0.295204
-0.293576
-0.291675
-0.291957
-0.288855
-0.295903
-0.276959
-0.300859
-0.275281
-0.298201
-0.296791
-0.294618
-0.292229
-0.291686
-0.288813
-0.294221
-0.277307
-0.295486
-0.274559
-0.300555
-0.29845
-0.295702
-0.292762
-0.291408
-0.288455
-0.292303
-0.27735
-0.289516
-0.272259
-0.303088
-0.300213
-0.296861
-0.293312
-0.291184
-0.2878
-0.290119
-0.276894
-0.283208
-0.268395
-0.305847
-0.302115
-0.298141
-0.293917
-0.291018
-0.28696
-0.287576
-0.275865
-0.276492
-0.263386
-0.30889
-0.304197
-0.299591
-0.294601
-0.290871
-0.286055
-0.284654
-0.274124
-0.269412
-0.258014
-0.312271
-0.306509
-0.301263
-0.295366
-0.290717
-0.285125
-0.281424
-0.271443
-0.262586
-0.252765
-0.316034
-0.309119
-0.303194
-0.296196
-0.29059
-0.284109
-0.277971
-0.26777
-0.256458
-0.246248
-0.320255
-0.31208
-0.305392
-0.297102
-0.290543
-0.282886
-0.274326
-0.263368
-0.250308
-0.239509
-0.324996
-0.315455
-0.307818
-0.298163
-0.290574
-0.281348
-0.270487
-0.258373
-0.244157
-0.232726
-0.33032
-0.319296
-0.310422
-0.299512
-0.290594
-0.279438
-0.266409
-0.252987
-0.23789
-0.225852
-0.336294
-0.323617
-0.313206
-0.301222
-0.29048
-0.277126
-0.262071
-0.247301
-0.231486
-0.218954
-0.342992
-0.328368
-0.316284
-0.303218
-0.290131
-0.274409
-0.257454
-0.241378
-0.224944
-0.211964
-0.350485
-0.333453
-0.319858
-0.305299
-0.28947
-0.271292
-0.25255
-0.23524
-0.21825
-0.204882
-0.358815
-0.338767
-0.324113
-0.307247
-0.288428
-0.267776
-0.247352
-0.228891
-0.2114
-0.197668
-0.367957
-0.34425
-0.329092
-0.308909
-0.286934
-0.263858
-0.241848
-0.222319
-0.204376
-0.190301
-0.377795
-0.349915
-0.334615
-0.310189
-0.284925
-0.259517
-0.23602
-0.215508
-0.197159
-0.182756
-0.388105
-0.355837
-0.340296
-0.311008
-0.282349
-0.254724
-0.229847
-0.208434
-0.189726
-0.175011
-0.398555
-0.362116
-0.345647
-0.311278
-0.27916
-0.249444
-0.223299
-0.201075
-0.182055
-0.167044
-0.408825
-0.368812
-0.350209
-0.310884
-0.27532
-0.243638
-0.216345
-0.193402
-0.174121
-0.158837
-0.418613
-0.375892
-0.35363
-0.309695
-0.270788
-0.237273
-0.208952
-0.185387
-0.165905
-0.150372
-0.427662
-0.383184
-0.355687
-0.307574
-0.265517
-0.230314
-0.201088
-0.177003
-0.157386
-0.141633
-0.435767
-0.390362
-0.356279
-0.304396
-0.259456
-0.222729
-0.192722
-0.168223
-0.148542
-0.132607
-0.44277
-0.396973
-0.355389
-0.300059
-0.252551
-0.214485
-0.183826
-0.159026
-0.139355
-0.123287
-0.448542
-0.402489
-0.353047
-0.294495
-0.24475
-0.205548
-0.174375
-0.149392
-0.129812
-0.113683
-0.452975
-0.406434
-0.349232
-0.287657
-0.236003
-0.195884
-0.164346
-0.139301
-0.119899
-0.103819
-0.455969
-0.408473
-0.343825
-0.279499
-0.226268
-0.185464
-0.15372
-0.128737
-0.109604
-0.0937139
-0.457415
-0.408327
-0.336733
-0.269977
-0.21551
-0.174265
-0.142481
-0.117686
-0.0989212
-0.0833444
-0.457184
-0.405795
-0.327894
-0.259052
-0.203702
-0.162267
-0.130617
-0.106136
-0.0878583
-0.0726499
-0.455118
-0.40074
-0.317263
-0.246701
-0.190823
-0.149454
-0.118113
-0.0940768
-0.0764584
-0.0615501
-0.451031
-0.393072
-0.30479
-0.232922
-0.176861
-0.135814
-0.104959
-0.0815112
-0.0647679
-0.050022
-0.444716
-0.382732
-0.290437
-0.217721
-0.161802
-0.121341
-0.0911608
-0.0684778
-0.0527622
-0.0381979
-0.435957
-0.369685
-0.274183
-0.201095
-0.145632
-0.106059
-0.0767582
-0.0550577
-0.0403286
-0.0261699
-0.424541
-0.353915
-0.25602
-0.183043
-0.128358
-0.0900296
-0.061815
-0.0412294
-0.0274758
-0.0139443
-0.410277
-0.33542
-0.235942
-0.163586
-0.110064
-0.0733121
-0.0462889
-0.0270024
-0.0142498
-0.00152775
-0.393004
-0.314219
-0.213938
-0.14281
-0.0909048
-0.0558077
-0.0302211
-0.0123901
-0.000698464
0.0110664
-0.372604
-0.29037
-0.190009
-0.120868
-0.0708183
-0.0375715
-0.0136517
0.00258298
0.0131352
0.0238114
-0.349011
-0.264
-0.164236
-0.0977327
-0.0498494
-0.0186632
0.00337555
0.0178843
0.0272098
0.0366707
-0.322213
-0.235277
-0.136808
-0.0733187
-0.0280565
0.000851017
0.0208129
0.0334742
0.0414856
0.0496001
-0.292258
-0.204234
-0.107863
-0.0477432
-0.00550684
0.020901
0.0386062
0.0493086
0.055926
0.062555
-0.259264
-0.170605
-0.0777941
-0.0211499
0.0177253
0.0414118
0.0566947
0.0653423
0.0704999
0.0754917
-0.223409
-0.134699
-0.0465499
0.00631122
0.0415533
0.0623033
0.0750138
0.0815338
0.0851749
0.0883398
-0.184791
-0.0969212
-0.0141824
0.0344939
0.0658771
0.0834906
0.093498
0.0978491
0.0998956
0.100926
-0.143378
-0.0579066
0.0191786
0.0632555
0.0905857
0.104884
0.112085
0.114255
0.11455
0.112913
-0.0996537
-0.0178138
0.0533536
0.0924533
0.11556
0.12639
0.130715
0.130691
0.128962
0.124013
-0.0539776
0.023166
0.0881385
0.121938
0.140673
0.147915
0.149319
0.147048
0.14297
0.134543
-0.00672901
0.0647958
0.123314
0.151553
0.165796
0.169359
0.167813
0.163185
0.156522
0.145821
0.04169
0.106812
0.15865
0.181135
0.190794
0.190624
0.1861
0.178992
0.169818
0.157629
0.0908604
0.148933
0.193913
0.210513
0.215531
0.211603
0.204084
0.194434
0.182909
0.169479
0.140351
0.190866
0.228865
0.239514
0.23987
0.232187
0.22167
0.209467
0.195739
0.181195
0.189725
0.232312
0.263268
0.267962
0.263673
0.252267
0.238771
0.224044
0.208235
0.192595
0.238542
0.272972
0.296887
0.295679
0.286801
0.271731
0.255299
0.238106
0.220331
0.203584
0.286364
0.312545
0.329489
0.322491
0.309117
0.290472
0.271172
0.251593
0.231959
0.214081
0.332764
0.350739
0.360847
0.348226
0.330488
0.308384
0.286307
0.264439
0.243056
0.224028
0.377319
0.387275
0.390742
0.372715
0.350783
0.325362
0.300625
0.276583
0.25356
0.233376
0.419622
0.421892
0.418968
0.395797
0.369877
0.341308
0.314049
0.287963
0.263415
0.24208
0.459297
0.454334
0.445324
0.417317
0.387649
0.356128
0.326506
0.29852
0.272564
0.250104
0.496044
0.484312
0.469623
0.43713
0.403989
0.369734
0.337929
0.308198
0.280958
0.257413
0.529567
0.511569
0.491688
0.455099
0.418791
0.382045
0.348253
0.316945
0.288548
0.263977
0.559576
0.535889
0.511359
0.471101
0.431961
0.392986
0.35742
0.324712
0.295291
0.26977
0.585806
0.557087
0.528494
0.485028
0.443413
0.402491
0.365378
0.331456
0.301147
0.274769
0.608029
0.575001
0.542967
0.496782
0.453073
0.410503
0.372082
0.337137
0.306081
0.278957
0.626046
0.589497
0.554674
0.506284
0.460878
0.416973
0.377493
0.341723
0.310064
0.282321
0.639701
0.600465
0.563529
0.513468
0.466778
0.42186
0.381579
0.345186
0.313072
0.28485
0.648871
0.607823
0.569469
0.518285
0.470732
0.425135
0.384316
0.347507
0.315088
0.286539
0.653476
0.611516
0.57245
0.520702
0.472715
0.426778
0.385689
0.34867
0.316099
0.287384
0.653476
0.611516
0.57245
0.520702
0.472715
0.426778
0.385689
0.34867
0.316099
0.287384
0.64887
0.607823
0.569469
0.518285
0.470732
0.425135
0.384316
0.347507
0.315088
0.286539
0.6397
0.600464
0.563529
0.513468
0.466777
0.42186
0.381578
0.345186
0.313072
0.28485
0.626045
0.589496
0.554673
0.506284
0.460878
0.416972
0.377492
0.341723
0.310063
0.282321
0.608027
0.575
0.542966
0.496781
0.453073
0.410503
0.372082
0.337137
0.30608
0.278957
0.585805
0.557086
0.528493
0.485027
0.443412
0.402491
0.365378
0.331455
0.301146
0.274768
0.559574
0.535888
0.511358
0.4711
0.43196
0.392985
0.357419
0.324712
0.29529
0.269769
0.529565
0.511567
0.491687
0.455098
0.41879
0.382044
0.348252
0.316944
0.288547
0.263977
0.496042
0.48431
0.469622
0.437128
0.403988
0.369733
0.337928
0.308197
0.280957
0.257413
0.459294
0.454332
0.445323
0.417316
0.387648
0.356127
0.326505
0.298519
0.272563
0.250103
0.41962
0.42189
0.418966
0.395795
0.369875
0.341307
0.314047
0.287962
0.263413
0.242079
0.377317
0.387273
0.39074
0.372713
0.350781
0.32536
0.300623
0.276582
0.253559
0.233374
0.332761
0.350736
0.360844
0.348224
0.330486
0.308382
0.286305
0.264438
0.243055
0.224027
0.286361
0.312542
0.329486
0.322489
0.309115
0.290471
0.27117
0.251591
0.231958
0.21408
0.238538
0.272969
0.296884
0.295677
0.286799
0.271729
0.255298
0.238105
0.22033
0.203582
0.189721
0.232309
0.263265
0.26796
0.263671
0.252265
0.238769
0.224042
0.208233
0.192593
0.140347
0.190862
0.228862
0.239512
0.239868
0.232185
0.221668
0.209466
0.195737
0.181193
0.090856
0.148929
0.19391
0.21051
0.215529
0.2116
0.204082
0.194432
0.182907
0.169477
0.0416853
0.106808
0.158647
0.181132
0.190791
0.190621
0.186097
0.17899
0.169816
0.157627
-0.00673391
0.0647916
0.12331
0.15155
0.165793
0.169357
0.167811
0.163183
0.15652
0.145819
-0.0539828
0.0231616
0.0881347
0.121935
0.14067
0.147912
0.149317
0.147046
0.142968
0.134541
-0.0996591
-0.0178184
0.0533496
0.0924497
0.115557
0.126388
0.130712
0.130689
0.12896
0.124011
-0.143383
-0.0579114
0.0191744
0.0632518
0.0905824
0.104881
0.112083
0.114252
0.114547
0.112911
-0.184797
-0.0969263
-0.0141868
0.03449
0.0658736
0.0834875
0.0934951
0.0978464
0.0998932
0.100923
-0.223415
-0.134704
-0.0465545
0.00630718
0.0415496
0.0623
0.0750108
0.0815311
0.0851723
0.0883375
-0.25927
-0.170611
-0.0777989
-0.0211541
0.0177215
0.0414083
0.0566916
0.0653395
0.0704972
0.0754893
-0.292264
-0.20424
-0.107868
-0.0477476
-0.00551078
0.0208975
0.0386029
0.0493057
0.0559233
0.0625525
-0.32222
-0.235283
-0.136813
-0.0733233
-0.0280606
0.000847319
0.0208096
0.0334711
0.0414828
0.0495976
-0.349018
-0.264006
-0.164241
-0.0977374
-0.0498536
-0.018667
0.00337206
0.0178811
0.0272069
0.0366681
-0.372611
-0.290376
-0.190014
-0.120873
-0.0708227
-0.0375755
-0.0136553
0.00257968
0.0131321
0.0238087
-0.393011
-0.314226
-0.213944
-0.142815
-0.0909093
-0.0558118
-0.0302248
-0.0123935
-0.000701579
0.0110636
-0.410285
-0.335427
-0.235948
-0.163591
-0.110069
-0.0733164
-0.0462928
-0.0270059
-0.014253
-0.00153062
-0.424549
-0.353922
-0.256026
-0.183048
-0.128362
-0.090034
-0.061819
-0.041233
-0.0274791
-0.0139473
-0.435964
-0.369692
-0.274189
-0.201101
-0.145637
-0.106063
-0.0767624
-0.0550615
-0.040332
-0.026173
-0.444724
-0.382739
-0.290443
-0.217727
-0.161807
-0.121346
-0.091165
-0.0684817
-0.0527657
-0.038201
-0.451039
-0.393079
-0.304796
-0.232928
-0.176866
-0.135819
-0.104963
-0.0815151
-0.0647716
-0.0500252
-0.455126
-0.400747
-0.31727
-0.246707
-0.190828
-0.149459
-0.118118
-0.0940809
-0.0764622
-0.0615534
-0.457192
-0.405803
-0.327901
-0.259058
-0.203707
-0.162272
-0.130622
-0.10614
-0.0878622
-0.0726533
-0.457423
-0.408335
-0.33674
-0.269983
-0.215516
-0.17427
-0.142486
-0.11769
-0.0989251
-0.0833479
-0.455977
-0.408481
-0.343832
-0.279505
-0.226274
-0.18547
-0.153725
-0.128741
-0.109609
-0.0937175
-0.452984
-0.406442
-0.349239
-0.287663
-0.236009
-0.195889
-0.164351
-0.139305
-0.119903
-0.103823
-0.448551
-0.402497
-0.353054
-0.294502
-0.244756
-0.205553
-0.17438
-0.149397
-0.129816
-0.113687
-0.442778
-0.396981
-0.355396
-0.300066
-0.252557
-0.214491
-0.183832
-0.159031
-0.13936
-0.123291
-0.435775
-0.39037
-0.356286
-0.304402
-0.259462
-0.222735
-0.192728
-0.168228
-0.148546
-0.132611
-0.42767
-0.383192
-0.355695
-0.307581
-0.265523
-0.23032
-0.201094
-0.177008
-0.157391
-0.141637
-0.418621
-0.3759
-0.353637
-0.309702
-0.270795
-0.237279
-0.208958
-0.185393
-0.165911
-0.150376
-0.408833
-0.36882
-0.350217
-0.310891
-0.275327
-0.243645
-0.216351
-0.193408
-0.174127
-0.158841
-0.398563
-0.362124
-0.345655
-0.311285
-0.279167
-0.249451
-0.223305
-0.201081
-0.18206
-0.167049
-0.388113
-0.355845
-0.340303
-0.311016
-0.282356
-0.254731
-0.229854
-0.208441
-0.189732
-0.175016
-0.377803
-0.349922
-0.334622
-0.310196
-0.284932
-0.259524
-0.236027
-0.215514
-0.197165
-0.182762
-0.367965
-0.344258
-0.329099
-0.308917
-0.286941
-0.263865
-0.241855
-0.222326
-0.204382
-0.190307
-0.358823
-0.338774
-0.324121
-0.307254
-0.288435
-0.267784
-0.24736
-0.228898
-0.211407
-0.197674
-0.350493
-0.33346
-0.319865
-0.305306
-0.289478
-0.2713
-0.252559
-0.235248
-0.218257
-0.204889
-0.342999
-0.328375
-0.316291
-0.303226
-0.290139
-0.274418
-0.257462
-0.241386
-0.224952
-0.211971
-0.336301
-0.323624
-0.313213
-0.301229
-0.290488
-0.277135
-0.26208
-0.24731
-0.231494
-0.218961
-0.330327
-0.319304
-0.310429
-0.299519
-0.290602
-0.279447
-0.266419
-0.252997
-0.2379
-0.225861
-0.325003
-0.315462
-0.307825
-0.29817
-0.290582
-0.281358
-0.270498
-0.258384
-0.244167
-0.232735
-0.320262
-0.312087
-0.305399
-0.297109
-0.290551
-0.282895
-0.274337
-0.263379
-0.25032
-0.23952
-0.316042
-0.309126
-0.303201
-0.296204
-0.290598
-0.284119
-0.277983
-0.267782
-0.256471
-0.246259
-0.312279
-0.306516
-0.30127
-0.295373
-0.290726
-0.285136
-0.281437
-0.271457
-0.2626
-0.252778
-0.308897
-0.304205
-0.299598
-0.294609
-0.29088
-0.286066
-0.284666
-0.274139
-0.269428
-0.258028
-0.305855
-0.302122
-0.298148
-0.293924
-0.291027
-0.286971
-0.28759
-0.275881
-0.276509
-0.263402
-0.303095
-0.30022
-0.296869
-0.29332
-0.291193
-0.287811
-0.290133
-0.276911
-0.283227
-0.268413
-0.300563
-0.298457
-0.295709
-0.29277
-0.291417
-0.288466
-0.292317
-0.277368
-0.289536
-0.272279
-0.298209
-0.296798
-0.294625
-0.292237
-0.291696
-0.288825
-0.294236
-0.277326
-0.295507
-0.274581
-0.295992
-0.295211
-0.293583
-0.291683
-0.291966
-0.288868
-0.295918
-0.276979
-0.300881
-0.275305
-0.29388
-0.293677
-0.292553
-0.291075
-0.292155
-0.288634
-0.297277
-0.276715
-0.305013
-0.274973
-0.291847
-0.292186
-0.291498
-0.290408
-0.29221
-0.288315
-0.298186
-0.2769
-0.307407
-0.274682
-0.289879
-0.290733
-0.290407
-0.289703
-0.292084
-0.28793
-0.298585
-0.277613
-0.308082
-0.275231
-0.287975
-0.289318
-0.289288
-0.288979
-0.291722
-0.287535
-0.298536
-0.27869
-0.307431
-0.276592
-0.286141
-0.287946
-0.288151
-0.288222
-0.291103
-0.287256
-0.298043
-0.279811
-0.306003
-0.278207
-0.28439
-0.286629
-0.287015
-0.287439
-0.290329
-0.287049
-0.297093
-0.280906
-0.304201
-0.279601
-0.28274
-0.285382
-0.285907
-0.286645
-0.289459
-0.286828
-0.295818
-0.282078
-0.302069
-0.280619
-0.281214
-0.284224
-0.284852
-0.285862
-0.288549
-0.286578
-0.294436
-0.2831
-0.299684
-0.281636
-0.27984
-0.283178
-0.283879
-0.285116
-0.287656
-0.286301
-0.293063
-0.283897
-0.297484
-0.282443
-0.278643
-0.282263
-0.283018
-0.284434
-0.286833
-0.286012
-0.291796
-0.284481
-0.295559
-0.283051
-0.277649
-0.281502
-0.282293
-0.283847
-0.286123
-0.285733
-0.290708
-0.284883
-0.293968
-0.283518
-0.276882
-0.280912
-0.281728
-0.28338
-0.285561
-0.285492
-0.289853
-0.285138
-0.292749
-0.283862
-0.276359
-0.28051
-0.28134
-0.283056
-0.285172
-0.285314
-0.289267
-0.285282
-0.291927
-0.284088
-0.276094
-0.280306
-0.281142
-0.282889
-0.284973
-0.285219
-0.288969
-0.285346
-0.291513
-0.284199
-0.291528
-0.281911
-0.282831
-0.274794
-0.270489
-0.261665
-0.253623
-0.242763
-0.231337
-0.217809
-0.20304
-0.18681
-0.169058
-0.15091
-0.131574
-0.113198
-0.0948978
-0.0783542
-0.0637752
-0.0505023
-0.0406953
-0.0310715
-0.0249868
-0.0186305
-0.0144991
-0.0105549
-0.0074003
-0.00448877
-0.0026405
-1.4817e-05
-0.291767
-0.282047
-0.282932
-0.274917
-0.270595
-0.261789
-0.253745
-0.242892
-0.231464
-0.217935
-0.203158
-0.18692
-0.169156
-0.151003
-0.131666
-0.113294
-0.0949986
-0.0784508
-0.0638611
-0.0505635
-0.0407337
-0.0310893
-0.0249959
-0.0186425
-0.0145177
-0.010579
-0.00741994
-0.00449816
-0.0026422
-1.63855e-05
-0.292217
-0.282301
-0.283126
-0.27515
-0.270802
-0.262019
-0.253973
-0.243133
-0.231706
-0.21818
-0.203395
-0.187151
-0.169372
-0.15121
-0.131862
-0.113486
-0.0951813
-0.0786174
-0.0640083
-0.050674
-0.040815
-0.0311417
-0.0250333
-0.0186775
-0.0145532
-0.0106173
-0.00744956
-0.00451526
-0.00264959
-2.16677e-05
-0.292831
-0.282644
-0.283397
-0.275478
-0.271084
-0.262347
-0.254293
-0.243477
-0.232051
-0.218535
-0.203742
-0.187494
-0.169697
-0.151525
-0.132157
-0.113766
-0.0954488
-0.0788527
-0.0642164
-0.0508342
-0.0409398
-0.0312301
-0.0251004
-0.0187372
-0.0146065
-0.0106701
-0.00748935
-0.0045403
-0.00266277
-3.08267e-05
-0.29354
-0.283019
-0.283728
-0.275865
-0.271444
-0.262746
-0.254695
-0.243906
-0.232486
-0.218983
-0.204186
-0.187938
-0.170122
-0.15194
-0.132545
-0.114132
-0.0957933
-0.0791552
-0.0644852
-0.0510455
-0.0411096
-0.0313571
-0.025199
-0.0188231
-0.0146788
-0.0107381
-0.00753969
-0.00457365
-0.00268183
-4.40521e-05
-0.294261
-0.283409
-0.284075
-0.276302
-0.271838
-0.26321
-0.255146
-0.244405
-0.232991
-0.219512
-0.204714
-0.188469
-0.170629
-0.152436
-0.133023
-0.114579
-0.0962134
-0.0795236
-0.0648149
-0.0513097
-0.0413262
-0.0315253
-0.025331
-0.0189371
-0.0147713
-0.0108218
-0.00760114
-0.00461578
-0.00270688
-6.15316e-05
-0.294964
-0.283681
-0.28444
-0.276715
-0.272265
-0.26368
-0.255654
-0.244938
-0.233552
-0.220093
-0.205299
-0.189065
-0.171219
-0.153011
-0.133575
-0.115099
-0.0967054
-0.0799572
-0.065206
-0.0516292
-0.0415918
-0.0317378
-0.0254988
-0.0190812
-0.0148854
-0.010922
-0.00767436
-0.0046672
-0.00273801
-8.34233e-05
-0.295387
-0.283993
-0.284683
-0.277153
-0.272636
-0.264187
-0.256135
-0.245514
-0.234129
-0.220723
-0.205934
-0.189717
-0.171862
-0.153649
-0.134196
-0.115687
-0.0972666
-0.0804553
-0.0656593
-0.0520067
-0.0419086
-0.0319975
-0.0257041
-0.0192573
-0.0150225
-0.0110396
-0.00776006
-0.00472845
-0.00277529
-0.000109828
-0.295441
-0.284261
-0.284766
-0.277554
-0.272943
-0.264663
-0.256612
-0.246079
-0.234717
-0.221365
-0.206592
-0.190404
-0.172552
-0.154338
-0.134878
-0.116335
-0.0978943
-0.0810177
-0.0661757
-0.0524446
-0.0422789
-0.0323069
-0.0259489
-0.019467
-0.0151839
-0.0111752
-0.00785892
-0.00479997
-0.00281877
-0.000140767
-0.295107
-0.28438
-0.284709
-0.277839
-0.273182
-0.265073
-0.257036
-0.246615
-0.235283
-0.222004
-0.207256
-0.191109
-0.173272
-0.155067
-0.135612
-0.11704
-0.0985858
-0.0816442
-0.066756
-0.0529451
-0.0427043
-0.0326682
-0.0262345
-0.0197113
-0.0153704
-0.0113294
-0.00797154
-0.00488212
-0.00286845
-0.000176166
-0.294094
-0.284353
-0.284427
-0.277981
-0.273275
-0.265389
-0.257387
-0.247093
-0.235805
-0.222614
-0.207906
-0.191817
-0.174009
-0.155826
-0.13639
-0.117797
-0.0993385
-0.082334
-0.0674003
-0.0535094
-0.0431859
-0.0330826
-0.0265617
-0.019991
-0.0155826
-0.0115024
-0.00809833
-0.00497513
-0.00292428
-0.000215852
-0.292217
-0.284073
-0.283876
-0.277919
-0.273236
-0.265547
-0.257621
-0.247477
-0.236257
-0.223174
-0.208524
-0.192509
-0.174752
-0.156605
-0.137207
-0.1186
-0.100149
-0.0830863
-0.0681079
-0.0541379
-0.0437239
-0.0335503
-0.0269306
-0.0203061
-0.0158208
-0.0116945
-0.00823951
-0.00507903
-0.00298616
-0.000259554
-0.289498
-0.283393
-0.283025
-0.277562
-0.272934
-0.26555
-0.257725
-0.247744
-0.236617
-0.22366
-0.209091
-0.193172
-0.175488
-0.157393
-0.138055
-0.119446
-0.101015
-0.0838991
-0.0688773
-0.0548297
-0.0443173
-0.0340704
-0.0273405
-0.0206558
-0.0160846
-0.0119052
-0.00839504
-0.00519369
-0.00305392
-0.00030692
-0.286334
-0.282116
-0.281776
-0.276897
-0.272441
-0.265253
-0.257609
-0.247853
-0.236854
-0.224054
-0.209591
-0.193791
-0.176207
-0.158184
-0.138927
-0.12033
-0.101931
-0.0847698
-0.0697057
-0.0555827
-0.0449639
-0.0346412
-0.0277901
-0.021039
-0.0163732
-0.0121342
-0.00856463
-0.0053188
-0.00312733
-0.000357533
-0.282961
-0.280177
-0.280073
-0.275838
-0.271616
-0.264849
-0.257338
-0.247804
-0.236954
-0.224337
-0.210011
-0.194356
-0.176899
-0.158971
-0.139819
-0.121247
-0.102894
-0.0856946
-0.0705894
-0.0563931
-0.0456609
-0.0352596
-0.028277
-0.0214538
-0.0166855
-0.0123806
-0.00874773
-0.00545387
-0.00320608
-0.000410934
-0.279297
-0.277651
-0.277844
-0.274315
-0.27038
-0.26385
-0.256709
-0.247519
-0.236885
-0.224495
-0.210341
-0.19486
-0.17756
-0.159748
-0.140725
-0.122193
-0.103897
-0.0866687
-0.0715233
-0.0572563
-0.0464042
-0.0359219
-0.0287987
-0.0218977
-0.0170199
-0.0126432
-0.00894355
-0.00559825
-0.00328979
-0.000466638
-0.275476
-0.274498
-0.275104
-0.272393
-0.268938
-0.26307
-0.256002
-0.247088
-0.23667
-0.224524
-0.210574
-0.195295
-0.178182
-0.160512
-0.14164
-0.123166
-0.104938
-0.0876885
-0.0725034
-0.0581675
-0.0471896
-0.0366235
-0.0293517
-0.0223678
-0.0173744
-0.0129206
-0.00915096
-0.00575109
-0.00337804
-0.000524185
-0.271439
-0.270808
-0.271781
-0.269856
-0.266842
-0.261351
-0.254708
-0.246314
-0.236245
-0.224417
-0.21072
-0.195677
-0.178781
-0.16127
-0.142565
-0.124161
-0.106008
-0.0887434
-0.0735179
-0.0591156
-0.0480076
-0.0373565
-0.0299307
-0.02286
-0.0177464
-0.0132114
-0.00936905
-0.00591178
-0.00347059
-0.000583217
-0.267234
-0.266843
-0.268317
-0.267302
-0.264898
-0.260049
-0.253806
-0.245553
-0.235723
-0.22418
-0.210743
-0.195948
-0.179293
-0.161969
-0.143459
-0.125148
-0.107088
-0.0898229
-0.0745661
-0.0601025
-0.0488647
-0.0381263
-0.0305412
-0.0233785
-0.018139
-0.0135173
-0.00959873
-0.00608054
-0.00356724
-0.000643273
-0.263278
-0.262083
-0.263604
-0.263428
-0.261709
-0.257541
-0.251618
-0.244239
-0.234958
-0.223881
-0.210823
-0.196358
-0.179995
-0.162878
-0.144564
-0.126336
-0.108347
-0.0910578
-0.0757329
-0.0611845
-0.0497854
-0.0389438
-0.0311806
-0.0239164
-0.0185432
-0.0138301
-0.00983253
-0.00625175
-0.0036649
-0.000702843
-0.258113
-0.258361
-0.260099
-0.26055
-0.259323
-0.255758
-0.250616
-0.242962
-0.233825
-0.222958
-0.210113
-0.195852
-0.179712
-0.162784
-0.144678
-0.126604
-0.108764
-0.0915712
-0.0763007
-0.061788
-0.0503489
-0.0394904
-0.0316381
-0.0243225
-0.0188635
-0.0140866
-0.01003
-0.00640083
-0.00375237
-0.000756895
-0.25247
-0.253516
-0.255454
-0.256422
-0.255557
-0.252287
-0.247048
-0.240287
-0.231603
-0.221099
-0.208593
-0.194642
-0.178828
-0.16218
-0.144377
-0.126538
-0.108925
-0.0918981
-0.0767323
-0.0623022
-0.0508495
-0.0399983
-0.0320679
-0.0247088
-0.019169
-0.0143303
-0.0102173
-0.00654259
-0.00383374
-0.000807768
-0.246557
-0.248221
-0.250413
-0.251944
-0.251554
-0.248783
-0.244203
-0.237642
-0.229264
-0.2191
-0.206929
-0.193295
-0.177821
-0.161467
-0.143986
-0.126401
-0.109033
-0.0921889
-0.0771407
-0.0628082
-0.0513485
-0.0405135
-0.0325063
-0.0251059
-0.0194842
-0.0145821
-0.0104113
-0.00668993
-0.00391766
-0.000860247
-0.240397
-0.242705
-0.245178
-0.247248
-0.247352
-0.245089
-0.240895
-0.234775
-0.226773
-0.216976
-0.205169
-0.191874
-0.176762
-0.160723
-0.143579
-0.126263
-0.109149
-0.0924972
-0.0775706
-0.06334
-0.0518729
-0.0410547
-0.0329674
-0.0255239
-0.0198165
-0.0148479
-0.0106163
-0.00684543
-0.00400608
-0.000914721
-0.23394
-0.236998
-0.239768
-0.242334
-0.242933
-0.241157
-0.23739
-0.231713
-0.224116
-0.214711
-0.203294
-0.190363
-0.175637
-0.159933
-0.143145
-0.126113
-0.109265
-0.0928172
-0.0780181
-0.0638953
-0.0524215
-0.0416215
-0.0334514
-0.025963
-0.0201663
-0.0151282
-0.0108326
-0.00700936
-0.00409916
-0.000971128
-0.227231
-0.231122
-0.234209
-0.237229
-0.23832
-0.237034
-0.233718
-0.228489
-0.221311
-0.212316
-0.20131
-0.188762
-0.174442
-0.159093
-0.142676
-0.125945
-0.109375
-0.0931419
-0.0784769
-0.0644683
-0.05299
-0.0422101
-0.0339558
-0.0264212
-0.0205324
-0.0154219
-0.0110596
-0.00718123
-0.0041966
-0.00102922
-0.220344
-0.225109
-0.228536
-0.231974
-0.233555
-0.232762
-0.2299
-0.225125
-0.21838
-0.209808
-0.19923
-0.187083
-0.173185
-0.158207
-0.142175
-0.125759
-0.109477
-0.0934686
-0.0789441
-0.0650559
-0.0535755
-0.0428178
-0.0344786
-0.0268969
-0.0209136
-0.0157284
-0.0112965
-0.00736056
-0.00429814
-0.00108873
-0.213331
-0.218985
-0.222778
-0.226604
-0.228668
-0.228368
-0.225962
-0.221641
-0.215342
-0.207204
-0.197068
-0.185335
-0.171872
-0.157279
-0.141643
-0.125555
-0.109568
-0.0937955
-0.0794172
-0.0656552
-0.0541756
-0.0434421
-0.0350181
-0.0273884
-0.0213089
-0.0160467
-0.0115428
-0.0075469
-0.00440354
-0.00114944
-0.206242
-0.212773
-0.216959
-0.221147
-0.223681
-0.223874
-0.221926
-0.218063
-0.212215
-0.204519
-0.194835
-0.183527
-0.170509
-0.156314
-0.141083
-0.125332
-0.109649
-0.0941201
-0.0798936
-0.0662631
-0.0547877
-0.0440804
-0.0355723
-0.027894
-0.0217169
-0.016376
-0.0117978
-0.0077397
-0.00451254
-0.00121106
-0.199126
-0.206497
-0.2111
-0.215627
-0.218615
-0.219297
-0.217811
-0.214405
-0.209014
-0.201765
-0.192542
-0.181668
-0.169103
-0.155314
-0.140494
-0.125092
-0.109717
-0.0944402
-0.0803704
-0.0668764
-0.055409
-0.0447297
-0.036139
-0.0284118
-0.0221364
-0.0167153
-0.0120606
-0.00793835
-0.0046248
-0.00127332
-0.192027
-0.200181
-0.205219
-0.210068
-0.213488
-0.214655
-0.213632
-0.210682
-0.205751
-0.198955
-0.190198
-0.179765
-0.167658
-0.154284
-0.139879
-0.124834
-0.109772
-0.0947533
-0.0808451
-0.0674919
-0.0560367
-0.0453871
-0.036716
-0.0289396
-0.0225657
-0.0170634
-0.0123303
-0.00814214
-0.00473997
-0.00133593
-0.184992
-0.193854
-0.199338
-0.204493
-0.208322
-0.209964
-0.209404
-0.206908
-0.202439
-0.196099
-0.187811
-0.177825
-0.166179
-0.153227
-0.13924
-0.124557
-0.109811
-0.0950575
-0.0813151
-0.0681065
-0.0566678
-0.0460496
-0.0373009
-0.0294753
-0.0230035
-0.017419
-0.0126059
-0.00835032
-0.00485765
-0.00139861
-0.178062
-0.187544
-0.193479
-0.198929
-0.203137
-0.20524
-0.205142
-0.203097
-0.199089
-0.193206
-0.18539
-0.175855
-0.164671
-0.152146
-0.138578
-0.124264
-0.109835
-0.0953508
-0.0817781
-0.0687174
-0.0572998
-0.0467143
-0.0378915
-0.0300167
-0.0234479
-0.0177807
-0.0128864
-0.00856209
-0.00497742
-0.00146105
-0.17128
-0.181281
-0.187663
-0.193397
-0.197955
-0.200501
-0.200861
-0.199263
-0.195714
-0.190288
-0.182943
-0.173861
-0.163139
-0.151045
-0.137894
-0.123952
-0.109843
-0.0956316
-0.0822319
-0.0693216
-0.0579299
-0.0473784
-0.0384853
-0.0305617
-0.0238972
-0.0181472
-0.0131707
-0.00877658
-0.00509882
-0.00152298
-0.16468
-0.175098
-0.181913
-0.187923
-0.1928
-0.195766
-0.196577
-0.195422
-0.192326
-0.187355
-0.180479
-0.171851
-0.161589
-0.149927
-0.137192
-0.123625
-0.109834
-0.0958982
-0.0826744
-0.0699165
-0.0585554
-0.048039
-0.0390797
-0.0311077
-0.0243495
-0.0185169
-0.0134575
-0.00899286
-0.00522137
-0.00158407
-0.158296
-0.169027
-0.176252
-0.182531
-0.187698
-0.191057
-0.192309
-0.191589
-0.18894
-0.184419
-0.178008
-0.169833
-0.160027
-0.148796
-0.136474
-0.123282
-0.109809
-0.0961494
-0.0831038
-0.0704992
-0.0591735
-0.0486929
-0.0396722
-0.0316524
-0.0248028
-0.0188881
-0.0137456
-0.00920993
-0.00534455
-0.00164406
-0.152157
-0.163101
-0.170707
-0.177243
-0.182674
-0.186397
-0.188075
-0.187783
-0.185571
-0.181493
-0.17554
-0.167815
-0.158459
-0.147658
-0.135744
-0.122925
-0.109767
-0.096384
-0.0835182
-0.0710672
-0.0597814
-0.0493372
-0.0402599
-0.032193
-0.025255
-0.019259
-0.0140336
-0.0094267
-0.00546777
-0.00170263
-0.146287
-0.157356
-0.165304
-0.172085
-0.177757
-0.181814
-0.183898
-0.184022
-0.182237
-0.178594
-0.17309
-0.165809
-0.156895
-0.146518
-0.135004
-0.122556
-0.10971
-0.0966009
-0.0839157
-0.0716177
-0.060376
-0.0499685
-0.0408398
-0.0327269
-0.0257036
-0.0196276
-0.0143198
-0.00964198
-0.0055904
-0.0017595
-0.140713
-0.151824
-0.160073
-0.167083
-0.172976
-0.177336
-0.179802
-0.180329
-0.178958
-0.175738
-0.17067
-0.163824
-0.155343
-0.145383
-0.134262
-0.122178
-0.109637
-0.0967994
-0.0842946
-0.0721478
-0.0609543
-0.0505834
-0.0414086
-0.0332508
-0.026146
-0.0199915
-0.0146028
-0.00985444
-0.00571172
-0.00181437
-0.135456
-0.14654
-0.155044
-0.162267
-0.168362
-0.172995
-0.175814
-0.176727
-0.175756
-0.172943
-0.168298
-0.161876
-0.153814
-0.144261
-0.133521
-0.121793
-0.109552
-0.0969791
-0.0846532
-0.0726548
-0.0615128
-0.0511782
-0.0419626
-0.0337614
-0.0265792
-0.0203485
-0.0148804
-0.0100626
-0.00583093
-0.00186696
-0.130539
-0.141538
-0.150249
-0.157667
-0.163947
-0.168822
-0.171965
-0.173244
-0.172654
-0.170233
-0.165992
-0.159979
-0.15232
-0.143162
-0.132789
-0.121406
-0.109455
-0.0971395
-0.0849897
-0.0731357
-0.062048
-0.0517489
-0.0424979
-0.034255
-0.0269999
-0.0206955
-0.0151506
-0.0102649
-0.00594712
-0.00191695
-0.125982
-0.13685
-0.145723
-0.153315
-0.159763
-0.164854
-0.168287
-0.169907
-0.16968
-0.16763
-0.163773
-0.158149
-0.150876
-0.142095
-0.132073
-0.121021
-0.109348
-0.0972807
-0.0853023
-0.0735875
-0.0625558
-0.0522911
-0.0430099
-0.0347274
-0.0274045
-0.0210296
-0.015411
-0.0104595
-0.00605923
-0.00196403
-0.121806
-0.13251
-0.1415
-0.149246
-0.155846
-0.161127
-0.164819
-0.166751
-0.166861
-0.165161
-0.161664
-0.156407
-0.149498
-0.141073
-0.131383
-0.120644
-0.109235
-0.0974029
-0.0855891
-0.0740071
-0.0630322
-0.0528001
-0.0434939
-0.0351741
-0.0277887
-0.0213473
-0.0156588
-0.0106444
-0.0061661
-0.00200786
-0.118031
-0.12855
-0.137618
-0.145496
-0.152233
-0.15768
-0.161598
-0.163811
-0.164231
-0.162855
-0.15969
-0.154774
-0.148202
-0.140109
-0.130728
-0.120281
-0.109119
-0.0975068
-0.0858486
-0.074391
-0.0634724
-0.0532709
-0.0439444
-0.0355901
-0.0281479
-0.0216446
-0.015891
-0.0108173
-0.00626638
-0.00204807
-0.114681
-0.125006
-0.134118
-0.142107
-0.148965
-0.154556
-0.158668
-0.161128
-0.161827
-0.160744
-0.157881
-0.153275
-0.147009
-0.139219
-0.13012
-0.11994
-0.109004
-0.0975931
-0.0860788
-0.0747357
-0.0638712
-0.0536978
-0.0443555
-0.0359697
-0.0284771
-0.0219173
-0.0161043
-0.0109758
-0.00635857
-0.00208426
-0.11178
-0.121916
-0.131043
-0.139123
-0.146086
-0.151801
-0.156075
-0.158745
-0.159688
-0.158865
-0.156269
-0.151935
-0.145941
-0.13842
-0.129572
-0.119629
-0.108895
-0.0976628
-0.0862778
-0.0750373
-0.064223
-0.0540747
-0.0447204
-0.0363068
-0.0287704
-0.0221605
-0.0162947
-0.0111169
-0.00644096
-0.00211597
-0.10936
-0.119323
-0.128445
-0.136596
-0.143648
-0.149465
-0.153872
-0.156713
-0.15786
-0.157258
-0.154888
-0.150787
-0.145024
-0.137732
-0.129098
-0.119358
-0.108796
-0.0977171
-0.0864437
-0.0752911
-0.0645214
-0.0543947
-0.0450318
-0.0365944
-0.0290214
-0.0223688
-0.0164579
-0.0112378
-0.00651164
-0.00214269
-0.107452
-0.117272
-0.126378
-0.134581
-0.141705
-0.147603
-0.152111
-0.155086
-0.156393
-0.155968
-0.153779
-0.149864
-0.144285
-0.137177
-0.128714
-0.119136
-0.108712
-0.097757
-0.0865738
-0.0754922
-0.0647591
-0.0546498
-0.0452812
-0.0368246
-0.0292229
-0.0225361
-0.0165892
-0.0113347
-0.00656849
-0.00216382
-0.10612
-0.115831
-0.124919
-0.133153
-0.140329
-0.146285
-0.150863
-0.153928
-0.155348
-0.155048
-0.152988
-0.149204
-0.143756
-0.136779
-0.128438
-0.118976
-0.108651
-0.0977837
-0.0866652
-0.0756343
-0.0649279
-0.0548311
-0.0454589
-0.0369885
-0.0293669
-0.0226556
-0.0166831
-0.0114039
-0.00660911
-0.00217865
-0.105391
-0.115055
-0.124133
-0.132385
-0.139589
-0.145577
-0.150193
-0.153307
-0.154786
-0.154554
-0.152563
-0.14885
-0.143472
-0.136565
-0.128289
-0.118889
-0.108618
-0.0977973
-0.0867137
-0.0757101
-0.0650184
-0.0549279
-0.0455543
-0.0370761
-0.0294441
-0.0227196
-0.0167336
-0.0114409
-0.00663086
-0.00218626
-0.0958126
-0.10527
-0.114546
-0.123623
-0.13249
-0.141148
-0.149605
-0.157867
-0.165944
-0.173843
-0.181574
-0.189145
-0.196566
-0.203838
-0.210953
-0.217944
-0.224644
-0.231474
-0.23747
-0.245383
-0.0926279
-0.101772
-0.110736
-0.119517
-0.128113
-0.136525
-0.144759
-0.152819
-0.160711
-0.168441
-0.176014
-0.183437
-0.190707
-0.197845
-0.204792
-0.211708
-0.218212
-0.22524
-0.231135
-0.23938
-0.0895387
-0.0983235
-0.106937
-0.115383
-0.123662
-0.131773
-0.13972
-0.147506
-0.155134
-0.16261
-0.169934
-0.177118
-0.184147
-0.191079
-0.1978
-0.204608
-0.210959
-0.218001
-0.223955
-0.231912
-0.0865195
-0.0949708
-0.103272
-0.111426
-0.119432
-0.127288
-0.134998
-0.142564
-0.149987
-0.157275
-0.164422
-0.171454
-0.178335
-0.185165
-0.191772
-0.198534
-0.20482
-0.211727
-0.217745
-0.225141
-0.0835986
-0.0917312
-0.0997329
-0.107605
-0.115346
-0.122956
-0.130438
-0.137794
-0.145025
-0.152142
-0.159132
-0.166033
-0.172787
-0.179525
-0.186026
-0.192687
-0.198885
-0.205548
-0.21155
-0.218463
-0.080783
-0.0886015
-0.0963033
-0.10389
-0.111361
-0.118717
-0.125959
-0.133091
-0.140111
-0.147032
-0.153835
-0.160568
-0.167153
-0.173733
-0.180079
-0.186552
-0.192643
-0.199043
-0.205038
-0.211634
-0.0780684
-0.0855771
-0.0929814
-0.100284
-0.107484
-0.114582
-0.121578
-0.128477
-0.135272
-0.141981
-0.148578
-0.155113
-0.161506
-0.167892
-0.174075
-0.180342
-0.186338
-0.192508
-0.198475
-0.204822
-0.0754541
-0.0826593
-0.0897714
-0.0967938
-0.103725
-0.110566
-0.117315
-0.123978
-0.130545
-0.137036
-0.143422
-0.149751
-0.155955
-0.162142
-0.16817
-0.174232
-0.180116
-0.186064
-0.191929
-0.198039
-0.0729413
-0.0798501
-0.0866762
-0.0934228
-0.100089
-0.106674
-0.113177
-0.119602
-0.12594
-0.132209
-0.138384
-0.144503
-0.150516
-0.156497
-0.162358
-0.168206
-0.173939
-0.179664
-0.185377
-0.191265
-0.0705303
-0.0771507
-0.0836972
-0.0901732
-0.0965771
-0.102909
-0.109167
-0.115354
-0.121463
-0.127506
-0.133466
-0.139369
-0.145183
-0.15095
-0.156625
-0.162257
-0.167814
-0.173327
-0.178867
-0.184535
-0.0682214
-0.0745616
-0.0808359
-0.0870472
-0.093194
-0.0992762
-0.105291
-0.11124
-0.11712
-0.122936
-0.128679
-0.134363
-0.13997
-0.145521
-0.151
-0.15642
-0.161789
-0.167094
-0.172446
-0.17789
-0.0660138
-0.0720828
-0.078093
-0.0840465
-0.0899419
-0.0957786
-0.101554
-0.107269
-0.11292
-0.11851
-0.124034
-0.129499
-0.134897
-0.140234
-0.145511
-0.150721
-0.155892
-0.160988
-0.166138
-0.171359
-0.0639086
-0.0697158
-0.0754702
-0.0811733
-0.0868237
-0.0924205
-0.097961
-0.103445
-0.10887
-0.114237
-0.119544
-0.12479
-0.129977
-0.135102
-0.140172
-0.145173
-0.150139
-0.155028
-0.15997
-0.164971
-0.0619039
-0.0674599
-0.0729677
-0.0784286
-0.0838414
-0.0892048
-0.0945163
-0.0997746
-0.104978
-0.110125
-0.115216
-0.120248
-0.125224
-0.130138
-0.135001
-0.139794
-0.144554
-0.149237
-0.153968
-0.15875
-0.0599984
-0.0653149
-0.0705858
-0.0758132
-0.0809968
-0.0861343
-0.0912234
-0.0962621
-0.101249
-0.106182
-0.111061
-0.115882
-0.12065
-0.125356
-0.130013
-0.134602
-0.139155
-0.143635
-0.148153
-0.152717
-0.0581967
-0.0632827
-0.0683263
-0.0733296
-0.0782923
-0.083212
-0.0880861
-0.0929122
-0.0976886
-0.102413
-0.107086
-0.111702
-0.116266
-0.12077
-0.125224
-0.129612
-0.133962
-0.138242
-0.142549
-0.146897
-0.0564987
-0.0613639
-0.0661902
-0.0709791
-0.07573
-0.0804405
-0.0851078
-0.0897292
-0.0943028
-0.0988261
-0.103299
-0.107717
-0.112083
-0.11639
-0.120647
-0.124839
-0.128991
-0.133075
-0.137177
-0.141312
-0.054901
-0.0595562
-0.0641762
-0.0687613
-0.0733105
-0.0778214
-0.0822911
-0.0867166
-0.0910958
-0.0954261
-0.0997067
-0.103934
-0.108109
-0.112227
-0.116294
-0.120298
-0.124259
-0.128154
-0.132057
-0.135984
-0.0534058
-0.0578625
-0.062287
-0.0666788
-0.0710366
-0.0753578
-0.0796395
-0.0838785
-0.0880726
-0.092219
-0.0963164
-0.100362
-0.104355
-0.108292
-0.112177
-0.116001
-0.119779
-0.123493
-0.127206
-0.130934
-0.0520125
-0.0562823
-0.0605226
-0.0647321
-0.0689094
-0.0730517
-0.0771558
-0.0812186
-0.0852376
-0.0892099
-0.093134
-0.0970068
-0.100828
-0.104594
-0.108308
-0.11196
-0.115566
-0.119108
-0.122642
-0.126181
-0.0507218
-0.0548169
-0.0588846
-0.0629234
-0.0669314
-0.0709058
-0.0748433
-0.0787407
-0.0825954
-0.0864044
-0.0901659
-0.093877
-0.0975371
-0.101142
-0.104695
-0.108188
-0.111632
-0.115014
-0.118379
-0.121742
-0.0495349
-0.0534676
-0.057375
-0.0612549
-0.0651054
-0.0689236
-0.072706
-0.0764496
-0.0801513
-0.0838084
-0.0874189
-0.0909797
-0.0944901
-0.0979462
-0.10135
-0.104695
-0.10799
-0.111223
-0.114434
-0.117633
-0.0484535
-0.0522365
-0.0559959
-0.0597294
-0.0634346
-0.0671086
-0.0707481
-0.0743497
-0.0779107
-0.081428
-0.0848996
-0.0883225
-0.0916956
-0.0950154
-0.0982829
-0.101493
-0.104652
-0.107751
-0.11082
-0.113871
-0.0474809
-0.0511274
-0.0547519
-0.0583516
-0.0619243
-0.0654668
-0.0689761
-0.0724486
-0.0758815
-0.079272
-0.0826176
-0.0859157
-0.0891647
-0.0923617
-0.0955068
-0.0985956
-0.101633
-0.104612
-0.107555
-0.110473
-0.0466192
-0.0501427
-0.0536454
-0.0571246
-0.0605779
-0.0640023
-0.0673945
-0.0707513
-0.0740696
-0.0773467
-0.0805802
-0.0837675
-0.0869068
-0.0899954
-0.0930329
-0.0960157
-0.0989467
-0.101821
-0.104655
-0.107458
-0.0458772
-0.0492923
-0.0526877
-0.0560607
-0.0594087
-0.0627288
-0.0660179
-0.0692728
-0.0724906
-0.0756685
-0.0788042
-0.0818951
-0.0849393
-0.0879345
-0.0908797
-0.093772
-0.096613
-0.0993988
-0.102141
-0.104847
-0.0452535
-0.0485742
-0.0518763
-0.0551574
-0.0584148
-0.0616458
-0.0648471
-0.0680158
-0.0711489
-0.0742438
-0.0772981
-0.0803094
-0.0832757
-0.0861948
-0.0890655
-0.0918853
-0.0946547
-0.0973707
-0.100041
-0.102669
-0.0447751
-0.048019
-0.0512448
-0.0544495
-0.057631
-0.0607869
-0.0639144
-0.0670106
-0.0700729
-0.0730988
-0.076086
-0.0790322
-0.0819357
-0.0847943
-0.0876066
-0.0903708
-0.0930864
-0.0957515
-0.0983699
-0.100944
-0.0444188
-0.0476016
-0.0507683
-0.0539166
-0.0570437
-0.0601469
-0.0632232
-0.0662699
-0.0692844
-0.0722643
-0.0752074
-0.0781116
-0.080975
-0.0837957
-0.0865722
-0.0893026
-0.0919861
-0.0946209
-0.0972085
-0.0997497
-0.04426
-0.0473969
-0.0505159
-0.053615
-0.0566931
-0.0597488
-0.0627799
-0.0657841
-0.068759
-0.0717025
-0.0746129
-0.0774881
-0.0803266
-0.0831268
-0.0858873
-0.0886065
-0.0912836
-0.0939172
-0.0965077
-0.0990553
0.126011
0.114956
0.103818
0.0928024
0.0813296
0.0696301
0.0579006
0.046165
0.0344373
0.0227531
0.0111565
-0.000320474
-0.0116492
-0.0227991
-0.0337428
-0.0445313
-0.0555292
-0.0660993
-0.0762665
-0.0861582
0.121304
0.109777
0.0982051
0.0874602
0.0764149
0.0651546
0.0539184
0.042713
0.0315296
0.0203978
0.00935087
-0.0015883
-0.0124012
-0.0230834
-0.0336468
-0.0440729
-0.0540959
-0.0640493
-0.0737891
-0.0833031
0.115562
0.104259
0.0926872
0.0823783
0.0719211
0.0611697
0.0504337
0.0397542
0.0291027
0.0184991
0.0079755
-0.00244288
-0.0127362
-0.0228901
-0.0328931
-0.0427189
-0.0524308
-0.0620362
-0.0714211
-0.0805769
0.109499
0.0987467
0.0873213
0.0773647
0.067459
0.0572119
0.0469568
0.0367891
0.0266648
0.016585
0.00657889
-0.00332894
-0.0131224
-0.0227956
-0.0323446
-0.0417553
-0.0509793
-0.0601254
-0.0691138
-0.0779075
0.103361
0.0932278
0.0820853
0.0724733
0.0631141
0.0534005
0.0436288
0.0339557
0.0243413
0.0147665
0.00525565
-0.00416421
-0.0134781
-0.022681
-0.0317661
-0.0407202
-0.0495328
-0.0582761
-0.0668851
-0.0753236
0.097261
0.0877484
0.0770003
0.0677367
0.0588888
0.0497085
0.040416
0.0312175
0.0220937
0.0130092
0.00397844
-0.00497019
-0.0138219
-0.0225741
-0.0312221
-0.0397575
-0.0481666
-0.0565127
-0.0647476
-0.0728374
0.0912585
0.0823437
0.0720668
0.0631664
0.054796
0.0461409
0.0373278
0.0285889
0.0199355
0.0113237
0.00275599
-0.00574029
-0.0141495
-0.0224699
-0.0306983
-0.0388283
-0.046852
-0.054821
-0.0626953
-0.0704454
0.0854037
0.0770569
0.0672969
0.0587751
0.0508505
0.0427014
0.0343625
0.0260691
0.0178643
0.00970564
0.00158364
-0.00647856
-0.0144646
-0.0223723
-0.0302
-0.0379433
-0.0455968
-0.0532027
-0.060728
-0.0681468
0.0797336
0.071922
0.0626993
0.0545668
0.0470611
0.0393931
0.031519
0.0236584
0.015882
0.00815575
0.000461152
-0.00718518
-0.014767
-0.0222811
-0.0297262
-0.0370995
-0.0443976
-0.0516554
-0.0588442
-0.0659415
0.0742723
0.0669632
0.0582817
0.0505443
0.0434345
0.0362203
0.0287968
0.0213564
0.013989
0.00667365
-0.000612944
-0.00786178
-0.0150582
-0.0221972
-0.0292775
-0.0362973
-0.0432544
-0.0501783
-0.0570432
-0.0638292
0.0690359
0.0621977
0.0540508
0.0467089
0.0399748
0.0331865
0.0261955
0.0191614
0.0121848
0.00525918
-0.00163953
-0.00850945
-0.0153386
-0.0221207
-0.0288538
-0.0355363
-0.0421672
-0.0487712
-0.0553244
-0.0618099
0.0640351
0.0576378
0.0500114
0.0430612
0.0366842
0.0302942
0.0237152
0.0170721
0.0104686
0.00391203
-0.00261933
-0.00912927
-0.0156092
-0.0220519
-0.0284541
-0.0348141
-0.0411319
-0.0474307
-0.0536858
-0.0598819
0.0592776
0.0532921
0.0461672
0.0396012
0.0335637
0.0275453
0.0213557
0.0150866
0.00883916
0.00263164
-0.00355279
-0.00972179
-0.0158703
-0.0219914
-0.028081
-0.0341372
-0.0401595
-0.0461647
-0.0521305
-0.0580465
0.0547682
0.0491662
0.0425204
0.0363281
0.0306132
0.0249406
0.0191167
0.0132036
0.00729475
0.00141698
-0.00444085
-0.0102881
-0.0161226
-0.0219369
-0.0277246
-0.0334819
-0.0392119
-0.0449493
-0.0506475
-0.0562991
0.0505097
0.0452636
0.0390719
0.0332405
0.0278318
0.0224805
0.0169981
0.0114217
0.00583399
0.000267351
-0.0052837
-0.010829
-0.0163696
-0.0219003
-0.0274172
-0.0329164
-0.0383905
-0.0438112
-0.0492314
-0.0546346
0.0465032
0.0415863
0.0358218
0.0303365
0.025218
0.0201645
0.0149995
0.00973953
0.00445541
-0.000818093
-0.00608109
-0.0113422
-0.0166035
-0.0218602
-0.0271061
-0.032336
-0.0375443
-0.0427257
-0.0479042
-0.0530674
0.0427485
0.038135
0.0327697
0.027614
0.0227697
0.017992
0.0131205
0.00815625
0.00315772
-0.00184025
-0.00683341
-0.0118284
-0.0168279
-0.0218283
-0.0268238
-0.0318087
-0.0367777
-0.0417239
-0.0466659
-0.051596
0.0392446
0.0349094
0.0299146
0.0250705
0.0204846
0.0159618
0.0113604
0.00667089
0.00193965
-0.00280022
-0.00754124
-0.0122877
-0.0170421
-0.0218014
-0.0265601
-0.0313125
-0.0360536
-0.0407788
-0.0455008
-0.0502126
0.0359897
0.0319089
0.0272553
0.0227036
0.0183602
0.0140725
0.00971868
0.00528265
0.000800074
-0.0036991
-0.00820534
-0.0127206
-0.0172467
-0.0217813
-0.0263191
-0.0308547
-0.035383
-0.0398997
-0.044414
-0.0489198
0.0329819
0.0291322
0.0247907
0.020511
0.0163938
0.0123223
0.00819444
0.00399084
-0.000261981
-0.00453793
-0.00882648
-0.0131275
-0.017442
-0.0217676
-0.0260996
-0.0304328
-0.0347621
-0.0390835
-0.0434034
-0.0477165
0.0302196
0.0265784
0.0225197
0.0184909
0.0145833
0.0107097
0.00678689
0.00279489
-0.00124725
-0.00531757
-0.00940538
-0.0135089
-0.0176281
-0.0217606
-0.0259021
-0.0300475
-0.0341919
-0.0383313
-0.04247
-0.0466032
0.0277014
0.0242467
0.0204419
0.0166418
0.0129266
0.00923312
0.0054953
0.00169442
-0.00215623
-0.00603866
-0.00994269
-0.0138653
-0.0178055
-0.0217608
-0.025727
-0.0296993
-0.0336729
-0.0376437
-0.0416145
-0.045581
0.0254269
0.022137
0.0185574
0.0149632
0.0114227
0.00789156
0.00431919
0.000689284
-0.00298909
-0.00670154
-0.0104388
-0.014197
-0.0179744
-0.0217681
-0.0255742
-0.0293881
-0.0332051
-0.0370213
-0.0408379
-0.0446512
0.0233969
0.0202504
0.0168675
0.0134557
0.0100713
0.00668465
0.0032585
-0.000220387
-0.00374584
-0.00730658
-0.0108944
-0.0145051
-0.0181361
-0.0217845
-0.0254462
-0.0291169
-0.0327919
-0.0364672
-0.0401432
-0.0438168
0.0216143
0.0185897
0.0153749
0.0121213
0.00887356
0.00561317
0.00231414
-0.00103342
-0.00442525
-0.00785257
-0.0113083
-0.0147882
-0.018289
-0.0218077
-0.0253403
-0.0288827
-0.0324306
-0.0359802
-0.0395308
-0.0430794
0.0200846
0.0171599
0.0140844
0.0109637
0.00783171
0.00467834
0.00148662
-0.0017501
-0.00502862
-0.00834219
-0.0116848
-0.0150521
-0.0184408
-0.0218474
-0.0252682
-0.0286988
-0.0321349
-0.0355725
-0.0390106
-0.0424474
0.0188169
0.0159696
0.0130042
0.00999032
0.00695268
0.00388692
0.000783272
-0.00236203
-0.00554636
-0.00876444
-0.0120112
-0.0152826
-0.0185751
-0.0218854
-0.0252097
-0.0285443
-0.0318854
-0.0352295
-0.0385747
-0.0419181
0.0178239
0.0150294
0.0121425
0.00920604
0.00623695
0.00323481
0.000195168
-0.00288325
-0.00599795
-0.00914464
-0.012319
-0.015517
-0.0187352
-0.0219701
-0.0252177
-0.0284741
-0.0317352
-0.034997
-0.0382581
-0.0415189
0.0171295
0.0143645
0.011527
0.0086417
0.00572003
0.00276357
-0.00022892
-0.00325722
-0.00631903
-0.00941087
-0.012529
-0.01567
-0.0188305
-0.0220071
-0.0251965
-0.0283953
-0.0316002
-0.0348082
-0.0380166
-0.041222
0.0167505
0.0139808
0.011147
0.00826556
0.00534686
0.00239458
-0.000590239
-0.00360631
-0.0066512
-0.00972169
-0.0128143
-0.0159258
-0.0190527
-0.0221919
-0.0253401
-0.0284939
-0.0316498
-0.0348048
-0.0379579
-0.0411109
0.135492
0.136926
0.13911
0.142166
0.14547
0.149146
0.152455
0.155604
0.157661
0.159054
0.158557
0.15702
0.152751
0.147109
0.136641
0.134556
0.135883
0.137891
0.140685
0.143653
0.146901
0.149711
0.152264
0.15368
0.154312
0.1531
0.150675
0.145802
0.139161
0.130072
0.133553
0.134765
0.136585
0.139101
0.141715
0.144518
0.146818
0.148768
0.14956
0.14947
0.147624
0.144441
0.139162
0.132065
0.12351
0.132475
0.133568
0.135189
0.137411
0.139658
0.141997
0.143778
0.145112
0.145285
0.144484
0.142042
0.13817
0.132529
0.125124
0.116698
0.131322
0.132289
0.133704
0.135619
0.13749
0.139352
0.140612
0.141327
0.140898
0.13941
0.136408
0.131934
0.125955
0.118362
0.110012
0.130089
0.130926
0.132127
0.133725
0.135212
0.136589
0.137328
0.137432
0.13642
0.134286
0.130761
0.125782
0.119504
0.111822
0.103565
0.128775
0.129477
0.130457
0.131728
0.132824
0.133712
0.133934
0.133439
0.131865
0.129132
0.125126
0.11973
0.113202
0.105493
0.0973455
0.127377
0.127939
0.128693
0.129627
0.130329
0.130724
0.130437
0.129361
0.127249
0.123969
0.119524
0.113788
0.107063
0.0993591
0.0913346
0.125893
0.126311
0.126834
0.127425
0.12773
0.127635
0.126846
0.125213
0.12259
0.118817
0.113979
0.107967
0.101095
0.0934214
0.0855343
0.124322
0.124592
0.124881
0.125125
0.125032
0.124454
0.123174
0.121014
0.11791
0.113696
0.108512
0.10228
0.0953098
0.0876883
0.0799529
0.122665
0.122784
0.122836
0.122731
0.122241
0.121191
0.119436
0.11678
0.113228
0.108626
0.103145
0.096742
0.0897172
0.0821701
0.0745981
0.120923
0.120889
0.120701
0.120249
0.119367
0.117859
0.115645
0.11253
0.108566
0.103626
0.097897
0.0913672
0.0843266
0.0768758
0.0694768
0.119098
0.118909
0.118481
0.117686
0.116418
0.114471
0.111821
0.108284
0.103947
0.0987153
0.0927856
0.0861698
0.0791471
0.0718131
0.0645951
0.117193
0.116851
0.116184
0.115053
0.113407
0.111043
0.107982
0.10406
0.0993923
0.0939138
0.0878277
0.0811631
0.0741872
0.0669882
0.059958
0.115215
0.11472
0.113816
0.11236
0.110348
0.107592
0.104147
0.099879
0.0949223
0.0892404
0.0830388
0.0763591
0.0694548
0.0624061
0.0555687
0.11317
0.112527
0.11139
0.10962
0.107259
0.104137
0.100339
0.0957631
0.090558
0.0847136
0.0784335
0.0717689
0.0649571
0.0580709
0.0514297
0.111068
0.110282
0.108917
0.10685
0.104156
0.100697
0.0965782
0.0917336
0.0863199
0.0803509
0.0740257
0.0674022
0.0607003
0.0539856
0.0475417
0.108921
0.107999
0.106413
0.104066
0.101061
0.097294
0.0928886
0.0878123
0.082228
0.0761693
0.0698284
0.0632681
0.0566897
0.0501525
0.0439052
0.106744
0.105695
0.103897
0.101289
0.0979959
0.0939511
0.0892935
0.0840217
0.0783021
0.0721851
0.0658539
0.0593748
0.0529301
0.0465732
0.0405198
0.104556
0.103387
0.10139
0.0985408
0.0949848
0.0906932
0.0858173
0.0803842
0.0745617
0.068414
0.0621141
0.0557301
0.0494259
0.0432491
0.0373849
0.102377
0.1011
0.0989159
0.0958467
0.0920545
0.0875467
0.0824854
0.0769228
0.0710266
0.0648718
0.0586206
0.0523416
0.0461812
0.0401818
0.0345001
0.100233
0.0988572
0.0965025
0.093235
0.0892335
0.0845396
0.0793241
0.0736612
0.0677167
0.0615742
0.055385
0.0492173
0.0432008
0.0373732
0.0318655
0.0981516
0.096689
0.0941801
0.0907367
0.086553
0.0817019
0.0763613
0.0706237
0.0646526
0.0585378
0.0524198
0.0463657
0.04049
0.0348261
0.0294821
0.096167
0.0946283
0.0919831
0.0883862
0.0840468
0.0790658
0.0736264
0.0678365
0.0618563
0.0557801
0.0497385
0.0437967
0.0380556
0.0325448
0.0273522
0.094316
0.0927123
0.0899494
0.0862214
0.0817519
0.0766661
0.0711512
0.0653274
0.0593515
0.0533208
0.0473566
0.0415222
0.0359064
0.0305355
0.0254802
0.0926406
0.0909826
0.0881209
0.084284
0.0797086
0.0745406
0.0689703
0.0631273
0.0571649
0.0511822
0.0452924
0.0395569
0.0340541
0.0288075
0.0238733
0.0911874
0.0894856
0.086544
0.0826199
0.0779615
0.0727315
0.0671225
0.0612709
0.055327
0.0493906
0.0435683
0.0379195
0.0325143
0.0273737
0.0225423
0.0900078
0.0882727
0.08527
0.0812799
0.0765601
0.071286
0.0656515
0.0597983
0.0538735
0.0479777
0.0422119
0.0366342
0.0313079
0.0262523
0.0215026
0.0891586
0.0874003
0.0843555
0.0803204
0.0755596
0.0702572
0.0646078
0.0587564
0.0528478
0.0469827
0.0412586
0.0357323
0.0304624
0.0254676
0.0207772
0.0887016
0.0869312
0.0838633
0.079805
0.0750227
0.0697064
0.06405
0.058201
0.0523019
0.0464545
0.0407532
0.035255
0.0300155
0.0250531
0.0203927
0.147657
0.149809
0.153232
0.158303
0.164366
0.171692
0.179845
0.188969
0.198776
0.209362
0.22046
0.23213
0.244098
0.256437
0.268837
0.14759
0.149738
0.153155
0.158217
0.164265
0.171575
0.179699
0.188795
0.198561
0.209103
0.220141
0.231749
0.243635
0.255891
0.268176
0.147456
0.149597
0.153
0.158043
0.164064
0.17134
0.179408
0.188448
0.198133
0.208587
0.219507
0.230988
0.242711
0.254799
0.266852
0.147257
0.149386
0.15277
0.157784
0.16376
0.170988
0.178973
0.187929
0.197493
0.207816
0.218557
0.229849
0.241325
0.253158
0.264863
0.146992
0.149105
0.152465
0.15744
0.163363
0.170522
0.178398
0.187242
0.196643
0.206792
0.217296
0.228334
0.239478
0.250968
0.262207
0.146664
0.148757
0.152086
0.157013
0.162861
0.169938
0.177682
0.186389
0.195588
0.205521
0.215726
0.226448
0.237173
0.248233
0.258887
0.146273
0.148344
0.151635
0.156507
0.162281
0.169247
0.176831
0.185372
0.19433
0.204005
0.213852
0.224194
0.234414
0.244956
0.254907
0.14582
0.147865
0.151115
0.155919
0.161574
0.168437
0.175847
0.184196
0.192873
0.202249
0.211676
0.221578
0.231206
0.241146
0.250277
0.145309
0.147325
0.150527
0.155265
0.160841
0.16752
0.174733
0.182864
0.191221
0.200258
0.209204
0.218607
0.227555
0.23681
0.245008
0.14474
0.146724
0.149875
0.154525
0.159958
0.166496
0.173495
0.181378
0.18938
0.198037
0.206442
0.215288
0.223468
0.231962
0.239114
0.144117
0.146065
0.14916
0.15372
0.159025
0.165377
0.172138
0.179744
0.187355
0.195589
0.203394
0.211629
0.218955
0.226614
0.232614
0.14344
0.145352
0.148386
0.15283
0.157993
0.164157
0.170665
0.177964
0.185153
0.192921
0.20007
0.207639
0.214024
0.220782
0.225528
0.142714
0.144587
0.147557
0.151896
0.156886
0.162845
0.169081
0.176043
0.182778
0.190037
0.196475
0.203325
0.208685
0.214486
0.217876
0.14194
0.143772
0.146679
0.15089
0.155702
0.161443
0.16739
0.173985
0.18024
0.18694
0.192623
0.198696
0.202949
0.207743
0.209679
0.141121
0.142911
0.145724
0.149811
0.154452
0.159958
0.165597
0.171794
0.177543
0.183635
0.188521
0.193757
0.19683
0.200577
0.200954
0.14026
0.142012
0.14477
0.148677
0.153137
0.158392
0.163707
0.16948
0.174697
0.18013
0.184186
0.188513
0.190344
0.193002
0.191713
0.13936
0.141058
0.143715
0.147491
0.15176
0.156748
0.16172
0.167039
0.171697
0.176421
0.179622
0.182962
0.183517
0.185032
0.181962
0.138425
0.140085
0.142637
0.14626
0.150328
0.155041
0.159657
0.164505
0.168579
0.172546
0.174858
0.177112
0.176369
0.176643
0.171682
0.137452
0.13906
0.141513
0.144978
0.148825
0.153233
0.157458
0.161793
0.165248
0.168426
0.169849
0.170945
0.168968
0.167806
0.160884
0.136459
0.138005
0.140371
0.143702
0.147359
0.151509
0.155373
0.159228
0.162038
0.164364
0.164764
0.164571
0.161208
0.158419
0.149512
0.136459
0.138005
0.140371
0.143702
0.147359
0.151508
0.155372
0.159228
0.162037
0.164363
0.164763
0.164569
0.161207
0.158417
0.149511
0.137452
0.139059
0.141512
0.144977
0.148825
0.153233
0.157458
0.161792
0.165247
0.168425
0.169848
0.170944
0.168967
0.167805
0.160883
0.138425
0.140084
0.142636
0.14626
0.150327
0.15504
0.159656
0.164504
0.168578
0.172545
0.174857
0.177111
0.176367
0.176642
0.17168
0.13936
0.141058
0.143715
0.147491
0.151759
0.156748
0.16172
0.167038
0.171696
0.17642
0.179621
0.182961
0.183516
0.185031
0.181961
0.14026
0.142012
0.14477
0.148677
0.153136
0.158391
0.163707
0.169479
0.174696
0.180129
0.184185
0.188512
0.190343
0.193001
0.191712
0.141121
0.142911
0.145724
0.14981
0.154452
0.159957
0.165597
0.171794
0.177542
0.183634
0.18852
0.193756
0.196829
0.200576
0.200953
0.14194
0.143771
0.146679
0.15089
0.155702
0.161443
0.16739
0.173984
0.180239
0.18694
0.192622
0.198695
0.202948
0.207742
0.209678
0.142714
0.144586
0.147557
0.151896
0.156886
0.162845
0.16908
0.176042
0.182778
0.190036
0.196475
0.203324
0.208684
0.214485
0.217875
0.14344
0.145352
0.148385
0.152829
0.157993
0.164156
0.170664
0.177964
0.185152
0.192921
0.200069
0.207638
0.214023
0.220781
0.225527
0.144117
0.146065
0.14916
0.15372
0.159025
0.165377
0.172138
0.179744
0.187355
0.195589
0.203394
0.211628
0.218954
0.226613
0.232613
0.14474
0.146724
0.149874
0.154524
0.159958
0.166495
0.173495
0.181378
0.18938
0.198036
0.206441
0.215288
0.223468
0.231961
0.239114
0.145309
0.147324
0.150527
0.155265
0.160841
0.16752
0.174733
0.182863
0.191221
0.200258
0.209204
0.218607
0.227554
0.23681
0.245007
0.14582
0.147865
0.151115
0.155918
0.161574
0.168437
0.175846
0.184196
0.192873
0.202249
0.211676
0.221578
0.231205
0.241145
0.250276
0.146272
0.148343
0.151635
0.156507
0.162281
0.169247
0.176831
0.185372
0.19433
0.204005
0.213851
0.224193
0.234413
0.244956
0.254907
0.146664
0.148757
0.152086
0.157013
0.16286
0.169938
0.177682
0.186388
0.195588
0.205521
0.215726
0.226447
0.237173
0.248232
0.258886
0.146992
0.149105
0.152465
0.15744
0.163363
0.170522
0.178397
0.187242
0.196643
0.206792
0.217296
0.228334
0.239478
0.250968
0.262206
0.147257
0.149385
0.15277
0.157784
0.16376
0.170987
0.178973
0.187929
0.197492
0.207815
0.218557
0.229848
0.241324
0.253157
0.264862
0.147456
0.149597
0.153
0.158043
0.164063
0.17134
0.179408
0.188448
0.198133
0.208587
0.219506
0.230988
0.242711
0.254799
0.266852
0.14759
0.149738
0.153155
0.158216
0.164265
0.171574
0.179699
0.188795
0.198561
0.209103
0.220141
0.231749
0.243635
0.255891
0.268176
0.147656
0.149809
0.153232
0.158303
0.164366
0.171692
0.179845
0.188969
0.198776
0.209362
0.220459
0.23213
0.244098
0.256437
0.268837
0.0887008
0.0869305
0.0838625
0.0798042
0.0750219
0.0697056
0.0640492
0.0582002
0.0523011
0.0464537
0.0407524
0.0352542
0.0300147
0.0250524
0.020392
0.0891579
0.0873996
0.0843547
0.0803197
0.0755588
0.0702564
0.064607
0.0587556
0.052847
0.0469819
0.0412578
0.0357315
0.0304616
0.0254669
0.0207765
0.090007
0.0882719
0.0852692
0.0812791
0.0765593
0.0712852
0.0656507
0.0597975
0.0538727
0.0479769
0.0422112
0.0366335
0.0313071
0.0262515
0.0215019
0.0911866
0.0894848
0.0865433
0.0826191
0.0779607
0.0727307
0.0671217
0.0612701
0.0553261
0.0493897
0.0435675
0.0379187
0.0325135
0.027373
0.0225415
0.0926399
0.0909818
0.0881201
0.0842832
0.0797078
0.0745398
0.0689695
0.0631265
0.0571641
0.0511813
0.0452916
0.0395561
0.0340533
0.0288067
0.0238726
0.0943153
0.0927115
0.0899486
0.0862207
0.0817511
0.0766652
0.0711504
0.0653265
0.0593507
0.0533199
0.0473557
0.0415213
0.0359056
0.0305347
0.0254794
0.0961662
0.0946276
0.0919824
0.0883855
0.084046
0.079065
0.0736256
0.0678356
0.0618554
0.0557792
0.0497376
0.0437958
0.0380547
0.0325439
0.0273513
0.0981508
0.0966883
0.0941794
0.0907359
0.0865522
0.0817011
0.0763604
0.0706228
0.0646517
0.0585369
0.0524189
0.0463647
0.0404891
0.0348251
0.0294811
0.100232
0.0988565
0.0965017
0.0932342
0.0892327
0.0845387
0.0793232
0.0736602
0.0677158
0.0615733
0.055384
0.0492163
0.0431998
0.0373721
0.0318645
0.102376
0.101099
0.0989152
0.095846
0.0920536
0.0875458
0.0824845
0.0769219
0.0710257
0.0648708
0.0586195
0.0523406
0.0461802
0.0401807
0.034499
0.104555
0.103387
0.101389
0.09854
0.094984
0.0906924
0.0858164
0.0803833
0.0745608
0.068413
0.062113
0.055729
0.0494248
0.043248
0.0373837
0.106744
0.105694
0.103896
0.101288
0.0979951
0.0939503
0.0892926
0.0840207
0.0783011
0.072184
0.0658528
0.0593737
0.052929
0.046572
0.0405185
0.10892
0.107999
0.106412
0.104066
0.10106
0.0972931
0.0928877
0.0878114
0.082227
0.0761683
0.0698272
0.063267
0.0566885
0.0501512
0.0439039
0.111067
0.110281
0.108916
0.106849
0.104155
0.100696
0.0965773
0.0917326
0.0863189
0.0803498
0.0740245
0.067401
0.060699
0.0539843
0.0475404
0.113169
0.112526
0.111389
0.10962
0.107258
0.104136
0.100338
0.0957622
0.0905569
0.0847125
0.0784323
0.0717677
0.0649558
0.0580696
0.0514282
0.115214
0.11472
0.113816
0.112359
0.110348
0.107592
0.104146
0.099878
0.0949212
0.0892393
0.0830376
0.0763579
0.0694535
0.0624047
0.0555673
0.117193
0.11685
0.116183
0.115052
0.113406
0.111042
0.107981
0.104059
0.0993913
0.0939126
0.0878265
0.0811618
0.0741858
0.0669867
0.0599564
0.119097
0.118908
0.118481
0.117685
0.116417
0.11447
0.11182
0.108283
0.103946
0.0987141
0.0927844
0.0861684
0.0791457
0.0718116
0.0645936
0.120923
0.120888
0.1207
0.120248
0.119366
0.117858
0.115644
0.112529
0.108565
0.103625
0.0978957
0.0913658
0.0843252
0.0768743
0.0694752
0.122665
0.122783
0.122835
0.12273
0.122241
0.12119
0.119435
0.116779
0.113227
0.108625
0.103144
0.0967407
0.0897157
0.0821685
0.0745964
0.124322
0.124592
0.12488
0.125124
0.125031
0.124453
0.123174
0.121013
0.117909
0.113695
0.108511
0.102279
0.0953083
0.0876867
0.0799512
0.125892
0.12631
0.126834
0.127425
0.127729
0.127635
0.126845
0.125212
0.122589
0.118816
0.113978
0.107966
0.101094
0.0934198
0.0855326
0.127376
0.127938
0.128693
0.129627
0.130328
0.130724
0.130436
0.12936
0.127248
0.123968
0.119523
0.113787
0.107061
0.0993575
0.0913328
0.128774
0.129476
0.130457
0.131727
0.132823
0.133711
0.133933
0.133438
0.131864
0.129131
0.125125
0.119729
0.113201
0.105491
0.0973437
0.130089
0.130926
0.132127
0.133725
0.135211
0.136589
0.137328
0.137431
0.136419
0.134284
0.13076
0.125781
0.119502
0.11182
0.103564
0.131322
0.132289
0.133703
0.135619
0.137489
0.139352
0.140611
0.141326
0.140897
0.139409
0.136406
0.131933
0.125954
0.118361
0.11001
0.132475
0.133568
0.135189
0.13741
0.139657
0.141996
0.143777
0.145111
0.145284
0.144483
0.142041
0.138169
0.132527
0.125123
0.116696
0.133552
0.134765
0.136585
0.1391
0.141714
0.144517
0.146818
0.148768
0.149559
0.149469
0.147623
0.144439
0.13916
0.132064
0.123508
0.134556
0.135882
0.137891
0.140685
0.143652
0.1469
0.14971
0.152263
0.153679
0.154311
0.153099
0.150673
0.145801
0.13916
0.130071
0.135491
0.136925
0.13911
0.142166
0.145469
0.149145
0.152454
0.155603
0.15766
0.159053
0.158556
0.157018
0.15275
0.147107
0.136639
0.0167499
0.0139802
0.0111464
0.00826497
0.0053463
0.00239405
-0.000590741
-0.00360678
-0.00665164
-0.0097221
-0.0128147
-0.0159261
-0.019053
-0.0221922
-0.0253403
-0.028494
-0.0316499
-0.0348049
-0.0379579
-0.0411109
0.0171289
0.0143639
0.0115264
0.0086411
0.00571946
0.00276302
-0.000229439
-0.00325771
-0.00631949
-0.00941129
-0.0125294
-0.0156704
-0.0188308
-0.0220074
-0.0251967
-0.0283955
-0.0316004
-0.0348083
-0.0380166
-0.041222
0.0178233
0.0150287
0.0121419
0.00920542
0.00623635
0.00323423
0.000194618
-0.00288377
-0.00599844
-0.00914509
-0.0123194
-0.0155174
-0.0187356
-0.0219704
-0.025218
-0.0284744
-0.0317354
-0.0349971
-0.0382582
-0.0415189
0.0188162
0.0159689
0.0130035
0.00998965
0.00695203
0.0038863
0.000782679
-0.00236259
-0.00554689
-0.00876494
-0.0120117
-0.015283
-0.0185755
-0.0218857
-0.02521
-0.0285446
-0.0318856
-0.0352296
-0.0385748
-0.0419181
0.0200838
0.0171592
0.0140836
0.010963
0.00783101
0.00467766
0.00148597
-0.00175071
-0.00502921
-0.00834274
-0.0116853
-0.0150526
-0.0184412
-0.0218478
-0.0252685
-0.0286991
-0.0321351
-0.0355727
-0.0390108
-0.0424475
0.0216135
0.0185889
0.0153741
0.0121206
0.0088728
0.00561244
0.00231343
-0.0010341
-0.0044259
-0.00785319
-0.0113089
-0.0147887
-0.0182895
-0.0218081
-0.0253407
-0.0288831
-0.0324309
-0.0359804
-0.039531
-0.0430795
0.023396
0.0202495
0.0168666
0.0134549
0.0100705
0.00668385
0.00325772
-0.00022114
-0.00374656
-0.00730728
-0.0108951
-0.0145058
-0.0181367
-0.021785
-0.0254467
-0.0291173
-0.0327923
-0.0364676
-0.0401435
-0.043817
0.0254259
0.022136
0.0185564
0.0149623
0.0114218
0.00789068
0.00431834
0.000688453
-0.00298989
-0.00670231
-0.0104395
-0.0141977
-0.017975
-0.0217687
-0.0255748
-0.0293886
-0.0332056
-0.0370217
-0.0408383
-0.0446515
0.0277004
0.0242456
0.0204409
0.0166408
0.0129256
0.00923216
0.00549436
0.0016935
-0.00215712
-0.00603952
-0.00994352
-0.0138661
-0.0178063
-0.0217615
-0.0257277
-0.0296999
-0.0336734
-0.0376443
-0.041615
-0.0455814
0.0302185
0.0265773
0.0225186
0.0184898
0.0145822
0.0107087
0.00678587
0.00279389
-0.00124823
-0.00531852
-0.00940631
-0.0135098
-0.0176289
-0.0217614
-0.0259029
-0.0300483
-0.0341926
-0.038332
-0.0424706
-0.0466037
0.0329808
0.029131
0.0247895
0.0205099
0.0163927
0.0123212
0.00819333
0.00398975
-0.000263055
-0.00453898
-0.0088275
-0.0131285
-0.0174429
-0.0217685
-0.0261005
-0.0304336
-0.0347629
-0.0390842
-0.0434041
-0.0477171
0.0359884
0.0319076
0.027254
0.0227024
0.0183589
0.0140713
0.00971747
0.00528146
0.000798903
-0.00370025
-0.00820646
-0.0127217
-0.0172478
-0.0217823
-0.0263201
-0.0308556
-0.0353839
-0.0399006
-0.0444148
-0.0489206
0.0392432
0.0349081
0.0299133
0.0250692
0.0204833
0.0159605
0.0113591
0.00666961
0.00193838
-0.00280147
-0.00754246
-0.0122889
-0.0170433
-0.0218026
-0.0265613
-0.0313136
-0.0360546
-0.0407798
-0.0455017
-0.0502135
0.0427471
0.0381336
0.0327683
0.0276126
0.0227683
0.0179906
0.0131191
0.00815487
0.00315635
-0.0018416
-0.00683474
-0.0118297
-0.0168292
-0.0218296
-0.026825
-0.0318099
-0.0367789
-0.041725
-0.046667
-0.051597
0.0465017
0.0415848
0.0358203
0.030335
0.0252165
0.020163
0.014998
0.00973806
0.00445394
-0.000819548
-0.00608253
-0.0113436
-0.0166049
-0.0218615
-0.0271075
-0.0323373
-0.0375456
-0.0427269
-0.0479054
-0.0530685
0.0505082
0.045262
0.0390703
0.0332389
0.0278302
0.0224789
0.0169965
0.0114201
0.00583242
0.000265795
-0.00528525
-0.0108306
-0.0163711
-0.0219018
-0.0274187
-0.0329179
-0.0383919
-0.0438125
-0.0492327
-0.0546359
0.0547666
0.0491645
0.0425188
0.0363264
0.0306116
0.024939
0.019115
0.013202
0.00729309
0.00141532
-0.0044425
-0.0102898
-0.0161242
-0.0219385
-0.0277262
-0.0334836
-0.0392135
-0.0449509
-0.050649
-0.0563005
0.0592759
0.0532904
0.0461655
0.0395995
0.033562
0.0275436
0.0213539
0.0150849
0.00883741
0.00262989
-0.00355454
-0.00972353
-0.0158721
-0.0219931
-0.0280827
-0.0341389
-0.0401612
-0.0461664
-0.0521321
-0.0580481
0.0640334
0.0576361
0.0500097
0.0430594
0.0366824
0.0302925
0.0237134
0.0170702
0.0104668
0.00391019
-0.00262118
-0.00913113
-0.015611
-0.0220538
-0.028456
-0.034816
-0.0411337
-0.0474325
-0.0536875
-0.0598836
0.0690341
0.062196
0.054049
0.0467071
0.039973
0.0331846
0.0261936
0.0191595
0.0121829
0.00525724
-0.00164148
-0.0085114
-0.0153406
-0.0221227
-0.0288557
-0.0355383
-0.0421692
-0.0487731
-0.0553263
-0.0618118
0.0742705
0.0669614
0.0582799
0.0505425
0.0434326
0.0362184
0.0287948
0.0213544
0.013987
0.00667163
-0.000614982
-0.00786383
-0.0150602
-0.0221992
-0.0292796
-0.0362994
-0.0432565
-0.0501804
-0.0570452
-0.0638313
0.0797318
0.0719201
0.0626974
0.0545649
0.0470592
0.0393911
0.0315169
0.0236564
0.01588
0.00815364
0.000459026
-0.00718732
-0.0147692
-0.0222832
-0.0297284
-0.0371017
-0.0443998
-0.0516576
-0.0588464
-0.0659437
0.0854019
0.077055
0.067295
0.0587731
0.0508485
0.0426994
0.0343604
0.0260669
0.0178622
0.00970346
0.00158143
-0.00648079
-0.0144668
-0.0223746
-0.0302022
-0.0379456
-0.0455991
-0.053205
-0.0607304
-0.0681492
0.0912567
0.0823417
0.0720649
0.0631644
0.0547939
0.0461388
0.0373257
0.0285868
0.0199332
0.0113214
0.0027537
-0.00574261
-0.0141519
-0.0224723
-0.0307007
-0.0388307
-0.0468545
-0.0548234
-0.0626978
-0.0704479
0.0972591
0.0877465
0.0769983
0.0677347
0.0588868
0.0497064
0.0404138
0.0312153
0.0220914
0.0130068
0.00397607
-0.00497259
-0.0138243
-0.0225766
-0.0312246
-0.03976
-0.0481691
-0.0565153
-0.0647502
-0.07284
0.10336
0.0932259
0.0820832
0.0724712
0.063112
0.0533983
0.0436266
0.0339534
0.0243389
0.0147641
0.00525322
-0.00416669
-0.0134806
-0.0226836
-0.0317687
-0.0407229
-0.0495355
-0.0582789
-0.0668878
-0.0753264
0.109497
0.0987448
0.0873192
0.0773626
0.0674568
0.0572097
0.0469545
0.0367867
0.0266624
0.0165825
0.00657639
-0.00333149
-0.013125
-0.0227982
-0.0323473
-0.0417581
-0.0509821
-0.0601283
-0.0691167
-0.0779104
0.115561
0.104257
0.0926851
0.0823762
0.0719189
0.0611674
0.0504314
0.0397518
0.0291003
0.0184966
0.00797294
-0.0024455
-0.0127389
-0.0228929
-0.0328959
-0.0427217
-0.0524337
-0.0620392
-0.0714241
-0.08058
0.121302
0.109775
0.098203
0.0874581
0.0764127
0.0651523
0.053916
0.0427105
0.0315271
0.0203953
0.00934825
-0.00159098
-0.012404
-0.0230862
-0.0336497
-0.0440758
-0.0540989
-0.0640523
-0.0737922
-0.0833063
0.126009
0.114954
0.103816
0.0928002
0.0813274
0.0696278
0.0578982
0.0461625
0.0344348
0.0227505
0.0111538
-0.000323218
-0.011652
-0.022802
-0.0337458
-0.0445344
-0.0555323
-0.0661025
-0.0762697
-0.0861615
-0.0442599
-0.0473968
-0.0505157
-0.0536147
-0.0566928
-0.0597484
-0.0627795
-0.0657835
-0.0687584
-0.0717019
-0.0746121
-0.0774873
-0.0803258
-0.0831259
-0.0858863
-0.0886054
-0.0912824
-0.093916
-0.0965064
-0.099054
-0.0444187
-0.0476015
-0.0507681
-0.0539163
-0.0570434
-0.0601465
-0.0632227
-0.0662693
-0.0692838
-0.0722636
-0.0752067
-0.0781108
-0.0809742
-0.0837948
-0.0865712
-0.0893015
-0.0919849
-0.0946197
-0.0972072
-0.0997484
-0.044775
-0.0480189
-0.0512446
-0.0544493
-0.0576307
-0.0607865
-0.0639139
-0.0670101
-0.0700723
-0.0730981
-0.0760852
-0.0790314
-0.0819348
-0.0847933
-0.0876056
-0.0903696
-0.0930852
-0.0957502
-0.0983686
-0.100943
-0.0452535
-0.0485741
-0.0518762
-0.0551572
-0.0584146
-0.0616454
-0.0648467
-0.0680153
-0.0711483
-0.0742432
-0.0772974
-0.0803085
-0.0832748
-0.0861938
-0.0890644
-0.0918841
-0.0946534
-0.0973694
-0.100039
-0.102668
-0.0458772
-0.0492922
-0.0526876
-0.0560605
-0.0594084
-0.0627285
-0.0660175
-0.0692723
-0.0724901
-0.0756679
-0.0788035
-0.0818943
-0.0849384
-0.0879335
-0.0908786
-0.0937708
-0.0966117
-0.0993974
-0.10214
-0.104845
-0.0466193
-0.0501427
-0.0536453
-0.0571245
-0.0605777
-0.064002
-0.0673941
-0.0707508
-0.0740691
-0.0773461
-0.0805795
-0.0837667
-0.0869059
-0.0899944
-0.0930318
-0.0960144
-0.0989454
-0.101819
-0.104654
-0.107456
-0.047481
-0.0511275
-0.0547519
-0.0583515
-0.0619241
-0.0654666
-0.0689757
-0.0724482
-0.075881
-0.0792714
-0.0826169
-0.0859149
-0.0891638
-0.0923607
-0.0955056
-0.0985943
-0.101631
-0.10461
-0.107553
-0.110471
-0.0484538
-0.0522367
-0.055996
-0.0597294
-0.0634345
-0.0671084
-0.0707478
-0.0743494
-0.0779103
-0.0814275
-0.084899
-0.0883217
-0.0916947
-0.0950144
-0.0982818
-0.101492
-0.10465
-0.107749
-0.110818
-0.113869
-0.0495353
-0.0534679
-0.0573751
-0.061255
-0.0651055
-0.0689235
-0.0727059
-0.0764493
-0.080151
-0.083808
-0.0874183
-0.090979
-0.0944892
-0.0979453
-0.101349
-0.104693
-0.107988
-0.111222
-0.114432
-0.117631
-0.0507222
-0.0548172
-0.0588849
-0.0629236
-0.0669315
-0.0709058
-0.0748433
-0.0787406
-0.0825951
-0.086404
-0.0901654
-0.0938764
-0.0975363
-0.101141
-0.104694
-0.108186
-0.11163
-0.115012
-0.118378
-0.12174
-0.052013
-0.0562828
-0.060523
-0.0647325
-0.0689096
-0.0730518
-0.0771558
-0.0812185
-0.0852374
-0.0892096
-0.0931336
-0.0970063
-0.100828
-0.104593
-0.108307
-0.111959
-0.115565
-0.119107
-0.12264
-0.126179
-0.0534065
-0.0578631
-0.0622875
-0.0666792
-0.0710369
-0.0753581
-0.0796397
-0.0838786
-0.0880726
-0.0922188
-0.0963161
-0.100361
-0.104355
-0.108291
-0.112176
-0.116
-0.119778
-0.123491
-0.127205
-0.130933
-0.0549018
-0.0595569
-0.0641769
-0.0687618
-0.073311
-0.0778218
-0.0822914
-0.0867168
-0.0910959
-0.0954261
-0.0997065
-0.103934
-0.108109
-0.112227
-0.116293
-0.120297
-0.124258
-0.128152
-0.132055
-0.135982
-0.0564997
-0.0613647
-0.066191
-0.0709798
-0.0757306
-0.0804411
-0.0851083
-0.0897295
-0.094303
-0.0988262
-0.103299
-0.107717
-0.112082
-0.116389
-0.120646
-0.124838
-0.12899
-0.133074
-0.137176
-0.14131
-0.0581978
-0.0632838
-0.0683272
-0.0733305
-0.0782931
-0.0832127
-0.0880867
-0.0929127
-0.0976891
-0.102413
-0.107086
-0.111702
-0.116266
-0.12077
-0.125224
-0.129611
-0.133961
-0.138241
-0.142548
-0.146895
-0.0599996
-0.0653161
-0.0705869
-0.0758143
-0.0809977
-0.0861352
-0.0912242
-0.0962628
-0.101249
-0.106182
-0.111061
-0.115883
-0.12065
-0.125356
-0.130013
-0.134601
-0.139155
-0.143635
-0.148152
-0.152716
-0.0619053
-0.0674612
-0.072969
-0.0784298
-0.0838426
-0.0892059
-0.0945173
-0.0997755
-0.104979
-0.110126
-0.115217
-0.120249
-0.125225
-0.130138
-0.135001
-0.139794
-0.144553
-0.149237
-0.153967
-0.158749
-0.0639101
-0.0697173
-0.0754717
-0.0811747
-0.0868251
-0.0924217
-0.0979622
-0.103446
-0.108871
-0.114238
-0.119544
-0.124791
-0.129978
-0.135102
-0.140172
-0.145173
-0.150139
-0.155028
-0.15997
-0.164971
-0.0660156
-0.0720845
-0.0780946
-0.0840481
-0.0899434
-0.0957801
-0.101555
-0.10727
-0.112921
-0.118511
-0.124036
-0.1295
-0.134897
-0.140234
-0.145511
-0.150721
-0.155892
-0.160988
-0.166138
-0.171359
-0.0682233
-0.0745635
-0.0808378
-0.087049
-0.0931957
-0.0992779
-0.105292
-0.111242
-0.117121
-0.122938
-0.12868
-0.134364
-0.139971
-0.145522
-0.151001
-0.156421
-0.16179
-0.167095
-0.172446
-0.17789
-0.0705324
-0.0771527
-0.0836992
-0.0901752
-0.096579
-0.102911
-0.109169
-0.115355
-0.121464
-0.127508
-0.133468
-0.139371
-0.145185
-0.150952
-0.156626
-0.162258
-0.167815
-0.173328
-0.178868
-0.184536
-0.0729435
-0.0798523
-0.0866784
-0.093425
-0.100091
-0.106676
-0.113179
-0.119604
-0.125942
-0.132211
-0.138386
-0.144505
-0.150518
-0.156499
-0.16236
-0.168208
-0.173941
-0.179666
-0.185379
-0.191266
-0.0754565
-0.0826616
-0.0897738
-0.0967962
-0.103727
-0.110569
-0.117318
-0.12398
-0.130548
-0.137038
-0.143424
-0.149754
-0.155958
-0.162145
-0.168173
-0.174234
-0.180119
-0.186066
-0.191931
-0.198041
-0.0780709
-0.0855796
-0.092984
-0.100287
-0.107487
-0.114585
-0.121581
-0.12848
-0.135275
-0.141984
-0.14858
-0.155115
-0.161509
-0.167895
-0.174078
-0.180345
-0.186341
-0.192511
-0.198478
-0.204825
-0.0807857
-0.0886042
-0.0963061
-0.103893
-0.111364
-0.11872
-0.125961
-0.133094
-0.140114
-0.147035
-0.153838
-0.160571
-0.167156
-0.173736
-0.180082
-0.186556
-0.192646
-0.199046
-0.205042
-0.211638
-0.0836015
-0.0917341
-0.0997359
-0.107608
-0.115349
-0.122959
-0.130441
-0.137798
-0.145029
-0.152145
-0.159135
-0.166037
-0.172791
-0.179529
-0.18603
-0.192691
-0.198889
-0.205552
-0.211555
-0.218469
-0.0865225
-0.0949738
-0.103275
-0.11143
-0.119435
-0.127292
-0.135001
-0.142567
-0.14999
-0.157278
-0.164426
-0.171458
-0.178339
-0.185169
-0.191777
-0.198539
-0.204825
-0.211732
-0.21775
-0.225148
-0.0895419
-0.0983267
-0.106941
-0.115387
-0.123665
-0.131777
-0.139724
-0.14751
-0.155138
-0.162614
-0.169938
-0.177122
-0.184151
-0.191083
-0.197805
-0.204613
-0.210965
-0.218008
-0.223962
-0.231919
-0.0926312
-0.101775
-0.11074
-0.119521
-0.128117
-0.136529
-0.144762
-0.152823
-0.160715
-0.168445
-0.176019
-0.183442
-0.190712
-0.19785
-0.204798
-0.211714
-0.218219
-0.225247
-0.231143
-0.239389
-0.095816
-0.105273
-0.114549
-0.123626
-0.132494
-0.141152
-0.149609
-0.157871
-0.165948
-0.173847
-0.181579
-0.189151
-0.196572
-0.203844
-0.210959
-0.217951
-0.224651
-0.231483
-0.237479
-0.245393
-0.10539
-0.115053
-0.124132
-0.132383
-0.139588
-0.145577
-0.150194
-0.153309
-0.154791
-0.154561
-0.152573
-0.148861
-0.143483
-0.136573
-0.128293
-0.118885
-0.108607
-0.0977819
-0.0866989
-0.0757016
-0.0650199
-0.0549384
-0.0455679
-0.0370844
-0.0294419
-0.0227081
-0.0167196
-0.0114329
-0.00663001
-0.00218748
-0.106118
-0.115829
-0.124917
-0.133152
-0.140327
-0.146284
-0.150863
-0.153931
-0.155353
-0.155055
-0.152998
-0.149215
-0.143768
-0.136788
-0.128441
-0.118972
-0.10864
-0.0977675
-0.0866497
-0.0756254
-0.0649295
-0.0548421
-0.0454731
-0.0369972
-0.0293646
-0.0226438
-0.0166687
-0.0113958
-0.00660839
-0.00217995
-0.107451
-0.11727
-0.126376
-0.134579
-0.141703
-0.147602
-0.152112
-0.155088
-0.156398
-0.155976
-0.15379
-0.149876
-0.144297
-0.137187
-0.128718
-0.119132
-0.1087
-0.0977396
-0.0865571
-0.0754826
-0.064761
-0.0546618
-0.0452965
-0.036834
-0.0292205
-0.0225236
-0.0165741
-0.0113265
-0.00656804
-0.00216527
-0.109358
-0.119321
-0.128443
-0.136594
-0.143646
-0.149464
-0.153871
-0.156715
-0.157864
-0.157266
-0.154899
-0.150801
-0.145038
-0.137743
-0.129103
-0.119353
-0.108782
-0.0976977
-0.0864251
-0.0752806
-0.0645236
-0.0544081
-0.0450489
-0.0366048
-0.0290187
-0.0223552
-0.0164418
-0.0112293
-0.00651159
-0.00214436
-0.111778
-0.121913
-0.131041
-0.139121
-0.146084
-0.151799
-0.156075
-0.158746
-0.159692
-0.158873
-0.156281
-0.15195
-0.145957
-0.138433
-0.129578
-0.119625
-0.10888
-0.0976409
-0.0862568
-0.0750254
-0.0642257
-0.0540899
-0.0447397
-0.0363185
-0.0287674
-0.0221456
-0.0162772
-0.0111083
-0.00644143
-0.00211792
-0.114679
-0.125004
-0.134115
-0.142104
-0.148962
-0.154554
-0.158667
-0.161128
-0.161831
-0.160753
-0.157894
-0.153292
-0.147027
-0.139234
-0.130127
-0.119936
-0.108987
-0.0975681
-0.0860547
-0.0747223
-0.0638744
-0.0537153
-0.0443774
-0.035983
-0.0284737
-0.0219008
-0.0160852
-0.0109668
-0.0063597
-0.00208655
-0.118029
-0.128547
-0.137615
-0.145492
-0.152229
-0.157676
-0.161596
-0.163811
-0.164235
-0.162864
-0.159705
-0.154794
-0.148223
-0.140127
-0.130737
-0.120277
-0.1091
-0.0974781
-0.0858209
-0.0743757
-0.0634763
-0.053291
-0.0439695
-0.0356051
-0.028144
-0.0216262
-0.0158701
-0.0108081
-0.00626831
-0.00205076
-0.121804
-0.132507
-0.141496
-0.149241
-0.155841
-0.161122
-0.164815
-0.16675
-0.166864
-0.16517
-0.16168
-0.156429
-0.149522
-0.141094
-0.131394
-0.120639
-0.109213
-0.0973699
-0.0855572
-0.0739896
-0.063037
-0.0528234
-0.0435226
-0.0351912
-0.0277841
-0.0213266
-0.0156357
-0.010635
-0.00616897
-0.002011
-0.12598
-0.136847
-0.145719
-0.15331
-0.159757
-0.164848
-0.168282
-0.169905
-0.169682
-0.167639
-0.163791
-0.158174
-0.150905
-0.14212
-0.132086
-0.121016
-0.109323
-0.0972426
-0.0852655
-0.0735676
-0.0625616
-0.0523179
-0.0430428
-0.0347468
-0.0273992
-0.0210063
-0.0153855
-0.0104499
-0.0060632
-0.00196768
-0.130537
-0.141535
-0.150244
-0.157661
-0.16394
-0.168815
-0.171958
-0.17324
-0.172656
-0.170243
-0.166012
-0.160007
-0.152353
-0.143191
-0.132805
-0.1214
-0.109426
-0.0970958
-0.0849475
-0.073113
-0.0620549
-0.0517798
-0.0425354
-0.0342769
-0.0269938
-0.0206693
-0.0151225
-0.0102551
-0.00595235
-0.00192117
-0.135454
-0.146536
-0.155038
-0.16226
-0.168354
-0.172985
-0.175805
-0.176722
-0.175757
-0.172953
-0.16832
-0.161908
-0.153852
-0.144295
-0.13354
-0.121787
-0.109519
-0.096929
-0.0846049
-0.072629
-0.0615211
-0.0512137
-0.0420053
-0.0337861
-0.026572
-0.020319
-0.0148493
-0.0100526
-0.0058376
-0.00187179
-0.14071
-0.15182
-0.160067
-0.167075
-0.172966
-0.177325
-0.179791
-0.180322
-0.178958
-0.175748
-0.170694
-0.163861
-0.155386
-0.145423
-0.134284
-0.122172
-0.109601
-0.0967423
-0.0842396
-0.0721186
-0.0609641
-0.0506239
-0.041457
-0.0332785
-0.0261376
-0.0199585
-0.0145685
-0.00984437
-0.00572
-0.00181987
-0.146285
-0.157351
-0.165297
-0.172076
-0.177745
-0.181801
-0.183885
-0.184012
-0.182235
-0.178604
-0.173115
-0.165849
-0.156944
-0.146564
-0.135031
-0.12255
-0.109668
-0.0965359
-0.0838532
-0.0715848
-0.0603875
-0.0500145
-0.0408944
-0.0327577
-0.0256939
-0.0195906
-0.0142822
-0.00963189
-0.00560046
-0.0017657
-0.152154
-0.163097
-0.1707
-0.177233
-0.182661
-0.186382
-0.18806
-0.18777
-0.185567
-0.181503
-0.175568
-0.167861
-0.158516
-0.147711
-0.135775
-0.122919
-0.10972
-0.0963104
-0.0834475
-0.0710303
-0.0597947
-0.0493892
-0.0403212
-0.0322272
-0.0252437
-0.0192178
-0.0139922
-0.00941669
-0.00547979
-0.00170959
-0.158294
-0.169023
-0.176245
-0.18252
-0.187683
-0.191039
-0.19229
-0.191573
-0.188933
-0.184428
-0.178038
-0.169884
-0.160091
-0.148857
-0.136511
-0.123276
-0.109756
-0.0960666
-0.0830244
-0.0704581
-0.0591889
-0.0487514
-0.0397407
-0.0316901
-0.0247899
-0.0188423
-0.0137004
-0.00920008
-0.0053587
-0.00165182
-0.164678
-0.175094
-0.181905
-0.187911
-0.192784
-0.195745
-0.196555
-0.195402
-0.192316
-0.187363
-0.180511
-0.171908
-0.161662
-0.149997
-0.137235
-0.123619
-0.109776
-0.0958054
-0.0825855
-0.0698707
-0.058573
-0.0481045
-0.0391559
-0.0311491
-0.0243346
-0.0184662
-0.0134082
-0.00898325
-0.00523784
-0.00159268
-0.171278
-0.181277
-0.187655
-0.193384
-0.197937
-0.200477
-0.200835
-0.19924
-0.195701
-0.190295
-0.182978
-0.173924
-0.163221
-0.151124
-0.137943
-0.123947
-0.109778
-0.095528
-0.0821327
-0.069271
-0.05795
-0.0474515
-0.0385696
-0.030607
-0.0238803
-0.0180912
-0.0131171
-0.00876731
-0.00511775
-0.00153246
-0.178061
-0.187539
-0.19347
-0.198915
-0.203116
-0.205213
-0.205112
-0.203069
-0.199073
-0.193212
-0.185427
-0.175924
-0.164762
-0.152236
-0.138633
-0.124258
-0.109763
-0.0952358
-0.0816681
-0.0686616
-0.0573225
-0.0467953
-0.0379845
-0.0300661
-0.0234288
-0.0177192
-0.0128283
-0.00855324
-0.00499897
-0.00147146
-0.184991
-0.19385
-0.19933
-0.204479
-0.2083
-0.209934
-0.209369
-0.206875
-0.202418
-0.196103
-0.18785
-0.177901
-0.166281
-0.153328
-0.139303
-0.124553
-0.109731
-0.0949303
-0.0811936
-0.0680453
-0.0566932
-0.0461389
-0.0374029
-0.0295288
-0.0229821
-0.0173516
-0.0125432
-0.00834196
-0.00488195
-0.00140997
-0.192027
-0.200178
-0.20521
-0.210052
-0.213464
-0.214622
-0.213592
-0.210644
-0.205726
-0.198958
-0.19024
-0.179848
-0.167771
-0.154397
-0.13995
-0.124829
-0.109684
-0.0946133
-0.0807116
-0.0674251
-0.0560649
-0.0454851
-0.0368273
-0.0289973
-0.0225419
-0.01699
-0.0122628
-0.00813433
-0.00476713
-0.00134827
-0.199126
-0.206494
-0.211091
-0.215611
-0.218588
-0.21926
-0.217766
-0.214361
-0.208984
-0.201765
-0.192586
-0.181759
-0.169228
-0.155439
-0.140573
-0.125088
-0.109621
-0.0942868
-0.0802243
-0.0668037
-0.0554403
-0.0448368
-0.03626
-0.0284739
-0.0221099
-0.0166358
-0.0119882
-0.00793114
-0.00465491
-0.00128666
-0.206244
-0.212771
-0.216952
-0.22113
-0.223652
-0.223833
-0.221876
-0.218013
-0.21218
-0.204516
-0.194881
-0.183626
-0.170647
-0.156452
-0.141171
-0.12533
-0.109545
-0.093953
-0.0797344
-0.0661844
-0.0548221
-0.0441968
-0.0357032
-0.0279607
-0.0216879
-0.0162902
-0.0117205
-0.00773311
-0.00454565
-0.00122543
-0.213334
-0.218984
-0.222771
-0.226587
-0.228637
-0.228324
-0.225907
-0.221584
-0.215301
-0.207198
-0.197116
-0.185442
-0.172022
-0.157431
-0.141742
-0.125553
-0.109456
-0.0936141
-0.0792445
-0.0655702
-0.054213
-0.0435679
-0.0351591
-0.0274597
-0.0212772
-0.0159544
-0.0114605
-0.00754092
-0.00443968
-0.00116484
-0.220348
-0.225109
-0.228529
-0.231957
-0.233523
-0.232713
-0.229839
-0.225061
-0.218331
-0.209798
-0.19928
-0.187198
-0.173348
-0.158373
-0.142284
-0.125759
-0.109355
-0.0932728
-0.0787577
-0.0649644
-0.0536159
-0.0429531
-0.0346298
-0.0269728
-0.0208794
-0.0156297
-0.0112093
-0.00735516
-0.00433728
-0.00110518
-0.227236
-0.231123
-0.234203
-0.237211
-0.238286
-0.236981
-0.23365
-0.228418
-0.221255
-0.212302
-0.201361
-0.188885
-0.174619
-0.159274
-0.142795
-0.125947
-0.109245
-0.0929315
-0.0782766
-0.0643703
-0.0530334
-0.0423548
-0.0341172
-0.0265018
-0.0204957
-0.015317
-0.0109674
-0.00717635
-0.00423869
-0.0010467
-0.233947
-0.237
-0.239763
-0.242317
-0.242897
-0.241101
-0.237316
-0.231634
-0.224053
-0.214693
-0.203346
-0.190493
-0.175827
-0.160129
-0.143275
-0.126116
-0.109127
-0.0925924
-0.0778038
-0.0637906
-0.0524677
-0.0417755
-0.0336228
-0.0260483
-0.0201272
-0.0150171
-0.0107356
-0.00700491
-0.00414411
-0.000989643
-0.240405
-0.24271
-0.245174
-0.247231
-0.247315
-0.245028
-0.240814
-0.234688
-0.226703
-0.216953
-0.205221
-0.192012
-0.176965
-0.160934
-0.14372
-0.126268
-0.109003
-0.0922582
-0.0773424
-0.0632286
-0.0519216
-0.0412177
-0.0331486
-0.0256139
-0.0197752
-0.014731
-0.0105146
-0.0068413
-0.00405376
-0.000934247
-0.246566
-0.248227
-0.250411
-0.251928
-0.251516
-0.248719
-0.244116
-0.237547
-0.229185
-0.219072
-0.206982
-0.19344
-0.178037
-0.161693
-0.144138
-0.126409
-0.108879
-0.0919362
-0.0768989
-0.06269
-0.0513994
-0.0406851
-0.0326971
-0.0252007
-0.019441
-0.0144596
-0.010305
-0.00668598
-0.00396791
-0.000880761
-0.252481
-0.253524
-0.255454
-0.256407
-0.255518
-0.25222
-0.246958
-0.240184
-0.231516
-0.221065
-0.208645
-0.194793
-0.179057
-0.16242
-0.144541
-0.126549
-0.108765
-0.0916321
-0.0764772
-0.0621771
-0.0509022
-0.040178
-0.032268
-0.0248083
-0.0191242
-0.0142025
-0.0101066
-0.00653867
-0.00388637
-0.000829239
-0.258126
-0.258371
-0.260101
-0.260536
-0.259283
-0.255687
-0.250513
-0.242851
-0.23373
-0.222918
-0.210163
-0.196009
-0.179952
-0.163039
-0.144854
-0.126619
-0.108598
-0.0912929
-0.0760331
-0.0616562
-0.0504032
-0.0396775
-0.0318466
-0.0244264
-0.0188173
-0.0139541
-0.00991534
-0.00639683
-0.00380715
-0.000779273
-0.263293
-0.262094
-0.263607
-0.263414
-0.261668
-0.257468
-0.251519
-0.244123
-0.234858
-0.223837
-0.210873
-0.196518
-0.180243
-0.163142
-0.144747
-0.126354
-0.108176
-0.0907708
-0.0754561
-0.0610478
-0.0498406
-0.0391365
-0.0313958
-0.024024
-0.018496
-0.0136937
-0.0097143
-0.00624759
-0.00372166
-0.000726137
-0.267249
-0.266856
-0.26832
-0.267286
-0.264852
-0.259967
-0.253691
-0.245428
-0.235618
-0.224139
-0.210804
-0.196124
-0.179558
-0.162246
-0.143645
-0.125157
-0.106901
-0.0895193
-0.0742791
-0.0599655
-0.0489275
-0.0383295
-0.0307644
-0.0234882
-0.0180885
-0.0133756
-0.00947681
-0.00607656
-0.00362619
-0.000667529
-0.271456
-0.270822
-0.271783
-0.269837
-0.266791
-0.261264
-0.254589
-0.246183
-0.236136
-0.224376
-0.210787
-0.195865
-0.179059
-0.161557
-0.142755
-0.124164
-0.105809
-0.0884266
-0.0732222
-0.058978
-0.0480766
-0.0375686
-0.0301611
-0.0229719
-0.0176931
-0.0130649
-0.00924373
-0.00590783
-0.00353149
-0.000608375
-0.275495
-0.274513
-0.275107
-0.272373
-0.268883
-0.262973
-0.255875
-0.24695
-0.236558
-0.224485
-0.210647
-0.195494
-0.178473
-0.160809
-0.141832
-0.123164
-0.104728
-0.0873593
-0.0721996
-0.0580292
-0.0472638
-0.0368434
-0.0295886
-0.022482
-0.0173191
-0.0127703
-0.00902257
-0.00574683
-0.00344053
-0.000550172
-0.279318
-0.277668
-0.277847
-0.274292
-0.270319
-0.263752
-0.256577
-0.247376
-0.23677
-0.224456
-0.21042
-0.195068
-0.177862
-0.160053
-0.140919
-0.122186
-0.103677
-0.0863291
-0.0712127
-0.0571171
-0.0464827
-0.0361482
-0.0290412
-0.022014
-0.0169633
-0.0124899
-0.00881253
-0.00559337
-0.00335343
-0.000493354
-0.282984
-0.280195
-0.280076
-0.275814
-0.271555
-0.264744
-0.257199
-0.247656
-0.236837
-0.2243
-0.210094
-0.194572
-0.177209
-0.159282
-0.140015
-0.121237
-0.102666
-0.0853469
-0.0702732
-0.0562531
-0.0457423
-0.0354907
-0.0285238
-0.0215722
-0.0166285
-0.0122254
-0.00861468
-0.00544806
-0.00327037
-0.000438244
-0.286359
-0.282135
-0.28178
-0.276871
-0.272371
-0.265145
-0.257467
-0.247703
-0.236735
-0.224017
-0.209678
-0.194012
-0.176522
-0.1585
-0.139125
-0.120317
-0.101699
-0.0844169
-0.069386
-0.0554419
-0.0450467
-0.0348749
-0.0280396
-0.0211594
-0.0163167
-0.0119784
-0.00843031
-0.00531179
-0.0031917
-0.000385266
-0.289524
-0.283413
-0.283028
-0.277535
-0.272869
-0.26544
-0.25758
-0.247592
-0.236498
-0.223624
-0.20918
-0.193395
-0.175806
-0.157711
-0.138252
-0.119432
-0.100781
-0.0835443
-0.0685562
-0.0546883
-0.0443997
-0.0343043
-0.0275909
-0.0207777
-0.0160295
-0.0117503
-0.00826041
-0.00518526
-0.00311774
-0.00033486
-0.292244
-0.284094
-0.283879
-0.277892
-0.273166
-0.265436
-0.257476
-0.247325
-0.236139
-0.223139
-0.208613
-0.192732
-0.175068
-0.156921
-0.137404
-0.118587
-0.0999168
-0.0827335
-0.0677882
-0.0539962
-0.0438044
-0.0337817
-0.0271795
-0.0204288
-0.0157682
-0.0115421
-0.00810572
-0.00506906
-0.00304873
-0.000287438
-0.294122
-0.284374
-0.28443
-0.277953
-0.273208
-0.265279
-0.257244
-0.246944
-0.235689
-0.22258
-0.207994
-0.192036
-0.174321
-0.156137
-0.136584
-0.117785
-0.099111
-0.0819874
-0.067085
-0.0533682
-0.0432628
-0.0333087
-0.0268066
-0.0201136
-0.0155334
-0.0113543
-0.00796675
-0.00496363
-0.00298488
-0.000243369
-0.295133
-0.2844
-0.284712
-0.277811
-0.273113
-0.264965
-0.256897
-0.24647
-0.23517
-0.221972
-0.207341
-0.191322
-0.173573
-0.15537
-0.135801
-0.117031
-0.0983669
-0.0813083
-0.066449
-0.0528055
-0.0427761
-0.0328859
-0.0264724
-0.0198325
-0.0153252
-0.0111873
-0.00784376
-0.00486923
-0.00292631
-0.00020296
-0.295467
-0.284279
-0.284767
-0.277527
-0.27288
-0.26456
-0.256479
-0.245941
-0.23461
-0.221335
-0.206673
-0.190606
-0.17284
-0.154627
-0.13506
-0.116329
-0.0976873
-0.0806976
-0.0658811
-0.0523084
-0.0423443
-0.032513
-0.0261764
-0.019585
-0.0151434
-0.0110412
-0.00773672
-0.00478598
-0.00287314
-0.000166439
-0.295411
-0.28401
-0.284683
-0.277126
-0.272572
-0.26409
-0.25601
-0.245385
-0.234029
-0.220695
-0.20601
-0.189906
-0.172131
-0.15392
-0.134369
-0.115683
-0.0970749
-0.0801559
-0.0653817
-0.051876
-0.0419668
-0.0321888
-0.0259177
-0.0193702
-0.0149871
-0.0109156
-0.00764538
-0.0047138
-0.00282541
-0.000133949
-0.294985
-0.283696
-0.28444
-0.27669
-0.272213
-0.263591
-0.255541
-0.244821
-0.233461
-0.220068
-0.205368
-0.189237
-0.171464
-0.15326
-0.133735
-0.115098
-0.0965321
-0.0796837
-0.0649505
-0.0515067
-0.0416421
-0.0319113
-0.0256945
-0.0191866
-0.0148552
-0.0108098
-0.00756925
-0.00465248
-0.00278316
-0.000105545
-0.294279
-0.283422
-0.284074
-0.276279
-0.27178
-0.26313
-0.255046
-0.244301
-0.232911
-0.219489
-0.204775
-0.188622
-0.170847
-0.152657
-0.133166
-0.114581
-0.0960613
-0.0792813
-0.0645868
-0.0511983
-0.0413683
-0.031678
-0.0255052
-0.0190324
-0.0147463
-0.0107233
-0.00750768
-0.00460163
-0.00274638
-8.12028e-05
-0.293555
-0.28303
-0.283727
-0.275845
-0.271414
-0.262679
-0.25461
-0.243818
-0.232418
-0.218964
-0.204237
-0.188068
-0.170307
-0.152129
-0.132669
-0.114135
-0.0956651
-0.0789489
-0.0642897
-0.0509485
-0.0411435
-0.0314862
-0.0253477
-0.0189057
-0.0146589
-0.0106549
-0.00745989
-0.0045608
-0.00271507
-6.08409e-05
-0.292844
-0.282652
-0.283396
-0.275462
-0.27104
-0.262291
-0.254225
-0.243407
-0.231997
-0.218519
-0.203784
-0.187598
-0.169846
-0.151678
-0.132257
-0.11377
-0.0953466
-0.0786869
-0.0640584
-0.0507548
-0.0409657
-0.0313333
-0.0252202
-0.0188046
-0.0145915
-0.0106038
-0.00742505
-0.00452944
-0.00268921
-4.43401e-05
-0.292225
-0.282307
-0.283125
-0.275139
-0.270782
-0.26198
-0.253923
-0.243082
-0.231666
-0.218169
-0.203425
-0.187227
-0.169481
-0.151322
-0.131936
-0.113489
-0.095107
-0.0784959
-0.0638921
-0.0506149
-0.0408332
-0.0312169
-0.0251212
-0.0187275
-0.0145428
-0.0105689
-0.00740232
-0.004507
-0.0026688
-3.15733e-05
-0.291773
-0.282051
-0.282931
-0.27491
-0.270577
-0.261764
-0.253714
-0.24286
-0.23144
-0.217928
-0.203176
-0.186966
-0.169223
-0.151072
-0.131711
-0.113296
-0.0949532
-0.0783766
-0.0637899
-0.0505272
-0.0407445
-0.0311351
-0.0250497
-0.0186731
-0.0145116
-0.0105496
-0.00739096
-0.00449299
-0.00265385
-2.24327e-05
-0.29153
-0.281912
-0.282831
-0.274791
-0.270483
-0.261658
-0.253613
-0.242752
-0.231328
-0.217806
-0.203045
-0.186825
-0.16908
-0.150933
-0.131589
-0.113199
-0.0948833
-0.0783297
-0.0637512
-0.0504897
-0.0406985
-0.0310866
-0.0250048
-0.0186409
-0.0144972
-0.0105451
-0.00739032
-0.00448699
-0.0026444
-1.68511e-05
)
;

boundaryField
{
    inlet
    {
        type            zeroGradient;
    }
    outlet
    {
        type            fixedValue;
        value           uniform 0;
    }
    cylinder
    {
        type            zeroGradient;
    }
    top
    {
        type            symmetryPlane;
    }
    bottom
    {
        type            symmetryPlane;
    }
    defaultFaces
    {
        type            empty;
    }
}


// ************************************************************************* //
