/*--------------------------------*- C++ -*----------------------------------*\
  =========                 |
  \\      /  F ield         | OpenFOAM: The Open Source CFD Toolbox
   \\    /   O peration     | Website:  https://openfoam.org
    \\  /    A nd           | Version:  9
     \\/     M anipulation  |
\*---------------------------------------------------------------------------*/
FoamFile
{
    format      ascii;
    class       volScalarField;
    location    "1";
    object      p;
}
// * * * * * * * * * * * * * * * * * * * * * * * * * * * * * * * * * * * * * //

dimensions      [0 2 -2 0 0 0 0];

internalField   nonuniform List<scalar> 
8500
(
-0.228866
-0.23933
-0.207745
-0.142209
-0.0537302
0.0184793
0.0627906
0.0822218
0.0806405
0.074153
-0.232783
-0.243152
-0.212164
-0.147017
-0.0583622
0.0143653
0.059371
0.0794672
0.0785678
0.0725209
-0.24048
-0.250654
-0.22083
-0.156462
-0.0674096
0.00631264
0.0526643
0.0740551
0.0744856
0.069302
-0.251693
-0.261565
-0.233417
-0.170205
-0.0804652
-0.00534584
0.0429238
0.0661709
0.0685157
0.0645839
-0.266051
-0.275504
-0.249511
-0.187737
-0.0969801
-0.020159
0.030502
0.0560727
0.0608304
0.0584913
-0.283096
-0.292011
-0.268544
-0.208075
-0.1167
-0.0376143
0.0158249
0.0440736
0.0516436
0.0511777
-0.302321
-0.310555
-0.289799
-0.230665
-0.13876
-0.0571312
-0.000636697
0.0305223
0.0411972
0.0428191
-0.3232
-0.330565
-0.312653
-0.254782
-0.162381
-0.0781031
-0.0183974
0.0157849
0.0297469
0.0336067
-0.345219
-0.351508
-0.336427
-0.279744
-0.186822
-0.0999283
-0.036986
0.000228704
0.0175459
0.0237376
-0.3679
-0.372909
-0.360531
-0.304953
-0.211412
-0.12204
-0.0559693
-0.0157949
0.00483079
0.0134107
-0.390826
-0.394386
-0.38447
-0.329797
-0.235563
-0.143933
-0.0749674
-0.0319662
-0.00818837
0.00282625
-0.413664
-0.415741
-0.407647
-0.35377
-0.258796
-0.165184
-0.0936596
-0.0480109
-0.0213243
-0.00783633
-0.43618
-0.436511
-0.429894
-0.376471
-0.280741
-0.185467
-0.111781
-0.0637055
-0.0344001
-0.0184268
-0.458203
-0.456525
-0.45107
-0.397611
-0.301143
-0.204548
-0.129121
-0.0788766
-0.0472443
-0.0288083
-0.479653
-0.475726
-0.47113
-0.417007
-0.319847
-0.222282
-0.145521
-0.0933919
-0.059701
-0.0388549
-0.500597
-0.494079
-0.490131
-0.43458
-0.336785
-0.238597
-0.160877
-0.107154
-0.0716374
-0.0484323
-0.521125
-0.511644
-0.508189
-0.450339
-0.351964
-0.25348
-0.17513
-0.1201
-0.0829328
-0.0573521
-0.541361
-0.528532
-0.525435
-0.464363
-0.365439
-0.26696
-0.188261
-0.132211
-0.0934653
-0.0654
-0.561443
-0.544915
-0.541973
-0.476784
-0.377307
-0.27909
-0.200287
-0.1435
-0.103143
-0.0726167
-0.581503
-0.560976
-0.55785
-0.487763
-0.387679
-0.289939
-0.211246
-0.153976
-0.112006
-0.0798549
-0.601634
-0.57692
-0.573034
-0.497472
-0.39668
-0.299579
-0.221182
-0.163608
-0.120273
-0.0882068
-0.621877
-0.592948
-0.587421
-0.506068
-0.404432
-0.308079
-0.230126
-0.172357
-0.128137
-0.0963773
-0.642208
-0.609237
-0.600851
-0.51368
-0.411051
-0.315502
-0.238101
-0.18023
-0.135423
-0.103659
-0.662542
-0.625918
-0.61315
-0.520395
-0.416644
-0.3219
-0.245126
-0.187225
-0.142026
-0.11007
-0.68275
-0.643052
-0.624157
-0.526256
-0.421295
-0.327316
-0.251213
-0.193345
-0.147889
-0.115637
-0.702668
-0.66061
-0.633758
-0.531263
-0.425065
-0.331789
-0.256374
-0.198592
-0.152981
-0.120396
-0.722128
-0.678453
-0.641905
-0.535384
-0.427986
-0.335349
-0.260618
-0.202968
-0.157287
-0.12438
-0.740946
-0.696313
-0.648632
-0.538573
-0.430067
-0.338018
-0.263951
-0.206474
-0.160799
-0.1276
-0.758962
-0.713788
-0.654059
-0.540788
-0.431299
-0.339801
-0.266373
-0.209111
-0.163515
-0.130067
-0.776028
-0.730376
-0.658328
-0.541998
-0.431661
-0.340692
-0.267885
-0.210879
-0.165432
-0.131784
-0.792017
-0.745634
-0.661448
-0.542168
-0.43112
-0.340676
-0.268481
-0.211777
-0.166551
-0.132756
-0.806831
-0.759258
-0.663222
-0.541245
-0.429637
-0.33973
-0.268153
-0.211804
-0.166869
-0.132994
-0.820375
-0.770926
-0.663521
-0.539162
-0.427169
-0.337829
-0.26689
-0.210957
-0.16639
-0.132503
-0.832541
-0.780399
-0.662268
-0.535844
-0.423666
-0.334946
-0.264681
-0.209234
-0.165118
-0.131286
-0.843226
-0.787489
-0.65942
-0.53122
-0.419074
-0.331051
-0.261516
-0.206633
-0.163056
-0.129345
-0.852307
-0.792061
-0.654954
-0.525224
-0.413337
-0.326118
-0.257383
-0.203155
-0.160207
-0.126688
-0.859628
-0.794028
-0.648842
-0.517802
-0.406403
-0.320119
-0.252275
-0.198801
-0.156575
-0.123324
-0.865008
-0.793325
-0.641022
-0.508931
-0.398234
-0.313033
-0.246183
-0.193573
-0.152165
-0.119266
-0.868255
-0.789862
-0.631408
-0.498599
-0.388808
-0.30484
-0.239102
-0.187466
-0.146996
-0.11453
-0.869145
-0.783559
-0.619925
-0.486782
-0.378105
-0.295527
-0.231025
-0.180477
-0.141096
-0.109133
-0.86744
-0.774344
-0.606513
-0.473449
-0.366103
-0.285085
-0.221953
-0.172619
-0.134486
-0.103077
-0.862902
-0.762165
-0.591122
-0.458567
-0.352772
-0.273519
-0.211894
-0.163935
-0.127164
-0.0963606
-0.855299
-0.746984
-0.573709
-0.442104
-0.33809
-0.260861
-0.200893
-0.154491
-0.119104
-0.0890156
-0.844421
-0.728778
-0.554236
-0.424032
-0.322078
-0.247173
-0.189057
-0.144248
-0.11029
-0.0810614
-0.830084
-0.707541
-0.532656
-0.404343
-0.304849
-0.232493
-0.176311
-0.133245
-0.100765
-0.0725223
-0.812139
-0.683285
-0.508913
-0.383112
-0.28654
-0.216709
-0.162685
-0.121508
-0.0905688
-0.0634279
-0.790482
-0.656071
-0.482968
-0.360571
-0.266972
-0.199862
-0.148208
-0.109064
-0.0797416
-0.0538113
-0.765056
-0.626021
-0.454906
-0.336571
-0.246234
-0.182002
-0.132917
-0.0959446
-0.06832
-0.0437075
-0.73585
-0.593278
-0.424988
-0.310923
-0.224364
-0.163187
-0.116851
-0.0821869
-0.0563418
-0.0331531
-0.7029
-0.55785
-0.393308
-0.283741
-0.201405
-0.143482
-0.100057
-0.0678318
-0.0438473
-0.0221874
-0.666303
-0.519515
-0.360155
-0.255165
-0.177411
-0.122955
-0.0825919
-0.0529264
-0.0308808
-0.0108537
-0.626224
-0.478342
-0.325583
-0.225347
-0.152448
-0.101683
-0.0645207
-0.0375241
-0.0174911
0.000797014
-0.582829
-0.434635
-0.289554
-0.194434
-0.126604
-0.0797465
-0.0459163
-0.0216849
-0.00373181
0.012706
-0.536143
-0.388927
-0.252099
-0.162567
-0.0999789
-0.057232
-0.0268572
-0.0054736
0.0103427
0.0248106
-0.48618
-0.341836
-0.213336
-0.129878
-0.0726828
-0.0342302
-0.0074255
0.0110448
0.0246832
0.03705
-0.433402
-0.293508
-0.173434
-0.096502
-0.0448357
-0.0108369
0.0122952
0.0278117
0.0392456
0.0493461
-0.378176
-0.244102
-0.132593
-0.062576
-0.0165637
0.0128467
0.0322238
0.044779
0.0539698
0.0615236
-0.320888
-0.19382
-0.0910348
-0.0282473
0.0120006
0.0367149
0.0522838
0.0619035
0.0687399
0.0732261
-0.261936
-0.142894
-0.0489897
0.00632745
0.0407198
0.0606594
0.0724018
0.0791169
0.0833611
0.0841083
-0.201732
-0.0915795
-0.00669676
0.0409828
0.0694523
0.0845704
0.0924963
0.0962896
0.097621
0.0944307
-0.140703
-0.0401477
0.0356019
0.0755461
0.0980541
0.108337
0.112469
0.113253
0.111415
0.105499
-0.0792815
0.0111171
0.0776634
0.10984
0.126381
0.131848
0.132207
0.129884
0.125002
0.117149
-0.017907
0.0619219
0.119246
0.143682
0.154286
0.154987
0.151606
0.146144
0.138417
0.128937
0.0429791
0.111969
0.16011
0.176891
0.181626
0.177636
0.170558
0.161982
0.1516
0.140665
0.102937
0.160959
0.200019
0.209284
0.208256
0.199678
0.188969
0.177345
0.164467
0.152127
0.161533
0.208596
0.23874
0.240682
0.234033
0.220996
0.206745
0.19217
0.176945
0.163212
0.21834
0.254589
0.276048
0.270908
0.258818
0.241476
0.223797
0.20639
0.188957
0.173829
0.272946
0.298657
0.311722
0.29979
0.282475
0.261008
0.24004
0.219936
0.200434
0.183912
0.324952
0.34053
0.345552
0.327163
0.304873
0.279486
0.25539
0.23274
0.211308
0.193404
0.37397
0.379962
0.377338
0.352868
0.325886
0.296808
0.269768
0.244737
0.221518
0.202258
0.419637
0.41672
0.406893
0.376754
0.345397
0.312881
0.283099
0.255864
0.231004
0.21043
0.461654
0.450559
0.434037
0.398679
0.363293
0.327613
0.295311
0.266063
0.23971
0.217882
0.499786
0.481209
0.458605
0.418512
0.379472
0.340925
0.30634
0.275278
0.247585
0.224582
0.533773
0.508461
0.480443
0.436134
0.393841
0.352741
0.316125
0.283459
0.254584
0.230499
0.563374
0.53214
0.499418
0.451438
0.406317
0.362995
0.324615
0.290561
0.260663
0.23561
0.588376
0.552101
0.515412
0.464334
0.416827
0.37163
0.331763
0.296543
0.265785
0.239896
0.608599
0.568218
0.528327
0.474744
0.42531
0.378597
0.337528
0.30137
0.26992
0.24334
0.623895
0.580393
0.538083
0.482606
0.431716
0.383857
0.341881
0.305015
0.273044
0.245931
0.634155
0.588552
0.544621
0.487874
0.436007
0.387381
0.344796
0.307457
0.275137
0.247662
0.639304
0.592644
0.5479
0.490516
0.438159
0.389147
0.346258
0.308682
0.276187
0.248528
0.639304
0.592644
0.5479
0.490516
0.438159
0.389147
0.346258
0.308682
0.276187
0.248528
0.634155
0.588552
0.544621
0.487874
0.436007
0.387381
0.344796
0.307457
0.275137
0.247662
0.623895
0.580393
0.538083
0.482606
0.431716
0.383857
0.341881
0.305015
0.273044
0.245931
0.608599
0.568218
0.528327
0.474744
0.42531
0.378597
0.337528
0.30137
0.26992
0.24334
0.588376
0.552101
0.515412
0.464334
0.416827
0.37163
0.331763
0.296543
0.265785
0.239896
0.563374
0.53214
0.499418
0.451438
0.406317
0.362995
0.324615
0.290561
0.260663
0.23561
0.533773
0.508461
0.480443
0.436134
0.393841
0.352741
0.316125
0.283459
0.254584
0.230499
0.499786
0.481209
0.458605
0.418512
0.379472
0.340925
0.30634
0.275278
0.247585
0.224582
0.461654
0.450559
0.434037
0.398679
0.363293
0.327613
0.295311
0.266063
0.23971
0.217882
0.419637
0.41672
0.406893
0.376754
0.345397
0.312881
0.283099
0.255864
0.231004
0.21043
0.37397
0.379962
0.377338
0.352868
0.325886
0.296808
0.269768
0.244737
0.221518
0.202258
0.324952
0.34053
0.345552
0.327163
0.304873
0.279486
0.25539
0.23274
0.211308
0.193404
0.272946
0.298657
0.311722
0.29979
0.282475
0.261008
0.24004
0.219936
0.200434
0.183912
0.21834
0.254589
0.276048
0.270908
0.258818
0.241476
0.223797
0.20639
0.188957
0.173829
0.161533
0.208596
0.23874
0.240682
0.234033
0.220996
0.206745
0.19217
0.176945
0.163212
0.102937
0.160959
0.200019
0.209284
0.208256
0.199678
0.188969
0.177345
0.164467
0.152127
0.0429791
0.111969
0.16011
0.176891
0.181626
0.177636
0.170558
0.161982
0.1516
0.140665
-0.017907
0.0619219
0.119246
0.143682
0.154286
0.154987
0.151606
0.146144
0.138417
0.128937
-0.0792815
0.0111171
0.0776634
0.10984
0.126381
0.131848
0.132207
0.129884
0.125002
0.117149
-0.140703
-0.0401477
0.0356019
0.0755461
0.0980541
0.108337
0.112469
0.113253
0.111415
0.105499
-0.201732
-0.0915795
-0.00669676
0.0409828
0.0694523
0.0845704
0.0924963
0.0962896
0.097621
0.0944307
-0.261936
-0.142894
-0.0489897
0.00632745
0.0407198
0.0606594
0.0724018
0.0791169
0.0833611
0.0841083
-0.320888
-0.19382
-0.0910348
-0.0282473
0.0120006
0.0367149
0.0522838
0.0619035
0.0687399
0.0732261
-0.378176
-0.244102
-0.132593
-0.062576
-0.0165637
0.0128467
0.0322238
0.044779
0.0539698
0.0615236
-0.433402
-0.293508
-0.173434
-0.096502
-0.0448357
-0.0108369
0.0122952
0.0278117
0.0392456
0.0493461
-0.48618
-0.341836
-0.213336
-0.129878
-0.0726828
-0.0342302
-0.0074255
0.0110448
0.0246832
0.03705
-0.536143
-0.388927
-0.252099
-0.162567
-0.0999789
-0.057232
-0.0268572
-0.0054736
0.0103427
0.0248106
-0.582829
-0.434635
-0.289554
-0.194434
-0.126604
-0.0797465
-0.0459163
-0.0216849
-0.00373181
0.012706
-0.626224
-0.478342
-0.325583
-0.225347
-0.152448
-0.101683
-0.0645207
-0.0375241
-0.0174911
0.000797014
-0.666303
-0.519515
-0.360155
-0.255165
-0.177411
-0.122955
-0.0825919
-0.0529264
-0.0308808
-0.0108537
-0.702899
-0.55785
-0.393308
-0.283741
-0.201405
-0.143482
-0.100057
-0.0678318
-0.0438473
-0.0221874
-0.73585
-0.593278
-0.424988
-0.310923
-0.224364
-0.163187
-0.116851
-0.0821869
-0.0563418
-0.0331531
-0.765056
-0.626021
-0.454906
-0.336571
-0.246234
-0.182002
-0.132917
-0.0959446
-0.06832
-0.0437075
-0.790482
-0.656071
-0.482968
-0.360571
-0.266972
-0.199862
-0.148208
-0.109064
-0.0797416
-0.0538113
-0.812139
-0.683285
-0.508913
-0.383112
-0.28654
-0.216709
-0.162685
-0.121508
-0.0905688
-0.0634279
-0.830084
-0.707541
-0.532656
-0.404343
-0.304849
-0.232493
-0.176311
-0.133245
-0.100765
-0.0725223
-0.844421
-0.728778
-0.554236
-0.424032
-0.322078
-0.247173
-0.189057
-0.144248
-0.11029
-0.0810614
-0.855299
-0.746984
-0.573709
-0.442104
-0.33809
-0.260861
-0.200893
-0.154491
-0.119104
-0.0890156
-0.862902
-0.762165
-0.591122
-0.458567
-0.352772
-0.273519
-0.211894
-0.163935
-0.127164
-0.0963606
-0.86744
-0.774344
-0.606513
-0.473449
-0.366103
-0.285085
-0.221953
-0.172619
-0.134486
-0.103077
-0.869145
-0.783559
-0.619925
-0.486782
-0.378105
-0.295527
-0.231025
-0.180477
-0.141096
-0.109133
-0.868255
-0.789862
-0.631408
-0.498599
-0.388808
-0.30484
-0.239102
-0.187466
-0.146996
-0.11453
-0.865008
-0.793325
-0.641022
-0.508931
-0.398234
-0.313033
-0.246183
-0.193573
-0.152165
-0.119266
-0.859628
-0.794028
-0.648842
-0.517802
-0.406403
-0.320119
-0.252275
-0.198801
-0.156575
-0.123324
-0.852307
-0.792061
-0.654954
-0.525224
-0.413337
-0.326118
-0.257383
-0.203155
-0.160207
-0.126688
-0.843226
-0.787489
-0.65942
-0.53122
-0.419074
-0.331051
-0.261516
-0.206633
-0.163056
-0.129345
-0.832541
-0.780399
-0.662268
-0.535844
-0.423666
-0.334946
-0.264681
-0.209234
-0.165118
-0.131286
-0.820375
-0.770926
-0.663521
-0.539162
-0.427169
-0.337829
-0.26689
-0.210957
-0.16639
-0.132503
-0.806831
-0.759258
-0.663222
-0.541245
-0.429637
-0.33973
-0.268153
-0.211804
-0.166869
-0.132994
-0.792017
-0.745634
-0.661448
-0.542168
-0.43112
-0.340676
-0.268481
-0.211777
-0.166551
-0.132756
-0.776028
-0.730376
-0.658328
-0.541998
-0.431661
-0.340692
-0.267885
-0.210879
-0.165432
-0.131784
-0.758962
-0.713788
-0.654059
-0.540788
-0.431299
-0.339801
-0.266373
-0.209111
-0.163515
-0.130067
-0.740946
-0.696313
-0.648632
-0.538573
-0.430067
-0.338018
-0.263951
-0.206474
-0.160799
-0.1276
-0.722128
-0.678453
-0.641905
-0.535384
-0.427986
-0.335349
-0.260618
-0.202968
-0.157287
-0.12438
-0.702668
-0.66061
-0.633758
-0.531263
-0.425065
-0.331789
-0.256374
-0.198592
-0.152981
-0.120396
-0.68275
-0.643052
-0.624157
-0.526256
-0.421295
-0.327316
-0.251213
-0.193345
-0.147889
-0.115637
-0.662542
-0.625918
-0.61315
-0.520395
-0.416644
-0.3219
-0.245126
-0.187225
-0.142026
-0.11007
-0.642208
-0.609237
-0.600851
-0.51368
-0.411051
-0.315502
-0.238101
-0.18023
-0.135423
-0.103659
-0.621877
-0.592948
-0.587421
-0.506068
-0.404432
-0.308079
-0.230126
-0.172357
-0.128137
-0.0963773
-0.601634
-0.57692
-0.573034
-0.497472
-0.39668
-0.299579
-0.221182
-0.163608
-0.120273
-0.0882068
-0.581503
-0.560976
-0.55785
-0.487763
-0.387679
-0.289939
-0.211246
-0.153976
-0.112006
-0.0798549
-0.561443
-0.544915
-0.541973
-0.476784
-0.377307
-0.27909
-0.200287
-0.1435
-0.103143
-0.0726167
-0.541361
-0.528532
-0.525435
-0.464363
-0.365439
-0.26696
-0.188261
-0.132211
-0.0934653
-0.0654
-0.521125
-0.511644
-0.508189
-0.450339
-0.351964
-0.25348
-0.17513
-0.1201
-0.0829328
-0.0573521
-0.500597
-0.494079
-0.490131
-0.43458
-0.336785
-0.238597
-0.160877
-0.107154
-0.0716374
-0.0484323
-0.479653
-0.475726
-0.47113
-0.417007
-0.319847
-0.222282
-0.145521
-0.0933919
-0.059701
-0.0388549
-0.458203
-0.456525
-0.45107
-0.397611
-0.301143
-0.204548
-0.129121
-0.0788766
-0.0472443
-0.0288083
-0.43618
-0.436511
-0.429894
-0.376471
-0.280741
-0.185467
-0.111781
-0.0637055
-0.0344001
-0.0184268
-0.413664
-0.415741
-0.407647
-0.35377
-0.258796
-0.165184
-0.0936596
-0.0480109
-0.0213243
-0.00783633
-0.390826
-0.394386
-0.38447
-0.329797
-0.235563
-0.143933
-0.0749674
-0.0319662
-0.00818837
0.00282625
-0.3679
-0.372909
-0.360531
-0.304953
-0.211412
-0.12204
-0.0559693
-0.0157949
0.00483079
0.0134107
-0.345219
-0.351508
-0.336427
-0.279744
-0.186822
-0.0999283
-0.036986
0.000228704
0.0175459
0.0237376
-0.3232
-0.330565
-0.312653
-0.254782
-0.162381
-0.0781031
-0.0183974
0.0157849
0.0297469
0.0336067
-0.302321
-0.310555
-0.289799
-0.230665
-0.13876
-0.0571312
-0.000636697
0.0305223
0.0411972
0.0428191
-0.283096
-0.292011
-0.268544
-0.208075
-0.1167
-0.0376143
0.0158249
0.0440736
0.0516436
0.0511777
-0.266051
-0.275504
-0.249511
-0.187737
-0.0969801
-0.020159
0.030502
0.0560727
0.0608304
0.0584913
-0.251693
-0.261565
-0.233417
-0.170205
-0.0804652
-0.00534584
0.0429238
0.0661709
0.0685157
0.0645839
-0.24048
-0.250654
-0.22083
-0.156462
-0.0674096
0.00631264
0.0526643
0.0740551
0.0744856
0.069302
-0.232783
-0.243152
-0.212164
-0.147017
-0.0583622
0.0143653
0.059371
0.0794672
0.0785678
0.0725209
-0.228866
-0.23933
-0.207745
-0.142209
-0.0537302
0.0184793
0.0627906
0.0822218
0.0806405
0.074153
0.057277
0.0450589
0.0342491
0.0255921
0.0193138
0.0146258
0.0110603
0.00835857
0.00630708
0.00474196
0.00354682
0.00263034
0.00194474
0.00142207
0.00102852
0.000734928
0.000518082
0.000359863
0.000246003
0.000165432
0.000109273
7.08186e-05
4.49814e-05
2.79665e-05
1.69922e-05
1.00689e-05
5.78373e-06
3.16899e-06
1.55855e-06
4.64726e-07
0.0562017
0.0445594
0.0339483
0.0254209
0.0192203
0.0145698
0.0110263
0.00833789
0.00629416
0.00473375
0.00354164
0.00262439
0.00194235
0.00142042
0.00102739
0.000734141
0.000517531
0.000359476
0.000245731
0.000165244
0.000109144
7.07311e-05
4.49229e-05
2.79285e-05
1.69682e-05
1.00539e-05
5.77454e-06
3.16362e-06
1.55579e-06
4.6378e-07
0.05407
0.0435671
0.0333474
0.0250798
0.0190331
0.0144577
0.0109582
0.00829647
0.00626828
0.00471732
0.00353138
0.00263493
0.00193763
0.00141713
0.00102512
0.000732566
0.000516428
0.0003587
0.000245186
0.000164868
0.000108885
7.0556e-05
4.48064e-05
2.78524e-05
1.69196e-05
1.00238e-05
5.75649e-06
3.15339e-06
1.55063e-06
4.62168e-07
0.0509196
0.0420938
0.0324488
0.0245709
0.0187519
0.0142891
0.010856
0.00823424
0.00622939
0.0046926
0.00351549
0.0026192
0.00193018
0.00141218
0.00102172
0.000730203
0.000514774
0.000357537
0.00024437
0.000164304
0.000108498
7.02936e-05
4.46316e-05
2.77384e-05
1.68469e-05
9.97864e-06
5.72943e-06
3.13804e-06
1.54288e-06
4.59745e-07
0.046806
0.0401545
0.0312567
0.0238971
0.0183764
0.0140636
0.0107194
0.00815102
0.00617737
0.00465953
0.00349407
0.00260361
0.00192021
0.00140557
0.00101718
0.000727052
0.000512568
0.000355987
0.000243282
0.000163553
0.000107982
6.99439e-05
4.43989e-05
2.75865e-05
1.67501e-05
9.91853e-06
5.69339e-06
3.1176e-06
1.53256e-06
4.56519e-07
0.0418013
0.037766
0.029778
0.023062
0.0179059
0.0137808
0.0105484
0.00804662
0.00611211
0.00461803
0.00346717
0.0025854
0.00190783
0.00139729
0.00101149
0.000723113
0.000509811
0.000354049
0.000241923
0.000162614
0.000107337
6.95072e-05
4.41082e-05
2.73969e-05
1.66292e-05
9.84351e-06
5.6484e-06
3.09207e-06
1.51967e-06
4.52497e-07
0.0359919
0.0349458
0.0280225
0.0220689
0.0173397
0.0134402
0.0103425
0.00792078
0.00603344
0.00456801
0.00343478
0.00256312
0.00189299
0.00138732
0.00100466
0.000718384
0.000506501
0.000351724
0.000240292
0.000161489
0.000106565
6.89839e-05
4.37599e-05
2.71697e-05
1.64844e-05
9.75364e-06
5.5945e-06
3.0615e-06
1.50422e-06
4.47692e-07
0.0294759
0.0317119
0.0260017
0.0209208
0.0166772
0.0130414
0.0101014
0.00777318
0.00594118
0.00450937
0.00339686
0.00253743
0.00187589
0.00137568
0.00099667
0.000712864
0.00050264
0.000349013
0.000238391
0.000160178
0.000105664
6.83743e-05
4.33542e-05
2.69051e-05
1.63158e-05
9.64901e-06
5.53177e-06
3.0259e-06
1.48625e-06
4.42117e-07
0.0223596
0.0280764
0.023729
0.0196206
0.0159179
0.0125841
0.00982468
0.00760347
0.0058351
0.00444197
0.00335334
0.00250838
0.00185729
0.00136231
0.000987517
0.000706552
0.000498226
0.000345914
0.000236219
0.000158682
0.000104637
6.76788e-05
4.28915e-05
2.66033e-05
1.61235e-05
9.52972e-06
5.46025e-06
2.98532e-06
1.46576e-06
4.35787e-07
0.0147575
0.0240475
0.0212126
0.0181704
0.0150617
0.0120679
0.00951183
0.00741124
0.00571495
0.00436568
0.00330415
0.00247596
0.00183207
0.00134707
0.000977191
0.000699445
0.000493259
0.00034243
0.000233778
0.000157
0.000103483
6.68978e-05
4.2372e-05
2.62646e-05
1.59078e-05
9.39588e-06
5.38002e-06
2.93981e-06
1.44279e-06
4.28719e-07
0.00685802
0.0197133
0.0184588
0.0165712
0.0141087
0.0114925
0.00916223
0.00719603
0.00558046
0.00428034
0.0032492
0.00244025
0.00182029
0.00133026
0.000965699
0.000691542
0.000487738
0.000338558
0.000231068
0.000155135
0.000102203
6.60319e-05
4.17961e-05
2.58893e-05
1.56687e-05
9.24761e-06
5.29118e-06
2.8894e-06
1.41735e-06
4.20932e-07
-0.00121018
0.0150194
0.0154861
0.0148246
0.013059
0.0108573
0.00877522
0.00695735
0.00543132
0.00418577
0.00318833
0.00240059
0.00178729
0.0013116
0.000952936
0.000682827
0.000481661
0.000334301
0.000228088
0.000153085
0.000100797
6.50816e-05
4.11643e-05
2.54776e-05
1.54065e-05
9.08506e-06
5.1938e-06
2.83416e-06
1.38949e-06
4.12449e-07
-0.00944187
0.00998944
0.0123271
0.0129334
0.0119128
0.010162
0.00835008
0.00669468
0.00526719
0.00408177
0.00312144
0.0023568
0.0017581
0.00129098
0.000939073
0.00067332
0.000475029
0.000329657
0.00022484
0.000150854
9.92675e-05
6.40476e-05
4.04771e-05
2.50298e-05
1.51215e-05
8.90839e-06
5.08799e-06
2.77414e-06
1.35922e-06
4.03291e-07
-0.0176924
0.00470169
0.00899915
0.0109006
0.0106712
0.00940582
0.00788596
0.0064074
0.00508766
0.00396812
0.00304841
0.00230917
0.00172637
0.00127369
0.000923741
0.000662936
0.00046783
0.000324625
0.000221323
0.000148439
9.76134e-05
6.29303e-05
3.97348e-05
2.45464e-05
1.48139e-05
8.71776e-06
4.97386e-06
2.70941e-06
1.32659e-06
3.93483e-07
-0.0258318
-0.000793174
0.00554949
0.00872299
0.00933427
0.00858848
0.00738232
0.00609494
0.0048923
0.00384453
0.00296909
0.00225751
0.00169197
0.00124931
0.000906921
0.000651594
0.000460023
0.000319195
0.000217533
0.000145842
9.58352e-05
6.17299e-05
3.89378e-05
2.40276e-05
1.44838e-05
8.51333e-06
4.85153e-06
2.64003e-06
1.29165e-06
3.83055e-07
-0.0337825
-0.00644925
0.0020253
0.0063989
0.00789595
0.00770626
0.00683757
0.00575683
0.00468097
0.00371095
0.00288348
0.0022018
0.001655
0.00122348
0.000891661
0.00064048
0.000451718
0.000313389
0.00021347
0.00014306
9.39331e-05
6.04471e-05
3.80868e-05
2.3474e-05
1.41318e-05
8.2954e-06
4.72116e-06
2.56611e-06
1.25442e-06
3.72033e-07
-0.0414828
-0.0122603
-0.00163843
0.0039792
0.00635783
0.0067576
0.00624779
0.00538953
0.00445154
0.00356632
0.00279108
0.00214186
0.00161535
0.00119779
0.000874084
0.000624882
0.000443109
0.000307219
0.000209178
0.000140105
9.19117e-05
5.90863e-05
3.71856e-05
2.28882e-05
1.37594e-05
8.06467e-06
4.58308e-06
2.48776e-06
1.21498e-06
3.6045e-07
-0.0487402
-0.0182084
-0.0053867
0.00148483
0.00473885
0.00576523
0.00563182
0.00500203
0.00420684
0.00341095
0.0026914
0.00207704
0.00157246
0.00116862
0.000853578
0.000614574
0.000431255
0.000300083
0.00020453
0.000136954
8.97664e-05
5.76462e-05
3.62327e-05
2.2269e-05
1.33656e-05
7.82077e-06
4.43714e-06
2.40496e-06
1.17332e-06
3.48332e-07
-0.0555528
-0.0238585
-0.00915646
-0.00116153
0.00293466
0.00461254
0.00493394
0.00458543
0.00395376
0.00325453
0.00259301
0.00201399
0.00153119
0.00114125
0.000835348
0.000599385
0.000425464
0.000294009
0.000198565
0.000133405
8.74117e-05
5.60679e-05
3.51877e-05
2.15915e-05
1.29373e-05
7.55738e-06
4.28071e-06
2.31677e-06
1.12917e-06
3.35656e-07
-0.0631312
-0.0313874
-0.0139284
-0.0043015
0.000926972
0.00332419
0.00408043
0.00402189
0.00359098
0.00302181
0.00244304
0.00191651
0.00146707
0.00109866
0.00080645
0.000580632
0.000410328
0.000285783
0.00019593
0.000129865
8.48337e-05
5.42959e-05
3.40131e-05
2.08367e-05
1.24658e-05
7.27111e-06
4.11261e-06
2.22281e-06
1.08246e-06
3.22412e-07
-0.0628825
-0.0324314
-0.015036
-0.00536046
9.85869e-05
0.00275038
0.00371718
0.00379565
0.00344623
0.00292741
0.00238028
0.00187395
0.00143755
0.0010778
0.000791497
0.000569768
0.000402659
0.000279611
0.000190615
0.000126821
8.28773e-05
5.30032e-05
3.31535e-05
2.02676e-05
1.20947e-05
7.03496e-06
3.96773e-06
2.13854e-06
1.03949e-06
3.10079e-07
-0.0630673
-0.0338652
-0.0166783
-0.00691537
-0.00118257
0.00177318
0.00299794
0.00327843
0.00308067
0.00267169
0.0022023
0.00175043
0.00135199
0.00101873
0.000750855
0.000541976
0.000383825
0.000266803
0.000181962
0.000121219
7.9236e-05
5.06814e-05
3.17009e-05
1.93768e-05
1.15601e-05
6.72161e-06
3.78956e-06
2.04173e-06
9.92634e-07
2.96633e-07
-0.0628842
-0.0350723
-0.0181871
-0.00841218
-0.00245713
0.000778268
0.00225247
0.00273446
0.002691
0.00239551
0.0020077
0.00161387
0.00125644
0.000952174
0.00070471
0.000510233
0.000362117
0.000252105
0.000172149
0.000114756
7.50283e-05
4.7997e-05
3.00227e-05
1.83499e-05
1.09463e-05
6.36393e-06
3.58767e-06
1.93301e-06
9.404e-07
2.81645e-07
-0.062338
-0.0360326
-0.0195255
-0.00980142
-0.00367713
-0.000191246
0.00151752
0.00219288
0.00229967
0.00211608
0.00180955
0.00147405
0.00115815
0.000883416
0.000656859
0.000477189
0.000339452
0.000236702
0.000161803
0.000107942
7.05933e-05
4.51641e-05
2.82482e-05
1.72615e-05
1.02938e-05
5.98262e-06
3.37182e-06
1.81648e-06
8.84291e-07
2.65542e-07
-0.0614971
-0.0367577
-0.0207087
-0.0110932
-0.00485296
-0.00114685
0.000781402
0.00164305
0.001898
0.00182677
0.00160298
0.00132746
0.00105466
0.000810752
0.000606149
0.000442085
0.000315342
0.000220286
0.000150756
0.000100665
6.58563e-05
4.21369e-05
2.63509e-05
1.6097e-05
9.59525e-06
5.57404e-06
3.14033e-06
1.6914e-06
8.2401e-07
2.48234e-07
-0.0603234
-0.0372363
-0.0217296
-0.0122793
-0.00597885
-0.00208648
4.40075e-05
0.00108369
0.00148422
0.00152577
0.00138632
0.00117271
0.000944831
0.000733327
0.000551946
0.000404466
0.000289459
0.000202646
0.000138879
9.28309e-05
6.07552e-05
3.8876e-05
2.4307e-05
1.48426e-05
8.84284e-06
5.13405e-06
2.89109e-06
1.55677e-06
7.59126e-07
2.29608e-07
-0.0588167
-0.0374636
-0.0225794
-0.0133469
-0.00704312
-0.00300186
-0.000688881
0.000518585
0.00106053
0.00121424
0.00116012
0.00101001
0.000828708
0.00065109
0.000494171
0.00036425
0.000261732
0.000183727
0.000126132
8.44109e-05
5.52701e-05
3.53685e-05
2.21081e-05
1.3493e-05
8.0334e-06
4.66078e-06
2.62305e-06
1.41203e-06
6.89378e-07
2.09608e-07
-0.0570077
-0.0374402
-0.0232526
-0.0142859
-0.00803483
-0.0038848
-0.00141138
-4.83113e-05
0.000629336
0.000893534
0.000925105
0.000839687
0.000706408
0.000564056
0.000432793
0.000321396
0.000232119
0.000163493
0.000112485
7.53845e-05
4.93871e-05
3.16051e-05
1.97482e-05
1.20445e-05
7.16459e-06
4.15282e-06
2.33539e-06
1.25674e-06
6.14553e-07
1.88191e-07
-0.0549261
-0.0371689
-0.0237457
-0.0150883
-0.008944
-0.00472756
-0.00211785
-0.000613121
0.000192995
0.000564963
0.000681931
0.00066203
0.000578019
0.000472216
0.000367763
0.000275845
0.000200568
0.0001419
9.79063e-05
6.57287e-05
4.30905e-05
2.75754e-05
1.72207e-05
1.04928e-05
6.23393e-06
3.60873e-06
2.02732e-06
1.09046e-06
5.34445e-07
1.65322e-07
-0.0526053
-0.0366561
-0.0240574
-0.015748
-0.00976147
-0.00552241
-0.00280258
-0.00117172
-0.000245852
0.000230066
0.000431433
0.000477442
0.000443698
0.000375603
0.000299056
0.000227554
0.000167033
0.00011891
8.23663e-05
5.54225e-05
3.63657e-05
2.32698e-05
1.45194e-05
8.8343e-06
5.23915e-06
3.0272e-06
1.69809e-06
9.12812e-07
4.4888e-07
1.40976e-07
-0.0500835
-0.0359126
-0.0241875
-0.016262
-0.0104792
-0.00626168
-0.00345973
-0.00171976
-0.000684256
-0.000109353
0.000174644
0.000286476
0.000303708
0.000274319
0.000226695
0.00017651
0.00013149
9.44984e-05
6.58442e-05
4.44502e-05
2.92015e-05
1.86807e-05
1.16395e-05
7.06588e-06
4.17846e-06
2.4072e-06
1.34714e-06
7.23487e-07
3.57725e-07
1.15145e-07
-0.0473999
-0.0349524
-0.0241371
-0.0166296
-0.0110906
-0.00693805
-0.00408353
-0.00225273
-0.00111903
-0.000451252
-8.72021e-05
8.98301e-05
0.00015842
0.000168543
0.000150752
0.000122735
9.39383e-05
6.86536e-05
4.83284e-05
3.28023e-05
2.15905e-05
1.38031e-05
8.57767e-06
5.18553e-06
3.05063e-06
1.74802e-06
9.74083e-07
5.22292e-07
2.60898e-07
8.78379e-08
-0.0445936
-0.0337921
-0.0239105
-0.0168529
-0.0115913
-0.00754474
-0.00466835
-0.00276613
-0.0015468
-0.000793366
-0.000352683
-0.000111639
8.31882e-06
5.8537e-05
7.13607e-05
6.62907e-05
5.44021e-05
4.1384e-05
2.98196e-05
2.0477e-05
1.35307e-05
8.6352e-06
5.33264e-06
3.19243e-06
1.85519e-06
1.04941e-06
5.78792e-07
3.09164e-07
1.58386e-07
5.90841e-08
-0.0417029
-0.0324514
-0.023515
-0.0169363
-0.0119788
-0.00807585
-0.0052089
-0.00325554
-0.00196409
-0.00113324
-0.000620186
-0.000316916
-0.000145982
-5.53441e-05
-1.12803e-05
7.28552e-06
1.29396e-05
1.27193e-05
1.0333e-05
7.48245e-06
5.02619e-06
3.17921e-06
1.90565e-06
1.08731e-06
5.92591e-07
3.11646e-07
1.61443e-07
8.42076e-08
5.02544e-08
2.89359e-08
-0.0387648
-0.0309531
-0.0229612
-0.0168858
-0.0122529
-0.00852667
-0.00570027
-0.00371675
-0.00236739
-0.00146829
-0.000887927
-0.000524828
-0.000303737
-0.000172642
-9.68952e-05
-5.4117e-05
-3.03529e-05
-1.72842e-05
-1.00984e-05
-6.16151e-06
-3.91129e-06
-2.55771e-06
-1.69895e-06
-1.12717e-06
-7.35578e-07
-4.64318e-07
-2.77408e-07
-1.52269e-07
-6.3333e-08
-2.52817e-09
-0.0358146
-0.0293227
-0.0222627
-0.0167095
-0.0124157
-0.00889404
-0.0061382
-0.00414584
-0.00275326
-0.00179579
-0.00115397
-0.000734043
-0.000464065
-0.000292786
-0.000185123
-0.00011769
-7.53344e-05
-4.85387e-05
-3.14201e-05
-2.04207e-05
-1.32605e-05
-8.56239e-06
-5.47303e-06
-3.44608e-06
-2.12633e-06
-1.27672e-06
-7.36748e-07
-3.99712e-07
-1.82095e-07
-3.51999e-08
-0.0328854
-0.0275878
-0.0214355
-0.0164171
-0.0124717
-0.00917666
-0.00651923
-0.00453932
-0.00311845
-0.00211301
-0.00141624
-0.000943082
-0.00062594
-0.000415086
-0.000275508
-0.000183137
-0.000121812
-8.09201e-05
-5.35525e-05
-3.52441e-05
-2.29889e-05
-1.48145e-05
-9.40394e-06
-5.86165e-06
-3.57502e-06
-2.12282e-06
-1.21501e-06
-6.5727e-07
-3.05613e-07
-6.89374e-08
-0.0300083
-0.0257777
-0.0204981
-0.0160199
-0.0124278
-0.00937531
-0.00684093
-0.00489423
-0.00345994
-0.00241725
-0.00167257
-0.00115033
-0.000788197
-0.000538728
-0.00036749
-0.00025008
-0.000169533
-0.000114262
-7.63863e-05
-5.05604e-05
-3.3051e-05
-2.1285e-05
-1.34737e-05
-8.36285e-06
-5.07499e-06
-2.99872e-06
-1.70999e-06
-9.23746e-07
-4.33304e-07
-1.0356e-07
-0.0272118
-0.0239226
-0.0194709
-0.0155307
-0.0122927
-0.00949298
-0.0071022
-0.00520829
-0.00377509
-0.0027059
-0.00192076
-0.00135404
-0.000949531
-0.000662761
-0.000460399
-0.000318052
-0.000218179
-0.000148347
-9.97783e-05
-6.62752e-05
-4.33856e-05
-2.79351e-05
-1.76578e-05
-1.09347e-05
-6.6173e-06
-3.89918e-06
-2.2187e-06
-1.19753e-06
-5.64395e-07
-1.38845e-07
-0.0245224
-0.0220533
-0.0183765
-0.0149636
-0.0120773
-0.00953487
-0.00730346
-0.00547999
-0.00406173
-0.00297657
-0.00215858
-0.00155237
-0.0011085
-0.000786101
-0.000553441
-0.000386488
-0.000267355
-0.000182907
-0.000123546
-8.22671e-05
-5.39135e-05
-3.47141e-05
-2.19246e-05
-1.35578e-05
-8.19024e-06
-4.81735e-06
-2.73727e-06
-1.47655e-06
-6.97891e-07
-1.74515e-07
-0.0219653
-0.0202008
-0.0172391
-0.0143344
-0.0117941
-0.00950828
-0.00744688
-0.0057088
-0.00431822
-0.00322711
-0.00238386
-0.00174341
-0.00126352
-0.000907521
-0.000645695
-0.000454716
-0.000316582
-0.000217607
-0.000147461
-9.83842e-05
-6.45351e-05
-4.1558e-05
-2.62339e-05
-1.62073e-05
-9.77901e-06
-5.7446e-06
-3.26083e-06
-1.75816e-06
-8.32544e-07
-2.10239e-07
-0.0195645
-0.0183959
-0.0160834
-0.0136616
-0.011457
-0.00942237
-0.0075364
-0.00589527
-0.00454353
-0.00345569
-0.00259451
-0.00192517
-0.00141291
-0.00102565
-0.000736104
-0.000521947
-0.000365291
-0.000252046
-0.000171248
-0.00011444
-7.51274e-05
-4.83877e-05
-3.05359e-05
-1.88527e-05
-1.13653e-05
-6.67021e-06
-3.78331e-06
-2.03913e-06
-9.66813e-07
-2.45618e-07
-0.0173413
-0.0166685
-0.0149356
-0.012965
-0.0110813
-0.00928802
-0.00757767
-0.00604122
-0.00473736
-0.00366087
-0.00278856
-0.00209564
-0.00155485
-0.00113897
-0.000823466
-0.00058727
-0.00041281
-0.000285745
-0.000194575
-0.000130209
-8.55418e-05
-5.51072e-05
-3.477e-05
-2.14568e-05
-1.29267e-05
-7.58114e-06
-4.29739e-06
-2.31551e-06
-1.09884e-06
-2.80178e-07
-0.0153151
-0.0150479
-0.0138228
-0.0122663
-0.0106836
-0.00911762
-0.00757801
-0.0061497
-0.00490016
-0.00384159
-0.00296421
-0.0022528
-0.00168741
-0.00124582
-0.000906429
-0.000649637
-0.000458361
-0.000318143
-0.000217048
-0.000145424
-9.56008e-05
-6.16016e-05
-3.88638e-05
-2.39749e-05
-1.44365e-05
-8.46184e-06
-4.79428e-06
-2.5826e-06
-1.22638e-06
-3.13362e-07
-0.0135043
-0.0135632
-0.012773
-0.0115888
-0.0102817
-0.00892494
-0.00754621
-0.00622498
-0.00503315
-0.00399725
-0.00311982
-0.0023946
-0.00180856
-0.00134438
-0.000983484
-0.000707863
-0.00050105
-0.000348591
-0.000238212
-0.000159774
-0.000105097
-6.77362e-05
-4.27321e-05
-2.63547e-05
-1.58633e-05
-9.29398e-06
-5.26367e-06
-2.83487e-06
-1.34684e-06
-3.44521e-07
-0.0119284
-0.0122435
-0.0118156
-0.0109562
-0.00989454
-0.00872468
-0.00749222
-0.00627236
-0.00513822
-0.00412758
-0.00325389
-0.00251897
-0.00191613
-0.00143267
-0.00105296
-0.000760614
-0.000539865
-0.000376349
-0.000257542
-0.000172897
-0.000113789
-7.3355e-05
-4.62763e-05
-2.85353e-05
-1.71707e-05
-1.00563e-05
-5.69361e-06
-3.06591e-06
-1.45718e-06
-3.72908e-07
-0.0106077
-0.011118
-0.0109813
-0.0103951
-0.00954303
-0.00853295
-0.00742721
-0.00629807
-0.00521786
-0.00423262
-0.00336499
-0.00262378
-0.00200781
-0.00150853
-0.001113
-0.000806407
-0.000573669
-0.000400579
-0.000274444
-0.000184386
-0.000121405
-7.82806e-05
-4.93841e-05
-3.04476e-05
-1.83171e-05
-1.07247e-05
-6.07049e-06
-3.26843e-06
-1.55393e-06
-3.97672e-07
-0.00956568
-0.010218
-0.0103009
-0.00992991
-0.00924636
-0.00836495
-0.00736215
-0.00630854
-0.0052747
-0.00431244
-0.00345162
-0.00270674
-0.00208111
-0.0015696
-0.00116159
-0.000843599
-0.000601199
-0.000420353
-0.000288257
-0.000193785
-0.00012764
-8.23144e-05
-5.19298e-05
-3.20141e-05
-1.92562e-05
-1.12721e-05
-6.37908e-06
-3.43427e-06
-1.63321e-06
-4.17856e-07
-0.00883305
-0.00957824
-0.00981153
-0.00959296
-0.00902934
-0.00823893
-0.00730939
-0.0063107
-0.00531144
-0.00436693
-0.00351203
-0.0027653
-0.00213326
-0.00161329
-0.00119649
-0.000870392
-0.000621074
-0.000434651
-0.000298256
-0.000200594
-0.000132159
-8.52389e-05
-5.37756e-05
-3.31499e-05
-1.9937e-05
-1.1669e-05
-6.60275e-06
-3.55449e-06
-1.69079e-06
-4.32427e-07
-0.00843708
-0.00923267
-0.00954459
-0.0094072
-0.00890866
-0.00816781
-0.00727824
-0.00630975
-0.00532973
-0.00439526
-0.00354392
-0.00279646
-0.00216116
-0.00163675
-0.00121527
-0.00088484
-0.000631807
-0.00044238
-0.000303666
-0.00020428
-0.000134606
-8.68233e-05
-5.47759e-05
-3.37656e-05
-2.03061e-05
-1.18841e-05
-6.72402e-06
-3.61971e-06
-1.72232e-06
-4.40491e-07
-0.0933067
-0.097986
-0.102096
-0.105632
-0.108573
-0.110902
-0.112599
-0.113629
-0.113981
-0.11365
-0.112644
-0.110979
-0.108657
-0.105677
-0.102057
-0.0977899
-0.092946
-0.0875031
-0.0817343
-0.0762094
-0.0868641
-0.091244
-0.0950964
-0.098417
-0.101187
-0.103386
-0.104996
-0.106004
-0.106412
-0.106225
-0.105453
-0.104099
-0.102168
-0.099664
-0.0966137
-0.09302
-0.0889606
-0.084484
-0.0797958
-0.0755572
-0.0806468
-0.0847497
-0.0883744
-0.0915181
-0.0941655
-0.0963035
-0.0979305
-0.0990498
-0.0996525
-0.099737
-0.099306
-0.0983617
-0.0969116
-0.094961
-0.0925281
-0.0896291
-0.0862807
-0.0825863
-0.0784368
-0.0747356
-0.0746347
-0.0784784
-0.0818938
-0.0848797
-0.0874243
-0.08952
-0.0911671
-0.0923682
-0.0931078
-0.0933798
-0.0931856
-0.0925297
-0.0914159
-0.0898534
-0.0878396
-0.0854115
-0.0825087
-0.0793257
-0.0756005
-0.0724955
-0.0688362
-0.0724379
-0.0756564
-0.0784919
-0.0809343
-0.0829771
-0.0846183
-0.0858563
-0.0866812
-0.0870875
-0.087075
-0.08665
-0.0858099
-0.0845717
-0.0829124
-0.0809011
-0.078429
-0.0757768
-0.0726157
-0.0700801
-0.0632552
-0.0666317
-0.0696649
-0.072356
-0.0746958
-0.0766775
-0.0782985
-0.0795589
-0.0804561
-0.0809842
-0.0811398
-0.0809307
-0.0803488
-0.0794211
-0.0781096
-0.0765081
-0.0744782
-0.0723163
-0.0696692
-0.0675588
-0.0578939
-0.0610606
-0.0639197
-0.0664732
-0.068713
-0.0706326
-0.0722302
-0.0735083
-0.0744683
-0.0751041
-0.0754081
-0.0753908
-0.0750392
-0.0743873
-0.0733866
-0.0721374
-0.0704904
-0.0687219
-0.0665188
-0.0647853
-0.0527538
-0.0557253
-0.0584213
-0.0608446
-0.0629882
-0.0648465
-0.0664182
-0.0677066
-0.0687129
-0.0694354
-0.0698629
-0.0700065
-0.0698508
-0.0694312
-0.0686964
-0.0677417
-0.0664308
-0.0650072
-0.0632198
-0.0618401
-0.0478358
-0.050626
-0.0531695
-0.0554698
-0.0575209
-0.0593179
-0.0608595
-0.0621488
-0.0631862
-0.063976
-0.0645051
-0.0647834
-0.0647947
-0.0645729
-0.0640714
-0.0633744
-0.0623683
-0.0612553
-0.0598393
-0.0587733
-0.0431404
-0.0457622
-0.0481633
-0.0503475
-0.0523094
-0.0540449
-0.0555525
-0.056835
-0.0578931
-0.0587333
-0.0593454
-0.0597363
-0.0598907
-0.0598385
-0.0595409
-0.0590678
-0.0583274
-0.0574835
-0.0563863
-0.0555959
-0.0386673
-0.0411328
-0.0434009
-0.0454755
-0.0473517
-0.0490259
-0.0504969
-0.051767
-0.052837
-0.053713
-0.054391
-0.0548745
-0.0551493
-0.05524
-0.0551157
-0.0548326
-0.0543184
-0.0537063
-0.0528838
-0.0523332
-0.0344154
-0.0367357
-0.0388799
-0.0408514
-0.0426455
-0.0442592
-0.0456916
-0.0469447
-0.048019
-0.0489199
-0.0496464
-0.0502036
-0.0505775
-0.0507869
-0.050808
-0.0506855
-0.0503637
-0.049951
-0.0493635
-0.0490158
-0.0303803
-0.0325676
-0.0345975
-0.0364723
-0.0381881
-0.0397425
-0.0411348
-0.0423668
-0.0434388
-0.0443554
-0.0451164
-0.0457296
-0.0461834
-0.0464906
-0.0466328
-0.0466453
-0.0464859
-0.0462417
-0.0458523
-0.0456724
-0.0265605
-0.0286272
-0.0305519
-0.0323357
-0.0339766
-0.035473
-0.0368242
-0.0380317
-0.039096
-0.0400207
-0.0408061
-0.0414593
-0.0419752
-0.0423615
-0.0426032
-0.0427276
-0.0427031
-0.0425994
-0.0423756
-0.0423328
-0.0229646
-0.024916
-0.0267403
-0.0284382
-0.0300078
-0.0314476
-0.0327571
-0.0339376
-0.0349896
-0.0359161
-0.0367175
-0.0373995
-0.0379605
-0.0384084
-0.0387304
-0.0389462
-0.0390327
-0.0390452
-0.0389585
-0.0390262
-0.0195838
-0.0214288
-0.0231596
-0.0247766
-0.0262782
-0.0276631
-0.0289308
-0.0300824
-0.0311184
-0.0320413
-0.0328515
-0.0335537
-0.0341472
-0.0346403
-0.0350249
-0.0353142
-0.0354911
-0.0355987
-0.0356237
-0.0357789
-0.0164137
-0.0181614
-0.0198057
-0.0213471
-0.0227843
-0.0241162
-0.0253424
-0.0264638
-0.0274809
-0.0283958
-0.029209
-0.0299241
-0.0305411
-0.0310667
-0.0314974
-0.0318439
-0.0320929
-0.0322773
-0.0323921
-0.032615
-0.0134524
-0.0151106
-0.0166751
-0.0181461
-0.0195225
-0.0208036
-0.0219891
-0.0230796
-0.0240756
-0.0249789
-0.0257901
-0.0265121
-0.0271454
-0.0276948
-0.0281589
-0.0285473
-0.0288519
-0.029097
-0.0292828
-0.0295568
-0.010698
-0.0122741
-0.0137648
-0.0151703
-0.0164898
-0.0177225
-0.0188683
-0.0199277
-0.0209012
-0.0217902
-0.0225955
-0.0233194
-0.0239625
-0.024529
-0.0250179
-0.025437
-0.0257822
-0.0260734
-0.0263138
-0.0266245
-0.00814887
-0.00964962
-0.0110724
-0.0124172
-0.0136834
-0.0148703
-0.0159778
-0.0170064
-0.0179565
-0.0188293
-0.0196256
-0.0203473
-0.0209954
-0.0215728
-0.0220797
-0.0225219
-0.0228973
-0.0232221
-0.0235026
-0.0238374
-0.0058037
-0.00723554
-0.00859597
-0.00988479
-0.0111014
-0.0122452
-0.0133162
-0.0143146
-0.0152411
-0.0160965
-0.0168816
-0.017598
-0.0182468
-0.0188304
-0.0193494
-0.0198082
-0.0202062
-0.020556
-0.0208652
-0.021214
-0.00366196
-0.00503106
-0.00633451
-0.0075719
-0.00874263
-0.00984628
-0.0108827
-0.0118523
-0.0127553
-0.0135926
-0.0143651
-0.015074
-0.0157204
-0.0163063
-0.0168325
-0.0173027
-0.0177168
-0.0180849
-0.0184147
-0.0187712
-0.00172409
-0.0030364
-0.00428808
-0.00547856
-0.00660724
-0.00767375
-0.00867795
-0.00962004
-0.0105004
-0.0113197
-0.0120788
-0.0127787
-0.0134205
-0.014006
-0.014536
-0.0150134
-0.0154389
-0.0158204
-0.0161651
-0.0165246
7.99529e-06
-0.00125336
-0.00245845
-0.00360656
-0.00469709
-0.00572967
-0.00670418
-0.00762073
-0.00847966
-0.00928157
-0.0100272
-0.0107175
-0.0113534
-0.0119365
-0.0124678
-0.0129497
-0.013383
-0.0137741
-0.0141293
-0.0144885
0.00153124
0.000315123
-0.00084844
-0.00195868
-0.00301501
-0.00401703
-0.0049646
-0.00585781
-0.00669694
-0.0074825
-0.00821515
-0.0088958
-0.00952535
-0.0101052
-0.0106362
-0.0111206
-0.0115593
-0.0119573
-0.0123198
-0.0126768
0.00283819
0.00166153
0.000534173
-0.000542973
-0.00156929
-0.00254441
-0.00346816
-0.00434059
-0.00516194
-0.00593266
-0.00665337
-0.00732487
-0.00794805
-0.00852409
-0.00905401
-0.00953955
-0.00998184
-0.0103847
-0.0107523
-0.011106
0.00392415
0.00278122
0.00168509
0.000636457
-0.000364094
-0.00131613
-0.00221946
-0.00307407
-0.00388019
-0.00463822
-0.0053487
-0.00601239
-0.00663011
-0.00720292
-0.00773184
-0.00821835
-0.00866358
-0.00907043
-0.00944206
-0.00979273
0.00476596
0.00365069
0.00257991
0.00155464
0.000575495
-0.00035721
-0.00124332
-0.00208286
-0.002876
-0.00362312
-0.00432474
-0.00498155
-0.00559433
-0.00616405
-0.0066917
-0.00717858
-0.00762579
-0.00803558
-0.00841012
-0.00875831
0.00536717
0.00427255
0.00322101
0.00221305
0.00124926
0.000330113
-0.000544164
-0.00137356
-0.00215825
-0.00289856
-0.00359497
-0.0042481
-0.0048587
-0.00542765
-0.00595588
-0.00644456
-0.0068947
-0.00730804
-0.00768591
-0.00803327
0.0056651
0.00458741
0.00355141
0.00255808
0.00160787
0.000700967
-0.000162585
-0.000982829
-0.00175994
-0.00249422
-0.00318611
-0.0038362
-0.00444515
-0.00501379
-0.00554295
-0.00603369
-0.00648692
-0.00690408
-0.0072861
-0.00763577
0.087671
0.0768019
0.066294
0.0558577
0.045023
0.0341172
0.0233718
0.0128046
0.00243108
-0.00770116
-0.0175475
-0.0270712
-0.036239
-0.0450197
-0.0533842
-0.0613042
-0.0687517
-0.0756986
-0.0821215
-0.0880122
0.0844075
0.0731736
0.0624018
0.0524001
0.0421571
0.0318326
0.0217118
0.0118157
0.00212529
-0.00732336
-0.0164903
-0.0253472
-0.0338679
-0.0420268
-0.0497986
-0.0571587
-0.0640823
-0.0705444
-0.0765162
-0.0819518
0.0800722
0.0691666
0.0585371
0.0490999
0.039587
0.0298953
0.0203945
0.011154
0.00212387
-0.00667677
-0.0152075
-0.0234427
-0.0313615
-0.038942
-0.0461619
-0.052999
-0.059431
-0.065434
-0.0709827
-0.0760558
0.0756287
0.0654031
0.0550389
0.0460443
0.0372083
0.0281509
0.0192424
0.0106249
0.00223346
-0.0059408
-0.0138605
-0.0215001
-0.0288435
-0.0358728
-0.0425687
-0.0489115
-0.0548814
-0.0604578
-0.0656201
-0.0703475
0.0712354
0.0617214
0.051754
0.0431845
0.0350004
0.0266088
0.0182965
0.010274
0.00249175
-0.00508561
-0.0124288
-0.0195097
-0.026314
-0.0328276
-0.0390337
-0.0449147
-0.0504533
-0.0556315
-0.0604313
-0.0648342
0.066994
0.058187
0.048733
0.0405968
0.0330122
0.0252724
0.0175473
0.0100864
0.00287641
-0.00413506
-0.010933
-0.0174883
-0.0237862
-0.0298158
-0.0355629
-0.0410121
-0.0461479
-0.0509545
-0.0554162
-0.0595176
0.0629601
0.0548259
0.0459536
0.0382709
0.0312399
0.0241228
0.016976
0.0100526
0.00338016
-0.00309745
-0.00938089
-0.0154432
-0.0212678
-0.0268453
-0.0321642
-0.037211
-0.0419717
-0.0464328
-0.0505805
-0.0544018
0.0591794
0.0516782
0.0434223
0.0362139
0.0296983
0.0231633
0.016575
0.010165
0.00399485
-0.00198376
-0.00778451
-0.0133855
-0.0187689
-0.0239254
-0.0288457
-0.0335183
-0.0379309
-0.0420714
-0.0459279
-0.0494895
0.0556797
0.0487693
0.0411376
0.0344156
0.0283834
0.0223863
0.0163288
0.0104083
0.00470836
-0.000805708
-0.00615548
-0.0113259
-0.0162987
-0.0210643
-0.0256149
-0.0299406
-0.0340306
-0.0378743
-0.0414614
-0.0447825
0.0524748
0.0461143
0.0390977
0.032866
0.0272893
0.0217865
0.0162267
0.0107701
0.00550979
0.000426388
-0.00450449
-0.00927445
-0.0138664
-0.0182701
-0.0224786
-0.0264835
-0.0302754
-0.033845
-0.0371833
-0.0402823
0.0495695
0.0437201
0.0372986
0.0315519
0.0264046
0.0213542
0.0162562
0.0112356
0.00638588
0.00170088
-0.00284265
-0.00724163
-0.0114812
-0.0155507
-0.0194435
-0.0231524
-0.0266694
-0.0299862
-0.0330953
-0.0359898
0.0469626
0.0415878
0.0357333
0.0304585
0.0257151
0.0210782
0.016405
0.0117911
0.00732363
0.00300642
-0.00118033
-0.00523707
-0.00915147
-0.0129131
-0.0165154
-0.0199521
-0.023216
-0.0263
-0.0291981
-0.0319059
0.044648
0.0397133
0.0343931
0.0295693
0.025204
0.0209446
0.0166603
0.0124228
0.00830968
0.00433129
0.000472106
-0.00327016
-0.00688555
-0.0103643
-0.0137
-0.0168868
-0.0199184
-0.0227883
-0.025491
-0.0280238
0.0426154
0.038088
0.0332674
0.0288675
0.0248534
0.0209384
0.0170085
0.0131172
0.00933104
0.00566393
0.00210463
-0.00134969
-0.00469107
-0.00791064
-0.0110021
-0.0139602
-0.0167793
-0.0194536
-0.0219772
-0.0243415
0.0408517
0.0367006
0.0323418
0.028335
0.024645
0.0210437
0.0174359
0.0138611
0.0103751
0.00699301
0.00370751
0.000515957
-0.00257516
-0.00555791
-0.00842643
-0.0111757
-0.0138007
-0.0162962
-0.0186575
-0.0208803
0.039341
0.0355369
0.0315995
0.027953
0.0245607
0.0212444
0.0179282
0.0146415
0.0114295
0.00830766
0.0052714
0.00231889
-0.000544391
-0.00331141
-0.00597676
-0.00853581
-0.0109838
-0.0133164
-0.0155293
-0.0176196
0.0380656
0.0345799
0.0310222
0.0277026
0.0245822
0.0215245
0.0184717
0.0154456
0.0124828
0.00959745
0.00678742
0.0040517
0.00139515
-0.00117595
-0.00365668
-0.00604277
-0.00832981
-0.0105137
-0.0125909
-0.0145584
0.037006
0.0338121
0.0305916
0.0275648
0.0246915
0.0218683
0.0190524
0.0162612
0.0135237
0.0108525
0.00824711
0.00570738
0.0032378
0.000844074
-0.00146937
-0.00369861
-0.00583953
-0.00788833
-0.00984176
-0.0116972
0.0361408
0.0332131
0.030289
0.0275216
0.0248715
0.0222602
0.0196571
0.0170764
0.0145415
0.0120634
0.00964248
0.00727932
0.00497825
0.00274453
0.000582175
-0.00150525
-0.00351391
-0.0054402
-0.00728115
-0.00903438
0.0354475
0.0327609
0.0300957
0.0275563
0.0251059
0.0226852
0.0202726
0.0178799
0.0155263
0.0132213
0.0109659
0.0087612
0.00661142
0.00452147
0.00249507
0.000535422
-0.0013539
-0.00316948
-0.00490854
-0.0065689
0.0349036
0.0324337
0.0299933
0.0276528
0.0253798
0.0231294
0.0208863
0.0186607
0.0164684
0.0143176
0.01221
0.0101469
0.00813231
0.00617098
0.00426636
0.00242137
0.000639296
-0.00107659
-0.00272367
-0.00429991
0.0344868
0.0322099
0.0299638
0.0277958
0.0256788
0.0235791
0.021486
0.019408
0.0173583
0.0153442
0.0133677
0.0114303
0.00953587
0.00768898
0.00589288
0.00415023
0.00246409
0.000837543
-0.000726869
-0.00222722
0.0341761
0.0320695
0.0299902
0.0279706
0.0259894
0.0240217
0.02206
0.0201114
0.0181868
0.0162929
0.0144317
0.0126051
0.0108168
0.00907103
0.00737096
0.00571908
0.00411821
0.00257127
0.00108073
-0.000351566
0.033952
0.0319935
0.0300562
0.0281629
0.0262985
0.0244449
0.0225971
0.0207606
0.0189447
0.0171552
0.0153946
0.0136648
0.0119692
0.010312
0.00869616
0.00712406
0.00559833
0.00412172
0.00269663
0.00132487
0.0337966
0.0319646
0.0301464
0.0283593
0.0265935
0.0248369
0.023086
0.0213453
0.0196224
0.0179226
0.0162484
0.0146019
0.0129865
0.0114059
0.00986308
0.00836037
0.00690018
0.00548512
0.00411748
0.00279902
0.0336937
0.031967
0.0302466
0.0285466
0.0268622
0.0251859
0.0235155
0.0218548
0.0202098
0.0185852
0.0169838
0.0154076
0.01386
0.0123444
0.0108637
0.00942004
0.00801586
0.00665356
0.00533534
0.00406303
0.0336293
0.0319863
0.0303431
0.0287119
0.0270921
0.0254798
0.0238742
0.0222781
0.0206964
0.0191333
0.0175915
0.0160734
0.014582
0.0131205
0.0116916
0.0102976
0.00894056
0.00762286
0.0063465
0.00511313
0.0335916
0.0320102
0.0304236
0.028843
0.0272706
0.0257056
0.0241479
0.0226002
0.0210662
0.0195496
0.0180534
0.01658
0.0151321
0.0137127
0.0123244
0.0109694
0.00964991
0.00836793
0.00712548
0.0059243
0.0335707
0.0320276
0.0304768
0.0289291
0.0273883
0.0258556
0.0243315
0.0228182
0.0213187
0.0198362
0.0183736
0.0169333
0.0155179
0.0141301
0.0127723
0.0114467
0.0101553
0.00890002
0.00768262
0.00650458
0.0335601
0.0320283
0.0304864
0.0289454
0.0274113
0.0258866
0.0243727
0.0228716
0.0213859
0.0199188
0.0184728
0.0170504
0.015654
0.014286
0.0129485
0.0116435
0.0103728
0.00913812
0.00794105
0.00678299
0.11548
0.116412
0.118104
0.120265
0.122681
0.125101
0.127279
0.129046
0.129761
0.129856
0.127891
0.124986
0.119271
0.112101
0.0996241
0.114736
0.115587
0.117128
0.119062
0.12119
0.123234
0.124973
0.126218
0.126354
0.125769
0.123184
0.119485
0.1133
0.105326
0.0947081
0.11394
0.114708
0.116087
0.11778
0.119606
0.12126
0.122559
0.123285
0.122865
0.121656
0.118545
0.114174
0.107735
0.0994135
0.0895316
0.113088
0.113767
0.114976
0.116418
0.117933
0.119187
0.120044
0.120243
0.11929
0.117476
0.113884
0.108924
0.102278
0.0937546
0.0841603
0.112178
0.112764
0.113796
0.11498
0.116178
0.117028
0.117447
0.117123
0.115664
0.113278
0.109248
0.103803
0.0969814
0.0884027
0.0790712
0.111208
0.111697
0.112547
0.113468
0.114344
0.114789
0.114777
0.113943
0.112008
0.109095
0.104676
0.098857
0.0919065
0.0833941
0.0743416
0.110177
0.110566
0.111229
0.111883
0.112433
0.112475
0.112041
0.110716
0.108337
0.104954
0.100193
0.0941037
0.0870778
0.0787058
0.0699382
0.109083
0.109369
0.10984
0.110225
0.110447
0.110094
0.109248
0.107458
0.10467
0.100874
0.0958231
0.0895517
0.0825038
0.0743153
0.0658428
0.107926
0.108106
0.108383
0.108497
0.108393
0.107654
0.10641
0.104187
0.101024
0.0968767
0.0915879
0.0852095
0.0781907
0.0702165
0.062054
0.106705
0.106778
0.106858
0.106703
0.106275
0.105165
0.103539
0.100921
0.0974201
0.0929806
0.087508
0.0810854
0.074144
0.0664106
0.0585718
0.105422
0.105385
0.105269
0.104848
0.104102
0.102639
0.10065
0.0976753
0.0938767
0.0892027
0.0836012
0.0771879
0.0703668
0.0628978
0.0553935
0.104076
0.103931
0.103619
0.102938
0.101882
0.100086
0.0977573
0.0944684
0.0904134
0.0855592
0.0798818
0.073524
0.0668602
0.0596759
0.0525145
0.102672
0.102419
0.101913
0.10098
0.0996253
0.0975202
0.0948776
0.0913169
0.0870484
0.0820645
0.0763612
0.0700991
0.0636229
0.0567402
0.0499274
0.101213
0.100853
0.100157
0.0989828
0.0973436
0.0949547
0.0920273
0.088237
0.0837985
0.0787316
0.0730477
0.0669162
0.0606521
0.0540834
0.0476223
0.0997026
0.0992393
0.0983599
0.0969555
0.0950495
0.0924037
0.0892234
0.0852446
0.080679
0.0755717
0.0699473
0.0639759
0.0579428
0.051696
0.0455868
0.0981486
0.0975852
0.0965304
0.0949096
0.0927567
0.089882
0.0864824
0.0823547
0.077703
0.0725941
0.0670633
0.0612762
0.0554881
0.0495663
0.0438064
0.0965588
0.0958999
0.0946793
0.0928574
0.0904798
0.0874048
0.0838206
0.0795816
0.0748822
0.0698058
0.0643969
0.0588127
0.0532788
0.047681
0.0422646
0.094943
0.094194
0.0928188
0.090813
0.0882343
0.0849878
0.0812536
0.0769383
0.0722258
0.0672118
0.0619474
0.0565792
0.0513042
0.0460252
0.0409435
0.0933128
0.0924803
0.0909631
0.0887913
0.0860363
0.0826469
0.0787961
0.0744367
0.0697418
0.0648148
0.059712
0.0545677
0.0495518
0.0445829
0.0398241
0.0916821
0.0907731
0.0891276
0.0868089
0.0839028
0.080398
0.0764623
0.0720873
0.0674362
0.0626159
0.0576864
0.0527688
0.0480082
0.0433374
0.0388868
0.0900668
0.089089
0.0873298
0.0848834
0.0818511
0.0782573
0.0742656
0.0698997
0.0653137
0.0606147
0.0558649
0.0511723
0.0466595
0.0422717
0.0381119
0.0884853
0.0874469
0.0855887
0.083034
0.0798994
0.0762409
0.0722185
0.0678825
0.0633777
0.0588095
0.054241
0.0497673
0.045491
0.0413685
0.0374795
0.0869583
0.0858674
0.0839252
0.081281
0.0780666
0.0743649
0.0703336
0.0660434
0.061631
0.057198
0.0528077
0.0485429
0.0444886
0.0406111
0.0369708
0.0855091
0.084374
0.0823622
0.0796462
0.0763723
0.072646
0.0686231
0.0643901
0.060076
0.0557776
0.0515581
0.0474883
0.0436385
0.0399836
0.036568
0.0841638
0.0829925
0.0809247
0.0781532
0.0748374
0.0711015
0.0670998
0.0629305
0.0587155
0.0545465
0.0504858
0.0465937
0.0429282
0.0394713
0.0362548
0.0829513
0.0817511
0.07964
0.0768274
0.0734843
0.06975
0.0657776
0.0616733
0.0575533
0.0535036
0.0495858
0.045851
0.0423467
0.0390614
0.0360165
0.0819036
0.0806813
0.0785379
0.0756965
0.0723376
0.0686121
0.064672
0.0606293
0.0565951
0.0526502
0.0488553
0.0452539
0.0418853
0.038743
0.0358408
0.081056
0.0798177
0.0776516
0.0747914
0.0714247
0.0677111
0.0638017
0.0598122
0.0558496
0.0519903
0.0482945
0.0447993
0.041538
0.038508
0.0357175
0.0804471
0.0791983
0.0770178
0.0741465
0.070777
0.0670745
0.0631896
0.0592401
0.05533
0.0515328
0.0479078
0.044488
0.0413025
0.0383514
0.0356391
0.0801199
0.0788654
0.0766776
0.0738011
0.070431
0.0667354
0.0628645
0.0589373
0.055056
0.0512925
0.0477055
0.0443262
0.0411812
0.0382724
0.0356019
0.125207
0.126806
0.129709
0.133819
0.138848
0.144918
0.151765
0.159478
0.167924
0.1771
0.186921
0.197337
0.208213
0.219538
0.231111
0.125153
0.126748
0.129644
0.133745
0.13876
0.144813
0.151632
0.159316
0.167722
0.176851
0.186612
0.196962
0.207756
0.218991
0.230446
0.125046
0.126632
0.129515
0.133597
0.138584
0.144604
0.151366
0.158993
0.167318
0.176354
0.185998
0.196212
0.206841
0.217894
0.229114
0.124885
0.126459
0.129323
0.133377
0.13832
0.144289
0.15097
0.15851
0.166714
0.175612
0.185078
0.195091
0.20547
0.216248
0.227113
0.124672
0.12623
0.129067
0.133084
0.137975
0.143875
0.150446
0.157871
0.165914
0.174629
0.183858
0.193601
0.203644
0.214053
0.224444
0.124408
0.125945
0.128751
0.132721
0.137536
0.143355
0.149795
0.157078
0.16492
0.173408
0.18234
0.191747
0.201366
0.211313
0.221109
0.124093
0.125607
0.128375
0.13229
0.137041
0.142741
0.149021
0.156135
0.163735
0.171955
0.180528
0.189534
0.198643
0.208035
0.217116
0.12373
0.125216
0.127942
0.131789
0.136411
0.14202
0.148128
0.155045
0.162364
0.170274
0.178427
0.186967
0.195479
0.204225
0.212474
0.123319
0.124775
0.127453
0.131236
0.13581
0.141206
0.147118
0.153812
0.160811
0.16837
0.176042
0.184055
0.191883
0.199895
0.207198
0.122863
0.124286
0.126911
0.130606
0.135028
0.140294
0.145997
0.152439
0.15908
0.16625
0.173378
0.180806
0.187862
0.195057
0.201306
0.122363
0.12375
0.126318
0.129929
0.134229
0.139301
0.14477
0.150931
0.157178
0.16392
0.170441
0.17723
0.183428
0.189726
0.194817
0.121821
0.123171
0.125676
0.129156
0.133335
0.138219
0.14344
0.149291
0.155111
0.161385
0.167239
0.173337
0.178589
0.183922
0.187756
0.12124
0.12255
0.124996
0.128412
0.132383
0.137056
0.142012
0.147524
0.152884
0.158652
0.16378
0.169139
0.173355
0.177664
0.180146
0.120621
0.121891
0.124267
0.127536
0.131367
0.135817
0.140491
0.145634
0.150507
0.155724
0.160073
0.164647
0.167736
0.170977
0.172012
0.119967
0.121196
0.123475
0.12664
0.130297
0.134504
0.13888
0.143627
0.147985
0.152607
0.156131
0.159869
0.161745
0.163887
0.163373
0.11928
0.120471
0.122709
0.125686
0.12917
0.133123
0.137184
0.141508
0.145326
0.149306
0.151968
0.154811
0.155394
0.15642
0.154242
0.118562
0.119708
0.121848
0.124694
0.127994
0.131677
0.135406
0.139282
0.142535
0.145827
0.147601
0.149477
0.14871
0.148603
0.144616
0.117817
0.118918
0.120968
0.123663
0.126769
0.130172
0.133557
0.136962
0.139624
0.142179
0.143034
0.143849
0.141704
0.140416
0.134475
0.117046
0.118112
0.120058
0.122596
0.125496
0.128599
0.131618
0.134525
0.136577
0.138377
0.13832
0.137986
0.134504
0.131839
0.12376
0.11625
0.117274
0.119131
0.121519
0.124225
0.127041
0.129704
0.132109
0.133485
0.134445
0.133333
0.131724
0.126866
0.122829
0.11222
0.11625
0.117274
0.119131
0.121519
0.124225
0.127041
0.129704
0.132109
0.133485
0.134445
0.133333
0.131724
0.126866
0.122829
0.11222
0.117046
0.118112
0.120058
0.122596
0.125496
0.128599
0.131618
0.134525
0.136577
0.138377
0.13832
0.137986
0.134504
0.131839
0.12376
0.117817
0.118918
0.120968
0.123663
0.126769
0.130172
0.133557
0.136962
0.139624
0.142179
0.143034
0.143849
0.141704
0.140416
0.134475
0.118562
0.119708
0.121848
0.124694
0.127994
0.131677
0.135406
0.139282
0.142535
0.145827
0.147601
0.149477
0.14871
0.148603
0.144616
0.11928
0.120471
0.122709
0.125686
0.12917
0.133123
0.137184
0.141508
0.145326
0.149306
0.151968
0.154811
0.155394
0.15642
0.154242
0.119967
0.121196
0.123475
0.12664
0.130297
0.134504
0.13888
0.143627
0.147985
0.152607
0.156131
0.159869
0.161745
0.163887
0.163373
0.120621
0.121891
0.124267
0.127536
0.131367
0.135817
0.140491
0.145634
0.150507
0.155724
0.160073
0.164647
0.167736
0.170977
0.172012
0.12124
0.12255
0.124996
0.128412
0.132383
0.137056
0.142012
0.147524
0.152884
0.158652
0.16378
0.169139
0.173355
0.177664
0.180146
0.121821
0.123171
0.125676
0.129156
0.133335
0.138219
0.14344
0.149291
0.155111
0.161385
0.167239
0.173337
0.178589
0.183922
0.187756
0.122363
0.12375
0.126318
0.129929
0.134229
0.139301
0.14477
0.150931
0.157178
0.16392
0.170441
0.17723
0.183428
0.189726
0.194817
0.122863
0.124286
0.126911
0.130606
0.135028
0.140294
0.145997
0.152439
0.15908
0.16625
0.173378
0.180806
0.187862
0.195057
0.201306
0.123319
0.124775
0.127453
0.131236
0.13581
0.141206
0.147118
0.153812
0.160811
0.16837
0.176042
0.184055
0.191883
0.199895
0.207198
0.12373
0.125216
0.127942
0.131789
0.136411
0.14202
0.148128
0.155045
0.162364
0.170274
0.178427
0.186967
0.195479
0.204225
0.212474
0.124093
0.125607
0.128375
0.13229
0.137041
0.142741
0.149021
0.156135
0.163735
0.171955
0.180528
0.189534
0.198643
0.208035
0.217116
0.124408
0.125945
0.128751
0.132721
0.137536
0.143355
0.149795
0.157078
0.16492
0.173408
0.18234
0.191747
0.201366
0.211313
0.221109
0.124672
0.12623
0.129067
0.133084
0.137975
0.143875
0.150446
0.157871
0.165914
0.174629
0.183858
0.193601
0.203644
0.214053
0.224444
0.124885
0.126459
0.129323
0.133377
0.13832
0.144289
0.15097
0.15851
0.166714
0.175612
0.185078
0.195091
0.20547
0.216248
0.227113
0.125046
0.126632
0.129515
0.133597
0.138584
0.144604
0.151366
0.158993
0.167318
0.176354
0.185998
0.196212
0.206841
0.217894
0.229114
0.125153
0.126748
0.129644
0.133745
0.13876
0.144813
0.151632
0.159316
0.167722
0.176851
0.186612
0.196962
0.207756
0.218991
0.230446
0.125207
0.126806
0.129709
0.133819
0.138848
0.144918
0.151765
0.159478
0.167924
0.1771
0.186921
0.197337
0.208213
0.219538
0.231111
0.0801199
0.0788654
0.0766776
0.0738011
0.070431
0.0667354
0.0628645
0.0589373
0.055056
0.0512925
0.0477055
0.0443262
0.0411812
0.0382724
0.0356019
0.0804471
0.0791983
0.0770178
0.0741465
0.070777
0.0670745
0.0631896
0.0592401
0.05533
0.0515328
0.0479078
0.044488
0.0413025
0.0383514
0.0356391
0.081056
0.0798177
0.0776516
0.0747914
0.0714247
0.0677111
0.0638017
0.0598122
0.0558496
0.0519903
0.0482945
0.0447993
0.041538
0.038508
0.0357175
0.0819036
0.0806813
0.0785379
0.0756965
0.0723376
0.0686121
0.064672
0.0606293
0.0565951
0.0526502
0.0488553
0.0452539
0.0418853
0.038743
0.0358408
0.0829513
0.0817511
0.07964
0.0768274
0.0734843
0.06975
0.0657776
0.0616733
0.0575533
0.0535036
0.0495858
0.045851
0.0423467
0.0390614
0.0360165
0.0841638
0.0829925
0.0809247
0.0781532
0.0748374
0.0711015
0.0670998
0.0629305
0.0587155
0.0545465
0.0504858
0.0465937
0.0429282
0.0394713
0.0362548
0.0855091
0.084374
0.0823622
0.0796462
0.0763723
0.072646
0.0686231
0.0643901
0.060076
0.0557776
0.0515581
0.0474883
0.0436385
0.0399836
0.036568
0.0869583
0.0858674
0.0839252
0.081281
0.0780666
0.0743649
0.0703336
0.0660434
0.061631
0.057198
0.0528077
0.0485429
0.0444886
0.0406111
0.0369708
0.0884853
0.0874469
0.0855887
0.083034
0.0798994
0.0762409
0.0722185
0.0678825
0.0633777
0.0588095
0.054241
0.0497673
0.045491
0.0413685
0.0374795
0.0900668
0.089089
0.0873298
0.0848834
0.0818511
0.0782573
0.0742656
0.0698997
0.0653137
0.0606147
0.0558649
0.0511723
0.0466595
0.0422717
0.0381119
0.0916821
0.0907731
0.0891276
0.0868089
0.0839028
0.080398
0.0764623
0.0720873
0.0674362
0.0626159
0.0576864
0.0527688
0.0480082
0.0433374
0.0388868
0.0933128
0.0924803
0.0909631
0.0887913
0.0860363
0.0826469
0.0787961
0.0744367
0.0697418
0.0648148
0.059712
0.0545677
0.0495518
0.0445829
0.0398241
0.094943
0.094194
0.0928188
0.090813
0.0882343
0.0849878
0.0812536
0.0769383
0.0722258
0.0672118
0.0619474
0.0565792
0.0513042
0.0460252
0.0409435
0.0965588
0.0958999
0.0946793
0.0928574
0.0904798
0.0874048
0.0838206
0.0795816
0.0748822
0.0698058
0.0643969
0.0588127
0.0532788
0.047681
0.0422646
0.0981486
0.0975852
0.0965304
0.0949096
0.0927567
0.089882
0.0864824
0.0823547
0.077703
0.0725941
0.0670633
0.0612762
0.0554881
0.0495663
0.0438064
0.0997026
0.0992393
0.0983599
0.0969555
0.0950495
0.0924037
0.0892234
0.0852446
0.080679
0.0755717
0.0699473
0.0639759
0.0579428
0.051696
0.0455868
0.101213
0.100853
0.100157
0.0989828
0.0973436
0.0949547
0.0920273
0.088237
0.0837985
0.0787316
0.0730477
0.0669162
0.0606521
0.0540834
0.0476223
0.102672
0.102419
0.101913
0.10098
0.0996253
0.0975202
0.0948776
0.0913169
0.0870484
0.0820645
0.0763612
0.0700991
0.0636229
0.0567402
0.0499274
0.104076
0.103931
0.103619
0.102938
0.101882
0.100086
0.0977573
0.0944684
0.0904134
0.0855592
0.0798818
0.073524
0.0668602
0.0596759
0.0525145
0.105422
0.105385
0.105269
0.104848
0.104102
0.102639
0.10065
0.0976753
0.0938767
0.0892027
0.0836012
0.0771879
0.0703668
0.0628978
0.0553935
0.106705
0.106778
0.106858
0.106703
0.106275
0.105165
0.103539
0.100921
0.0974201
0.0929806
0.087508
0.0810854
0.074144
0.0664106
0.0585718
0.107926
0.108106
0.108383
0.108497
0.108393
0.107654
0.10641
0.104187
0.101024
0.0968767
0.0915879
0.0852095
0.0781907
0.0702165
0.062054
0.109083
0.109369
0.10984
0.110225
0.110447
0.110094
0.109248
0.107458
0.10467
0.100874
0.0958231
0.0895517
0.0825038
0.0743153
0.0658428
0.110177
0.110566
0.111229
0.111883
0.112433
0.112475
0.112041
0.110716
0.108337
0.104954
0.100193
0.0941037
0.0870778
0.0787058
0.0699382
0.111208
0.111697
0.112547
0.113468
0.114344
0.114789
0.114777
0.113943
0.112008
0.109095
0.104676
0.098857
0.0919065
0.0833941
0.0743416
0.112178
0.112764
0.113796
0.11498
0.116178
0.117028
0.117447
0.117123
0.115664
0.113278
0.109248
0.103803
0.0969814
0.0884027
0.0790712
0.113088
0.113767
0.114976
0.116418
0.117933
0.119187
0.120044
0.120243
0.11929
0.117476
0.113884
0.108924
0.102278
0.0937546
0.0841603
0.11394
0.114708
0.116087
0.11778
0.119606
0.12126
0.122559
0.123285
0.122865
0.121656
0.118545
0.114174
0.107735
0.0994135
0.0895316
0.114736
0.115587
0.117128
0.119062
0.12119
0.123234
0.124973
0.126218
0.126354
0.125769
0.123184
0.119485
0.1133
0.105326
0.0947081
0.11548
0.116412
0.118104
0.120265
0.122681
0.125101
0.127279
0.129046
0.129761
0.129856
0.127891
0.124986
0.119271
0.112101
0.0996241
0.0335601
0.0320283
0.0304864
0.0289454
0.0274113
0.0258866
0.0243727
0.0228716
0.0213859
0.0199188
0.0184728
0.0170504
0.015654
0.014286
0.0129485
0.0116435
0.0103728
0.00913812
0.00794105
0.00678299
0.0335707
0.0320276
0.0304768
0.0289291
0.0273883
0.0258556
0.0243315
0.0228182
0.0213187
0.0198362
0.0183736
0.0169333
0.0155179
0.0141301
0.0127723
0.0114467
0.0101553
0.00890002
0.00768262
0.00650458
0.0335916
0.0320102
0.0304236
0.028843
0.0272706
0.0257056
0.0241479
0.0226002
0.0210662
0.0195496
0.0180534
0.01658
0.0151321
0.0137127
0.0123244
0.0109694
0.00964991
0.00836793
0.00712548
0.0059243
0.0336293
0.0319863
0.0303431
0.0287119
0.0270921
0.0254798
0.0238742
0.0222781
0.0206964
0.0191333
0.0175915
0.0160734
0.014582
0.0131205
0.0116916
0.0102976
0.00894056
0.00762286
0.0063465
0.00511313
0.0336937
0.031967
0.0302466
0.0285466
0.0268622
0.0251859
0.0235155
0.0218548
0.0202098
0.0185852
0.0169838
0.0154076
0.01386
0.0123444
0.0108637
0.00942004
0.00801586
0.00665355
0.00533534
0.00406303
0.0337966
0.0319646
0.0301464
0.0283593
0.0265935
0.0248369
0.023086
0.0213453
0.0196224
0.0179226
0.0162484
0.0146019
0.0129865
0.0114059
0.00986308
0.00836037
0.00690018
0.00548512
0.00411748
0.00279902
0.033952
0.0319935
0.0300562
0.0281629
0.0262985
0.0244449
0.0225971
0.0207606
0.0189447
0.0171552
0.0153946
0.0136648
0.0119692
0.010312
0.00869615
0.00712406
0.00559833
0.00412172
0.00269663
0.00132487
0.0341761
0.0320695
0.0299902
0.0279706
0.0259894
0.0240217
0.02206
0.0201114
0.0181868
0.0162929
0.0144317
0.0126051
0.0108168
0.00907103
0.00737096
0.00571908
0.00411821
0.00257127
0.00108073
-0.000351567
0.0344868
0.0322099
0.0299638
0.0277958
0.0256788
0.0235791
0.021486
0.019408
0.0173583
0.0153442
0.0133677
0.0114303
0.00953587
0.00768898
0.00589288
0.00415023
0.00246409
0.000837542
-0.00072687
-0.00222722
0.0349036
0.0324337
0.0299933
0.0276528
0.0253798
0.0231294
0.0208863
0.0186607
0.0164684
0.0143176
0.01221
0.0101469
0.0081323
0.00617098
0.00426636
0.00242137
0.000639296
-0.0010766
-0.00272367
-0.00429991
0.0354475
0.0327609
0.0300957
0.0275563
0.0251059
0.0226852
0.0202726
0.0178799
0.0155263
0.0132213
0.0109659
0.0087612
0.00661142
0.00452147
0.00249507
0.000535421
-0.0013539
-0.00316948
-0.00490854
-0.0065689
0.0361408
0.0332131
0.030289
0.0275216
0.0248715
0.0222602
0.0196571
0.0170764
0.0145415
0.0120634
0.00964247
0.00727932
0.00497825
0.00274453
0.000582175
-0.00150525
-0.00351391
-0.0054402
-0.00728115
-0.00903438
0.037006
0.0338121
0.0305916
0.0275648
0.0246915
0.0218683
0.0190524
0.0162612
0.0135237
0.0108525
0.00824711
0.00570738
0.0032378
0.000844073
-0.00146937
-0.00369861
-0.00583954
-0.00788833
-0.00984176
-0.0116972
0.0380656
0.0345799
0.0310222
0.0277026
0.0245822
0.0215245
0.0184717
0.0154456
0.0124828
0.00959745
0.00678742
0.0040517
0.00139515
-0.00117595
-0.00365668
-0.00604277
-0.00832981
-0.0105137
-0.0125909
-0.0145584
0.039341
0.0355369
0.0315995
0.027953
0.0245607
0.0212444
0.0179282
0.0146415
0.0114295
0.00830766
0.0052714
0.00231889
-0.000544392
-0.00331141
-0.00597676
-0.00853581
-0.0109838
-0.0133164
-0.0155293
-0.0176196
0.0408517
0.0367006
0.0323418
0.028335
0.024645
0.0210437
0.0174358
0.0138611
0.0103751
0.00699301
0.00370751
0.000515957
-0.00257516
-0.00555791
-0.00842643
-0.0111757
-0.0138007
-0.0162962
-0.0186575
-0.0208803
0.0426154
0.038088
0.0332674
0.0288675
0.0248534
0.0209384
0.0170085
0.0131172
0.00933104
0.00566393
0.00210463
-0.00134969
-0.00469107
-0.00791064
-0.0110021
-0.0139602
-0.0167793
-0.0194536
-0.0219772
-0.0243415
0.044648
0.0397133
0.0343931
0.0295693
0.025204
0.0209446
0.0166603
0.0124228
0.00830968
0.00433129
0.000472106
-0.00327016
-0.00688555
-0.0103643
-0.0137
-0.0168868
-0.0199184
-0.0227883
-0.025491
-0.0280238
0.0469626
0.0415878
0.0357333
0.0304585
0.0257151
0.0210782
0.016405
0.0117911
0.00732363
0.00300642
-0.00118033
-0.00523707
-0.00915147
-0.0129131
-0.0165154
-0.0199521
-0.023216
-0.0263
-0.0291981
-0.0319059
0.0495695
0.0437201
0.0372986
0.0315519
0.0264046
0.0213542
0.0162562
0.0112356
0.00638588
0.00170088
-0.00284265
-0.00724163
-0.0114812
-0.0155507
-0.0194435
-0.0231524
-0.0266694
-0.0299862
-0.0330953
-0.0359898
0.0524748
0.0461143
0.0390977
0.032866
0.0272893
0.0217865
0.0162267
0.0107701
0.00550979
0.000426388
-0.00450449
-0.00927445
-0.0138664
-0.0182701
-0.0224786
-0.0264835
-0.0302754
-0.033845
-0.0371833
-0.0402823
0.0556797
0.0487693
0.0411376
0.0344156
0.0283834
0.0223863
0.0163288
0.0104083
0.00470836
-0.000805708
-0.00615548
-0.0113259
-0.0162987
-0.0210643
-0.0256149
-0.0299406
-0.0340306
-0.0378743
-0.0414614
-0.0447825
0.0591794
0.0516782
0.0434223
0.0362139
0.0296983
0.0231633
0.016575
0.010165
0.00399485
-0.00198376
-0.00778451
-0.0133855
-0.0187689
-0.0239254
-0.0288457
-0.0335183
-0.0379309
-0.0420714
-0.0459279
-0.0494895
0.0629601
0.0548259
0.0459536
0.0382709
0.0312399
0.0241228
0.016976
0.0100526
0.00338015
-0.00309745
-0.00938089
-0.0154432
-0.0212678
-0.0268453
-0.0321642
-0.037211
-0.0419717
-0.0464328
-0.0505805
-0.0544018
0.066994
0.058187
0.048733
0.0405968
0.0330122
0.0252724
0.0175473
0.0100864
0.00287641
-0.00413506
-0.010933
-0.0174883
-0.0237862
-0.0298158
-0.0355629
-0.0410121
-0.0461479
-0.0509545
-0.0554162
-0.0595176
0.0712354
0.0617214
0.051754
0.0431845
0.0350004
0.0266088
0.0182965
0.010274
0.00249175
-0.00508561
-0.0124288
-0.0195097
-0.026314
-0.0328276
-0.0390337
-0.0449147
-0.0504533
-0.0556315
-0.0604313
-0.0648342
0.0756287
0.0654031
0.0550389
0.0460443
0.0372083
0.0281509
0.0192424
0.0106249
0.00223346
-0.0059408
-0.0138605
-0.0215001
-0.0288435
-0.0358728
-0.0425687
-0.0489115
-0.0548814
-0.0604578
-0.0656201
-0.0703475
0.0800722
0.0691666
0.0585371
0.0490999
0.039587
0.0298953
0.0203945
0.011154
0.00212387
-0.00667677
-0.0152075
-0.0234427
-0.0313615
-0.038942
-0.0461619
-0.052999
-0.059431
-0.065434
-0.0709827
-0.0760558
0.0844075
0.0731736
0.0624018
0.0524001
0.0421571
0.0318326
0.0217118
0.0118157
0.00212529
-0.00732336
-0.0164903
-0.0253472
-0.0338679
-0.0420268
-0.0497986
-0.0571587
-0.0640823
-0.0705444
-0.0765162
-0.0819518
0.087671
0.0768019
0.066294
0.0558577
0.045023
0.0341172
0.0233718
0.0128046
0.00243108
-0.00770116
-0.0175475
-0.0270712
-0.036239
-0.0450197
-0.0533842
-0.0613042
-0.0687517
-0.0756986
-0.0821215
-0.0880122
0.0056651
0.00458741
0.00355141
0.00255808
0.00160787
0.000700966
-0.000162585
-0.000982829
-0.00175994
-0.00249422
-0.00318611
-0.0038362
-0.00444515
-0.00501379
-0.00554295
-0.00603369
-0.00648692
-0.00690408
-0.0072861
-0.00763577
0.00536717
0.00427255
0.00322101
0.00221305
0.00124926
0.000330113
-0.000544165
-0.00137356
-0.00215825
-0.00289856
-0.00359497
-0.0042481
-0.0048587
-0.00542765
-0.00595588
-0.00644456
-0.0068947
-0.00730804
-0.00768591
-0.00803327
0.00476596
0.00365069
0.00257991
0.00155464
0.000575494
-0.000357211
-0.00124332
-0.00208286
-0.002876
-0.00362313
-0.00432474
-0.00498155
-0.00559433
-0.00616405
-0.0066917
-0.00717858
-0.00762579
-0.00803558
-0.00841012
-0.00875831
0.00392415
0.00278122
0.00168509
0.000636456
-0.000364094
-0.00131614
-0.00221946
-0.00307408
-0.00388019
-0.00463822
-0.0053487
-0.00601239
-0.00663011
-0.00720292
-0.00773184
-0.00821835
-0.00866358
-0.00907043
-0.00944206
-0.00979273
0.00283819
0.00166152
0.000534172
-0.000542973
-0.00156929
-0.00254441
-0.00346816
-0.00434059
-0.00516194
-0.00593266
-0.00665337
-0.00732487
-0.00794805
-0.00852409
-0.00905401
-0.00953955
-0.00998184
-0.0103847
-0.0107523
-0.011106
0.00153124
0.000315122
-0.000848441
-0.00195868
-0.00301501
-0.00401703
-0.00496461
-0.00585781
-0.00669694
-0.00748251
-0.00821515
-0.0088958
-0.00952536
-0.0101052
-0.0106362
-0.0111206
-0.0115593
-0.0119573
-0.0123198
-0.0126768
7.99479e-06
-0.00125336
-0.00245845
-0.00360656
-0.00469709
-0.00572967
-0.00670418
-0.00762073
-0.00847966
-0.00928157
-0.0100272
-0.0107175
-0.0113534
-0.0119365
-0.0124678
-0.0129497
-0.013383
-0.0137741
-0.0141293
-0.0144885
-0.00172409
-0.0030364
-0.00428809
-0.00547856
-0.00660724
-0.00767375
-0.00867795
-0.00962004
-0.0105004
-0.0113197
-0.0120788
-0.0127787
-0.0134205
-0.014006
-0.014536
-0.0150134
-0.0154389
-0.0158204
-0.0161651
-0.0165246
-0.00366196
-0.00503106
-0.00633451
-0.0075719
-0.00874263
-0.00984628
-0.0108827
-0.0118523
-0.0127553
-0.0135926
-0.0143651
-0.015074
-0.0157204
-0.0163063
-0.0168325
-0.0173027
-0.0177168
-0.0180849
-0.0184147
-0.0187712
-0.0058037
-0.00723554
-0.00859597
-0.00988479
-0.0111014
-0.0122452
-0.0133162
-0.0143146
-0.0152411
-0.0160965
-0.0168816
-0.017598
-0.0182468
-0.0188304
-0.0193494
-0.0198082
-0.0202062
-0.020556
-0.0208652
-0.021214
-0.00814887
-0.00964962
-0.0110724
-0.0124172
-0.0136834
-0.0148703
-0.0159778
-0.0170064
-0.0179565
-0.0188293
-0.0196256
-0.0203473
-0.0209954
-0.0215728
-0.0220797
-0.0225219
-0.0228973
-0.0232221
-0.0235026
-0.0238374
-0.010698
-0.0122741
-0.0137648
-0.0151703
-0.0164898
-0.0177225
-0.0188683
-0.0199277
-0.0209012
-0.0217902
-0.0225955
-0.0233194
-0.0239625
-0.024529
-0.0250179
-0.025437
-0.0257822
-0.0260734
-0.0263138
-0.0266245
-0.0134524
-0.0151107
-0.0166751
-0.0181461
-0.0195225
-0.0208036
-0.0219891
-0.0230796
-0.0240756
-0.0249789
-0.0257901
-0.0265121
-0.0271454
-0.0276948
-0.0281589
-0.0285473
-0.0288519
-0.029097
-0.0292828
-0.0295568
-0.0164137
-0.0181614
-0.0198057
-0.0213471
-0.0227843
-0.0241162
-0.0253424
-0.0264638
-0.0274809
-0.0283958
-0.029209
-0.0299241
-0.0305411
-0.0310667
-0.0314974
-0.0318439
-0.0320929
-0.0322773
-0.0323921
-0.032615
-0.0195838
-0.0214288
-0.0231596
-0.0247766
-0.0262782
-0.0276631
-0.0289308
-0.0300824
-0.0311184
-0.0320413
-0.0328515
-0.0335537
-0.0341472
-0.0346403
-0.0350249
-0.0353142
-0.0354911
-0.0355987
-0.0356237
-0.0357789
-0.0229646
-0.024916
-0.0267403
-0.0284382
-0.0300078
-0.0314476
-0.0327571
-0.0339376
-0.0349896
-0.0359161
-0.0367175
-0.0373995
-0.0379605
-0.0384084
-0.0387304
-0.0389462
-0.0390327
-0.0390452
-0.0389585
-0.0390262
-0.0265605
-0.0286272
-0.0305519
-0.0323357
-0.0339766
-0.035473
-0.0368242
-0.0380317
-0.039096
-0.0400207
-0.0408061
-0.0414593
-0.0419752
-0.0423615
-0.0426032
-0.0427276
-0.0427031
-0.0425994
-0.0423756
-0.0423328
-0.0303803
-0.0325676
-0.0345975
-0.0364723
-0.0381881
-0.0397425
-0.0411348
-0.0423668
-0.0434388
-0.0443554
-0.0451164
-0.0457296
-0.0461834
-0.0464906
-0.0466328
-0.0466453
-0.0464859
-0.0462417
-0.0458523
-0.0456724
-0.0344154
-0.0367357
-0.0388799
-0.0408514
-0.0426455
-0.0442592
-0.0456916
-0.0469447
-0.048019
-0.0489199
-0.0496464
-0.0502036
-0.0505775
-0.0507869
-0.050808
-0.0506855
-0.0503637
-0.049951
-0.0493635
-0.0490158
-0.0386673
-0.0411328
-0.0434009
-0.0454755
-0.0473517
-0.0490259
-0.0504969
-0.051767
-0.052837
-0.053713
-0.054391
-0.0548745
-0.0551493
-0.05524
-0.0551157
-0.0548326
-0.0543184
-0.0537063
-0.0528838
-0.0523332
-0.0431404
-0.0457622
-0.0481633
-0.0503475
-0.0523094
-0.0540449
-0.0555525
-0.056835
-0.0578931
-0.0587333
-0.0593454
-0.0597363
-0.0598907
-0.0598385
-0.0595409
-0.0590678
-0.0583274
-0.0574835
-0.0563863
-0.0555959
-0.0478358
-0.050626
-0.0531695
-0.0554698
-0.0575209
-0.0593179
-0.0608595
-0.0621488
-0.0631862
-0.063976
-0.0645051
-0.0647834
-0.0647947
-0.0645729
-0.0640714
-0.0633744
-0.0623683
-0.0612553
-0.0598393
-0.0587733
-0.0527538
-0.0557253
-0.0584213
-0.0608446
-0.0629882
-0.0648465
-0.0664182
-0.0677066
-0.0687129
-0.0694354
-0.0698629
-0.0700065
-0.0698508
-0.0694312
-0.0686964
-0.0677417
-0.0664308
-0.0650072
-0.0632198
-0.0618401
-0.0578939
-0.0610606
-0.0639197
-0.0664732
-0.068713
-0.0706326
-0.0722302
-0.0735083
-0.0744683
-0.0751041
-0.0754081
-0.0753908
-0.0750392
-0.0743873
-0.0733866
-0.0721374
-0.0704904
-0.0687219
-0.0665188
-0.0647853
-0.0632552
-0.0666317
-0.0696649
-0.072356
-0.0746958
-0.0766775
-0.0782985
-0.0795589
-0.0804561
-0.0809842
-0.0811398
-0.0809307
-0.0803488
-0.0794211
-0.0781096
-0.0765081
-0.0744782
-0.0723163
-0.0696692
-0.0675588
-0.0688362
-0.0724379
-0.0756564
-0.0784919
-0.0809343
-0.0829771
-0.0846183
-0.0858563
-0.0866812
-0.0870875
-0.087075
-0.08665
-0.0858099
-0.0845717
-0.0829124
-0.0809011
-0.078429
-0.0757768
-0.0726157
-0.0700801
-0.0746347
-0.0784784
-0.0818938
-0.0848797
-0.0874243
-0.08952
-0.0911671
-0.0923682
-0.0931078
-0.0933798
-0.0931856
-0.0925297
-0.0914159
-0.0898534
-0.0878396
-0.0854115
-0.0825087
-0.0793257
-0.0756005
-0.0724955
-0.0806468
-0.0847497
-0.0883744
-0.0915181
-0.0941655
-0.0963035
-0.0979305
-0.0990498
-0.0996525
-0.099737
-0.099306
-0.0983617
-0.0969116
-0.094961
-0.0925281
-0.0896291
-0.0862807
-0.0825863
-0.0784368
-0.0747356
-0.0868641
-0.091244
-0.0950964
-0.098417
-0.101187
-0.103386
-0.104996
-0.106004
-0.106412
-0.106225
-0.105453
-0.104099
-0.102168
-0.099664
-0.0966137
-0.09302
-0.0889606
-0.084484
-0.0797958
-0.0755572
-0.0933067
-0.097986
-0.102096
-0.105632
-0.108573
-0.110902
-0.112599
-0.113629
-0.113981
-0.11365
-0.112644
-0.110979
-0.108657
-0.105677
-0.102057
-0.0977899
-0.092946
-0.0875031
-0.0817343
-0.0762094
-0.00843708
-0.00923267
-0.00954459
-0.0094072
-0.00890866
-0.00816781
-0.00727824
-0.00630975
-0.00532973
-0.00439526
-0.00354392
-0.00279646
-0.00216116
-0.00163675
-0.00121527
-0.00088484
-0.000631807
-0.00044238
-0.000303666
-0.00020428
-0.000134606
-8.68233e-05
-5.47759e-05
-3.37656e-05
-2.03061e-05
-1.18841e-05
-6.72402e-06
-3.61971e-06
-1.72232e-06
-4.40493e-07
-0.00883305
-0.00957825
-0.00981153
-0.00959296
-0.00902934
-0.00823893
-0.00730939
-0.0063107
-0.00531144
-0.00436693
-0.00351203
-0.0027653
-0.00213326
-0.00161329
-0.00119649
-0.000870392
-0.000621074
-0.000434651
-0.000298256
-0.000200594
-0.000132159
-8.52389e-05
-5.37756e-05
-3.31499e-05
-1.9937e-05
-1.1669e-05
-6.60275e-06
-3.55449e-06
-1.69079e-06
-4.32429e-07
-0.00956568
-0.010218
-0.0103009
-0.00992991
-0.00924636
-0.00836495
-0.00736215
-0.00630855
-0.0052747
-0.00431244
-0.00345162
-0.00270674
-0.00208111
-0.0015696
-0.00116159
-0.000843599
-0.000601199
-0.000420353
-0.000288257
-0.000193785
-0.00012764
-8.23144e-05
-5.19298e-05
-3.20141e-05
-1.92562e-05
-1.12721e-05
-6.37909e-06
-3.43427e-06
-1.63321e-06
-4.17859e-07
-0.0106077
-0.011118
-0.0109813
-0.0103951
-0.00954303
-0.00853295
-0.00742721
-0.00629807
-0.00521786
-0.00423262
-0.00336499
-0.00262378
-0.00200781
-0.00150853
-0.001113
-0.000806407
-0.000573669
-0.000400579
-0.000274444
-0.000184386
-0.000121405
-7.82806e-05
-4.93841e-05
-3.04476e-05
-1.83171e-05
-1.07247e-05
-6.07049e-06
-3.26843e-06
-1.55393e-06
-3.97675e-07
-0.0119284
-0.0122435
-0.0118156
-0.0109562
-0.00989454
-0.00872468
-0.00749222
-0.00627236
-0.00513822
-0.00412758
-0.00325389
-0.00251897
-0.00191613
-0.00143267
-0.00105296
-0.000760614
-0.000539865
-0.000376349
-0.000257542
-0.000172897
-0.000113789
-7.3355e-05
-4.62763e-05
-2.85353e-05
-1.71707e-05
-1.00563e-05
-5.69361e-06
-3.06591e-06
-1.45718e-06
-3.72911e-07
-0.0135043
-0.0135632
-0.012773
-0.0115888
-0.0102817
-0.00892494
-0.00754621
-0.00622498
-0.00503315
-0.00399725
-0.00311982
-0.0023946
-0.00180856
-0.00134438
-0.000983484
-0.000707863
-0.00050105
-0.000348591
-0.000238212
-0.000159774
-0.000105097
-6.77362e-05
-4.27321e-05
-2.63547e-05
-1.58633e-05
-9.29398e-06
-5.26367e-06
-2.83487e-06
-1.34685e-06
-3.44524e-07
-0.0153151
-0.0150479
-0.0138228
-0.0122663
-0.0106836
-0.00911762
-0.00757801
-0.0061497
-0.00490016
-0.00384159
-0.00296421
-0.0022528
-0.00168741
-0.00124582
-0.000906429
-0.000649637
-0.000458361
-0.000318143
-0.000217048
-0.000145424
-9.56009e-05
-6.16016e-05
-3.88638e-05
-2.39749e-05
-1.44365e-05
-8.46184e-06
-4.79428e-06
-2.5826e-06
-1.22639e-06
-3.13365e-07
-0.0173413
-0.0166685
-0.0149356
-0.012965
-0.0110813
-0.00928802
-0.00757767
-0.00604122
-0.00473736
-0.00366087
-0.00278856
-0.00209564
-0.00155485
-0.00113897
-0.000823466
-0.00058727
-0.00041281
-0.000285745
-0.000194575
-0.000130209
-8.55418e-05
-5.51072e-05
-3.477e-05
-2.14568e-05
-1.29267e-05
-7.58114e-06
-4.29739e-06
-2.31551e-06
-1.09884e-06
-2.80181e-07
-0.0195645
-0.0183959
-0.0160834
-0.0136616
-0.011457
-0.00942237
-0.0075364
-0.00589527
-0.00454353
-0.00345569
-0.00259451
-0.00192517
-0.00141291
-0.00102565
-0.000736104
-0.000521947
-0.000365291
-0.000252046
-0.000171248
-0.00011444
-7.51274e-05
-4.83877e-05
-3.05359e-05
-1.88527e-05
-1.13653e-05
-6.6702e-06
-3.78332e-06
-2.03913e-06
-9.66817e-07
-2.45621e-07
-0.0219653
-0.0202008
-0.0172391
-0.0143344
-0.0117941
-0.00950828
-0.00744688
-0.0057088
-0.00431822
-0.00322711
-0.00238386
-0.00174341
-0.00126352
-0.000907521
-0.000645695
-0.000454716
-0.000316582
-0.000217607
-0.000147461
-9.83842e-05
-6.45351e-05
-4.1558e-05
-2.62339e-05
-1.62073e-05
-9.77901e-06
-5.7446e-06
-3.26083e-06
-1.75816e-06
-8.32547e-07
-2.10242e-07
-0.0245224
-0.0220533
-0.0183765
-0.0149636
-0.0120773
-0.00953487
-0.00730346
-0.00547999
-0.00406173
-0.00297657
-0.00215858
-0.00155237
-0.0011085
-0.000786101
-0.000553441
-0.000386488
-0.000267355
-0.000182907
-0.000123546
-8.22671e-05
-5.39135e-05
-3.47141e-05
-2.19246e-05
-1.35578e-05
-8.19024e-06
-4.81735e-06
-2.73727e-06
-1.47655e-06
-6.97895e-07
-1.74518e-07
-0.0272118
-0.0239226
-0.0194709
-0.0155307
-0.0122927
-0.00949298
-0.0071022
-0.00520829
-0.00377509
-0.0027059
-0.00192076
-0.00135404
-0.000949531
-0.000662761
-0.000460399
-0.000318052
-0.000218179
-0.000148347
-9.97783e-05
-6.62752e-05
-4.33856e-05
-2.79351e-05
-1.76578e-05
-1.09347e-05
-6.6173e-06
-3.89917e-06
-2.2187e-06
-1.19753e-06
-5.64399e-07
-1.38848e-07
-0.0300083
-0.0257777
-0.0204981
-0.0160199
-0.0124278
-0.00937531
-0.00684093
-0.00489423
-0.00345994
-0.00241725
-0.00167257
-0.00115033
-0.000788197
-0.000538728
-0.00036749
-0.00025008
-0.000169533
-0.000114261
-7.63864e-05
-5.05604e-05
-3.3051e-05
-2.1285e-05
-1.34736e-05
-8.36284e-06
-5.07499e-06
-2.99872e-06
-1.70999e-06
-9.23744e-07
-4.33309e-07
-1.03564e-07
-0.0328854
-0.0275878
-0.0214355
-0.0164171
-0.0124717
-0.00917666
-0.00651923
-0.00453932
-0.00311845
-0.00211301
-0.00141624
-0.000943082
-0.00062594
-0.000415086
-0.000275508
-0.000183137
-0.000121812
-8.09201e-05
-5.35525e-05
-3.5244e-05
-2.29889e-05
-1.48145e-05
-9.40394e-06
-5.86164e-06
-3.57502e-06
-2.12281e-06
-1.21501e-06
-6.57267e-07
-3.05618e-07
-6.89407e-08
-0.0358146
-0.0293227
-0.0222627
-0.0167095
-0.0124157
-0.00889404
-0.0061382
-0.00414584
-0.00275326
-0.00179579
-0.00115397
-0.000734043
-0.000464065
-0.000292786
-0.000185123
-0.00011769
-7.53345e-05
-4.85387e-05
-3.14201e-05
-2.04207e-05
-1.32605e-05
-8.56239e-06
-5.47302e-06
-3.44607e-06
-2.12633e-06
-1.27671e-06
-7.3675e-07
-3.99708e-07
-1.821e-07
-3.5203e-08
-0.0387648
-0.0309531
-0.0229612
-0.0168858
-0.0122529
-0.00852667
-0.00570027
-0.00371675
-0.00236739
-0.00146829
-0.000887927
-0.000524828
-0.000303737
-0.000172642
-9.68953e-05
-5.4117e-05
-3.0353e-05
-1.72841e-05
-1.00984e-05
-6.16149e-06
-3.91129e-06
-2.5577e-06
-1.69894e-06
-1.12716e-06
-7.35581e-07
-4.64314e-07
-2.7741e-07
-1.52264e-07
-6.33386e-08
-2.5311e-09
-0.0417029
-0.0324514
-0.023515
-0.0169363
-0.0119788
-0.00807585
-0.0052089
-0.00325554
-0.00196409
-0.00113324
-0.000620186
-0.000316916
-0.000145982
-5.53441e-05
-1.12803e-05
7.28552e-06
1.29396e-05
1.27193e-05
1.0333e-05
7.48248e-06
5.02618e-06
3.17922e-06
1.90566e-06
1.08732e-06
5.92586e-07
3.1165e-07
1.61442e-07
8.42139e-08
5.02486e-08
2.89332e-08
-0.0445936
-0.0337921
-0.0239105
-0.0168529
-0.0115913
-0.00754474
-0.00466835
-0.00276613
-0.0015468
-0.000793366
-0.000352683
-0.000111639
8.3188e-06
5.8537e-05
7.13607e-05
6.62907e-05
5.44021e-05
4.1384e-05
2.98196e-05
2.0477e-05
1.35307e-05
8.6352e-06
5.33265e-06
3.19244e-06
1.85518e-06
1.04941e-06
5.78791e-07
3.09172e-07
1.5838e-07
5.90817e-08
-0.0473999
-0.0349524
-0.0241371
-0.0166296
-0.0110906
-0.00693805
-0.00408353
-0.00225273
-0.00111903
-0.000451252
-8.72022e-05
8.98301e-05
0.00015842
0.000168543
0.000150752
0.000122735
9.39383e-05
6.86536e-05
4.83284e-05
3.28023e-05
2.15905e-05
1.38031e-05
8.57769e-06
5.18554e-06
3.05062e-06
1.74803e-06
9.74082e-07
5.22301e-07
2.60892e-07
8.78358e-08
-0.0500835
-0.0359126
-0.0241875
-0.016262
-0.0104792
-0.00626168
-0.00345973
-0.00171976
-0.000684256
-0.000109354
0.000174644
0.000286476
0.000303708
0.000274319
0.000226695
0.00017651
0.00013149
9.44984e-05
6.58441e-05
4.44503e-05
2.92015e-05
1.86807e-05
1.16395e-05
7.06589e-06
4.17845e-06
2.4072e-06
1.34714e-06
7.23498e-07
3.57719e-07
1.15143e-07
-0.0526053
-0.0366561
-0.0240574
-0.015748
-0.00976147
-0.00552241
-0.00280258
-0.00117172
-0.000245852
0.000230066
0.000431433
0.000477442
0.000443698
0.000375603
0.000299056
0.000227554
0.000167033
0.00011891
8.23663e-05
5.54226e-05
3.63657e-05
2.32698e-05
1.45195e-05
8.83431e-06
5.23914e-06
3.02721e-06
1.69809e-06
9.12825e-07
4.48874e-07
1.40975e-07
-0.0549261
-0.0371689
-0.0237457
-0.0150883
-0.008944
-0.00472756
-0.00211785
-0.000613121
0.000192995
0.000564963
0.000681931
0.00066203
0.000578019
0.000472216
0.000367763
0.000275845
0.000200568
0.0001419
9.79063e-05
6.57287e-05
4.30905e-05
2.75754e-05
1.72207e-05
1.04928e-05
6.23391e-06
3.60873e-06
2.02732e-06
1.09048e-06
5.3444e-07
1.65321e-07
-0.0570077
-0.0374402
-0.0232526
-0.0142859
-0.00803483
-0.0038848
-0.00141138
-4.83114e-05
0.000629336
0.000893534
0.000925105
0.000839687
0.000706408
0.000564056
0.000432793
0.000321396
0.000232119
0.000163493
0.000112485
7.53845e-05
4.93871e-05
3.16051e-05
1.97482e-05
1.20445e-05
7.16457e-06
4.15282e-06
2.3354e-06
1.25676e-06
6.14548e-07
1.88192e-07
-0.0588167
-0.0374636
-0.0225794
-0.0133469
-0.00704312
-0.00300186
-0.000688881
0.000518584
0.00106053
0.00121424
0.00116012
0.00101001
0.000828708
0.00065109
0.000494171
0.00036425
0.000261732
0.000183727
0.000126132
8.44109e-05
5.527e-05
3.53685e-05
2.21081e-05
1.3493e-05
8.03338e-06
4.66078e-06
2.62305e-06
1.41205e-06
6.89375e-07
2.09609e-07
-0.0603234
-0.0372363
-0.0217296
-0.0122793
-0.00597885
-0.00208648
4.40074e-05
0.00108369
0.00148422
0.00152577
0.00138632
0.00117271
0.000944831
0.000733327
0.000551946
0.000404466
0.000289459
0.000202646
0.000138879
9.2831e-05
6.07552e-05
3.8876e-05
2.4307e-05
1.48426e-05
8.84281e-06
5.13405e-06
2.89109e-06
1.55679e-06
7.59123e-07
2.2961e-07
-0.0614971
-0.0367577
-0.0207087
-0.0110932
-0.00485296
-0.00114685
0.000781402
0.00164305
0.001898
0.00182677
0.00160298
0.00132746
0.00105466
0.000810752
0.000606149
0.000442085
0.000315342
0.000220286
0.000150756
0.000100665
6.58563e-05
4.21369e-05
2.63509e-05
1.6097e-05
9.59522e-06
5.57404e-06
3.14034e-06
1.69143e-06
8.24008e-07
2.48237e-07
-0.062338
-0.0360326
-0.0195255
-0.00980142
-0.00367713
-0.000191246
0.00151752
0.00219288
0.00229967
0.00211608
0.00180955
0.00147405
0.00115815
0.000883416
0.000656859
0.000477189
0.000339452
0.000236702
0.000161802
0.000107942
7.05933e-05
4.51641e-05
2.82482e-05
1.72615e-05
1.02938e-05
5.98262e-06
3.37183e-06
1.81651e-06
8.84291e-07
2.65546e-07
-0.0628842
-0.0350723
-0.0181871
-0.00841218
-0.00245713
0.000778268
0.00225247
0.00273446
0.002691
0.00239551
0.0020077
0.00161387
0.00125644
0.000952174
0.00070471
0.000510233
0.000362117
0.000252105
0.000172149
0.000114756
7.50283e-05
4.7997e-05
3.00227e-05
1.835e-05
1.09462e-05
6.36393e-06
3.58768e-06
1.93304e-06
9.40402e-07
2.8165e-07
-0.0630673
-0.0338652
-0.0166783
-0.00691537
-0.00118257
0.00177318
0.00299794
0.00327843
0.00308067
0.00267169
0.0022023
0.00175043
0.00135199
0.00101873
0.000750855
0.000541976
0.000383825
0.000266803
0.000181962
0.000121219
7.9236e-05
5.06814e-05
3.1701e-05
1.93768e-05
1.15601e-05
6.72161e-06
3.78957e-06
2.04176e-06
9.92637e-07
2.9664e-07
-0.0628825
-0.0324314
-0.015036
-0.00536046
9.85868e-05
0.00275038
0.00371718
0.00379565
0.00344623
0.00292741
0.00238028
0.00187395
0.00143755
0.0010778
0.000791497
0.000569768
0.000402659
0.000279611
0.000190615
0.000126821
8.28773e-05
5.30032e-05
3.31535e-05
2.02676e-05
1.20947e-05
7.03495e-06
3.96774e-06
2.13858e-06
1.0395e-06
3.10088e-07
-0.0631312
-0.0313874
-0.0139284
-0.0043015
0.000926972
0.00332419
0.00408043
0.00402189
0.00359098
0.00302181
0.00244304
0.00191651
0.00146707
0.00109866
0.00080645
0.000580632
0.000410328
0.000285783
0.00019593
0.000129865
8.48336e-05
5.42959e-05
3.40132e-05
2.08367e-05
1.24658e-05
7.2711e-06
4.11263e-06
2.22286e-06
1.08247e-06
3.22423e-07
-0.0555528
-0.0238585
-0.00915646
-0.00116153
0.00293466
0.00461254
0.00493394
0.00458543
0.00395376
0.00325453
0.00259301
0.00201399
0.00153119
0.00114125
0.000835348
0.000599385
0.000425463
0.000294009
0.000198565
0.000133405
8.74116e-05
5.60678e-05
3.51878e-05
2.15915e-05
1.29372e-05
7.55738e-06
4.28073e-06
2.31682e-06
1.12919e-06
3.3567e-07
-0.0487402
-0.0182084
-0.0053867
0.00148483
0.00473885
0.00576523
0.00563182
0.00500203
0.00420684
0.00341095
0.0026914
0.00207704
0.00157246
0.00116862
0.000853578
0.000614574
0.000431255
0.000300083
0.00020453
0.000136954
8.97664e-05
5.76462e-05
3.62328e-05
2.2269e-05
1.33655e-05
7.82076e-06
4.43716e-06
2.40502e-06
1.17334e-06
3.48348e-07
-0.0414828
-0.0122603
-0.00163843
0.0039792
0.00635783
0.0067576
0.00624779
0.00538953
0.00445154
0.00356632
0.00279108
0.00214186
0.00161535
0.00119779
0.000874084
0.000624882
0.000443109
0.000307219
0.000209177
0.000140105
9.19117e-05
5.90863e-05
3.71856e-05
2.28882e-05
1.37593e-05
8.06465e-06
4.5831e-06
2.48782e-06
1.215e-06
3.6047e-07
-0.0337825
-0.00644925
0.0020253
0.0063989
0.00789595
0.00770626
0.00683757
0.00575683
0.00468097
0.00371095
0.00288348
0.0022018
0.001655
0.00122348
0.000891661
0.00064048
0.000451718
0.000313389
0.00021347
0.00014306
9.39331e-05
6.04471e-05
3.80869e-05
2.34741e-05
1.41318e-05
8.29538e-06
4.72119e-06
2.56618e-06
1.25445e-06
3.72057e-07
-0.0258318
-0.000793174
0.00554949
0.00872299
0.00933427
0.00858848
0.00738232
0.00609494
0.0048923
0.00384453
0.00296909
0.00225751
0.00169197
0.00124931
0.000906921
0.000651594
0.000460023
0.000319196
0.000217532
0.000145842
9.58352e-05
6.17298e-05
3.89379e-05
2.40276e-05
1.44837e-05
8.51331e-06
4.85157e-06
2.64012e-06
1.29168e-06
3.83083e-07
-0.0176924
0.00470169
0.00899915
0.0109006
0.0106712
0.00940582
0.00788596
0.0064074
0.00508766
0.00396812
0.00304841
0.00230917
0.00172637
0.00127369
0.000923741
0.000662936
0.00046783
0.000324625
0.000221323
0.000148439
9.76133e-05
6.29302e-05
3.97349e-05
2.45464e-05
1.48138e-05
8.71773e-06
4.9739e-06
2.7095e-06
1.32663e-06
3.93517e-07
-0.00944187
0.00998944
0.0123271
0.0129334
0.0119128
0.010162
0.00835008
0.00669468
0.00526719
0.00408177
0.00312144
0.0023568
0.0017581
0.00129098
0.000939073
0.00067332
0.000475029
0.000329657
0.00022484
0.000150854
9.92674e-05
6.40475e-05
4.04772e-05
2.50299e-05
1.51214e-05
8.90836e-06
5.08804e-06
2.77424e-06
1.35927e-06
4.03331e-07
-0.00121018
0.0150194
0.0154861
0.0148246
0.013059
0.0108573
0.00877522
0.00695735
0.00543132
0.00418577
0.00318833
0.00240059
0.00178729
0.0013116
0.000952936
0.000682827
0.000481661
0.000334301
0.000228088
0.000153086
0.000100797
6.50815e-05
4.11645e-05
2.54776e-05
1.54064e-05
9.08503e-06
5.19386e-06
2.83428e-06
1.38954e-06
4.12497e-07
0.00685802
0.0197133
0.0184588
0.0165712
0.0141087
0.0114925
0.00916223
0.00719603
0.00558046
0.00428034
0.0032492
0.00244025
0.00182029
0.00133026
0.000965699
0.000691542
0.000487738
0.000338558
0.000231068
0.000155135
0.000102203
6.60318e-05
4.17962e-05
2.58893e-05
1.56685e-05
9.24757e-06
5.29125e-06
2.88954e-06
1.41742e-06
4.20989e-07
0.0147575
0.0240475
0.0212126
0.0181704
0.0150617
0.0120679
0.00951183
0.00741124
0.00571495
0.00436568
0.00330415
0.00247596
0.00183207
0.00134707
0.000977191
0.000699445
0.000493259
0.00034243
0.000233778
0.000157
0.000103483
6.68977e-05
4.23721e-05
2.62647e-05
1.59076e-05
9.39583e-06
5.38011e-06
2.93996e-06
1.44287e-06
4.28785e-07
0.0223596
0.0280764
0.023729
0.0196206
0.0159179
0.0125841
0.00982468
0.00760347
0.0058351
0.00444197
0.00335334
0.00250838
0.00185729
0.00136231
0.000987517
0.000706552
0.000498226
0.000345914
0.000236219
0.000158682
0.000104637
6.76787e-05
4.28916e-05
2.66034e-05
1.61234e-05
9.52967e-06
5.46035e-06
2.9855e-06
1.46586e-06
4.35865e-07
0.0294759
0.0317119
0.0260017
0.0209208
0.0166772
0.0130414
0.0101014
0.00777318
0.00594118
0.00450937
0.00339686
0.00253743
0.00187589
0.00137568
0.00099667
0.000712864
0.00050264
0.000349013
0.000238391
0.000160179
0.000105664
6.83742e-05
4.33544e-05
2.69052e-05
1.63156e-05
9.64895e-06
5.53188e-06
3.0261e-06
1.48636e-06
4.42209e-07
0.0359919
0.0349458
0.0280225
0.0220689
0.0173397
0.0134402
0.0103425
0.00792078
0.00603344
0.00456801
0.00343478
0.00256312
0.00189299
0.00138732
0.00100466
0.000718384
0.000506501
0.000351724
0.000240292
0.00016149
0.000106565
6.89838e-05
4.37601e-05
2.71697e-05
1.64842e-05
9.75357e-06
5.59463e-06
3.06173e-06
1.50436e-06
4.478e-07
0.0418013
0.037766
0.029778
0.023062
0.0179059
0.0137808
0.0105484
0.00804662
0.00611211
0.00461803
0.00346717
0.0025854
0.00190783
0.00139729
0.00101149
0.000723113
0.000509811
0.000354049
0.000241922
0.000162615
0.000107337
6.95071e-05
4.41085e-05
2.73969e-05
1.6629e-05
9.84343e-06
5.64855e-06
3.09233e-06
1.51982e-06
4.52623e-07
0.046806
0.0401545
0.0312567
0.0238971
0.0183764
0.0140636
0.0107194
0.00815102
0.00617737
0.00465953
0.00349407
0.00260361
0.00192021
0.00140557
0.00101718
0.000727052
0.000512568
0.000355987
0.000243282
0.000163553
0.000107982
6.99437e-05
4.43991e-05
2.75866e-05
1.67498e-05
9.91844e-06
5.69356e-06
3.1179e-06
1.53274e-06
4.56665e-07
0.0509196
0.0420938
0.0324488
0.0245709
0.0187519
0.0142891
0.010856
0.00823424
0.00622939
0.0046926
0.00351549
0.0026192
0.00193018
0.00141218
0.00102172
0.000730203
0.000514774
0.000357537
0.00024437
0.000164304
0.000108498
7.02934e-05
4.46319e-05
2.77384e-05
1.68466e-05
9.97853e-06
5.72963e-06
3.13838e-06
1.5431e-06
4.59916e-07
0.05407
0.0435671
0.0333474
0.0250798
0.0190331
0.0144577
0.0109582
0.00829647
0.00626828
0.00471732
0.00353138
0.00263493
0.00193763
0.00141713
0.00102512
0.000732566
0.000516428
0.0003587
0.000245186
0.000164868
0.000108885
7.05558e-05
4.48067e-05
2.78525e-05
1.69193e-05
1.00236e-05
5.75672e-06
3.15377e-06
1.55088e-06
4.62367e-07
0.0562017
0.0445594
0.0339483
0.0254209
0.0192203
0.0145698
0.0110263
0.00833789
0.00629416
0.00473375
0.00354164
0.00262439
0.00194235
0.00142042
0.00102739
0.000734141
0.000517531
0.000359476
0.000245731
0.000165244
0.000109144
7.07309e-05
4.49233e-05
2.79285e-05
1.69677e-05
1.00537e-05
5.7748e-06
3.16406e-06
1.55609e-06
4.64012e-07
0.057277
0.0450589
0.0342491
0.0255921
0.0193138
0.0146258
0.0110603
0.00835857
0.00630708
0.00474196
0.00354682
0.00263034
0.00194474
0.00142207
0.00102852
0.000734928
0.000518082
0.000359863
0.000246003
0.000165432
0.000109273
7.08184e-05
4.49816e-05
2.79666e-05
1.6992e-05
1.00688e-05
5.78386e-06
3.16921e-06
1.5587e-06
4.64846e-07
)
;

boundaryField
{
    inlet
    {
        type            zeroGradient;
    }
    outlet
    {
        type            fixedValue;
        value           uniform 0;
    }
    cylinder
    {
        type            zeroGradient;
    }
    top
    {
        type            symmetryPlane;
    }
    bottom
    {
        type            symmetryPlane;
    }
    defaultFaces
    {
        type            empty;
    }
}


// ************************************************************************* //
