/*--------------------------------*- C++ -*----------------------------------*\
  =========                 |
  \\      /  F ield         | OpenFOAM: The Open Source CFD Toolbox
   \\    /   O peration     | Website:  https://openfoam.org
    \\  /    A nd           | Version:  7
     \\/     M anipulation  |
\*---------------------------------------------------------------------------*/
FoamFile
{
    version     2.0;
    format      ascii;
    class       volScalarField;
    location    "3.3";
    object      T;
}
// * * * * * * * * * * * * * * * * * * * * * * * * * * * * * * * * * * * * * //

dimensions      [0 0 0 1 0 0 0];

internalField   nonuniform List<scalar> 
6300
(
1
1
1
1
1
1
1
1
1
1
1
1
1
1
1
2.27147
2.70994
2.72155
2.73328
2.74426
2.75442
2.76417
2.77382
2.7833
2.79208
2.79968
2.80638
2.8124
2.81754
2.82094
1
1
1
1
1
1
1
1
1
1
1
1
1
1
1
2.25585
2.70806
2.72079
2.73218
2.74317
2.75323
2.76287
2.77237
2.78165
2.79018
2.7975
2.80394
2.80974
2.81465
2.81795
1
1
1
1
1
1
1
1
1
1
1
1
1
1
1
2.22013
2.706
2.71924
2.73025
2.7412
2.75116
2.76069
2.77006
2.77917
2.78748
2.79453
2.80064
2.8061
2.81064
2.8137
1
1
1
1
1
1
1
1
1
1
1
1
1
1
1
2.16422
2.70014
2.7167
2.72756
2.73847
2.74811
2.75728
2.76627
2.775
2.78294
2.78961
2.79536
2.8005
2.80472
2.80764
1
1
1
1
1
1
1
1
1
1
1
1
1
1
1
2.08592
2.68775
2.71248
2.72371
2.7348
2.74425
2.75309
2.76163
2.7698
2.77704
2.78292
2.78794
2.79258
2.79645
2.79939
1
1
1
1
1
1
1
1
1
1
1
1
1
1
1
1.98055
2.66545
2.7048
2.71715
2.7287
2.73818
2.74676
2.75483
2.76242
2.76915
2.77454
2.77898
2.78291
2.78584
2.78768
1
1
1
1
1
1
1
1
1
1
1
1
1
1
1
1.84326
2.62902
2.69195
2.70664
2.71961
2.72963
2.73807
2.74565
2.75255
2.75834
2.7624
2.76497
2.76756
2.76968
2.77244
1
1
1
1
1
1
1
1
1
1
1
1
1
1
1
1.67102
2.57278
2.67497
2.69312
2.70817
2.71903
2.72761
2.73482
2.74091
2.74551
2.74852
2.75016
2.75138
2.74944
2.74471
1
1
1
1
1
1
1
1
1
1
1
1
1
1
1
1.42873
2.47485
2.65596
2.67583
2.69276
2.70409
2.7132
2.7207
2.72662
2.73028
2.73113
2.72855
2.72242
2.71377
2.70674
1
1
1
1
1
1
1
1
1
1
1
1
1
1
1
1.12181
2.36009
2.65851
2.65713
2.6681
2.68121
2.69259
2.70169
2.70767
2.70998
2.70823
2.70206
2.69286
2.68553
2.69303
1
1
1
1
1
1
1
1
1
1
1
1
1
1
1
1.00411
2.24398
2.63863
2.63795
2.64632
2.65683
2.66804
2.67755
2.68353
2.68472
2.68139
2.67041
2.648
2.59304
2.48828
1
1
1
1
1
1
1
1
1
1
1
1
1
1
1
1
2.04843
2.61959
2.63542
2.6379
2.641
2.64666
2.65219
2.65605
2.65519
2.64909
2.63258
2.59533
2.5337
2.36294
1
1
1
1
1
1
1
1
1
1
1
1
1
1
1
0.999999
1.74906
2.53973
2.62605
2.62947
2.63055
2.63169
2.63055
2.62958
2.62517
2.61449
2.59344
2.54965
2.47848
2.28911
1
1
1
1
1
1
1
1
1
1
1
1
1
1
1
1
1.33812
2.39112
2.60531
2.61312
2.61775
2.61685
2.6127
2.60642
2.59673
2.58071
2.55463
2.51041
2.42966
2.26453
1
1
1
1
1
1
1
1
1
1
1
1
1
1
1
1
1.03246
2.2219
2.56789
2.58752
2.59952
2.59945
2.59527
2.58615
2.57207
2.55144
2.52018
2.47449
2.39268
2.26773
1
1
1
1
1
1
1
1
1
1
1
1
1
1
1
1
1.00016
1.95328
2.50923
2.5587
2.57395
2.57809
2.57523
2.56604
2.54986
2.5263
2.49244
2.44428
2.36832
2.27117
1
1
1
1
1
1
1
1
1
1
1
1
1
1
1
1
0.999999
1.4771
2.38341
2.52975
2.54614
2.55438
2.55286
2.54513
2.52919
2.50467
2.47011
2.42101
2.35274
2.27286
1
1
1
1
1
1
1
1
1
1
1
1
1
1
1
1
1
1.05809
2.21527
2.51396
2.51585
2.52384
2.52375
2.51879
2.50575
2.48393
2.45063
2.40353
2.3433
2.27559
1
1
1
1
1
1
1
1
1
1
1
1
1
1
1
1
1
1.00062
1.90522
2.44771
2.48772
2.49277
2.49297
2.48936
2.47905
2.46055
2.43088
2.38859
2.3369
2.27729
1
1
1
1
1
1
1
1
1
1
1
1
1
1
1
1
1
0.999997
1.33309
2.30857
2.4747
2.46492
2.46316
2.45985
2.4516
2.43526
2.41046
2.37477
2.33063
2.27793
1
1
1
1
1
1
1
1
1
1
1
1
1
1
1
1
1
0.999999
1.02576
2.12954
2.44258
2.42894
2.43042
2.42836
2.42151
2.40847
2.38739
2.35789
2.32056
2.27532
1
1
1
1
1
1
1
1
1
1
1
1
1
1
1
1
1
1
1.00009
1.65889
2.3465
2.4107
2.40993
2.40557
2.39669
2.38371
2.36448
2.33884
2.30715
2.26968
1
1
1
1
1
1
1
1
1
1
1
1
1
1
1
1
1
1
1
1.11581
2.16028
2.40307
2.39629
2.3865
2.37328
2.35841
2.34014
2.3177
2.29087
2.26006
1
1
1
1
1
1
1
1
1
1
1
1
1
1
1
1
1
1
1
1.00273
1.76435
2.32079
2.37656
2.36461
2.35231
2.3375
2.3196
2.29876
2.27474
2.24745
1
1
1
1
1
1
1
1
1
1
1
1
1
1
1
1
1
1
1
1
1.17679
2.13842
2.36028
2.34585
2.33506
2.32045
2.302
2.2812
2.25847
2.23313
1
1
1
1
1
1
1
1
1
1
1
1
1
1
1
1
1
1
1
1
1.00663
1.77757
2.27681
2.32669
2.3151
2.301
2.2837
2.26435
2.24303
2.21973
1
1
1
1
1
1
1
1
1
1
1
1
1
1
1
1
1
1
1
1
1.00002
1.19499
2.08231
2.3066
2.29463
2.28336
2.26812
2.25035
2.23007
2.20812
1
1
1
1
1
1
1
1
1
1
1
1
1
1
1
1
1
1
1
1
1
1.00807
1.66722
2.20303
2.27716
2.26198
2.24806
2.23303
2.21575
2.19627
1
1
1
1
1
1
1
1
1
1
1
1
1
1
1
1
1
1
1
1
1
1.00004
1.14181
1.99521
2.25644
2.23975
2.22975
2.21753
2.20299
2.18573
1
1
1
1
1
1
1
1
1
1
1
1
1
1
1
1
1
1
1
1
1
1
1.00433
1.49473
2.10712
2.21944
2.20771
2.19797
2.18591
2.17098
1
1
1
1
1
1
1
1
1
1
1
1
1
1
1
1
1
1
1
1
1
1
1.00002
1.0695
1.84065
2.19382
2.18927
2.18034
2.16885
2.15541
1
1
1
1
1
1
1
1
1
1
1
1
1
1
1
1
1
1
1
1
1
1
1
1.0012
1.30014
2.0132
2.17183
2.15714
2.14613
2.13506
1
1
1
1
1
1
1
1
1
1
1
1
1
1
1
1
1
1
1
1
1
1
1
1
1.02164
1.60773
2.07568
2.14572
2.13236
2.11987
1
1
1
1
1
1
1
1
1
1
1
1
1
1
1
1
1
1
1
1
1
1
1
1
1.00022
1.12227
1.83213
2.12042
2.11934
2.10735
1
1
1
1
1
1
1
1
1
1
1
1
1
1
1
1
1
1
1
1
1
1
1
1
1
1.00358
1.32483
1.9501
2.10074
2.09222
1
1
1
1
1
1
1
1
1
1
1
1
1
1
1
1
1
1
1
1
1
1
1
1
1
1.00002
1.02704
1.54649
2.00218
2.08137
1
1
1
1
1
1
1
1
1
1
1
1
1
1
1
1
1
1
1
1
1
1
1
1
1
1
1.00034
1.09976
1.73102
2.024
1
1
1
1
1
1
1
1
1
1
1
1
1
1
1
1
1
1
1
1
1
1
1
1
1
1
1
1.00274
1.23705
1.82727
1
1
1
1
1
1
1
1
1
1
1
1
1
1
1
1
1
1
1
1
1
1
1
1
1
1
1
1.00002
1.01417
1.3875
1
1
1
1
1
1
1
1
1
1
1
1
1
1
1
1
1
1
1
1
1
1
1
1
1
1
1
1
1.00015
1.04527
1
1
1
1
1
1
1
1
1
1
1
1
1
1
1
1
1
1
1
1
1
1
1
1
1
1
1
1
1
1.00083
1
1
1
1
1
1
1
1
1
1
1
1
1
1
1
1
1
1
1
1
1
1
1
1
1
1
1
1
1
1
1
1
1
1
1
1
1
1
1
1
1
1
1
1
1
1
1
1
1
1
1
1
1
1
1
1
1
1
1
1
1
1
1
1
1
1
1
1
1
1
1
1
1
1
1
1
1
1
1
1
1
1
1
1
1
1
1
1
1
1
1
1
1
1
1
1
1
1
1
1
1
1
1
1
1
1
1
1
1
1
1
1
1
1
1
1
1
1
1
1
1
1
1
1
1
1
1
1
1
1
1
1
1
1
1
1
1
1
1
1
1
1
1
1
1
1
1
1
1
1
1
1
1
1
1
1
1
1
1
1
1
1
1
1
1
1
1
1
1
1
1
1
1
1
1
1
1
1
1
1
1
1
1
1
1
1
1
1
1
1
1
1
1
1
1
1
1
1
1
1
1
1
1
1
1
1
1
1
1
1
1
1
1
1
1
1
1
1
1
1
1
1
1
1
1
1
1
1
1
1
1
1
1
1
1
1
1
1
1
1
1
1
1
1
1
1
1
1
1
1
1
1
1
1
1
1
1
1
1
1
1
1
1
1
1
1
1
1
1
1
1.64762
1.10925
0.959294
0.987361
1.07814
1.21669
1.2899
1.3064
1.33907
1.41204
1.52451
1.64325
1.69717
1.70158
1.67406
1.65447
1.65892
1.69051
1.72238
1.72004
1.7128
1.69471
1.6842
1.68419
1.69462
1.70445
1.70258
1.69788
1.68785
1.68069
1.68124
1.69007
1.70337
1.71106
1.71088
1.70458
1.69766
1.69253
1.74141
2.54191
2.8467
2.84755
2.84367
2.83441
2.82186
2.80634
2.78858
2.76867
2.74869
2.72964
2.71235
2.69701
2.68253
2.66686
2.64872
2.62856
2.60847
2.59054
2.57529
2.56159
2.54742
2.53103
2.51344
2.49677
2.48265
2.47248
2.46398
2.45116
2.43505
2.41738
2.39989
2.38494
2.37303
2.36592
2.35733
2.34526
2.33291
2.32011
2.30726
2.29651
2.28701
2.27926
2.27318
2.26457
2.2527
2.23957
2.22446
2.20927
2.19708
2.18787
2.18063
2.1747
2.16711
2.15805
2.14543
2.13135
2.12027
2.11141
2.10332
2.09616
2.08779
2.07855
2.06768
2.05661
2.04884
2.04359
2.03914
2.03559
2.03096
2.02314
2.01114
1.99312
1.97601
1.96593
1.95995
1.95616
1.95435
1.95176
1.94819
1.93511
1.90002
1.5743
1.41237
1.29624
1.24921
1.24321
1.2227
1.17336
1.17378
1.21099
1.27874
1.3319
1.38057
1.44505
1.47984
1.49909
1.52643
1.56814
1.60866
1.6246
1.63183
1.63702
1.63833
1.64669
1.65653
1.65709
1.65365
1.6477
1.64755
1.65063
1.6579
1.6683
1.67749
1.678
1.67762
1.67635
1.67384
1.67027
1.674
2.44835
2.83237
2.8246
2.80987
2.79494
2.77709
2.7586
2.74055
2.72394
2.70895
2.69188
2.67204
2.65294
2.6365
2.62328
2.61121
2.59784
2.58141
2.56339
2.54676
2.53326
2.52283
2.51253
2.49877
2.48217
2.46499
2.44815
2.4332
2.42258
2.41397
2.40369
2.39104
2.37746
2.36482
2.35209
2.33981
2.33069
2.32253
2.31284
2.30226
2.29011
2.27757
2.26719
2.25796
2.25011
2.24266
2.2328
2.22154
2.20833
2.19387
2.1809
2.17101
2.16302
2.15684
2.15003
2.14151
2.13158
2.11994
2.10823
2.09815
2.08927
2.08158
2.07381
2.06511
2.0561
2.04806
2.04123
2.0353
2.02962
2.02332
2.01599
2.00623
1.99303
1.97886
1.96695
1.95861
1.95295
1.94855
1.9449
1.94128
1.93103
2.00441
1.79129
1.63596
1.50605
1.38887
1.32889
1.28491
1.25342
1.21617
1.17991
1.18246
1.19774
1.22561
1.25378
1.30599
1.34429
1.37503
1.41604
1.45442
1.48435
1.51501
1.54139
1.56167
1.58227
1.59109
1.59059
1.58363
1.57785
1.57865
1.58486
1.60102
1.61528
1.61977
1.61855
1.61336
1.61198
1.61269
1.61584
1.63608
2.25271
2.75506
2.72899
2.68326
2.67065
2.66281
2.65114
2.63702
2.62369
2.61246
2.60338
2.59038
2.57295
2.55478
2.53884
2.52624
2.51767
2.5101
2.49778
2.4829
2.46945
2.45939
2.45278
2.44755
2.43996
2.42738
2.41008
2.38843
2.3697
2.35857
2.35215
2.34915
2.34478
2.33575
2.32258
2.30627
2.29346
2.28444
2.27875
2.27303
2.26524
2.25603
2.24317
2.22812
2.21752
2.21023
2.20529
2.20079
2.19328
2.18362
2.16994
2.15291
2.13912
2.13038
2.12418
2.1207
2.11671
2.11018
2.10115
2.08846
2.07476
2.06414
2.05635
2.05058
2.04514
2.03962
2.03314
2.02472
2.01537
2.00676
1.99824
1.98977
1.98224
1.97429
1.96562
1.95521
1.94459
1.93629
1.92977
1.92455
1.91585
2.06574
1.90225
1.77178
1.66544
1.56298
1.45483
1.38588
1.37154
1.34957
1.30591
1.2511
1.21728
1.21478
1.22038
1.23128
1.24766
1.27143
1.30703
1.34065
1.37057
1.40417
1.44018
1.46703
1.48551
1.50636
1.5157
1.52003
1.52298
1.52705
1.53655
1.55396
1.56019
1.55936
1.5546
1.54683
1.54522
1.54891
1.56921
1.64737
1.9808
2.52012
2.60917
2.55574
2.52795
2.51977
2.51583
2.5085
2.50045
2.49098
2.48228
2.47608
2.46745
2.45735
2.44371
2.43194
2.42297
2.41654
2.41006
2.40087
2.39147
2.3815
2.37349
2.36799
2.36294
2.35584
2.34559
2.33318
2.31767
2.30205
2.29318
2.28892
2.28577
2.2799
2.27202
2.26182
2.24852
2.23648
2.22856
2.22269
2.21692
2.21012
2.20192
2.19222
2.18116
2.17123
2.16526
2.16091
2.15692
2.15097
2.14209
2.12926
2.113
2.09926
2.09189
2.08749
2.08457
2.08131
2.0763
2.068
2.05486
2.04142
2.03275
2.02679
2.02218
2.01824
2.0138
2.00745
1.9961
1.98219
1.97302
1.9675
1.96269
1.95862
1.95237
1.94483
1.93467
1.92088
1.9082
1.90206
1.89643
2.12053
1.98965
1.86374
1.76227
1.68822
1.60628
1.50679
1.4463
1.42709
1.40539
1.37211
1.31925
1.26938
1.2466
1.24101
1.24228
1.25551
1.27045
1.27869
1.28514
1.29921
1.32787
1.3656
1.40126
1.43714
1.45784
1.46975
1.47647
1.48272
1.49339
1.50936
1.5182
1.51853
1.51782
1.51305
1.51349
1.52648
1.61008
1.80852
1.91294
2.19214
2.42403
2.44386
2.44788
2.43806
2.42746
2.41995
2.41347
2.40682
2.40163
2.39659
2.39194
2.38674
2.37911
2.36701
2.35578
2.34777
2.34133
2.33619
2.3299
2.32283
2.31354
2.30381
2.29725
2.29125
2.28474
2.27725
2.26858
2.2577
2.2452
2.23596
2.23029
2.22527
2.22021
2.21433
2.20616
2.19485
2.1831
2.17445
2.16703
2.15985
2.15341
2.14769
2.14176
2.13428
2.12534
2.11817
2.11282
2.1071
2.10003
2.09129
2.0815
2.07115
2.06095
2.05334
2.0485
2.04439
2.03953
2.03279
2.02423
2.01541
2.00696
1.99978
1.99441
1.98997
1.98545
1.979
1.96869
1.95661
1.94841
1.94358
1.93921
1.9349
1.92983
1.92346
1.91454
1.9018
1.88798
1.8816
1.87579
2.1591
2.05539
1.94973
1.84377
1.76681
1.70211
1.6353
1.56048
1.49244
1.46936
1.45464
1.42594
1.37348
1.327
1.31476
1.29736
1.27899
1.27965
1.28172
1.27743
1.26666
1.26703
1.2769
1.30102
1.33377
1.37492
1.41241
1.43881
1.45601
1.46701
1.47986
1.48958
1.49429
1.49302
1.49244
1.50729
1.59892
1.77227
1.95296
1.96308
2.00264
2.17962
2.33003
2.38172
2.40276
2.39733
2.38589
2.37477
2.36372
2.35655
2.35332
2.35209
2.35098
2.34538
2.33643
2.32315
2.31272
2.30591
2.30102
2.29655
2.28982
2.28152
2.27016
2.26015
2.25405
2.24888
2.24402
2.23727
2.22874
2.21657
2.20208
2.19291
2.18796
2.18405
2.17997
2.17398
2.16421
2.14967
2.13652
2.12851
2.12284
2.11815
2.1139
2.10946
2.10338
2.09347
2.08235
2.07497
2.06931
2.06355
2.05787
2.05219
2.04547
2.03646
2.02556
2.01635
2.00983
2.00409
1.99863
1.99384
1.9891
1.98327
1.97608
1.9688
1.96205
1.95473
1.94645
1.93829
1.9318
1.92598
1.91959
1.91371
1.9087
1.90359
1.8967
1.88736
1.87732
1.86921
1.86351
1.85484
2.18269
2.09656
2.00688
1.91977
1.84353
1.76648
1.70794
1.65624
1.59738
1.53028
1.49922
1.48455
1.45449
1.40653
1.37725
1.36086
1.33709
1.31006
1.29858
1.29269
1.28726
1.2809
1.2736
1.27082
1.27505
1.29101
1.32044
1.36051
1.40363
1.43307
1.44523
1.45638
1.47115
1.47206
1.48449
1.58434
1.786
1.90994
1.98683
1.98679
1.97952
2.00243
2.12901
2.28552
2.36051
2.38175
2.37922
2.36692
2.35286
2.33799
2.33229
2.33086
2.33209
2.32961
2.32266
2.31179
2.29864
2.28993
2.2842
2.27976
2.27306
2.26541
2.25561
2.24408
2.236
2.23085
2.22598
2.21905
2.2109
2.2009
2.18812
2.17543
2.16784
2.16293
2.15788
2.1511
2.14172
2.12921
2.1154
2.10568
2.10005
2.09567
2.09155
2.08683
2.08099
2.07213
2.05959
2.04883
2.04287
2.03826
2.03386
2.02999
2.02509
2.01823
2.00659
1.99227
1.98265
1.97749
1.97403
1.97105
1.96796
1.96393
1.95707
1.94671
1.93621
1.92759
1.92092
1.9164
1.91267
1.90809
1.9016
1.89365
1.88668
1.87957
1.87098
1.86277
1.8571
1.85274
1.84836
1.83852
2.20016
2.12596
2.04878
1.97231
1.90405
1.83242
1.76306
1.71682
1.67426
1.61496
1.55666
1.52791
1.50967
1.48051
1.44108
1.41794
1.39979
1.37341
1.34497
1.33313
1.32756
1.3163
1.29863
1.28253
1.27922
1.27936
1.28135
1.28954
1.30909
1.33905
1.36749
1.39753
1.4241
1.45215
1.55181
1.76937
1.90364
1.95366
1.98757
1.99349
1.98742
1.97328
1.98523
2.08301
2.2419
2.33432
2.3629
2.36429
2.35302
2.33501
2.31985
2.31528
2.31328
2.3137
2.31056
2.30314
2.29262
2.27983
2.26993
2.26289
2.25749
2.25214
2.24482
2.236
2.22527
2.21491
2.20709
2.20169
2.19655
2.18929
2.18041
2.16898
2.15559
2.14449
2.13719
2.13164
2.12526
2.11749
2.10818
2.09673
2.08594
2.079
2.07422
2.06996
2.06462
2.0576
2.04837
2.03726
2.02868
2.02384
2.02039
2.01638
2.01068
2.00286
1.99162
1.97883
1.96885
1.96324
1.95995
1.95784
1.95565
1.95126
1.94239
1.92784
1.9151
1.90877
1.90513
1.90198
1.89862
1.89457
1.88889
1.87924
1.86581
1.85545
1.84962
1.84568
1.84234
1.83879
1.83513
1.82615
2.21188
2.14717
2.07822
2.01017
1.94975
1.88712
1.8219
1.7691
1.72415
1.68116
1.63618
1.58246
1.55075
1.53084
1.50172
1.46721
1.44702
1.43133
1.41
1.37906
1.35511
1.34423
1.33396
1.31842
1.30431
1.29786
1.28853
1.28691
1.28763
1.29243
1.30162
1.31982
1.34698
1.46357
1.71233
1.86899
1.90821
1.93627
1.95428
1.96739
1.96945
1.96776
1.95929
1.96272
2.0331
2.18553
2.29474
2.34237
2.34599
2.33358
2.31385
2.30096
2.29473
2.29311
2.29294
2.28974
2.28303
2.27338
2.25926
2.24698
2.23997
2.23414
2.23006
2.2239
2.21591
2.20435
2.19251
2.18486
2.17912
2.17451
2.16898
2.16052
2.14888
2.13392
2.12228
2.11553
2.11077
2.10624
2.10039
2.09227
2.0808
2.06857
2.0594
2.05335
2.04858
2.04427
2.03916
2.03271
2.02377
2.01339
2.00431
1.99714
1.99101
1.98421
1.9772
1.97117
1.96555
1.9591
1.95254
1.94668
1.94039
1.933
1.92358
1.91219
1.90289
1.89825
1.89524
1.89274
1.88954
1.88586
1.88055
1.86869
1.85187
1.84142
1.8373
1.83414
1.83134
1.82945
1.82726
1.81838
2.22144
2.1629
2.10091
2.04228
1.98401
1.92352
1.87022
1.82234
1.76998
1.72101
1.68864
1.64678
1.60131
1.57476
1.55316
1.51909
1.48476
1.47166
1.46004
1.44106
1.40957
1.37798
1.37047
1.36377
1.34566
1.33263
1.32284
1.30845
1.29795
1.29402
1.2961
1.30433
1.38762
1.6048
1.78529
1.82225
1.83652
1.85309
1.87422
1.90205
1.92423
1.94075
1.94074
1.93265
1.92979
1.98364
2.1262
2.25362
2.30931
2.31374
2.30436
2.29111
2.27745
2.27211
2.26833
2.2667
2.26531
2.25928
2.25006
2.23454
2.22013
2.21345
2.2085
2.20572
2.20076
2.19377
2.18135
2.16746
2.16031
2.155
2.15099
2.1457
2.13797
2.12789
2.11404
2.10239
2.09659
2.09248
2.08833
2.08285
2.07502
2.06298
2.04962
2.04109
2.03615
2.0322
2.02914
2.02432
2.01714
2.00614
1.99303
1.98291
1.97554
1.96994
1.96602
1.96291
1.95926
1.95429
1.946
1.93482
1.92392
1.91464
1.90636
1.89936
1.8955
1.89177
1.88786
1.88463
1.88169
1.87696
1.86817
1.85668
1.84453
1.83586
1.83058
1.82709
1.82413
1.82075
1.81669
1.80497
2.22673
2.17327
2.11895
2.06655
2.01168
1.95518
1.90687
1.86091
1.81228
1.76514
1.72895
1.69304
1.65016
1.61542
1.59497
1.57205
1.54014
1.50103
1.48576
1.47797
1.46196
1.43466
1.40268
1.39299
1.38392
1.3672
1.35501
1.34212
1.32389
1.30725
1.31025
1.37761
1.56185
1.74045
1.76804
1.76633
1.76673
1.76802
1.78091
1.80027
1.82569
1.85232
1.87785
1.89342
1.89581
1.90117
1.94253
2.0616
2.19662
2.25332
2.27738
2.27731
2.26745
2.2549
2.2459
2.24196
2.24079
2.23879
2.23263
2.22262
2.2056
2.19211
2.18621
2.18315
2.18111
2.17671
2.16962
2.15566
2.14069
2.1333
2.12784
2.12403
2.12057
2.11462
2.10709
2.09567
2.08316
2.07613
2.07197
2.06782
2.06276
2.05605
2.04624
2.03376
2.0243
2.01907
2.01446
2.00997
2.00436
1.9963
1.98509
1.97258
1.96422
1.95984
1.9567
1.95456
1.9514
1.94626
1.93611
1.92205
1.90966
1.90014
1.89353
1.89054
1.88779
1.88461
1.88102
1.87689
1.87002
1.86069
1.85167
1.84325
1.8372
1.8318
1.82604
1.82098
1.81692
1.8119
1.80424
1.79039
2.22669
2.18008
2.1335
2.08493
2.0328
1.98497
1.93874
1.89229
1.84589
1.80639
1.76653
1.7298
1.69638
1.66243
1.62687
1.6046
1.58507
1.5569
1.5197
1.49917
1.4912
1.47706
1.45089
1.42298
1.41578
1.40562
1.39175
1.37701
1.36018
1.36139
1.41532
1.58458
1.73545
1.7829
1.77892
1.77151
1.76568
1.75712
1.74409
1.73552
1.73548
1.74368
1.76663
1.79777
1.82444
1.83658
1.84054
1.87004
1.9738
2.11348
2.20417
2.24417
2.25395
2.24378
2.22944
2.22251
2.2186
2.2172
2.21371
2.20686
2.19451
2.17679
2.1665
2.16193
2.1597
2.15696
2.15213
2.14383
2.12858
2.11401
2.10696
2.10242
2.09999
2.09665
2.09164
2.08476
2.07356
2.06121
2.05402
2.04967
2.04588
2.04189
2.03661
2.02787
2.01521
2.00476
1.99789
1.99172
1.98563
1.97985
1.97358
1.96644
1.95848
1.95136
1.94626
1.94159
1.93597
1.92897
1.91994
1.90746
1.89535
1.88924
1.88632
1.88388
1.8806
1.87641
1.87064
1.86216
1.85249
1.84396
1.83671
1.83282
1.82959
1.82556
1.82018
1.81343
1.80628
1.79813
1.7901
1.77791
2.2233
2.1829
2.1418
2.09661
2.05033
2.00772
1.96423
1.91813
1.87647
1.83926
1.80223
1.76335
1.73081
1.70237
1.66996
1.63352
1.61008
1.59294
1.56651
1.53325
1.51268
1.50319
1.4887
1.46609
1.44508
1.43209
1.41829
1.40426
1.40695
1.46541
1.63782
1.77813
1.81423
1.80392
1.79236
1.78409
1.77652
1.76568
1.74752
1.73092
1.72583
1.72444
1.72277
1.72428
1.73074
1.73606
1.74006
1.74462
1.76996
1.86561
2.01758
2.15587
2.21663
2.22786
2.22038
2.20787
2.20155
2.19826
2.19692
2.19134
2.18195
2.16836
2.15459
2.14685
2.14242
2.13911
2.13443
2.12811
2.11757
2.1028
2.09136
2.08521
2.08124
2.0782
2.07359
2.06839
2.0607
2.04882
2.03777
2.03236
2.02862
2.02503
2.02127
2.01585
2.00562
1.99161
1.98076
1.97363
1.96796
1.96326
1.95933
1.95538
1.94998
1.94205
1.93326
1.92548
1.91815
1.91032
1.90121
1.89108
1.88409
1.88088
1.87877
1.87621
1.87246
1.8671
1.85797
1.84473
1.83386
1.82803
1.82519
1.8235
1.82126
1.818
1.81289
1.80344
1.79065
1.78091
1.77498
1.76806
2.21577
2.18105
2.14372
2.10375
2.06458
2.02458
1.98297
1.94106
1.90461
1.86685
1.83003
1.79394
1.76299
1.7303
1.70138
1.67028
1.64081
1.61723
1.59901
1.57628
1.54498
1.5248
1.51501
1.5011
1.48301
1.46224
1.44251
1.44755
1.51122
1.69015
1.83469
1.85502
1.84164
1.82353
1.81236
1.80621
1.79743
1.78565
1.77007
1.74981
1.73421
1.72333
1.71721
1.71235
1.71001
1.70598
1.69814
1.68683
1.67902
1.68819
1.74605
1.89845
2.06021
2.17703
2.19898
2.20087
2.19121
2.18145
2.17609
2.17304
2.16938
2.16193
2.15267
2.14023
2.12987
2.12331
2.1178
2.11227
2.1057
2.09643
2.08371
2.07256
2.06594
2.06047
2.05626
2.05135
2.04561
2.03727
2.02629
2.01804
2.01356
2.00971
2.00553
1.9998
1.99076
1.97824
1.96598
1.95828
1.95347
1.9495
1.94571
1.94159
1.93608
1.92742
1.91704
1.90796
1.89998
1.89178
1.88373
1.87882
1.87571
1.87252
1.86931
1.8661
1.86248
1.8561
1.84338
1.82698
1.81777
1.81483
1.81288
1.81206
1.81052
1.80794
1.80348
1.79203
1.7744
1.76396
1.76169
1.75751
2.20522
2.17528
2.14164
2.10704
2.07248
2.03551
1.99607
1.96081
1.92546
1.89029
1.85253
1.82117
1.78991
1.75877
1.72711
1.70128
1.67544
1.64501
1.62059
1.60591
1.58498
1.55752
1.53568
1.52269
1.50774
1.4898
1.49282
1.55611
1.72592
1.88107
1.89551
1.87951
1.86127
1.8441
1.83362
1.82566
1.81597
1.80423
1.79111
1.77366
1.75355
1.73978
1.72861
1.71774
1.70705
1.69813
1.68962
1.6817
1.67126
1.65787
1.64826
1.66338
1.75273
1.92912
2.07841
2.16844
2.18086
2.17343
2.16469
2.1592
2.15785
2.15469
2.14765
2.13722
2.12275
2.11234
2.10561
2.0997
2.09467
2.08851
2.07937
2.06624
2.05507
2.04809
2.04199
2.03661
2.03178
2.02674
2.01987
2.01055
2.00083
1.99264
1.98565
1.97951
1.97314
1.96478
1.9551
1.94702
1.94152
1.93711
1.93257
1.92706
1.91919
1.90792
1.89658
1.8888
1.88234
1.87712
1.8738
1.87113
1.86781
1.8636
1.85872
1.85418
1.84742
1.83797
1.82657
1.8154
1.80813
1.80375
1.80121
1.80041
1.79976
1.79661
1.79057
1.7779
1.76091
1.75239
1.75043
1.74713
2.19423
2.16677
2.13734
2.10696
2.07525
2.04121
2.00792
1.97545
1.94184
1.90694
1.8743
1.84394
1.81278
1.78307
1.75251
1.72642
1.70093
1.67655
1.64904
1.62853
1.61072
1.58941
1.56641
1.54623
1.52889
1.53686
1.61115
1.76738
1.90948
1.92525
1.91038
1.89696
1.88498
1.86891
1.85166
1.83931
1.82829
1.81706
1.80554
1.79298
1.77751
1.75923
1.74244
1.72936
1.71756
1.70586
1.69433
1.68216
1.6681
1.65173
1.64101
1.63368
1.62689
1.65066
1.76792
1.945
2.08391
2.14241
2.14436
2.14698
2.14454
2.1434
2.1374
2.1293
2.11562
2.10142
2.09407
2.08842
2.08421
2.0792
2.07238
2.06141
2.0476
2.03836
2.03208
2.02629
2.02097
2.01611
2.01084
2.00245
1.99046
1.97977
1.97192
1.96475
1.95753
1.95104
1.94463
1.93748
1.93067
1.92492
1.91951
1.91345
1.90541
1.8937
1.87968
1.87101
1.86788
1.86586
1.86545
1.86422
1.86104
1.85618
1.84706
1.8333
1.82216
1.81423
1.80885
1.80604
1.80302
1.79832
1.79179
1.78468
1.77878
1.77397
1.76785
1.75964
1.75336
1.74914
1.74379
1.73598
2.18423
2.15819
2.1318
2.10479
2.07502
2.04417
2.01523
1.9847
1.9525
1.91997
1.89167
1.86144
1.83252
1.80157
1.77619
1.74934
1.72323
1.69827
1.67617
1.65503
1.63139
1.60929
1.58978
1.57161
1.58738
1.68328
1.83487
1.93751
1.9581
1.94356
1.92591
1.91637
1.90616
1.89166
1.86976
1.84873
1.83696
1.82712
1.81613
1.80478
1.79278
1.77751
1.75768
1.74027
1.72814
1.71622
1.7036
1.69059
1.67684
1.66201
1.64532
1.62849
1.61636
1.60919
1.60936
1.6443
1.78002
1.94803
2.06536
2.10491
2.12218
2.12785
2.1229
2.11485
2.10341
2.08904
2.08116
2.07617
2.07229
2.06763
2.06201
2.05359
2.0405
2.02902
2.02257
2.01692
2.01108
2.00494
1.99837
1.99064
1.98032
1.96924
1.9605
1.95322
1.94646
1.93944
1.93118
1.92185
1.91415
1.90864
1.90398
1.89951
1.89388
1.88486
1.87244
1.86338
1.85953
1.85783
1.85949
1.85797
1.85348
1.84711
1.83464
1.81651
1.80307
1.79775
1.7959
1.79536
1.79395
1.79025
1.78365
1.7723
1.7603
1.75247
1.74706
1.7445
1.74346
1.74127
1.73748
1.72706
2.17419
2.15052
2.12627
2.10056
2.07281
2.04597
2.01854
1.98951
1.9588
1.93183
1.90395
1.87586
1.84631
1.81995
1.79461
1.76841
1.74403
1.71884
1.69833
1.67569
1.65226
1.63055
1.61336
1.6348
1.7491
1.91742
1.9948
1.98831
1.97099
1.95103
1.93766
1.92973
1.91879
1.90441
1.88526
1.8622
1.84757
1.83748
1.82667
1.8149
1.80278
1.78918
1.77198
1.75245
1.7357
1.7224
1.71025
1.69822
1.68567
1.67205
1.65602
1.63791
1.62166
1.60517
1.59491
1.58939
1.59431
1.64418
1.79036
1.94245
2.04563
2.0796
2.09136
2.09222
2.08615
2.0755
2.06628
2.06098
2.05606
2.05148
2.04699
2.04066
2.03052
2.01928
2.01139
2.00518
1.99895
1.99239
1.98548
1.97758
1.96778
1.95737
1.94946
1.94315
1.93673
1.92946
1.92085
1.91078
1.90071
1.89411
1.88969
1.88551
1.88135
1.87722
1.8721
1.86407
1.85491
1.84987
1.84586
1.84184
1.83746
1.83108
1.82019
1.8047
1.79401
1.79026
1.78833
1.78869
1.78669
1.78243
1.77533
1.76167
1.74663
1.73819
1.73477
1.73352
1.73404
1.73276
1.72929
1.7184
2.16532
2.14333
2.12053
2.09572
2.0699
2.04525
2.01947
1.99136
1.96433
1.93949
1.91303
1.88557
1.85806
1.83482
1.80895
1.78533
1.75941
1.73828
1.7157
1.69084
1.67075
1.65766
1.69057
1.80561
1.96235
2.04259
2.03471
2.01095
1.98399
1.96208
1.95056
1.94167
1.92952
1.91575
1.89956
1.87824
1.85835
1.84465
1.83234
1.81974
1.80696
1.79401
1.77973
1.76247
1.74402
1.7285
1.71504
1.70222
1.68989
1.67776
1.66471
1.64869
1.62994
1.61224
1.59852
1.58592
1.57936
1.57222
1.58068
1.64592
1.78941
1.93118
2.00786
2.04097
2.06062
2.05867
2.05003
2.04272
2.03565
2.03005
2.02516
2.02004
2.01283
2.00423
1.997
1.99084
1.98475
1.97825
1.97129
1.96326
1.95278
1.94163
1.9352
1.93049
1.92547
1.91968
1.91253
1.90221
1.88925
1.88008
1.87556
1.8726
1.87083
1.86936
1.86682
1.86151
1.85261
1.84198
1.83311
1.82663
1.82042
1.81346
1.80557
1.79879
1.79448
1.789
1.78239
1.7759
1.77089
1.76654
1.7605
1.75006
1.73691
1.73099
1.72878
1.72681
1.72407
1.7206
1.71712
1.70788
2.15345
2.13395
2.11246
2.08926
2.06654
2.04323
2.01826
1.99205
1.96889
1.94443
1.91901
1.89142
1.8691
1.84548
1.82173
1.797
1.7733
1.7525
1.72819
1.70614
1.70656
1.76024
1.89419
2.00262
2.06169
2.06045
2.04121
2.02333
2.00261
1.97846
1.96259
1.94995
1.93698
1.92343
1.90911
1.89186
1.87111
1.85237
1.83729
1.8239
1.81092
1.79807
1.78475
1.76902
1.75019
1.73274
1.7188
1.70639
1.6944
1.68222
1.66934
1.65442
1.63607
1.61637
1.60114
1.58915
1.57818
1.56826
1.56287
1.55374
1.56276
1.63748
1.77743
1.89342
1.99163
2.01101
2.02327
2.02172
2.01511
2.00901
2.00033
1.99237
1.98598
1.98025
1.97577
1.9714
1.96662
1.96154
1.95593
1.94884
1.93822
1.9256
1.91724
1.91216
1.90789
1.9041
1.9001
1.89393
1.88282
1.87026
1.86337
1.86022
1.85805
1.85689
1.85657
1.85394
1.84652
1.83414
1.82102
1.81114
1.80412
1.79784
1.79358
1.79217
1.7901
1.7852
1.77718
1.76706
1.7583
1.75161
1.74527
1.73859
1.73283
1.72764
1.72124
1.71536
1.71102
1.70662
1.70198
1.69331
2.14014
2.12307
2.10372
2.08297
2.06225
2.04046
2.01653
1.99344
1.97121
1.94798
1.92253
1.89854
1.87747
1.85407
1.83153
1.80609
1.78442
1.76293
1.74245
1.75496
1.83607
1.99174
2.07253
2.09094
2.0862
2.06715
2.05143
2.03668
2.01784
1.99228
1.97286
1.95822
1.94403
1.93037
1.91634
1.9001
1.87974
1.85908
1.84288
1.82895
1.81542
1.80164
1.78718
1.77092
1.75202
1.73393
1.71981
1.70797
1.69672
1.68532
1.67302
1.65856
1.64031
1.61933
1.60376
1.59326
1.58281
1.57212
1.56044
1.54935
1.54111
1.5257
1.54032
1.62129
1.7735
1.88559
1.95405
1.97981
1.99042
1.98595
1.97539
1.96478
1.95762
1.95295
1.95048
1.94747
1.94292
1.9383
1.934
1.92852
1.92039
1.91031
1.90134
1.89449
1.88898
1.88471
1.88148
1.87818
1.8722
1.86182
1.85207
1.84696
1.84408
1.84204
1.83956
1.83615
1.83203
1.82356
1.80979
1.79816
1.79139
1.78788
1.7859
1.78406
1.78078
1.77648
1.76889
1.75679
1.74588
1.73863
1.73277
1.72878
1.7261
1.72149
1.71367
1.70484
1.69873
1.69392
1.68933
1.68166
2.12239
2.10772
2.09135
2.07438
2.05574
2.03496
2.01305
1.99307
1.97155
1.94877
1.92422
1.90445
1.8825
1.86059
1.83644
1.81242
1.79444
1.77903
1.80489
1.90667
2.05175
2.13032
2.12326
2.10545
2.08682
2.07289
2.06022
2.04521
2.02601
2.00259
1.98031
1.96521
1.95161
1.93744
1.92235
1.90525
1.88501
1.86402
1.8472
1.83313
1.81959
1.80554
1.79008
1.77221
1.75225
1.73446
1.72121
1.7098
1.69853
1.68695
1.67469
1.66049
1.64182
1.61947
1.60312
1.59249
1.58348
1.57424
1.56376
1.55201
1.53825
1.5225
1.50722
1.49751
1.5234
1.62616
1.75519
1.86508
1.92627
1.94553
1.94496
1.93834
1.93293
1.92899
1.92523
1.92139
1.91674
1.91187
1.90712
1.90104
1.89392
1.88801
1.88349
1.87874
1.87274
1.86606
1.86094
1.85785
1.85452
1.84759
1.83903
1.83296
1.82886
1.82508
1.82115
1.81707
1.81232
1.80651
1.7976
1.78805
1.78282
1.77963
1.77641
1.77263
1.76813
1.76246
1.75498
1.74468
1.7344
1.72741
1.7233
1.72081
1.71767
1.71272
1.70463
1.69463
1.68781
1.68321
1.67986
1.67459
2.10784
2.09459
2.08014
2.06481
2.04795
2.02885
2.00997
1.99079
1.97053
1.94793
1.92758
1.90814
1.88603
1.86373
1.83925
1.82083
1.82182
1.87191
1.99858
2.09968
2.15735
2.165
2.14739
2.12067
2.09368
2.07536
2.06274
2.04849
2.03156
2.01174
1.99064
1.97312
1.95845
1.94349
1.92738
1.90923
1.8881
1.86658
1.84916
1.8347
1.82111
1.80737
1.79265
1.77548
1.75426
1.73379
1.71966
1.70827
1.69735
1.6863
1.67458
1.66112
1.64472
1.62468
1.60519
1.59081
1.57904
1.5693
1.56034
1.5509
1.53992
1.52559
1.50788
1.48998
1.47825
1.48
1.51004
1.61559
1.74049
1.8455
1.88791
1.89418
1.90097
1.90427
1.90106
1.8968
1.8925
1.88606
1.87727
1.86892
1.86319
1.86073
1.8594
1.85782
1.85511
1.85029
1.84326
1.83518
1.82844
1.82391
1.819
1.81409
1.81058
1.80751
1.80385
1.79884
1.79268
1.78572
1.77979
1.7756
1.77246
1.76913
1.76493
1.76001
1.75432
1.74731
1.73828
1.72917
1.72176
1.71728
1.71452
1.71153
1.70788
1.70317
1.696
1.6857
1.67812
1.67509
1.67383
1.67124
2.09462
2.08109
2.06744
2.05299
2.03689
2.01975
2.0035
1.98562
1.96681
1.94577
1.92796
1.90723
1.88616
1.86521
1.84777
1.86608
1.9474
2.09701
2.17454
2.17314
2.16596
2.15647
2.14412
2.12688
2.10339
2.07995
2.0642
2.05052
2.03563
2.01797
1.99677
1.97644
1.96054
1.94518
1.92909
1.91185
1.89213
1.86975
1.8498
1.83433
1.8205
1.80696
1.79291
1.77722
1.75867
1.73784
1.71968
1.70558
1.69301
1.68103
1.66945
1.65753
1.64406
1.62769
1.60966
1.59276
1.57834
1.56588
1.55418
1.54258
1.53089
1.51938
1.50681
1.49122
1.47696
1.46669
1.45795
1.46222
1.50067
1.60169
1.7218
1.80572
1.84683
1.86338
1.87596
1.87637
1.87148
1.86326
1.85157
1.83778
1.83293
1.83245
1.83228
1.83197
1.83127
1.82974
1.82532
1.81563
1.80352
1.79447
1.78993
1.78787
1.78651
1.78544
1.78432
1.78257
1.77885
1.77115
1.76148
1.75767
1.7561
1.75363
1.75046
1.74672
1.74132
1.73286
1.72188
1.71117
1.7064
1.70455
1.70254
1.69997
1.69682
1.69275
1.68686
1.67822
1.67073
1.66839
1.66761
1.66419
2.07871
2.0663
2.05334
2.03921
2.024
2.01012
1.99511
1.97859
1.96049
1.94268
1.92585
1.90569
1.88778
1.8793
1.92118
2.03656
2.15068
2.23116
2.23076
2.2003
2.16405
2.14381
2.13622
2.12789
2.11062
2.087
2.06734
2.05189
2.03714
2.02033
2.00033
1.97907
1.96097
1.945
1.92902
1.91211
1.89343
1.87282
1.8525
1.83504
1.82001
1.80588
1.79158
1.77626
1.75931
1.74053
1.72167
1.70493
1.68999
1.67565
1.66156
1.64808
1.63579
1.62352
1.60935
1.5934
1.57806
1.56418
1.55125
1.53859
1.52598
1.51383
1.50215
1.48977
1.47734
1.46536
1.45526
1.44783
1.43878
1.4428
1.4869
1.58618
1.70008
1.76913
1.81803
1.83851
1.84402
1.84139
1.83132
1.81841
1.81006
1.80664
1.80644
1.80711
1.80821
1.80757
1.80361
1.79484
1.78151
1.76873
1.76358
1.76215
1.76121
1.76068
1.76072
1.76115
1.76111
1.7581
1.74741
1.73484
1.73056
1.72979
1.72955
1.72824
1.72548
1.72009
1.70902
1.69574
1.68948
1.6874
1.68567
1.68408
1.68255
1.6807
1.67766
1.672
1.66368
1.65767
1.65598
1.65172
2.06679
2.05225
2.04035
2.02735
2.01336
2.00042
1.98619
1.97063
1.95352
1.93733
1.92087
1.90909
1.91821
1.9906
2.12445
2.21219
2.24031
2.23697
2.21985
2.19621
2.16707
2.14513
2.13567
2.12841
2.11383
2.09247
2.06854
2.05093
2.03573
2.01921
2.00099
1.98141
1.96183
1.94372
1.92647
1.90927
1.89135
1.87264
1.85374
1.8356
1.81854
1.80223
1.78653
1.77103
1.75515
1.73857
1.72145
1.70462
1.68881
1.67362
1.65836
1.64294
1.62813
1.61471
1.60179
1.58786
1.57339
1.55983
1.54746
1.53557
1.52375
1.51166
1.49893
1.48629
1.4739
1.46337
1.45486
1.4454
1.43579
1.42771
1.4177
1.4241
1.47266
1.57395
1.68723
1.75468
1.79029
1.80591
1.8056
1.8021
1.79397
1.78696
1.7838
1.78209
1.77905
1.77636
1.77381
1.76915
1.76188
1.75164
1.74268
1.73892
1.73802
1.73821
1.74052
1.74266
1.74326
1.7412
1.72918
1.71187
1.70634
1.7049
1.70418
1.70427
1.70431
1.70265
1.69646
1.68359
1.672
1.66919
1.66807
1.66738
1.66723
1.66734
1.66705
1.66372
1.65418
1.64362
1.64008
1.63581
2.06112
2.04614
2.0308
2.01659
2.00343
1.99101
1.97644
1.96135
1.9438
1.93197
1.92981
1.96818
2.07458
2.20401
2.24448
2.24945
2.24246
2.22204
2.205
2.19247
2.17319
2.15311
2.13891
2.12667
2.11179
2.09301
2.06886
2.04731
2.03139
2.01623
1.99983
1.98233
1.96359
1.94326
1.92228
1.90282
1.8852
1.8685
1.85208
1.83537
1.81781
1.79961
1.78156
1.76419
1.74747
1.73125
1.71538
1.69986
1.68492
1.67051
1.65604
1.64098
1.62524
1.60932
1.59416
1.57989
1.56655
1.55438
1.54322
1.53264
1.52224
1.51134
1.49895
1.48587
1.47256
1.46133
1.45202
1.44362
1.43583
1.42535
1.41471
1.40533
1.39685
1.40886
1.46393
1.57125
1.67179
1.74504
1.75958
1.77315
1.77475
1.77039
1.7636
1.75739
1.75244
1.74946
1.74817
1.7464
1.7414
1.73297
1.72592
1.72188
1.71846
1.71529
1.714
1.71429
1.71452
1.7132
1.70696
1.69728
1.68897
1.6827
1.67947
1.67835
1.67826
1.67846
1.67732
1.67218
1.66189
1.65238
1.65058
1.65036
1.65029
1.65087
1.65087
1.64862
1.64028
1.62808
1.62187
1.61807
2.03268
2.03475
2.02203
2.00743
1.99558
1.9822
1.96554
1.95087
1.94489
1.9572
2.03174
2.15603
2.25387
2.2956
2.27821
2.24563
2.23251
2.21633
2.20218
2.19116
2.17374
2.15439
2.13852
2.12326
2.1077
2.09019
2.06823
2.04503
2.02728
2.01159
1.99528
1.97787
1.95938
1.93944
1.91842
1.89778
1.87871
1.86111
1.84425
1.82743
1.81039
1.79322
1.77603
1.75886
1.74171
1.72468
1.70822
1.69274
1.67821
1.66452
1.65136
1.63799
1.62358
1.60786
1.59186
1.57715
1.56416
1.55212
1.54043
1.52934
1.51892
1.50886
1.49866
1.48729
1.47404
1.46168
1.45262
1.44504
1.4364
1.42571
1.41499
1.40292
1.39119
1.38467
1.38309
1.40185
1.46256
1.57467
1.66104
1.72581
1.74745
1.74869
1.74468
1.74108
1.73619
1.73246
1.72907
1.72287
1.71626
1.71378
1.71217
1.7098
1.70537
1.69907
1.69335
1.69024
1.68837
1.68559
1.68187
1.67929
1.67477
1.66505
1.65691
1.65585
1.65599
1.65616
1.65632
1.6555
1.65025
1.6395
1.63418
1.63434
1.63559
1.63576
1.63555
1.63348
1.62623
1.61314
1.60252
1.59954
1.88927
2.01565
2.01069
1.9971
1.98613
1.97012
1.95597
1.95765
2.00395
2.12221
2.23572
2.27894
2.29384
2.28559
2.26311
2.23713
2.22495
2.21562
2.2006
2.18514
2.16638
2.14716
2.13249
2.1184
2.10288
2.08545
2.06499
2.04213
2.02171
2.0042
1.98708
1.96926
1.95072
1.93152
1.91166
1.89163
1.87232
1.85398
1.83626
1.81882
1.80165
1.78493
1.76872
1.7527
1.73646
1.71985
1.70336
1.68768
1.67306
1.65916
1.64591
1.63321
1.62028
1.6061
1.59049
1.57549
1.56351
1.5534
1.54283
1.53118
1.51954
1.50811
1.49601
1.48304
1.47255
1.46576
1.45853
1.45105
1.44347
1.43461
1.42302
1.40708
1.39097
1.3817
1.37462
1.37224
1.37505
1.39993
1.47308
1.57351
1.65704
1.70364
1.7237
1.728
1.73012
1.7294
1.72364
1.71347
1.70685
1.70374
1.70025
1.69544
1.68843
1.67972
1.67194
1.66637
1.66383
1.66386
1.66447
1.66381
1.66101
1.65353
1.64463
1.63696
1.63286
1.63238
1.63223
1.63187
1.63065
1.62766
1.6226
1.61646
1.612
1.60968
1.60838
1.60713
1.60493
1.59802
1.58936
1.59113
1.52794
1.92038
1.99911
1.98815
1.97246
1.96153
1.9758
2.06488
2.20123
2.30355
2.32115
2.29549
2.27837
2.26198
2.24551
2.22648
2.21578
2.20927
2.19421
2.17631
2.158
2.13901
2.12422
2.11147
2.09651
2.07848
2.05766
2.0349
2.01396
1.99571
1.97812
1.96022
1.94189
1.92311
1.90382
1.88441
1.86559
1.84762
1.83024
1.81312
1.79616
1.77948
1.76334
1.74783
1.73249
1.71692
1.70106
1.68545
1.6708
1.65714
1.64372
1.63068
1.61771
1.60438
1.59057
1.57537
1.56173
1.55113
1.54304
1.5346
1.5244
1.51282
1.50087
1.48979
1.4771
1.46324
1.45391
1.44703
1.44039
1.43442
1.42785
1.41738
1.4031
1.38963
1.38028
1.37441
1.37141
1.36788
1.37182
1.39844
1.47612
1.57242
1.64924
1.68098
1.70853
1.71817
1.71659
1.71133
1.70614
1.70083
1.69426
1.68729
1.67913
1.66927
1.65993
1.65252
1.64709
1.64336
1.64146
1.64025
1.63977
1.63972
1.63483
1.62362
1.61436
1.61258
1.61292
1.61479
1.6153
1.61445
1.60997
1.60078
1.59292
1.58811
1.5849
1.58376
1.58395
1.58523
1.59125
1.63625
1.10336
1.63667
1.93907
1.978
1.96963
2.01326
2.14729
2.25952
2.31478
2.32126
2.30343
2.28048
2.26074
2.24885
2.23829
2.22071
2.2048
2.19653
2.18444
2.16882
2.15201
2.13312
2.11592
2.10183
2.0867
2.06831
2.04698
2.02477
2.00471
1.98726
1.97066
1.95363
1.93569
1.91684
1.89752
1.87868
1.86093
1.84407
1.82761
1.81125
1.79472
1.77789
1.76107
1.74507
1.73018
1.71582
1.70127
1.68593
1.6702
1.65622
1.64459
1.63323
1.62096
1.60721
1.59295
1.58223
1.57281
1.56218
1.55131
1.54198
1.53373
1.52467
1.51291
1.49798
1.48103
1.4676
1.45969
1.45467
1.44909
1.44378
1.43654
1.42559
1.41147
1.39897
1.39203
1.38514
1.37803
1.36979
1.36548
1.36165
1.36964
1.40136
1.4785
1.57153
1.66347
1.69821
1.70382
1.70304
1.69716
1.68691
1.67698
1.67116
1.66742
1.66331
1.65726
1.6482
1.63932
1.63221
1.62844
1.62737
1.62603
1.6234
1.62022
1.61451
1.60734
1.60173
1.59636
1.59238
1.5908
1.59002
1.58872
1.58591
1.57889
1.57258
1.56924
1.57041
1.57842
1.60704
1.65334
1.76129
1.0031
1.18481
1.73862
1.89294
2.02381
2.22894
2.32199
2.33356
2.32272
2.31239
2.29149
2.27204
2.25583
2.24526
2.23335
2.21507
2.19693
2.18776
2.17737
2.16296
2.14652
2.12769
2.10902
2.09307
2.07723
2.05922
2.03878
2.01793
1.99936
1.98265
1.96657
1.95025
1.93295
1.9146
1.89584
1.87763
1.8605
1.84421
1.82825
1.81223
1.79584
1.77906
1.76222
1.74596
1.73076
1.71682
1.70407
1.69146
1.67759
1.66234
1.64756
1.63417
1.62101
1.60975
1.6001
1.58947
1.57708
1.56875
1.56241
1.55562
1.5488
1.53974
1.5269
1.51078
1.4948
1.48074
1.46661
1.45558
1.45183
1.44947
1.44707
1.44153
1.43058
1.41346
1.39735
1.38562
1.37672
1.3707
1.36877
1.36523
1.36359
1.36266
1.37245
1.41399
1.50424
1.60204
1.67515
1.71147
1.7083
1.69821
1.68396
1.6697
1.6602
1.65513
1.65055
1.64569
1.63895
1.63061
1.62154
1.61589
1.61409
1.61255
1.61102
1.60969
1.60631
1.59898
1.58833
1.57931
1.57431
1.57127
1.56854
1.5667
1.56568
1.56679
1.57426
1.6029
1.65681
1.72717
1.79014
1.85013
1.00002
1.00978
1.28622
1.76112
2.27926
2.41143
2.39913
2.3674
2.34327
2.32415
2.30345
2.28434
2.26599
2.25393
2.24161
2.22547
2.20738
2.19107
2.17686
2.15985
2.14141
2.12285
2.10396
2.08698
2.07076
2.05298
2.03367
2.01425
1.99685
1.98137
1.96634
1.95083
1.93432
1.91681
1.89892
1.88152
1.86499
1.84912
1.83354
1.81787
1.80181
1.78521
1.76832
1.75191
1.73677
1.72293
1.70965
1.69643
1.68346
1.6701
1.65565
1.6441
1.63749
1.62984
1.62054
1.60911
1.59494
1.58535
1.58286
1.57989
1.57316
1.56315
1.55034
1.53524
1.51893
1.50237
1.4869
1.47394
1.4648
1.45689
1.44967
1.44439
1.43807
1.42713
1.41341
1.40163
1.39242
1.38416
1.37908
1.37744
1.3745
1.37073
1.36898
1.37219
1.38909
1.44576
1.5398
1.62898
1.68546
1.70305
1.69786
1.68258
1.66848
1.66023
1.65432
1.64834
1.64215
1.63494
1.62622
1.6152
1.60783
1.60547
1.60385
1.60125
1.59743
1.59118
1.58307
1.57369
1.56559
1.56158
1.56099
1.5621
1.57183
1.60353
1.66109
1.73577
1.79405
1.83717
1.85288
1.85074
1
1.00009
1.02504
2.02514
2.60201
2.57502
2.50782
2.44965
2.40866
2.37877
2.35851
2.33492
2.30951
2.2896
2.27266
2.25321
2.23305
2.21596
2.19918
2.18089
2.16179
2.14376
2.12531
2.10758
2.09096
2.07323
2.05416
2.0357
2.01962
2.00539
1.9917
1.97762
1.96255
1.94615
1.92883
1.9115
1.89486
1.87892
1.86337
1.84773
1.83151
1.81436
1.79642
1.77861
1.76208
1.74704
1.73303
1.71982
1.70728
1.6949
1.68255
1.67008
1.65741
1.64591
1.63575
1.62996
1.62715
1.62115
1.61001
1.59703
1.58534
1.5745
1.56287
1.54931
1.53358
1.51747
1.50299
1.49042
1.47934
1.47123
1.46536
1.46024
1.45524
1.44911
1.43907
1.42708
1.41925
1.4112
1.40238
1.39321
1.38752
1.38531
1.38333
1.38284
1.37884
1.38024
1.40047
1.46507
1.55818
1.65297
1.67357
1.67466
1.66969
1.66151
1.65527
1.6552
1.65282
1.64588
1.63694
1.62381
1.61326
1.60815
1.60328
1.59784
1.59124
1.58417
1.5762
1.57187
1.56629
1.56588
1.57702
1.61067
1.67833
1.74875
1.81412
1.84101
1.85734
1.86542
1.8643
1.85414
1
1
1.00851
2.28373
2.73747
2.68318
2.62814
2.5837
2.54398
2.5046
2.46589
2.42677
2.39152
2.3619
2.33872
2.31536
2.28856
2.26435
2.24401
2.22238
2.19872
2.17749
2.15805
2.1377
2.11931
2.10205
2.08421
2.06749
2.05342
2.04123
2.02938
2.01655
2.00181
1.98472
1.96579
1.94647
1.92799
1.91054
1.89368
1.87671
1.859
1.84014
1.8202
1.80004
1.78099
1.76384
1.74863
1.73505
1.72284
1.71212
1.70298
1.69475
1.6868
1.6806
1.67613
1.67071
1.66254
1.65333
1.64189
1.6286
1.61586
1.6038
1.59156
1.57862
1.56437
1.54861
1.53204
1.517
1.50536
1.49637
1.48794
1.47894
1.46958
1.46222
1.45784
1.45212
1.44182
1.42964
1.4195
1.41217
1.40743
1.40543
1.40433
1.40207
1.39526
1.3899
1.38027
1.38259
1.40695
1.48345
1.57003
1.66158
1.6711
1.66246
1.65818
1.65409
1.64972
1.6455
1.64048
1.63187
1.6215
1.61238
1.60493
1.59864
1.59157
1.58652
1.5811
1.57893
1.59107
1.62817
1.70185
1.77329
1.83544
1.85816
1.87718
1.88239
1.87872
1.87291
1.86645
1.85561
1
1
1.11773
2.39432
2.77652
2.76977
2.74404
2.71552
2.68013
2.6395
2.59537
2.55139
2.51095
2.47454
2.44176
2.40942
2.3773
2.34627
2.31826
2.29435
2.26664
2.23986
2.21865
2.19707
2.17703
2.1603
2.14437
2.12989
2.11809
2.10766
2.0967
2.08372
2.06793
2.04925
2.0284
2.00699
1.98632
1.96658
1.94735
1.92804
1.90808
1.88714
1.86538
1.84362
1.82313
1.80479
1.78882
1.77507
1.76338
1.75356
1.74519
1.73779
1.73145
1.72647
1.7219
1.71609
1.70782
1.69641
1.6818
1.66571
1.6502
1.63551
1.62106
1.60671
1.5923
1.57805
1.56371
1.54925
1.53527
1.52325
1.51352
1.50482
1.49615
1.48701
1.47724
1.4677
1.4581
1.44752
1.4386
1.43362
1.4303
1.42678
1.42275
1.41831
1.41497
1.40912
1.39573
1.37756
1.3641
1.37267
1.41328
1.50772
1.59221
1.6594
1.67919
1.67444
1.66307
1.65401
1.64314
1.63109
1.61995
1.61186
1.6071
1.60376
1.59892
1.60005
1.61267
1.65361
1.72621
1.80201
1.85559
1.89171
1.9086
1.91318
1.91271
1.90612
1.89129
1.87302
1.86353
1.85465
1
1
1.14069
2.40408
2.76034
2.77526
2.77535
2.76745
2.74698
2.71865
2.68648
2.65172
2.61596
2.57998
2.54456
2.51023
2.4776
2.44554
2.41392
2.38406
2.3522
2.32139
2.29713
2.27657
2.25672
2.23973
2.22471
2.21038
2.19735
2.18481
2.17132
2.15584
2.13787
2.1174
2.09481
2.07091
2.04678
2.02327
2.00076
1.97897
1.95721
1.93507
1.91278
1.89111
1.87094
1.85272
1.83647
1.82226
1.8101
1.79974
1.79088
1.78342
1.77728
1.77196
1.76627
1.75867
1.74785
1.73309
1.71435
1.693
1.67309
1.65722
1.64341
1.63012
1.61732
1.60508
1.59262
1.57927
1.56499
1.55077
1.53757
1.52547
1.51383
1.50208
1.49077
1.48128
1.47303
1.46536
1.45973
1.45428
1.44726
1.44071
1.43646
1.43196
1.42506
1.41559
1.40177
1.3839
1.36643
1.35658
1.35589
1.3735
1.43874
1.54467
1.61629
1.66263
1.67685
1.6723
1.66227
1.64728
1.63228
1.62451
1.61812
1.62059
1.63755
1.68837
1.75522
1.8359
1.88584
1.91952
1.93497
1.94418
1.94317
1.93878
1.92909
1.91415
1.89567
1.8797
1.87173
1.8628
1
1
1.1323
2.39314
2.74011
2.76968
2.77292
2.77064
2.76036
2.74401
2.7232
2.69835
2.67047
2.64053
2.61042
2.58139
2.55375
2.52689
2.49987
2.47122
2.44105
2.41302
2.39084
2.37325
2.3539
2.33394
2.31485
2.29679
2.27908
2.26195
2.24423
2.22435
2.20136
2.17591
2.14954
2.12332
2.0982
2.07441
2.05111
2.0277
2.00422
1.98089
1.95814
1.93663
1.91675
1.89844
1.88154
1.86616
1.85261
1.84103
1.83135
1.82329
1.81606
1.80837
1.79872
1.78572
1.76922
1.75107
1.73298
1.71429
1.69463
1.67685
1.66229
1.64914
1.63621
1.62324
1.60998
1.59595
1.58078
1.56444
1.54823
1.53474
1.52396
1.51414
1.50459
1.49586
1.48903
1.48324
1.4752
1.46465
1.45583
1.45015
1.44477
1.4387
1.43163
1.42205
1.40905
1.39212
1.3747
1.36219
1.35601
1.35007
1.35469
1.38707
1.46794
1.56212
1.62677
1.64895
1.65865
1.65847
1.65084
1.656
1.67573
1.7226
1.79578
1.87621
1.92332
1.95629
1.96702
1.97396
1.97303
1.96637
1.95634
1.94508
1.93256
1.91874
1.90221
1.88927
1.88202
1.8742
1
1
1.10717
2.36949
2.72508
2.75356
2.76507
2.76615
2.75964
2.74714
2.7302
2.70984
2.68663
2.66148
2.63595
2.6117
2.58916
2.56746
2.54537
2.52225
2.49889
2.47695
2.45782
2.43673
2.41252
2.39028
2.37127
2.3539
2.33334
2.31076
2.28538
2.25769
2.22977
2.20342
2.17957
2.15715
2.13464
2.1109
2.0849
2.05735
2.03085
2.00672
1.9847
1.96439
1.94546
1.92754
1.91044
1.89432
1.8798
1.86725
1.85629
1.84598
1.83518
1.82295
1.80875
1.79272
1.77551
1.75835
1.74259
1.72833
1.71316
1.69389
1.67293
1.65514
1.64101
1.62857
1.61617
1.60283
1.58769
1.57039
1.55307
1.53979
1.53035
1.52312
1.51742
1.5112
1.50245
1.49102
1.47868
1.46796
1.46024
1.4541
1.44709
1.43988
1.43334
1.42613
1.41648
1.40234
1.38541
1.37028
1.36021
1.35073
1.34461
1.34223
1.35455
1.39686
1.48253
1.57562
1.63581
1.65884
1.71003
1.77615
1.83595
1.88852
1.9398
1.97181
1.99332
2.00323
1.99521
1.98795
1.98121
1.97342
1.96543
1.95434
1.94082
1.92553
1.90994
1.89903
1.89251
1.88633
1
1
1.08594
2.36168
2.72092
2.74415
2.75877
2.76094
2.75624
2.74492
2.72858
2.70915
2.68785
2.66533
2.64254
2.62086
2.60085
2.58207
2.56365
2.54493
2.52592
2.50681
2.487
2.46533
2.44135
2.41758
2.39696
2.37602
2.35131
2.32467
2.29549
2.26554
2.23851
2.21491
2.19294
2.17101
2.14809
2.12293
2.09459
2.06492
2.03799
2.01462
1.99353
1.97394
1.95537
1.93743
1.91999
1.90333
1.88816
1.87478
1.86269
1.85093
1.83848
1.82454
1.80883
1.79246
1.77718
1.76305
1.74837
1.73179
1.71362
1.69362
1.67254
1.65469
1.64079
1.62896
1.61746
1.6053
1.59097
1.57327
1.55629
1.54453
1.53548
1.52714
1.51933
1.51171
1.50286
1.49147
1.47894
1.46872
1.46102
1.4543
1.44729
1.44012
1.43157
1.42081
1.40918
1.39541
1.37897
1.36412
1.35328
1.34541
1.33837
1.33188
1.32396
1.32661
1.35223
1.42606
1.5535
1.70829
1.83156
1.92927
2.01357
2.06407
2.08976
2.07732
2.05561
2.02834
2.00207
1.9874
1.97902
1.97128
1.96348
1.95334
1.94005
1.92546
1.91238
1.90331
1.89751
1.89246
)
;

boundaryField
{
    inlet
    {
        type            fixedValue;
        value           uniform 1;
    }
    outlet
    {
        type            inletOutlet;
        inletValue      uniform 1;
        value           nonuniform List<scalar> 
40
(
1.93387
1.93056
1.91623
1.8973
1.87651
1.85501
1.83827
1.82601
1.81806
1.80429
1.7897
1.77765
1.76866
1.75828
1.74815
1.73617
1.72625
1.71732
1.70702
1.6931
1.68177
1.67534
1.67242
1.66473
1.65194
1.63604
1.61834
1.59978
1.59105
1.63486
1.76014
1.85008
1.85008
1.85401
1.85578
1.85492
1.86324
1.87475
1.88711
1.89323
)
;
    }
    bottom
    {
        type            symmetryPlane;
    }
    top
    {
        type            symmetryPlane;
    }
    obstacle
    {
        type            zeroGradient;
    }
    defaultFaces
    {
        type            empty;
    }
}


// ************************************************************************* //
