/*--------------------------------*- C++ -*----------------------------------*\
  =========                 |
  \\      /  F ield         | OpenFOAM: The Open Source CFD Toolbox
   \\    /   O peration     | Website:  https://openfoam.org
    \\  /    A nd           | Version:  9
     \\/     M anipulation  |
\*---------------------------------------------------------------------------*/
FoamFile
{
    format      ascii;
    class       volScalarField;
    location    "7";
    object      p;
}
// * * * * * * * * * * * * * * * * * * * * * * * * * * * * * * * * * * * * * //

dimensions      [0 2 -2 0 0 0 0];

internalField   nonuniform List<scalar> 
8500
(
-0.341016
-0.349302
-0.345225
-0.339359
-0.32976
-0.317642
-0.3041
-0.287429
-0.273892
-0.253093
-0.341902
-0.349896
-0.345745
-0.339783
-0.330133
-0.317965
-0.304407
-0.287588
-0.274227
-0.252783
-0.343665
-0.351078
-0.34678
-0.340624
-0.330871
-0.318605
-0.305031
-0.287954
-0.274834
-0.252166
-0.346285
-0.352835
-0.348315
-0.341869
-0.331961
-0.319549
-0.305967
-0.288512
-0.275699
-0.251254
-0.349737
-0.355149
-0.350331
-0.343499
-0.333381
-0.32077
-0.307039
-0.289328
-0.276839
-0.250069
-0.353984
-0.357996
-0.352806
-0.34549
-0.335107
-0.322262
-0.308355
-0.290259
-0.278225
-0.248637
-0.358988
-0.361348
-0.355712
-0.347815
-0.337108
-0.323987
-0.309894
-0.291291
-0.279818
-0.246997
-0.364701
-0.365178
-0.359018
-0.350444
-0.339354
-0.325905
-0.311608
-0.292417
-0.281572
-0.245193
-0.371074
-0.369453
-0.362694
-0.353349
-0.341819
-0.327988
-0.313459
-0.293622
-0.283433
-0.243283
-0.378068
-0.374129
-0.366711
-0.356501
-0.344471
-0.330209
-0.315412
-0.294893
-0.28534
-0.241331
-0.385658
-0.379161
-0.371033
-0.359872
-0.347284
-0.332542
-0.317434
-0.29622
-0.287225
-0.239412
-0.393706
-0.384584
-0.375636
-0.363441
-0.350235
-0.334966
-0.319494
-0.297597
-0.289014
-0.237609
-0.402227
-0.390319
-0.380494
-0.367186
-0.353307
-0.337466
-0.321565
-0.299023
-0.290627
-0.236001
-0.411179
-0.396338
-0.385586
-0.371094
-0.356484
-0.340029
-0.323622
-0.3005
-0.291979
-0.23467
-0.420511
-0.402621
-0.390894
-0.375152
-0.359758
-0.342646
-0.325645
-0.302031
-0.292988
-0.233707
-0.430184
-0.409148
-0.396403
-0.379353
-0.363122
-0.34531
-0.327615
-0.303614
-0.293572
-0.233207
-0.440159
-0.415895
-0.402099
-0.383689
-0.366573
-0.348015
-0.329519
-0.305247
-0.293626
-0.233127
-0.4504
-0.422842
-0.40797
-0.388157
-0.370105
-0.35075
-0.33135
-0.306939
-0.292996
-0.23316
-0.460867
-0.429967
-0.414003
-0.39275
-0.373711
-0.3535
-0.333108
-0.308699
-0.291611
-0.233995
-0.471522
-0.437248
-0.420184
-0.397458
-0.37738
-0.356241
-0.334786
-0.310449
-0.289858
-0.241084
-0.482321
-0.44466
-0.426494
-0.402266
-0.381092
-0.358935
-0.33634
-0.311916
-0.288465
-0.260616
-0.493215
-0.452172
-0.432909
-0.407151
-0.384815
-0.361533
-0.337704
-0.312889
-0.286887
-0.265883
-0.504147
-0.459748
-0.439399
-0.412083
-0.388508
-0.363978
-0.338812
-0.313248
-0.285048
-0.266347
-0.515054
-0.467347
-0.445924
-0.417018
-0.39212
-0.366206
-0.33959
-0.312966
-0.282961
-0.264796
-0.525861
-0.474917
-0.452432
-0.421904
-0.395582
-0.36814
-0.339958
-0.312022
-0.280492
-0.261679
-0.536483
-0.482397
-0.458864
-0.426671
-0.398817
-0.369698
-0.339835
-0.310392
-0.277534
-0.257362
-0.546823
-0.489717
-0.465143
-0.43124
-0.401733
-0.370789
-0.339136
-0.308052
-0.274011
-0.252156
-0.556774
-0.496794
-0.471184
-0.435517
-0.404228
-0.371316
-0.337778
-0.304974
-0.26987
-0.246255
-0.566214
-0.503536
-0.476887
-0.439395
-0.406192
-0.371181
-0.335684
-0.301132
-0.265071
-0.239769
-0.575011
-0.509838
-0.482138
-0.442756
-0.407506
-0.370284
-0.332781
-0.296502
-0.259586
-0.232752
-0.583023
-0.515584
-0.486813
-0.445473
-0.408048
-0.368526
-0.329005
-0.29106
-0.253398
-0.225227
-0.590097
-0.520649
-0.490778
-0.447412
-0.407696
-0.365815
-0.324296
-0.284786
-0.246495
-0.217197
-0.596072
-0.524895
-0.493888
-0.448431
-0.406327
-0.362062
-0.318606
-0.277662
-0.23887
-0.208654
-0.60078
-0.52818
-0.495992
-0.448388
-0.403822
-0.357188
-0.311893
-0.269676
-0.23052
-0.199589
-0.604049
-0.530352
-0.496934
-0.447141
-0.400069
-0.351124
-0.304123
-0.260817
-0.221447
-0.189991
-0.605705
-0.531257
-0.496556
-0.444551
-0.394966
-0.343808
-0.295272
-0.25108
-0.211654
-0.17985
-0.605575
-0.530738
-0.494701
-0.440485
-0.38842
-0.335194
-0.285324
-0.240465
-0.201144
-0.169163
-0.603486
-0.528636
-0.491217
-0.43482
-0.380353
-0.325244
-0.274269
-0.228973
-0.189925
-0.157928
-0.599275
-0.524796
-0.485957
-0.427442
-0.370698
-0.313932
-0.262106
-0.216612
-0.178007
-0.146146
-0.592783
-0.51907
-0.478784
-0.418255
-0.359403
-0.301243
-0.24884
-0.203391
-0.165402
-0.133826
-0.583866
-0.511317
-0.469576
-0.407177
-0.346434
-0.287175
-0.234482
-0.189326
-0.152125
-0.120979
-0.572392
-0.501406
-0.458225
-0.394141
-0.331769
-0.271734
-0.219052
-0.174433
-0.138191
-0.107621
-0.558247
-0.489223
-0.444641
-0.379103
-0.315404
-0.25494
-0.202575
-0.158736
-0.12362
-0.0937609
-0.541334
-0.474667
-0.428754
-0.362037
-0.29735
-0.236819
-0.185082
-0.142263
-0.108437
-0.0793825
-0.521581
-0.457659
-0.410517
-0.342935
-0.277631
-0.217411
-0.166611
-0.125043
-0.0926977
-0.0644614
-0.498938
-0.438141
-0.389906
-0.321812
-0.256288
-0.196762
-0.147196
-0.107081
-0.0764776
-0.0491016
-0.473378
-0.416077
-0.366921
-0.298701
-0.233375
-0.174927
-0.126877
-0.0884033
-0.0597105
-0.0334828
-0.444904
-0.391457
-0.341587
-0.273656
-0.208959
-0.151962
-0.10572
-0.0692657
-0.0423075
-0.0175419
-0.413546
-0.364297
-0.313953
-0.24675
-0.18312
-0.127938
-0.0838374
-0.0495226
-0.0244643
-0.00128484
-0.379362
-0.334636
-0.28409
-0.218079
-0.155951
-0.10298
-0.0612205
-0.029255
-0.0062316
0.0152499
-0.342437
-0.302544
-0.25211
-0.187746
-0.127554
-0.0771394
-0.0379747
-0.00852764
0.0123476
0.0320147
-0.302888
-0.268126
-0.218179
-0.155825
-0.0980389
-0.0505135
-0.0141794
0.012596
0.0312238
0.048956
-0.26086
-0.231532
-0.182442
-0.122423
-0.0675311
-0.0232073
0.0100832
0.0340473
0.0503438
0.0660136
-0.216531
-0.192924
-0.144674
-0.0880041
-0.0361684
0.00467197
0.0347252
0.0557538
0.0696513
0.0831195
-0.170062
-0.152439
-0.105463
-0.0524585
-0.00408744
0.0330102
0.0596539
0.0776392
0.089086
0.100197
-0.121622
-0.110281
-0.065029
-0.0159758
0.0285633
0.0616894
0.0847726
0.0996246
0.108589
0.117166
-0.0716674
-0.0665733
-0.0235018
0.0212391
0.0616309
0.0905874
0.109981
0.121632
0.128112
0.133923
-0.0203517
-0.0216391
0.0189001
0.0589894
0.0949591
0.119578
0.135175
0.143591
0.147619
0.15027
0.0320587
0.0242546
0.0619369
0.0970749
0.128388
0.148533
0.160251
0.165432
0.167012
0.165867
0.08525
0.0708419
0.105363
0.13529
0.161754
0.17732
0.185107
0.187067
0.186018
0.180431
0.1389
0.117841
0.148927
0.173427
0.194893
0.20581
0.209641
0.208376
0.204296
0.194357
0.192679
0.164957
0.192372
0.211275
0.22764
0.23387
0.233747
0.229248
0.222393
0.209877
0.24625
0.211891
0.235436
0.248626
0.259829
0.261371
0.257318
0.249578
0.239973
0.225522
0.299268
0.258339
0.27786
0.28527
0.291297
0.288183
0.280249
0.269295
0.256949
0.240738
0.351389
0.303994
0.319383
0.321002
0.321883
0.314179
0.302439
0.288326
0.273296
0.255378
0.402269
0.348555
0.35975
0.355621
0.351429
0.339237
0.323788
0.306595
0.288969
0.26939
0.451565
0.39172
0.39871
0.388931
0.379783
0.363235
0.344201
0.32403
0.303913
0.282719
0.498946
0.433197
0.436022
0.42074
0.406797
0.386058
0.363585
0.340559
0.318071
0.295311
0.544085
0.472704
0.471452
0.450869
0.432328
0.407595
0.381853
0.356113
0.331387
0.307117
0.586674
0.509967
0.504776
0.479142
0.456242
0.42774
0.398919
0.370626
0.343809
0.318096
0.626414
0.54473
0.535786
0.505399
0.478414
0.446393
0.414706
0.384037
0.355285
0.32821
0.66303
0.576751
0.564286
0.529486
0.498723
0.463462
0.429138
0.396287
0.365766
0.337422
0.696263
0.605807
0.590094
0.551264
0.517062
0.47886
0.442147
0.40732
0.375206
0.3457
0.72588
0.631694
0.613048
0.570607
0.533333
0.49251
0.453672
0.417088
0.383563
0.353013
0.751669
0.654232
0.633002
0.587402
0.547447
0.504343
0.463657
0.425547
0.390799
0.359333
0.773448
0.673261
0.649828
0.601551
0.559327
0.514298
0.472054
0.432656
0.396882
0.364638
0.791061
0.688648
0.663419
0.612971
0.568911
0.522324
0.478821
0.438385
0.401783
0.368906
0.804382
0.700285
0.67369
0.621595
0.576144
0.528381
0.483925
0.442704
0.405479
0.372122
0.813316
0.708088
0.680573
0.627372
0.580989
0.532436
0.487342
0.445596
0.407953
0.374273
0.8178
0.712004
0.684026
0.630269
0.583418
0.534468
0.489055
0.447045
0.409192
0.37535
0.8178
0.712004
0.684026
0.630269
0.583418
0.534468
0.489055
0.447045
0.409192
0.37535
0.813316
0.708088
0.680573
0.627372
0.580989
0.532436
0.487342
0.445596
0.407953
0.374273
0.804382
0.700285
0.67369
0.621594
0.576144
0.528381
0.483925
0.442704
0.405479
0.372122
0.791061
0.688648
0.663419
0.612971
0.568911
0.522324
0.478821
0.438385
0.401783
0.368906
0.773448
0.673261
0.649828
0.601551
0.559327
0.514298
0.472054
0.432656
0.396882
0.364638
0.751669
0.654232
0.633002
0.587402
0.547447
0.504343
0.463657
0.425547
0.390799
0.359333
0.72588
0.631694
0.613048
0.570607
0.533333
0.49251
0.453672
0.417088
0.383563
0.353013
0.696263
0.605807
0.590094
0.551264
0.517062
0.47886
0.442147
0.40732
0.375206
0.3457
0.66303
0.576751
0.564286
0.529486
0.498723
0.463462
0.429138
0.396287
0.365766
0.337422
0.626414
0.54473
0.535786
0.505399
0.478414
0.446393
0.414706
0.384037
0.355285
0.32821
0.586673
0.509967
0.504776
0.479142
0.456242
0.42774
0.398919
0.370626
0.343809
0.318096
0.544085
0.472704
0.471452
0.450869
0.432328
0.407595
0.381853
0.356113
0.331387
0.307117
0.498946
0.433197
0.436022
0.42074
0.406797
0.386058
0.363585
0.340559
0.318071
0.295311
0.451565
0.39172
0.39871
0.388931
0.379783
0.363235
0.344201
0.32403
0.303913
0.282719
0.402269
0.348555
0.35975
0.355621
0.351429
0.339237
0.323788
0.306595
0.288969
0.26939
0.351389
0.303994
0.319383
0.321002
0.321883
0.314179
0.302439
0.288325
0.273296
0.255378
0.299268
0.258338
0.27786
0.28527
0.291297
0.288183
0.280249
0.269295
0.256949
0.240738
0.246249
0.211891
0.235436
0.248626
0.259829
0.261371
0.257317
0.249578
0.239973
0.225522
0.192679
0.164957
0.192372
0.211275
0.22764
0.23387
0.233747
0.229248
0.222393
0.209877
0.1389
0.117841
0.148927
0.173427
0.194893
0.20581
0.209641
0.208376
0.204296
0.194356
0.0852499
0.0708418
0.105363
0.13529
0.161754
0.17732
0.185107
0.187067
0.186018
0.180431
0.0320586
0.0242545
0.0619369
0.0970748
0.128388
0.148533
0.160251
0.165432
0.167012
0.165867
-0.0203518
-0.0216392
0.0189001
0.0589893
0.094959
0.119578
0.135175
0.143591
0.147619
0.15027
-0.0716675
-0.0665734
-0.0235019
0.021239
0.0616308
0.0905873
0.109981
0.121632
0.128112
0.133922
-0.121622
-0.110281
-0.0650291
-0.0159758
0.0285633
0.0616893
0.0847725
0.0996245
0.108589
0.117166
-0.170062
-0.152439
-0.105463
-0.0524586
-0.00408753
0.0330101
0.0596538
0.0776391
0.0890859
0.100197
-0.216531
-0.192924
-0.144674
-0.0880041
-0.0361685
0.00467188
0.0347251
0.0557537
0.0696512
0.0831194
-0.260861
-0.231532
-0.182442
-0.122423
-0.0675311
-0.0232074
0.0100831
0.0340472
0.0503437
0.0660135
-0.302888
-0.268126
-0.218179
-0.155825
-0.098039
-0.0505136
-0.0141795
0.0125959
0.0312236
0.0489558
-0.342438
-0.302544
-0.25211
-0.187746
-0.127554
-0.0771395
-0.0379748
-0.00852775
0.0123475
0.0320146
-0.379362
-0.334637
-0.28409
-0.21808
-0.155952
-0.10298
-0.0612206
-0.0292552
-0.00623172
0.0152498
-0.413547
-0.364297
-0.313953
-0.24675
-0.18312
-0.127938
-0.0838375
-0.0495227
-0.0244644
-0.00128497
-0.444904
-0.391458
-0.341588
-0.273656
-0.208959
-0.151962
-0.10572
-0.0692658
-0.0423076
-0.017542
-0.473378
-0.416077
-0.366921
-0.298701
-0.233375
-0.174927
-0.126877
-0.0884034
-0.0597106
-0.033483
-0.498938
-0.438141
-0.389906
-0.321812
-0.256288
-0.196762
-0.147196
-0.107081
-0.0764777
-0.0491017
-0.521582
-0.457659
-0.410517
-0.342935
-0.277631
-0.217411
-0.166611
-0.125043
-0.0926979
-0.0644615
-0.541335
-0.474667
-0.428754
-0.362037
-0.29735
-0.236819
-0.185082
-0.142263
-0.108437
-0.0793826
-0.558247
-0.489223
-0.444641
-0.379104
-0.315405
-0.25494
-0.202575
-0.158736
-0.12362
-0.093761
-0.572392
-0.501406
-0.458225
-0.394141
-0.331769
-0.271735
-0.219052
-0.174433
-0.138192
-0.107621
-0.583866
-0.511317
-0.469577
-0.407177
-0.346434
-0.287175
-0.234483
-0.189326
-0.152125
-0.12098
-0.592783
-0.51907
-0.478785
-0.418256
-0.359403
-0.301243
-0.24884
-0.203392
-0.165402
-0.133826
-0.599275
-0.524796
-0.485957
-0.427442
-0.370698
-0.313932
-0.262106
-0.216612
-0.178007
-0.146146
-0.603486
-0.528636
-0.491217
-0.43482
-0.380353
-0.325244
-0.274269
-0.228973
-0.189925
-0.157928
-0.605575
-0.530738
-0.494701
-0.440485
-0.388421
-0.335194
-0.285324
-0.240465
-0.201144
-0.169163
-0.605705
-0.531258
-0.496556
-0.444551
-0.394966
-0.343809
-0.295272
-0.25108
-0.211654
-0.179851
-0.604049
-0.530352
-0.496934
-0.447142
-0.400069
-0.351124
-0.304123
-0.260817
-0.221448
-0.189991
-0.60078
-0.52818
-0.495992
-0.448388
-0.403822
-0.357188
-0.311893
-0.269676
-0.230521
-0.199589
-0.596072
-0.524895
-0.493888
-0.448431
-0.406327
-0.362062
-0.318606
-0.277662
-0.23887
-0.208654
-0.590097
-0.520649
-0.490778
-0.447412
-0.407696
-0.365815
-0.324296
-0.284786
-0.246495
-0.217197
-0.583023
-0.515584
-0.486814
-0.445473
-0.408049
-0.368526
-0.329005
-0.291061
-0.253398
-0.225227
-0.575012
-0.509838
-0.482138
-0.442756
-0.407506
-0.370284
-0.332781
-0.296502
-0.259587
-0.232752
-0.566214
-0.503536
-0.476887
-0.439395
-0.406192
-0.371181
-0.335684
-0.301132
-0.265071
-0.239769
-0.556774
-0.496794
-0.471184
-0.435517
-0.404228
-0.371316
-0.337778
-0.304974
-0.26987
-0.246256
-0.546824
-0.489717
-0.465143
-0.43124
-0.401733
-0.370789
-0.339136
-0.308052
-0.274011
-0.252157
-0.536483
-0.482397
-0.458864
-0.426671
-0.398817
-0.369698
-0.339835
-0.310393
-0.277534
-0.257363
-0.525861
-0.474917
-0.452432
-0.421904
-0.395582
-0.36814
-0.339959
-0.312022
-0.280493
-0.261679
-0.515054
-0.467347
-0.445924
-0.417019
-0.39212
-0.366206
-0.33959
-0.312966
-0.282961
-0.264797
-0.504147
-0.459748
-0.439399
-0.412083
-0.388508
-0.363978
-0.338812
-0.313248
-0.285048
-0.266347
-0.493215
-0.452172
-0.432909
-0.407151
-0.384815
-0.361533
-0.337705
-0.312889
-0.286887
-0.265883
-0.482321
-0.44466
-0.426494
-0.402266
-0.381092
-0.358935
-0.33634
-0.311916
-0.288465
-0.260616
-0.471522
-0.437248
-0.420184
-0.397458
-0.377381
-0.356241
-0.334786
-0.310449
-0.289859
-0.241084
-0.460867
-0.429967
-0.414003
-0.39275
-0.373711
-0.3535
-0.333109
-0.308699
-0.291611
-0.233995
-0.4504
-0.422842
-0.40797
-0.388157
-0.370105
-0.35075
-0.33135
-0.306939
-0.292996
-0.23316
-0.440159
-0.415895
-0.402099
-0.38369
-0.366573
-0.348015
-0.329519
-0.305248
-0.293626
-0.233127
-0.430184
-0.409148
-0.396403
-0.379353
-0.363122
-0.34531
-0.327615
-0.303614
-0.293572
-0.233207
-0.420511
-0.402622
-0.390895
-0.375152
-0.359758
-0.342646
-0.325645
-0.302031
-0.292988
-0.233707
-0.411179
-0.396338
-0.385586
-0.371094
-0.356484
-0.340029
-0.323622
-0.3005
-0.291979
-0.23467
-0.402227
-0.390319
-0.380494
-0.367186
-0.353307
-0.337466
-0.321565
-0.299023
-0.290627
-0.236001
-0.393706
-0.384584
-0.375636
-0.363441
-0.350235
-0.334966
-0.319494
-0.297597
-0.289014
-0.237609
-0.385658
-0.379161
-0.371033
-0.359872
-0.347284
-0.332542
-0.317434
-0.29622
-0.287225
-0.239413
-0.378068
-0.374129
-0.366711
-0.356501
-0.344471
-0.330209
-0.315412
-0.294893
-0.28534
-0.241331
-0.371074
-0.369453
-0.362694
-0.353349
-0.341819
-0.327989
-0.313459
-0.293622
-0.283433
-0.243283
-0.364701
-0.365178
-0.359018
-0.350444
-0.339354
-0.325906
-0.311608
-0.292417
-0.281572
-0.245193
-0.358988
-0.361348
-0.355712
-0.347815
-0.337108
-0.323987
-0.309894
-0.291291
-0.279818
-0.246997
-0.353984
-0.357996
-0.352806
-0.34549
-0.335107
-0.322262
-0.308355
-0.290259
-0.278225
-0.248637
-0.349737
-0.355149
-0.350331
-0.343499
-0.333381
-0.32077
-0.307039
-0.289328
-0.276839
-0.250069
-0.346285
-0.352835
-0.348315
-0.341869
-0.331961
-0.319549
-0.305967
-0.288512
-0.275699
-0.251254
-0.343665
-0.351078
-0.34678
-0.340624
-0.330871
-0.318605
-0.305031
-0.287954
-0.274834
-0.252166
-0.341902
-0.349896
-0.345745
-0.339783
-0.330133
-0.317965
-0.304407
-0.287588
-0.274227
-0.252783
-0.341016
-0.349302
-0.345225
-0.339359
-0.32976
-0.317642
-0.3041
-0.287429
-0.273892
-0.253093
-0.245675
-0.238701
-0.231221
-0.223536
-0.215497
-0.207105
-0.198381
-0.189327
-0.179946
-0.170247
-0.160239
-0.149937
-0.139362
-0.128541
-0.117509
-0.106314
-0.0950149
-0.0836813
-0.0724178
-0.0612979
-0.0505444
-0.0400745
-0.0305756
-0.0210522
-0.0141216
-0.00498275
-0.00349411
0.00856639
-0.00273201
0.0229028
-0.246204
-0.239105
-0.231537
-0.223828
-0.215771
-0.207364
-0.19863
-0.189569
-0.180183
-0.17048
-0.160469
-0.150165
-0.139588
-0.128766
-0.117733
-0.106536
-0.095234
-0.0838967
-0.0726282
-0.0615019
-0.0507404
-0.0402609
-0.0307503
-0.0212156
-0.0142674
-0.00512229
-0.00359903
0.00844122
-0.00276667
0.0227527
-0.247253
-0.239907
-0.232165
-0.224408
-0.216314
-0.207876
-0.199121
-0.190045
-0.180649
-0.170939
-0.160922
-0.150615
-0.140035
-0.129209
-0.118174
-0.106973
-0.095666
-0.0843216
-0.0730436
-0.0619046
-0.0511275
-0.0406291
-0.0310957
-0.0215389
-0.0145558
-0.00539854
-0.00380676
0.00819325
-0.00283512
0.0224548
-0.248799
-0.241095
-0.233096
-0.225267
-0.217115
-0.208629
-0.199843
-0.190746
-0.181333
-0.171611
-0.161586
-0.151272
-0.140688
-0.129859
-0.118819
-0.107613
-0.096299
-0.0849445
-0.073653
-0.0624958
-0.0516962
-0.0411706
-0.0316039
-0.0220151
-0.0149808
-0.00580594
-0.00411315
0.00782707
-0.0029357
0.0220143
-0.250804
-0.242657
-0.234315
-0.226388
-0.21816
-0.209609
-0.200779
-0.191651
-0.182217
-0.172478
-0.162442
-0.15212
-0.141529
-0.130695
-0.119651
-0.108439
-0.097116
-0.0857492
-0.0744408
-0.0632609
-0.0524331
-0.0418728
-0.0322638
-0.022634
-0.0155337
-0.00633652
-0.00451224
0.00734935
-0.00306602
0.0214383
-0.253212
-0.244568
-0.235802
-0.227753
-0.219428
-0.210795
-0.201908
-0.19274
-0.183276
-0.173517
-0.163466
-0.153133
-0.142536
-0.131696
-0.120647
-0.109428
-0.0980959
-0.0867153
-0.0753878
-0.0641818
-0.0533211
-0.0427203
-0.0330613
-0.023383
-0.0162036
-0.00698024
-0.00499651
0.00676847
-0.00322309
0.0207363
-0.255951
-0.246794
-0.23753
-0.229333
-0.220895
-0.21216
-0.203203
-0.193985
-0.184484
-0.174699
-0.16463
-0.154286
-0.14368
-0.132835
-0.121781
-0.110555
-0.0992143
-0.0878194
-0.0764719
-0.0652376
-0.0543409
-0.0436953
-0.0339802
-0.0242475
-0.0169777
-0.0077255
-0.00555721
0.00609424
-0.00340352
0.0199193
-0.258952
-0.249289
-0.239463
-0.231098
-0.22253
-0.213674
-0.204633
-0.195354
-0.185811
-0.175995
-0.165905
-0.155547
-0.144934
-0.134084
-0.123025
-0.111795
-0.100445
-0.0890366
-0.077669
-0.0664057
-0.0554714
-0.0447784
-0.0350028
-0.0252118
-0.0178422
-0.00855955
-0.00618473
0.00533744
-0.00360361
0.019
-0.262145
-0.251994
-0.241557
-0.233008
-0.224295
-0.215303
-0.206164
-0.196816
-0.187222
-0.177371
-0.167259
-0.156887
-0.146266
-0.135412
-0.124351
-0.113117
-0.101761
-0.090341
-0.0789546
-0.0676631
-0.056691
-0.0459496
-0.0361108
-0.0262592
-0.0187826
-0.00946907
-0.00686897
0.0045095
-0.00381959
0.0179921
-0.265395
-0.254832
-0.243759
-0.235015
-0.226148
-0.217007
-0.207758
-0.198333
-0.188683
-0.178794
-0.168658
-0.158274
-0.147647
-0.136791
-0.12573
-0.114496
-0.103137
-0.0917072
-0.0803045
-0.0689867
-0.0579781
-0.047189
-0.0372861
-0.0273731
-0.0197844
-0.0104406
-0.00759966
0.00362206
-0.00404776
0.0169101
-0.268569
-0.257709
-0.246004
-0.237064
-0.228039
-0.21874
-0.209375
-0.199867
-0.190158
-0.180231
-0.170073
-0.159677
-0.149047
-0.138193
-0.127136
-0.115905
-0.104546
-0.093111
-0.0816955
-0.0703546
-0.059312
-0.0484774
-0.0385109
-0.0285375
-0.0208334
-0.011461
-0.00836676
0.00268667
-0.00428461
0.0157688
-0.271534
-0.260513
-0.248217
-0.239092
-0.229913
-0.220456
-0.210973
-0.20138
-0.191613
-0.181649
-0.171471
-0.161068
-0.150439
-0.139592
-0.128543
-0.11732
-0.105966
-0.0945301
-0.0831063
-0.0717465
-0.0606738
-0.0497969
-0.0397688
-0.0297373
-0.0219161
-0.0125177
-0.00916068
0.00171445
-0.00452697
0.0145831
-0.27415
-0.26312
-0.250311
-0.241028
-0.231704
-0.2221
-0.212505
-0.202832
-0.193012
-0.183018
-0.172825
-0.16242
-0.151798
-0.140963
-0.129929
-0.11872
-0.107376
-0.0959449
-0.0845181
-0.0731446
-0.0620462
-0.0511316
-0.0410448
-0.0309587
-0.0230202
-0.0135992
-0.00997255
0.000715868
-0.00477209
0.0133673
-0.276279
-0.265388
-0.252191
-0.242789
-0.233345
-0.223616
-0.213926
-0.204187
-0.194324
-0.184308
-0.17411
-0.163712
-0.153105
-0.142289
-0.131276
-0.120087
-0.10876
-0.0973389
-0.0859149
-0.0745334
-0.0634147
-0.0524675
-0.0423259
-0.0321895
-0.0241347
-0.0146951
-0.0107943
-0.000299413
-0.0050177
0.0121353
-0.277795
-0.267169
-0.253749
-0.244289
-0.234762
-0.224949
-0.215192
-0.205407
-0.195519
-0.185496
-0.175305
-0.164924
-0.15434
-0.143552
-0.132568
-0.121405
-0.110102
-0.0986979
-0.087283
-0.0758996
-0.0647664
-0.0537922
-0.0436004
-0.0334186
-0.0252496
-0.0157959
-0.0116187
-0.00132246
-0.00526196
0.0109002
-0.278614
-0.268329
-0.254887
-0.245437
-0.235877
-0.226036
-0.216255
-0.206454
-0.196566
-0.186555
-0.176386
-0.166035
-0.155487
-0.144736
-0.133789
-0.122662
-0.111389
-0.100009
-0.0886101
-0.0772314
-0.0660897
-0.0550949
-0.0448578
-0.0346365
-0.026356
-0.016893
-0.0124392
-0.00234523
-0.00550349
0.00967382
-0.278667
-0.268717
-0.255481
-0.24611
-0.236589
-0.226804
-0.217061
-0.207291
-0.197438
-0.187466
-0.177341
-0.167037
-0.156538
-0.145836
-0.134936
-0.123853
-0.112619
-0.10127
-0.0898935
-0.0785259
-0.0673817
-0.0563722
-0.0460945
-0.0358392
-0.0274501
-0.0179823
-0.0132526
-0.00336249
-0.00574176
0.00846606
-0.27742
-0.267907
-0.255392
-0.246278
-0.236926
-0.227311
-0.217678
-0.207986
-0.1982
-0.18829
-0.178224
-0.167978
-0.157536
-0.14689
-0.136043
-0.125007
-0.113816
-0.102503
-0.0911521
-0.0797993
-0.068656
-0.0576353
-0.0473199
-0.0370337
-0.0285375
-0.019067
-0.0140615
-0.00437388
-0.00597786
0.00728386
-0.276166
-0.266606
-0.255032
-0.246096
-0.236927
-0.227536
-0.218054
-0.208474
-0.198782
-0.188953
-0.178963
-0.16879
-0.158417
-0.147837
-0.137052
-0.126074
-0.114934
-0.103663
-0.0923467
-0.081016
-0.0698809
-0.0588563
-0.0485097
-0.0381991
-0.0296013
-0.0201327
-0.0148568
-0.00537005
-0.00621209
0.00613836
-0.275539
-0.262584
-0.251877
-0.243174
-0.234542
-0.225778
-0.216787
-0.207592
-0.198208
-0.188632
-0.178854
-0.168862
-0.158649
-0.148211
-0.137551
-0.126684
-0.115642
-0.104455
-0.0932091
-0.0819348
-0.0708391
-0.0598425
-0.049493
-0.0391908
-0.030517
-0.0210823
-0.0155644
-0.00629091
-0.00643483
0.00506404
-0.245049
-0.253937
-0.250642
-0.24253
-0.234179
-0.225605
-0.216717
-0.207601
-0.198291
-0.188783
-0.179072
-0.169145
-0.158996
-0.14862
-0.13802
-0.12721
-0.116218
-0.105078
-0.0938695
-0.0826272
-0.07155
-0.0605733
-0.0502116
-0.0399308
-0.0311841
-0.0218144
-0.016085
-0.00703028
-0.00661263
0.00415775
-0.240271
-0.245634
-0.243835
-0.236874
-0.229474
-0.221668
-0.213378
-0.204752
-0.195855
-0.186704
-0.177306
-0.167661
-0.157768
-0.147627
-0.137246
-0.12664
-0.11584
-0.104878
-0.0938343
-0.0827447
-0.0717997
-0.0609471
-0.0506685
-0.0404867
-0.0317371
-0.0224763
-0.0165692
-0.00775902
-0.0067528
0.00328157
-0.234454
-0.237818
-0.23648
-0.230436
-0.223804
-0.216694
-0.209007
-0.200902
-0.192462
-0.183718
-0.174687
-0.165377
-0.155793
-0.145943
-0.135835
-0.125489
-0.114935
-0.104208
-0.0933864
-0.0825075
-0.0717514
-0.06108
-0.0509366
-0.0409058
-0.0321933
-0.0230847
-0.0170163
-0.00849065
-0.00686875
0.00238312
-0.229005
-0.230565
-0.229262
-0.224001
-0.218026
-0.211537
-0.204426
-0.196835
-0.188857
-0.180529
-0.171876
-0.162915
-0.153656
-0.144109
-0.134288
-0.124214
-0.113919
-0.10344
-0.0928506
-0.0821935
-0.0716367
-0.061157
-0.0511579
-0.0412885
-0.0326201
-0.023674
-0.0174472
-0.00921576
-0.00697537
0.00148234
-0.223374
-0.223395
-0.221899
-0.217318
-0.211961
-0.206065
-0.199531
-0.192471
-0.184976
-0.17709
-0.168843
-0.160256
-0.151344
-0.142123
-0.132609
-0.122825
-0.112806
-0.102588
-0.092245
-0.0818212
-0.0714737
-0.0611949
-0.0513478
-0.041647
-0.0330282
-0.0242498
-0.0178677
-0.00993309
-0.00707747
0.000587597
-0.216944
-0.216063
-0.214295
-0.210295
-0.205531
-0.200209
-0.194249
-0.187734
-0.180746
-0.173329
-0.165516
-0.157332
-0.148796
-0.139927
-0.130745
-0.121274
-0.111551
-0.101615
-0.0915353
-0.0813612
-0.071238
-0.0611735
-0.0514906
-0.0419687
-0.0334091
-0.0248049
-0.018275
-0.0106381
-0.00717663
-0.00029215
-0.209664
-0.208453
-0.206449
-0.202953
-0.198762
-0.193998
-0.188604
-0.18264
-0.176174
-0.169247
-0.161892
-0.154136
-0.146001
-0.137509
-0.128683
-0.119548
-0.110143
-0.100508
-0.0907109
-0.0808036
-0.0709205
-0.0610843
-0.051579
-0.0422467
-0.0337575
-0.0253336
-0.0186664
-0.0113248
-0.00727512
-0.00114622
-0.201638
-0.200498
-0.198365
-0.195323
-0.191691
-0.187471
-0.182633
-0.177221
-0.171286
-0.164865
-0.157987
-0.15068
-0.142969
-0.134877
-0.126428
-0.117651
-0.108584
-0.0992691
-0.0897721
-0.0801478
-0.07052
-0.0609255
-0.0516108
-0.0424779
-0.0340708
-0.0258316
-0.0190404
-0.0119871
-0.00737586
-0.00196352
-0.192987
-0.192178
-0.190052
-0.187438
-0.18435
-0.180667
-0.176375
-0.171511
-0.166111
-0.160205
-0.153818
-0.146979
-0.139711
-0.132038
-0.123987
-0.115587
-0.106877
-0.0979
-0.0887199
-0.0793941
-0.0700361
-0.060696
-0.0515844
-0.0426599
-0.0343471
-0.0262952
-0.0193959
-0.0126195
-0.00748171
-0.00273342
-0.183852
-0.183521
-0.181537
-0.179341
-0.176781
-0.173628
-0.16987
-0.165546
-0.160681
-0.155295
-0.149409
-0.14305
-0.13624
-0.129004
-0.121368
-0.113363
-0.105027
-0.0964044
-0.0875569
-0.078544
-0.0694695
-0.0603953
-0.051499
-0.0427908
-0.0345847
-0.026721
-0.0197319
-0.0132165
-0.00759476
-0.00344661
-0.174383
-0.174592
-0.172864
-0.171085
-0.169034
-0.166399
-0.163164
-0.159371
-0.155035
-0.150168
-0.144789
-0.138918
-0.132577
-0.12579
-0.118584
-0.110988
-0.103042
-0.0947883
-0.0862874
-0.0776004
-0.068822
-0.0600243
-0.0513547
-0.0428694
-0.0347825
-0.0271063
-0.0200477
-0.0137735
-0.00771646
-0.00409499
-0.164731
-0.16548
-0.164094
-0.16273
-0.161165
-0.159033
-0.156308
-0.153031
-0.149215
-0.144863
-0.139989
-0.13461
-0.128745
-0.122417
-0.115651
-0.108477
-0.100932
-0.0930602
-0.0849181
-0.0765682
-0.0680969
-0.0595848
-0.0511523
-0.0428955
-0.03494
-0.0274491
-0.0203425
-0.0142867
-0.00784769
-0.004672
-0.155037
-0.156285
-0.155295
-0.154342
-0.153236
-0.151588
-0.149354
-0.146577
-0.143267
-0.139421
-0.135047
-0.130159
-0.124773
-0.118908
-0.11259
-0.105846
-0.0987117
-0.0912308
-0.0834574
-0.0754539
-0.0672991
-0.05908
-0.0508938
-0.0428697
-0.0350572
-0.0277479
-0.0206157
-0.0147533
-0.00798868
-0.00517302
-0.145432
-0.14711
-0.146542
-0.145987
-0.145311
-0.14412
-0.142356
-0.14006
-0.137239
-0.133885
-0.130002
-0.125599
-0.120689
-0.115289
-0.109421
-0.103112
-0.0963954
-0.0893126
-0.0819152
-0.0742651
-0.0664343
-0.0585141
-0.050582
-0.0427934
-0.0351346
-0.0280022
-0.0208668
-0.0151709
-0.00813882
-0.00559562
-0.136027
-0.138057
-0.137907
-0.137732
-0.137452
-0.136689
-0.13537
-0.133531
-0.131177
-0.128299
-0.124894
-0.120966
-0.116526
-0.111588
-0.10617
-0.100297
-0.0940003
-0.0873195
-0.0803028
-0.0730108
-0.0655092
-0.0578921
-0.0502201
-0.0426687
-0.0351732
-0.0282119
-0.0210953
-0.0155388
-0.00829668
-0.00593968
-0.126914
-0.129214
-0.129463
-0.129643
-0.129723
-0.129352
-0.12845
-0.127041
-0.125132
-0.122708
-0.119763
-0.116297
-0.112317
-0.107833
-0.102861
-0.0974216
-0.0915446
-0.0852666
-0.0786325
-0.0717008
-0.0645316
-0.0572197
-0.0498122
-0.0424981
-0.0351742
-0.0283778
-0.0213006
-0.0158567
-0.00846011
-0.00620733
-0.118166
-0.120659
-0.121272
-0.121776
-0.122179
-0.122165
-0.121647
-0.12064
-0.119148
-0.117155
-0.11465
-0.111629
-0.108095
-0.104054
-0.0995195
-0.0945088
-0.0890476
-0.0831701
-0.0769175
-0.0703458
-0.0635096
-0.056503
-0.0493627
-0.0422849
-0.0351393
-0.0285011
-0.0214821
-0.0161257
-0.00862636
-0.00640278
-0.109838
-0.112458
-0.113392
-0.114186
-0.114875
-0.115181
-0.115012
-0.114377
-0.113273
-0.111685
-0.109596
-0.107
-0.103894
-0.100283
-0.0961739
-0.0915821
-0.0865296
-0.081047
-0.075172
-0.0689571
-0.0624524
-0.0557493
-0.0488765
-0.0420329
-0.0350703
-0.0285836
-0.0216394
-0.0163477
-0.00879225
-0.00653209
-0.101969
-0.104661
-0.105872
-0.106921
-0.10786
-0.108448
-0.108594
-0.108297
-0.107552
-0.10634
-0.104642
-0.102447
-0.0997503
-0.0965502
-0.0928519
-0.0886664
-0.084012
-0.0789156
-0.0734111
-0.0675474
-0.0613697
-0.0549661
-0.0483593
-0.0417461
-0.0349695
-0.0286276
-0.0217719
-0.0165251
-0.00895445
-0.00660269
-0.0945901
-0.0973112
-0.0987544
-0.100024
-0.101178
-0.102012
-0.102438
-0.102447
-0.102029
-0.101163
-0.0998279
-0.0980094
-0.0956978
-0.0928887
-0.0895828
-0.0857877
-0.0815176
-0.0767956
-0.0716515
-0.0661301
-0.0602725
-0.0541621
-0.0478173
-0.0414295
-0.0348397
-0.028636
-0.0218796
-0.0166614
-0.00910968
-0.00662303
-0.0877242
-0.0904417
-0.0920763
-0.093533
-0.0948707
-0.0959167
-0.0965883
-0.0968693
-0.0967462
-0.0961963
-0.0951953
-0.0937254
-0.0917738
-0.0893321
-0.0863976
-0.0829736
-0.0790707
-0.074708
-0.069911
-0.0647204
-0.0591729
-0.0533469
-0.0472579
-0.0410889
-0.0346843
-0.0286122
-0.0219628
-0.0167603
-0.00925496
-0.00660205
-0.0813918
-0.084082
-0.0858718
-0.0874857
-0.0889775
-0.0902038
-0.0910881
-0.091609
-0.0917491
-0.0914832
-0.0907857
-0.0896354
-0.0880161
-0.085916
-0.0833287
-0.0802538
-0.0766979
-0.0726759
-0.0682096
-0.0633348
-0.0580847
-0.0525317
-0.0466895
-0.0407309
-0.0345075
-0.0285602
-0.0220222
-0.016826
-0.00938785
-0.00654872
-0.0756131
-0.0782597
-0.080173
-0.0819169
-0.0835364
-0.0849139
-0.08598
-0.0867092
-0.0870806
-0.0870672
-0.0866421
-0.085781
-0.0844647
-0.082678
-0.0804112
-0.0776602
-0.0744277
-0.0707248
-0.0665691
-0.0619922
-0.0570233
-0.0517292
-0.0461219
-0.0403632
-0.0343146
-0.028485
-0.0220595
-0.0168631
-0.00950661
-0.00647172
-0.0704095
-0.0730021
-0.0750123
-0.0768621
-0.0785856
-0.080088
-0.0813071
-0.0822146
-0.0827865
-0.0829945
-0.0828099
-0.0822064
-0.0811619
-0.0796583
-0.0776825
-0.0752273
-0.0722915
-0.0688826
-0.0650142
-0.0607136
-0.0560065
-0.0509537
-0.0455665
-0.0399951
-0.0341118
-0.0283919
-0.022077
-0.0168765
-0.00961031
-0.00637905
-0.0658058
-0.0683394
-0.0704237
-0.0723583
-0.0741653
-0.075769
-0.0771147
-0.0781721
-0.0789147
-0.0793129
-0.0793369
-0.0789584
-0.078153
-0.0769
-0.0751835
-0.0729929
-0.0703239
-0.0671803
-0.0635722
-0.0595227
-0.0550543
-0.0502221
-0.0450367
-0.0396369
-0.0339069
-0.0282874
-0.0220781
-0.016871
-0.00969891
-0.0062779
-0.0618313
-0.0643056
-0.0664453
-0.0684464
-0.0703189
-0.072003
-0.0734509
-0.0746315
-0.0755161
-0.0760739
-0.0762742
-0.0760873
-0.075487
-0.0744502
-0.0729584
-0.0709984
-0.0685628
-0.0656522
-0.0622736
-0.058446
-0.0541892
-0.0495529
-0.0445475
-0.0393009
-0.0337087
-0.0281787
-0.0220672
-0.0168519
-0.00977312
-0.00617462
-0.0585235
-0.0609422
-0.0631218
-0.0651734
-0.0670956
-0.0688415
-0.0703696
-0.071648
-0.0726465
-0.0733337
-0.0736778
-0.0736484
-0.0732175
-0.0723603
-0.0710561
-0.0692893
-0.0670502
-0.0643363
-0.061152
-0.057513
-0.0534363
-0.0489673
-0.044116
-0.0390006
-0.0335273
-0.0280738
-0.022049
-0.0168245
-0.0098341
-0.00607473
-0.0559259
-0.0582979
-0.0605052
-0.0625938
-0.0645525
-0.0663438
-0.0679315
-0.0692837
-0.070369
-0.0711553
-0.0716103
-0.071703
-0.071404
-0.0706874
-0.0695306
-0.0679162
-0.0658324
-0.0632747
-0.0602449
-0.0567562
-0.0528236
-0.0484885
-0.0437609
-0.0387507
-0.033374
-0.0279815
-0.0220292
-0.0167946
-0.00988339
-0.00598254
-0.0541085
-0.0564442
-0.0586678
-0.0607802
-0.0627624
-0.0645835
-0.066211
-0.0676131
-0.0687576
-0.0696119
-0.0701435
-0.0703208
-0.0701139
-0.0694955
-0.0684422
-0.0669351
-0.064961
-0.0625137
-0.0595935
-0.0562116
-0.0523815
-0.0481417
-0.0435027
-0.0385674
-0.0332608
-0.0279102
-0.0220144
-0.0167656
-0.00992657
-0.00589979
-0.0531277
-0.0554494
-0.0576847
-0.0598116
-0.0618075
-0.0636451
-0.065294
-0.0667225
-0.0678983
-0.0687885
-0.0693604
-0.0695823
-0.069424
-0.0688577
-0.0678593
-0.0664091
-0.0644934
-0.0621049
-0.0592433
-0.0559183
-0.0521433
-0.0479542
-0.0433635
-0.0384666
-0.0332013
-0.0278658
-0.0220148
-0.0167337
-0.00997847
-0.00582806
-0.117096
-0.128259
-0.138934
-0.149105
-0.158757
-0.167876
-0.17645
-0.184468
-0.19192
-0.198804
-0.205125
-0.210901
-0.216173
-0.221012
-0.225538
-0.229944
-0.234529
-0.239637
-0.246273
-0.26205
-0.110265
-0.120933
-0.131152
-0.14091
-0.150193
-0.158993
-0.167301
-0.175114
-0.182435
-0.189274
-0.195657
-0.20163
-0.20727
-0.212698
-0.2181
-0.223746
-0.230046
-0.237418
-0.246282
-0.266281
-0.103693
-0.113895
-0.123705
-0.133111
-0.142108
-0.150691
-0.158858
-0.166612
-0.173965
-0.180934
-0.187552
-0.193868
-0.199956
-0.205918
-0.211898
-0.21809
-0.224777
-0.23216
-0.24003
-0.258463
-0.0973143
-0.107078
-0.116497
-0.125567
-0.134282
-0.14264
-0.150643
-0.158296
-0.165611
-0.172606
-0.17931
-0.185763
-0.19202
-0.198157
-0.204274
-0.210498
-0.217033
-0.224039
-0.231205
-0.247583
-0.091135
-0.100467
-0.109497
-0.118221
-0.126635
-0.134738
-0.142533
-0.150026
-0.157228
-0.164155
-0.170832
-0.177293
-0.183583
-0.189766
-0.195925
-0.202168
-0.208672
-0.215591
-0.222619
-0.236915
-0.0851628
-0.0940702
-0.102713
-0.111087
-0.11919
-0.127022
-0.134586
-0.141889
-0.14894
-0.155755
-0.162356
-0.168774
-0.175049
-0.181236
-0.187406
-0.193652
-0.20011
-0.206888
-0.213722
-0.225964
-0.079398
-0.0878911
-0.0961519
-0.104177
-0.111965
-0.119517
-0.126835
-0.133926
-0.140799
-0.147469
-0.153954
-0.160281
-0.166485
-0.17261
-0.178712
-0.18486
-0.191155
-0.197668
-0.204247
-0.21472
-0.0738387
-0.0819288
-0.0898147
-0.0974936
-0.104964
-0.112228
-0.119287
-0.126148
-0.132817
-0.139308
-0.145637
-0.151824
-0.157898
-0.163894
-0.169854
-0.175831
-0.181901
-0.188118
-0.194427
-0.203417
-0.0684829
-0.0761816
-0.0837006
-0.0910371
-0.0981902
-0.10516
-0.11195
-0.118564
-0.125008
-0.131293
-0.137431
-0.14344
-0.149341
-0.155161
-0.160934
-0.166701
-0.172518
-0.178422
-0.184421
-0.19216
-0.0633289
-0.0706485
-0.0778092
-0.0848084
-0.0916449
-0.0983188
-0.104832
-0.111187
-0.11739
-0.123449
-0.129373
-0.135175
-0.140873
-0.146487
-0.152041
-0.157568
-0.163107
-0.168684
-0.174336
-0.181029
-0.0583754
-0.0653284
-0.0721405
-0.0788088
-0.0853318
-0.0917091
-0.0979415
-0.104031
-0.109982
-0.1158
-0.121492
-0.127069
-0.132541
-0.137925
-0.14324
-0.148506
-0.153752
-0.158998
-0.164286
-0.170119
-0.0536217
-0.0602212
-0.0666949
-0.0730399
-0.0792542
-0.0853368
-0.0912877
-0.0971081
-0.1028
-0.108368
-0.113817
-0.119154
-0.124388
-0.129528
-0.134589
-0.139585
-0.144536
-0.149456
-0.154381
-0.159512
-0.0490677
-0.055327
-0.0614736
-0.067504
-0.0734159
-0.0792078
-0.0848789
-0.0904293
-0.0958602
-0.101174
-0.106374
-0.111464
-0.116451
-0.121341
-0.126143
-0.130868
-0.135528
-0.140135
-0.144706
-0.149271
-0.0447132
-0.0506467
-0.0564781
-0.062204
-0.0678215
-0.0733286
-0.0787238
-0.0840064
-0.0891766
-0.0942352
-0.099184
-0.104026
-0.108764
-0.113403
-0.117949
-0.122407
-0.126786
-0.131095
-0.135334
-0.139444
-0.0405613
-0.0461828
-0.0517113
-0.0571435
-0.0624758
-0.0677058
-0.0728313
-0.077851
-0.0827641
-0.0875704
-0.0922705
-0.0968657
-0.101358
-0.105749
-0.110043
-0.114243
-0.118354
-0.122385
-0.126318
-0.130063
-0.0366114
-0.0419363
-0.0471757
-0.0523262
-0.0573841
-0.0623463
-0.0672103
-0.0719741
-0.0766363
-0.0811958
-0.0856525
-0.0900063
-0.0942579
-0.0984084
-0.102459
-0.106413
-0.110271
-0.114041
-0.117697
-0.121146
-0.0328683
-0.0379111
-0.0428752
-0.0477568
-0.0525518
-0.0572569
-0.0618692
-0.0663861
-0.0708058
-0.0751265
-0.0793474
-0.0834676
-0.0874871
-0.091406
-0.0952247
-0.0989439
-0.102566
-0.106094
-0.109499
-0.112702
-0.0293327
-0.0341093
-0.0388129
-0.0434392
-0.0479843
-0.0524443
-0.0568162
-0.0610969
-0.0652842
-0.0693761
-0.0733708
-0.0772674
-0.0810649
-0.084763
-0.0883614
-0.0918602
-0.0952606
-0.0985659
-0.101743
-0.104737
-0.0260078
-0.0305343
-0.0349926
-0.0393783
-0.0436871
-0.0479153
-0.0520592
-0.0561158
-0.0600825
-0.0639567
-0.0677368
-0.071421
-0.0750083
-0.0784977
-0.0818887
-0.085181
-0.0883755
-0.0914741
-0.0944455
-0.0972548
-0.0228973
-0.0271901
-0.0314189
-0.035579
-0.0396662
-0.0436764
-0.047606
-0.0514517
-0.0552105
-0.0588799
-0.0624578
-0.0659424
-0.0693322
-0.0726261
-0.0758232
-0.0789232
-0.0819266
-0.0848345
-0.0876186
-0.0902612
-0.0200054
-0.0240813
-0.0280967
-0.032047
-0.0359277
-0.0397348
-0.0434644
-0.0471132
-0.0506781
-0.0541564
-0.0575458
-0.0608443
-0.0640503
-0.0671625
-0.07018
-0.0731021
-0.0759294
-0.0786619
-0.0812756
-0.0837653
-0.0173374
-0.0212135
-0.0250322
-0.0287887
-0.0324787
-0.036098
-0.0396428
-0.0431096
-0.0464953
-0.0497969
-0.0530123
-0.0561391
-0.0591758
-0.0621209
-0.0649734
-0.0677326
-0.0703987
-0.0729714
-0.0754305
-0.0777799
-0.0149001
-0.0185937
-0.0222325
-0.0258119
-0.0293274
-0.0327749
-0.0361506
-0.0394509
-0.0426726
-0.045813
-0.0488694
-0.0518398
-0.0547223
-0.0575156
-0.0602183
-0.0628299
-0.0653502
-0.0677787
-0.0700993
-0.0723205
-0.0127016
-0.0162303
-0.0197066
-0.0231258
-0.0264835
-0.0297757
-0.0329986
-0.0361486
-0.0392224
-0.0422173
-0.0451308
-0.0479605
-0.0507048
-0.053362
-0.055931
-0.0584108
-0.0608015
-0.063102
-0.0652999
-0.067406
-0.0107522
-0.014134
-0.0174654
-0.0207419
-0.0239592
-0.0271131
-0.0302001
-0.0332165
-0.0361591
-0.0390253
-0.0418123
-0.044518
-0.0471405
-0.0496783
-0.0521301
-0.0544949
-0.0567725
-0.0589619
-0.0610538
-0.0630589
-0.00906532
-0.0123187
-0.0155235
-0.0186752
-0.0217698
-0.0248032
-0.0277717
-0.030672
-0.0335009
-0.0362556
-0.0389335
-0.0415325
-0.0440506
-0.0464863
-0.0488382
-0.0511054
-0.0532874
-0.0553832
-0.0573865
-0.0593059
-0.00765623
-0.0108005
-0.0138976
-0.0169435
-0.0199341
-0.0228655
-0.0257342
-0.0285368
-0.0312704
-0.033932
-0.0365193
-0.03903
-0.0414623
-0.0438143
-0.046085
-0.0482731
-0.050378
-0.0523988
-0.0543314
-0.0561818
-0.0065509
-0.00960552
-0.0126144
-0.0155736
-0.0184792
-0.0213275
-0.0241153
-0.0268391
-0.0294961
-0.0320836
-0.0345992
-0.0370406
-0.039406
-0.0416937
-0.0439023
-0.0460308
-0.0480783
-0.0500439
-0.0519253
-0.0537258
-0.00576504
-0.00875329
-0.0116972
-0.0145929
-0.0174366
-0.020225
-0.0229547
-0.0256226
-0.0282258
-0.0307617
-0.033228
-0.0356223
-0.0379429
-0.040188
-0.0423562
-0.0444462
-0.0464571
-0.0483881
-0.0502377
-0.0520071
-0.00535945
-0.00829735
-0.0111915
-0.0140388
-0.0168361
-0.0195802
-0.0222682
-0.0248971
-0.0274645
-0.0299677
-0.0324046
-0.0347729
-0.0370709
-0.0392968
-0.0414491
-0.0435265
-0.0455277
-0.0474519
-0.049298
-0.0510656
0.172124
0.155897
0.140483
0.125407
0.109919
0.0942954
0.0786764
0.0631033
0.0476261
0.0322932
0.0171451
0.00221732
-0.0124582
-0.0268534
-0.040942
-0.0545627
-0.0679235
-0.0808577
-0.093371
-0.105459
0.167034
0.150616
0.135176
0.120626
0.105727
0.0907453
0.0758311
0.0609971
0.0462765
0.0317083
0.0173251
0.00315664
-0.0107688
-0.0244229
-0.0377859
-0.0507159
-0.0634309
-0.0757298
-0.0876409
-0.0991608
0.159267
0.143088
0.127985
0.11417
0.100094
0.0859454
0.0718963
0.0579439
0.0441058
0.0304147
0.0168976
0.00357943
-0.00951441
-0.0223575
-0.0349318
-0.0471327
-0.0592006
-0.0708532
-0.082153
-0.0931069
0.151221
0.135887
0.121371
0.108292
0.0950337
0.081686
0.0684496
0.0553214
0.042307
0.0294331
0.0167225
0.00419556
-0.00812664
-0.02022
-0.0320446
-0.0434505
-0.0549891
-0.0660605
-0.0767924
-0.0872153
0.14332
0.128992
0.115176
0.102807
0.0903402
0.077771
0.0653112
0.0529662
0.040732
0.0286296
0.0166781
0.00489408
-0.0067065
-0.0181095
-0.0293268
-0.0404473
-0.0509523
-0.0613982
-0.071596
-0.0815091
0.135689
0.122337
0.109267
0.0975857
0.0858843
0.0740768
0.0623687
0.0507764
0.03929
0.0279246
0.0166966
0.00561965
-0.00529353
-0.0160295
-0.0265743
-0.0369335
-0.0469789
-0.0568963
-0.0665761
-0.0759967
0.128385
0.115964
0.10367
0.092662
0.0816963
0.070627
0.059642
0.0487688
0.0379949
0.0273302
0.0167889
0.00638274
-0.00387739
-0.0139797
-0.0239118
-0.0336739
-0.0431796
-0.0525614
-0.0617334
-0.0706777
0.121441
0.109904
0.098395
0.0880472
0.0777847
0.0674254
0.0571332
0.0469446
0.0368472
0.0268467
0.0169555
0.00718377
-0.00245887
-0.0119624
-0.0213169
-0.0305184
-0.0395065
-0.0483769
-0.0570624
-0.0655489
0.114882
0.104178
0.0934444
0.0837398
0.0741463
0.064465
0.054834
0.0452953
0.0358386
0.0264665
0.0171896
0.00801707
-0.00104255
-0.00998044
-0.0187879
-0.0274591
-0.0359523
-0.0443389
-0.052561
-0.0606084
0.108722
0.0987983
0.0888186
0.0797367
0.0707773
0.0617394
0.0527367
0.0438132
0.0349616
0.0261824
0.0174848
0.00887718
0.000367224
-0.00803718
-0.0163283
-0.0244998
-0.0325203
-0.0404476
-0.0482279
-0.0558544
0.102966
0.0937714
0.0845154
0.0760324
0.0676719
0.0592416
0.0508331
0.0424901
0.0342082
0.0259872
0.0178347
0.00975858
0.00176598
-0.00613595
-0.0139402
-0.0216402
-0.0292105
-0.0367026
-0.044062
-0.0512855
0.0976146
0.0890983
0.0805301
0.0726193
0.0648224
0.0569631
0.0491143
0.0413172
0.0335703
0.0258732
0.0182325
0.0106556
0.00314908
-0.00428023
-0.0116259
-0.0188811
-0.0260236
-0.0331041
-0.040063
-0.046901
0.0926619
0.0847764
0.0768561
0.0694881
0.0622199
0.0548949
0.0475708
0.0402853
0.0330394
0.0258329
0.0186715
0.0115624
0.00451195
-0.00247334
-0.00938721
-0.0162224
-0.0229585
-0.0296516
-0.0362301
-0.0427005
0.0881006
0.0807996
0.0734848
0.0666282
0.0598539
0.0530269
0.0461928
0.0393852
0.032607
0.0258585
0.0191449
0.0124731
0.00584931
-0.000719941
-0.00722751
-0.0136625
-0.0200031
-0.0263343
-0.0325576
-0.0386822
0.0839196
0.0771592
0.0704059
0.064028
0.0577134
0.0513487
0.0449701
0.0386074
0.0322644
0.0259423
0.0196459
0.0133816
0.00715524
0.000972391
-0.00516224
-0.011249
-0.0172939
-0.0231872
-0.0290515
-0.0348495
0.0801061
0.0738439
0.0676077
0.0616749
0.0557864
0.0498491
0.0438926
0.0379424
0.0320033
0.0260771
0.0201686
0.0142841
0.00842932
0.00261027
-0.00316687
-0.00889622
-0.0145741
-0.020166
-0.0257168
-0.0312037
0.076645
0.0708409
0.0650778
0.0595559
0.0540606
0.0485169
0.0429496
0.0373806
0.031815
0.0262554
0.0207067
0.0151748
0.00966565
0.00418527
-0.0012603
-0.00666544
-0.0120254
-0.0173144
-0.0225614
-0.0277501
0.07352
0.0681356
0.0628024
0.0576575
0.0525231
0.0473405
0.0421307
0.0369124
0.031691
0.0264697
0.0212532
0.0160477
0.0108589
0.00569287
0.000555624
-0.00454706
-0.0096095
-0.014614
-0.0195773
-0.024487
0.0707139
0.0657125
0.0607675
0.0559659
0.0511611
0.0463082
0.0414251
0.0365281
0.0316226
0.026712
0.0218014
0.0168967
0.0120037
0.00712836
0.00227671
-0.00254544
-0.00733216
-0.0120698
-0.0167685
-0.0214174
0.0682088
0.0635555
0.0589586
0.0544673
0.0499618
0.0454081
0.0408223
0.036218
0.0316008
0.0269745
0.0223441
0.0177154
0.0130943
0.00848662
0.00389835
-0.000664694
-0.00519648
-0.00968589
-0.0141384
-0.0185449
0.065987
0.0616479
0.0573609
0.0531481
0.0489121
0.0446285
0.0403113
0.0359723
0.0316168
0.027249
0.0228739
0.0184972
0.0141247
0.00976216
0.00541557
0.00109071
-0.00320642
-0.00746629
-0.0116914
-0.0158736
0.0640307
0.0599733
0.05596
0.0519946
0.0479996
0.0439578
0.0398816
0.0357811
0.0316615
0.0275271
0.0233831
0.0192348
0.0150882
0.0109489
0.00682269
0.00271538
-0.00136706
-0.00541625
-0.00943254
-0.0134086
0.0623235
0.058516
0.0547416
0.0509938
0.0472119
0.0433846
0.0395224
0.0356345
0.0317256
0.0278003
0.0238635
0.0199208
0.0159777
0.0120399
0.00811309
0.00420294
0.000315354
-0.0035421
-0.00736824
-0.0111564
0.0608498
0.0572609
0.0536925
0.0501332
0.0465373
0.0428976
0.0392234
0.0355225
0.0317996
0.0280593
0.0243066
0.0205467
0.0167851
0.0130273
0.00927902
0.00554573
0.0018332
-0.0018516
-0.00550638
-0.00912511
0.059596
0.0561944
0.0528003
0.0494013
0.0459645
0.0424861
0.0389741
0.0354351
0.0318738
0.0282948
0.0247029
0.0211032
0.0175012
0.0139021
0.0103114
0.00673465
0.00317731
-0.000354143
-0.00385659
-0.00732458
0.0585509
0.0553051
0.052054
0.0487874
0.0454832
0.0421398
0.0387641
0.0353619
0.0319378
0.0284962
0.0250418
0.0215797
0.0181151
0.014653
0.0111988
0.00775787
0.00433547
0.000937672
-0.00243164
-0.00576785
0.0577066
0.0545842
0.0514453
0.0482832
0.0450847
0.0418499
0.0385845
0.0352939
0.0319822
0.0286539
0.0253136
0.0219661
0.0186164
0.0152694
0.0119303
0.00860422
0.00529623
0.00201185
-0.00124486
-0.00446934
0.0570586
0.0540248
0.050966
0.0478793
0.044758
0.0416037
0.0384212
0.0352151
0.0319896
0.028749
0.0254978
0.0222406
0.0189821
0.0157271
0.0124804
0.00924703
0.00603173
0.00283991
-0.000322951
-0.00345495
0.0566126
0.0536322
0.0506223
0.0475829
0.0445119
0.0414113
0.0382853
0.0351379
0.0319731
0.0287951
0.025608
0.0224164
0.0192247
0.0160374
0.0128593
0.00969495
0.00654888
0.00342558
0.00032879
-0.0027363
0.0563654
0.0533913
0.0503854
0.0473512
0.0442893
0.0412024
0.0380944
0.0349693
0.031831
0.0286836
0.025531
0.0223774
0.0192269
0.0160838
0.0129522
0.00983642
0.00674041
0.00366882
0.000629385
-0.00238183
0.19422
0.195441
0.198022
0.201334
0.205154
0.20909
0.212774
0.215806
0.217756
0.218238
0.216787
0.213213
0.206775
0.198325
0.181852
0.193027
0.194137
0.196488
0.199473
0.202856
0.206242
0.209258
0.211509
0.212571
0.21208
0.2096
0.204983
0.197525
0.188211
0.172462
0.191759
0.19277
0.194898
0.197562
0.200521
0.203389
0.205797
0.207364
0.207689
0.206438
0.20322
0.197941
0.189983
0.180466
0.16568
0.1904
0.191302
0.19319
0.19551
0.198018
0.200337
0.202105
0.202957
0.202517
0.200484
0.196515
0.190566
0.182137
0.172321
0.15807
0.188946
0.189733
0.191366
0.193326
0.195367
0.197119
0.198233
0.198361
0.197155
0.194352
0.18966
0.183081
0.174236
0.164132
0.150349
0.187395
0.188062
0.189433
0.191023
0.192586
0.193766
0.194228
0.193647
0.191705
0.188178
0.182834
0.17571
0.166551
0.156253
0.142944
0.185745
0.186288
0.187388
0.188599
0.189679
0.190286
0.190105
0.188834
0.186194
0.181999
0.176076
0.168495
0.159112
0.148707
0.135862
0.183993
0.184408
0.185231
0.186056
0.186647
0.186684
0.18587
0.183935
0.180636
0.17583
0.1694
0.161445
0.151911
0.14147
0.12908
0.182137
0.182421
0.182961
0.183396
0.183497
0.182969
0.181539
0.178968
0.175056
0.169698
0.162832
0.154579
0.144962
0.13455
0.122612
0.180177
0.180327
0.18058
0.180622
0.180236
0.179152
0.177127
0.173956
0.169479
0.163631
0.156399
0.147922
0.138283
0.127964
0.116476
0.178114
0.178128
0.178092
0.17774
0.176872
0.175248
0.172654
0.168921
0.163931
0.157657
0.150127
0.141498
0.131892
0.121721
0.110683
0.175949
0.175826
0.175501
0.174758
0.173418
0.171272
0.168139
0.163887
0.15844
0.151803
0.144042
0.135325
0.125804
0.115828
0.105239
0.173686
0.173426
0.172814
0.171685
0.169887
0.167242
0.163605
0.158881
0.153031
0.146095
0.138166
0.129421
0.120028
0.110289
0.100148
0.17133
0.170934
0.170039
0.168534
0.166294
0.163177
0.159075
0.153927
0.147732
0.140557
0.13252
0.123799
0.114575
0.105106
0.0954079
0.168889
0.168358
0.167187
0.165319
0.162658
0.1591
0.154572
0.149051
0.142568
0.135212
0.127121
0.118473
0.109451
0.100278
0.0910162
0.166373
0.16571
0.164273
0.162055
0.158998
0.155033
0.150123
0.14428
0.137562
0.130081
0.121985
0.113451
0.104658
0.0957998
0.0869663
0.163794
0.163003
0.161312
0.158763
0.155336
0.151
0.145754
0.139638
0.132739
0.125183
0.117126
0.108741
0.100198
0.0916663
0.0832498
0.161168
0.160255
0.158322
0.155463
0.151697
0.147028
0.14149
0.135152
0.12812
0.120535
0.112555
0.104346
0.0960681
0.0878695
0.0798563
0.158514
0.157484
0.155326
0.15218
0.148106
0.143144
0.137358
0.130844
0.123727
0.116152
0.10828
0.100269
0.092266
0.0844002
0.0767743
0.155853
0.154714
0.152349
0.148941
0.144592
0.139376
0.133387
0.126741
0.119577
0.112048
0.10431
0.0965108
0.0887865
0.0812484
0.0739914
0.153212
0.151973
0.149418
0.145776
0.141186
0.135755
0.129602
0.122864
0.11569
0.108234
0.100648
0.0930708
0.0856237
0.0784036
0.0714947
0.150621
0.149289
0.146567
0.142717
0.137919
0.13231
0.126032
0.119238
0.112083
0.104722
0.0973011
0.0899477
0.0827713
0.075855
0.0692717
0.148114
0.1467
0.143829
0.139799
0.134827
0.129075
0.122706
0.115885
0.108773
0.101523
0.0942726
0.0871404
0.0802232
0.0735929
0.0673102
0.145729
0.144243
0.141245
0.137063
0.131946
0.126083
0.119653
0.11283
0.105778
0.0986475
0.0915679
0.0846482
0.0779745
0.0716082
0.0655994
0.143512
0.141962
0.138858
0.13455
0.129317
0.123372
0.116905
0.110099
0.103118
0.0961081
0.0891931
0.0824722
0.0760216
0.0698941
0.06413
0.141509
0.139907
0.136716
0.132306
0.126984
0.12098
0.114496
0.107718
0.100812
0.0939199
0.0871573
0.080616
0.0743638
0.0684462
0.0628954
0.139776
0.13813
0.134872
0.130384
0.124996
0.118952
0.112464
0.105721
0.0988876
0.0921015
0.0854732
0.079087
0.0730041
0.0672638
0.0618921
0.138372
0.136692
0.133384
0.12884
0.123405
0.117336
0.110852
0.104144
0.097374
0.0906772
0.0841589
0.0778982
0.0719507
0.0663513
0.0611209
0.137362
0.135659
0.132318
0.127737
0.122271
0.11619
0.109712
0.103032
0.0963104
0.0896793
0.0832408
0.0770701
0.0712191
0.0657199
0.0605903
0.136821
0.135101
0.131745
0.127145
0.121665
0.115577
0.109105
0.102441
0.0957461
0.0891511
0.0827558
0.0766334
0.0708339
0.0653873
0.0603095
0.209407
0.211232
0.215401
0.221127
0.228353
0.2369
0.246604
0.257378
0.269109
0.281689
0.295001
0.308925
0.323325
0.338084
0.352998
0.209326
0.211147
0.215308
0.221023
0.228235
0.236758
0.246433
0.25717
0.268854
0.281376
0.294616
0.308453
0.32275
0.33739
0.352155
0.209165
0.210978
0.215124
0.220816
0.227999
0.236473
0.246093
0.256755
0.268346
0.280751
0.293847
0.307511
0.3216
0.336003
0.35047
0.208923
0.210725
0.214848
0.220507
0.227645
0.236049
0.245583
0.256135
0.267585
0.279816
0.292697
0.306102
0.319881
0.333929
0.34795
0.208601
0.210389
0.214481
0.220095
0.227173
0.235486
0.244906
0.255312
0.266575
0.278573
0.291168
0.30423
0.317596
0.331175
0.344603
0.208201
0.209971
0.214026
0.219584
0.226586
0.234786
0.244065
0.254287
0.265318
0.277027
0.289266
0.3019
0.314754
0.327749
0.34044
0.207725
0.209474
0.213484
0.218975
0.225885
0.233952
0.243062
0.253066
0.26382
0.275183
0.286997
0.299121
0.311361
0.323662
0.335474
0.207172
0.208898
0.212857
0.21827
0.225072
0.232988
0.241901
0.251652
0.262083
0.273046
0.284366
0.295899
0.307428
0.318928
0.329724
0.206546
0.208247
0.212147
0.217465
0.224151
0.231896
0.240586
0.25005
0.260115
0.270623
0.281382
0.292244
0.302967
0.313561
0.323207
0.205848
0.207523
0.211359
0.216574
0.223122
0.23068
0.239122
0.248265
0.257921
0.267921
0.278053
0.288166
0.297989
0.307579
0.315945
0.205081
0.206728
0.210496
0.215657
0.221992
0.229345
0.237514
0.246302
0.255508
0.264947
0.274388
0.283677
0.292508
0.300998
0.307961
0.204247
0.205865
0.209555
0.214579
0.220765
0.227896
0.235766
0.244169
0.252883
0.26171
0.270397
0.278789
0.286539
0.293838
0.29928
0.203348
0.204937
0.208535
0.213441
0.219447
0.226336
0.233885
0.241871
0.250053
0.258219
0.26609
0.273514
0.280096
0.286118
0.289926
0.202387
0.203948
0.207472
0.212227
0.218044
0.224673
0.231876
0.239415
0.247028
0.254484
0.261479
0.267865
0.273195
0.277857
0.279921
0.201367
0.2029
0.206358
0.210941
0.216557
0.22291
0.229747
0.236811
0.243817
0.250516
0.256579
0.261858
0.265857
0.269079
0.269292
0.200291
0.201792
0.205145
0.209587
0.214991
0.221052
0.2275
0.23406
0.240423
0.24632
0.251395
0.255501
0.258089
0.259791
0.258048
0.199162
0.200647
0.203882
0.208168
0.213346
0.219096
0.225132
0.231157
0.236836
0.241879
0.245904
0.248763
0.249857
0.249946
0.246147
0.197985
0.199452
0.202581
0.206708
0.211655
0.217087
0.222698
0.228167
0.233136
0.237287
0.240213
0.241761
0.241287
0.239677
0.23371
0.196762
0.198215
0.201256
0.205235
0.209967
0.2151
0.220311
0.225253
0.229541
0.232828
0.234679
0.234925
0.232876
0.229525
0.221345
0.195489
0.19689
0.199789
0.203557
0.207997
0.212746
0.217461
0.221771
0.225266
0.227575
0.228236
0.227062
0.223288
0.217972
0.207167
0.195489
0.19689
0.199789
0.203557
0.207997
0.212746
0.217461
0.221771
0.225266
0.227575
0.228236
0.227061
0.223288
0.217972
0.207167
0.196762
0.198215
0.201255
0.205235
0.209967
0.2151
0.220311
0.225253
0.22954
0.232828
0.234679
0.234925
0.232876
0.229525
0.221345
0.197985
0.199452
0.202581
0.206708
0.211655
0.217087
0.222698
0.228167
0.233135
0.237287
0.240213
0.241761
0.241287
0.239676
0.23371
0.199162
0.200647
0.203882
0.208168
0.213346
0.219096
0.225132
0.231157
0.236836
0.241879
0.245904
0.248763
0.249857
0.249946
0.246147
0.200291
0.201792
0.205145
0.209587
0.214991
0.221052
0.2275
0.23406
0.240423
0.24632
0.251395
0.255501
0.258089
0.259791
0.258048
0.201367
0.2029
0.206358
0.210941
0.216557
0.22291
0.229747
0.236811
0.243817
0.250516
0.256579
0.261858
0.265857
0.269079
0.269291
0.202387
0.203948
0.207472
0.212227
0.218044
0.224673
0.231876
0.239415
0.247028
0.254484
0.261479
0.267864
0.273195
0.277857
0.279921
0.203348
0.204937
0.208535
0.213441
0.219447
0.226336
0.233885
0.241871
0.250053
0.258219
0.26609
0.273514
0.280096
0.286118
0.289926
0.204246
0.205865
0.209555
0.214579
0.220764
0.227896
0.235766
0.244169
0.252883
0.26171
0.270397
0.278789
0.286539
0.293838
0.29928
0.205081
0.206728
0.210496
0.215657
0.221992
0.229345
0.237514
0.246302
0.255508
0.264947
0.274388
0.283677
0.292508
0.300998
0.307961
0.205848
0.207523
0.211359
0.216574
0.223122
0.23068
0.239122
0.248265
0.257921
0.267921
0.278053
0.288166
0.297989
0.307579
0.315945
0.206546
0.208247
0.212147
0.217465
0.224151
0.231896
0.240586
0.25005
0.260115
0.270623
0.281382
0.292244
0.302967
0.313561
0.323207
0.207172
0.208898
0.212857
0.21827
0.225072
0.232988
0.241901
0.251652
0.262083
0.273046
0.284366
0.295899
0.307428
0.318928
0.329724
0.207725
0.209474
0.213484
0.218975
0.225885
0.233952
0.243062
0.253066
0.26382
0.275183
0.286997
0.299121
0.311361
0.323662
0.335474
0.208201
0.209971
0.214026
0.219584
0.226586
0.234786
0.244065
0.254287
0.265318
0.277027
0.289266
0.3019
0.314754
0.327749
0.340439
0.208601
0.210389
0.214481
0.220095
0.227173
0.235486
0.244906
0.255311
0.266575
0.278573
0.291168
0.30423
0.317596
0.331175
0.344603
0.208923
0.210725
0.214848
0.220507
0.227645
0.236049
0.245583
0.256135
0.267585
0.279816
0.292697
0.306102
0.319881
0.333929
0.34795
0.209165
0.210978
0.215124
0.220816
0.227999
0.236473
0.246093
0.256755
0.268346
0.280751
0.293847
0.307511
0.3216
0.336003
0.35047
0.209326
0.211147
0.215308
0.221023
0.228235
0.236758
0.246433
0.25717
0.268854
0.281376
0.294616
0.308453
0.32275
0.33739
0.352155
0.209407
0.211232
0.215401
0.221127
0.228353
0.2369
0.246604
0.257378
0.269109
0.281689
0.295001
0.308925
0.323325
0.338084
0.352998
0.13682
0.135101
0.131744
0.127145
0.121665
0.115577
0.109105
0.102441
0.095746
0.0891509
0.0827557
0.0766333
0.0708337
0.0653872
0.0603093
0.137362
0.135659
0.132318
0.127737
0.122271
0.116189
0.109712
0.103032
0.0963102
0.0896792
0.0832407
0.0770699
0.071219
0.0657197
0.0605901
0.138372
0.136692
0.133384
0.12884
0.123405
0.117336
0.110852
0.104144
0.0973738
0.090677
0.0841588
0.077898
0.0719505
0.0663512
0.0611207
0.139776
0.13813
0.134871
0.130384
0.124996
0.118952
0.112464
0.105721
0.0988874
0.0921013
0.085473
0.0790868
0.0730039
0.0672637
0.0618919
0.141509
0.139906
0.136716
0.132306
0.126984
0.12098
0.114496
0.107718
0.100812
0.0939198
0.0871572
0.0806158
0.0743636
0.068446
0.0628952
0.143512
0.141962
0.138858
0.13455
0.129317
0.123372
0.116905
0.110098
0.103118
0.096108
0.089193
0.082472
0.0760214
0.0698939
0.0641299
0.145729
0.144243
0.141245
0.137063
0.131946
0.126083
0.119653
0.11283
0.105778
0.0986473
0.0915677
0.084648
0.0779743
0.071608
0.0655992
0.148113
0.1467
0.143829
0.139799
0.134826
0.129075
0.122706
0.115885
0.108773
0.101523
0.0942725
0.0871402
0.0802231
0.0735927
0.0673101
0.150621
0.149289
0.146567
0.142717
0.137919
0.13231
0.126032
0.119238
0.112083
0.104722
0.0973009
0.0899476
0.0827711
0.0758549
0.0692715
0.153212
0.151973
0.149418
0.145776
0.141186
0.135755
0.129602
0.122864
0.11569
0.108234
0.100648
0.0930707
0.0856235
0.0784034
0.0714946
0.155853
0.154714
0.152349
0.148941
0.144592
0.139376
0.133386
0.126741
0.119577
0.112048
0.104309
0.0965107
0.0887864
0.0812483
0.0739912
0.158513
0.157484
0.155326
0.15218
0.148106
0.143144
0.137358
0.130844
0.123727
0.116152
0.10828
0.100269
0.0922659
0.0844
0.0767741
0.161168
0.160255
0.158322
0.155463
0.151697
0.147028
0.14149
0.135151
0.12812
0.120535
0.112555
0.104346
0.0960679
0.0878693
0.0798561
0.163794
0.163003
0.161311
0.158763
0.155336
0.151
0.145753
0.139638
0.132739
0.125183
0.117126
0.108741
0.100197
0.0916661
0.0832496
0.166373
0.16571
0.164273
0.162055
0.158998
0.155033
0.150123
0.14428
0.137562
0.130081
0.121985
0.113451
0.104658
0.0957997
0.0869662
0.168889
0.168358
0.167187
0.165318
0.162658
0.1591
0.154572
0.149051
0.142567
0.135212
0.12712
0.118473
0.109451
0.100278
0.0910161
0.17133
0.170933
0.170039
0.168534
0.166294
0.163177
0.159074
0.153927
0.147732
0.140557
0.132519
0.123799
0.114575
0.105106
0.0954077
0.173686
0.173426
0.172813
0.171685
0.169887
0.167242
0.163605
0.158881
0.153031
0.146095
0.138166
0.12942
0.120028
0.110289
0.100148
0.175949
0.175826
0.175501
0.174758
0.173418
0.171272
0.168139
0.163887
0.15844
0.151803
0.144042
0.135325
0.125803
0.115828
0.105239
0.178114
0.178128
0.178092
0.17774
0.176872
0.175248
0.172654
0.168921
0.163931
0.157657
0.150127
0.141498
0.131892
0.12172
0.110683
0.180177
0.180327
0.18058
0.180622
0.180236
0.179152
0.177127
0.173955
0.169478
0.163631
0.156398
0.147922
0.138283
0.127964
0.116476
0.182137
0.182421
0.182961
0.183396
0.183497
0.182969
0.181539
0.178968
0.175056
0.169698
0.162832
0.154579
0.144962
0.13455
0.122612
0.183993
0.184408
0.185231
0.186056
0.186647
0.186684
0.18587
0.183935
0.180636
0.17583
0.1694
0.161445
0.151911
0.14147
0.12908
0.185745
0.186288
0.187388
0.188599
0.189678
0.190286
0.190105
0.188834
0.186194
0.181999
0.176076
0.168495
0.159112
0.148707
0.135862
0.187395
0.188062
0.189433
0.191023
0.192586
0.193766
0.194228
0.193647
0.191705
0.188178
0.182834
0.17571
0.166551
0.156253
0.142944
0.188946
0.189733
0.191366
0.193326
0.195367
0.197119
0.198233
0.198361
0.197155
0.194351
0.18966
0.18308
0.174236
0.164132
0.150348
0.1904
0.191302
0.19319
0.19551
0.198018
0.200337
0.202105
0.202957
0.202517
0.200484
0.196515
0.190566
0.182137
0.172321
0.15807
0.191759
0.19277
0.194898
0.197562
0.200521
0.203389
0.205797
0.207364
0.207689
0.206438
0.20322
0.197941
0.189983
0.180466
0.165679
0.193027
0.194136
0.196488
0.199473
0.202856
0.206242
0.209258
0.211509
0.212571
0.212079
0.209599
0.204983
0.197525
0.18821
0.172462
0.19422
0.195441
0.198021
0.201334
0.205154
0.20909
0.212773
0.215806
0.217756
0.218238
0.216787
0.213213
0.206775
0.198325
0.181852
0.0563652
0.0533911
0.0503852
0.047351
0.0442891
0.0412022
0.0380942
0.0349691
0.0318308
0.0286834
0.0255308
0.0223772
0.0192267
0.0160836
0.012952
0.00983623
0.00674022
0.00366863
0.000629195
-0.00238202
0.0566124
0.0536321
0.0506221
0.0475827
0.0445117
0.0414111
0.0382851
0.0351377
0.0319729
0.0287949
0.0256078
0.0224162
0.0192245
0.0160373
0.0128591
0.00969476
0.00654869
0.00342539
0.0003286
-0.00273649
0.0570585
0.0540246
0.0509658
0.0478791
0.0447579
0.0416035
0.038421
0.0352149
0.0319894
0.0287488
0.0254976
0.0222404
0.0189819
0.0157269
0.0124802
0.00924684
0.00603154
0.00283972
-0.000323141
-0.00345514
0.0577065
0.054584
0.0514451
0.0482831
0.0450845
0.0418497
0.0385844
0.0352937
0.031982
0.0286537
0.0253134
0.0219659
0.0186162
0.0152692
0.0119301
0.00860404
0.00529604
0.00201166
-0.00124505
-0.00446953
0.0585507
0.0553049
0.0520538
0.0487872
0.045483
0.0421396
0.0387639
0.0353617
0.0319376
0.028496
0.0250416
0.0215796
0.0181149
0.0146528
0.0111987
0.00775769
0.00433528
0.000937484
-0.00243182
-0.00576804
0.0595958
0.0561943
0.0528001
0.0494011
0.0459644
0.042486
0.0389739
0.0354349
0.0318737
0.0282946
0.0247027
0.0211031
0.017501
0.0139019
0.0103113
0.00673447
0.00317713
-0.00035433
-0.00385678
-0.00732477
0.0608496
0.0572607
0.0536924
0.050133
0.0465371
0.0428974
0.0392232
0.0355223
0.0317994
0.0280592
0.0243064
0.0205465
0.0167849
0.0130272
0.00927884
0.00554555
0.00183302
-0.00185179
-0.00550656
-0.00912529
0.0623233
0.0585158
0.0547415
0.0509936
0.0472118
0.0433844
0.0395223
0.0356343
0.0317254
0.0278001
0.0238633
0.0199206
0.0159775
0.0120397
0.0081129
0.00420276
0.00031517
-0.00354228
-0.00736843
-0.0111566
0.0640306
0.0599732
0.0559598
0.0519944
0.0479994
0.0439577
0.0398814
0.0357809
0.0316613
0.0275269
0.0233829
0.0192347
0.015088
0.0109487
0.00682251
0.0027152
-0.00136725
-0.00541643
-0.00943272
-0.0134088
0.0659868
0.0616477
0.0573607
0.0531479
0.048912
0.0446284
0.0403111
0.0359721
0.0316166
0.0272488
0.0228737
0.018497
0.0141245
0.00976198
0.00541539
0.00109052
-0.0032066
-0.00746647
-0.0116916
-0.0158737
0.0682087
0.0635553
0.0589584
0.0544672
0.0499616
0.0454079
0.0408221
0.0362179
0.0316006
0.0269743
0.0223439
0.0177152
0.0130941
0.00848644
0.00389817
-0.000664873
-0.00519666
-0.00968607
-0.0141386
-0.0185451
0.0707137
0.0657124
0.0607674
0.0559657
0.051161
0.046308
0.041425
0.0365279
0.0316224
0.0267118
0.0218012
0.0168965
0.0120035
0.00712819
0.00227653
-0.00254562
-0.00733233
-0.01207
-0.0167686
-0.0214176
0.0735199
0.0681355
0.0628023
0.0576573
0.0525229
0.0473404
0.0421305
0.0369122
0.0316908
0.0264695
0.0212531
0.0160475
0.0108587
0.0056927
0.000555449
-0.00454723
-0.00960968
-0.0146141
-0.0195775
-0.0244871
0.0766449
0.0708407
0.0650776
0.0595557
0.0540604
0.0485168
0.0429494
0.0373804
0.0318148
0.0262552
0.0207065
0.0151746
0.00966548
0.0041851
-0.00126047
-0.00666562
-0.0120255
-0.0173145
-0.0225616
-0.0277503
0.080106
0.0738438
0.0676076
0.0616747
0.0557863
0.049849
0.0438924
0.0379422
0.0320031
0.0260769
0.0201685
0.0142839
0.00842916
0.0026101
-0.00316704
-0.00889639
-0.0145742
-0.0201661
-0.025717
-0.0312038
0.0839195
0.077159
0.0704057
0.0640278
0.0577133
0.0513485
0.04497
0.0386073
0.0322643
0.0259421
0.0196457
0.0133814
0.00715508
0.000972224
-0.00516241
-0.0112491
-0.0172941
-0.0231874
-0.0290517
-0.0348497
0.0881004
0.0807995
0.0734846
0.066628
0.0598538
0.0530268
0.0461926
0.0393851
0.0326069
0.0258583
0.0191448
0.0124729
0.00584914
-0.000720105
-0.00722767
-0.0136627
-0.0200033
-0.0263344
-0.0325578
-0.0386824
0.0926618
0.0847763
0.076856
0.0694879
0.0622197
0.0548948
0.0475706
0.0402852
0.0330393
0.0258327
0.0186714
0.0115622
0.00451179
-0.0024735
-0.00938737
-0.0162226
-0.0229587
-0.0296517
-0.0362303
-0.0427007
0.0976145
0.0890982
0.08053
0.0726191
0.0648223
0.056963
0.0491141
0.041317
0.0335702
0.0258731
0.0182323
0.0106554
0.00314892
-0.00428039
-0.0116261
-0.0188813
-0.0260238
-0.0331043
-0.0400631
-0.0469012
0.102966
0.0937713
0.0845152
0.0760323
0.0676717
0.0592414
0.0508329
0.0424899
0.0342081
0.025987
0.0178345
0.00975843
0.00176582
-0.00613611
-0.0139404
-0.0216403
-0.0292107
-0.0367027
-0.0440622
-0.0512857
0.108722
0.0987982
0.0888184
0.0797366
0.0707772
0.0617393
0.0527365
0.0438131
0.0349614
0.0261823
0.0174846
0.00887703
0.00036707
-0.00803733
-0.0163285
-0.0245
-0.0325205
-0.0404478
-0.048228
-0.0558545
0.114882
0.104178
0.0934442
0.0837397
0.0741462
0.0644648
0.0548339
0.0452952
0.0358385
0.0264664
0.0171894
0.00801692
-0.00104271
-0.00998059
-0.018788
-0.0274593
-0.0359525
-0.044339
-0.0525611
-0.0606085
0.121441
0.109904
0.0983949
0.0880471
0.0777846
0.0674252
0.0571331
0.0469444
0.036847
0.0268465
0.0169553
0.00718362
-0.00245902
-0.0119625
-0.021317
-0.0305185
-0.0395066
-0.0483771
-0.0570626
-0.0655491
0.128385
0.115964
0.10367
0.0926619
0.0816961
0.0706268
0.0596419
0.0487686
0.0379948
0.02733
0.0167888
0.00638259
-0.00387753
-0.0139799
-0.023912
-0.033674
-0.0431797
-0.0525616
-0.0617335
-0.0706778
0.135688
0.122337
0.109267
0.0975856
0.0858842
0.0740767
0.0623685
0.0507762
0.0392899
0.0279244
0.0166965
0.00561951
-0.00529368
-0.0160296
-0.0265745
-0.0369337
-0.046979
-0.0568964
-0.0665762
-0.0759969
0.14332
0.128992
0.115176
0.102807
0.09034
0.0777709
0.0653111
0.052966
0.0407319
0.0286294
0.016678
0.00489394
-0.00670665
-0.0181096
-0.0293269
-0.0404475
-0.0509525
-0.0613983
-0.0715961
-0.0815092
0.151221
0.135887
0.121371
0.108292
0.0950335
0.0816859
0.0684494
0.0553212
0.0423069
0.029433
0.0167224
0.00419543
-0.00812678
-0.0202202
-0.0320447
-0.0434506
-0.0549893
-0.0660607
-0.0767926
-0.0872155
0.159267
0.143088
0.127985
0.11417
0.100094
0.0859453
0.0718962
0.0579437
0.0441057
0.0304145
0.0168974
0.00357929
-0.00951454
-0.0223577
-0.0349319
-0.0471328
-0.0592007
-0.0708533
-0.0821532
-0.0931071
0.167034
0.150616
0.135176
0.120626
0.105727
0.0907452
0.075831
0.060997
0.0462764
0.0317082
0.017325
0.0031565
-0.0107689
-0.024423
-0.037786
-0.050716
-0.0634311
-0.07573
-0.0876411
-0.0991609
0.172124
0.155896
0.140483
0.125407
0.109919
0.0942953
0.0786762
0.0631031
0.047626
0.0322931
0.0171449
0.00221719
-0.0124584
-0.0268535
-0.0409422
-0.0545628
-0.0679236
-0.0808578
-0.0933712
-0.105459
-0.00535964
-0.00829754
-0.0111917
-0.014039
-0.0168363
-0.0195804
-0.0222684
-0.0248973
-0.0274647
-0.0299679
-0.0324047
-0.0347731
-0.0370711
-0.039297
-0.0414493
-0.0435267
-0.0455279
-0.0474521
-0.0492981
-0.0510658
-0.00576523
-0.00875348
-0.0116974
-0.014593
-0.0174368
-0.0202252
-0.0229549
-0.0256227
-0.028226
-0.0307619
-0.0332281
-0.0356225
-0.0379431
-0.0401882
-0.0423564
-0.0444464
-0.0464573
-0.0483883
-0.0502379
-0.0520072
-0.00655109
-0.00960571
-0.0126146
-0.0155738
-0.0184794
-0.0213277
-0.0241154
-0.0268393
-0.0294963
-0.0320838
-0.0345994
-0.0370408
-0.0394062
-0.0416939
-0.0439025
-0.046031
-0.0480784
-0.0500441
-0.0519254
-0.0537259
-0.00765642
-0.0108007
-0.0138978
-0.0169437
-0.0199343
-0.0228657
-0.0257344
-0.028537
-0.0312706
-0.0339322
-0.0365195
-0.0390302
-0.0414624
-0.0438145
-0.0460851
-0.0482732
-0.0503782
-0.052399
-0.0543316
-0.056182
-0.0090655
-0.0123189
-0.0155237
-0.0186754
-0.02177
-0.0248034
-0.0277719
-0.0306722
-0.0335011
-0.0362557
-0.0389337
-0.0415327
-0.0440508
-0.0464865
-0.0488384
-0.0511056
-0.0532876
-0.0553834
-0.0573867
-0.0593061
-0.0107524
-0.0141342
-0.0174656
-0.0207421
-0.0239594
-0.0271133
-0.0302002
-0.0332166
-0.0361593
-0.0390254
-0.0418125
-0.0445182
-0.0471407
-0.0496785
-0.0521302
-0.0544951
-0.0567727
-0.058962
-0.061054
-0.0630591
-0.0127018
-0.0162305
-0.0197067
-0.0231259
-0.0264837
-0.0297759
-0.0329988
-0.0361487
-0.0392226
-0.0422175
-0.045131
-0.0479607
-0.050705
-0.0533622
-0.0559311
-0.058411
-0.0608016
-0.0631021
-0.0653001
-0.0674062
-0.0149002
-0.0185939
-0.0222327
-0.025812
-0.0293276
-0.0327751
-0.0361508
-0.0394511
-0.0426728
-0.0458131
-0.0488696
-0.05184
-0.0547225
-0.0575157
-0.0602185
-0.06283
-0.0653504
-0.0677789
-0.0700994
-0.0723206
-0.0173376
-0.0212137
-0.0250324
-0.0287889
-0.0324789
-0.0360982
-0.039643
-0.0431098
-0.0464954
-0.0497971
-0.0530124
-0.0561393
-0.059176
-0.0621211
-0.0649736
-0.0677327
-0.0703988
-0.0729715
-0.0754307
-0.07778
-0.0200055
-0.0240815
-0.0280969
-0.0320472
-0.0359279
-0.039735
-0.0434646
-0.0471134
-0.0506783
-0.0541566
-0.057546
-0.0608445
-0.0640504
-0.0671627
-0.0701802
-0.0731023
-0.0759295
-0.0786621
-0.0812757
-0.0837655
-0.0228975
-0.0271903
-0.031419
-0.0355792
-0.0396664
-0.0436766
-0.0476062
-0.0514518
-0.0552107
-0.0588801
-0.062458
-0.0659426
-0.0693323
-0.0726262
-0.0758234
-0.0789234
-0.0819268
-0.0848346
-0.0876188
-0.0902613
-0.026008
-0.0305345
-0.0349928
-0.0393785
-0.0436873
-0.0479155
-0.0520594
-0.056116
-0.0600826
-0.0639569
-0.067737
-0.0714212
-0.0750084
-0.0784979
-0.0818889
-0.0851812
-0.0883756
-0.0914742
-0.0944457
-0.0972549
-0.0293328
-0.0341095
-0.038813
-0.0434394
-0.0479845
-0.0524445
-0.0568164
-0.0610971
-0.0652844
-0.0693762
-0.073371
-0.0772675
-0.0810651
-0.0847631
-0.0883616
-0.0918603
-0.0952608
-0.0985661
-0.101743
-0.104737
-0.0328684
-0.0379113
-0.0428754
-0.0477569
-0.052552
-0.0572571
-0.0618693
-0.0663863
-0.0708059
-0.0751267
-0.0793475
-0.0834678
-0.0874873
-0.0914061
-0.0952248
-0.0989441
-0.102566
-0.106095
-0.109499
-0.112702
-0.0366116
-0.0419364
-0.0471759
-0.0523264
-0.0573843
-0.0623465
-0.0672104
-0.0719743
-0.0766364
-0.081196
-0.0856526
-0.0900064
-0.094258
-0.0984086
-0.10246
-0.106413
-0.110271
-0.114041
-0.117697
-0.121146
-0.0405614
-0.0461829
-0.0517115
-0.0571436
-0.062476
-0.067706
-0.0728315
-0.0778512
-0.0827642
-0.0875706
-0.0922707
-0.0968658
-0.101358
-0.105749
-0.110043
-0.114243
-0.118354
-0.122385
-0.126318
-0.130063
-0.0447134
-0.0506469
-0.0564783
-0.0622041
-0.0678217
-0.0733287
-0.0787239
-0.0840066
-0.0891767
-0.0942353
-0.0991842
-0.104026
-0.108764
-0.113403
-0.117949
-0.122407
-0.126786
-0.131095
-0.135334
-0.139444
-0.0490678
-0.0553272
-0.0614738
-0.0675042
-0.0734161
-0.079208
-0.084879
-0.0904294
-0.0958603
-0.101174
-0.106374
-0.111464
-0.116451
-0.121341
-0.126144
-0.130869
-0.135528
-0.140135
-0.144707
-0.149271
-0.0536219
-0.0602214
-0.0666951
-0.07304
-0.0792543
-0.0853369
-0.0912879
-0.0971083
-0.102801
-0.108369
-0.113818
-0.119154
-0.124388
-0.129528
-0.134589
-0.139585
-0.144536
-0.149457
-0.154381
-0.159512
-0.0583756
-0.0653286
-0.0721406
-0.0788089
-0.0853319
-0.0917092
-0.0979417
-0.104032
-0.109983
-0.1158
-0.121492
-0.127069
-0.132541
-0.137926
-0.14324
-0.148506
-0.153752
-0.158998
-0.164286
-0.170119
-0.0633291
-0.0706486
-0.0778094
-0.0848086
-0.091645
-0.098319
-0.104832
-0.111187
-0.11739
-0.123449
-0.129373
-0.135175
-0.140873
-0.146487
-0.152042
-0.157568
-0.163107
-0.168684
-0.174336
-0.181029
-0.068483
-0.0761818
-0.0837007
-0.0910372
-0.0981903
-0.105161
-0.11195
-0.118564
-0.125008
-0.131293
-0.137431
-0.14344
-0.149341
-0.155161
-0.160935
-0.166701
-0.172518
-0.178422
-0.184421
-0.19216
-0.0738389
-0.0819289
-0.0898148
-0.0974937
-0.104965
-0.112228
-0.119287
-0.126148
-0.132817
-0.139308
-0.145637
-0.151824
-0.157899
-0.163894
-0.169854
-0.175831
-0.181902
-0.188118
-0.194427
-0.203418
-0.0793982
-0.0878913
-0.0961521
-0.104177
-0.111965
-0.119517
-0.126835
-0.133926
-0.140799
-0.147469
-0.153954
-0.160282
-0.166485
-0.17261
-0.178712
-0.18486
-0.191155
-0.197669
-0.204247
-0.21472
-0.0851629
-0.0940704
-0.102713
-0.111087
-0.11919
-0.127022
-0.134586
-0.141889
-0.14894
-0.155755
-0.162356
-0.168774
-0.175049
-0.181236
-0.187406
-0.193652
-0.20011
-0.206888
-0.213723
-0.225964
-0.0911352
-0.100467
-0.109497
-0.118221
-0.126635
-0.134738
-0.142533
-0.150027
-0.157228
-0.164156
-0.170832
-0.177293
-0.183583
-0.189766
-0.195925
-0.202168
-0.208672
-0.215591
-0.222619
-0.236915
-0.0973144
-0.107078
-0.116498
-0.125567
-0.134282
-0.14264
-0.150643
-0.158296
-0.165611
-0.172606
-0.17931
-0.185763
-0.19202
-0.198157
-0.204274
-0.210499
-0.217033
-0.224039
-0.231205
-0.247583
-0.103693
-0.113895
-0.123705
-0.133112
-0.142109
-0.150691
-0.158858
-0.166612
-0.173965
-0.180934
-0.187552
-0.193869
-0.199956
-0.205918
-0.211898
-0.21809
-0.224777
-0.23216
-0.24003
-0.258463
-0.110265
-0.120933
-0.131152
-0.14091
-0.150193
-0.158993
-0.167301
-0.175115
-0.182435
-0.189274
-0.195657
-0.20163
-0.20727
-0.212699
-0.2181
-0.223746
-0.230046
-0.237418
-0.246282
-0.266281
-0.117096
-0.128259
-0.138934
-0.149105
-0.158757
-0.167877
-0.176451
-0.184468
-0.19192
-0.198804
-0.205125
-0.210901
-0.216173
-0.221012
-0.225538
-0.229944
-0.234529
-0.239637
-0.246274
-0.262051
-0.0531279
-0.0554496
-0.0576848
-0.0598118
-0.0618077
-0.0636452
-0.0652941
-0.0667226
-0.0678984
-0.0687886
-0.0693605
-0.0695824
-0.0694242
-0.0688578
-0.0678594
-0.0664092
-0.0644935
-0.062105
-0.0592433
-0.0559184
-0.0521434
-0.0479543
-0.0433636
-0.0384667
-0.0332013
-0.0278659
-0.0220148
-0.0167337
-0.00997848
-0.00582806
-0.0541087
-0.0564443
-0.058668
-0.0607804
-0.0627625
-0.0645836
-0.0662112
-0.0676132
-0.0687577
-0.0696121
-0.0701436
-0.0703209
-0.070114
-0.0694957
-0.0684423
-0.0669352
-0.0649611
-0.0625138
-0.0595936
-0.0562116
-0.0523816
-0.0481418
-0.0435028
-0.0385675
-0.0332608
-0.0279102
-0.0220144
-0.0167657
-0.00992659
-0.00589979
-0.055926
-0.0582981
-0.0605053
-0.062594
-0.0645526
-0.066344
-0.0679317
-0.0692838
-0.0703691
-0.0711554
-0.0716104
-0.0717031
-0.0714042
-0.0706875
-0.0695307
-0.0679163
-0.0658325
-0.0632747
-0.0602449
-0.0567562
-0.0528237
-0.0484885
-0.0437609
-0.0387508
-0.033374
-0.0279815
-0.0220292
-0.0167946
-0.0098834
-0.00598255
-0.0585236
-0.0609424
-0.0631219
-0.0651735
-0.0670958
-0.0688417
-0.0703697
-0.0716481
-0.0726467
-0.0733338
-0.0736779
-0.0736485
-0.0732176
-0.0723604
-0.0710562
-0.0692894
-0.0670503
-0.0643364
-0.0611521
-0.057513
-0.0534364
-0.0489674
-0.044116
-0.0390006
-0.0335274
-0.0280738
-0.022049
-0.0168245
-0.00983411
-0.00607473
-0.0618315
-0.0643058
-0.0664455
-0.0684466
-0.070319
-0.0720031
-0.0734511
-0.0746316
-0.0755162
-0.076074
-0.0762743
-0.0760875
-0.0754871
-0.0744503
-0.0729585
-0.0709985
-0.0685629
-0.0656523
-0.0622736
-0.0584461
-0.0541893
-0.049553
-0.0445476
-0.039301
-0.0337087
-0.0281787
-0.0220672
-0.0168519
-0.00977314
-0.00617463
-0.065806
-0.0683396
-0.0704239
-0.0723585
-0.0741655
-0.0757692
-0.0771148
-0.0781722
-0.0789149
-0.0793131
-0.079337
-0.0789585
-0.0781531
-0.0769001
-0.0751836
-0.072993
-0.070324
-0.0671804
-0.0635723
-0.0595228
-0.0550544
-0.0502221
-0.0450367
-0.039637
-0.0339069
-0.0282874
-0.0220782
-0.016871
-0.00969892
-0.00627791
-0.0704097
-0.0730023
-0.0750124
-0.0768622
-0.0785858
-0.0800882
-0.0813073
-0.0822148
-0.0827866
-0.0829946
-0.08281
-0.0822065
-0.081162
-0.0796584
-0.0776826
-0.0752274
-0.0722916
-0.0688826
-0.0650143
-0.0607137
-0.0560066
-0.0509538
-0.0455666
-0.0399951
-0.0341119
-0.0283919
-0.022077
-0.0168765
-0.00961032
-0.00637905
-0.0756133
-0.0782598
-0.0801731
-0.0819171
-0.0835365
-0.084914
-0.0859801
-0.0867094
-0.0870808
-0.0870674
-0.0866422
-0.0857811
-0.0844648
-0.0826781
-0.0804113
-0.0776603
-0.0744278
-0.0707248
-0.0665692
-0.0619922
-0.0570234
-0.0517292
-0.0461219
-0.0403633
-0.0343146
-0.028485
-0.0220595
-0.0168632
-0.00950662
-0.00647172
-0.081392
-0.0840822
-0.0858719
-0.0874859
-0.0889776
-0.0902039
-0.0910882
-0.0916091
-0.0917492
-0.0914833
-0.0907858
-0.0896355
-0.0880162
-0.0859161
-0.0833288
-0.0802539
-0.076698
-0.072676
-0.0682096
-0.0633349
-0.0580847
-0.0525318
-0.0466895
-0.0407309
-0.0345076
-0.0285603
-0.0220222
-0.016826
-0.00938786
-0.00654873
-0.0877243
-0.0904418
-0.0920765
-0.0935332
-0.0948708
-0.0959168
-0.0965884
-0.0968694
-0.0967463
-0.0961964
-0.0951954
-0.0937255
-0.0917739
-0.0893322
-0.0863977
-0.0829737
-0.0790708
-0.0747081
-0.0699111
-0.0647204
-0.059173
-0.053347
-0.047258
-0.041089
-0.0346843
-0.0286122
-0.0219628
-0.0167603
-0.00925497
-0.00660205
-0.0945902
-0.0973113
-0.0987546
-0.100024
-0.101178
-0.102012
-0.102438
-0.102447
-0.102029
-0.101163
-0.099828
-0.0980095
-0.0956979
-0.0928888
-0.0895829
-0.0857878
-0.0815176
-0.0767957
-0.0716516
-0.0661302
-0.0602726
-0.0541621
-0.0478174
-0.0414296
-0.0348397
-0.028636
-0.0218797
-0.0166614
-0.00910969
-0.00662304
-0.101969
-0.104661
-0.105872
-0.106921
-0.10786
-0.108448
-0.108594
-0.108297
-0.107552
-0.10634
-0.104642
-0.102447
-0.0997504
-0.0965503
-0.0928519
-0.0886665
-0.084012
-0.0789157
-0.0734112
-0.0675475
-0.0613698
-0.0549662
-0.0483593
-0.0417461
-0.0349695
-0.0286276
-0.0217719
-0.0165252
-0.00895446
-0.0066027
-0.109838
-0.112458
-0.113393
-0.114186
-0.114875
-0.115181
-0.115012
-0.114377
-0.113274
-0.111685
-0.109596
-0.107
-0.103895
-0.100283
-0.0961739
-0.0915822
-0.0865296
-0.0810471
-0.075172
-0.0689572
-0.0624524
-0.0557494
-0.0488765
-0.0420329
-0.0350703
-0.0285836
-0.0216394
-0.0163477
-0.00879226
-0.00653209
-0.118166
-0.120659
-0.121272
-0.121776
-0.122179
-0.122165
-0.121647
-0.120641
-0.119148
-0.117155
-0.11465
-0.111629
-0.108095
-0.104054
-0.0995196
-0.0945088
-0.0890477
-0.0831701
-0.0769175
-0.0703458
-0.0635097
-0.0565031
-0.0493627
-0.042285
-0.0351393
-0.0285011
-0.0214821
-0.0161258
-0.00862637
-0.00640279
-0.126914
-0.129214
-0.129463
-0.129643
-0.129723
-0.129352
-0.12845
-0.127041
-0.125132
-0.122708
-0.119763
-0.116297
-0.112317
-0.107833
-0.102861
-0.0974217
-0.0915447
-0.0852667
-0.0786326
-0.0717009
-0.0645316
-0.0572197
-0.0498122
-0.0424982
-0.0351743
-0.0283778
-0.0213006
-0.0158567
-0.00846012
-0.00620733
-0.136027
-0.138057
-0.137908
-0.137733
-0.137453
-0.136689
-0.13537
-0.133531
-0.131178
-0.128299
-0.124894
-0.120966
-0.116526
-0.111588
-0.10617
-0.100297
-0.0940004
-0.0873196
-0.0803029
-0.0730109
-0.0655093
-0.0578922
-0.0502202
-0.0426687
-0.0351732
-0.0282119
-0.0210953
-0.0155388
-0.00829669
-0.00593968
-0.145432
-0.14711
-0.146542
-0.145987
-0.145311
-0.14412
-0.142356
-0.14006
-0.137239
-0.133885
-0.130002
-0.125599
-0.120689
-0.11529
-0.109422
-0.103112
-0.0963955
-0.0893127
-0.0819153
-0.0742652
-0.0664343
-0.0585142
-0.050582
-0.0427934
-0.0351346
-0.0280022
-0.0208669
-0.015171
-0.00813883
-0.00559563
-0.155037
-0.156285
-0.155295
-0.154342
-0.153236
-0.151588
-0.149354
-0.146577
-0.143267
-0.139421
-0.135047
-0.130159
-0.124773
-0.118908
-0.11259
-0.105846
-0.0987117
-0.0912309
-0.0834575
-0.0754539
-0.0672991
-0.0590801
-0.0508939
-0.0428697
-0.0350572
-0.0277479
-0.0206158
-0.0147533
-0.00798869
-0.00517302
-0.164731
-0.16548
-0.164094
-0.162731
-0.161165
-0.159033
-0.156308
-0.153031
-0.149215
-0.144863
-0.139989
-0.13461
-0.128745
-0.122417
-0.115651
-0.108477
-0.100932
-0.0930603
-0.0849182
-0.0765682
-0.068097
-0.0595848
-0.0511523
-0.0428955
-0.03494
-0.0274491
-0.0203425
-0.0142868
-0.0078477
-0.00467201
-0.174383
-0.174592
-0.172864
-0.171086
-0.169034
-0.166399
-0.163164
-0.159371
-0.155035
-0.150168
-0.144789
-0.138918
-0.132577
-0.12579
-0.118584
-0.110988
-0.103042
-0.0947883
-0.0862875
-0.0776004
-0.068822
-0.0600243
-0.0513547
-0.0428694
-0.0347825
-0.0271064
-0.0200477
-0.0137735
-0.00771647
-0.00409499
-0.183852
-0.183521
-0.181537
-0.179342
-0.176781
-0.173628
-0.16987
-0.165546
-0.160681
-0.155295
-0.14941
-0.14305
-0.13624
-0.129004
-0.121368
-0.113363
-0.105027
-0.0964044
-0.0875569
-0.078544
-0.0694695
-0.0603954
-0.0514991
-0.0427908
-0.0345847
-0.026721
-0.0197319
-0.0132165
-0.00759477
-0.00344661
-0.192987
-0.192178
-0.190052
-0.187438
-0.18435
-0.180668
-0.176375
-0.171511
-0.166111
-0.160205
-0.153818
-0.146979
-0.139711
-0.132038
-0.123987
-0.115587
-0.106877
-0.0979001
-0.08872
-0.0793942
-0.0700362
-0.0606961
-0.0515844
-0.0426599
-0.0343471
-0.0262952
-0.0193959
-0.0126195
-0.00748172
-0.00273342
-0.201639
-0.200498
-0.198365
-0.195323
-0.191691
-0.187471
-0.182634
-0.177221
-0.171286
-0.164865
-0.157987
-0.15068
-0.142969
-0.134877
-0.126428
-0.117651
-0.108584
-0.0992691
-0.0897721
-0.0801478
-0.07052
-0.0609256
-0.0516108
-0.0424779
-0.0340709
-0.0258316
-0.0190404
-0.0119871
-0.00737587
-0.00196352
-0.209664
-0.208453
-0.206449
-0.202953
-0.198762
-0.193998
-0.188604
-0.18264
-0.176174
-0.169247
-0.161892
-0.154136
-0.146001
-0.137509
-0.128683
-0.119548
-0.110144
-0.100508
-0.090711
-0.0808036
-0.0709205
-0.0610844
-0.0515791
-0.0422467
-0.0337575
-0.0253336
-0.0186664
-0.0113248
-0.00727512
-0.00114623
-0.216944
-0.216063
-0.214295
-0.210295
-0.205531
-0.200209
-0.194249
-0.187734
-0.180746
-0.173329
-0.165516
-0.157332
-0.148796
-0.139927
-0.130745
-0.121274
-0.111551
-0.101615
-0.0915353
-0.0813612
-0.071238
-0.0611735
-0.0514907
-0.0419687
-0.0334091
-0.0248049
-0.018275
-0.0106381
-0.00717663
-0.000292152
-0.223375
-0.223395
-0.2219
-0.217318
-0.211961
-0.206066
-0.199531
-0.192471
-0.184976
-0.17709
-0.168843
-0.160256
-0.151344
-0.142123
-0.132609
-0.122826
-0.112806
-0.102588
-0.0922451
-0.0818212
-0.0714737
-0.0611949
-0.0513478
-0.041647
-0.0330282
-0.0242498
-0.0178677
-0.0099331
-0.00707748
0.000587595
-0.229005
-0.230565
-0.229262
-0.224001
-0.218026
-0.211537
-0.204426
-0.196835
-0.188857
-0.180529
-0.171876
-0.162915
-0.153656
-0.144109
-0.134288
-0.124214
-0.113919
-0.10344
-0.0928507
-0.0821935
-0.0716367
-0.061157
-0.0511579
-0.0412886
-0.0326202
-0.023674
-0.0174472
-0.00921577
-0.00697538
0.00148234
-0.234454
-0.237819
-0.236481
-0.230436
-0.223804
-0.216694
-0.209007
-0.200902
-0.192463
-0.183718
-0.174687
-0.165377
-0.155793
-0.145943
-0.135835
-0.125489
-0.114935
-0.104208
-0.0933864
-0.0825075
-0.0717515
-0.06108
-0.0509366
-0.0409058
-0.0321933
-0.0230847
-0.0170163
-0.00849066
-0.00686876
0.00238312
-0.240271
-0.245634
-0.243835
-0.236875
-0.229474
-0.221668
-0.213378
-0.204752
-0.195855
-0.186704
-0.177306
-0.167661
-0.157768
-0.147627
-0.137246
-0.12664
-0.11584
-0.104878
-0.0938344
-0.0827447
-0.0717997
-0.0609471
-0.0506685
-0.0404868
-0.0317371
-0.0224763
-0.0165692
-0.00775903
-0.0067528
0.00328157
-0.245049
-0.253937
-0.250642
-0.24253
-0.234179
-0.225605
-0.216717
-0.207601
-0.198291
-0.188783
-0.179072
-0.169146
-0.158996
-0.14862
-0.13802
-0.12721
-0.116218
-0.105078
-0.0938695
-0.0826272
-0.07155
-0.0605734
-0.0502116
-0.0399309
-0.0311841
-0.0218144
-0.0160851
-0.00703029
-0.00661263
0.00415775
-0.275539
-0.262584
-0.251877
-0.243174
-0.234542
-0.225778
-0.216787
-0.207592
-0.198208
-0.188632
-0.178854
-0.168863
-0.15865
-0.148211
-0.137551
-0.126684
-0.115642
-0.104455
-0.0932091
-0.0819349
-0.0708391
-0.0598426
-0.049493
-0.0391909
-0.030517
-0.0210824
-0.0155645
-0.00629092
-0.00643483
0.00506403
-0.276166
-0.266606
-0.255032
-0.246096
-0.236927
-0.227536
-0.218054
-0.208474
-0.198782
-0.188953
-0.178963
-0.16879
-0.158417
-0.147837
-0.137052
-0.126074
-0.114934
-0.103663
-0.0923467
-0.0810161
-0.0698809
-0.0588563
-0.0485097
-0.0381991
-0.0296013
-0.0201327
-0.0148568
-0.00537006
-0.0062121
0.00613836
-0.277421
-0.267907
-0.255393
-0.246278
-0.236927
-0.227311
-0.217678
-0.207986
-0.1982
-0.18829
-0.178224
-0.167978
-0.157536
-0.14689
-0.136043
-0.125007
-0.113816
-0.102503
-0.0911522
-0.0797993
-0.068656
-0.0576354
-0.04732
-0.0370337
-0.0285375
-0.019067
-0.0140615
-0.00437389
-0.00597786
0.00728386
-0.278667
-0.268717
-0.255481
-0.24611
-0.236589
-0.226804
-0.217061
-0.207291
-0.197438
-0.187466
-0.177341
-0.167038
-0.156538
-0.145836
-0.134936
-0.123853
-0.112619
-0.10127
-0.0898936
-0.0785259
-0.0673817
-0.0563722
-0.0460946
-0.0358392
-0.0274501
-0.0179824
-0.0132526
-0.00336249
-0.00574177
0.00846606
-0.278614
-0.26833
-0.254887
-0.245437
-0.235877
-0.226036
-0.216255
-0.206454
-0.196566
-0.186555
-0.176386
-0.166035
-0.155487
-0.144736
-0.133789
-0.122662
-0.111389
-0.100009
-0.0886101
-0.0772314
-0.0660897
-0.0550949
-0.0448578
-0.0346365
-0.026356
-0.016893
-0.0124392
-0.00234524
-0.00550349
0.00967382
-0.277795
-0.26717
-0.253749
-0.244289
-0.234762
-0.224949
-0.215192
-0.205407
-0.195519
-0.185496
-0.175305
-0.164924
-0.15434
-0.143552
-0.132568
-0.121405
-0.110102
-0.098698
-0.087283
-0.0758996
-0.0647664
-0.0537922
-0.0436004
-0.0334187
-0.0252496
-0.0157959
-0.0116187
-0.00132247
-0.00526196
0.0109002
-0.276279
-0.265389
-0.252191
-0.242789
-0.233345
-0.223616
-0.213926
-0.204187
-0.194324
-0.184308
-0.17411
-0.163712
-0.153105
-0.142289
-0.131276
-0.120087
-0.10876
-0.097339
-0.0859149
-0.0745334
-0.0634148
-0.0524675
-0.042326
-0.0321895
-0.0241347
-0.0146951
-0.0107944
-0.000299419
-0.0050177
0.0121353
-0.27415
-0.26312
-0.250312
-0.241028
-0.231704
-0.2221
-0.212505
-0.202833
-0.193012
-0.183018
-0.172825
-0.16242
-0.151799
-0.140963
-0.129929
-0.11872
-0.107376
-0.095945
-0.0845181
-0.0731446
-0.0620463
-0.0511316
-0.0410449
-0.0309587
-0.0230202
-0.0135992
-0.00997256
0.000715862
-0.0047721
0.0133673
-0.271534
-0.260514
-0.248217
-0.239092
-0.229913
-0.220456
-0.210973
-0.20138
-0.191613
-0.181649
-0.171471
-0.161068
-0.150439
-0.139592
-0.128543
-0.11732
-0.105966
-0.0945301
-0.0831063
-0.0717466
-0.0606738
-0.0497969
-0.0397688
-0.0297373
-0.0219161
-0.0125177
-0.00916069
0.00171445
-0.00452698
0.0145831
-0.268569
-0.257709
-0.246004
-0.237064
-0.228039
-0.21874
-0.209375
-0.199867
-0.190158
-0.180231
-0.170073
-0.159677
-0.149047
-0.138193
-0.127136
-0.115905
-0.104546
-0.093111
-0.0816955
-0.0703546
-0.059312
-0.0484774
-0.0385109
-0.0285375
-0.0208334
-0.011461
-0.00836677
0.00268667
-0.00428462
0.0157688
-0.265395
-0.254832
-0.243759
-0.235015
-0.226148
-0.217007
-0.207758
-0.198333
-0.188683
-0.178794
-0.168658
-0.158274
-0.147647
-0.136791
-0.12573
-0.114496
-0.103137
-0.0917073
-0.0803045
-0.0689867
-0.0579781
-0.047189
-0.0372861
-0.0273731
-0.0197844
-0.0104406
-0.00759967
0.00362206
-0.00404777
0.0169101
-0.262145
-0.251995
-0.241557
-0.233008
-0.224295
-0.215303
-0.206164
-0.196816
-0.187222
-0.177371
-0.167259
-0.156887
-0.146266
-0.135412
-0.124351
-0.113117
-0.101761
-0.0903411
-0.0789547
-0.0676631
-0.056691
-0.0459496
-0.0361109
-0.0262592
-0.0187826
-0.00946907
-0.00686897
0.0045095
-0.0038196
0.0179921
-0.258952
-0.249289
-0.239463
-0.231098
-0.22253
-0.213674
-0.204633
-0.195354
-0.185811
-0.175995
-0.165905
-0.155547
-0.144934
-0.134084
-0.123025
-0.111795
-0.100445
-0.0890366
-0.077669
-0.0664058
-0.0554715
-0.0447784
-0.0350028
-0.0252118
-0.0178422
-0.00855955
-0.00618474
0.00533744
-0.00360361
0.019
-0.255951
-0.246794
-0.23753
-0.229333
-0.220895
-0.21216
-0.203203
-0.193985
-0.184484
-0.174699
-0.16463
-0.154286
-0.14368
-0.132835
-0.121781
-0.110555
-0.0992143
-0.0878195
-0.0764719
-0.0652376
-0.0543409
-0.0436953
-0.0339802
-0.0242476
-0.0169777
-0.0077255
-0.00555721
0.00609423
-0.00340352
0.0199193
-0.253212
-0.244568
-0.235802
-0.227753
-0.219429
-0.210795
-0.201908
-0.19274
-0.183276
-0.173517
-0.163466
-0.153133
-0.142536
-0.131696
-0.120647
-0.109428
-0.0980959
-0.0867153
-0.0753879
-0.0641818
-0.0533211
-0.0427203
-0.0330613
-0.023383
-0.0162036
-0.00698025
-0.00499651
0.00676847
-0.0032231
0.0207363
-0.250804
-0.242657
-0.234315
-0.226388
-0.21816
-0.20961
-0.200779
-0.191651
-0.182217
-0.172478
-0.162442
-0.15212
-0.141529
-0.130695
-0.119651
-0.108439
-0.097116
-0.0857492
-0.0744408
-0.0632609
-0.0524331
-0.0418728
-0.0322639
-0.022634
-0.0155337
-0.00633652
-0.00451224
0.00734935
-0.00306602
0.0214383
-0.248799
-0.241095
-0.233096
-0.225267
-0.217115
-0.208629
-0.199843
-0.190746
-0.181333
-0.171611
-0.161586
-0.151272
-0.140688
-0.129859
-0.118819
-0.107613
-0.096299
-0.0849445
-0.073653
-0.0624958
-0.0516962
-0.0411706
-0.031604
-0.0220151
-0.0149808
-0.00580594
-0.00411315
0.00782707
-0.0029357
0.0220143
-0.247253
-0.239907
-0.232165
-0.224408
-0.216314
-0.207876
-0.199121
-0.190045
-0.180649
-0.170939
-0.160922
-0.150615
-0.140035
-0.129209
-0.118174
-0.106973
-0.095666
-0.0843216
-0.0730436
-0.0619046
-0.0511275
-0.0406291
-0.0310957
-0.021539
-0.0145558
-0.00539854
-0.00380676
0.00819325
-0.00283512
0.0224548
-0.246204
-0.239105
-0.231537
-0.223828
-0.215771
-0.207364
-0.19863
-0.189569
-0.180183
-0.17048
-0.160469
-0.150165
-0.139588
-0.128766
-0.117733
-0.106536
-0.095234
-0.0838967
-0.0726282
-0.0615019
-0.0507404
-0.0402609
-0.0307503
-0.0212156
-0.0142674
-0.00512229
-0.00359904
0.00844122
-0.00276667
0.0227527
-0.245675
-0.238701
-0.231221
-0.223536
-0.215497
-0.207105
-0.198381
-0.189327
-0.179946
-0.170247
-0.160239
-0.149937
-0.139362
-0.128541
-0.117509
-0.106314
-0.0950149
-0.0836813
-0.0724178
-0.0612979
-0.0505444
-0.0400745
-0.0305756
-0.0210522
-0.0141216
-0.00498275
-0.00349411
0.00856639
-0.00273201
0.0229028
)
;

boundaryField
{
    inlet
    {
        type            zeroGradient;
    }
    outlet
    {
        type            fixedValue;
        value           uniform 0;
    }
    cylinder
    {
        type            zeroGradient;
    }
    top
    {
        type            symmetryPlane;
    }
    bottom
    {
        type            symmetryPlane;
    }
    defaultFaces
    {
        type            empty;
    }
}


// ************************************************************************* //
