/*--------------------------------*- C++ -*----------------------------------*\
  =========                 |
  \\      /  F ield         | OpenFOAM: The Open Source CFD Toolbox
   \\    /   O peration     | Website:  https://openfoam.org
    \\  /    A nd           | Version:  7
     \\/     M anipulation  |
\*---------------------------------------------------------------------------*/
FoamFile
{
    version     2.0;
    format      ascii;
    class       volScalarField;
    location    "0.7";
    object      T;
}
// * * * * * * * * * * * * * * * * * * * * * * * * * * * * * * * * * * * * * //

dimensions      [0 0 0 1 0 0 0];

internalField   nonuniform List<scalar> 
6300
(
1
1
1
1
1
1
1
1
1
1
1
1
1
1
1
1
1
1.33738
2.54294
2.81064
2.84937
2.87632
2.87963
2.88318
2.89115
2.9125
2.9663
3.07929
3.21995
3.29375
1
1
1
1
1
1
1
1
1
1
1
1
1
1
1
1
1
1.30836
2.52414
2.80821
2.85184
2.87603
2.87952
2.88254
2.88991
2.91116
2.96562
3.07911
3.21892
3.29157
1
1
1
1
1
1
1
1
1
1
1
1
1
1
1
1
1
1.2359
2.47848
2.807
2.85331
2.87484
2.8781
2.88053
2.88761
2.90938
2.96523
3.0798
3.21879
3.28991
1
1
1
1
1
1
1
1
1
1
1
1
1
1
1
1
1
1.12249
2.40447
2.80784
2.8555
2.87294
2.87461
2.87594
2.88286
2.90529
2.96232
3.07787
3.21692
3.28722
1
1
1
1
1
1
1
1
1
1
1
1
1
1
1
1
1
1.00494
2.31755
2.81234
2.8542
2.86714
2.86822
2.86865
2.87517
2.89724
2.954
3.06991
3.21075
3.28231
1
1
1
1
1
1
1
1
1
1
1
1
1
1
1
1
1
1.00002
2.22043
2.81286
2.84664
2.85451
2.85727
2.85841
2.86596
2.8874
2.94197
3.05575
3.19767
3.27012
1
1
1
1
1
1
1
1
1
1
1
1
1
1
1
1
1
1
2.09281
2.79976
2.82845
2.8356
2.84178
2.84673
2.85586
2.87483
2.92359
3.03194
3.17377
3.24917
1
1
1
1
1
1
1
1
1
1
1
1
1
1
1
1
1
1
1.90902
2.75292
2.7971
2.80952
2.82104
2.8313
2.84287
2.86005
2.90257
3.00281
3.14076
3.2092
1
1
1
1
1
1
1
1
1
1
1
1
1
1
1
1
1
1
1.64116
2.65053
2.7582
2.7786
2.79718
2.81349
2.82654
2.83978
2.87107
2.95285
3.08174
3.15583
1
1
1
1
1
1
1
1
1
1
1
1
1
1
1
1
1
1
1.29029
2.49789
2.73349
2.75613
2.77818
2.79499
2.80465
2.81106
2.83
2.89497
3.02113
3.13145
1
1
1
1
1
1
1
1
1
1
1
1
1
1
1
1
1
1
1.01818
2.33514
2.69788
2.73723
2.76242
2.77798
2.7828
2.78143
2.78565
2.81393
2.85744
2.84637
1
1
1
1
1
1
1
1
1
1
1
1
1
1
1
1
1
1
1.00011
2.09572
2.66483
2.72031
2.74297
2.75647
2.75623
2.74718
2.73373
2.7195
2.71473
2.62813
1
1
1
1
1
1
1
1
1
1
1
1
1
1
1
1
1
1
1
1.69722
2.5749
2.69272
2.70829
2.7196
2.7174
2.70475
2.68251
2.64627
2.60388
2.46634
1
1
1
1
1
1
1
1
1
1
1
1
1
1
1
1
1
1
1
1.14361
2.3854
2.66351
2.66916
2.67744
2.67345
2.65848
2.63122
2.59029
2.51639
2.38964
1
1
1
1
1
1
1
1
1
1
1
1
1
1
1
1
1
1
1
1.00358
2.1002
2.58862
2.64405
2.64268
2.63704
2.61992
2.58991
2.54476
2.46524
2.35794
1
1
1
1
1
1
1
1
1
1
1
1
1
1
1
1
1
1
1
1
1.56342
2.46251
2.6141
2.60419
2.59899
2.58145
2.55375
2.5049
2.43461
2.34574
1
1
1
1
1
1
1
1
1
1
1
1
1
1
1
1
1
1
1
1
1.06627
2.25051
2.56486
2.5613
2.56273
2.54851
2.52165
2.47701
2.4174
2.34258
1
1
1
1
1
1
1
1
1
1
1
1
1
1
1
1
1
1
1
1
1.00074
1.7766
2.45537
2.54297
2.53175
2.51552
2.4918
2.45291
2.40029
2.3367
1
1
1
1
1
1
1
1
1
1
1
1
1
1
1
1
1
1
1
1
1
1.14343
2.24109
2.51042
2.49525
2.48171
2.46214
2.42965
2.38414
2.3299
1
1
1
1
1
1
1
1
1
1
1
1
1
1
1
1
1
1
1
1
1
1.00341
1.79412
2.39173
2.47241
2.45144
2.43132
2.4024
2.36443
2.31884
1
1
1
1
1
1
1
1
1
1
1
1
1
1
1
1
1
1
1
1
1
1.00001
1.16489
2.17717
2.43802
2.41623
2.39565
2.36998
2.338
2.29982
1
1
1
1
1
1
1
1
1
1
1
1
1
1
1
1
1
1
1
1
1
1
1.00446
1.65877
2.2901
2.39139
2.3661
2.34134
2.31233
2.27935
1
1
1
1
1
1
1
1
1
1
1
1
1
1
1
1
1
1
1
1
1
1
1.00001
1.10656
2.0326
2.3477
2.32953
2.30519
2.28041
2.2532
1
1
1
1
1
1
1
1
1
1
1
1
1
1
1
1
1
1
1
1
1
1
1
1.00188
1.43257
2.17152
2.30767
2.27789
2.25918
2.23489
1
1
1
1
1
1
1
1
1
1
1
1
1
1
1
1
1
1
1
1
1
1
1
1
1.0386
1.76497
2.19574
2.25797
2.22919
2.20754
1
1
1
1
1
1
1
1
1
1
1
1
1
1
1
1
1
1
1
1
1
1
1
1
1.00039
1.18505
1.93257
2.21912
2.2049
2.18036
1
1
1
1
1
1
1
1
1
1
1
1
1
1
1
1
1
1
1
1
1
1
1
1
1
1.00611
1.38849
2.02335
2.1792
2.16121
1
1
1
1
1
1
1
1
1
1
1
1
1
1
1
1
1
1
1
1
1
1
1
1
1
1.00003
1.03244
1.56414
2.04407
2.13978
1
1
1
1
1
1
1
1
1
1
1
1
1
1
1
1
1
1
1
1
1
1
1
1
1
1
1.00034
1.08954
1.67487
2.03355
1
1
1
1
1
1
1
1
1
1
1
1
1
1
1
1
1
1
1
1
1
1
1
1
1
1
1
1.00178
1.16072
1.7299
1
1
1
1
1
1
1
1
1
1
1
1
1
1
1
1
1
1
1
1
1
1
1
1
1
1
1
1.00001
1.00521
1.22546
1
1
1
1
1
1
1
1
1
1
1
1
1
1
1
1
1
1
1
1
1
1
1
1
1
1
1
1
1.00003
1.01062
1
1
1
1
1
1
1
1
1
1
1
1
1
1
1
1
1
1
1
1
1
1
1
1
1
1
1
1
1
1.00007
1
1
1
1
1
1
1
1
1
1
1
1
1
1
1
1
1
1
1
1
1
1
1
1
1
1
1
1
1
1
1
1
1
1
1
1
1
1
1
1
1
1
1
1
1
1
1
1
1
1
1
1
1
1
1
1
1
1
1
1
1
1
1
1
1
1
1
1
1
1
1
1
1
1
1
1
1
1
1
1
1
1
1
1
1
1
1
1
1
1
1
1
1
1
1
1
1
1
1
1
1
1
1
1
1
1
1
1
1
1
1
1
1
1
1
1
1
1
1
1
1
1
1
1
1
1
1
1
1
1
1
1
1
1
1
1
1
1
1
1
1
1
1
1
1
1
1
1
1
1
1
1
1
1
1
1
1
1
1
1
1
1
1
1
1
1
1
1
1
1
1
1
1
1
1
1
1
1
1
1
1
1
1
1
1
1
1
1
1
1
1
1
1
1
1
1
1
1
1
1
1
1
1
1
1
1
1
1
1
1
1
1
1
1
1
1
1
1
1
1
1
1
1
1
1
1
1
1
1
1
1
1
1
1
1
1
1
1
1
1
1
1
1
1
1
1
1
1
1
1
1
1
1
1
1
1
1
1
1
1
1
1
1
1
1
1
1
1
1
1
1
1
1
1
1
1
1
1
1
1
1
1
1
1
1
1
1
1
1
1
1
1
1
1
1
1
1
1
1
1
1
1
1
1
1
1
1
1
1
1
1
1
1
1
1
1
1
1
1
1
1
1
1
1
1
1
1
1
1
1
1
1
1
1
1
1
1
1
1
1
1
1
1
1
1
1
1
1
1
1
1
1
1
1
1
1
1
1
1
1
1
1
1
1
1
1
1
1
1
1
1
1
1
1
1
1
1
1
1
1
1
1
1
1
1
1
1
1
1
1
1
1
1
1
1
1
1
1
1
1
1
1
1
1
1
1
1
1
1
1
1
1
1
1
1
1
1
1
1
1
1
1
1
1
1
1
1
1
1
1
1
1
1
1
1
1
1
1
1
1
1
1
1
1
1
1
1
1
1
1
1
1
1
1
1
1
1
1
1
1
1
1
1
1
1
1
1
1
1
1
1
1
1
1
1
1
1
1
1
1
1
1
1
1
1
1
1
1
1
1
1
1
1
1
1
1
1
1
1
1
1
1
1
1
1
1
1
1
1
1
1.9605
1.3332
1.24049
1.30492
1.32432
1.36787
1.51095
1.61279
1.72254
1.85368
1.98132
1.98992
1.96518
1.96732
1.99319
2.00827
2.01057
2.01055
1.99992
1.97925
1.97191
1.97401
1.98675
1.98607
1.97596
1.95558
1.94352
1.94301
1.94458
1.95043
1.95676
1.96037
1.96054
1.95647
1.95425
1.95394
1.95307
1.95125
1.94984
1.94906
1.94793
1.94586
1.94203
1.93638
1.92891
1.92197
1.91859
1.91665
1.9133
1.90551
1.8943
1.88723
1.88318
1.87905
1.87446
1.87179
1.8697
1.86762
1.86647
1.86509
1.86235
1.86219
1.8632
1.86424
1.86568
1.86778
1.86999
1.87002
1.8693
1.86903
1.86717
1.86324
1.86107
1.85812
1.8569
1.85523
1.85082
1.84077
1.81939
1.78302
1.745
1.71748
1.70034
1.68984
1.68163
1.67601
1.67226
1.66789
1.66207
1.65175
1.62941
1.58816
1.52894
1.4533
1.35463
1.22251
1.07696
0.997281
0.986979
0.990591
0.997739
0.9979
0.997948
0.998056
0.997724
0.997522
0.99756
0.997885
0.998906
1.00229
1.00643
1.00758
1.00762
1.00767
1.00765
1.00736
1.00622
1.00388
1.00226
1.00184
2.2172
1.84016
1.69751
1.65993
1.57575
1.45081
1.42829
1.4297
1.45493
1.50264
1.55367
1.60483
1.65682
1.70071
1.74068
1.77648
1.80641
1.82285
1.82702
1.83182
1.83614
1.84646
1.87168
1.88501
1.8827
1.87644
1.87599
1.87882
1.88455
1.89357
1.90193
1.9095
1.91481
1.91342
1.91217
1.91305
1.9138
1.91364
1.91228
1.90962
1.90651
1.90394
1.90224
1.90067
1.90087
1.8985
1.89612
1.89628
1.8955
1.89066
1.87797
1.86604
1.86186
1.85848
1.85441
1.85186
1.84988
1.84839
1.8481
1.84775
1.84699
1.84818
1.85036
1.85283
1.85523
1.85642
1.85557
1.85621
1.8555
1.85334
1.85254
1.85322
1.85333
1.85282
1.8509
1.84818
1.84341
1.83294
1.81223
1.77828
1.73799
1.70709
1.68953
1.68149
1.67718
1.67195
1.66672
1.66293
1.65688
1.64449
1.61996
1.57883
1.51953
1.44263
1.34386
1.21464
1.07248
0.99389
0.98328
0.986289
0.993911
0.995123
0.995602
0.996168
0.996234
0.996214
0.996325
0.996802
0.997923
1.00074
1.00496
1.00703
1.00703
1.00704
1.00705
1.0069
1.00605
1.00416
1.00226
1.00164
2.20905
2.01705
1.84815
1.74051
1.64191
1.56638
1.52451
1.47676
1.41691
1.39651
1.40122
1.41598
1.44958
1.48163
1.50117
1.52493
1.55253
1.57871
1.59764
1.62062
1.64207
1.66583
1.69604
1.72528
1.74407
1.74992
1.75688
1.76423
1.76848
1.77428
1.78255
1.79149
1.79872
1.79995
1.80079
1.80434
1.81112
1.81992
1.82646
1.8289
1.82794
1.82255
1.81659
1.81613
1.81841
1.82113
1.82136
1.8244
1.82913
1.82974
1.82448
1.81231
1.80724
1.80507
1.80263
1.80061
1.79865
1.79794
1.79775
1.79655
1.79548
1.79746
1.80188
1.80833
1.81498
1.8201
1.82387
1.8241
1.81896
1.81447
1.81238
1.81171
1.81367
1.81739
1.81809
1.81768
1.8153
1.80873
1.794
1.76631
1.7272
1.68897
1.66421
1.65331
1.64856
1.64478
1.64027
1.63511
1.62814
1.61541
1.59182
1.55315
1.49798
1.42651
1.33559
1.21756
1.08494
1.00154
0.98732
0.988727
0.993292
0.99509
0.996122
0.997128
0.997666
0.997747
0.997794
0.998422
0.999682
1.00203
1.00561
1.0073
1.00727
1.00721
1.00716
1.0069
1.00611
1.00458
1.00263
1.00173
2.2122
2.06225
1.95434
1.84627
1.73611
1.67378
1.63303
1.57359
1.50577
1.47742
1.44744
1.40629
1.38099
1.38602
1.38747
1.38563
1.39057
1.41021
1.43147
1.45585
1.4798
1.50148
1.52153
1.55164
1.58009
1.6004
1.62375
1.64303
1.65659
1.66588
1.67325
1.67962
1.68385
1.68401
1.68338
1.68583
1.69244
1.70356
1.71355
1.71805
1.71915
1.71829
1.71444
1.7126
1.7156
1.72002
1.72267
1.72774
1.73574
1.74001
1.73935
1.73274
1.72703
1.72562
1.72458
1.72331
1.72303
1.72363
1.72457
1.72409
1.72311
1.7248
1.72887
1.73435
1.74041
1.7463
1.75202
1.75556
1.75533
1.75453
1.75362
1.75211
1.7525
1.75379
1.75387
1.75292
1.75008
1.74591
1.73903
1.72535
1.70108
1.66795
1.63722
1.61623
1.60283
1.59322
1.58465
1.57614
1.56628
1.55189
1.52867
1.49295
1.44351
1.38121
1.30489
1.20725
1.09206
1.00865
0.990422
0.990612
0.991361
0.992098
0.993233
0.995048
0.996156
0.99723
0.99814
0.999489
1.0012
1.00337
1.00612
1.00725
1.00707
1.00695
1.00687
1.00658
1.00592
1.00473
1.00294
1.00171
2.22327
2.0972
1.99583
1.91209
1.82309
1.76751
1.71213
1.64221
1.56737
1.53529
1.50198
1.45408
1.40521
1.39233
1.38069
1.35261
1.34977
1.35001
1.34977
1.34886
1.35783
1.37784
1.40094
1.43555
1.46778
1.49193
1.51326
1.53437
1.55297
1.57036
1.58122
1.59365
1.61069
1.61445
1.61171
1.60959
1.61107
1.61579
1.62043
1.62141
1.62249
1.62564
1.62886
1.62973
1.63203
1.63778
1.64241
1.64684
1.65209
1.65463
1.65343
1.64787
1.64642
1.64639
1.64648
1.64692
1.64783
1.64873
1.64881
1.64795
1.6479
1.65014
1.65424
1.65911
1.66312
1.66695
1.67069
1.67222
1.67352
1.676
1.67625
1.67707
1.68076
1.68241
1.68133
1.67752
1.67222
1.66726
1.66271
1.65592
1.6437
1.62472
1.60171
1.57837
1.55692
1.53801
1.52104
1.50536
1.48969
1.47099
1.44543
1.41071
1.36663
1.31407
1.25196
1.17641
1.08816
1.01856
0.994314
0.990215
0.989094
0.989066
0.989483
0.991404
0.995452
0.998068
0.999473
1.00121
1.00329
1.00485
1.00606
1.00689
1.00725
1.00727
1.00712
1.00677
1.00603
1.00487
1.00314
1.00168
2.23707
2.1331
2.04847
1.96441
1.87397
1.817
1.76454
1.70782
1.64242
1.60059
1.5563
1.50596
1.45905
1.44265
1.4222
1.38714
1.35143
1.34158
1.33508
1.31899
1.30888
1.31153
1.32009
1.33717
1.36351
1.39495
1.42183
1.44843
1.47706
1.50174
1.51735
1.52742
1.54217
1.55253
1.55496
1.55754
1.56362
1.56546
1.56348
1.56031
1.56051
1.56393
1.56997
1.57429
1.57665
1.58097
1.58652
1.58985
1.5905
1.59025
1.58682
1.58303
1.58306
1.58343
1.58491
1.58783
1.59021
1.59057
1.58853
1.58616
1.5861
1.58693
1.58878
1.592
1.59548
1.59769
1.59972
1.60113
1.60407
1.60529
1.60485
1.60538
1.60882
1.61034
1.6088
1.60419
1.59912
1.59467
1.59
1.58432
1.57779
1.56854
1.55453
1.53525
1.5119
1.4866
1.46122
1.43638
1.41099
1.38259
1.34969
1.3124
1.27159
1.2276
1.17943
1.12561
1.06878
1.02337
0.998026
0.988694
0.986885
0.986889
0.987433
0.99063
0.996062
0.999479
1.0013
1.00256
1.0041
1.0055
1.00625
1.00682
1.00704
1.00706
1.00706
1.00683
1.00609
1.00497
1.00335
1.00175
2.25289
2.16155
2.08216
2.00653
1.92763
1.86472
1.80844
1.74272
1.68709
1.64915
1.60879
1.55778
1.50708
1.48316
1.45515
1.42058
1.37809
1.35347
1.33978
1.32303
1.30228
1.29785
1.30347
1.30972
1.31113
1.31772
1.33192
1.35527
1.38525
1.41942
1.45817
1.47479
1.48838
1.50188
1.50829
1.50968
1.51454
1.51919
1.52362
1.52872
1.53118
1.53313
1.53637
1.54082
1.54331
1.54359
1.54453
1.54572
1.54576
1.54543
1.54381
1.54274
1.54246
1.54279
1.54435
1.5468
1.54764
1.54614
1.542
1.53962
1.53891
1.53882
1.5393
1.54114
1.54369
1.54501
1.54597
1.54734
1.54823
1.54804
1.54631
1.54523
1.54643
1.54831
1.54712
1.54316
1.53822
1.53361
1.52796
1.52202
1.51703
1.51172
1.50323
1.48874
1.46703
1.43975
1.40943
1.37709
1.34284
1.30689
1.26964
1.23107
1.19079
1.1495
1.10958
1.07312
1.04333
1.02075
1.00102
0.990458
0.987746
0.987467
0.987866
0.991445
0.997113
1.0001
1.00191
1.00324
1.00444
1.00546
1.00572
1.00591
1.00645
1.00708
1.00717
1.00697
1.00625
1.00515
1.00354
1.00176
2.26193
2.18395
2.11352
2.0396
1.96329
1.904
1.85043
1.78835
1.7297
1.68438
1.64083
1.59477
1.55617
1.53002
1.49845
1.46354
1.425
1.39654
1.3746
1.35787
1.3412
1.32355
1.31565
1.31122
1.30479
1.2971
1.29726
1.29901
1.30727
1.32822
1.36683
1.40701
1.43063
1.45111
1.46751
1.46971
1.46828
1.47262
1.4809
1.49325
1.50802
1.51803
1.51965
1.51899
1.51765
1.51532
1.5144
1.51455
1.51424
1.51398
1.514
1.51471
1.51479
1.51461
1.51386
1.51273
1.5103
1.50755
1.50575
1.50374
1.50205
1.5018
1.50202
1.50282
1.50384
1.50449
1.50475
1.5048
1.50385
1.50172
1.49818
1.49521
1.49575
1.49727
1.49646
1.49384
1.49003
1.48566
1.47972
1.47205
1.46486
1.45845
1.45066
1.43865
1.4199
1.39418
1.36304
1.32789
1.29069
1.25302
1.21289
1.16848
1.12405
1.0857
1.05635
1.03711
1.02684
1.01715
1.00257
0.992558
0.989336
0.988808
0.989257
0.992743
0.997544
1.00015
1.002
1.00318
1.00432
1.00529
1.00568
1.00598
1.00654
1.00729
1.00743
1.00722
1.00652
1.00545
1.00382
1.00177
2.26533
2.19522
2.13052
2.06585
1.99693
1.93702
1.88043
1.8178
1.769
1.72836
1.68622
1.63017
1.58945
1.56109
1.53087
1.50029
1.47001
1.44329
1.41505
1.38509
1.36726
1.35552
1.33975
1.32172
1.31014
1.30413
1.29541
1.28992
1.29235
1.29873
1.31032
1.32976
1.3504
1.36917
1.38915
1.4116
1.41855
1.42481
1.43744
1.45418
1.47444
1.4922
1.50026
1.49976
1.49705
1.49297
1.49103
1.4911
1.4903
1.48899
1.48954
1.48993
1.48973
1.48719
1.48259
1.47963
1.47801
1.47684
1.47583
1.47483
1.47336
1.47201
1.47053
1.46857
1.4678
1.46757
1.46716
1.46639
1.46495
1.46254
1.45938
1.45604
1.45506
1.45402
1.45184
1.4498
1.44762
1.44433
1.43849
1.42953
1.4196
1.41035
1.40083
1.3883
1.36995
1.34556
1.31631
1.28392
1.25013
1.21141
1.16272
1.11158
1.07
1.04187
1.02678
1.0231
1.0219
1.01409
1.00189
0.994515
0.991556
0.990704
0.991061
0.994291
0.998213
1.00032
1.00175
1.00257
1.00355
1.00454
1.00511
1.00571
1.00678
1.00772
1.00782
1.0076
1.00692
1.00585
1.00408
1.00175
2.26175
2.20107
2.14368
2.08281
2.02007
1.96598
1.91304
1.85408
1.80007
1.75801
1.71811
1.67327
1.6357
1.60132
1.563
1.52137
1.49734
1.48126
1.46067
1.4311
1.40044
1.39182
1.37926
1.35595
1.33868
1.33493
1.32715
1.3097
1.29577
1.29575
1.29924
1.29713
1.2934
1.29849
1.30587
1.32257
1.34408
1.3618
1.38813
1.42058
1.44205
1.45876
1.47354
1.47777
1.47744
1.47423
1.4727
1.47258
1.47181
1.4688
1.46733
1.46681
1.46384
1.45628
1.45232
1.45085
1.44964
1.44937
1.45022
1.45004
1.44764
1.44349
1.43856
1.43341
1.43147
1.43052
1.42986
1.42964
1.42926
1.42732
1.42396
1.42042
1.41676
1.41301
1.4102
1.40877
1.40763
1.40508
1.399
1.38874
1.37684
1.36523
1.3527
1.33687
1.317
1.2945
1.27074
1.24566
1.21399
1.16728
1.11233
1.06637
1.03541
1.02023
1.01854
1.02125
1.01923
1.00967
1.00049
0.995524
0.993621
0.99284
0.993402
0.996437
0.999185
1.00052
1.00156
1.00232
1.00326
1.0043
1.00502
1.0059
1.00735
1.00819
1.00822
1.00801
1.00735
1.00623
1.00422
1.00157
2.25199
2.19908
2.14764
2.09461
2.03905
1.9868
1.93541
1.88216
1.83719
1.7961
1.75016
1.70165
1.66895
1.63727
1.60365
1.56036
1.5275
1.51088
1.49133
1.46625
1.435
1.42292
1.41147
1.39225
1.36601
1.3549
1.34945
1.33723
1.31609
1.29681
1.2936
1.28742
1.2777
1.27789
1.28574
1.28572
1.28907
1.29683
1.31566
1.3525
1.38558
1.40674
1.42876
1.44836
1.45238
1.45092
1.45252
1.45677
1.45781
1.45422
1.44963
1.44523
1.43709
1.42897
1.42582
1.42415
1.42367
1.42536
1.42707
1.42563
1.4203
1.41385
1.40616
1.39926
1.39594
1.3943
1.39427
1.39497
1.39451
1.39169
1.3864
1.38102
1.37616
1.37243
1.37073
1.37041
1.37002
1.36725
1.35958
1.34813
1.335
1.31993
1.30238
1.28315
1.2639
1.24649
1.23151
1.21214
1.17442
1.12052
1.07061
1.03642
1.01959
1.01679
1.01976
1.01992
1.01298
1.00459
0.998547
0.99559
0.994565
0.994554
0.996261
0.99913
1.00024
1.00063
1.00101
1.00172
1.00295
1.00421
1.00531
1.00661
1.00813
1.00869
1.00868
1.00848
1.00783
1.00659
1.00419
1.00122
2.23845
2.19349
2.1467
2.09757
2.0494
2.00389
1.95665
1.90642
1.86113
1.82166
1.77946
1.73682
1.70185
1.6689
1.63381
1.59153
1.56114
1.54309
1.52547
1.50242
1.47055
1.45316
1.44021
1.42323
1.39796
1.38314
1.37838
1.36857
1.34877
1.32175
1.31037
1.30176
1.28613
1.27317
1.27416
1.27525
1.27106
1.26713
1.26872
1.28036
1.30588
1.33485
1.36264
1.39563
1.41656
1.42012
1.42414
1.43266
1.43593
1.43465
1.43137
1.42488
1.41405
1.40719
1.40409
1.40175
1.40143
1.40308
1.40309
1.39817
1.38986
1.38181
1.37447
1.36865
1.36339
1.36169
1.36271
1.36257
1.35885
1.35343
1.34588
1.33853
1.3345
1.33289
1.33351
1.33481
1.3343
1.33023
1.32082
1.30829
1.29287
1.27407
1.25367
1.23424
1.21866
1.20935
1.20127
1.17723
1.13023
1.08027
1.0416
1.01992
1.01505
1.01736
1.01823
1.01315
1.00572
0.999974
0.99664
0.995841
0.99575
0.996827
0.999673
1.00073
1.0009
1.00077
1.0008
1.00146
1.00282
1.00429
1.00571
1.00738
1.00891
1.00928
1.00927
1.0091
1.00838
1.00683
1.00389
1.00076
2.21978
2.18107
2.14007
2.09693
2.05349
2.01075
1.9689
1.92714
1.88706
1.8473
1.80253
1.75917
1.7259
1.69838
1.66853
1.63134
1.58857
1.56307
1.54951
1.53202
1.50747
1.48977
1.47359
1.4526
1.42116
1.40402
1.40021
1.39118
1.37303
1.34856
1.33217
1.31924
1.30195
1.27925
1.27278
1.27077
1.26529
1.26107
1.26311
1.26311
1.26487
1.27303
1.28992
1.31524
1.35309
1.37955
1.39009
1.40152
1.40947
1.41005
1.408
1.40343
1.3965
1.39059
1.38692
1.38534
1.38439
1.38318
1.37888
1.36989
1.35959
1.35007
1.34462
1.34014
1.33425
1.33265
1.33343
1.33028
1.32248
1.31614
1.30753
1.29855
1.29567
1.29612
1.30012
1.30136
1.29874
1.29136
1.28009
1.26631
1.24989
1.23125
1.21164
1.19472
1.18506
1.18021
1.16757
1.13379
1.08995
1.05124
1.02403
1.01455
1.01551
1.01612
1.01171
1.00497
0.999631
0.996592
0.996216
0.996143
0.997156
1.00061
1.00206
1.00196
1.00177
1.00129
1.00111
1.00138
1.00245
1.00393
1.00561
1.00783
1.0096
1.00995
1.00997
1.00984
1.00901
1.00687
1.00305
1.00009
2.20535
2.17064
2.1319
2.09191
2.05326
2.01633
1.97739
1.9372
1.89905
1.86264
1.82524
1.78662
1.74716
1.71277
1.68716
1.66083
1.62823
1.59659
1.57333
1.54872
1.5236
1.51231
1.5029
1.48659
1.45569
1.42745
1.42025
1.41028
1.3927
1.3674
1.35193
1.34081
1.32635
1.30331
1.29339
1.29062
1.28476
1.27352
1.26466
1.25997
1.25577
1.2512
1.25135
1.25621
1.27627
1.31452
1.34615
1.36566
1.3799
1.38287
1.38035
1.37578
1.37452
1.37341
1.37289
1.37398
1.37157
1.3658
1.35717
1.34538
1.33222
1.32168
1.31593
1.31106
1.30645
1.30414
1.30268
1.2969
1.28824
1.28157
1.27364
1.26445
1.26156
1.26389
1.26919
1.26864
1.26218
1.2504
1.23728
1.22386
1.20948
1.19325
1.17651
1.16391
1.15682
1.14783
1.12646
1.09391
1.06072
1.03298
1.01647
1.01294
1.01241
1.00993
1.00528
1.00027
0.99639
0.99599
0.99609
0.997491
1.00156
1.00367
1.00344
1.00281
1.00201
1.00147
1.00141
1.00149
1.00214
1.00354
1.00571
1.00864
1.01044
1.01069
1.01071
1.01047
1.00928
1.00628
1.00166
0.999396
2.18246
2.15297
2.12003
2.08615
2.05282
2.01941
1.98454
1.94964
1.91409
1.8769
1.83952
1.80406
1.76775
1.73346
1.70401
1.67663
1.64597
1.61693
1.59641
1.57634
1.54754
1.52601
1.51852
1.50545
1.4815
1.45532
1.44346
1.432
1.41431
1.38427
1.36238
1.35144
1.34024
1.32193
1.31178
1.31056
1.30558
1.29392
1.27846
1.26509
1.25142
1.23956
1.23754
1.24059
1.24763
1.26128
1.28683
1.30597
1.32284
1.33846
1.34193
1.34333
1.34627
1.34952
1.35309
1.35613
1.35553
1.3496
1.33857
1.32419
1.30973
1.2984
1.28978
1.28288
1.27834
1.2755
1.27181
1.26521
1.25679
1.24866
1.24199
1.23561
1.23298
1.23528
1.23834
1.23492
1.22487
1.21174
1.19883
1.18706
1.1747
1.16092
1.1474
1.13677
1.1272
1.11289
1.09137
1.06643
1.04258
1.02455
1.015
1.00996
1.00549
1.00117
0.998211
0.997221
0.996965
0.997
0.998685
1.00336
1.00597
1.00578
1.00476
1.00253
1.00114
1.00116
1.00118
1.00141
1.00233
1.00414
1.00721
1.01049
1.0116
1.0117
1.01161
1.01084
1.00861
1.00446
1.00024
0.999322
2.15729
2.13231
2.10384
2.07325
2.04507
2.01733
1.98586
1.95075
1.91747
1.88598
1.85422
1.82033
1.78444
1.74691
1.71968
1.69609
1.66876
1.63865
1.61385
1.59315
1.56719
1.54674
1.53748
1.52442
1.49976
1.46963
1.45683
1.44758
1.43168
1.40571
1.38314
1.36859
1.35561
1.33475
1.32542
1.32662
1.3238
1.31255
1.29755
1.28424
1.271
1.25377
1.24178
1.24096
1.24307
1.24712
1.24848
1.25189
1.25884
1.27142
1.28981
1.30388
1.31323
1.32306
1.32797
1.32902
1.32862
1.32466
1.31714
1.30608
1.29337
1.28171
1.27098
1.26135
1.25443
1.24953
1.24406
1.2371
1.2289
1.21935
1.21154
1.20717
1.20466
1.20476
1.20363
1.19779
1.18837
1.17851
1.16754
1.15566
1.14291
1.12978
1.1182
1.10874
1.0988
1.08517
1.06813
1.05052
1.03466
1.02172
1.01118
1.00305
0.998115
0.996515
0.995975
0.995952
0.997064
1.00078
1.0057
1.00763
1.00754
1.00673
1.00447
1.00136
1.00006
1.00005
1.00029
1.00089
1.00234
1.00546
1.00985
1.01249
1.01297
1.01303
1.01266
1.01089
1.00702
1.0019
0.99921
0.999165
2.13745
2.11305
2.08787
2.06271
2.0361
2.00917
1.98201
1.95165
1.91823
1.88387
1.85265
1.82587
1.79929
1.76473
1.7334
1.70688
1.6801
1.65539
1.63521
1.61455
1.5846
1.55729
1.54966
1.53872
1.51793
1.49048
1.47226
1.45914
1.44051
1.4172
1.40022
1.38806
1.37496
1.35166
1.33783
1.33783
1.33543
1.32413
1.30864
1.29728
1.28602
1.26973
1.24962
1.24362
1.24415
1.24217
1.23559
1.23603
1.23714
1.23754
1.24095
1.25183
1.26756
1.28476
1.29795
1.29962
1.29833
1.2943
1.28917
1.28241
1.27301
1.26214
1.25204
1.24351
1.23588
1.22874
1.22135
1.21355
1.20509
1.19553
1.18646
1.18035
1.17641
1.17256
1.16665
1.15937
1.15327
1.14687
1.13791
1.12615
1.11273
1.10003
1.09097
1.08501
1.07814
1.06729
1.05318
1.0384
1.02441
1.01337
1.00435
0.997736
0.995617
0.9953
0.995725
0.998458
1.004
1.00836
1.00909
1.00875
1.00754
1.00492
1.00159
0.999919
0.999756
0.999687
0.999918
1.00108
1.00403
1.00909
1.01304
1.01396
1.01413
1.01412
1.01303
1.00973
1.00416
1
0.999109
0.999216
2.11887
2.09304
2.07202
2.04992
2.02557
2.00065
1.9734
1.94431
1.91528
1.88616
1.85346
1.82255
1.79852
1.7734
1.74693
1.72234
1.69449
1.66193
1.64338
1.6285
1.60407
1.57679
1.56337
1.54686
1.5232
1.49793
1.48504
1.47169
1.45302
1.42966
1.41347
1.40304
1.39076
1.36787
1.35133
1.35024
1.34671
1.33461
1.31879
1.30944
1.30132
1.28867
1.26623
1.25349
1.25265
1.25021
1.24011
1.23231
1.23051
1.22778
1.22441
1.21968
1.22252
1.23272
1.24694
1.26119
1.26302
1.26181
1.25921
1.25451
1.24661
1.23587
1.2251
1.21779
1.21305
1.20867
1.20325
1.19674
1.18853
1.1786
1.16854
1.15964
1.15201
1.14469
1.13666
1.12902
1.12301
1.1172
1.10939
1.09888
1.08738
1.07807
1.07306
1.07038
1.06446
1.05178
1.03638
1.02298
1.01242
1.00317
0.997622
0.996133
0.996022
0.996867
1.00101
1.0073
1.00992
1.00998
1.00964
1.00871
1.00612
1.00157
0.999134
0.999005
0.999029
0.999484
1.00071
1.00374
1.00917
1.01381
1.01501
1.01515
1.015
1.01397
1.01142
1.00621
1.00101
0.999466
0.999236
0.999395
2.10159
2.07833
2.05204
2.03239
2.01246
1.9892
1.96275
1.93342
1.90652
1.88082
1.85094
1.8219
1.80061
1.77565
1.74636
1.72514
1.7061
1.67998
1.65795
1.63775
1.60984
1.58456
1.57223
1.5585
1.53572
1.50345
1.48726
1.47458
1.45884
1.44061
1.42757
1.41797
1.40516
1.38073
1.36015
1.35782
1.35366
1.34279
1.3264
1.31794
1.31141
1.30062
1.28156
1.26337
1.2603
1.25685
1.24773
1.23122
1.22314
1.21852
1.21295
1.20576
1.20559
1.20618
1.20785
1.21233
1.21855
1.22377
1.22357
1.22129
1.21545
1.20618
1.19508
1.18726
1.18432
1.18263
1.18033
1.17653
1.17035
1.16133
1.15055
1.14001
1.1308
1.1218
1.11216
1.10347
1.09775
1.09256
1.08532
1.07621
1.06878
1.06683
1.06704
1.06471
1.053
1.03544
1.02122
1.01135
1.00312
0.998063
0.995968
0.995903
0.998352
1.00415
1.00934
1.01046
1.01031
1.00981
1.00884
1.00667
1.00314
1.00027
0.998942
0.998712
0.998757
0.999498
1.00289
1.00952
1.01508
1.01648
1.01665
1.01652
1.01543
1.01281
1.0079
1.0021
0.999697
0.999585
0.999561
0.999776
2.0059
2.06474
2.04231
2.0125
1.99304
1.97445
1.95035
1.92074
1.89691
1.87387
1.84631
1.81477
1.79708
1.77876
1.75372
1.72705
1.70326
1.68484
1.6686
1.64941
1.62347
1.59131
1.57304
1.55844
1.53776
1.51097
1.49577
1.48404
1.4669
1.44201
1.43106
1.42562
1.41557
1.39567
1.37353
1.36657
1.3599
1.34748
1.32986
1.32252
1.31802
1.31045
1.29547
1.27562
1.26892
1.26369
1.2556
1.23968
1.22986
1.22526
1.21803
1.2089
1.20102
1.19704
1.19415
1.18972
1.18453
1.17993
1.17882
1.17824
1.17571
1.16928
1.16181
1.15558
1.15499
1.15464
1.15305
1.14949
1.14372
1.13572
1.12604
1.11634
1.10727
1.09766
1.08754
1.07853
1.07274
1.06886
1.06437
1.05964
1.05768
1.0591
1.05938
1.05239
1.038
1.02317
1.01121
1.00425
1.00065
0.998842
0.999018
1.00245
1.00811
1.01001
1.00992
1.0096
1.00892
1.00781
1.00541
1.0026
1.00129
1.00041
0.999944
0.999923
1.00074
1.00433
1.011
1.01565
1.01652
1.01665
1.01674
1.0165
1.01462
1.00959
1.00324
1.00021
0.99968
0.99963
0.999673
1.00005
1.74826
1.97784
2.02607
2.00436
1.97506
1.95399
1.93348
1.90987
1.88571
1.86288
1.8398
1.81415
1.7936
1.7728
1.75014
1.72941
1.70936
1.68775
1.66851
1.65058
1.62811
1.59912
1.58046
1.5628
1.53943
1.50956
1.49884
1.49167
1.47706
1.45374
1.43792
1.43058
1.41917
1.40112
1.38172
1.37421
1.36765
1.35522
1.33449
1.32527
1.32208
1.31508
1.30214
1.2849
1.27533
1.26907
1.26062
1.24533
1.23571
1.22952
1.22187
1.20985
1.19752
1.19174
1.18664
1.17853
1.1691
1.16063
1.15362
1.14937
1.14695
1.14487
1.14118
1.13638
1.13133
1.12724
1.12402
1.11973
1.11374
1.10699
1.09941
1.09113
1.08242
1.07293
1.06284
1.05412
1.0484
1.04529
1.04388
1.04413
1.04495
1.04496
1.04334
1.03562
1.02491
1.01431
1.00612
1.00154
0.999638
1.00059
1.00665
1.01206
1.01232
1.01086
1.00924
1.00816
1.00696
1.00533
1.00306
1.00177
1.00115
1.00016
0.999806
1.00086
1.00557
1.01288
1.01681
1.01744
1.01755
1.01725
1.01607
1.01407
1.0098
1.0037
1.00067
1.00026
1.00013
0.999937
0.99992
1.00043
1.26945
1.75181
1.94558
1.98586
1.96697
1.93814
1.91138
1.89327
1.87465
1.85426
1.83058
1.80891
1.79058
1.76834
1.74564
1.72444
1.70625
1.68762
1.66936
1.65455
1.6337
1.60088
1.57849
1.5628
1.54278
1.51592
1.50317
1.49597
1.48242
1.45861
1.44441
1.43706
1.42617
1.40924
1.38693
1.3772
1.37132
1.3596
1.34009
1.33196
1.32822
1.32098
1.30735
1.28783
1.27757
1.27177
1.26449
1.25109
1.24236
1.23553
1.22766
1.21666
1.20249
1.19434
1.18692
1.17455
1.16161
1.15144
1.14253
1.13499
1.12912
1.12399
1.11898
1.11364
1.10737
1.10138
1.09639
1.09111
1.08489
1.07927
1.07446
1.06779
1.05882
1.04779
1.03688
1.02837
1.02339
1.02206
1.02262
1.02547
1.02831
1.02898
1.02662
1.02129
1.01458
1.00705
1.00194
1.00072
1.00159
1.00714
1.01382
1.01458
1.01357
1.01117
1.00866
1.00676
1.00486
1.00312
1.00266
1.00247
1.00229
1.00238
1.00373
1.00804
1.014
1.01647
1.01683
1.01723
1.01754
1.01741
1.01549
1.01027
1.00354
1.00025
0.999974
1.00006
1.00018
1.00032
1.00047
1.00126
1.01647
1.29673
1.73578
1.90647
1.94975
1.93535
1.90234
1.87714
1.86051
1.84305
1.82091
1.80263
1.78418
1.76251
1.73711
1.71955
1.70719
1.6864
1.6612
1.649
1.63554
1.61164
1.58598
1.56309
1.53977
1.51354
1.50417
1.50083
1.49031
1.46802
1.44664
1.43822
1.42828
1.41267
1.39205
1.38238
1.37629
1.3643
1.34339
1.33448
1.33118
1.32381
1.31022
1.29138
1.27955
1.27368
1.26602
1.25325
1.24596
1.23956
1.23078
1.22125
1.2094
1.19806
1.18619
1.16896
1.15365
1.1433
1.13296
1.12389
1.11744
1.11128
1.10445
1.09739
1.09091
1.08491
1.07922
1.07359
1.06773
1.06114
1.05368
1.04554
1.03597
1.02575
1.01714
1.01132
1.00768
1.00651
1.00736
1.01031
1.01331
1.01224
1.00899
1.00693
1.00436
1.00026
0.997754
0.998563
1.00603
1.01412
1.01483
1.01447
1.01306
1.01048
1.00752
1.00527
1.00357
1.00276
1.00259
1.00284
1.00446
1.00788
1.0123
1.0156
1.0166
1.01677
1.01666
1.01624
1.01569
1.01407
1.00937
1.00318
1.00078
1.00044
1.00026
1.0001
1.0002
1.00043
1.00081
1.00226
1.00015
1.02137
1.30295
1.69467
1.87504
1.91885
1.90297
1.87543
1.85185
1.82978
1.81007
1.79363
1.77555
1.75624
1.73228
1.70979
1.69971
1.68414
1.66327
1.64198
1.62632
1.60866
1.58834
1.5681
1.54691
1.51591
1.50079
1.49791
1.48859
1.46987
1.45211
1.44317
1.43288
1.41582
1.39179
1.382
1.37794
1.36746
1.348
1.33759
1.33311
1.3252
1.30992
1.28929
1.27976
1.27486
1.2678
1.25568
1.24808
1.24248
1.23381
1.22344
1.21275
1.19991
1.18567
1.16888
1.15539
1.14538
1.13445
1.12501
1.11679
1.10797
1.09846
1.08848
1.0787
1.07011
1.06272
1.05655
1.05122
1.04481
1.03538
1.02478
1.01442
1.00469
0.996806
0.993278
0.992675
0.993767
0.996892
0.998683
0.994876
0.987885
0.986749
0.986743
0.986647
0.986961
0.988823
0.994449
1.00653
1.01386
1.01368
1.01259
1.01031
1.00656
1.00414
1.00305
1.00254
1.00263
1.00363
1.00588
1.00967
1.01394
1.01574
1.01618
1.01649
1.01673
1.01675
1.01572
1.01215
1.00666
1.00204
1.00027
1.00007
1.00018
1.00044
1.00074
1.00111
1.00163
1.00236
1.0046
1
1.00021
1.02334
1.27852
1.67202
1.83986
1.88475
1.87543
1.85078
1.81854
1.79548
1.78224
1.76581
1.7481
1.72648
1.7077
1.69131
1.67532
1.65767
1.63675
1.62036
1.60337
1.58413
1.56759
1.54984
1.52205
1.50128
1.49563
1.4877
1.47067
1.45158
1.44396
1.43507
1.41873
1.39445
1.38438
1.37992
1.36984
1.34903
1.33737
1.33316
1.32523
1.31026
1.28975
1.27969
1.27492
1.26717
1.25507
1.24855
1.24384
1.23574
1.22472
1.21334
1.19759
1.18152
1.16868
1.15718
1.14651
1.1354
1.12707
1.11862
1.10756
1.09553
1.08351
1.07169
1.06143
1.05334
1.04721
1.04154
1.03371
1.02361
1.01324
1.00337
0.994301
0.987146
0.984603
0.984809
0.987646
0.988914
0.985091
0.975707
0.970715
0.97019
0.97002
0.970055
0.971464
0.977752
0.98972
1.00254
1.00672
1.0067
1.00634
1.00486
1.00254
1.00092
1.00045
1.0007
1.00234
1.00585
1.01019
1.01344
1.01463
1.01481
1.01487
1.01486
1.01445
1.0129
1.0092
1.00384
1.00032
0.999897
0.999991
0.999927
0.999954
1.00026
1.00101
1.00219
1.00363
1.00503
1.00801
1
1
1.00024
1.02078
1.25277
1.62997
1.79501
1.85367
1.84674
1.81945
1.78881
1.77129
1.75713
1.74039
1.72253
1.70472
1.68129
1.66162
1.64722
1.63261
1.61697
1.60222
1.58528
1.56497
1.54514
1.52308
1.50215
1.49521
1.48693
1.47048
1.45208
1.44369
1.43544
1.41903
1.39254
1.38338
1.38059
1.37183
1.35269
1.33767
1.33172
1.32321
1.30772
1.28737
1.27945
1.27535
1.26757
1.25441
1.24734
1.24314
1.23558
1.22427
1.21068
1.19315
1.17998
1.17113
1.16017
1.14877
1.1383
1.13069
1.12169
1.10925
1.09627
1.08336
1.07143
1.06202
1.05418
1.04684
1.03804
1.02784
1.01711
1.00633
0.996873
0.989232
0.984187
0.98197
0.982438
0.98373
0.981728
0.975068
0.967214
0.962578
0.962097
0.962225
0.962822
0.964855
0.971645
0.983482
0.990199
0.991688
0.992535
0.993197
0.993806
0.994397
0.994959
0.995823
0.997716
1.00143
1.00647
1.01093
1.01308
1.01328
1.01324
1.01302
1.0116
1.00847
1.00432
1.00115
1.00022
1.00007
0.999959
1.00022
1.00059
1.00102
1.00169
1.00289
1.00457
1.00635
1.00809
1.01195
1
1
1
1.00022
1.01642
1.22386
1.5551
1.76244
1.82466
1.81634
1.79109
1.76769
1.75033
1.72859
1.71556
1.69929
1.67754
1.65334
1.6359
1.62432
1.61169
1.5993
1.58461
1.56592
1.5446
1.51977
1.50108
1.49295
1.48405
1.47022
1.45158
1.44252
1.43491
1.41972
1.39399
1.3842
1.38032
1.37134
1.35211
1.33632
1.33032
1.32204
1.3075
1.28711
1.27749
1.2734
1.26574
1.25131
1.24488
1.24202
1.23524
1.22274
1.20568
1.18876
1.17984
1.17258
1.16116
1.14962
1.1402
1.13328
1.1242
1.11143
1.09781
1.08491
1.07401
1.06523
1.05661
1.04705
1.03673
1.02599
1.01463
1.00371
0.994625
0.987994
0.984973
0.984937
0.985378
0.98289
0.976797
0.970275
0.963867
0.960195
0.959946
0.959982
0.961119
0.965594
0.971702
0.976048
0.977908
0.979177
0.9807
0.982609
0.984881
0.987418
0.990127
0.992973
0.996542
1.00141
1.00631
1.00847
1.00859
1.00854
1.00822
1.00692
1.00431
1.00132
0.999858
0.999645
0.999641
0.999766
1.00012
1.00075
1.00175
1.00313
1.00507
1.00727
1.00889
1.00992
1.01118
1.01598
1
1
1
1
1.00015
1.01318
1.16638
1.48532
1.72081
1.79078
1.78462
1.77129
1.75403
1.72643
1.70544
1.68855
1.67192
1.65256
1.63569
1.62254
1.60715
1.59091
1.57949
1.56358
1.5423
1.52021
1.50313
1.49071
1.47987
1.46694
1.45094
1.44125
1.43372
1.41953
1.39313
1.38367
1.37947
1.37086
1.3522
1.33344
1.32724
1.31957
1.30588
1.28683
1.27597
1.27141
1.26444
1.24941
1.24185
1.23973
1.23356
1.21911
1.2005
1.18781
1.18118
1.17412
1.16202
1.15061
1.14202
1.13529
1.12586
1.11261
1.09931
1.08762
1.07862
1.07106
1.06169
1.05027
1.03963
1.02908
1.01765
1.00745
0.999655
0.99452
0.992976
0.992818
0.99141
0.986452
0.980254
0.974093
0.968275
0.965301
0.964748
0.96467
0.965348
0.968558
0.971905
0.973121
0.974102
0.975318
0.976882
0.978865
0.981168
0.98371
0.986584
0.990125
0.994939
1.00085
1.00313
1.00313
1.00301
1.0027
1.00227
1.00171
1.00082
1.00004
0.999811
0.999933
1.00001
1.00002
1.00024
1.00098
1.00281
1.00577
1.0086
1.01048
1.01193
1.01336
1.01575
1.02337
1
1
1
1
1
1.00011
1.00703
1.11531
1.41498
1.68156
1.74022
1.75741
1.75351
1.73182
1.70633
1.68344
1.66429
1.64843
1.63346
1.6206
1.60504
1.59099
1.57708
1.56071
1.54003
1.51407
1.50238
1.49415
1.4808
1.46575
1.44728
1.43774
1.4315
1.41892
1.39686
1.38367
1.37766
1.36877
1.35025
1.33188
1.32611
1.31912
1.30615
1.28731
1.27362
1.26843
1.26256
1.25045
1.24059
1.23779
1.2312
1.21467
1.19768
1.18803
1.18212
1.17519
1.16342
1.15197
1.14365
1.13704
1.12726
1.11372
1.1016
1.09128
1.08339
1.07608
1.06583
1.05464
1.04443
1.03382
1.0228
1.01449
1.00846
1.00497
1.00358
1.00172
0.997261
0.99093
0.984725
0.979005
0.974515
0.972382
0.97183
0.972107
0.973359
0.973395
0.972586
0.972854
0.973599
0.974607
0.975963
0.977861
0.980288
0.983059
0.98604
0.989553
0.995011
0.999693
1.00017
1.00041
1.00088
1.00095
1.00089
1.00082
1.00019
0.999403
0.999674
1.00034
1.00107
1.00192
1.00326
1.00577
1.00958
1.0128
1.01382
1.01366
1.01364
1.01502
1.02065
1.03372
1
1
1
1
1
1
1.00004
1.00381
1.07383
1.35123
1.61928
1.69509
1.73012
1.72829
1.71171
1.68625
1.66256
1.64804
1.6345
1.61917
1.60467
1.58772
1.56928
1.55651
1.54233
1.51904
1.50408
1.49229
1.4785
1.46361
1.44584
1.43797
1.43086
1.41824
1.39775
1.3845
1.37687
1.367
1.34881
1.33125
1.32539
1.31896
1.30713
1.28868
1.27247
1.26633
1.26093
1.25225
1.24155
1.23569
1.2281
1.21173
1.19758
1.18877
1.18306
1.17642
1.1658
1.15419
1.14556
1.13813
1.12812
1.1155
1.10492
1.09581
1.08907
1.08207
1.07182
1.06105
1.05089
1.03982
1.03009
1.02374
1.01915
1.01692
1.01562
1.01276
1.00751
1.001
0.994258
0.988554
0.98559
0.984173
0.98345
0.983861
0.984368
0.982704
0.979677
0.979404
0.979814
0.980649
0.98176
0.983143
0.984812
0.986772
0.988943
0.991902
0.996749
0.9992
0.999321
0.999619
1.00026
1.00038
1.00027
1.00022
0.999956
0.999697
1.00005
1.00047
1.00115
1.00285
1.00628
1.01066
1.01376
1.0153
1.01642
1.01743
1.0188
1.02301
1.03458
1.04687
1
1
1
1
1
1
1
1.00002
1.00187
1.0459
1.27493
1.51499
1.64701
1.7071
1.70697
1.69722
1.67128
1.65062
1.63391
1.61478
1.60257
1.58739
1.5702
1.55554
1.54109
1.52023
1.50421
1.49236
1.48074
1.4647
1.4437
1.43688
1.43062
1.41885
1.40019
1.3854
1.37592
1.36514
1.34683
1.33268
1.32693
1.31877
1.30754
1.2925
1.27408
1.26378
1.25841
1.2523
1.24359
1.23377
1.22523
1.21304
1.19937
1.18995
1.18441
1.17875
1.1693
1.15853
1.14911
1.1407
1.13213
1.12209
1.1131
1.1057
1.10069
1.0951
1.08606
1.07619
1.06632
1.05669
1.05004
1.04535
1.04152
1.03884
1.03547
1.03041
1.02418
1.01686
1.00926
1.00372
1.00125
0.999638
0.998384
0.997371
0.995286
0.991691
0.988738
0.987915
0.987407
0.987208
0.987436
0.988212
0.989367
0.99089
0.992962
0.996177
0.999553
0.999937
0.999921
1.0002
1.00086
1.00112
1.00106
1.00102
1.00144
1.00225
1.00329
1.00468
1.0071
1.01125
1.0156
1.01735
1.01738
1.01666
1.0168
1.01857
1.0246
1.03768
1.05226
1.05506
1
1
1
1
1
1
1
1
1.00001
1.00083
1.02343
1.17578
1.40856
1.58862
1.67611
1.68587
1.67623
1.66094
1.64252
1.61761
1.59942
1.58555
1.56827
1.55222
1.54198
1.52753
1.50629
1.48887
1.47858
1.46583
1.44782
1.43949
1.43161
1.41983
1.39926
1.38412
1.37572
1.36588
1.34666
1.33508
1.33053
1.3216
1.30704
1.29342
1.28063
1.266
1.25499
1.25029
1.2441
1.23351
1.22458
1.21731
1.20607
1.19548
1.18966
1.18679
1.18141
1.1757
1.16977
1.16477
1.16536
1.1665
1.16607
1.1668
1.16879
1.169
1.16531
1.15733
1.15067
1.14739
1.14367
1.13842
1.13251
1.1257
1.11766
1.10856
1.09765
1.08422
1.07043
1.06006
1.05246
1.04552
1.0389
1.03206
1.02439
1.01658
1.01052
1.00693
1.0046
1.00274
1.00119
1.00004
0.999767
0.999942
1.00098
1.00316
1.00392
1.00376
1.00349
1.00343
1.00347
1.0039
1.00395
1.00379
1.00383
1.00448
1.00602
1.00862
1.01248
1.0165
1.0188
1.02008
1.02111
1.02191
1.02394
1.03025
1.04386
1.0577
1.06126
1.05861
1
1
1
1
1
1
1
1
1
1
1.00027
1.00887
1.08878
1.30128
1.54214
1.63125
1.64735
1.64915
1.64545
1.62773
1.60656
1.5908
1.57335
1.54796
1.53389
1.52699
1.51413
1.49726
1.47968
1.46279
1.45054
1.44177
1.4331
1.42339
1.40426
1.3819
1.37385
1.36692
1.35039
1.33792
1.33347
1.32655
1.31105
1.29094
1.28203
1.273
1.2587
1.25049
1.2456
1.23922
1.23557
1.23461
1.23501
1.23671
1.24205
1.2541
1.27026
1.28363
1.29393
1.30201
1.30945
1.31747
1.31998
1.32254
1.32187
1.31774
1.30698
1.29534
1.28809
1.28275
1.27714
1.2691
1.26016
1.25135
1.24246
1.23207
1.21826
1.20148
1.18589
1.17375
1.16314
1.15244
1.14087
1.12744
1.11161
1.09406
1.07667
1.06151
1.04936
1.03948
1.03086
1.02341
1.01783
1.01417
1.01164
1.00961
1.00897
1.00883
1.0085
1.00751
1.007
1.00747
1.00763
1.00797
1.00901
1.01101
1.01387
1.01718
1.01937
1.01976
1.01991
1.02039
1.02216
1.02721
1.0373
1.05271
1.06464
1.06676
1.0649
1.05311
1
1
1
1
1
1
1
1
1
1
1
1.00006
1.00268
1.03872
1.21545
1.44564
1.59302
1.60919
1.61942
1.62219
1.61485
1.60046
1.58179
1.55979
1.54103
1.5182
1.507
1.49999
1.48782
1.4665
1.45396
1.44572
1.43375
1.42148
1.40853
1.38927
1.37389
1.36558
1.3553
1.3442
1.33747
1.32947
1.31578
1.29542
1.28624
1.28502
1.2796
1.28109
1.28943
1.30889
1.33642
1.36119
1.38449
1.40392
1.41897
1.42977
1.43708
1.44296
1.44058
1.43571
1.43427
1.43064
1.42331
1.41444
1.40459
1.39325
1.37866
1.36458
1.35473
1.34678
1.33854
1.32938
1.32013
1.31178
1.30356
1.29374
1.28096
1.26678
1.25461
1.24541
1.23784
1.23058
1.22251
1.21275
1.20101
1.18731
1.17229
1.15703
1.14226
1.12744
1.11138
1.09329
1.07342
1.05413
1.03896
1.02912
1.02366
1.02047
1.01794
1.01548
1.01485
1.01512
1.01523
1.01559
1.01667
1.01854
1.02092
1.02324
1.02473
1.02559
1.0267
1.02934
1.03569
1.04794
1.06351
1.07196
1.0725
1.06878
1.05671
1.02809
1
1
1
1
1
1
1
1
1
1
1
1
1.00001
1.00065
1.01716
1.12608
1.34669
1.48743
1.56667
1.61027
1.61082
1.60315
1.59018
1.57142
1.54937
1.52624
1.50569
1.49566
1.49018
1.4753
1.45756
1.44982
1.43964
1.42068
1.40547
1.39469
1.38125
1.36816
1.35697
1.35162
1.34805
1.34303
1.33889
1.34276
1.3563
1.38384
1.41865
1.45324
1.48306
1.51242
1.53469
1.53798
1.53794
1.53327
1.52391
1.51513
1.50489
1.49326
1.47815
1.46487
1.4552
1.44494
1.43362
1.42059
1.40624
1.3912
1.37697
1.3646
1.35437
1.34548
1.33706
1.32865
1.32039
1.31262
1.30459
1.29474
1.28318
1.27213
1.26323
1.25685
1.25186
1.24714
1.2421
1.23642
1.22966
1.22138
1.21218
1.20383
1.19697
1.19062
1.18329
1.17311
1.15804
1.13703
1.11269
1.08986
1.06898
1.04975
1.03488
1.02674
1.02377
1.02345
1.02346
1.0236
1.02409
1.02473
1.02534
1.02602
1.02739
1.03045
1.03624
1.04631
1.06123
1.07474
1.07906
1.07803
1.07156
1.05444
1.02439
1.00324
1
1
1
1
1
1
1
1
1
1
1
1
1
1
1.0002
1.00556
1.05458
1.21377
1.37618
1.52997
1.57612
1.58544
1.58233
1.57747
1.55883
1.5369
1.51707
1.49999
1.49245
1.48193
1.46448
1.45105
1.44014
1.42413
1.40702
1.39968
1.39452
1.38631
1.38818
1.4008
1.42845
1.47142
1.51831
1.55604
1.581
1.60162
1.6177
1.61967
1.62262
1.62685
1.62225
1.60963
1.59309
1.57921
1.56577
1.55145
1.53756
1.52358
1.50879
1.49401
1.48004
1.4665
1.45294
1.43848
1.42291
1.40755
1.39423
1.3826
1.37203
1.36214
1.35272
1.34369
1.33514
1.32729
1.31912
1.30913
1.29821
1.28981
1.28404
1.27925
1.27491
1.27068
1.26659
1.2624
1.25696
1.24932
1.2411
1.23475
1.22998
1.22543
1.22026
1.21367
1.20459
1.19345
1.17934
1.16435
1.14832
1.12839
1.10369
1.0777
1.05694
1.04494
1.03929
1.03691
1.03626
1.03629
1.03646
1.03742
1.04066
1.04803
1.06076
1.07592
1.08468
1.08554
1.08236
1.072
1.04827
1.01634
1.00144
1.00002
1
1
1
1
1
1
1
1
1
1
1
1
1
1
1
1.00003
1.0011
1.01715
1.0947
1.27117
1.45732
1.52007
1.55078
1.56527
1.56196
1.55171
1.53684
1.51954
1.50183
1.48583
1.46877
1.45566
1.44506
1.43343
1.43087
1.44204
1.47399
1.52617
1.58388
1.63263
1.66984
1.69207
1.70106
1.69681
1.67991
1.66917
1.65969
1.64397
1.6244
1.60982
1.59719
1.58374
1.56848
1.55259
1.53547
1.5188
1.50461
1.49061
1.47493
1.45847
1.44407
1.43117
1.4183
1.40477
1.39074
1.37775
1.36666
1.35677
1.34761
1.33863
1.32923
1.31936
1.30988
1.30141
1.2934
1.28424
1.2746
1.26819
1.26335
1.25885
1.25448
1.25011
1.24556
1.24086
1.23596
1.23034
1.22612
1.22363
1.22249
1.22069
1.21763
1.2119
1.20254
1.19247
1.18643
1.18226
1.17829
1.17331
1.16533
1.1514
1.12871
1.10002
1.07557
1.05981
1.05188
1.04957
1.04986
1.05322
1.06237
1.0769
1.08901
1.0924
1.09101
1.08459
1.06853
1.03761
1.00855
1.00042
1
1
1
1
1
1
1
1
1
1
1
1
1
1
1
1
1
1
1
1.00017
1.00342
1.03356
1.17391
1.33493
1.43956
1.52241
1.53634
1.53798
1.53482
1.53136
1.52089
1.50867
1.50027
1.50427
1.52372
1.56228
1.60976
1.6634
1.72062
1.76066
1.78603
1.79457
1.78944
1.77955
1.76438
1.74435
1.72173
1.7056
1.69015
1.67059
1.64695
1.62235
1.59464
1.56588
1.54221
1.52376
1.50727
1.4923
1.47937
1.4666
1.4521
1.43688
1.4237
1.41243
1.40148
1.39004
1.37842
1.36746
1.35757
1.34871
1.34044
1.33222
1.3233
1.3133
1.303
1.29343
1.28486
1.27636
1.26853
1.26276
1.25788
1.25314
1.24831
1.24319
1.23703
1.22879
1.21979
1.21311
1.20868
1.20571
1.20369
1.20326
1.20342
1.20461
1.20611
1.20535
1.20477
1.2058
1.2069
1.20616
1.20389
1.19966
1.1912
1.17316
1.14904
1.12527
1.10514
1.09142
1.0862
1.08717
1.09363
1.09831
1.09796
1.09377
1.08331
1.05906
1.02389
1.00319
1.00008
1
1
1
1
1
1
1
1
1
1
1
1
1
1
1
1
1
1
1
1
1
1.00002
1.0006
1.01166
1.07262
1.18286
1.35277
1.44994
1.49822
1.52236
1.55853
1.60021
1.63517
1.67466
1.70302
1.73635
1.76555
1.77387
1.78885
1.79294
1.78615
1.78142
1.78171
1.77397
1.75894
1.74026
1.7147
1.68808
1.66995
1.65364
1.63501
1.61515
1.59515
1.5758
1.55742
1.54373
1.53074
1.51704
1.50247
1.48797
1.47332
1.45753
1.44119
1.42677
1.41502
1.40458
1.39434
1.38402
1.37364
1.36371
1.35504
1.34717
1.33921
1.33021
1.3196
1.30799
1.29721
1.28833
1.28078
1.27452
1.26939
1.26464
1.25998
1.25535
1.25017
1.24339
1.23407
1.22446
1.21855
1.21524
1.21254
1.20997
1.20713
1.20312
1.19697
1.18965
1.18675
1.18691
1.18905
1.19354
1.19846
1.20049
1.19885
1.1912
1.18622
1.1814
1.17496
1.16806
1.16014
1.14965
1.13562
1.11832
1.10313
1.09279
1.07487
1.04268
1.01118
1.00078
1.00001
1
1
1
1
1
1
1
1
1
1
1
1
1
1
1
1
1
1
1
1
1
1
1
1
1.00011
1.00205
1.01575
1.0919
1.26885
1.42954
1.57766
1.69763
1.7946
1.87736
1.93464
1.96995
2.00107
2.00364
1.98451
1.96206
1.93715
1.8973
1.848
1.80591
1.76918
1.73541
1.70487
1.67411
1.65028
1.63641
1.62212
1.60558
1.5886
1.57043
1.55133
1.53381
1.52038
1.50911
1.49692
1.48348
1.47001
1.45589
1.44012
1.42368
1.40918
1.39728
1.38663
1.37652
1.36687
1.35681
1.34653
1.33766
1.33
1.32237
1.31396
1.30425
1.29304
1.28167
1.27191
1.26424
1.25887
1.25466
1.25065
1.24672
1.24269
1.23799
1.23175
1.22282
1.2128
1.20654
1.2033
1.20054
1.19754
1.19411
1.18949
1.18216
1.17254
1.16639
1.1645
1.16402
1.16461
1.16882
1.17861
1.19408
1.21348
1.23049
1.24134
1.24538
1.24415
1.23642
1.22028
1.19349
1.15703
1.11217
1.06181
1.02165
1.00316
1.00011
1
1
1
1
1
1
)
;

boundaryField
{
    inlet
    {
        type            fixedValue;
        value           uniform 1;
    }
    outlet
    {
        type            inletOutlet;
        inletValue      uniform 1;
        value           nonuniform List<scalar> 
40
(
1.00181
1.00161
1.00168
1.00163
1.00155
1.00158
1.00155
1.0015
1.00144
1.00122
1.00086
1.00042
0.999846
0.99927
0.999279
0.999137
0.999203
0.999392
0.999784
1.00008
1.00048
1.00138
1.00253
1.00503
1.00857
1.01274
1.01714
1.0252
1.03627
1.04846
1.05533
1.05797
1.04977
1.02235
1.00174
1
1
1
1
1
)
;
    }
    bottom
    {
        type            symmetryPlane;
    }
    top
    {
        type            symmetryPlane;
    }
    obstacle
    {
        type            zeroGradient;
    }
    defaultFaces
    {
        type            empty;
    }
}


// ************************************************************************* //
