/*--------------------------------*- C++ -*----------------------------------*\
  =========                 |
  \\      /  F ield         | OpenFOAM: The Open Source CFD Toolbox
   \\    /   O peration     | Website:  https://openfoam.org
    \\  /    A nd           | Version:  9
     \\/     M anipulation  |
\*---------------------------------------------------------------------------*/
FoamFile
{
    format      ascii;
    class       volScalarField;
    location    "33.6";
    object      p;
}
// * * * * * * * * * * * * * * * * * * * * * * * * * * * * * * * * * * * * * //

dimensions      [0 2 -2 0 0 0 0];

internalField   nonuniform List<scalar> 
8500
(
-0.300218
-0.304435
-0.305273
-0.307025
-0.309116
-0.309367
-0.313132
-0.30951
-0.3157
-0.308388
-0.300483
-0.304639
-0.305471
-0.307191
-0.309314
-0.309461
-0.313429
-0.309445
-0.316114
-0.308276
-0.301006
-0.305041
-0.305859
-0.307515
-0.309704
-0.309639
-0.314016
-0.309299
-0.316937
-0.308047
-0.301775
-0.305631
-0.306425
-0.307983
-0.310266
-0.30988
-0.314871
-0.309042
-0.318157
-0.307701
-0.30277
-0.306393
-0.307151
-0.308571
-0.310977
-0.310158
-0.31596
-0.308638
-0.31975
-0.307232
-0.303968
-0.307309
-0.308013
-0.309253
-0.311801
-0.310447
-0.317229
-0.308051
-0.321675
-0.306622
-0.305344
-0.308357
-0.308986
-0.31
-0.312694
-0.310723
-0.318602
-0.307251
-0.323876
-0.305813
-0.306871
-0.309515
-0.310042
-0.310783
-0.313604
-0.310973
-0.319984
-0.306226
-0.326261
-0.304794
-0.308523
-0.310763
-0.311152
-0.311577
-0.314474
-0.311193
-0.321257
-0.305052
-0.328387
-0.303775
-0.310277
-0.312081
-0.312287
-0.31236
-0.315248
-0.311399
-0.322205
-0.303956
-0.330183
-0.302378
-0.312113
-0.313454
-0.313425
-0.313117
-0.315866
-0.311677
-0.322694
-0.302833
-0.331606
-0.300761
-0.314018
-0.31487
-0.314545
-0.31384
-0.316225
-0.312072
-0.322738
-0.301755
-0.332246
-0.299404
-0.315987
-0.316324
-0.315636
-0.314545
-0.316349
-0.312455
-0.322336
-0.301045
-0.331557
-0.298861
-0.318022
-0.317815
-0.31669
-0.315211
-0.316292
-0.312771
-0.321421
-0.300862
-0.329146
-0.299155
-0.320135
-0.319351
-0.31772
-0.315818
-0.316102
-0.313006
-0.320058
-0.301127
-0.324997
-0.299479
-0.322353
-0.320938
-0.318762
-0.316372
-0.31583
-0.312959
-0.318372
-0.301472
-0.319611
-0.298737
-0.324708
-0.322597
-0.319846
-0.316904
-0.31555
-0.312597
-0.316449
-0.301509
-0.313631
-0.296411
-0.327242
-0.324361
-0.321006
-0.317454
-0.315325
-0.31194
-0.314258
-0.301045
-0.307313
-0.29252
-0.330003
-0.326265
-0.322287
-0.318058
-0.315158
-0.311098
-0.311708
-0.300005
-0.300584
-0.287483
-0.333048
-0.328349
-0.323738
-0.318743
-0.315011
-0.310191
-0.308777
-0.29825
-0.29349
-0.28208
-0.336431
-0.330662
-0.325411
-0.319509
-0.314856
-0.309259
-0.305539
-0.295553
-0.286649
-0.276799
-0.340198
-0.333275
-0.327344
-0.320339
-0.314727
-0.308239
-0.302078
-0.291862
-0.280506
-0.27026
-0.344421
-0.336238
-0.329544
-0.321245
-0.31468
-0.30701
-0.298423
-0.287443
-0.274341
-0.263504
-0.349166
-0.339616
-0.331972
-0.322307
-0.31471
-0.305466
-0.294575
-0.282433
-0.268174
-0.256704
-0.354494
-0.343462
-0.334577
-0.323658
-0.314727
-0.303548
-0.290487
-0.277032
-0.261894
-0.249815
-0.360473
-0.347786
-0.337363
-0.32537
-0.314609
-0.301228
-0.286138
-0.271333
-0.255476
-0.242904
-0.367177
-0.352541
-0.340444
-0.327368
-0.314256
-0.298503
-0.281511
-0.265397
-0.248922
-0.235902
-0.374676
-0.357629
-0.344022
-0.329448
-0.31359
-0.295376
-0.276597
-0.259249
-0.242217
-0.228809
-0.383012
-0.362946
-0.348282
-0.331394
-0.312541
-0.291852
-0.271389
-0.252889
-0.235357
-0.221585
-0.392162
-0.368431
-0.353266
-0.333053
-0.311041
-0.287925
-0.265875
-0.246308
-0.228323
-0.21421
-0.402006
-0.374098
-0.358793
-0.334329
-0.309025
-0.283575
-0.260039
-0.239487
-0.221098
-0.206657
-0.412321
-0.380024
-0.364475
-0.335144
-0.306441
-0.278774
-0.253857
-0.232405
-0.213658
-0.198905
-0.422774
-0.386307
-0.369826
-0.335409
-0.303244
-0.273486
-0.247301
-0.225038
-0.205979
-0.190931
-0.433047
-0.393008
-0.374384
-0.335009
-0.299397
-0.267672
-0.240339
-0.217358
-0.19804
-0.182719
-0.442836
-0.400092
-0.377798
-0.333813
-0.294857
-0.261298
-0.232939
-0.209336
-0.189818
-0.174249
-0.451883
-0.407388
-0.379848
-0.331685
-0.289578
-0.254332
-0.225067
-0.200945
-0.181293
-0.165506
-0.459987
-0.414568
-0.380431
-0.328498
-0.283509
-0.24674
-0.216695
-0.19216
-0.172445
-0.156476
-0.466988
-0.421178
-0.379534
-0.324153
-0.276596
-0.238488
-0.207793
-0.182958
-0.163254
-0.147153
-0.472757
-0.426691
-0.377183
-0.31858
-0.268787
-0.229543
-0.198335
-0.173318
-0.153707
-0.137546
-0.477186
-0.430631
-0.37336
-0.311733
-0.260031
-0.219872
-0.1883
-0.163222
-0.14379
-0.12768
-0.480176
-0.432663
-0.367944
-0.303565
-0.250289
-0.209446
-0.177668
-0.152653
-0.133492
-0.117572
-0.481617
-0.432507
-0.360841
-0.294034
-0.239523
-0.19824
-0.166424
-0.141598
-0.122806
-0.1072
-0.481381
-0.429965
-0.351992
-0.2831
-0.227706
-0.186235
-0.154554
-0.130043
-0.11174
-0.0965025
-0.479309
-0.424898
-0.341351
-0.270739
-0.214819
-0.173416
-0.142045
-0.11798
-0.100338
-0.0853991
-0.475214
-0.417218
-0.328867
-0.256951
-0.200849
-0.159769
-0.128885
-0.10541
-0.0886454
-0.0738683
-0.468891
-0.406865
-0.314503
-0.24174
-0.185782
-0.14529
-0.115082
-0.0923731
-0.0766369
-0.0620442
-0.460122
-0.393806
-0.298237
-0.225104
-0.169604
-0.130001
-0.100674
-0.0789503
-0.0642003
-0.0500164
-0.448696
-0.378022
-0.280063
-0.207042
-0.152322
-0.113966
-0.0857253
-0.0651186
-0.0513447
-0.0377907
-0.43442
-0.359513
-0.259973
-0.187576
-0.134022
-0.0972417
-0.0701947
-0.0508881
-0.0381162
-0.0253737
-0.417134
-0.338297
-0.237957
-0.16679
-0.114855
-0.0797311
-0.0541225
-0.0362724
-0.0245626
-0.012779
-0.396721
-0.314433
-0.214015
-0.144839
-0.094761
-0.061489
-0.0375488
-0.0212961
-0.0107268
-3.31257e-05
-0.373113
-0.288049
-0.18823
-0.121693
-0.0737846
-0.042575
-0.0205172
-0.00599161
0.00334991
0.0128271
-0.3463
-0.25931
-0.160793
-0.0972699
-0.0519843
-0.0230552
-0.00307564
0.00960137
0.0176277
0.0257574
-0.316328
-0.228248
-0.131839
-0.0716853
-0.0294274
-0.00299972
0.0147217
0.0254388
0.0320701
0.0387132
-0.283318
-0.194604
-0.101759
-0.0450833
-0.00618816
0.0175163
0.0328143
0.0414754
0.0466458
0.0516508
-0.247446
-0.158683
-0.0705034
-0.0176136
0.0176468
0.0384131
0.0511373
0.0576697
0.0613227
0.0644999
-0.20881
-0.120893
-0.0381244
0.0105774
0.0419773
0.0596055
0.0696253
0.0739877
0.0760453
0.0770868
-0.16738
-0.0818648
-0.00475222
0.0393471
0.0666925
0.0810038
0.0882164
0.0903961
0.0907011
0.0890751
-0.123639
-0.0417587
0.0294336
0.0685528
0.0916728
0.102515
0.10685
0.106835
0.105115
0.100176
-0.0779462
-0.00076597
0.0642289
0.0980453
0.116792
0.124044
0.125457
0.123195
0.119125
0.110707
-0.0306815
0.0408763
0.0994139
0.127668
0.141921
0.145493
0.143954
0.139334
0.132678
0.121985
0.0177531
0.0829043
0.13476
0.157257
0.166924
0.166761
0.162244
0.155143
0.145976
0.133794
0.0669385
0.125037
0.170032
0.186642
0.191667
0.187744
0.180232
0.170588
0.159068
0.145645
0.116444
0.166981
0.204992
0.21565
0.216011
0.208333
0.197821
0.185623
0.171899
0.157361
0.165831
0.208438
0.239404
0.244103
0.239819
0.228416
0.214924
0.200201
0.184397
0.168762
0.214661
0.249107
0.27303
0.271826
0.262951
0.247884
0.231455
0.214266
0.196495
0.179752
0.262495
0.288689
0.305638
0.298644
0.285271
0.266628
0.24733
0.227754
0.208124
0.19025
0.308906
0.326892
0.337003
0.324383
0.306646
0.284543
0.262467
0.240602
0.219222
0.200198
0.353472
0.363435
0.366905
0.348877
0.326944
0.301524
0.276787
0.252748
0.229727
0.209546
0.395785
0.39806
0.395136
0.371963
0.346041
0.317472
0.290213
0.264129
0.239583
0.218252
0.435468
0.430508
0.421497
0.393487
0.363817
0.332295
0.302673
0.274687
0.248733
0.226276
0.472222
0.460492
0.445801
0.413303
0.38016
0.345903
0.314097
0.284366
0.257128
0.233586
0.505752
0.487754
0.46787
0.431276
0.394964
0.358215
0.324422
0.293114
0.264719
0.24015
0.535767
0.512079
0.487544
0.447281
0.408136
0.369158
0.33359
0.300883
0.271462
0.245943
0.562003
0.53328
0.504682
0.46121
0.41959
0.378665
0.34155
0.307627
0.277318
0.250942
0.58423
0.551198
0.519158
0.472966
0.429252
0.386678
0.348255
0.313309
0.282253
0.255131
0.602251
0.565696
0.530867
0.48247
0.437058
0.393149
0.353666
0.317895
0.286236
0.258495
0.615908
0.576666
0.539724
0.489655
0.442958
0.398037
0.357753
0.321359
0.289245
0.261025
0.62508
0.584026
0.545665
0.494473
0.446913
0.401312
0.36049
0.32368
0.291261
0.262714
0.629686
0.58772
0.548646
0.49689
0.448897
0.402955
0.361863
0.324844
0.292273
0.263559
0.629686
0.58772
0.548646
0.49689
0.448897
0.402955
0.361863
0.324844
0.292273
0.263559
0.62508
0.584026
0.545665
0.494473
0.446913
0.401312
0.36049
0.32368
0.291261
0.262714
0.615908
0.576666
0.539724
0.489655
0.442958
0.398037
0.357753
0.321359
0.289245
0.261025
0.602251
0.565696
0.530867
0.48247
0.437058
0.393149
0.353666
0.317895
0.286236
0.258495
0.58423
0.551198
0.519158
0.472966
0.429252
0.386678
0.348255
0.313309
0.282253
0.255131
0.562003
0.53328
0.504682
0.46121
0.41959
0.378665
0.34155
0.307627
0.277318
0.250942
0.535767
0.512079
0.487544
0.447281
0.408136
0.369158
0.33359
0.300883
0.271462
0.245943
0.505752
0.487754
0.46787
0.431276
0.394964
0.358215
0.324422
0.293114
0.264719
0.24015
0.472222
0.460492
0.445801
0.413303
0.38016
0.345903
0.314097
0.284366
0.257128
0.233586
0.435468
0.430508
0.421497
0.393487
0.363817
0.332295
0.302673
0.274687
0.248733
0.226276
0.395784
0.39806
0.395136
0.371963
0.346041
0.317472
0.290213
0.264129
0.239583
0.218252
0.353472
0.363435
0.366905
0.348877
0.326944
0.301524
0.276787
0.252748
0.229727
0.209546
0.308906
0.326892
0.337003
0.324383
0.306646
0.284543
0.262467
0.240602
0.219222
0.200198
0.262495
0.288689
0.305638
0.298644
0.285271
0.266628
0.24733
0.227754
0.208124
0.19025
0.214661
0.249107
0.27303
0.271826
0.262951
0.247884
0.231455
0.214266
0.196495
0.179752
0.165831
0.208438
0.239404
0.244103
0.239818
0.228416
0.214924
0.200201
0.184397
0.168762
0.116444
0.166981
0.204992
0.21565
0.216011
0.208333
0.197821
0.185623
0.171899
0.157361
0.0669385
0.125037
0.170032
0.186642
0.191667
0.187744
0.180232
0.170588
0.159068
0.145645
0.0177531
0.0829042
0.13476
0.157257
0.166924
0.166761
0.162244
0.155143
0.145976
0.133794
-0.0306815
0.0408762
0.0994139
0.127668
0.141921
0.145493
0.143954
0.139334
0.132678
0.121985
-0.0779463
-0.000766023
0.0642288
0.0980453
0.116792
0.124044
0.125457
0.123195
0.119125
0.110707
-0.123639
-0.0417588
0.0294336
0.0685528
0.0916728
0.102515
0.10685
0.106835
0.105115
0.100176
-0.16738
-0.0818648
-0.00475227
0.0393471
0.0666924
0.0810037
0.0882163
0.090396
0.0907011
0.0890751
-0.20881
-0.120893
-0.0381244
0.0105773
0.0419773
0.0596055
0.0696253
0.0739877
0.0760453
0.0770868
-0.247446
-0.158683
-0.0705034
-0.0176137
0.0176467
0.0384131
0.0511372
0.0576697
0.0613227
0.0644999
-0.283318
-0.194604
-0.101759
-0.0450834
-0.0061882
0.0175163
0.0328143
0.0414754
0.0466458
0.0516508
-0.316328
-0.228248
-0.131839
-0.0716854
-0.0294274
-0.00299976
0.0147217
0.0254388
0.0320701
0.0387132
-0.3463
-0.25931
-0.160793
-0.09727
-0.0519844
-0.0230552
-0.00307568
0.00960133
0.0176277
0.0257573
-0.373113
-0.288049
-0.18823
-0.121693
-0.0737846
-0.042575
-0.0205173
-0.00599164
0.00334988
0.012827
-0.396721
-0.314433
-0.214015
-0.144839
-0.094761
-0.0614891
-0.0375488
-0.0212961
-0.0107268
-3.31547e-05
-0.417134
-0.338297
-0.237957
-0.16679
-0.114855
-0.0797311
-0.0541226
-0.0362725
-0.0245626
-0.012779
-0.43442
-0.359513
-0.259973
-0.187576
-0.134022
-0.0972418
-0.0701948
-0.0508881
-0.0381162
-0.0253738
-0.448696
-0.378022
-0.280063
-0.207043
-0.152322
-0.113966
-0.0857254
-0.0651186
-0.0513448
-0.0377908
-0.460122
-0.393806
-0.298237
-0.225104
-0.169604
-0.130001
-0.100674
-0.0789503
-0.0642004
-0.0500165
-0.468891
-0.406866
-0.314503
-0.24174
-0.185782
-0.14529
-0.115082
-0.0923732
-0.0766369
-0.0620442
-0.475215
-0.417218
-0.328867
-0.256951
-0.200849
-0.159769
-0.128885
-0.10541
-0.0886454
-0.0738684
-0.479309
-0.424898
-0.341351
-0.270739
-0.214819
-0.173416
-0.142045
-0.11798
-0.100338
-0.0853991
-0.481381
-0.429965
-0.351992
-0.2831
-0.227706
-0.186235
-0.154554
-0.130043
-0.111741
-0.0965025
-0.481617
-0.432508
-0.360841
-0.294034
-0.239523
-0.19824
-0.166424
-0.141598
-0.122806
-0.1072
-0.480176
-0.432663
-0.367944
-0.303565
-0.250289
-0.209446
-0.177668
-0.152653
-0.133492
-0.117572
-0.477186
-0.430631
-0.37336
-0.311733
-0.260032
-0.219873
-0.1883
-0.163222
-0.14379
-0.12768
-0.472757
-0.426691
-0.377183
-0.31858
-0.268787
-0.229544
-0.198335
-0.173318
-0.153707
-0.137546
-0.466988
-0.421178
-0.379534
-0.324153
-0.276596
-0.238488
-0.207793
-0.182958
-0.163254
-0.147153
-0.459987
-0.414568
-0.380432
-0.328498
-0.283509
-0.24674
-0.216695
-0.19216
-0.172445
-0.156476
-0.451883
-0.407388
-0.379848
-0.331685
-0.289578
-0.254332
-0.225067
-0.200945
-0.181293
-0.165506
-0.442836
-0.400093
-0.377798
-0.333813
-0.294857
-0.261299
-0.232939
-0.209336
-0.189818
-0.174249
-0.433047
-0.393008
-0.374384
-0.335009
-0.299397
-0.267672
-0.240339
-0.217358
-0.19804
-0.182719
-0.422774
-0.386307
-0.369826
-0.335409
-0.303245
-0.273486
-0.247301
-0.225038
-0.20598
-0.190932
-0.412321
-0.380024
-0.364475
-0.335144
-0.306441
-0.278775
-0.253857
-0.232405
-0.213658
-0.198905
-0.402006
-0.374099
-0.358793
-0.334329
-0.309025
-0.283576
-0.260039
-0.239487
-0.221098
-0.206657
-0.392162
-0.368431
-0.353266
-0.333053
-0.311041
-0.287925
-0.265875
-0.246308
-0.228323
-0.21421
-0.383013
-0.362946
-0.348282
-0.331394
-0.312541
-0.291853
-0.271389
-0.252889
-0.235357
-0.221585
-0.374676
-0.357629
-0.344022
-0.329448
-0.31359
-0.295376
-0.276597
-0.259249
-0.242217
-0.228809
-0.367177
-0.352541
-0.340444
-0.327368
-0.314256
-0.298503
-0.281511
-0.265397
-0.248922
-0.235902
-0.360473
-0.347786
-0.337363
-0.32537
-0.314609
-0.301228
-0.286138
-0.271333
-0.255476
-0.242904
-0.354494
-0.343462
-0.334577
-0.323658
-0.314727
-0.303548
-0.290487
-0.277032
-0.261894
-0.249815
-0.349166
-0.339616
-0.331972
-0.322307
-0.31471
-0.305466
-0.294575
-0.282433
-0.268174
-0.256704
-0.344421
-0.336238
-0.329544
-0.321245
-0.31468
-0.30701
-0.298423
-0.287443
-0.274341
-0.263504
-0.340198
-0.333275
-0.327344
-0.320339
-0.314727
-0.308239
-0.302078
-0.291862
-0.280507
-0.270261
-0.336432
-0.330662
-0.325411
-0.319509
-0.314856
-0.309259
-0.305539
-0.295553
-0.286649
-0.276799
-0.333048
-0.328349
-0.323738
-0.318743
-0.315011
-0.310191
-0.308777
-0.298251
-0.29349
-0.28208
-0.330004
-0.326265
-0.322287
-0.318059
-0.315159
-0.311098
-0.311708
-0.300005
-0.300584
-0.287483
-0.327242
-0.324362
-0.321006
-0.317454
-0.315325
-0.31194
-0.314259
-0.301045
-0.307313
-0.29252
-0.324708
-0.322598
-0.319846
-0.316904
-0.315551
-0.312597
-0.316449
-0.301509
-0.313632
-0.296411
-0.322353
-0.320938
-0.318763
-0.316372
-0.31583
-0.312959
-0.318372
-0.301472
-0.319611
-0.298737
-0.320135
-0.319351
-0.31772
-0.315819
-0.316102
-0.313006
-0.320059
-0.301128
-0.324997
-0.299479
-0.318022
-0.317815
-0.31669
-0.315211
-0.316292
-0.312771
-0.321422
-0.300862
-0.329146
-0.299156
-0.315987
-0.316324
-0.315636
-0.314545
-0.316349
-0.312455
-0.322336
-0.301045
-0.331557
-0.298861
-0.314018
-0.31487
-0.314545
-0.31384
-0.316225
-0.312072
-0.322738
-0.301756
-0.332246
-0.299404
-0.312113
-0.313454
-0.313425
-0.313117
-0.315866
-0.311677
-0.322694
-0.302833
-0.331606
-0.300762
-0.310277
-0.312081
-0.312288
-0.31236
-0.315248
-0.311399
-0.322205
-0.303956
-0.330183
-0.302378
-0.308523
-0.310763
-0.311152
-0.311577
-0.314474
-0.311193
-0.321257
-0.305052
-0.328387
-0.303775
-0.306871
-0.309515
-0.310042
-0.310783
-0.313604
-0.310973
-0.319984
-0.306226
-0.326261
-0.304794
-0.305344
-0.308357
-0.308986
-0.31
-0.312694
-0.310723
-0.318602
-0.307251
-0.323876
-0.305813
-0.303968
-0.307309
-0.308013
-0.309253
-0.311801
-0.310447
-0.317229
-0.308051
-0.321675
-0.306622
-0.30277
-0.306393
-0.307151
-0.308571
-0.310977
-0.310158
-0.31596
-0.308638
-0.31975
-0.307232
-0.301775
-0.305631
-0.306425
-0.307983
-0.310266
-0.30988
-0.314871
-0.309043
-0.318157
-0.307701
-0.301006
-0.305041
-0.305859
-0.307515
-0.309704
-0.309639
-0.314016
-0.309299
-0.316937
-0.308048
-0.300483
-0.304639
-0.305471
-0.307191
-0.309314
-0.309461
-0.313429
-0.309445
-0.316114
-0.308276
-0.300218
-0.304435
-0.305273
-0.307025
-0.309116
-0.309367
-0.313132
-0.30951
-0.3157
-0.308388
-0.315749
-0.30615
-0.307093
-0.299075
-0.29479
-0.285967
-0.277924
-0.267015
-0.255539
-0.241865
-0.227012
-0.210476
-0.192718
-0.174081
-0.1549
-0.135849
-0.117205
-0.0994108
-0.0824943
-0.0658383
-0.0497799
-0.0345749
-0.0224589
-0.013061
-0.00708297
-0.00299546
-0.00108985
0.00054094
0.000577359
0.00121594
-0.31599
-0.306287
-0.307194
-0.299197
-0.294894
-0.286083
-0.278036
-0.267135
-0.255661
-0.241991
-0.227137
-0.210601
-0.192838
-0.174197
-0.155009
-0.135953
-0.117305
-0.0995111
-0.0826006
-0.0659497
-0.0498885
-0.0346691
-0.0225358
-0.01312
-0.00712778
-0.00302727
-0.00111348
0.000525042
0.000566932
0.00121112
-0.316442
-0.306543
-0.307388
-0.299428
-0.295093
-0.286307
-0.278257
-0.26737
-0.255898
-0.242236
-0.227383
-0.210847
-0.193076
-0.174424
-0.155225
-0.136159
-0.117502
-0.0997093
-0.08281
-0.0661689
-0.0501024
-0.0348555
-0.0226888
-0.0132381
-0.0072176
-0.0030913
-0.0011609
0.000493023
0.000546059
0.00120135
-0.317059
-0.306888
-0.307661
-0.299755
-0.295379
-0.28663
-0.278571
-0.267707
-0.25624
-0.242591
-0.227741
-0.211204
-0.193423
-0.174759
-0.155543
-0.136458
-0.117794
-0.1
-0.0831166
-0.0664885
-0.0504149
-0.0351303
-0.0229161
-0.0134151
-0.00735284
-0.00318832
-0.00123246
0.000444468
0.000514718
0.00118638
-0.31777
-0.307265
-0.307991
-0.30014
-0.295725
-0.287023
-0.278968
-0.268131
-0.256673
-0.243042
-0.228195
-0.211662
-0.193873
-0.175188
-0.155953
-0.136852
-0.118174
-0.100379
-0.0835125
-0.0668993
-0.0508178
-0.0354885
-0.0232156
-0.0136508
-0.00753397
-0.00331933
-0.00132861
0.000378846
0.000472885
0.00116591
-0.318491
-0.307656
-0.308339
-0.300577
-0.296128
-0.287484
-0.279414
-0.268627
-0.257179
-0.243574
-0.228736
-0.212202
-0.194401
-0.175704
-0.156452
-0.13733
-0.118638
-0.100838
-0.0839888
-0.067391
-0.0513017
-0.0359244
-0.0235846
-0.0139451
-0.00776145
-0.00348534
-0.00144978
0.000295607
0.000420552
0.00113963
-0.319195
-0.307926
-0.308705
-0.300986
-0.296546
-0.287949
-0.27992
-0.269156
-0.25774
-0.244159
-0.229331
-0.212815
-0.19501
-0.176297
-0.157027
-0.137884
-0.119179
-0.101372
-0.084537
-0.0679536
-0.0518575
-0.0364324
-0.0240202
-0.0142974
-0.00803549
-0.0036872
-0.00159633
0.000194277
0.00035775
0.00110725
-0.319613
-0.30824
-0.308944
-0.301425
-0.296916
-0.288455
-0.280396
-0.269731
-0.258318
-0.244793
-0.229977
-0.213478
-0.195673
-0.176951
-0.15767
-0.138508
-0.11979
-0.101973
-0.0851485
-0.0685777
-0.0524765
-0.0370067
-0.0245193
-0.0147066
-0.00835595
-0.00392536
-0.00176841
7.45628e-05
0.00028457
0.00106862
-0.319664
-0.308504
-0.309026
-0.301822
-0.297221
-0.288927
-0.28087
-0.270293
-0.258906
-0.245437
-0.230644
-0.214176
-0.19638
-0.177656
-0.15837
-0.139193
-0.120466
-0.102635
-0.0858158
-0.0692548
-0.0531509
-0.0376419
-0.0250787
-0.0151714
-0.00872206
-0.00419977
-0.00196588
-6.35789e-05
0.000201184
0.00102371
-0.319323
-0.308621
-0.308966
-0.302103
-0.297452
-0.289332
-0.28129
-0.270826
-0.259472
-0.246077
-0.231317
-0.214889
-0.197115
-0.178399
-0.159118
-0.139932
-0.121198
-0.103351
-0.0865322
-0.069978
-0.0538741
-0.0383328
-0.0256944
-0.0156893
-0.00913239
-0.00450971
-0.00218822
-0.000219886
0.000107872
0.000972653
-0.3183
-0.30859
-0.308678
-0.302239
-0.297547
-0.289642
-0.281635
-0.271298
-0.259992
-0.246686
-0.231972
-0.215601
-0.197863
-0.179169
-0.159904
-0.140716
-0.121982
-0.104117
-0.0872915
-0.0707409
-0.0546398
-0.0390739
-0.0263624
-0.0162573
-0.00958475
-0.00485381
-0.00243454
-0.000393772
5.03025e-06
0.000915725
-0.31641
-0.308302
-0.30812
-0.302169
-0.297486
-0.289793
-0.281862
-0.271673
-0.260439
-0.247239
-0.23259
-0.216293
-0.198609
-0.179953
-0.160719
-0.141539
-0.122809
-0.104925
-0.0880885
-0.0715384
-0.0554427
-0.0398601
-0.0270778
-0.0168716
-0.0100763
-0.00523002
-0.00270353
-0.000584339
-0.000106824
0.000853359
-0.313677
-0.30761
-0.307259
-0.301801
-0.297199
-0.28978
-0.281953
-0.271928
-0.26079
-0.247715
-0.233152
-0.216949
-0.199342
-0.180741
-0.161554
-0.142393
-0.123673
-0.105772
-0.0889186
-0.0723661
-0.056278
-0.040686
-0.0278355
-0.0175276
-0.0106034
-0.00563575
-0.00299351
-0.000790411
-0.000227056
0.000786097
-0.310501
-0.306316
-0.305996
-0.301118
-0.296647
-0.289483
-0.281827
-0.272021
-0.261013
-0.248091
-0.233642
-0.217554
-0.200048
-0.181525
-0.162402
-0.143272
-0.12457
-0.106653
-0.0897777
-0.0732203
-0.0571414
-0.0415465
-0.0286301
-0.0182205
-0.0111623
-0.00606799
-0.00330252
-0.00101059
-0.000354934
0.000714565
-0.30711
-0.304359
-0.304275
-0.300044
-0.295843
-0.289024
-0.28153
-0.271949
-0.261095
-0.248352
-0.234044
-0.218098
-0.200718
-0.182296
-0.163256
-0.144171
-0.125493
-0.107562
-0.0906626
-0.0740977
-0.0580287
-0.0424361
-0.0294561
-0.018945
-0.0117486
-0.00652345
-0.00362841
-0.00124333
-0.00048964
0.000639436
-0.303429
-0.301809
-0.302023
-0.298496
-0.294561
-0.288064
-0.280885
-0.271637
-0.261002
-0.248481
-0.234349
-0.218574
-0.201347
-0.183049
-0.164111
-0.145084
-0.126439
-0.108497
-0.0915703
-0.0749958
-0.0589366
-0.0433503
-0.0303081
-0.0196959
-0.0123581
-0.00699867
-0.00396883
-0.00148692
-0.000630294
0.000561405
-0.299589
-0.29863
-0.299257
-0.296549
-0.293095
-0.287159
-0.28015
-0.271176
-0.260757
-0.248476
-0.234551
-0.218975
-0.201929
-0.183781
-0.164965
-0.146011
-0.127405
-0.109455
-0.0924998
-0.075913
-0.0598622
-0.044284
-0.0311803
-0.0204673
-0.0129859
-0.00748985
-0.00432133
-0.00173966
-0.000776017
0.000481137
-0.295534
-0.294911
-0.295904
-0.293981
-0.290971
-0.285485
-0.278819
-0.270366
-0.260298
-0.248328
-0.234658
-0.219315
-0.202477
-0.184497
-0.165817
-0.146946
-0.128383
-0.110429
-0.0934423
-0.0768412
-0.0607973
-0.0452289
-0.0320656
-0.0212536
-0.0136283
-0.00799439
-0.00468434
-0.00200039
-0.000926145
0.000399193
-0.291309
-0.29092
-0.292413
-0.291401
-0.289001
-0.284114
-0.277889
-0.269569
-0.25974
-0.248053
-0.234641
-0.219546
-0.202938
-0.185154
-0.166636
-0.14787
-0.129368
-0.11142
-0.0944099
-0.077796
-0.0617591
-0.0462003
-0.0329766
-0.0220631
-0.0142898
-0.00851387
-0.0050578
-0.00226834
-0.00107997
0.000316203
-0.287339
-0.286131
-0.287666
-0.287489
-0.285774
-0.281574
-0.275637
-0.268215
-0.258933
-0.247703
-0.234668
-0.219902
-0.203573
-0.186007
-0.167646
-0.148971
-0.130505
-0.112536
-0.0954685
-0.0788162
-0.0627627
-0.0471977
-0.0338983
-0.022876
-0.0149499
-0.00903208
-0.00543059
-0.00253652
-0.00123456
0.000233583
-0.282161
-0.282393
-0.284141
-0.284591
-0.283371
-0.279777
-0.274651
-0.266894
-0.25776
-0.246742
-0.233912
-0.219353
-0.203232
-0.185861
-0.167682
-0.149162
-0.130818
-0.112934
-0.0959154
-0.0793102
-0.0633089
-0.0478089
-0.0345232
-0.023477
-0.0154721
-0.00946452
-0.00575421
-0.00277559
-0.00137539
0.000158394
-0.276498
-0.27752
-0.279465
-0.280427
-0.279562
-0.276246
-0.270969
-0.264191
-0.255491
-0.24483
-0.232328
-0.218081
-0.202264
-0.18518
-0.167272
-0.148982
-0.130829
-0.113085
-0.0961572
-0.0796318
-0.0637163
-0.04832
-0.035082
-0.0240383
-0.0159701
-0.00988248
-0.00606668
-0.00300694
-0.00150946
8.66463e-05
-0.270562
-0.272197
-0.274393
-0.275915
-0.275522
-0.272709
-0.268144
-0.261486
-0.253094
-0.24277
-0.230591
-0.216662
-0.201162
-0.184381
-0.166757
-0.148716
-0.130768
-0.113178
-0.0963506
-0.079916
-0.0640967
-0.0488166
-0.0356372
-0.0246059
-0.0164792
-0.0103141
-0.00639093
-0.00324844
-0.00164908
1.18818e-05
-0.264378
-0.266653
-0.269127
-0.271183
-0.271283
-0.268974
-0.264761
-0.258566
-0.250543
-0.240582
-0.228752
-0.215165
-0.200003
-0.183543
-0.166219
-0.148437
-0.130703
-0.113274
-0.0965539
-0.0802151
-0.0644948
-0.0493334
-0.0362129
-0.025194
-0.0170074
-0.0107627
-0.00672874
-0.0035005
-0.00179463
-6.56458e-05
-0.257896
-0.260917
-0.263685
-0.266233
-0.266824
-0.264997
-0.261209
-0.25545
-0.247823
-0.238249
-0.226795
-0.213573
-0.19877
-0.182651
-0.165643
-0.148135
-0.130627
-0.113368
-0.0967626
-0.080526
-0.0649088
-0.049869
-0.0368085
-0.0258028
-0.0175549
-0.0112287
-0.00708026
-0.00376316
-0.00194608
-0.000145775
-0.251161
-0.255011
-0.258094
-0.26109
-0.26217
-0.260828
-0.257488
-0.252168
-0.244951
-0.235783
-0.224723
-0.211886
-0.197461
-0.181701
-0.165024
-0.147804
-0.130532
-0.113454
-0.0969712
-0.0808438
-0.065334
-0.0504194
-0.0374207
-0.0264296
-0.0181197
-0.0117108
-0.00744471
-0.00403594
-0.00210313
-0.000228247
-0.244247
-0.248968
-0.252387
-0.255797
-0.257363
-0.256509
-0.253617
-0.248743
-0.24195
-0.233201
-0.222552
-0.210116
-0.196084
-0.180697
-0.164365
-0.147445
-0.13042
-0.113532
-0.0971789
-0.0811676
-0.0657693
-0.0509828
-0.0380476
-0.0270723
-0.0187003
-0.0122076
-0.00782122
-0.00431823
-0.00226541
-0.000312753
-0.237206
-0.242814
-0.246596
-0.250389
-0.252432
-0.252068
-0.249625
-0.245201
-0.238841
-0.230522
-0.220296
-0.208274
-0.194647
-0.179646
-0.163669
-0.147059
-0.13029
-0.1136
-0.0973856
-0.0814969
-0.0662142
-0.0515579
-0.0386874
-0.0277291
-0.019295
-0.0127179
-0.00820889
-0.00460937
-0.00243258
-0.000398959
-0.230089
-0.236572
-0.240742
-0.244893
-0.247401
-0.247525
-0.245533
-0.241559
-0.235641
-0.227759
-0.217965
-0.206368
-0.193156
-0.178551
-0.162938
-0.146648
-0.130142
-0.113659
-0.0975906
-0.0818311
-0.0666674
-0.052143
-0.0393383
-0.028398
-0.0199022
-0.0132404
-0.00860672
-0.00490861
-0.00260422
-0.000486509
-0.222944
-0.230265
-0.234848
-0.239333
-0.24229
-0.242899
-0.24136
-0.237837
-0.232364
-0.224926
-0.215573
-0.204407
-0.191618
-0.177416
-0.162175
-0.146212
-0.129977
-0.113708
-0.0977934
-0.0821692
-0.0671279
-0.0527363
-0.0399984
-0.029077
-0.02052
-0.0137733
-0.00901359
-0.00521511
-0.00277987
-0.000575027
-0.215817
-0.223918
-0.228931
-0.233733
-0.237118
-0.238207
-0.237122
-0.23405
-0.229025
-0.222035
-0.213127
-0.2024
-0.190038
-0.176247
-0.161383
-0.145753
-0.129794
-0.113747
-0.0979931
-0.08251
-0.067594
-0.0533359
-0.0406654
-0.0297637
-0.0211463
-0.0143152
-0.00942831
-0.00552796
-0.00295904
-0.000664122
-0.208752
-0.217559
-0.223015
-0.228119
-0.231906
-0.233465
-0.232835
-0.230211
-0.225634
-0.219096
-0.210637
-0.200353
-0.188423
-0.175046
-0.160563
-0.145272
-0.129595
-0.113775
-0.0981889
-0.0828523
-0.0680643
-0.0539398
-0.0413372
-0.0304559
-0.0217792
-0.0148641
-0.00984956
-0.00584613
-0.00314121
-0.00075339
-0.201793
-0.211217
-0.21712
-0.222513
-0.226673
-0.228689
-0.228513
-0.226334
-0.222205
-0.216119
-0.208112
-0.198273
-0.186778
-0.173818
-0.159719
-0.14477
-0.129379
-0.113793
-0.09838
-0.0831948
-0.0685372
-0.0545457
-0.0420114
-0.0311511
-0.0224165
-0.0154183
-0.0102759
-0.00616853
-0.0033258
-0.000842421
-0.194981
-0.204924
-0.211267
-0.216941
-0.221444
-0.223898
-0.224171
-0.222434
-0.218751
-0.213115
-0.20556
-0.196168
-0.185108
-0.172566
-0.158852
-0.144249
-0.129148
-0.113799
-0.0985656
-0.0835359
-0.0690107
-0.0551515
-0.0426858
-0.0318468
-0.0230557
-0.0159757
-0.0107059
-0.00649396
-0.00351218
-0.000930797
-0.188352
-0.19871
-0.205481
-0.211427
-0.216242
-0.219111
-0.219827
-0.218526
-0.215283
-0.210096
-0.202991
-0.194045
-0.18342
-0.171296
-0.157967
-0.14371
-0.128901
-0.113794
-0.0987446
-0.0838743
-0.069483
-0.0557549
-0.0433576
-0.0325403
-0.0236946
-0.0165341
-0.0111378
-0.00682111
-0.00369967
-0.0010181
-0.181938
-0.192608
-0.199784
-0.205993
-0.211092
-0.214351
-0.215498
-0.214627
-0.211817
-0.207073
-0.200415
-0.191913
-0.181719
-0.170011
-0.157067
-0.143156
-0.12864
-0.113778
-0.0989164
-0.0842082
-0.069952
-0.0563532
-0.0440243
-0.0332288
-0.0243304
-0.0170912
-0.0115699
-0.00714853
-0.00388753
-0.0011039
-0.175768
-0.186651
-0.194202
-0.200665
-0.206021
-0.20964
-0.211203
-0.210754
-0.208369
-0.204061
-0.197843
-0.189781
-0.180015
-0.168719
-0.156155
-0.142589
-0.128366
-0.113751
-0.09908
-0.084536
-0.0704154
-0.0569439
-0.0446829
-0.0339093
-0.0249603
-0.0176444
-0.0120001
-0.00747463
-0.0040749
-0.0011878
-0.16987
-0.180875
-0.188764
-0.195466
-0.201058
-0.205005
-0.206966
-0.206927
-0.204957
-0.201075
-0.19529
-0.18766
-0.178315
-0.167425
-0.155238
-0.142013
-0.128082
-0.113712
-0.0992347
-0.084856
-0.0708708
-0.0575239
-0.0453301
-0.0345783
-0.0255812
-0.0181909
-0.0124262
-0.00779768
-0.00426087
-0.00126936
-0.164267
-0.175314
-0.183497
-0.190426
-0.196231
-0.200477
-0.202811
-0.203169
-0.201601
-0.198133
-0.192769
-0.185562
-0.176629
-0.166138
-0.154321
-0.141432
-0.127788
-0.113664
-0.0993799
-0.0851663
-0.0713156
-0.0580902
-0.0459626
-0.0352323
-0.0261896
-0.0187275
-0.0128458
-0.00811571
-0.00444436
-0.00134816
-0.158982
-0.170001
-0.178434
-0.185571
-0.191572
-0.196086
-0.198765
-0.199503
-0.198323
-0.195255
-0.190298
-0.183502
-0.174971
-0.164867
-0.15341
-0.140849
-0.127489
-0.113606
-0.0995148
-0.085465
-0.071747
-0.0586393
-0.0465765
-0.0358673
-0.0267817
-0.0192509
-0.0132561
-0.0084266
-0.00462418
-0.00142376
-0.154038
-0.164971
-0.173607
-0.180934
-0.187114
-0.191865
-0.194861
-0.195957
-0.195149
-0.192463
-0.187897
-0.181496
-0.173352
-0.163622
-0.152513
-0.140271
-0.127187
-0.11354
-0.099639
-0.0857502
-0.072162
-0.0591675
-0.0471677
-0.036479
-0.0273534
-0.0197571
-0.013654
-0.00872795
-0.00479899
-0.00149572
-0.149455
-0.160256
-0.169049
-0.176546
-0.182889
-0.187851
-0.19113
-0.19256
-0.192104
-0.189781
-0.185586
-0.179562
-0.171787
-0.162415
-0.151641
-0.139704
-0.126886
-0.113468
-0.0997519
-0.0860197
-0.0725572
-0.0596706
-0.0477316
-0.0370626
-0.0278999
-0.020242
-0.0140362
-0.00901715
-0.00496726
-0.00156355
-0.145253
-0.155889
-0.164796
-0.172443
-0.178933
-0.184079
-0.187611
-0.189347
-0.18922
-0.187236
-0.18339
-0.17772
-0.170294
-0.16126
-0.150802
-0.139156
-0.126591
-0.113391
-0.0998533
-0.0862713
-0.072929
-0.0601443
-0.0482631
-0.0376127
-0.0284164
-0.0207008
-0.0143989
-0.00929127
-0.00512726
-0.00162676
-0.141456
-0.151905
-0.160887
-0.168662
-0.175283
-0.180592
-0.184343
-0.186354
-0.186529
-0.18486
-0.181336
-0.175993
-0.168892
-0.160172
-0.150009
-0.138634
-0.126306
-0.113313
-0.0999429
-0.0865027
-0.0732737
-0.0605836
-0.0487566
-0.0381235
-0.0288969
-0.0211284
-0.0147377
-0.00954711
-0.00527706
-0.00168479
-0.138084
-0.148338
-0.157361
-0.165244
-0.171982
-0.17743
-0.18137
-0.183621
-0.184069
-0.182684
-0.179453
-0.174407
-0.167602
-0.159169
-0.149276
-0.138148
-0.126039
-0.113234
-0.10002
-0.0867115
-0.0735867
-0.0609831
-0.0492058
-0.0385885
-0.0293352
-0.0215189
-0.015048
-0.00978106
-0.00541447
-0.00173706
-0.135164
-0.145227
-0.154263
-0.162235
-0.169074
-0.174641
-0.178739
-0.181195
-0.181879
-0.180747
-0.177774
-0.172992
-0.166448
-0.158269
-0.148616
-0.137709
-0.125795
-0.11316
-0.100086
-0.0868948
-0.0738636
-0.0613367
-0.0496039
-0.0390005
-0.0297242
-0.0218659
-0.0153243
-0.00998917
-0.00553705
-0.00178288
-0.132728
-0.142616
-0.151645
-0.159686
-0.166611
-0.172277
-0.176502
-0.179126
-0.180009
-0.179091
-0.176338
-0.171778
-0.165457
-0.157496
-0.148047
-0.137328
-0.125581
-0.113092
-0.100139
-0.0870496
-0.074099
-0.0616375
-0.0499429
-0.0393512
-0.030056
-0.0221621
-0.0155607
-0.010167
-0.00564204
-0.00182152
-0.130808
-0.14055
-0.149563
-0.157653
-0.164648
-0.170392
-0.174716
-0.177468
-0.178508
-0.177761
-0.175184
-0.170802
-0.164659
-0.156871
-0.147587
-0.13702
-0.125407
-0.113035
-0.10018
-0.0871726
-0.0742869
-0.0618779
-0.0502139
-0.0396315
-0.0303216
-0.0223995
-0.0157504
-0.0103095
-0.00572636
-0.00185211
-0.129466
-0.139099
-0.148092
-0.156213
-0.163257
-0.169057
-0.173449
-0.176289
-0.177438
-0.176812
-0.17436
-0.170104
-0.164088
-0.156424
-0.147257
-0.136798
-0.125281
-0.112993
-0.100208
-0.0872597
-0.0744207
-0.0620491
-0.050407
-0.0398309
-0.0305108
-0.0225687
-0.0158859
-0.0104112
-0.00578656
-0.0018736
-0.128732
-0.138317
-0.147301
-0.155438
-0.16251
-0.16834
-0.172769
-0.175656
-0.176864
-0.176303
-0.173918
-0.16973
-0.163781
-0.156184
-0.147079
-0.136678
-0.125213
-0.112971
-0.100223
-0.0873062
-0.0744924
-0.0621409
-0.0505107
-0.0399374
-0.0306121
-0.0226592
-0.0159586
-0.0104656
-0.00581879
-0.0018847
-0.119654
-0.129113
-0.13839
-0.147469
-0.156339
-0.165
-0.173461
-0.181727
-0.189809
-0.197713
-0.205452
-0.213031
-0.220461
-0.227743
-0.234869
-0.241874
-0.248588
-0.255434
-0.261447
-0.269375
-0.116462
-0.125607
-0.134572
-0.143355
-0.151952
-0.160367
-0.168603
-0.176666
-0.184563
-0.192298
-0.199877
-0.207307
-0.214585
-0.221732
-0.22869
-0.235617
-0.242134
-0.249175
-0.255086
-0.263344
-0.113365
-0.12215
-0.130764
-0.139211
-0.147491
-0.155604
-0.163553
-0.171342
-0.178974
-0.186454
-0.193783
-0.200973
-0.208009
-0.214949
-0.221679
-0.228497
-0.23486
-0.241913
-0.247883
-0.255852
-0.110337
-0.118789
-0.12709
-0.135245
-0.143251
-0.151109
-0.15882
-0.166388
-0.173814
-0.181106
-0.188258
-0.195295
-0.202182
-0.209019
-0.215634
-0.222405
-0.228702
-0.235619
-0.241652
-0.249061
-0.107408
-0.11554
-0.123542
-0.131413
-0.139155
-0.146766
-0.154249
-0.161607
-0.16884
-0.175959
-0.182953
-0.189859
-0.196618
-0.203362
-0.209871
-0.216539
-0.222748
-0.22942
-0.235436
-0.242361
-0.104584
-0.112401
-0.120102
-0.127689
-0.135159
-0.142515
-0.149758
-0.156891
-0.163912
-0.170836
-0.177642
-0.184378
-0.190968
-0.197553
-0.203905
-0.210386
-0.216486
-0.222894
-0.228902
-0.235508
-0.101861
-0.109368
-0.116771
-0.124072
-0.131272
-0.13837
-0.145365
-0.152265
-0.159061
-0.165771
-0.17237
-0.178907
-0.185305
-0.191695
-0.197884
-0.204156
-0.21016
-0.216337
-0.222316
-0.228672
-0.0992373
-0.10644
-0.113551
-0.120572
-0.127502
-0.134342
-0.14109
-0.147753
-0.154321
-0.160811
-0.167199
-0.17353
-0.179737
-0.185927
-0.19196
-0.198026
-0.203918
-0.209872
-0.215747
-0.221866
-0.0967152
-0.103622
-0.110445
-0.11719
-0.123854
-0.130438
-0.136939
-0.143364
-0.149702
-0.15597
-0.162146
-0.168266
-0.174281
-0.180265
-0.186129
-0.191981
-0.19772
-0.20345
-0.209172
-0.215067
-0.0942947
-0.100912
-0.107456
-0.11393
-0.120331
-0.126661
-0.132917
-0.139102
-0.14521
-0.151253
-0.157213
-0.163117
-0.168931
-0.1747
-0.180377
-0.186012
-0.191573
-0.19709
-0.202638
-0.208312
-0.0919761
-0.0983132
-0.104584
-0.110793
-0.116937
-0.123016
-0.129028
-0.134976
-0.140854
-0.146669
-0.15241
-0.158093
-0.163701
-0.169253
-0.174733
-0.180155
-0.185527
-0.190835
-0.196193
-0.201642
-0.0897588
-0.0958242
-0.101831
-0.107781
-0.113673
-0.119506
-0.125279
-0.130991
-0.136639
-0.142228
-0.14775
-0.153213
-0.15861
-0.163947
-0.169224
-0.174435
-0.179608
-0.184706
-0.189862
-0.195087
-0.0876434
-0.0934467
-0.0991972
-0.104896
-0.110543
-0.116136
-0.121673
-0.127154
-0.132576
-0.13794
-0.143244
-0.148488
-0.153674
-0.158796
-0.163867
-0.168867
-0.173834
-0.178724
-0.18367
-0.188673
-0.0856285
-0.0911803
-0.0966837
-0.10214
-0.107549
-0.112908
-0.118215
-0.12347
-0.128669
-0.133813
-0.1389
-0.14393
-0.148903
-0.153814
-0.158676
-0.163467
-0.168227
-0.17291
-0.177643
-0.182426
-0.0837132
-0.0890249
-0.0942909
-0.0995134
-0.104692
-0.109825
-0.114909
-0.119943
-0.124926
-0.129854
-0.134729
-0.139547
-0.144311
-0.149014
-0.153669
-0.158254
-0.162807
-0.167285
-0.171804
-0.176368
-0.0819014
-0.0869821
-0.0920204
-0.0970183
-0.101976
-0.10689
-0.111759
-0.11658
-0.121351
-0.126071
-0.130738
-0.13535
-0.13991
-0.14441
-0.14886
-0.153244
-0.157592
-0.161869
-0.166176
-0.170522
-0.0801929
-0.0850524
-0.0898731
-0.0946562
-0.0994014
-0.104106
-0.108768
-0.113383
-0.117951
-0.122469
-0.126936
-0.131348
-0.135709
-0.140011
-0.144264
-0.148451
-0.1526
-0.15668
-0.16078
-0.164912
-0.078585
-0.0832342
-0.0878481
-0.092427
-0.0969701
-0.101475
-0.105938
-0.110357
-0.11473
-0.119054
-0.123328
-0.127549
-0.131719
-0.135831
-0.139892
-0.14389
-0.147846
-0.151736
-0.155636
-0.159559
-0.0770795
-0.0815299
-0.0859479
-0.0903331
-0.0946843
-0.0989988
-0.103274
-0.107506
-0.111693
-0.115832
-0.119923
-0.123961
-0.127948
-0.131878
-0.135757
-0.139573
-0.143346
-0.147053
-0.150762
-0.154485
-0.0756761
-0.0799393
-0.0841728
-0.0883754
-0.0925456
-0.0966806
-0.100777
-0.104833
-0.108844
-0.112809
-0.116725
-0.120591
-0.124404
-0.128162
-0.131869
-0.135513
-0.139112
-0.142647
-0.146175
-0.149708
-0.0743755
-0.0784636
-0.0825242
-0.0865557
-0.0905563
-0.094523
-0.0984527
-0.102342
-0.106189
-0.10999
-0.113743
-0.117446
-0.121097
-0.124694
-0.128238
-0.131722
-0.135159
-0.138532
-0.141891
-0.145246
-0.073179
-0.0771045
-0.0810044
-0.0848767
-0.0887194
-0.0925295
-0.0963037
-0.100039
-0.103732
-0.10738
-0.110982
-0.114534
-0.118035
-0.121482
-0.124877
-0.128212
-0.131498
-0.134722
-0.137924
-0.141115
-0.0720884
-0.075864
-0.0796156
-0.0833411
-0.0870381
-0.0907037
-0.0943346
-0.0979274
-0.101479
-0.104987
-0.10845
-0.111863
-0.115226
-0.118536
-0.121794
-0.124993
-0.128142
-0.131231
-0.134291
-0.137331
-0.0711071
-0.0747459
-0.0783624
-0.0819539
-0.0855181
-0.0890519
-0.0925521
-0.0960154
-0.0994389
-0.10282
-0.106155
-0.109443
-0.112682
-0.115868
-0.119003
-0.122081
-0.125107
-0.128074
-0.131008
-0.133914
-0.0702374
-0.073753
-0.0772475
-0.0807183
-0.0841628
-0.0875782
-0.090961
-0.0943082
-0.0976167
-0.100884
-0.104107
-0.107283
-0.110412
-0.113489
-0.116515
-0.119487
-0.122406
-0.125268
-0.128091
-0.130881
-0.0694882
-0.0728952
-0.0762823
-0.0796466
-0.0829856
-0.0862964
-0.0895759
-0.0928209
-0.0960286
-0.099196
-0.102321
-0.105401
-0.108434
-0.111417
-0.11435
-0.11723
-0.120059
-0.122832
-0.125562
-0.128254
-0.0688584
-0.0721708
-0.0754644
-0.0787366
-0.0819849
-0.0852064
-0.088398
-0.0915565
-0.0946792
-0.0977633
-0.100806
-0.103806
-0.106761
-0.109668
-0.112526
-0.115333
-0.11809
-0.120792
-0.123449
-0.126063
-0.068375
-0.0716105
-0.0748277
-0.0780235
-0.0811957
-0.084342
-0.0874595
-0.0905454
-0.0935971
-0.096612
-0.0995878
-0.102522
-0.105414
-0.10826
-0.11106
-0.113811
-0.116513
-0.119164
-0.121769
-0.124328
-0.0680151
-0.0711896
-0.0743475
-0.0774868
-0.0806045
-0.083698
-0.0867642
-0.0898005
-0.0928043
-0.095773
-0.0987047
-0.101597
-0.104448
-0.107256
-0.11002
-0.112737
-0.115406
-0.118027
-0.1206
-0.123126
-0.0678544
-0.0709829
-0.0740932
-0.0771833
-0.0802521
-0.0832981
-0.0863192
-0.0893129
-0.092277
-0.0952094
-0.0981082
-0.100972
-0.103798
-0.106585
-0.109333
-0.112038
-0.114701
-0.11732
-0.119896
-0.122428
0.102177
0.091121
0.0799827
0.068967
0.0574937
0.0457938
0.0340638
0.0223278
0.0105997
-0.00108486
-0.0126817
-0.024159
-0.0354884
-0.0466402
-0.0575883
-0.0683823
-0.0793678
-0.0899359
-0.100105
-0.109999
0.0974724
0.0859449
0.0743726
0.0636275
0.0525819
0.0413214
0.030085
0.0188794
0.0076959
-0.00343594
-0.0144829
-0.0254221
-0.0362352
-0.0469173
-0.0574795
-0.0679021
-0.0779281
-0.0878813
-0.0976215
-0.107137
0.0917325
0.0804283
0.068857
0.0585482
0.0480909
0.0373395
0.0266036
0.0159242
0.0052728
-0.00533067
-0.015854
-0.0262721
-0.0365652
-0.0467191
-0.0567222
-0.0665488
-0.0762589
-0.0858625
-0.0952469
-0.104403
0.0856717
0.0749189
0.0634939
0.0535374
0.043632
0.0333851
0.0231303
0.0129629
0.00283899
-0.00724041
-0.017246
-0.0271532
-0.036946
-0.0466185
-0.0561666
-0.0655761
-0.0747996
-0.0839447
-0.0929324
-0.101726
0.0795365
0.0694028
0.0582608
0.0486492
0.0392904
0.0295773
0.0198061
0.0101336
0.000519796
-0.0090543
-0.0185643
-0.0279832
-0.037296
-0.0464979
-0.0555819
-0.0645351
-0.0733466
-0.0820886
-0.0906963
-0.0991339
0.0734389
0.0639264
0.0531791
0.043916
0.0350688
0.0258892
0.0165975
0.00739978
-0.00172313
-0.0108067
-0.0198364
-0.0287837
-0.037634
-0.0463848
-0.0550313
-0.0635653
-0.071973
-0.0803177
-0.0885511
-0.0966395
0.0674395
0.0585249
0.0482491
0.0393494
0.0309798
0.0223258
0.0135137
0.00477582
-0.00387652
-0.0124871
-0.0210534
-0.029548
-0.0379555
-0.0462742
-0.0545008
-0.0626291
-0.0706512
-0.0786184
-0.0864909
-0.0942392
0.0615881
0.0532417
0.043483
0.0349621
0.0270386
0.0188907
0.0105531
0.00226086
-0.00594253
-0.0140997
-0.02222
-0.0302803
-0.0382643
-0.04617
-0.0539956
-0.0617369
-0.0693883
-0.0769922
-0.0845154
-0.091932
0.0559217
0.0481106
0.0388895
0.0307581
0.0232536
0.0155871
0.00771445
-0.000144574
-0.00791939
-0.0156439
-0.0233365
-0.0309806
-0.0385602
-0.0460719
-0.0535147
-0.0608856
-0.0681814
-0.0754368
-0.0826231
-0.0897178
0.0504644
0.0431559
0.0344763
0.0267402
0.0196318
0.0124193
0.00499747
-0.00244117
-0.00980673
-0.0171201
-0.0244044
-0.0316508
-0.0388446
-0.045981
-0.0530587
-0.0600758
-0.0670303
-0.0739515
-0.0808134
-0.0875966
0.0452322
0.0383949
0.03025
0.0229097
0.0161771
0.00939067
0.00240172
-0.0046304
-0.011605
-0.0185283
-0.0254245
-0.0322917
-0.0391181
-0.0458973
-0.0526274
-0.0593069
-0.0659347
-0.0725356
-0.0790857
-0.0855678
0.040236
0.0338397
0.0262155
0.0192671
0.0128919
0.00650397
-7.28632e-05
-0.00671379
-0.0133149
-0.019869
-0.0263976
-0.0329046
-0.0393815
-0.0458212
-0.0522203
-0.0585773
-0.0648919
-0.0711871
-0.0774381
-0.0836305
0.0354834
0.029499
0.0223766
0.0158126
0.009777
0.00376084
-0.00242642
-0.00869298
-0.014938
-0.0211428
-0.0273242
-0.03349
-0.0396353
-0.0457529
-0.0518387
-0.0578906
-0.0639083
-0.0699101
-0.0758725
-0.081785
0.0309791
0.0253784
0.0187352
0.0125451
0.00683237
0.0011622
-0.00465913
-0.0105695
-0.0164757
-0.0223505
-0.0282051
-0.0340491
-0.0398803
-0.0456916
-0.0514769
-0.0572327
-0.0629605
-0.0686874
-0.0743793
-0.0800273
0.0267261
0.0214813
0.0152924
0.00946348
0.00405711
-0.00129169
-0.00677126
-0.0123448
-0.0179295
-0.023493
-0.0290405
-0.0345822
-0.0401188
-0.0456453
-0.0511573
-0.0566508
-0.0621191
-0.0675386
-0.0729556
-0.0783542
0.0227253
0.0178099
0.0120483
0.00656571
0.00144965
-0.00360113
-0.00876318
-0.01402
-0.0193009
-0.0245711
-0.0298304
-0.0350876
-0.0403449
-0.0455975
-0.0508394
-0.0560651
-0.0612694
-0.0664464
-0.0716198
-0.0767775
0.0189765
0.0143646
0.00900235
0.00384956
-0.000992068
-0.00576691
-0.0106354
-0.0155963
-0.0205914
-0.0255857
-0.030575
-0.0355659
-0.0405612
-0.0455571
-0.050548
-0.0555282
-0.0604923
-0.0654338
-0.0703709
-0.0752957
0.0154786
0.0111452
0.00615356
0.00131258
-0.00327045
-0.00779024
-0.0123884
-0.0170744
-0.0218021
-0.0265381
-0.0312751
-0.0360173
-0.0407673
-0.045522
-0.050276
-0.0550236
-0.0597597
-0.0644798
-0.0691964
-0.0739025
0.0122299
0.00815102
0.00350074
-0.00104771
-0.00538809
-0.00967262
-0.014023
-0.0184554
-0.0229342
-0.0274294
-0.0319314
-0.0364422
-0.0409638
-0.0454935
-0.0500264
-0.0545568
-0.0590798
-0.0635912
-0.0680998
-0.0725997
0.00922848
0.00538083
0.00104265
-0.0032336
-0.00734759
-0.0114158
-0.0155401
-0.01974
-0.0239888
-0.0282606
-0.0325448
-0.0368412
-0.0411509
-0.0454715
-0.0497985
-0.0541263
-0.05845
-0.0627658
-0.0670797
-0.0713865
0.0064725
0.0028335
-0.00122175
-0.00524709
-0.00915132
-0.0130214
-0.0169406
-0.0209287
-0.0249667
-0.0290327
-0.033116
-0.0372148
-0.041329
-0.0454564
-0.0495926
-0.0537324
-0.057871
-0.0620045
-0.0661369
-0.0702637
0.00396057
0.00050822
-0.00329307
-0.00708957
-0.0108012
-0.0144911
-0.0182252
-0.022022
-0.0258684
-0.0297464
-0.0336458
-0.0375635
-0.0414986
-0.0454485
-0.0494092
-0.0533758
-0.0573434
-0.061308
-0.0652723
-0.0692321
0.00169217
-0.00159514
-0.00517122
-0.0087617
-0.0122986
-0.015826
-0.0193945
-0.0230202
-0.0266943
-0.0304021
-0.0341346
-0.0378878
-0.0416599
-0.0454481
-0.0492486
-0.0530565
-0.0568673
-0.0606771
-0.064487
-0.0682934
-0.000331876
-0.0034756
-0.00685501
-0.010263
-0.0136437
-0.0170265
-0.0204487
-0.0239233
-0.0274443
-0.0310003
-0.0345832
-0.0381888
-0.0418144
-0.0454572
-0.0491131
-0.0527776
-0.0564463
-0.060115
-0.0637841
-0.0674505
-0.00210887
-0.00513055
-0.00834183
-0.0115916
-0.0148355
-0.018092
-0.0213869
-0.0247301
-0.0281174
-0.0315399
-0.0349907
-0.0384652
-0.0419606
-0.0454735
-0.0490002
-0.0525363
-0.0560777
-0.0596205
-0.0631641
-0.0667053
-0.00363349
-0.00655512
-0.0096271
-0.012744
-0.015872
-0.0190214
-0.0222089
-0.0254412
-0.028715
-0.0320237
-0.0353612
-0.0387232
-0.0421063
-0.045507
-0.0489217
-0.0523459
-0.0557754
-0.0592061
-0.062637
-0.0660663
-0.00489673
-0.00774084
-0.0107027
-0.0137127
-0.0167464
-0.019808
-0.0229074
-0.0260482
-0.0292278
-0.0324409
-0.0356825
-0.0389485
-0.0422353
-0.0455396
-0.0488578
-0.0521859
-0.0555202
-0.0588573
-0.0621952
-0.0655309
-0.00588606
-0.00867729
-0.0115605
-0.0144932
-0.0174582
-0.0204562
-0.0234915
-0.0265653
-0.0296752
-0.0328169
-0.0359859
-0.0391785
-0.042391
-0.0456198
-0.0488612
-0.0521111
-0.0553654
-0.05862
-0.0618738
-0.0651268
-0.00657785
-0.00933945
-0.0121733
-0.0150547
-0.0179724
-0.0209246
-0.0239127
-0.0269364
-0.0299933
-0.0330801
-0.036193
-0.0393284
-0.0424831
-0.0456537
-0.0488368
-0.052029
-0.055227
-0.0584278
-0.0616288
-0.0648264
-0.00695539
-0.00972163
-0.0125518
-0.0154292
-0.0183438
-0.0212918
-0.0242722
-0.0272836
-0.0303236
-0.033389
-0.0364763
-0.0395821
-0.0427033
-0.0458364
-0.0489783
-0.0521255
-0.0552746
-0.0584225
-0.0615681
-0.0647134
0.111698
0.113132
0.115315
0.118369
0.121671
0.125345
0.128651
0.131798
0.133852
0.135242
0.134741
0.133201
0.128929
0.123283
0.112811
0.110763
0.112089
0.114096
0.116889
0.119854
0.1231
0.125908
0.128458
0.129872
0.130501
0.129285
0.126857
0.121981
0.115337
0.106244
0.10976
0.110972
0.112791
0.115305
0.117917
0.120718
0.123016
0.124964
0.125752
0.12566
0.123811
0.120625
0.115342
0.108243
0.0996837
0.108683
0.109775
0.111396
0.113616
0.115861
0.118198
0.119977
0.121308
0.121479
0.120675
0.11823
0.114355
0.108711
0.101304
0.0928738
0.10753
0.108497
0.109911
0.111825
0.113693
0.115554
0.116811
0.117525
0.117093
0.115603
0.112597
0.108122
0.10214
0.0945437
0.08619
0.106298
0.107135
0.108335
0.109931
0.111416
0.112792
0.113529
0.113631
0.112616
0.11048
0.106953
0.101972
0.0956903
0.0880058
0.0797462
0.104984
0.105686
0.106666
0.107935
0.10903
0.109915
0.110136
0.109639
0.108063
0.105328
0.10132
0.0959217
0.0893913
0.0816792
0.0735293
0.103587
0.104148
0.104902
0.105835
0.106536
0.106929
0.10664
0.105562
0.103449
0.100167
0.0957201
0.0899818
0.0832543
0.0755485
0.0675216
0.102103
0.102521
0.103044
0.103634
0.103938
0.103842
0.103051
0.101416
0.0987919
0.0950171
0.090177
0.0841631
0.0772894
0.0696139
0.0617248
0.100534
0.100803
0.101092
0.101335
0.101241
0.100661
0.0993807
0.0972189
0.0941131
0.0898984
0.0847128
0.0784791
0.0715073
0.0638842
0.0561471
0.0988777
0.098996
0.099047
0.0989415
0.0984514
0.0973997
0.0956434
0.092987
0.0894333
0.0848305
0.0793484
0.072944
0.0659181
0.0583697
0.0507963
0.0971363
0.0971013
0.0969132
0.0964604
0.0955778
0.0940689
0.0918549
0.0887391
0.0847743
0.0798328
0.0741031
0.0675725
0.0605311
0.0530794
0.0456794
0.0953119
0.0951227
0.0946949
0.093899
0.0926302
0.0906828
0.0880325
0.0844944
0.0801578
0.074925
0.0689949
0.0623785
0.0553555
0.0480209
0.0408023
0.0934081
0.0930653
0.0923984
0.0912669
0.0896209
0.0872568
0.0841951
0.0802727
0.0756053
0.0701265
0.0640403
0.0573755
0.0503997
0.0432005
0.0361699
0.0914305
0.0909359
0.0900321
0.0885753
0.0865641
0.0838079
0.0803627
0.0760946
0.071138
0.0654563
0.0592549
0.0525755
0.0456716
0.0386231
0.0317858
0.0893864
0.0887438
0.0876065
0.0858374
0.083476
0.0803544
0.0765564
0.0719812
0.0667766
0.0609327
0.0546533
0.0479894
0.0411784
0.0342929
0.027652
0.0872854
0.0865
0.0851348
0.0830686
0.0803752
0.0769164
0.0727982
0.0679543
0.0625415
0.0565735
0.0502493
0.043627
0.0369262
0.0302127
0.0237696
0.0851397
0.0842183
0.0826325
0.0802863
0.0772819
0.0735154
0.0691111
0.0640359
0.0584528
0.0523955
0.046056
0.0394973
0.0329205
0.0263848
0.0201388
0.0829643
0.0819149
0.0801179
0.0775106
0.0742184
0.0701748
0.0655185
0.0602481
0.0545302
0.0484149
0.0420856
0.0356085
0.0291659
0.0228109
0.0167592
0.080777
0.0796089
0.0776122
0.074764
0.0712093
0.0669191
0.0620448
0.0566135
0.0507931
0.0446476
0.03835
0.0319684
0.0256667
0.0194923
0.0136302
0.0785993
0.0773225
0.0751396
0.0720716
0.0682808
0.0637747
0.0587155
0.0531551
0.0472614
0.0411091
0.0348607
0.0285846
0.0224271
0.0164305
0.0107514
0.0764561
0.0750813
0.0727276
0.0694615
0.0654617
0.0607699
0.0555568
0.0498964
0.0439548
0.0378153
0.0316293
0.0254648
0.0194517
0.0136273
0.00812266
0.0743763
0.0729144
0.0704066
0.0669649
0.0627831
0.0579344
0.0525965
0.0468619
0.040894
0.0347826
0.0286682
0.0226178
0.0167458
0.0110855
0.00574499
0.0723928
0.0708549
0.068211
0.064616
0.0602788
0.0553005
0.0498641
0.0440774
0.0381009
0.0320285
0.0259909
0.0200531
0.0143161
0.00880933
0.00362063
0.0705429
0.06894
0.0661786
0.0624527
0.0579856
0.0529027
0.0473912
0.041571
0.0355991
0.0295725
0.0236127
0.0177827
0.0121714
0.0068049
0.00175386
0.0688685
0.0672113
0.0643513
0.0605166
0.0559439
0.0507791
0.0452124
0.0393734
0.0334152
0.027437
0.0215519
0.0158211
0.0103231
0.00508128
0.000151694
0.0674161
0.0657153
0.0627755
0.0588537
0.0541982
0.0489717
0.0433665
0.0375191
0.0315797
0.025648
0.0198307
0.014187
0.00878678
0.00365128
-0.00117524
0.0662372
0.0645032
0.0615023
0.0575147
0.0527979
0.0475274
0.041897
0.0360482
0.0301282
0.0242373
0.0184767
0.0129043
0.00758321
0.00253293
-0.00221157
0.0653886
0.0636314
0.0605884
0.056556
0.0517983
0.0464996
0.0408544
0.0350076
0.0291039
0.023244
0.0175252
0.0120043
0.00673982
0.00175054
-0.0029345
0.0649318
0.0631626
0.0600966
0.0560409
0.0512619
0.0459493
0.0402972
0.0344529
0.0285588
0.0227166
0.0170207
0.011528
0.00629402
0.00133724
-0.00331774
0.123859
0.126011
0.129432
0.134502
0.140563
0.147887
0.156036
0.165158
0.174963
0.185547
0.196642
0.208311
0.220277
0.232614
0.245014
0.123792
0.12594
0.129355
0.134415
0.140461
0.147769
0.15589
0.164984
0.174748
0.185288
0.196324
0.20793
0.219814
0.232069
0.244353
0.123658
0.125798
0.129201
0.134241
0.14026
0.147534
0.1556
0.164637
0.17432
0.184772
0.195689
0.207169
0.21889
0.230976
0.243028
0.123459
0.125587
0.12897
0.133982
0.139957
0.147182
0.155165
0.164119
0.17368
0.184
0.19474
0.206029
0.217504
0.229335
0.241039
0.123195
0.125307
0.128665
0.133639
0.13956
0.146716
0.15459
0.163431
0.172831
0.182977
0.193479
0.204515
0.215657
0.227145
0.238383
0.122866
0.124959
0.128286
0.133212
0.139057
0.146132
0.153874
0.162578
0.171775
0.181706
0.191909
0.202628
0.213352
0.22441
0.235062
0.122475
0.124545
0.127836
0.132706
0.138478
0.145442
0.153023
0.161562
0.170517
0.18019
0.190034
0.200374
0.210593
0.221133
0.231083
0.122023
0.124067
0.127316
0.132118
0.137771
0.144632
0.152039
0.160386
0.16906
0.178434
0.187859
0.197759
0.207384
0.217322
0.226452
0.121512
0.123527
0.126728
0.131464
0.137038
0.143715
0.150925
0.159054
0.167409
0.176443
0.185387
0.194788
0.203733
0.212987
0.221183
0.120944
0.122926
0.126076
0.130724
0.136155
0.142691
0.149688
0.157569
0.165568
0.174222
0.182624
0.191469
0.199647
0.208138
0.215289
0.12032
0.122268
0.125361
0.129919
0.135223
0.141572
0.148331
0.155934
0.163543
0.171775
0.179577
0.18781
0.195133
0.20279
0.208789
0.119644
0.121555
0.124587
0.12903
0.134191
0.140352
0.146857
0.154155
0.16134
0.169107
0.176252
0.183819
0.190202
0.196958
0.201702
0.118918
0.12079
0.123759
0.128096
0.133085
0.139041
0.145274
0.152233
0.158966
0.166222
0.172658
0.179505
0.184863
0.190661
0.19405
0.118144
0.119975
0.122881
0.127091
0.1319
0.137639
0.143583
0.150176
0.156428
0.163126
0.168806
0.174877
0.179127
0.183919
0.185852
0.117325
0.119115
0.121927
0.126011
0.130651
0.136154
0.141791
0.147986
0.153731
0.159821
0.164704
0.169938
0.173008
0.176752
0.177127
0.116465
0.118216
0.120973
0.124878
0.129336
0.134588
0.139901
0.145671
0.150885
0.156316
0.160369
0.164694
0.166522
0.169177
0.167886
0.115565
0.117263
0.119918
0.123693
0.127959
0.132945
0.137915
0.143231
0.147886
0.152607
0.155805
0.159142
0.159695
0.161207
0.158134
0.114631
0.11629
0.11884
0.122462
0.126527
0.131238
0.135851
0.140697
0.144768
0.148733
0.151042
0.153293
0.152546
0.152817
0.147853
0.113658
0.115265
0.117717
0.12118
0.125025
0.129431
0.133653
0.137985
0.141438
0.144612
0.146033
0.147126
0.145145
0.143981
0.137056
0.112665
0.114211
0.116575
0.119905
0.123559
0.127707
0.131568
0.135421
0.138228
0.140551
0.140947
0.140751
0.137385
0.134593
0.125682
0.112665
0.114211
0.116575
0.119905
0.123559
0.127707
0.131568
0.135421
0.138228
0.140551
0.140947
0.140751
0.137385
0.134593
0.125682
0.113658
0.115265
0.117717
0.12118
0.125025
0.129431
0.133653
0.137985
0.141438
0.144612
0.146033
0.147126
0.145145
0.143981
0.137056
0.114631
0.11629
0.11884
0.122462
0.126527
0.131238
0.135851
0.140697
0.144768
0.148733
0.151042
0.153293
0.152546
0.152817
0.147853
0.115565
0.117263
0.119918
0.123693
0.127959
0.132945
0.137915
0.143231
0.147886
0.152607
0.155805
0.159142
0.159695
0.161207
0.158134
0.116465
0.118216
0.120973
0.124878
0.129336
0.134588
0.139901
0.145671
0.150885
0.156316
0.160369
0.164694
0.166522
0.169177
0.167886
0.117325
0.119115
0.121927
0.126011
0.130651
0.136154
0.141791
0.147986
0.153731
0.159821
0.164704
0.169938
0.173008
0.176752
0.177127
0.118144
0.119975
0.122881
0.127091
0.1319
0.137639
0.143583
0.150176
0.156428
0.163126
0.168806
0.174877
0.179127
0.183919
0.185852
0.118918
0.12079
0.123759
0.128096
0.133085
0.139041
0.145274
0.152233
0.158966
0.166222
0.172658
0.179505
0.184863
0.190661
0.19405
0.119644
0.121555
0.124587
0.12903
0.134191
0.140352
0.146857
0.154154
0.16134
0.169107
0.176252
0.183819
0.190202
0.196958
0.201702
0.12032
0.122268
0.125361
0.129919
0.135223
0.141572
0.148331
0.155934
0.163543
0.171775
0.179577
0.18781
0.195133
0.20279
0.208789
0.120944
0.122926
0.126076
0.130724
0.136155
0.142691
0.149688
0.157569
0.165568
0.174222
0.182624
0.191469
0.199647
0.208138
0.215289
0.121512
0.123527
0.126728
0.131464
0.137038
0.143715
0.150925
0.159054
0.167409
0.176443
0.185387
0.194788
0.203733
0.212987
0.221183
0.122023
0.124067
0.127316
0.132118
0.137771
0.144632
0.152039
0.160386
0.16906
0.178434
0.187859
0.197759
0.207384
0.217322
0.226452
0.122475
0.124545
0.127836
0.132706
0.138478
0.145442
0.153023
0.161562
0.170517
0.18019
0.190034
0.200374
0.210593
0.221133
0.231083
0.122866
0.124959
0.128286
0.133212
0.139057
0.146132
0.153874
0.162578
0.171775
0.181706
0.191909
0.202628
0.213352
0.22441
0.235062
0.123195
0.125307
0.128665
0.133639
0.13956
0.146716
0.15459
0.163431
0.172831
0.182977
0.193479
0.204515
0.215657
0.227145
0.238383
0.123459
0.125587
0.12897
0.133982
0.139957
0.147182
0.155165
0.164119
0.17368
0.184
0.19474
0.206029
0.217504
0.229335
0.241039
0.123658
0.125798
0.129201
0.134241
0.14026
0.147534
0.1556
0.164637
0.17432
0.184772
0.195689
0.207169
0.21889
0.230976
0.243028
0.123792
0.12594
0.129355
0.134415
0.140461
0.147769
0.15589
0.164984
0.174748
0.185288
0.196324
0.20793
0.219814
0.232069
0.244353
0.123859
0.126011
0.129432
0.134502
0.140563
0.147887
0.156036
0.165158
0.174963
0.185547
0.196642
0.208311
0.220277
0.232614
0.245014
0.0649318
0.0631626
0.0600965
0.0560409
0.0512619
0.0459493
0.0402972
0.0344528
0.0285588
0.0227166
0.0170207
0.011528
0.00629402
0.00133724
-0.00331774
0.0653886
0.0636314
0.0605884
0.056556
0.0517982
0.0464996
0.0408544
0.0350076
0.0291039
0.023244
0.0175252
0.0120043
0.00673982
0.00175053
-0.0029345
0.0662372
0.0645032
0.0615023
0.0575147
0.0527979
0.0475274
0.041897
0.0360482
0.0301282
0.0242373
0.0184767
0.0129043
0.00758321
0.00253293
-0.00221157
0.0674161
0.0657153
0.0627755
0.0588537
0.0541982
0.0489717
0.0433665
0.0375191
0.0315797
0.025648
0.0198307
0.014187
0.00878678
0.00365128
-0.00117524
0.0688685
0.0672113
0.0643513
0.0605166
0.0559439
0.0507791
0.0452124
0.0393734
0.0334152
0.027437
0.0215519
0.0158211
0.0103231
0.00508128
0.000151692
0.0705429
0.06894
0.0661786
0.0624527
0.0579856
0.0529027
0.0473912
0.041571
0.0355991
0.0295725
0.0236127
0.0177827
0.0121714
0.0068049
0.00175385
0.0723928
0.0708549
0.068211
0.064616
0.0602788
0.0553005
0.0498641
0.0440774
0.0381009
0.0320285
0.0259909
0.0200531
0.0143161
0.00880933
0.00362063
0.0743763
0.0729144
0.0704066
0.0669649
0.0627831
0.0579344
0.0525965
0.0468619
0.040894
0.0347826
0.0286682
0.0226178
0.0167458
0.0110855
0.00574498
0.0764561
0.0750813
0.0727276
0.0694615
0.0654617
0.0607699
0.0555568
0.0498964
0.0439548
0.0378153
0.0316293
0.0254648
0.0194517
0.0136273
0.00812266
0.0785993
0.0773225
0.0751396
0.0720716
0.0682808
0.0637747
0.0587155
0.0531551
0.0472614
0.0411091
0.0348607
0.0285846
0.0224271
0.0164305
0.0107514
0.080777
0.0796088
0.0776122
0.074764
0.0712092
0.0669191
0.0620448
0.0566135
0.0507931
0.0446476
0.03835
0.0319684
0.0256667
0.0194923
0.0136302
0.0829643
0.0819148
0.0801179
0.0775106
0.0742184
0.0701747
0.0655185
0.0602481
0.0545301
0.0484149
0.0420856
0.0356085
0.0291659
0.0228109
0.0167592
0.0851397
0.0842183
0.0826325
0.0802863
0.0772819
0.0735154
0.0691111
0.0640359
0.0584528
0.0523955
0.046056
0.0394973
0.0329205
0.0263848
0.0201388
0.0872854
0.0865
0.0851348
0.0830686
0.0803752
0.0769164
0.0727982
0.0679543
0.0625415
0.0565735
0.0502493
0.043627
0.0369262
0.0302127
0.0237696
0.0893864
0.0887438
0.0876065
0.0858374
0.083476
0.0803544
0.0765564
0.0719812
0.0667766
0.0609327
0.0546533
0.0479894
0.0411784
0.0342929
0.027652
0.0914305
0.0909359
0.0900321
0.0885753
0.0865641
0.0838079
0.0803627
0.0760946
0.0711379
0.0654563
0.0592549
0.0525755
0.0456716
0.0386231
0.0317858
0.0934081
0.0930652
0.0923984
0.0912669
0.0896209
0.0872568
0.0841951
0.0802727
0.0756053
0.0701265
0.0640403
0.0573755
0.0503996
0.0432005
0.0361699
0.0953119
0.0951227
0.0946949
0.093899
0.0926302
0.0906828
0.0880325
0.0844944
0.0801578
0.074925
0.0689949
0.0623785
0.0553555
0.0480209
0.0408023
0.0971363
0.0971013
0.0969132
0.0964604
0.0955778
0.0940689
0.0918549
0.0887391
0.0847743
0.0798328
0.0741031
0.0675724
0.0605311
0.0530794
0.0456793
0.0988777
0.098996
0.099047
0.0989415
0.0984514
0.0973997
0.0956434
0.092987
0.0894333
0.0848305
0.0793484
0.072944
0.0659181
0.0583697
0.0507963
0.100534
0.100803
0.101092
0.101335
0.101241
0.100661
0.0993807
0.0972189
0.0941131
0.0898984
0.0847128
0.0784791
0.0715073
0.0638842
0.0561471
0.102103
0.102521
0.103044
0.103634
0.103938
0.103842
0.103051
0.101416
0.0987919
0.0950171
0.090177
0.0841631
0.0772894
0.0696138
0.0617248
0.103587
0.104148
0.104902
0.105835
0.106536
0.106929
0.10664
0.105562
0.103449
0.100167
0.0957201
0.0899817
0.0832543
0.0755484
0.0675215
0.104984
0.105686
0.106666
0.107935
0.10903
0.109915
0.110136
0.109639
0.108063
0.105328
0.10132
0.0959217
0.0893913
0.0816791
0.0735293
0.106298
0.107135
0.108335
0.109931
0.111416
0.112792
0.113529
0.113631
0.112616
0.11048
0.106953
0.101972
0.0956903
0.0880058
0.0797462
0.10753
0.108497
0.109911
0.111825
0.113693
0.115554
0.116811
0.117525
0.117093
0.115603
0.112597
0.108122
0.10214
0.0945437
0.0861899
0.108683
0.109775
0.111396
0.113616
0.115861
0.118198
0.119977
0.121308
0.121479
0.120675
0.11823
0.114355
0.108711
0.101304
0.0928738
0.10976
0.110972
0.112791
0.115305
0.117917
0.120718
0.123016
0.124964
0.125752
0.12566
0.123811
0.120625
0.115342
0.108243
0.0996837
0.110763
0.112089
0.114096
0.116889
0.119854
0.1231
0.125908
0.128458
0.129872
0.130501
0.129285
0.126857
0.121981
0.115337
0.106244
0.111698
0.113132
0.115315
0.118369
0.121671
0.125345
0.128651
0.131798
0.133851
0.135242
0.134741
0.133201
0.128929
0.123283
0.112811
-0.00695539
-0.00972163
-0.0125517
-0.0154292
-0.0183438
-0.0212918
-0.0242722
-0.0272836
-0.0303236
-0.033389
-0.0364763
-0.0395821
-0.0427033
-0.0458364
-0.0489783
-0.0521255
-0.0552746
-0.0584225
-0.0615681
-0.0647134
-0.00657785
-0.00933945
-0.0121733
-0.0150547
-0.0179724
-0.0209246
-0.0239127
-0.0269364
-0.0299933
-0.0330801
-0.036193
-0.0393284
-0.0424831
-0.0456537
-0.0488367
-0.052029
-0.055227
-0.0584278
-0.0616288
-0.0648264
-0.00588606
-0.00867729
-0.0115605
-0.0144932
-0.0174582
-0.0204562
-0.0234915
-0.0265653
-0.0296752
-0.0328169
-0.0359859
-0.0391785
-0.042391
-0.0456198
-0.0488612
-0.0521111
-0.0553654
-0.05862
-0.0618738
-0.0651268
-0.00489673
-0.00774084
-0.0107027
-0.0137127
-0.0167464
-0.019808
-0.0229074
-0.0260482
-0.0292278
-0.0324409
-0.0356825
-0.0389484
-0.0422353
-0.0455396
-0.0488577
-0.0521859
-0.0555202
-0.0588573
-0.0621952
-0.0655309
-0.00363349
-0.00655512
-0.00962711
-0.012744
-0.015872
-0.0190214
-0.0222089
-0.0254412
-0.028715
-0.0320237
-0.0353612
-0.0387232
-0.0421063
-0.045507
-0.0489217
-0.0523459
-0.0557754
-0.0592061
-0.062637
-0.0660663
-0.00210887
-0.00513055
-0.00834183
-0.0115916
-0.0148355
-0.018092
-0.0213869
-0.0247301
-0.0281174
-0.0315399
-0.0349907
-0.0384652
-0.0419606
-0.0454735
-0.0490002
-0.0525363
-0.0560777
-0.0596205
-0.0631641
-0.0667052
-0.00033188
-0.0034756
-0.00685501
-0.010263
-0.0136437
-0.0170265
-0.0204487
-0.0239233
-0.0274443
-0.0310003
-0.0345832
-0.0381888
-0.0418144
-0.0454572
-0.049113
-0.0527776
-0.0564463
-0.060115
-0.0637841
-0.0674505
0.00169217
-0.00159515
-0.00517122
-0.0087617
-0.0122986
-0.015826
-0.0193945
-0.0230202
-0.0266943
-0.0304021
-0.0341346
-0.0378878
-0.0416599
-0.0454481
-0.0492486
-0.0530565
-0.0568673
-0.0606771
-0.064487
-0.0682934
0.00396056
0.000508215
-0.00329308
-0.00708958
-0.0108012
-0.0144911
-0.0182252
-0.022022
-0.0258684
-0.0297464
-0.0336458
-0.0375635
-0.0414986
-0.0454485
-0.0494092
-0.0533758
-0.0573434
-0.061308
-0.0652723
-0.0692321
0.00647249
0.00283349
-0.00122176
-0.00524709
-0.00915132
-0.0130214
-0.0169406
-0.0209287
-0.0249667
-0.0290327
-0.033116
-0.0372148
-0.041329
-0.0454564
-0.0495926
-0.0537324
-0.057871
-0.0620045
-0.0661369
-0.0702637
0.00922847
0.00538082
0.00104264
-0.00323361
-0.0073476
-0.0114158
-0.0155401
-0.01974
-0.0239888
-0.0282606
-0.0325448
-0.0368412
-0.0411509
-0.0454715
-0.0497985
-0.0541263
-0.05845
-0.0627658
-0.0670797
-0.0713865
0.0122299
0.00815102
0.00350073
-0.00104771
-0.0053881
-0.00967263
-0.014023
-0.0184554
-0.0229342
-0.0274294
-0.0319314
-0.0364422
-0.0409638
-0.0454935
-0.0500264
-0.0545568
-0.0590798
-0.0635912
-0.0680998
-0.0725997
0.0154786
0.0111452
0.00615355
0.00131257
-0.00327046
-0.00779024
-0.0123884
-0.0170745
-0.0218021
-0.0265381
-0.0312751
-0.0360173
-0.0407673
-0.045522
-0.050276
-0.0550236
-0.0597597
-0.0644798
-0.0691964
-0.0739025
0.0189765
0.0143645
0.00900234
0.00384955
-0.000992077
-0.00576692
-0.0106354
-0.0155963
-0.0205914
-0.0255857
-0.030575
-0.035566
-0.0405612
-0.0455572
-0.0505481
-0.0555282
-0.0604923
-0.0654338
-0.0703709
-0.0752957
0.0227253
0.0178098
0.0120483
0.0065657
0.00144964
-0.00360114
-0.00876319
-0.01402
-0.019301
-0.0245711
-0.0298304
-0.0350876
-0.0403449
-0.0455975
-0.0508394
-0.0560651
-0.0612694
-0.0664464
-0.0716198
-0.0767775
0.0267261
0.0214813
0.0152924
0.00946347
0.00405709
-0.0012917
-0.00677127
-0.0123448
-0.0179295
-0.023493
-0.0290406
-0.0345822
-0.0401188
-0.0456453
-0.0511573
-0.0566509
-0.0621191
-0.0675386
-0.0729556
-0.0783542
0.0309791
0.0253783
0.0187352
0.0125451
0.00683236
0.00116219
-0.00465914
-0.0105695
-0.0164757
-0.0223505
-0.0282051
-0.0340491
-0.0398803
-0.0456916
-0.0514769
-0.0572327
-0.0629605
-0.0686874
-0.0743793
-0.0800273
0.0354834
0.029499
0.0223766
0.0158125
0.00977699
0.00376082
-0.00242643
-0.008693
-0.014938
-0.0211428
-0.0273242
-0.03349
-0.0396353
-0.0457529
-0.0518387
-0.0578906
-0.0639083
-0.0699102
-0.0758725
-0.081785
0.040236
0.0338397
0.0262155
0.0192671
0.0128919
0.00650395
-7.28785e-05
-0.00671381
-0.0133149
-0.0198691
-0.0263976
-0.0329046
-0.0393815
-0.0458212
-0.0522203
-0.0585773
-0.0648919
-0.0711871
-0.0774382
-0.0836305
0.0452322
0.0383949
0.0302499
0.0229097
0.0161771
0.00939066
0.00240171
-0.00463042
-0.011605
-0.0185284
-0.0254245
-0.0322917
-0.0391181
-0.0458973
-0.0526274
-0.0593069
-0.0659347
-0.0725356
-0.0790857
-0.0855678
0.0504644
0.0431559
0.0344763
0.0267402
0.0196318
0.0124192
0.00499745
-0.00244119
-0.00980675
-0.0171201
-0.0244044
-0.0316508
-0.0388446
-0.045981
-0.0530587
-0.0600758
-0.0670303
-0.0739515
-0.0808134
-0.0875966
0.0559216
0.0481106
0.0388895
0.0307581
0.0232536
0.015587
0.00771443
-0.000144593
-0.00791941
-0.0156439
-0.0233365
-0.0309807
-0.0385602
-0.046072
-0.0535147
-0.0608857
-0.0681814
-0.0754368
-0.0826231
-0.0897179
0.0615881
0.0532416
0.043483
0.0349621
0.0270386
0.0188907
0.0105531
0.00226084
-0.00594255
-0.0140997
-0.02222
-0.0302803
-0.0382643
-0.04617
-0.0539956
-0.0617369
-0.0693884
-0.0769922
-0.0845154
-0.091932
0.0674395
0.0585249
0.0482491
0.0393494
0.0309798
0.0223258
0.0135137
0.0047758
-0.00387654
-0.0124871
-0.0210534
-0.029548
-0.0379556
-0.0462743
-0.0545009
-0.0626291
-0.0706512
-0.0786184
-0.0864909
-0.0942392
0.0734388
0.0639264
0.0531791
0.043916
0.0350688
0.0258892
0.0165975
0.00739976
-0.00172315
-0.0108067
-0.0198364
-0.0287837
-0.037634
-0.0463848
-0.0550314
-0.0635653
-0.0719731
-0.0803177
-0.0885511
-0.0966396
0.0795365
0.0694028
0.0582608
0.0486491
0.0392904
0.0295773
0.0198061
0.0101336
0.000519773
-0.00905433
-0.0185644
-0.0279832
-0.0372961
-0.046498
-0.055582
-0.0645351
-0.0733467
-0.0820886
-0.0906963
-0.0991339
0.0856717
0.0749189
0.0634938
0.0535374
0.043632
0.0333851
0.0231303
0.0129629
0.00283897
-0.00724043
-0.017246
-0.0271532
-0.036946
-0.0466185
-0.0561666
-0.0655761
-0.0747996
-0.0839447
-0.0929324
-0.101726
0.0917325
0.0804283
0.068857
0.0585481
0.0480909
0.0373395
0.0266036
0.0159241
0.00527277
-0.0053307
-0.0158541
-0.0262721
-0.0365652
-0.0467191
-0.0567222
-0.0665489
-0.076259
-0.0858626
-0.0952469
-0.104403
0.0974724
0.0859449
0.0743726
0.0636274
0.0525819
0.0413213
0.0300849
0.0188793
0.00769587
-0.00343597
-0.0144829
-0.0254222
-0.0362352
-0.0469174
-0.0574796
-0.0679021
-0.0779281
-0.0878813
-0.0976216
-0.107137
0.102177
0.091121
0.0799827
0.068967
0.0574937
0.0457937
0.0340637
0.0223278
0.0105997
-0.00108488
-0.0126817
-0.024159
-0.0354884
-0.0466403
-0.0575883
-0.0683824
-0.0793678
-0.0899359
-0.100105
-0.109999
-0.0678544
-0.0709829
-0.0740932
-0.0771833
-0.0802521
-0.0832981
-0.0863192
-0.0893129
-0.092277
-0.0952094
-0.0981082
-0.100972
-0.103798
-0.106585
-0.109332
-0.112038
-0.114701
-0.11732
-0.119896
-0.122428
-0.0680151
-0.0711896
-0.0743475
-0.0774868
-0.0806045
-0.083698
-0.0867642
-0.0898005
-0.0928042
-0.095773
-0.0987047
-0.101597
-0.104448
-0.107256
-0.11002
-0.112737
-0.115406
-0.118027
-0.1206
-0.123126
-0.068375
-0.0716105
-0.0748277
-0.0780235
-0.0811957
-0.0843419
-0.0874595
-0.0905454
-0.0935971
-0.096612
-0.0995878
-0.102522
-0.105414
-0.10826
-0.11106
-0.113811
-0.116513
-0.119164
-0.121769
-0.124328
-0.0688584
-0.0721708
-0.0754644
-0.0787366
-0.0819849
-0.0852064
-0.0883979
-0.0915565
-0.0946791
-0.0977633
-0.100806
-0.103806
-0.106761
-0.109668
-0.112526
-0.115333
-0.11809
-0.120792
-0.123449
-0.126063
-0.0694882
-0.0728952
-0.0762823
-0.0796466
-0.0829856
-0.0862964
-0.0895759
-0.0928209
-0.0960286
-0.099196
-0.102321
-0.105401
-0.108434
-0.111417
-0.11435
-0.11723
-0.120059
-0.122832
-0.125562
-0.128254
-0.0702374
-0.073753
-0.0772475
-0.0807183
-0.0841628
-0.0875781
-0.090961
-0.0943082
-0.0976167
-0.100884
-0.104107
-0.107283
-0.110412
-0.113489
-0.116515
-0.119487
-0.122406
-0.125268
-0.128091
-0.130881
-0.0711071
-0.0747459
-0.0783624
-0.0819539
-0.0855181
-0.0890519
-0.0925521
-0.0960154
-0.0994389
-0.10282
-0.106155
-0.109443
-0.112682
-0.115868
-0.119003
-0.122081
-0.125107
-0.128074
-0.131007
-0.133914
-0.0720884
-0.075864
-0.0796156
-0.0833411
-0.0870381
-0.0907037
-0.0943346
-0.0979274
-0.101479
-0.104987
-0.10845
-0.111863
-0.115226
-0.118536
-0.121794
-0.124993
-0.128142
-0.131231
-0.134291
-0.137331
-0.073179
-0.0771045
-0.0810044
-0.0848767
-0.0887194
-0.0925295
-0.0963037
-0.100039
-0.103732
-0.10738
-0.110982
-0.114534
-0.118035
-0.121482
-0.124876
-0.128212
-0.131498
-0.134722
-0.137924
-0.141115
-0.0743755
-0.0784636
-0.0825242
-0.0865557
-0.0905563
-0.094523
-0.0984527
-0.102342
-0.106189
-0.10999
-0.113743
-0.117446
-0.121097
-0.124694
-0.128238
-0.131722
-0.135159
-0.138532
-0.141891
-0.145246
-0.0756761
-0.0799393
-0.0841728
-0.0883754
-0.0925455
-0.0966806
-0.100777
-0.104833
-0.108844
-0.112809
-0.116725
-0.120591
-0.124404
-0.128162
-0.131869
-0.135513
-0.139112
-0.142647
-0.146175
-0.149708
-0.0770795
-0.0815299
-0.0859479
-0.0903331
-0.0946843
-0.0989988
-0.103274
-0.107506
-0.111693
-0.115832
-0.119923
-0.123961
-0.127948
-0.131878
-0.135757
-0.139573
-0.143346
-0.147053
-0.150762
-0.154485
-0.078585
-0.0832342
-0.0878481
-0.092427
-0.0969701
-0.101475
-0.105938
-0.110357
-0.11473
-0.119054
-0.123328
-0.127549
-0.131719
-0.135831
-0.139892
-0.14389
-0.147846
-0.151736
-0.155636
-0.159559
-0.0801929
-0.0850524
-0.0898731
-0.0946562
-0.0994014
-0.104106
-0.108768
-0.113383
-0.117951
-0.122469
-0.126936
-0.131348
-0.135709
-0.140011
-0.144264
-0.148451
-0.1526
-0.15668
-0.16078
-0.164912
-0.0819014
-0.0869821
-0.0920204
-0.0970183
-0.101976
-0.10689
-0.111759
-0.11658
-0.121351
-0.126071
-0.130738
-0.13535
-0.13991
-0.14441
-0.14886
-0.153244
-0.157592
-0.161869
-0.166176
-0.170522
-0.0837132
-0.0890249
-0.0942909
-0.0995134
-0.104692
-0.109825
-0.114909
-0.119943
-0.124926
-0.129854
-0.134729
-0.139547
-0.144311
-0.149014
-0.153669
-0.158254
-0.162807
-0.167285
-0.171804
-0.176368
-0.0856285
-0.0911803
-0.0966837
-0.10214
-0.107549
-0.112908
-0.118215
-0.12347
-0.128669
-0.133813
-0.1389
-0.14393
-0.148903
-0.153814
-0.158676
-0.163467
-0.168227
-0.17291
-0.177643
-0.182426
-0.0876434
-0.0934467
-0.0991972
-0.104896
-0.110543
-0.116136
-0.121673
-0.127154
-0.132576
-0.13794
-0.143244
-0.148488
-0.153674
-0.158796
-0.163866
-0.168867
-0.173834
-0.178724
-0.18367
-0.188673
-0.0897588
-0.0958242
-0.101831
-0.107781
-0.113673
-0.119506
-0.125279
-0.130991
-0.136639
-0.142228
-0.14775
-0.153213
-0.15861
-0.163947
-0.169224
-0.174435
-0.179608
-0.184706
-0.189862
-0.195087
-0.0919761
-0.0983132
-0.104584
-0.110793
-0.116937
-0.123016
-0.129028
-0.134976
-0.140854
-0.146669
-0.15241
-0.158093
-0.163701
-0.169253
-0.174733
-0.180155
-0.185527
-0.190835
-0.196193
-0.201642
-0.0942948
-0.100912
-0.107456
-0.11393
-0.120331
-0.126661
-0.132917
-0.139102
-0.14521
-0.151253
-0.157213
-0.163117
-0.168931
-0.1747
-0.180377
-0.186012
-0.191573
-0.19709
-0.202638
-0.208312
-0.0967152
-0.103622
-0.110446
-0.11719
-0.123854
-0.130438
-0.136939
-0.143364
-0.149702
-0.15597
-0.162146
-0.168266
-0.174281
-0.180265
-0.186129
-0.191981
-0.19772
-0.20345
-0.209172
-0.215067
-0.0992373
-0.106441
-0.113551
-0.120572
-0.127502
-0.134342
-0.14109
-0.147753
-0.154321
-0.160811
-0.167199
-0.17353
-0.179737
-0.185927
-0.19196
-0.198026
-0.203918
-0.209872
-0.215747
-0.221866
-0.101861
-0.109368
-0.116771
-0.124073
-0.131272
-0.13837
-0.145365
-0.152265
-0.159061
-0.165771
-0.17237
-0.178907
-0.185305
-0.191695
-0.197884
-0.204156
-0.21016
-0.216337
-0.222316
-0.228672
-0.104584
-0.112401
-0.120102
-0.127689
-0.135159
-0.142515
-0.149758
-0.156891
-0.163912
-0.170836
-0.177642
-0.184378
-0.190968
-0.197553
-0.203905
-0.210386
-0.216486
-0.222894
-0.228902
-0.235508
-0.107408
-0.11554
-0.123542
-0.131414
-0.139155
-0.146766
-0.154249
-0.161607
-0.16884
-0.175959
-0.182953
-0.189859
-0.196618
-0.203363
-0.209871
-0.216539
-0.222748
-0.22942
-0.235436
-0.242361
-0.110338
-0.118789
-0.12709
-0.135245
-0.143251
-0.151109
-0.15882
-0.166388
-0.173815
-0.181106
-0.188258
-0.195295
-0.202182
-0.209019
-0.215634
-0.222405
-0.228702
-0.235619
-0.241652
-0.249061
-0.113365
-0.12215
-0.130764
-0.139211
-0.147491
-0.155604
-0.163554
-0.171342
-0.178974
-0.186454
-0.193783
-0.200973
-0.208009
-0.214949
-0.221679
-0.228497
-0.23486
-0.241913
-0.247883
-0.255852
-0.116462
-0.125607
-0.134572
-0.143355
-0.151952
-0.160367
-0.168603
-0.176666
-0.184563
-0.192298
-0.199877
-0.207307
-0.214585
-0.221732
-0.22869
-0.235617
-0.242134
-0.249175
-0.255087
-0.263344
-0.119655
-0.129113
-0.13839
-0.147469
-0.156339
-0.165
-0.173461
-0.181727
-0.189809
-0.197713
-0.205452
-0.213031
-0.220461
-0.227743
-0.234869
-0.241874
-0.248588
-0.255434
-0.261447
-0.269375
-0.128732
-0.138317
-0.147301
-0.155438
-0.16251
-0.16834
-0.172769
-0.175656
-0.176864
-0.176303
-0.173918
-0.16973
-0.163781
-0.156184
-0.147079
-0.136678
-0.125213
-0.11297
-0.100223
-0.0873061
-0.0744924
-0.062141
-0.0505108
-0.0399374
-0.0306121
-0.0226592
-0.0159586
-0.0104655
-0.00581878
-0.0018847
-0.129466
-0.139099
-0.148092
-0.156213
-0.163257
-0.169057
-0.173449
-0.176289
-0.177438
-0.176812
-0.17436
-0.170104
-0.164088
-0.156424
-0.147257
-0.136798
-0.125281
-0.112993
-0.100208
-0.0872596
-0.0744207
-0.0620492
-0.0504071
-0.0398309
-0.0305108
-0.0225687
-0.0158859
-0.0104112
-0.00578655
-0.0018736
-0.130808
-0.14055
-0.149563
-0.157653
-0.164648
-0.170392
-0.174716
-0.177468
-0.178508
-0.177761
-0.175184
-0.170802
-0.164659
-0.156871
-0.147587
-0.13702
-0.125407
-0.113035
-0.10018
-0.0871725
-0.0742869
-0.061878
-0.050214
-0.0396316
-0.0303216
-0.0223994
-0.0157504
-0.0103095
-0.00572635
-0.00185211
-0.132728
-0.142616
-0.151645
-0.159686
-0.166611
-0.172277
-0.176502
-0.179126
-0.180009
-0.179091
-0.176338
-0.171778
-0.165457
-0.157496
-0.148047
-0.137328
-0.125581
-0.113092
-0.100139
-0.0870496
-0.074099
-0.0616376
-0.049943
-0.0393513
-0.030056
-0.0221621
-0.0155607
-0.010167
-0.00564203
-0.00182152
-0.135164
-0.145227
-0.154263
-0.162235
-0.169074
-0.174641
-0.178739
-0.181195
-0.181879
-0.180747
-0.177775
-0.172992
-0.166448
-0.15827
-0.148616
-0.137709
-0.125794
-0.113159
-0.100086
-0.0868947
-0.0738636
-0.0613367
-0.049604
-0.0390005
-0.0297242
-0.0218659
-0.0153243
-0.00998915
-0.00553704
-0.00178288
-0.138084
-0.148338
-0.157361
-0.165244
-0.171982
-0.17743
-0.18137
-0.183621
-0.184069
-0.182684
-0.179453
-0.174408
-0.167602
-0.159169
-0.149276
-0.138148
-0.126038
-0.113234
-0.10002
-0.0867114
-0.0735868
-0.0609832
-0.0492059
-0.0385886
-0.0293352
-0.0215189
-0.0150479
-0.00978105
-0.00541446
-0.00173705
-0.141456
-0.151905
-0.160887
-0.168662
-0.175283
-0.180592
-0.184343
-0.186354
-0.186529
-0.18486
-0.181336
-0.175993
-0.168892
-0.160172
-0.150009
-0.138633
-0.126306
-0.113312
-0.0999427
-0.0865027
-0.0732737
-0.0605838
-0.0487567
-0.0381235
-0.0288969
-0.0211283
-0.0147377
-0.00954709
-0.00527705
-0.00168479
-0.145253
-0.155889
-0.164796
-0.172443
-0.178933
-0.184079
-0.187611
-0.189347
-0.18922
-0.187236
-0.183391
-0.17772
-0.170295
-0.16126
-0.150802
-0.139155
-0.12659
-0.113391
-0.0998531
-0.0862712
-0.0729291
-0.0601445
-0.0482632
-0.0376127
-0.0284164
-0.0207008
-0.0143989
-0.00929125
-0.00512725
-0.00162675
-0.149455
-0.160256
-0.169049
-0.176546
-0.182889
-0.187851
-0.19113
-0.19256
-0.192104
-0.189781
-0.185587
-0.179562
-0.171788
-0.162415
-0.151641
-0.139704
-0.126886
-0.113468
-0.0997517
-0.0860196
-0.0725573
-0.0596708
-0.0477318
-0.0370626
-0.0279
-0.020242
-0.0140362
-0.00901713
-0.00496725
-0.00156355
-0.154038
-0.164971
-0.173607
-0.180934
-0.187114
-0.191865
-0.19486
-0.195957
-0.195149
-0.192463
-0.187897
-0.181496
-0.173352
-0.163622
-0.152513
-0.140271
-0.127186
-0.11354
-0.0996387
-0.0857501
-0.0721621
-0.0591676
-0.0471679
-0.0364791
-0.0273534
-0.0197571
-0.013654
-0.00872793
-0.00479898
-0.00149572
-0.158982
-0.170001
-0.178434
-0.185571
-0.191572
-0.196086
-0.198765
-0.199503
-0.198323
-0.195255
-0.190299
-0.183503
-0.174971
-0.164867
-0.15341
-0.140849
-0.127488
-0.113606
-0.0995145
-0.085465
-0.0717472
-0.0586395
-0.0465767
-0.0358674
-0.0267817
-0.0192508
-0.013256
-0.00842657
-0.00462417
-0.00142376
-0.164266
-0.175314
-0.183497
-0.190425
-0.196231
-0.200477
-0.202811
-0.203169
-0.201601
-0.198134
-0.192769
-0.185563
-0.17663
-0.166138
-0.154321
-0.141431
-0.127788
-0.113663
-0.0993795
-0.0851662
-0.0713158
-0.0580904
-0.0459628
-0.0352324
-0.0261896
-0.0187275
-0.0128457
-0.00811568
-0.00444435
-0.00134816
-0.16987
-0.180875
-0.188764
-0.195466
-0.201057
-0.205005
-0.206966
-0.206927
-0.204957
-0.201076
-0.19529
-0.187661
-0.178315
-0.167426
-0.155238
-0.142013
-0.128081
-0.113712
-0.0992343
-0.0848559
-0.070871
-0.0575242
-0.0453303
-0.0345784
-0.0255812
-0.0181908
-0.0124261
-0.00779765
-0.00426086
-0.00126936
-0.175768
-0.186651
-0.194202
-0.200664
-0.206021
-0.209639
-0.211203
-0.210754
-0.208369
-0.204062
-0.197844
-0.189782
-0.180015
-0.168719
-0.156156
-0.142589
-0.128365
-0.11375
-0.0990796
-0.084536
-0.0704156
-0.0569442
-0.0446831
-0.0339093
-0.0249603
-0.0176443
-0.012
-0.0074746
-0.00407489
-0.0011878
-0.181938
-0.192607
-0.199784
-0.205993
-0.211092
-0.21435
-0.215498
-0.214627
-0.211817
-0.207074
-0.200415
-0.191914
-0.18172
-0.170012
-0.157067
-0.143156
-0.128639
-0.113777
-0.0989159
-0.0842082
-0.0699523
-0.0563536
-0.0440245
-0.0332289
-0.0243304
-0.0170911
-0.0115698
-0.00714849
-0.00388752
-0.0011039
-0.188351
-0.19871
-0.205481
-0.211426
-0.216242
-0.219111
-0.219827
-0.218526
-0.215283
-0.210096
-0.202991
-0.194046
-0.183421
-0.171296
-0.157967
-0.14371
-0.1289
-0.113793
-0.0987441
-0.0838743
-0.0694833
-0.0557553
-0.0433579
-0.0325404
-0.0236946
-0.016534
-0.0111378
-0.00682107
-0.00369966
-0.0010181
-0.194981
-0.204924
-0.211267
-0.216941
-0.221444
-0.223898
-0.224171
-0.222434
-0.218751
-0.213116
-0.205561
-0.196169
-0.185109
-0.172567
-0.158852
-0.144248
-0.129147
-0.113798
-0.098565
-0.0835359
-0.0690111
-0.055152
-0.0426861
-0.0318469
-0.0230557
-0.0159756
-0.0107058
-0.00649393
-0.00351217
-0.000930799
-0.201793
-0.211217
-0.217119
-0.222513
-0.226673
-0.228689
-0.228513
-0.226334
-0.222206
-0.21612
-0.208113
-0.198274
-0.186779
-0.173819
-0.159719
-0.144769
-0.129378
-0.113792
-0.0983794
-0.0831948
-0.0685376
-0.0545462
-0.0420117
-0.0311512
-0.0224164
-0.0154182
-0.0102759
-0.0061685
-0.00332579
-0.000842424
-0.208752
-0.217559
-0.223015
-0.228118
-0.231905
-0.233464
-0.232835
-0.23021
-0.225634
-0.219096
-0.210638
-0.200354
-0.188425
-0.175047
-0.160563
-0.145271
-0.129594
-0.113774
-0.0981883
-0.0828524
-0.0680648
-0.0539403
-0.0413375
-0.030456
-0.0217792
-0.014864
-0.00984948
-0.00584609
-0.00314121
-0.000753394
-0.215817
-0.223918
-0.228931
-0.233733
-0.237118
-0.238206
-0.237122
-0.23405
-0.229025
-0.222035
-0.213128
-0.202401
-0.19004
-0.176248
-0.161383
-0.145752
-0.129793
-0.113745
-0.0979924
-0.0825101
-0.0675946
-0.0533365
-0.0406657
-0.0297638
-0.0211463
-0.0143151
-0.00942823
-0.00552792
-0.00295904
-0.000664127
-0.222944
-0.230264
-0.234847
-0.239332
-0.24229
-0.242899
-0.241359
-0.237837
-0.232364
-0.224927
-0.215574
-0.204409
-0.191619
-0.177418
-0.162175
-0.146211
-0.129975
-0.113706
-0.0977926
-0.0821693
-0.0671285
-0.0527369
-0.0399988
-0.0290771
-0.0205199
-0.0137732
-0.00901351
-0.00521507
-0.00277986
-0.000575034
-0.230089
-0.236572
-0.240742
-0.244892
-0.247401
-0.247525
-0.245532
-0.241559
-0.235641
-0.22776
-0.217967
-0.206369
-0.193157
-0.178552
-0.162938
-0.146647
-0.13014
-0.113657
-0.0975898
-0.0818313
-0.0666681
-0.0521437
-0.0393387
-0.0283981
-0.0199021
-0.0132402
-0.00860662
-0.00490856
-0.00260421
-0.000486518
-0.237206
-0.242814
-0.246596
-0.250389
-0.252432
-0.252067
-0.249624
-0.2452
-0.238841
-0.230522
-0.220297
-0.208275
-0.194648
-0.179647
-0.163669
-0.147058
-0.130288
-0.113598
-0.0973847
-0.0814971
-0.0662149
-0.0515586
-0.0386878
-0.0277292
-0.0192949
-0.0127178
-0.00820879
-0.00460932
-0.00243258
-0.000398969
-0.244247
-0.248968
-0.252387
-0.255797
-0.257362
-0.256509
-0.253616
-0.248743
-0.24195
-0.233202
-0.222554
-0.210118
-0.196086
-0.180699
-0.164365
-0.147444
-0.130418
-0.11353
-0.0971779
-0.0811678
-0.0657701
-0.0509836
-0.038048
-0.0270724
-0.0187002
-0.0122075
-0.00782112
-0.00431818
-0.00226541
-0.000312764
-0.251161
-0.255011
-0.258093
-0.26109
-0.26217
-0.260827
-0.257487
-0.252167
-0.244951
-0.235783
-0.224725
-0.211888
-0.197463
-0.181702
-0.165025
-0.147803
-0.13053
-0.113452
-0.0969702
-0.080844
-0.0653348
-0.0504202
-0.0374212
-0.0264297
-0.0181196
-0.0117106
-0.0074446
-0.00403589
-0.00210312
-0.000228259
-0.257896
-0.260917
-0.263685
-0.266232
-0.266823
-0.264996
-0.261208
-0.255449
-0.247823
-0.23825
-0.226796
-0.213575
-0.198772
-0.182653
-0.165643
-0.148134
-0.130624
-0.113366
-0.0967615
-0.0805263
-0.0649097
-0.0498699
-0.036809
-0.0258029
-0.0175547
-0.0112285
-0.00708015
-0.00376311
-0.00194608
-0.000145788
-0.264378
-0.266653
-0.269126
-0.271182
-0.271282
-0.268973
-0.26476
-0.258565
-0.250543
-0.240582
-0.228754
-0.215167
-0.200005
-0.183545
-0.166219
-0.148435
-0.1307
-0.113272
-0.0965527
-0.0802154
-0.0644958
-0.0493343
-0.0362134
-0.0251941
-0.0170073
-0.0107626
-0.00672862
-0.00350045
-0.00179463
-6.56602e-05
-0.270562
-0.272197
-0.274393
-0.275914
-0.275522
-0.272708
-0.268143
-0.261485
-0.253094
-0.24277
-0.230592
-0.216664
-0.201165
-0.184383
-0.166758
-0.148714
-0.130765
-0.113175
-0.0963495
-0.0799164
-0.0640978
-0.0488176
-0.0356377
-0.024606
-0.0164791
-0.0103139
-0.0063908
-0.00324839
-0.00164908
1.18663e-05
-0.276498
-0.27752
-0.279465
-0.280427
-0.279562
-0.276245
-0.270968
-0.26419
-0.255491
-0.24483
-0.232329
-0.218083
-0.202267
-0.185183
-0.167272
-0.148981
-0.130826
-0.113083
-0.0961559
-0.0796321
-0.0637174
-0.048321
-0.0350825
-0.0240384
-0.0159699
-0.0098823
-0.00606655
-0.00300688
-0.00150946
8.66299e-05
-0.282161
-0.282393
-0.284141
-0.284591
-0.28337
-0.279776
-0.27465
-0.266893
-0.25776
-0.246742
-0.233913
-0.219356
-0.203235
-0.185863
-0.167683
-0.14916
-0.130814
-0.112931
-0.0959141
-0.0793106
-0.0633101
-0.04781
-0.0345238
-0.0234771
-0.015472
-0.00946432
-0.00575408
-0.00277553
-0.00137539
0.000158376
-0.287339
-0.286131
-0.287666
-0.287488
-0.285773
-0.281573
-0.275635
-0.268214
-0.258933
-0.247704
-0.234669
-0.219905
-0.203576
-0.186009
-0.167646
-0.14897
-0.130502
-0.112533
-0.0954672
-0.0788166
-0.062764
-0.0471988
-0.0338989
-0.0228761
-0.0149498
-0.00903188
-0.00543045
-0.00253646
-0.00123457
0.000233565
-0.291309
-0.29092
-0.292413
-0.2914
-0.289
-0.284113
-0.277887
-0.269567
-0.259739
-0.248053
-0.234643
-0.219549
-0.202942
-0.185157
-0.166637
-0.147868
-0.129365
-0.111417
-0.0944086
-0.0777965
-0.0617605
-0.0462015
-0.0329772
-0.0220632
-0.0142896
-0.00851366
-0.00505766
-0.00226828
-0.00107998
0.000316184
-0.295534
-0.294911
-0.295903
-0.29398
-0.29097
-0.285484
-0.278818
-0.270365
-0.260297
-0.248329
-0.23466
-0.219319
-0.202481
-0.1845
-0.165817
-0.146944
-0.128379
-0.110425
-0.093441
-0.0768418
-0.0607987
-0.0452301
-0.0320662
-0.0212537
-0.0136281
-0.00799417
-0.0046842
-0.00200033
-0.000926154
0.000399173
-0.299589
-0.29863
-0.299257
-0.296549
-0.293094
-0.287158
-0.280149
-0.271174
-0.260756
-0.248477
-0.234553
-0.218978
-0.201933
-0.183783
-0.164965
-0.146008
-0.127401
-0.109452
-0.0924986
-0.0759137
-0.0598637
-0.0442852
-0.0311809
-0.0204674
-0.0129857
-0.00748962
-0.00432118
-0.0017396
-0.000776027
0.000481116
-0.303429
-0.301809
-0.302022
-0.298495
-0.29456
-0.288063
-0.280883
-0.271636
-0.261001
-0.248481
-0.234352
-0.218577
-0.201351
-0.183052
-0.164112
-0.145082
-0.126435
-0.108493
-0.0915691
-0.0749965
-0.0589382
-0.0433516
-0.0303087
-0.0196959
-0.0123579
-0.00699844
-0.00396868
-0.00148687
-0.000630306
0.000561384
-0.30711
-0.304359
-0.304274
-0.300043
-0.295842
-0.289022
-0.281528
-0.271948
-0.261094
-0.248353
-0.234046
-0.218102
-0.200722
-0.182299
-0.163256
-0.144168
-0.125489
-0.107559
-0.0906613
-0.0740984
-0.0580302
-0.0424374
-0.0294567
-0.0189451
-0.0117484
-0.00652322
-0.00362826
-0.00124327
-0.000489653
0.000639414
-0.310501
-0.306316
-0.305996
-0.301117
-0.296646
-0.289481
-0.281825
-0.272019
-0.261013
-0.248092
-0.233644
-0.217558
-0.200052
-0.181528
-0.162402
-0.143269
-0.124566
-0.106649
-0.0897765
-0.0732211
-0.057143
-0.0415478
-0.0286307
-0.0182206
-0.0111621
-0.00606775
-0.00330237
-0.00101053
-0.000354947
0.000714543
-0.313677
-0.30761
-0.307259
-0.3018
-0.297198
-0.289778
-0.281951
-0.271927
-0.26079
-0.247716
-0.233154
-0.216953
-0.199346
-0.180744
-0.161554
-0.14239
-0.123669
-0.105769
-0.0889174
-0.072367
-0.0562797
-0.0406873
-0.0278361
-0.0175277
-0.0106032
-0.00563551
-0.00299336
-0.000790353
-0.000227071
0.000786075
-0.31641
-0.308302
-0.30812
-0.302168
-0.297485
-0.289791
-0.281861
-0.271672
-0.260438
-0.24724
-0.232593
-0.216297
-0.198613
-0.179956
-0.160719
-0.141536
-0.122804
-0.104922
-0.0880873
-0.0715393
-0.0554444
-0.0398614
-0.0270784
-0.0168716
-0.010076
-0.00522978
-0.00270338
-0.000584282
-0.000106839
0.000853337
-0.318301
-0.30859
-0.308678
-0.302239
-0.297545
-0.28964
-0.281634
-0.271297
-0.259991
-0.246686
-0.231974
-0.215604
-0.197866
-0.179171
-0.159904
-0.140714
-0.121977
-0.104113
-0.0872904
-0.0707417
-0.0546414
-0.0390752
-0.026363
-0.0162573
-0.00958453
-0.00485357
-0.0024344
-0.000393715
5.01547e-06
0.000915704
-0.319323
-0.308621
-0.308965
-0.302103
-0.297451
-0.289331
-0.281288
-0.270824
-0.259471
-0.246078
-0.231319
-0.214893
-0.197118
-0.178402
-0.159118
-0.139929
-0.121194
-0.103348
-0.0865311
-0.0699788
-0.0538756
-0.038334
-0.025695
-0.0156893
-0.00913218
-0.00450948
-0.00218808
-0.00021983
0.000107858
0.000972633
-0.319664
-0.308504
-0.309026
-0.301821
-0.29722
-0.288925
-0.280868
-0.270292
-0.258906
-0.245438
-0.230647
-0.214179
-0.196384
-0.177659
-0.15837
-0.139191
-0.120462
-0.102631
-0.0858147
-0.0692556
-0.0531524
-0.0376431
-0.0250792
-0.0151714
-0.00872186
-0.00419955
-0.00196574
-6.35257e-05
0.00020117
0.00102369
-0.319613
-0.30824
-0.308943
-0.301425
-0.296915
-0.288454
-0.280394
-0.26973
-0.258317
-0.244793
-0.229979
-0.213481
-0.195676
-0.176953
-0.15767
-0.138506
-0.119787
-0.10197
-0.0851474
-0.0685784
-0.0524779
-0.0370078
-0.0245198
-0.0147067
-0.00835576
-0.00392516
-0.00176828
7.46132e-05
0.000284557
0.0010686
-0.319195
-0.307926
-0.308704
-0.300985
-0.296545
-0.287948
-0.279919
-0.269155
-0.257739
-0.244159
-0.229333
-0.212817
-0.195013
-0.176299
-0.157027
-0.137882
-0.119175
-0.101369
-0.084536
-0.0679543
-0.0518588
-0.0364334
-0.0240207
-0.0142974
-0.00803532
-0.00368701
-0.00159621
0.000194324
0.000357738
0.00110723
-0.318491
-0.307656
-0.308338
-0.300577
-0.296127
-0.287483
-0.279413
-0.268626
-0.257178
-0.243574
-0.228738
-0.212205
-0.194404
-0.175706
-0.156452
-0.137328
-0.118635
-0.100836
-0.0839879
-0.0673916
-0.0513029
-0.0359254
-0.023585
-0.0139452
-0.0077613
-0.00348517
-0.00144967
0.000295649
0.000420542
0.00113961
-0.31777
-0.307265
-0.307991
-0.30014
-0.295724
-0.287022
-0.278967
-0.26813
-0.256673
-0.243042
-0.228196
-0.211664
-0.193875
-0.17519
-0.155953
-0.136851
-0.118172
-0.100377
-0.0835117
-0.0668997
-0.0508188
-0.0354893
-0.023216
-0.0136509
-0.00753385
-0.00331919
-0.00132852
0.000378883
0.000472875
0.0011659
-0.317059
-0.306888
-0.30766
-0.299754
-0.295379
-0.286629
-0.27857
-0.267707
-0.25624
-0.242592
-0.227742
-0.211205
-0.193425
-0.17476
-0.155544
-0.136457
-0.117792
-0.0999987
-0.0831159
-0.0664888
-0.0504157
-0.035131
-0.0229165
-0.0134151
-0.00735274
-0.00318821
-0.00123239
0.000444497
0.00051471
0.00118637
-0.316442
-0.306543
-0.307388
-0.299428
-0.295092
-0.286306
-0.278256
-0.267369
-0.255897
-0.242236
-0.227384
-0.210848
-0.193078
-0.174425
-0.155225
-0.136158
-0.1175
-0.099708
-0.0828095
-0.0661691
-0.0501029
-0.034856
-0.022689
-0.0132381
-0.00721753
-0.00309121
-0.00116084
0.000493044
0.000546052
0.00120134
-0.31599
-0.306287
-0.307194
-0.299197
-0.294894
-0.286083
-0.278036
-0.267135
-0.25566
-0.241991
-0.227138
-0.210602
-0.192839
-0.174197
-0.155009
-0.135952
-0.117304
-0.0995103
-0.0826003
-0.0659499
-0.0498889
-0.0346694
-0.0225359
-0.0131201
-0.00712774
-0.00302722
-0.00111344
0.000525055
0.000566926
0.00121112
-0.315749
-0.30615
-0.307093
-0.299075
-0.29479
-0.285967
-0.277923
-0.267015
-0.255539
-0.241866
-0.227012
-0.210477
-0.192718
-0.174081
-0.1549
-0.135849
-0.117205
-0.0994105
-0.0824942
-0.0658383
-0.04978
-0.034575
-0.0224589
-0.013061
-0.00708296
-0.00299544
-0.00108984
0.000540944
0.000577356
0.00121594
)
;

boundaryField
{
    inlet
    {
        type            zeroGradient;
    }
    outlet
    {
        type            fixedValue;
        value           uniform 0;
    }
    cylinder
    {
        type            zeroGradient;
    }
    top
    {
        type            symmetryPlane;
    }
    bottom
    {
        type            symmetryPlane;
    }
    defaultFaces
    {
        type            empty;
    }
}


// ************************************************************************* //
