/*--------------------------------*- C++ -*----------------------------------*\
  =========                 |
  \\      /  F ield         | OpenFOAM: The Open Source CFD Toolbox
   \\    /   O peration     | Website:  https://openfoam.org
    \\  /    A nd           | Version:  9
     \\/     M anipulation  |
\*---------------------------------------------------------------------------*/
FoamFile
{
    format      ascii;
    class       volScalarField;
    location    "43.4";
    object      p;
}
// * * * * * * * * * * * * * * * * * * * * * * * * * * * * * * * * * * * * * //

dimensions      [0 2 -2 0 0 0 0];

internalField   nonuniform List<scalar> 
8500
(
-0.285382
-0.289596
-0.290432
-0.29218
-0.294266
-0.294513
-0.298267
-0.294643
-0.300816
-0.293502
-0.285647
-0.289799
-0.290629
-0.292346
-0.294464
-0.294607
-0.298564
-0.294578
-0.301229
-0.293389
-0.28617
-0.290201
-0.291017
-0.29267
-0.294853
-0.294784
-0.29915
-0.294433
-0.302051
-0.293161
-0.286937
-0.29079
-0.291583
-0.293137
-0.295415
-0.295025
-0.300004
-0.294177
-0.303269
-0.292816
-0.287931
-0.291552
-0.292307
-0.293724
-0.296125
-0.295303
-0.301091
-0.293774
-0.30486
-0.292347
-0.289128
-0.292466
-0.293169
-0.294406
-0.296948
-0.295591
-0.302359
-0.293187
-0.306783
-0.291737
-0.290502
-0.293513
-0.294141
-0.295152
-0.29784
-0.295868
-0.303731
-0.292389
-0.308983
-0.290928
-0.292028
-0.294671
-0.295196
-0.295935
-0.29875
-0.296118
-0.305113
-0.291366
-0.311368
-0.28991
-0.293678
-0.295918
-0.296305
-0.296728
-0.29962
-0.296339
-0.306387
-0.290192
-0.313498
-0.288891
-0.29543
-0.297235
-0.29744
-0.297512
-0.300394
-0.296545
-0.307337
-0.289097
-0.315298
-0.287497
-0.297265
-0.298607
-0.298577
-0.298268
-0.301013
-0.296823
-0.307829
-0.287975
-0.316725
-0.285881
-0.299169
-0.300022
-0.299697
-0.298991
-0.301373
-0.297218
-0.307876
-0.286897
-0.317373
-0.284521
-0.301136
-0.301475
-0.300788
-0.299697
-0.301499
-0.297602
-0.307477
-0.286185
-0.316695
-0.283973
-0.30317
-0.302966
-0.301842
-0.300363
-0.301444
-0.297921
-0.306566
-0.286
-0.314298
-0.284266
-0.305283
-0.304501
-0.302872
-0.300971
-0.301255
-0.298155
-0.305207
-0.286265
-0.310162
-0.284596
-0.307499
-0.306087
-0.303914
-0.301525
-0.300983
-0.298111
-0.303523
-0.286612
-0.304785
-0.28387
-0.309854
-0.307747
-0.304998
-0.302058
-0.300705
-0.297752
-0.301604
-0.286653
-0.298812
-0.281562
-0.312387
-0.30951
-0.306158
-0.302608
-0.30048
-0.297097
-0.299418
-0.286195
-0.292501
-0.277691
-0.315146
-0.311413
-0.307438
-0.303212
-0.300314
-0.296256
-0.296873
-0.285164
-0.285781
-0.272675
-0.31819
-0.313495
-0.308888
-0.303897
-0.300167
-0.295351
-0.293948
-0.283419
-0.278696
-0.267295
-0.321571
-0.315808
-0.31056
-0.304662
-0.300013
-0.29442
-0.290716
-0.280734
-0.271866
-0.262038
-0.325335
-0.318418
-0.312492
-0.305492
-0.299885
-0.293403
-0.287261
-0.277056
-0.265734
-0.255515
-0.329556
-0.321379
-0.31469
-0.306398
-0.299838
-0.292178
-0.283613
-0.27265
-0.25958
-0.248772
-0.334298
-0.324755
-0.317117
-0.307459
-0.299869
-0.290639
-0.279772
-0.267651
-0.253425
-0.241984
-0.339623
-0.328598
-0.319721
-0.308808
-0.299888
-0.288727
-0.275691
-0.262261
-0.247154
-0.235106
-0.345598
-0.332919
-0.322505
-0.310519
-0.299773
-0.286413
-0.27135
-0.256572
-0.240746
-0.228204
-0.352298
-0.337671
-0.325584
-0.312516
-0.299423
-0.283694
-0.26673
-0.250645
-0.234201
-0.221212
-0.359793
-0.342757
-0.329159
-0.314596
-0.298761
-0.280574
-0.261824
-0.244505
-0.227504
-0.214127
-0.368124
-0.348071
-0.333415
-0.316544
-0.297717
-0.277057
-0.256624
-0.238153
-0.220652
-0.20691
-0.377268
-0.353555
-0.338395
-0.318206
-0.296221
-0.273136
-0.251117
-0.231579
-0.213626
-0.199542
-0.387108
-0.359221
-0.343919
-0.319484
-0.294211
-0.268793
-0.245287
-0.224765
-0.206407
-0.191995
-0.397419
-0.365144
-0.349601
-0.320303
-0.291633
-0.263998
-0.239111
-0.21769
-0.198972
-0.184247
-0.407869
-0.371424
-0.354952
-0.320571
-0.288442
-0.258716
-0.232561
-0.210328
-0.191299
-0.176279
-0.41814
-0.378121
-0.359513
-0.320176
-0.284601
-0.252908
-0.225606
-0.202654
-0.183364
-0.16807
-0.427928
-0.385202
-0.362932
-0.318985
-0.280067
-0.246541
-0.218211
-0.194637
-0.175147
-0.159604
-0.436977
-0.392495
-0.364988
-0.316863
-0.274793
-0.23958
-0.210345
-0.186251
-0.166625
-0.150865
-0.445082
-0.399674
-0.365577
-0.313682
-0.26873
-0.231994
-0.201977
-0.17747
-0.15778
-0.141837
-0.452084
-0.406284
-0.364686
-0.309343
-0.261824
-0.223748
-0.19308
-0.168272
-0.148593
-0.132516
-0.457856
-0.411799
-0.362341
-0.303778
-0.254021
-0.214808
-0.183627
-0.158636
-0.139048
-0.122912
-0.462288
-0.415743
-0.358525
-0.296937
-0.245272
-0.205143
-0.173597
-0.148544
-0.129134
-0.113047
-0.465281
-0.417781
-0.353116
-0.288776
-0.235535
-0.194722
-0.162969
-0.137979
-0.118839
-0.102942
-0.466726
-0.417633
-0.346021
-0.279252
-0.224775
-0.183521
-0.151729
-0.126927
-0.108155
-0.0925714
-0.466493
-0.415098
-0.337179
-0.268325
-0.212965
-0.171521
-0.139864
-0.115375
-0.0970917
-0.0818761
-0.464426
-0.41004
-0.326546
-0.255972
-0.200084
-0.158707
-0.127358
-0.103315
-0.0856912
-0.0707755
-0.460337
-0.402369
-0.31407
-0.242191
-0.18612
-0.145065
-0.114203
-0.0907485
-0.0740001
-0.0592467
-0.45402
-0.392026
-0.299714
-0.226987
-0.171059
-0.130591
-0.100403
-0.0777143
-0.0619937
-0.0474225
-0.445258
-0.378976
-0.283458
-0.210359
-0.154887
-0.115306
-0.0859995
-0.0642935
-0.0495594
-0.0353946
-0.43384
-0.363203
-0.265292
-0.192305
-0.137611
-0.0992759
-0.0710551
-0.0504643
-0.0367059
-0.023169
-0.419574
-0.344705
-0.245211
-0.172845
-0.119316
-0.0825568
-0.0555279
-0.0362365
-0.0234792
-0.0107523
-0.402297
-0.3235
-0.223205
-0.152067
-0.100154
-0.0650509
-0.039459
-0.0216234
-0.00992734
0.00184206
-0.381894
-0.299647
-0.199272
-0.130123
-0.0800661
-0.0468133
-0.0228885
-0.00664948
0.00390683
0.0145873
-0.358298
-0.273273
-0.173496
-0.106985
-0.0590954
-0.0279036
-0.00586021
0.00865261
0.017982
0.0274469
-0.331496
-0.244547
-0.146066
-0.0825687
-0.0373007
-0.00838798
0.0115782
0.0242433
0.0322583
0.0403765
-0.301536
-0.213499
-0.117119
-0.0569909
-0.0147493
0.0116634
0.0293725
0.0400785
0.0466992
0.0533316
-0.268539
-0.179867
-0.0870474
-0.0303955
0.00848453
0.0321754
0.047462
0.0561129
0.0612735
0.0662686
-0.232679
-0.143956
-0.0558004
-0.0029323
0.0323142
0.0530683
0.065782
0.0723051
0.075949
0.0791169
-0.194058
-0.106176
-0.0234301
0.0252524
0.0566397
0.0742568
0.0842672
0.088621
0.0906702
0.0917031
-0.15264
-0.0671583
0.00993357
0.054016
0.0813499
0.0956514
0.102855
0.105027
0.105325
0.103691
-0.108912
-0.0270623
0.0441113
0.0832157
0.106326
0.117159
0.121486
0.121464
0.119737
0.114791
-0.0632319
0.0139207
0.0788987
0.112702
0.131441
0.138684
0.140091
0.137822
0.133746
0.125321
-0.0159794
0.0555535
0.114076
0.142319
0.156565
0.16013
0.158586
0.15396
0.147298
0.136599
0.0324434
0.0975724
0.149415
0.171903
0.181564
0.181396
0.176873
0.169767
0.160595
0.148407
0.0816174
0.139696
0.18468
0.201283
0.206303
0.202375
0.194858
0.18521
0.173686
0.160257
0.131112
0.181632
0.219634
0.230286
0.230643
0.222961
0.212445
0.200244
0.186516
0.171974
0.180489
0.223081
0.254039
0.258735
0.254447
0.243041
0.229547
0.214821
0.199013
0.183374
0.229309
0.263743
0.28766
0.286454
0.277576
0.262507
0.246076
0.228884
0.21111
0.194363
0.277134
0.303318
0.320263
0.313267
0.299893
0.281249
0.261949
0.24237
0.222738
0.204861
0.323537
0.341514
0.351623
0.339002
0.321265
0.299161
0.277084
0.255218
0.233835
0.214808
0.368095
0.378052
0.38152
0.363493
0.341561
0.31614
0.291403
0.267362
0.244339
0.224156
0.4104
0.412671
0.409747
0.386576
0.360655
0.332086
0.304827
0.278742
0.254194
0.232861
0.450076
0.445115
0.436105
0.408097
0.378429
0.346907
0.317285
0.289299
0.263344
0.240885
0.486825
0.475094
0.460405
0.427911
0.394769
0.360514
0.328708
0.298978
0.271738
0.248194
0.52035
0.502352
0.482471
0.44588
0.409572
0.372825
0.339033
0.307725
0.279328
0.254758
0.55036
0.526674
0.502143
0.461884
0.422742
0.383767
0.3482
0.315492
0.286071
0.260551
0.576593
0.547872
0.519278
0.475811
0.434195
0.393272
0.356159
0.322236
0.291927
0.26555
0.598816
0.565787
0.533752
0.487566
0.443856
0.401285
0.362863
0.327918
0.296861
0.269738
0.616835
0.580284
0.545459
0.497068
0.451661
0.407755
0.368274
0.332504
0.300845
0.273102
0.63049
0.591253
0.554315
0.504253
0.45756
0.412642
0.37236
0.335967
0.303853
0.275632
0.63966
0.598611
0.560256
0.50907
0.461515
0.415917
0.375098
0.338288
0.305869
0.27732
0.644266
0.602305
0.563236
0.511487
0.463499
0.41756
0.37647
0.339452
0.30688
0.278165
0.644266
0.602305
0.563236
0.511487
0.463499
0.41756
0.37647
0.339452
0.30688
0.278165
0.63966
0.598611
0.560256
0.50907
0.461515
0.415917
0.375098
0.338288
0.305869
0.27732
0.63049
0.591253
0.554316
0.504253
0.45756
0.412642
0.37236
0.335967
0.303853
0.275632
0.616835
0.580284
0.54546
0.497068
0.451661
0.407755
0.368274
0.332504
0.300845
0.273102
0.598816
0.565787
0.533752
0.487566
0.443856
0.401285
0.362863
0.327918
0.296861
0.269738
0.576593
0.547872
0.519278
0.475811
0.434195
0.393273
0.356159
0.322237
0.291927
0.26555
0.550361
0.526674
0.502143
0.461884
0.422742
0.383767
0.3482
0.315493
0.286071
0.260551
0.52035
0.502352
0.482471
0.445881
0.409572
0.372825
0.339033
0.307725
0.279328
0.254758
0.486825
0.475094
0.460405
0.427911
0.394769
0.360514
0.328709
0.298978
0.271738
0.248194
0.450077
0.445115
0.436105
0.408097
0.378429
0.346907
0.317286
0.289299
0.263344
0.240885
0.4104
0.412671
0.409747
0.386576
0.360655
0.332087
0.304827
0.278742
0.254194
0.232861
0.368095
0.378053
0.38152
0.363493
0.341561
0.31614
0.291403
0.267362
0.24434
0.224156
0.323537
0.341515
0.351623
0.339002
0.321265
0.299161
0.277085
0.255218
0.233835
0.214808
0.277134
0.303318
0.320264
0.313267
0.299893
0.281249
0.261949
0.242371
0.222738
0.204861
0.229309
0.263743
0.28766
0.286454
0.277576
0.262507
0.246076
0.228884
0.21111
0.194363
0.180489
0.223081
0.25404
0.258735
0.254447
0.243042
0.229547
0.214821
0.199013
0.183374
0.131112
0.181632
0.219634
0.230286
0.230643
0.222961
0.212446
0.200244
0.186516
0.171974
0.0816177
0.139696
0.18468
0.201283
0.206303
0.202376
0.194858
0.18521
0.173686
0.160258
0.0324437
0.0975726
0.149415
0.171903
0.181564
0.181396
0.176873
0.169767
0.160595
0.148407
-0.0159791
0.0555537
0.114076
0.14232
0.156565
0.16013
0.158586
0.15396
0.147298
0.136599
-0.0632316
0.013921
0.0788989
0.112703
0.131441
0.138685
0.140091
0.137823
0.133746
0.125322
-0.108912
-0.027062
0.0441116
0.083216
0.106326
0.117159
0.121486
0.121465
0.119738
0.114791
-0.15264
-0.067158
0.00993387
0.0540163
0.0813502
0.0956516
0.102856
0.105028
0.105325
0.103691
-0.194057
-0.106176
-0.0234298
0.0252527
0.0566399
0.0742571
0.0842675
0.0886213
0.0906704
0.0917033
-0.232679
-0.143956
-0.0558
-0.00293199
0.0323145
0.0530685
0.0657823
0.0723053
0.0759493
0.0791171
-0.268539
-0.179866
-0.0870471
-0.0303952
0.00848483
0.0321757
0.0474623
0.0561131
0.0612738
0.0662688
-0.301536
-0.213499
-0.117119
-0.0569906
-0.014749
0.0116636
0.0293727
0.0400787
0.0466995
0.0533318
-0.331496
-0.244547
-0.146066
-0.0825683
-0.0373004
-0.00838768
0.0115785
0.0242435
0.0322585
0.0403767
-0.358297
-0.273273
-0.173496
-0.106985
-0.0590951
-0.0279033
-0.00585993
0.00865287
0.0179822
0.0274471
-0.381894
-0.299646
-0.199271
-0.130123
-0.0800658
-0.046813
-0.0228882
-0.00664921
0.00390707
0.0145875
-0.402297
-0.323499
-0.223204
-0.152067
-0.100154
-0.0650505
-0.0394587
-0.0216231
-0.0099271
0.00184228
-0.419573
-0.344704
-0.245211
-0.172845
-0.119316
-0.0825565
-0.0555276
-0.0362362
-0.023479
-0.010752
-0.43384
-0.363202
-0.265291
-0.192304
-0.13761
-0.0992756
-0.0710548
-0.0504641
-0.0367056
-0.0231687
-0.445258
-0.378976
-0.283457
-0.210359
-0.154886
-0.115306
-0.0859992
-0.0642932
-0.0495591
-0.0353944
-0.454019
-0.392025
-0.299714
-0.226987
-0.171059
-0.13059
-0.100403
-0.077714
-0.0619934
-0.0474223
-0.460337
-0.402368
-0.31407
-0.24219
-0.186119
-0.145064
-0.114203
-0.0907482
-0.0739999
-0.0592465
-0.464425
-0.410039
-0.326545
-0.255971
-0.200083
-0.158706
-0.127358
-0.103315
-0.085691
-0.0707752
-0.466493
-0.415097
-0.337179
-0.268325
-0.212964
-0.17152
-0.139863
-0.115375
-0.0970914
-0.0818759
-0.466725
-0.417632
-0.34602
-0.279252
-0.224775
-0.18352
-0.151729
-0.126926
-0.108155
-0.0925712
-0.46528
-0.41778
-0.353115
-0.288776
-0.235534
-0.194721
-0.162969
-0.137978
-0.118839
-0.102941
-0.462287
-0.415743
-0.358524
-0.296936
-0.245271
-0.205142
-0.173596
-0.148543
-0.129134
-0.113047
-0.457855
-0.411799
-0.362341
-0.303777
-0.25402
-0.214808
-0.183627
-0.158636
-0.139048
-0.122911
-0.452084
-0.406283
-0.364685
-0.309343
-0.261823
-0.223747
-0.19308
-0.168271
-0.148593
-0.132516
-0.445081
-0.399673
-0.365577
-0.313681
-0.26873
-0.231993
-0.201977
-0.17747
-0.15778
-0.141837
-0.436976
-0.392494
-0.364987
-0.316862
-0.274793
-0.23958
-0.210344
-0.18625
-0.166625
-0.150864
-0.427928
-0.385201
-0.362931
-0.318985
-0.280066
-0.24654
-0.21821
-0.194637
-0.175146
-0.159604
-0.41814
-0.37812
-0.359512
-0.320175
-0.2846
-0.252908
-0.225605
-0.202653
-0.183364
-0.16807
-0.407868
-0.371423
-0.354951
-0.320571
-0.288442
-0.258715
-0.232561
-0.210328
-0.191298
-0.176278
-0.397418
-0.365143
-0.3496
-0.320302
-0.291632
-0.263998
-0.239111
-0.217689
-0.198972
-0.184247
-0.387107
-0.35922
-0.343919
-0.319484
-0.29421
-0.268792
-0.245287
-0.224765
-0.206406
-0.191994
-0.377267
-0.353555
-0.338395
-0.318205
-0.296221
-0.273136
-0.251116
-0.231579
-0.213625
-0.199542
-0.368123
-0.348071
-0.333415
-0.316543
-0.297716
-0.277056
-0.256623
-0.238152
-0.220652
-0.20691
-0.359792
-0.342756
-0.329158
-0.314596
-0.29876
-0.280574
-0.261824
-0.244505
-0.227504
-0.214127
-0.352297
-0.33767
-0.325583
-0.312515
-0.299422
-0.283694
-0.266729
-0.250645
-0.234201
-0.221212
-0.345598
-0.332919
-0.322505
-0.310518
-0.299772
-0.286413
-0.271349
-0.256571
-0.240746
-0.228204
-0.339622
-0.328597
-0.31972
-0.308808
-0.299887
-0.288726
-0.27569
-0.26226
-0.247154
-0.235106
-0.334298
-0.324754
-0.317116
-0.307459
-0.299868
-0.290638
-0.279771
-0.267651
-0.253424
-0.241984
-0.329556
-0.321378
-0.314689
-0.306397
-0.299837
-0.292177
-0.283612
-0.272649
-0.25958
-0.248772
-0.325334
-0.318417
-0.312491
-0.305492
-0.299884
-0.293402
-0.28726
-0.277055
-0.265734
-0.255515
-0.321571
-0.315807
-0.310559
-0.304661
-0.300012
-0.294419
-0.290715
-0.280734
-0.271865
-0.262038
-0.318189
-0.313495
-0.308887
-0.303896
-0.300166
-0.29535
-0.293947
-0.283418
-0.278696
-0.267295
-0.315146
-0.311412
-0.307437
-0.303212
-0.300313
-0.296255
-0.296872
-0.285163
-0.28578
-0.272675
-0.312386
-0.309509
-0.306157
-0.302607
-0.300479
-0.297096
-0.299417
-0.286194
-0.2925
-0.277691
-0.309853
-0.307746
-0.304997
-0.302057
-0.300704
-0.297751
-0.301603
-0.286652
-0.298811
-0.281562
-0.307499
-0.306087
-0.303914
-0.301525
-0.300983
-0.29811
-0.303522
-0.286611
-0.304784
-0.283869
-0.305282
-0.3045
-0.302871
-0.30097
-0.301254
-0.298154
-0.305206
-0.286264
-0.310161
-0.284596
-0.30317
-0.302965
-0.301842
-0.300363
-0.301443
-0.29792
-0.306565
-0.285999
-0.314297
-0.284265
-0.301136
-0.301475
-0.300787
-0.299696
-0.301498
-0.297601
-0.307476
-0.286184
-0.316694
-0.283972
-0.299168
-0.300022
-0.299696
-0.298991
-0.301373
-0.297217
-0.307875
-0.286896
-0.317372
-0.28452
-0.297264
-0.298607
-0.298576
-0.298268
-0.301012
-0.296822
-0.307828
-0.287974
-0.316724
-0.28588
-0.29543
-0.297235
-0.29744
-0.297511
-0.300393
-0.296544
-0.307336
-0.289096
-0.315297
-0.287496
-0.293678
-0.295917
-0.296304
-0.296728
-0.299619
-0.296338
-0.306386
-0.290191
-0.313497
-0.288891
-0.292028
-0.29467
-0.295195
-0.295934
-0.298749
-0.296117
-0.305112
-0.291365
-0.311367
-0.28991
-0.290502
-0.293513
-0.29414
-0.295151
-0.29784
-0.295867
-0.30373
-0.292388
-0.308983
-0.290928
-0.289128
-0.292466
-0.293168
-0.294405
-0.296948
-0.295591
-0.302358
-0.293187
-0.306783
-0.291737
-0.287931
-0.291551
-0.292307
-0.293724
-0.296125
-0.295302
-0.301091
-0.293773
-0.304859
-0.292347
-0.286937
-0.29079
-0.291583
-0.293136
-0.295415
-0.295025
-0.300003
-0.294176
-0.303269
-0.292815
-0.286169
-0.290201
-0.291017
-0.29267
-0.294853
-0.294784
-0.29915
-0.294433
-0.302051
-0.293161
-0.285647
-0.289799
-0.290629
-0.292346
-0.294464
-0.294607
-0.298564
-0.294578
-0.301229
-0.293389
-0.285382
-0.289596
-0.290432
-0.29218
-0.294266
-0.294513
-0.298267
-0.294643
-0.300816
-0.293502
-0.300842
-0.291226
-0.292154
-0.284116
-0.279819
-0.270985
-0.26295
-0.252056
-0.240629
-0.22701
-0.212238
-0.195795
-0.178039
-0.159524
-0.140117
-0.121361
-0.102739
-0.0861442
-0.0708609
-0.0580563
-0.047245
-0.0384175
-0.0314974
-0.0253848
-0.0212627
-0.0166452
-0.0139713
-0.00876425
-0.00606613
-0.0003572
-0.301083
-0.291363
-0.292254
-0.284236
-0.27992
-0.2711
-0.263061
-0.252175
-0.24075
-0.227137
-0.212365
-0.195924
-0.178164
-0.159643
-0.140225
-0.121459
-0.102824
-0.0862174
-0.0709249
-0.05811
-0.0472909
-0.0384547
-0.0315277
-0.0254073
-0.0212818
-0.0166626
-0.0139895
-0.00878153
-0.00608074
-0.000366465
-0.301534
-0.291618
-0.292448
-0.284467
-0.280123
-0.271322
-0.26328
-0.252407
-0.240987
-0.227383
-0.212613
-0.196174
-0.178407
-0.159877
-0.140441
-0.121656
-0.102995
-0.0863654
-0.0710534
-0.0582166
-0.0473814
-0.0385281
-0.0315884
-0.0254535
-0.0213213
-0.016698
-0.0140257
-0.00881549
-0.00610916
-0.000384739
-0.302151
-0.291963
-0.29272
-0.284792
-0.280398
-0.271642
-0.263592
-0.252743
-0.241328
-0.227738
-0.212973
-0.196537
-0.17876
-0.16022
-0.140756
-0.121943
-0.103253
-0.0865874
-0.0712464
-0.058377
-0.0475174
-0.0386389
-0.0316807
-0.0255246
-0.0213817
-0.0167518
-0.014079
-0.00886547
-0.00615033
-0.000411636
-0.302861
-0.292339
-0.29305
-0.285177
-0.280758
-0.272035
-0.263987
-0.253164
-0.24176
-0.228189
-0.213429
-0.197001
-0.179214
-0.16066
-0.141164
-0.12232
-0.103591
-0.0868821
-0.0715043
-0.0585926
-0.0477008
-0.038789
-0.0318058
-0.0256222
-0.0214638
-0.0168243
-0.0141487
-0.0089305
-0.00620275
-0.000446614
-0.303583
-0.29273
-0.293397
-0.285613
-0.281144
-0.272493
-0.264432
-0.253658
-0.242263
-0.22872
-0.213971
-0.197549
-0.179748
-0.161183
-0.141662
-0.122779
-0.104007
-0.0872482
-0.0718274
-0.0588652
-0.0479334
-0.0389804
-0.0319656
-0.0257482
-0.0215686
-0.0169157
-0.0142334
-0.00900938
-0.00626461
-0.000489025
-0.304288
-0.293002
-0.293763
-0.286023
-0.281571
-0.272958
-0.264935
-0.254184
-0.242823
-0.229304
-0.214567
-0.198164
-0.180362
-0.161783
-0.142233
-0.123313
-0.104498
-0.0876843
-0.0722165
-0.0591964
-0.0482174
-0.0392154
-0.0321618
-0.0259044
-0.0216967
-0.0170261
-0.0143318
-0.00910078
-0.00633396
-0.000538151
-0.304711
-0.293315
-0.294005
-0.286461
-0.281938
-0.273462
-0.265411
-0.254757
-0.243398
-0.229937
-0.215213
-0.198832
-0.181028
-0.162444
-0.142872
-0.123915
-0.105061
-0.0881895
-0.0726725
-0.0595881
-0.0485552
-0.0394962
-0.0323961
-0.0260922
-0.0218489
-0.0171556
-0.0144425
-0.00920324
-0.00640882
-0.000593243
-0.304765
-0.293583
-0.294088
-0.286861
-0.282244
-0.273934
-0.265884
-0.255318
-0.243986
-0.230581
-0.21588
-0.199533
-0.181736
-0.163154
-0.143569
-0.124581
-0.105692
-0.0887631
-0.073196
-0.0600421
-0.0489486
-0.0398246
-0.03267
-0.0263131
-0.0220255
-0.0173039
-0.0145639
-0.00931528
-0.0064873
-0.000653544
-0.304429
-0.293702
-0.294031
-0.287144
-0.282479
-0.274341
-0.266306
-0.255851
-0.244552
-0.231221
-0.216553
-0.20025
-0.182472
-0.163903
-0.144315
-0.125305
-0.10639
-0.089404
-0.0737874
-0.0605596
-0.0493991
-0.040202
-0.0329843
-0.0265676
-0.0222266
-0.0174704
-0.0146947
-0.00943547
-0.00656769
-0.000718312
-0.303415
-0.293674
-0.293748
-0.287285
-0.282574
-0.274655
-0.266655
-0.256326
-0.245074
-0.231832
-0.217209
-0.200966
-0.183221
-0.164679
-0.145105
-0.126081
-0.10715
-0.090111
-0.0744463
-0.0611408
-0.0499073
-0.040629
-0.0333394
-0.026856
-0.022452
-0.0176545
-0.0148335
-0.00956245
-0.00664855
-0.00078683
-0.301534
-0.293392
-0.293196
-0.287221
-0.282528
-0.274811
-0.266886
-0.256707
-0.245525
-0.232392
-0.21783
-0.201665
-0.183971
-0.165473
-0.145929
-0.126904
-0.10797
-0.0908823
-0.0751717
-0.0617854
-0.0504728
-0.0411053
-0.033735
-0.0271777
-0.0227011
-0.0178553
-0.0149793
-0.00969501
-0.00672872
-0.000858408
-0.298812
-0.292709
-0.292342
-0.286861
-0.282233
-0.27481
-0.266988
-0.256971
-0.245884
-0.232876
-0.218397
-0.202331
-0.18471
-0.166274
-0.146782
-0.12777
-0.108847
-0.0917153
-0.0759613
-0.0624915
-0.0510943
-0.0416297
-0.0341699
-0.0275317
-0.0229728
-0.0180718
-0.0151309
-0.00983206
-0.00680732
-0.000932393
-0.295644
-0.291428
-0.29109
-0.286193
-0.281723
-0.274515
-0.266871
-0.257077
-0.246119
-0.233265
-0.218896
-0.20295
-0.185428
-0.167076
-0.147657
-0.128674
-0.109775
-0.0926067
-0.0768119
-0.0632564
-0.0517692
-0.0422001
-0.0346424
-0.0279164
-0.0232659
-0.0183028
-0.0152877
-0.00997272
-0.00688379
-0.00100817
-0.292266
-0.289484
-0.289383
-0.285131
-0.280908
-0.274096
-0.266597
-0.257024
-0.246216
-0.233543
-0.219311
-0.203513
-0.186115
-0.167872
-0.148549
-0.129612
-0.110751
-0.0935521
-0.0777192
-0.0640761
-0.052494
-0.0428136
-0.0351501
-0.0283297
-0.023579
-0.018547
-0.0154489
-0.0101162
-0.00695783
-0.00108516
-0.288597
-0.286952
-0.287149
-0.283603
-0.279661
-0.273113
-0.265963
-0.256732
-0.246143
-0.233693
-0.219634
-0.204012
-0.186766
-0.168656
-0.149452
-0.130578
-0.111768
-0.0945463
-0.0786777
-0.0649458
-0.0532646
-0.0434666
-0.0356901
-0.0287691
-0.0239103
-0.0188033
-0.0156141
-0.0102621
-0.00702933
-0.00116282
-0.284771
-0.283792
-0.284403
-0.281676
-0.278216
-0.272299
-0.265262
-0.256298
-0.245922
-0.233715
-0.219857
-0.20444
-0.187376
-0.169424
-0.150364
-0.131569
-0.112823
-0.0955853
-0.079683
-0.0658607
-0.0540762
-0.0441549
-0.036259
-0.0292316
-0.0242578
-0.0190702
-0.0157829
-0.0104096
-0.00709838
-0.00124071
-0.28073
-0.280094
-0.281072
-0.279132
-0.276115
-0.270598
-0.26394
-0.255514
-0.245489
-0.233598
-0.21999
-0.204814
-0.187959
-0.170184
-0.151284
-0.132582
-0.113908
-0.0966579
-0.0807228
-0.0668096
-0.0549193
-0.0448712
-0.0368513
-0.0297134
-0.0246194
-0.0193467
-0.0159553
-0.010559
-0.00716555
-0.0013186
-0.27652
-0.276122
-0.277603
-0.276573
-0.274168
-0.269279
-0.263077
-0.254752
-0.24496
-0.233353
-0.22
-0.205076
-0.188455
-0.170885
-0.152172
-0.133586
-0.115002
-0.097755
-0.0817966
-0.067796
-0.0558007
-0.045622
-0.0374736
-0.0302191
-0.0249986
-0.0196349
-0.016133
-0.0107113
-0.00723132
-0.00139601
-0.272562
-0.271355
-0.272881
-0.272691
-0.270972
-0.266764
-0.260801
-0.253429
-0.244186
-0.233042
-0.220061
-0.205474
-0.189137
-0.171794
-0.153271
-0.134791
-0.116279
-0.0990057
-0.08299
-0.068873
-0.0567439
-0.0464155
-0.0381209
-0.0307409
-0.0253846
-0.0199259
-0.0163084
-0.0108596
-0.00729234
-0.00147043
-0.267393
-0.267629
-0.269371
-0.269808
-0.268583
-0.264991
-0.2599
-0.252138
-0.243044
-0.232112
-0.219338
-0.20496
-0.188836
-0.171692
-0.153372
-0.135057
-0.116699
-0.099522
-0.0835749
-0.0694716
-0.0573242
-0.0469449
-0.0385811
-0.0311323
-0.0256866
-0.0201603
-0.0164516
-0.0109809
-0.00734166
-0.00153546
-0.261745
-0.262775
-0.264718
-0.265672
-0.264807
-0.261502
-0.256238
-0.24946
-0.240811
-0.230244
-0.217799
-0.203735
-0.187924
-0.17107
-0.153048
-0.134981
-0.11686
-0.0998463
-0.0840231
-0.0699752
-0.0578393
-0.04743
-0.0390079
-0.0315005
-0.0259672
-0.0203783
-0.0165761
-0.0110886
-0.00737943
-0.00159431
-0.255826
-0.257473
-0.259669
-0.261185
-0.260795
-0.257991
-0.253427
-0.246806
-0.238459
-0.228233
-0.216114
-0.20237
-0.186886
-0.170339
-0.152633
-0.134833
-0.116967
-0.100132
-0.0844479
-0.0704675
-0.0583519
-0.0479187
-0.0394403
-0.031876
-0.0262524
-0.0206001
-0.0166986
-0.0111956
-0.00741308
-0.00165358
-0.249661
-0.251949
-0.254425
-0.25648
-0.256584
-0.254289
-0.250096
-0.24393
-0.235955
-0.226097
-0.21433
-0.200931
-0.185797
-0.169575
-0.152201
-0.134683
-0.117083
-0.100435
-0.084894
-0.0709838
-0.0588891
-0.0484311
-0.0398939
-0.0322699
-0.0265513
-0.0208326
-0.0168266
-0.0113071
-0.00744682
-0.00171443
-0.243198
-0.246234
-0.249008
-0.251558
-0.252156
-0.250348
-0.246582
-0.24086
-0.233283
-0.223819
-0.212432
-0.199401
-0.184639
-0.168764
-0.151742
-0.13452
-0.117198
-0.100748
-0.0853576
-0.0715218
-0.0594496
-0.0489668
-0.0403686
-0.0326823
-0.0268646
-0.0210764
-0.0169609
-0.0114236
-0.0074812
-0.00177678
-0.236483
-0.240351
-0.243441
-0.246444
-0.247534
-0.246215
-0.2429
-0.237626
-0.230463
-0.221409
-0.210423
-0.19778
-0.183412
-0.167901
-0.151249
-0.134338
-0.117307
-0.101064
-0.0858319
-0.0720759
-0.0600289
-0.0495222
-0.0408618
-0.0331115
-0.0271908
-0.0213306
-0.0171009
-0.0115449
-0.00751607
-0.00184025
-0.229588
-0.23433
-0.237759
-0.24118
-0.242759
-0.241934
-0.239071
-0.234251
-0.227515
-0.218887
-0.208318
-0.19608
-0.182122
-0.166992
-0.150722
-0.134136
-0.117407
-0.101381
-0.086314
-0.072643
-0.0606241
-0.0500949
-0.0413715
-0.0335558
-0.0275289
-0.0215948
-0.0172464
-0.0116708
-0.00755161
-0.00190453
-0.222568
-0.228198
-0.231993
-0.235802
-0.237862
-0.237531
-0.235122
-0.230758
-0.224461
-0.216268
-0.20613
-0.19431
-0.180776
-0.16604
-0.150165
-0.133916
-0.117498
-0.101697
-0.0868013
-0.0732206
-0.0612326
-0.0506829
-0.0418959
-0.034014
-0.0278779
-0.0218682
-0.0173976
-0.0118012
-0.0075881
-0.00196934
-0.215473
-0.221979
-0.226166
-0.230336
-0.232865
-0.233027
-0.231074
-0.227168
-0.221318
-0.213567
-0.203871
-0.19248
-0.179381
-0.165051
-0.14958
-0.133676
-0.117577
-0.102009
-0.087291
-0.0738058
-0.0618518
-0.0512838
-0.0424331
-0.0344846
-0.0282368
-0.0221505
-0.0175542
-0.0119362
-0.00762583
-0.00203436
-0.208349
-0.215695
-0.220297
-0.224807
-0.227789
-0.228441
-0.226946
-0.223498
-0.218099
-0.210798
-0.201552
-0.190599
-0.177942
-0.164026
-0.148967
-0.133418
-0.117643
-0.102316
-0.0877801
-0.0743956
-0.0624787
-0.0518951
-0.042981
-0.0349658
-0.0286046
-0.0224409
-0.0177162
-0.0120755
-0.00766506
-0.00209926
-0.201243
-0.209372
-0.214408
-0.219238
-0.222652
-0.223789
-0.222754
-0.219764
-0.214818
-0.207972
-0.199182
-0.188673
-0.176466
-0.162971
-0.148329
-0.133141
-0.117695
-0.102616
-0.0882659
-0.0749872
-0.0631103
-0.0525141
-0.0435373
-0.0354559
-0.02898
-0.0227385
-0.0178834
-0.0122189
-0.00770605
-0.00216369
-0.1942
-0.203038
-0.208519
-0.213655
-0.217475
-0.219087
-0.218513
-0.215977
-0.211488
-0.205099
-0.19677
-0.18671
-0.174956
-0.161889
-0.147667
-0.132846
-0.117732
-0.102905
-0.0887459
-0.0755777
-0.063744
-0.0531384
-0.0440999
-0.0359531
-0.0293617
-0.0230425
-0.0180556
-0.0123661
-0.00774899
-0.00222731
-0.187263
-0.19672
-0.202651
-0.208082
-0.212279
-0.214353
-0.214238
-0.212154
-0.208121
-0.202189
-0.194324
-0.184716
-0.173419
-0.160782
-0.146983
-0.132532
-0.117753
-0.103183
-0.0892175
-0.0761645
-0.0643767
-0.0537652
-0.0446664
-0.0364555
-0.0297483
-0.0233518
-0.0182322
-0.0125167
-0.00779406
-0.00228975
-0.180473
-0.190451
-0.196826
-0.202542
-0.207087
-0.209604
-0.209944
-0.208308
-0.204728
-0.199253
-0.191853
-0.182699
-0.17186
-0.159655
-0.146279
-0.132201
-0.117757
-0.103449
-0.0896784
-0.0767448
-0.0650059
-0.0543921
-0.0452345
-0.036961
-0.0301384
-0.0236653
-0.0184129
-0.0126702
-0.00784136
-0.00235068
-0.173867
-0.184261
-0.191068
-0.197059
-0.201921
-0.204858
-0.205647
-0.204454
-0.201323
-0.196302
-0.189365
-0.180666
-0.170283
-0.158512
-0.145556
-0.131853
-0.117744
-0.103699
-0.0901267
-0.0773161
-0.0656288
-0.0550162
-0.0458018
-0.0374677
-0.0305304
-0.0239819
-0.018597
-0.012826
-0.00789096
-0.00240972
-0.167475
-0.178184
-0.185399
-0.191657
-0.196808
-0.200139
-0.201366
-0.200608
-0.197919
-0.193349
-0.186871
-0.178624
-0.168695
-0.157356
-0.144819
-0.13149
-0.117714
-0.103935
-0.0905602
-0.077876
-0.0662426
-0.0556349
-0.0463658
-0.0379733
-0.0309226
-0.0243
-0.0187839
-0.0129833
-0.00794283
-0.00246655
-0.161328
-0.172252
-0.179845
-0.18636
-0.191773
-0.195469
-0.197119
-0.196789
-0.194534
-0.190406
-0.184382
-0.176584
-0.167103
-0.156193
-0.14407
-0.131113
-0.117667
-0.104153
-0.0909771
-0.0784217
-0.0668445
-0.0562451
-0.0469237
-0.0384752
-0.0313133
-0.0246182
-0.0189727
-0.0131414
-0.00799688
-0.00252083
-0.155452
-0.1665
-0.174434
-0.181194
-0.186846
-0.190876
-0.192929
-0.193015
-0.191184
-0.187489
-0.18191
-0.174555
-0.165515
-0.155029
-0.143313
-0.130724
-0.117604
-0.104354
-0.0913755
-0.0789508
-0.0674316
-0.0568439
-0.0474729
-0.038971
-0.0317004
-0.0249347
-0.0191626
-0.0132992
-0.00805293
-0.00257226
-0.14987
-0.160962
-0.169194
-0.176184
-0.182055
-0.186387
-0.18882
-0.189309
-0.187889
-0.184615
-0.179471
-0.172549
-0.163941
-0.153871
-0.142554
-0.130326
-0.117526
-0.104537
-0.0917538
-0.0794605
-0.0680009
-0.0574277
-0.0480102
-0.0394578
-0.0320817
-0.0252475
-0.0193522
-0.0134556
-0.00811073
-0.00262056
-0.144607
-0.155672
-0.164158
-0.171359
-0.177432
-0.182036
-0.184821
-0.185694
-0.184671
-0.181804
-0.17708
-0.170579
-0.162392
-0.152727
-0.141797
-0.129922
-0.117434
-0.104702
-0.0921102
-0.0799481
-0.0685492
-0.0579932
-0.0485322
-0.0399323
-0.0324548
-0.0255545
-0.0195404
-0.0136095
-0.00816989
-0.00266549
-0.139683
-0.150664
-0.159356
-0.166751
-0.173007
-0.177853
-0.18096
-0.182198
-0.181555
-0.179077
-0.174756
-0.168662
-0.160879
-0.151606
-0.141049
-0.129517
-0.117329
-0.104848
-0.0924432
-0.0804109
-0.069073
-0.0585364
-0.0490354
-0.0403911
-0.0328169
-0.0258532
-0.0197256
-0.0137594
-0.00822991
-0.0027069
-0.13512
-0.145971
-0.154823
-0.162391
-0.168814
-0.173875
-0.177272
-0.178849
-0.178567
-0.176458
-0.17252
-0.166813
-0.159417
-0.150519
-0.140319
-0.129116
-0.117216
-0.104975
-0.0927511
-0.0808457
-0.0695687
-0.059053
-0.0495158
-0.0408304
-0.033165
-0.0261408
-0.019906
-0.0139038
-0.00829013
-0.00274468
-0.130938
-0.141624
-0.150594
-0.158315
-0.164889
-0.170139
-0.173793
-0.175682
-0.175735
-0.173975
-0.170395
-0.165053
-0.158022
-0.149478
-0.139615
-0.128723
-0.117095
-0.105084
-0.0930326
-0.0812495
-0.0700324
-0.0595386
-0.0499689
-0.0412457
-0.0334954
-0.0264143
-0.0200795
-0.0140411
-0.00834969
-0.00277877
-0.127158
-0.137659
-0.146706
-0.154559
-0.161268
-0.166684
-0.170563
-0.172731
-0.173094
-0.171655
-0.168407
-0.163404
-0.156711
-0.148497
-0.138948
-0.128345
-0.116972
-0.105176
-0.0932861
-0.0816191
-0.0704597
-0.0599881
-0.0503898
-0.0416325
-0.0338044
-0.0266704
-0.0202438
-0.0141694
-0.00840755
-0.0028091
-0.123802
-0.134111
-0.1432
-0.151164
-0.157993
-0.163552
-0.167624
-0.170038
-0.170679
-0.169532
-0.166585
-0.161889
-0.155504
-0.147592
-0.138329
-0.127991
-0.11685
-0.105251
-0.0935103
-0.0819509
-0.0708459
-0.0603961
-0.0507733
-0.0419855
-0.0340875
-0.0269052
-0.020396
-0.014287
-0.00846243
-0.00283561
-0.120897
-0.131016
-0.14012
-0.148174
-0.155108
-0.16079
-0.165024
-0.167646
-0.16853
-0.167642
-0.164962
-0.160537
-0.154425
-0.14678
-0.137771
-0.127668
-0.116734
-0.105311
-0.0937034
-0.0822411
-0.0711858
-0.0607565
-0.0511132
-0.0422988
-0.0343399
-0.0271146
-0.020533
-0.0143917
-0.00851288
-0.00285819
-0.118474
-0.128418
-0.137518
-0.145642
-0.152665
-0.158448
-0.162813
-0.165607
-0.166695
-0.166026
-0.163572
-0.159378
-0.153497
-0.14608
-0.137288
-0.127387
-0.116629
-0.105358
-0.0938639
-0.0824854
-0.0714736
-0.0610626
-0.0514029
-0.0425661
-0.034556
-0.0272939
-0.0206515
-0.0144813
-0.00855723
-0.00287671
-0.116563
-0.126364
-0.135448
-0.143623
-0.150718
-0.156581
-0.161048
-0.163974
-0.165221
-0.164728
-0.162455
-0.158446
-0.152751
-0.145516
-0.136897
-0.127157
-0.116541
-0.105391
-0.0939894
-0.0826788
-0.0717026
-0.0613068
-0.0516345
-0.0427799
-0.0347295
-0.0274379
-0.0207473
-0.0145532
-0.00859363
-0.00289097
-0.115228
-0.124921
-0.133986
-0.142193
-0.149339
-0.155259
-0.159796
-0.162812
-0.164172
-0.163803
-0.161658
-0.15778
-0.152216
-0.145112
-0.136616
-0.126991
-0.116476
-0.105413
-0.0940773
-0.0828156
-0.071865
-0.0614802
-0.0517995
-0.0429322
-0.0348534
-0.0275406
-0.0208162
-0.0146044
-0.00862012
-0.00290069
-0.114499
-0.124144
-0.133199
-0.141423
-0.148597
-0.15455
-0.159124
-0.162188
-0.163608
-0.163306
-0.161231
-0.157422
-0.151929
-0.144894
-0.136465
-0.126902
-0.116441
-0.105424
-0.094124
-0.0828885
-0.0719521
-0.0615729
-0.0518879
-0.0430136
-0.0349199
-0.0275957
-0.0208534
-0.0146317
-0.00863464
-0.00290544
-0.105036
-0.114494
-0.12377
-0.132848
-0.141715
-0.150375
-0.158832
-0.167095
-0.175173
-0.183073
-0.190807
-0.19838
-0.205803
-0.213077
-0.220195
-0.227189
-0.233893
-0.240727
-0.246727
-0.254643
-0.10185
-0.110994
-0.119958
-0.12874
-0.137336
-0.145749
-0.153983
-0.162044
-0.169937
-0.177668
-0.185243
-0.192667
-0.19994
-0.20708
-0.21403
-0.220948
-0.227455
-0.234487
-0.240386
-0.248633
-0.0987586
-0.107543
-0.116157
-0.124604
-0.132882
-0.140994
-0.148942
-0.156729
-0.164358
-0.171834
-0.179159
-0.186345
-0.193375
-0.200309
-0.207033
-0.213843
-0.220197
-0.227242
-0.2332
-0.241158
-0.0957375
-0.104189
-0.11249
-0.120645
-0.12865
-0.136507
-0.144217
-0.151783
-0.159207
-0.166496
-0.173644
-0.180677
-0.18756
-0.194392
-0.201001
-0.207764
-0.214054
-0.220962
-0.226984
-0.234383
-0.0928145
-0.100947
-0.108949
-0.116821
-0.124561
-0.132172
-0.139654
-0.147011
-0.154243
-0.16136
-0.168351
-0.175253
-0.182008
-0.188748
-0.19525
-0.201913
-0.208113
-0.214778
-0.220784
-0.227699
-0.0899969
-0.0978151
-0.105517
-0.113103
-0.120574
-0.12793
-0.135172
-0.142305
-0.149325
-0.156246
-0.16305
-0.169784
-0.17637
-0.182951
-0.189298
-0.195774
-0.201867
-0.208268
-0.214267
-0.220864
-0.0872801
-0.0947884
-0.102193
-0.109495
-0.116695
-0.123793
-0.130789
-0.137688
-0.144483
-0.151192
-0.157789
-0.164325
-0.170719
-0.177106
-0.183291
-0.189558
-0.195557
-0.201728
-0.207698
-0.214046
-0.0846637
-0.0918684
-0.0989801
-0.106002
-0.112933
-0.119774
-0.126523
-0.133185
-0.139753
-0.146243
-0.15263
-0.15896
-0.165164
-0.171352
-0.177381
-0.183444
-0.18933
-0.195279
-0.201146
-0.207258
-0.0821486
-0.0890569
-0.0958824
-0.102629
-0.109294
-0.115879
-0.122381
-0.128806
-0.135145
-0.141413
-0.147588
-0.153708
-0.159721
-0.165703
-0.171564
-0.177413
-0.183148
-0.188874
-0.194589
-0.200477
-0.0797353
-0.086355
-0.0929009
-0.0993763
-0.10578
-0.112111
-0.118368
-0.124555
-0.130664
-0.136707
-0.142667
-0.14857
-0.154384
-0.160151
-0.165827
-0.171459
-0.177017
-0.18253
-0.188074
-0.193742
-0.0774241
-0.0837635
-0.0900371
-0.0962477
-0.102394
-0.108475
-0.114489
-0.120438
-0.126317
-0.132134
-0.137876
-0.143559
-0.149167
-0.154718
-0.160197
-0.165617
-0.170988
-0.176293
-0.181646
-0.187091
-0.0752142
-0.0812823
-0.0872916
-0.0932443
-0.0991389
-0.104975
-0.110749
-0.116464
-0.122114
-0.127704
-0.133228
-0.138691
-0.144089
-0.149426
-0.154703
-0.159913
-0.165085
-0.170181
-0.175333
-0.180554
-0.0731064
-0.0789127
-0.0846662
-0.0903683
-0.0960178
-0.101614
-0.107153
-0.112637
-0.118061
-0.123427
-0.128733
-0.133979
-0.139166
-0.14429
-0.14936
-0.15436
-0.159327
-0.164216
-0.169159
-0.17416
-0.0710993
-0.0766543
-0.0821611
-0.0876209
-0.0930327
-0.098395
-0.103706
-0.108963
-0.114165
-0.119312
-0.124402
-0.129433
-0.134408
-0.139321
-0.144184
-0.148976
-0.153736
-0.158419
-0.163151
-0.167932
-0.0691915
-0.0745068
-0.0797765
-0.0850028
-0.0901852
-0.0953215
-0.10041
-0.105447
-0.110433
-0.115364
-0.120242
-0.125063
-0.12983
-0.134536
-0.139192
-0.143779
-0.148333
-0.152812
-0.15733
-0.161894
-0.0673874
-0.0724721
-0.0775144
-0.0825164
-0.0874778
-0.0923962
-0.0972691
-0.102094
-0.106869
-0.111592
-0.116264
-0.120879
-0.125442
-0.129945
-0.134398
-0.138784
-0.143134
-0.147413
-0.151721
-0.156067
-0.0656869
-0.0705506
-0.0753756
-0.0801631
-0.0849126
-0.0896217
-0.0942877
-0.0989076
-0.10348
-0.108002
-0.112473
-0.11689
-0.121254
-0.12556
-0.129816
-0.134007
-0.138159
-0.142241
-0.146343
-0.150476
-0.0640867
-0.0687405
-0.073359
-0.0779426
-0.0824903
-0.0869997
-0.0914679
-0.0958918
-0.100269
-0.104598
-0.108877
-0.113103
-0.117277
-0.121393
-0.125459
-0.129461
-0.133421
-0.137314
-0.141217
-0.145143
-0.0625891
-0.0670442
-0.0714672
-0.0758574
-0.0802136
-0.0845332
-0.0888132
-0.0930506
-0.097243
-0.101388
-0.105483
-0.109527
-0.113519
-0.117454
-0.121338
-0.125159
-0.128936
-0.132648
-0.136361
-0.140087
-0.0611933
-0.0654616
-0.0697002
-0.0739081
-0.0780837
-0.0822242
-0.0863265
-0.0903875
-0.0944047
-0.0983752
-0.102297
-0.106168
-0.109988
-0.113752
-0.117464
-0.121114
-0.124718
-0.128258
-0.131791
-0.135329
-0.0599003
-0.0639937
-0.0680597
-0.0720968
-0.076103
-0.0800755
-0.0840112
-0.0879067
-0.0917594
-0.0955664
-0.0993259
-0.103035
-0.106693
-0.110296
-0.113847
-0.117337
-0.12078
-0.124159
-0.127524
-0.130884
-0.0587111
-0.0626421
-0.0665476
-0.0704258
-0.0742744
-0.0780906
-0.0818711
-0.0856126
-0.0893123
-0.0929673
-0.0965756
-0.100134
-0.103642
-0.107096
-0.110498
-0.11384
-0.117133
-0.120364
-0.123573
-0.12677
-0.0576275
-0.0614088
-0.0651663
-0.0688978
-0.0726011
-0.0762731
-0.0799105
-0.08351
-0.0870688
-0.090584
-0.0940533
-0.0974738
-0.100845
-0.104162
-0.107427
-0.110634
-0.113791
-0.116887
-0.119955
-0.123003
-0.0566528
-0.0602975
-0.0639201
-0.0675178
-0.0710885
-0.074629
-0.078136
-0.0816064
-0.085037
-0.0884251
-0.0917684
-0.095064
-0.0983106
-0.101505
-0.104648
-0.107734
-0.110768
-0.113744
-0.116686
-0.1196
-0.0557892
-0.0593108
-0.0628116
-0.0662888
-0.06974
-0.0731623
-0.0765522
-0.0799067
-0.0832227
-0.0864974
-0.0897284
-0.0929131
-0.0960498
-0.0991358
-0.102171
-0.105151
-0.108079
-0.11095
-0.113782
-0.116581
-0.0550455
-0.0584587
-0.0618522
-0.0652231
-0.0685689
-0.0718868
-0.0751736
-0.0784262
-0.0816416
-0.084817
-0.0879501
-0.0910383
-0.0940799
-0.0970723
-0.100015
-0.102904
-0.105742
-0.108525
-0.111265
-0.113966
-0.0544203
-0.0577391
-0.0610392
-0.0643182
-0.0675735
-0.0708022
-0.0740012
-0.0771674
-0.0802981
-0.0833904
-0.0864421
-0.0894506
-0.0924142
-0.0953304
-0.0981982
-0.101015
-0.103781
-0.106494
-0.109161
-0.111786
-0.0539408
-0.0571827
-0.0604065
-0.0636091
-0.0667884
-0.069942
-0.0730671
-0.0761609
-0.0792207
-0.082244
-0.0852285
-0.0881719
-0.0910725
-0.0939282
-0.0967376
-0.0994986
-0.102211
-0.104873
-0.107488
-0.110059
-0.0535836
-0.0567645
-0.0599291
-0.0630752
-0.0662002
-0.069301
-0.072375
-0.0754192
-0.0784311
-0.0814084
-0.0843488
-0.0872502
-0.0901108
-0.0929285
-0.0957019
-0.0984291
-0.101109
-0.103741
-0.106325
-0.108862
-0.0534244
-0.0565593
-0.0596763
-0.0627732
-0.0658492
-0.0689026
-0.0719313
-0.074933
-0.0779053
-0.0808463
-0.0837538
-0.0866263
-0.0894619
-0.0922591
-0.0950165
-0.0977324
-0.100406
-0.103036
-0.105624
-0.108167
0.116789
0.105734
0.0945961
0.0835806
0.0721077
0.0604081
0.0486784
0.0369427
0.0252149
0.0135306
0.00193386
-0.00954319
-0.0208721
-0.0320225
-0.0429673
-0.0537572
-0.064752
-0.0753217
-0.0854895
-0.0953816
0.112083
0.100556
0.0889841
0.0782391
0.0671937
0.0559333
0.044697
0.0334915
0.0223081
0.0111763
0.000129311
-0.0108099
-0.0216229
-0.0323051
-0.0428682
-0.0532934
-0.0633172
-0.0732706
-0.0830105
-0.0925248
0.106342
0.0950382
0.0834667
0.0731578
0.0627005
0.0519491
0.0412132
0.0305336
0.0198821
0.0092785
-0.00124504
-0.0116634
-0.0219567
-0.0321106
-0.0421137
-0.0519396
-0.0616511
-0.0712562
-0.0806409
-0.0897968
0.100279
0.0895268
0.0781015
0.0681449
0.0582392
0.0479922
0.0377371
0.0275694
0.0174452
0.00736544
-0.00264053
-0.0125482
-0.0223416
-0.0320146
-0.0415634
-0.0509739
-0.0601977
-0.0693436
-0.0783319
-0.0871255
0.0941422
0.0840086
0.0728661
0.0632542
0.0538951
0.0441816
0.03441
0.024737
0.0151227
0.00554804
-0.00396259
-0.0133822
-0.0226959
-0.0318986
-0.0409834
-0.0499373
-0.0587497
-0.0674927
-0.0761014
-0.0845397
0.0880424
0.0785299
0.0677819
0.0585185
0.0496707
0.0404905
0.0311982
0.0219999
0.0128763
0.00379191
-0.00523857
-0.0141869
-0.0230383
-0.0317902
-0.0404378
-0.0489729
-0.0573817
-0.0657275
-0.073962
-0.0820515
0.0820408
0.0731259
0.0628493
0.0539491
0.0455788
0.036924
0.0281111
0.0193724
0.0107192
0.00210766
-0.00645971
-0.0149556
-0.0233644
-0.0316845
-0.0399124
-0.048042
-0.0560654
-0.0640339
-0.0719078
-0.0796575
0.0761868
0.06784
0.0580803
0.0495587
0.0416343
0.0334855
0.0251469
0.0168537
0.00864925
0.000490931
-0.00763069
-0.0156924
-0.023678
-0.0315852
-0.0394124
-0.0471553
-0.0548083
-0.0624137
-0.0699385
-0.0773568
0.0705175
0.062706
0.0534837
0.0453515
0.037846
0.0301783
0.0223045
0.0144443
0.00666828
-0.0010576
-0.00875174
-0.0163976
-0.0239789
-0.0314924
-0.0389369
-0.0463097
-0.0536072
-0.0608645
-0.0680527
-0.0751494
0.0650572
0.0577482
0.0490672
0.04133
0.0342206
0.0270067
0.0195836
0.0121436
0.00477661
-0.00253827
-0.00982434
-0.0170726
-0.0242684
-0.0314068
-0.0384865
-0.0455057
-0.0524621
-0.0593854
-0.0662496
-0.073035
0.0598217
0.0529838
0.0448373
0.0374958
0.030762
0.0239741
0.0169836
0.00995
0.00297386
-0.00395126
-0.0108494
-0.0177187
-0.0245472
-0.0313286
-0.038061
-0.0447428
-0.0513729
-0.0579762
-0.0645286
-0.0710133
0.0548221
0.048425
0.0407991
0.0338493
0.0274727
0.0210832
0.0145047
0.00786206
0.00125918
-0.00529686
-0.0118276
-0.0183368
-0.024816
-0.031258
-0.0376595
-0.0440188
-0.0503359
-0.0566338
-0.0628879
-0.0690831
0.0500657
0.0440805
0.0369562
0.0303906
0.0243536
0.0183357
0.0121466
0.00587813
-0.000368762
-0.00657565
-0.0127594
-0.0189276
-0.0250754
-0.0311956
-0.0372844
-0.0433395
-0.0493607
-0.0553651
-0.0613301
-0.0672453
0.0455575
0.0399558
0.0333106
0.0271188
0.0214045
0.0157325
0.00990912
0.00399666
-0.00191156
-0.00778865
-0.0136457
-0.0194922
-0.0253259
-0.0311396
-0.0369267
-0.0426838
-0.0484134
-0.054148
-0.0598446
-0.0654954
0.0413004
0.0360546
0.0298635
0.0240327
0.0186245
0.0132738
0.00779207
0.00221631
-0.00337066
-0.00893655
-0.0144868
-0.0200313
-0.0255708
-0.0311006
-0.0366162
-0.042114
-0.0475866
-0.0530072
-0.0584268
-0.0638288
0.0372952
0.0323787
0.0266149
0.0211302
0.0160122
0.0109594
0.00579507
0.000535843
-0.00474753
-0.0100202
-0.0152824
-0.0205426
-0.0258029
-0.0310586
-0.0363036
-0.0415325
-0.0467399
-0.0519203
-0.0570975
-0.0622594
0.0335419
0.0289288
0.0235642
0.0184092
0.0135655
0.00878851
0.00391768
-0.00104575
-0.00604347
-0.0110406
-0.0160328
-0.0210269
-0.0260254
-0.0310247
-0.0360191
-0.0410029
-0.0459707
-0.0509157
-0.0558567
-0.0607855
0.0300394
0.0257047
0.0207106
0.0158673
0.0112821
0.00675998
0.00215932
-0.00252939
-0.00725977
-0.0119987
-0.0167388
-0.0214843
-0.0262376
-0.0309958
-0.0357535
-0.0405047
-0.0452446
-0.0499686
-0.0546893
-0.0593997
0.026786
0.0227057
0.0180529
0.013502
0.00915923
0.0048723
0.000519278
-0.00391589
-0.00839757
-0.0128958
-0.017401
-0.0219152
-0.0264403
-0.0309737
-0.0355104
-0.0400447
-0.0445717
-0.0490872
-0.0536001
-0.0581046
0.0237798
0.0199306
0.0155898
0.011311
0.00719453
0.00312381
-0.00100325
-0.00520595
-0.00945784
-0.0137328
-0.0180203
-0.0223203
-0.0266336
-0.030958
-0.0352889
-0.0396207
-0.0439487
-0.0482688
-0.0525873
-0.0568989
0.021019
0.0173783
0.0133204
0.00929241
0.0053856
0.00151284
-0.0024091
-0.00640017
-0.0104413
-0.0145106
-0.0185974
-0.0226998
-0.0268178
-0.0309491
-0.0350894
-0.0392334
-0.0433764
-0.0475144
-0.0516516
-0.0557833
0.0185023
0.0150481
0.0112442
0.00744489
0.00373057
3.79138e-05
-0.00369901
-0.00749894
-0.0113486
-0.01523
-0.0191329
-0.0230544
-0.0269933
-0.0309473
-0.0349123
-0.0388832
-0.0428553
-0.0468247
-0.0507939
-0.0547589
0.0162292
0.0129399
0.00936117
0.00576787
0.00222823
-0.00130204
-0.00487349
-0.00850242
-0.0121798
-0.0158911
-0.0196272
-0.0233843
-0.0271604
-0.0309528
-0.0347576
-0.03857
-0.0423856
-0.0462002
-0.0500153
-0.0538269
0.0142007
0.0110548
0.00767272
0.00426187
0.000878333
-0.00250742
-0.00593263
-0.00941051
-0.0129349
-0.0164945
-0.0200812
-0.0236907
-0.0273204
-0.0309674
-0.0346278
-0.038297
-0.0419705
-0.0456443
-0.0493187
-0.0529905
0.0124194
0.00939553
0.00618152
0.00292887
-0.000318012
-0.00357747
-0.00687553
-0.0102221
-0.0136128
-0.017039
-0.0204936
-0.0239722
-0.0274717
-0.030989
-0.0345202
-0.0380612
-0.0416075
-0.0451555
-0.0487044
-0.0522512
0.0108909
0.00796698
0.00489224
0.00177246
-0.00135858
-0.004511
-0.00770173
-0.0109374
-0.0142148
-0.0175272
-0.0208686
-0.0242347
-0.027622
-0.0310273
-0.0344466
-0.0378757
-0.0413102
-0.0447462
-0.0481826
-0.0516176
0.0096243
0.00677776
0.00381315
0.000800209
-0.0022365
-0.00530128
-0.00840392
-0.0115482
-0.0147314
-0.0179483
-0.0211938
-0.0244639
-0.0277551
-0.0310639
-0.0343868
-0.0377199
-0.0410594
-0.0444018
-0.0477453
-0.0510868
0.0086322
0.00583844
0.00295244
1.68454e-05
-0.0029513
-0.00595246
-0.00899107
-0.0120684
-0.015182
-0.0183275
-0.0215005
-0.0246973
-0.0279142
-0.0311476
-0.0343937
-0.0376486
-0.0409081
-0.0441682
-0.0474276
-0.0506865
0.00793841
0.00517421
0.00233758
-0.000546842
-0.00346756
-0.00642302
-0.00941447
-0.0124417
-0.0155023
-0.018593
-0.0217099
-0.0248496
-0.0280087
-0.0311839
-0.0343717
-0.037569
-0.0407723
-0.0439786
-0.0471852
-0.0503888
0.00755976
0.00479084
0.00195789
-0.000922595
-0.00384033
-0.00679159
-0.00977535
-0.0127903
-0.0158341
-0.0189033
-0.0219947
-0.0251048
-0.0282304
-0.0313682
-0.0345149
-0.0376671
-0.0408214
-0.0439747
-0.047126
-0.0502772
0.12628
0.127714
0.129899
0.132954
0.136257
0.139933
0.143241
0.14639
0.148446
0.149838
0.14934
0.147802
0.143533
0.137889
0.127421
0.125345
0.126672
0.12868
0.131473
0.13444
0.137688
0.140497
0.143049
0.144465
0.145097
0.143883
0.141457
0.136584
0.129942
0.120852
0.124342
0.125554
0.127374
0.129889
0.132503
0.135305
0.137605
0.139554
0.140345
0.140255
0.138408
0.135224
0.129944
0.122847
0.114291
0.123265
0.124357
0.125978
0.128199
0.130446
0.132784
0.134565
0.135898
0.13607
0.135269
0.132826
0.128953
0.123312
0.115906
0.107479
0.122111
0.123078
0.124493
0.126408
0.128278
0.13014
0.131399
0.132114
0.131683
0.130195
0.127192
0.122718
0.116738
0.109145
0.100793
0.120879
0.121716
0.122916
0.124514
0.126
0.127377
0.128116
0.128219
0.127206
0.125071
0.121546
0.116567
0.110287
0.102605
0.0943476
0.119564
0.120266
0.121247
0.122517
0.123613
0.1245
0.124722
0.124226
0.122651
0.119918
0.115911
0.110515
0.103987
0.0962763
0.0881284
0.118166
0.118728
0.119483
0.120416
0.121118
0.121513
0.121225
0.120148
0.118036
0.114756
0.11031
0.104574
0.0978476
0.0901434
0.0821182
0.116682
0.1171
0.117624
0.118215
0.118519
0.118424
0.117634
0.116001
0.113378
0.109604
0.104765
0.0987529
0.0918805
0.0842064
0.0763188
0.115112
0.115382
0.115671
0.115915
0.115821
0.115243
0.113963
0.111802
0.108697
0.104484
0.0992993
0.0930668
0.086096
0.0784741
0.0707383
0.113456
0.113574
0.113625
0.113521
0.113031
0.11198
0.110225
0.107569
0.104016
0.0994141
0.0939328
0.0875294
0.0805042
0.0729568
0.0653844
0.111714
0.111679
0.111491
0.111039
0.110156
0.108648
0.106435
0.10332
0.0993553
0.0944144
0.0886854
0.0821553
0.0751145
0.0676635
0.0602642
0.109888
0.109699
0.109272
0.108476
0.107208
0.105261
0.102611
0.0990732
0.0947369
0.0895045
0.0835748
0.0769587
0.0699359
0.0626018
0.0553836
0.107984
0.107641
0.106974
0.105843
0.104197
0.101833
0.0987719
0.0948497
0.0901824
0.0847038
0.0786176
0.0719529
0.064977
0.0577779
0.0507476
0.106006
0.105511
0.104607
0.103151
0.101139
0.0983831
0.0949379
0.0906697
0.085713
0.0800311
0.0738295
0.0671499
0.0602457
0.053197
0.0463596
0.103961
0.103318
0.102181
0.100412
0.09805
0.0949282
0.0911299
0.0865544
0.0813494
0.0755051
0.0692251
0.0625607
0.055749
0.048863
0.0422218
0.101859
0.101074
0.0997081
0.0976416
0.0949479
0.0914886
0.08737
0.0825255
0.077112
0.0711432
0.0648182
0.058195
0.0514933
0.0447789
0.0383352
0.0997125
0.0987909
0.0972048
0.0948582
0.0918532
0.0880861
0.083681
0.0786049
0.0730209
0.0669625
0.0606218
0.0540619
0.0474839
0.040947
0.0347
0.0975361
0.0964865
0.0946891
0.0920813
0.0887883
0.0847438
0.0800865
0.0748149
0.0690957
0.0629791
0.0566483
0.0501697
0.0437255
0.037369
0.0313159
0.0953479
0.0941796
0.0921823
0.0893334
0.0857777
0.0814864
0.0766109
0.0711782
0.0653562
0.0592089
0.0529095
0.0465261
0.0402224
0.0340462
0.0281825
0.0931693
0.0918922
0.0897087
0.0866397
0.0828478
0.0783404
0.0732795
0.0677175
0.0618218
0.0556676
0.049417
0.0431387
0.036979
0.0309802
0.0252991
0.0910252
0.08965
0.0872955
0.0840284
0.0800272
0.0753338
0.0701189
0.0644565
0.0585127
0.0523709
0.0461825
0.0400155
0.0339998
0.0281729
0.0226659
0.0889445
0.0874822
0.0849735
0.0815305
0.0773472
0.0724967
0.0671567
0.0614198
0.0554494
0.0493354
0.0432182
0.037165
0.0312902
0.0256271
0.0202839
0.0869602
0.0854217
0.0827768
0.0791804
0.0748415
0.0698611
0.0644224
0.0586332
0.0526538
0.0465786
0.0405379
0.034597
0.0288569
0.023347
0.0181553
0.0851095
0.0835059
0.0807434
0.0770159
0.072547
0.0674618
0.0619477
0.0561247
0.0501498
0.04412
0.0381568
0.0323235
0.0267087
0.0213389
0.0162846
0.0834343
0.0817765
0.0789152
0.0750788
0.070504
0.0653368
0.0597673
0.0539252
0.0479638
0.0419821
0.0360935
0.030359
0.0248574
0.0196119
0.0146788
0.0819813
0.0802797
0.0773386
0.073415
0.0687573
0.0635281
0.0579199
0.0520694
0.0461264
0.0401911
0.03437
0.0287225
0.0233184
0.018179
0.0133488
0.0808019
0.079067
0.0760647
0.0720752
0.0673561
0.0620828
0.0564493
0.0505971
0.0446735
0.0387788
0.0330143
0.0274378
0.0221126
0.0170583
0.0123099
0.0799528
0.0781948
0.0751503
0.0711159
0.0663558
0.0610543
0.0554059
0.0495555
0.0436481
0.0377842
0.0320613
0.0265363
0.0212677
0.0162742
0.0115851
0.0794959
0.0777257
0.0746582
0.0706005
0.0658191
0.0605036
0.0548482
0.0490003
0.0431024
0.0372562
0.0315561
0.0260592
0.020821
0.01586
0.0112008
0.138445
0.140597
0.144019
0.149091
0.155153
0.162479
0.17063
0.179754
0.18956
0.200146
0.211243
0.222913
0.23488
0.247219
0.259619
0.138378
0.140526
0.143942
0.149004
0.155052
0.162361
0.170484
0.17958
0.189345
0.199887
0.210925
0.222532
0.234418
0.246673
0.258958
0.138244
0.140385
0.143788
0.14883
0.15485
0.162126
0.170194
0.179233
0.188917
0.199371
0.21029
0.221771
0.233493
0.245581
0.257634
0.138045
0.140173
0.143558
0.148571
0.154547
0.161774
0.169759
0.178714
0.188277
0.198599
0.209341
0.220631
0.232107
0.24394
0.255644
0.13778
0.139893
0.143252
0.148227
0.15415
0.161308
0.169183
0.178027
0.187428
0.197576
0.208079
0.219117
0.23026
0.24175
0.252988
0.137452
0.139545
0.142874
0.1478
0.153647
0.160724
0.168468
0.177173
0.186372
0.196305
0.20651
0.21723
0.227955
0.239015
0.249668
0.137061
0.139131
0.142423
0.147294
0.153068
0.160033
0.167616
0.176157
0.185114
0.194789
0.204635
0.214977
0.225196
0.235738
0.245689
0.136609
0.138653
0.141903
0.146706
0.152361
0.159223
0.166632
0.174981
0.183657
0.193033
0.202459
0.212361
0.221988
0.231928
0.241058
0.136097
0.138113
0.141315
0.146052
0.151628
0.158306
0.165518
0.173649
0.182006
0.191042
0.199988
0.20939
0.218337
0.227592
0.235789
0.135529
0.137512
0.140662
0.145312
0.150745
0.157282
0.164281
0.172163
0.180165
0.18882
0.197225
0.206071
0.21425
0.222743
0.229896
0.134905
0.136853
0.139948
0.144507
0.149812
0.156163
0.162924
0.170529
0.17814
0.186373
0.194178
0.202412
0.209737
0.217395
0.223395
0.134229
0.13614
0.139173
0.143617
0.14878
0.154943
0.16145
0.168749
0.175937
0.183705
0.190853
0.198421
0.204806
0.211564
0.216309
0.133502
0.135375
0.138345
0.142683
0.147673
0.153632
0.159866
0.166828
0.173563
0.180821
0.187259
0.194108
0.199467
0.205267
0.208657
0.132728
0.13456
0.137467
0.141678
0.146489
0.15223
0.158176
0.16477
0.171024
0.177724
0.183406
0.189479
0.193731
0.198525
0.200459
0.131909
0.133699
0.136512
0.140598
0.145239
0.150744
0.156383
0.16258
0.168327
0.174419
0.179304
0.18454
0.187612
0.191358
0.191735
0.131048
0.1328
0.135558
0.139465
0.143924
0.149178
0.154493
0.160265
0.165481
0.170914
0.174969
0.179296
0.181126
0.183783
0.182494
0.130149
0.131847
0.134503
0.138279
0.142547
0.147535
0.152506
0.157824
0.162481
0.167205
0.170405
0.173744
0.174299
0.175813
0.172742
0.129214
0.130873
0.133425
0.137048
0.141115
0.145827
0.150443
0.15529
0.159363
0.16333
0.165641
0.167895
0.16715
0.167424
0.162462
0.128241
0.129848
0.132301
0.135765
0.139613
0.14402
0.148244
0.152578
0.156033
0.15921
0.160632
0.161728
0.159749
0.158587
0.151664
0.127248
0.128794
0.13116
0.13449
0.138146
0.142296
0.146159
0.150014
0.152823
0.155148
0.155547
0.155353
0.15199
0.149199
0.140292
0.127248
0.128794
0.13116
0.13449
0.138146
0.142296
0.146159
0.150014
0.152823
0.155148
0.155547
0.155353
0.15199
0.1492
0.140292
0.128241
0.129848
0.132301
0.135765
0.139613
0.14402
0.148244
0.152578
0.156033
0.15921
0.160632
0.161728
0.15975
0.158587
0.151665
0.129214
0.130873
0.133425
0.137048
0.141115
0.145827
0.150443
0.15529
0.159363
0.16333
0.165642
0.167895
0.16715
0.167424
0.162462
0.130149
0.131847
0.134503
0.138279
0.142547
0.147535
0.152506
0.157824
0.162481
0.167205
0.170405
0.173744
0.174299
0.175813
0.172743
0.131048
0.1328
0.135558
0.139465
0.143924
0.149178
0.154493
0.160265
0.165481
0.170914
0.174969
0.179296
0.181126
0.183783
0.182494
0.131909
0.133699
0.136512
0.140598
0.145239
0.150744
0.156383
0.16258
0.168327
0.174419
0.179304
0.18454
0.187612
0.191358
0.191735
0.132728
0.13456
0.137467
0.141678
0.146489
0.15223
0.158176
0.16477
0.171025
0.177724
0.183406
0.189479
0.193731
0.198525
0.20046
0.133502
0.135375
0.138345
0.142683
0.147673
0.153632
0.159866
0.166828
0.173563
0.180821
0.187259
0.194108
0.199467
0.205267
0.208657
0.134229
0.13614
0.139173
0.143617
0.14878
0.154943
0.16145
0.168749
0.175937
0.183705
0.190853
0.198421
0.204806
0.211564
0.216309
0.134905
0.136853
0.139948
0.144507
0.149812
0.156163
0.162924
0.170529
0.17814
0.186373
0.194178
0.202412
0.209737
0.217395
0.223396
0.135529
0.137512
0.140662
0.145312
0.150745
0.157282
0.164281
0.172163
0.180165
0.18882
0.197225
0.206071
0.21425
0.222743
0.229896
0.136097
0.138113
0.141315
0.146052
0.151628
0.158306
0.165518
0.173649
0.182006
0.191042
0.199988
0.20939
0.218337
0.227592
0.235789
0.136609
0.138653
0.141903
0.146706
0.152361
0.159223
0.166632
0.174981
0.183657
0.193033
0.202459
0.212361
0.221988
0.231928
0.241058
0.137061
0.139131
0.142423
0.147294
0.153068
0.160033
0.167616
0.176157
0.185114
0.194789
0.204635
0.214977
0.225196
0.235738
0.245689
0.137452
0.139545
0.142874
0.1478
0.153647
0.160724
0.168468
0.177173
0.186372
0.196305
0.20651
0.21723
0.227955
0.239015
0.249668
0.13778
0.139893
0.143252
0.148227
0.15415
0.161308
0.169183
0.178027
0.187428
0.197576
0.208079
0.219117
0.23026
0.24175
0.252988
0.138045
0.140173
0.143558
0.148571
0.154547
0.161774
0.169759
0.178714
0.188277
0.198599
0.209341
0.220631
0.232107
0.24394
0.255644
0.138244
0.140385
0.143788
0.14883
0.15485
0.162126
0.170194
0.179233
0.188917
0.199371
0.21029
0.221771
0.233493
0.245581
0.257634
0.138378
0.140526
0.143942
0.149004
0.155052
0.162361
0.170484
0.17958
0.189345
0.199887
0.210925
0.222532
0.234418
0.246674
0.258958
0.138445
0.140597
0.144019
0.149091
0.155153
0.162479
0.17063
0.179754
0.18956
0.200146
0.211243
0.222913
0.23488
0.247219
0.259619
0.0794959
0.0777258
0.0746583
0.0706006
0.0658191
0.0605036
0.0548482
0.0490003
0.0431024
0.0372562
0.0315561
0.0260593
0.020821
0.01586
0.0112008
0.0799528
0.0781948
0.0751504
0.0711159
0.0663558
0.0610543
0.0554059
0.0495555
0.0436481
0.0377842
0.0320614
0.0265363
0.0212677
0.0162742
0.0115851
0.0808019
0.079067
0.0760648
0.0720752
0.0673561
0.0620829
0.0564493
0.0505972
0.0446735
0.0387788
0.0330143
0.0274378
0.0221127
0.0170583
0.0123099
0.0819813
0.0802797
0.0773386
0.073415
0.0687573
0.0635281
0.05792
0.0520694
0.0461265
0.0401912
0.0343701
0.0287225
0.0233184
0.0181791
0.0133488
0.0834344
0.0817765
0.0789152
0.0750788
0.0705041
0.0653368
0.0597674
0.0539252
0.0479639
0.0419822
0.0360935
0.0303591
0.0248574
0.019612
0.0146788
0.0851095
0.083506
0.0807434
0.0770159
0.072547
0.0674618
0.0619477
0.0561248
0.0501498
0.0441201
0.0381569
0.0323235
0.0267088
0.0213389
0.0162846
0.0869602
0.0854218
0.0827769
0.0791804
0.0748415
0.0698611
0.0644224
0.0586332
0.0526539
0.0465786
0.0405379
0.034597
0.0288569
0.023347
0.0181553
0.0889446
0.0874822
0.0849735
0.0815305
0.0773472
0.0724967
0.0671567
0.0614198
0.0554494
0.0493354
0.0432183
0.037165
0.0312902
0.0256271
0.0202839
0.0910253
0.08965
0.0872955
0.0840284
0.0800273
0.0753338
0.0701189
0.0644566
0.0585127
0.052371
0.0461825
0.0400155
0.0339998
0.0281729
0.022666
0.0931694
0.0918922
0.0897087
0.0866398
0.0828478
0.0783404
0.0732796
0.0677175
0.0618219
0.0556676
0.049417
0.0431387
0.036979
0.0309802
0.0252991
0.095348
0.0941796
0.0921824
0.0893334
0.0857777
0.0814864
0.0766109
0.0711782
0.0653562
0.059209
0.0529096
0.0465261
0.0402225
0.0340462
0.0281825
0.0975361
0.0964865
0.0946891
0.0920813
0.0887884
0.0847438
0.0800865
0.074815
0.0690958
0.0629791
0.0566484
0.0501697
0.0437255
0.037369
0.031316
0.0997125
0.0987909
0.0972048
0.0948582
0.0918532
0.0880862
0.083681
0.078605
0.0730209
0.0669625
0.0606219
0.054062
0.0474839
0.0409471
0.0347001
0.101859
0.101074
0.0997081
0.0976416
0.0949479
0.0914887
0.08737
0.0825255
0.0771121
0.0711433
0.0648183
0.0581951
0.0514934
0.044779
0.0383352
0.103961
0.103318
0.102181
0.100412
0.0980501
0.0949282
0.0911299
0.0865545
0.0813494
0.0755051
0.0692252
0.0625607
0.0557491
0.048863
0.0422218
0.106006
0.105511
0.104607
0.103151
0.101139
0.0983832
0.0949379
0.0906698
0.085713
0.0800312
0.0738296
0.06715
0.0602457
0.0531971
0.0463597
0.107984
0.107641
0.106974
0.105843
0.104197
0.101834
0.0987719
0.0948498
0.0901825
0.0847038
0.0786177
0.071953
0.0649771
0.057778
0.0507477
0.109889
0.109699
0.109272
0.108476
0.107208
0.105261
0.102611
0.0990732
0.094737
0.0895046
0.0835748
0.0769588
0.069936
0.0626019
0.0553837
0.111714
0.111679
0.111491
0.111039
0.110156
0.108648
0.106435
0.10332
0.0993554
0.0944145
0.0886854
0.0821554
0.0751146
0.0676636
0.0602643
0.113456
0.113574
0.113626
0.113521
0.113031
0.11198
0.110225
0.107569
0.104016
0.0994142
0.0939329
0.0875295
0.0805043
0.0729569
0.0653846
0.115112
0.115382
0.115671
0.115915
0.115821
0.115243
0.113963
0.111802
0.108698
0.104484
0.0992994
0.0930669
0.0860961
0.0784742
0.0707384
0.116682
0.1171
0.117624
0.118215
0.118519
0.118424
0.117634
0.116001
0.113378
0.109604
0.104766
0.098753
0.0918806
0.0842065
0.0763189
0.118166
0.118728
0.119483
0.120416
0.121118
0.121513
0.121225
0.120148
0.118036
0.114756
0.11031
0.104574
0.0978477
0.0901435
0.0821184
0.119564
0.120266
0.121247
0.122517
0.123613
0.1245
0.124722
0.124226
0.122651
0.119918
0.115912
0.110515
0.103987
0.0962764
0.0881285
0.120879
0.121716
0.122916
0.124514
0.126
0.127377
0.128116
0.128219
0.127206
0.125071
0.121546
0.116567
0.110288
0.102605
0.0943477
0.122111
0.123078
0.124493
0.126408
0.128278
0.13014
0.131399
0.132114
0.131683
0.130195
0.127192
0.122718
0.116738
0.109145
0.100793
0.123265
0.124357
0.125978
0.128199
0.130446
0.132784
0.134565
0.135898
0.136071
0.135269
0.132826
0.128953
0.123312
0.115906
0.107479
0.124342
0.125554
0.127374
0.129889
0.132503
0.135305
0.137605
0.139554
0.140345
0.140255
0.138408
0.135224
0.129944
0.122847
0.114291
0.125345
0.126672
0.12868
0.131473
0.13444
0.137688
0.140498
0.143049
0.144465
0.145097
0.143883
0.141457
0.136584
0.129942
0.120853
0.12628
0.127714
0.129899
0.132954
0.136257
0.139933
0.143241
0.14639
0.148446
0.149838
0.14934
0.147802
0.143533
0.13789
0.127421
0.00755977
0.00479085
0.00195789
-0.00092259
-0.00384032
-0.00679159
-0.00977535
-0.0127903
-0.0158341
-0.0189033
-0.0219947
-0.0251048
-0.0282304
-0.0313682
-0.0345149
-0.0376671
-0.0408214
-0.0439747
-0.047126
-0.0502772
0.00793842
0.00517422
0.00233758
-0.000546835
-0.00346755
-0.00642302
-0.00941446
-0.0124417
-0.0155023
-0.018593
-0.0217099
-0.0248496
-0.0280087
-0.0311839
-0.0343717
-0.037569
-0.0407723
-0.0439786
-0.0471852
-0.0503888
0.00863221
0.00583845
0.00295245
1.68543e-05
-0.00295129
-0.00595245
-0.00899106
-0.0120684
-0.015182
-0.0183275
-0.0215005
-0.0246973
-0.0279142
-0.0311476
-0.0343937
-0.0376486
-0.0409081
-0.0441682
-0.0474276
-0.0506865
0.00962432
0.00677777
0.00381316
0.00080022
-0.00223649
-0.00530127
-0.00840391
-0.0115481
-0.0147314
-0.0179483
-0.0211938
-0.0244639
-0.0277551
-0.0310639
-0.0343868
-0.0377199
-0.0410594
-0.0444018
-0.0477453
-0.0510868
0.0108909
0.007967
0.00489226
0.00177248
-0.00135856
-0.00451099
-0.00770172
-0.0109374
-0.0142148
-0.0175272
-0.0208686
-0.0242347
-0.027622
-0.0310273
-0.0344466
-0.0378757
-0.0413102
-0.0447462
-0.0481826
-0.0516176
0.0124194
0.00939555
0.00618155
0.00292889
-0.000317993
-0.00357745
-0.00687551
-0.0102221
-0.0136128
-0.017039
-0.0204936
-0.0239721
-0.0274717
-0.030989
-0.0345202
-0.0380611
-0.0416075
-0.0451555
-0.0487044
-0.0522512
0.0142007
0.0110549
0.00767275
0.00426189
0.000878358
-0.0025074
-0.00593261
-0.00941049
-0.0129349
-0.0164945
-0.0200812
-0.0236907
-0.0273204
-0.0309674
-0.0346278
-0.038297
-0.0419705
-0.0456443
-0.0493187
-0.0529905
0.0162292
0.01294
0.0093612
0.0057679
0.00222826
-0.00130201
-0.00487346
-0.00850239
-0.0121797
-0.0158911
-0.0196272
-0.0233843
-0.0271604
-0.0309528
-0.0347576
-0.03857
-0.0423856
-0.0462002
-0.0500153
-0.0538269
0.0185023
0.0150481
0.0112442
0.00744493
0.00373061
3.79508e-05
-0.00369897
-0.00749891
-0.0113486
-0.0152299
-0.0191329
-0.0230543
-0.0269933
-0.0309473
-0.0349122
-0.0388832
-0.0428553
-0.0468247
-0.0507939
-0.0547589
0.0210191
0.0173783
0.0133205
0.00929245
0.00538564
0.00151289
-0.00240905
-0.00640013
-0.0104413
-0.0145106
-0.0185973
-0.0226997
-0.0268177
-0.0309491
-0.0350893
-0.0392334
-0.0433764
-0.0475144
-0.0516516
-0.0557833
0.0237799
0.0199306
0.0155899
0.011311
0.00719458
0.00312386
-0.0010032
-0.0052059
-0.00945779
-0.0137328
-0.0180203
-0.0223202
-0.0266335
-0.030958
-0.0352888
-0.0396207
-0.0439487
-0.0482688
-0.0525872
-0.0568988
0.0267861
0.0227057
0.0180529
0.013502
0.0091593
0.00487236
0.000519336
-0.00391583
-0.00839751
-0.0128957
-0.017401
-0.0219152
-0.0264402
-0.0309736
-0.0355103
-0.0400447
-0.0445717
-0.0490872
-0.0536001
-0.0581045
0.0300395
0.0257048
0.0207107
0.0158673
0.0112821
0.00676004
0.00215938
-0.00252932
-0.00725971
-0.0119987
-0.0167387
-0.0214842
-0.0262375
-0.0309958
-0.0357534
-0.0405046
-0.0452445
-0.0499685
-0.0546893
-0.0593997
0.033542
0.0289289
0.0235643
0.0184093
0.0135656
0.00878859
0.00391775
-0.00104567
-0.0060434
-0.0110405
-0.0160328
-0.0210268
-0.0260253
-0.0310246
-0.036019
-0.0410028
-0.0459707
-0.0509157
-0.0558566
-0.0607854
0.0372953
0.0323787
0.026615
0.0211303
0.0160123
0.0109595
0.00579516
0.000535927
-0.00474745
-0.0100201
-0.0152823
-0.0205425
-0.0258028
-0.0310585
-0.0363036
-0.0415325
-0.0467398
-0.0519202
-0.0570975
-0.0622593
0.0413004
0.0360547
0.0298636
0.0240328
0.0186246
0.0132739
0.00779217
0.0022164
-0.00337057
-0.00893646
-0.0144867
-0.0200312
-0.0255707
-0.0311005
-0.0366161
-0.0421139
-0.0475865
-0.0530072
-0.0584267
-0.0638288
0.0455576
0.0399559
0.0333107
0.0271189
0.0214046
0.0157326
0.00990923
0.00399676
-0.00191146
-0.00778855
-0.0136456
-0.0194921
-0.0253258
-0.0311395
-0.0369267
-0.0426838
-0.0484133
-0.0541479
-0.0598445
-0.0654953
0.0500658
0.0440806
0.0369563
0.0303907
0.0243537
0.0183358
0.0121467
0.00587824
-0.000368651
-0.00657554
-0.0127593
-0.0189275
-0.0250753
-0.0311955
-0.0372843
-0.0433394
-0.0493606
-0.055365
-0.06133
-0.0672452
0.0548222
0.0484251
0.0407992
0.0338494
0.0274728
0.0210833
0.0145048
0.00786218
0.0012593
-0.00529674
-0.0118275
-0.0183367
-0.0248159
-0.0312579
-0.0376594
-0.0440187
-0.0503358
-0.0566337
-0.0628878
-0.069083
0.0598218
0.0529839
0.0448374
0.0374959
0.0307622
0.0239743
0.0169838
0.00995013
0.00297399
-0.00395113
-0.0108493
-0.0177185
-0.024547
-0.0313285
-0.0380608
-0.0447427
-0.0513728
-0.057976
-0.0645285
-0.0710132
0.0650573
0.0577483
0.0490673
0.0413302
0.0342207
0.0270068
0.0195837
0.0121437
0.00477674
-0.00253814
-0.00982421
-0.0170725
-0.0242683
-0.0314067
-0.0384864
-0.0455055
-0.052462
-0.0593853
-0.0662495
-0.0730349
0.0705176
0.0627061
0.0534838
0.0453516
0.0378461
0.0301784
0.0223046
0.0144445
0.00666842
-0.00105745
-0.00875159
-0.0163974
-0.0239787
-0.0314922
-0.0389368
-0.0463096
-0.0536071
-0.0608643
-0.0680526
-0.0751492
0.0761869
0.0678401
0.0580805
0.0495588
0.0416345
0.0334856
0.025147
0.0168539
0.0086494
0.000491086
-0.00763053
-0.0156923
-0.0236778
-0.0315851
-0.0394123
-0.0471551
-0.0548081
-0.0624136
-0.0699384
-0.0773567
0.0820409
0.0731261
0.0628495
0.0539492
0.045579
0.0369241
0.0281112
0.0193726
0.0107193
0.00210782
-0.00645954
-0.0149555
-0.0233643
-0.0316843
-0.0399122
-0.0480418
-0.0560652
-0.0640338
-0.0719077
-0.0796573
0.0880426
0.07853
0.0677821
0.0585186
0.0496709
0.0404907
0.0311984
0.022
0.0128764
0.00379208
-0.0052384
-0.0141867
-0.0230381
-0.03179
-0.0404377
-0.0489727
-0.0573815
-0.0657273
-0.0739619
-0.0820513
0.0941424
0.0840088
0.0728663
0.0632544
0.0538953
0.0441817
0.0344102
0.0247372
0.0151229
0.00554822
-0.00396241
-0.0133821
-0.0226957
-0.0318984
-0.0409832
-0.0499372
-0.0587495
-0.0674925
-0.0761012
-0.0845395
0.10028
0.089527
0.0781016
0.068145
0.0582394
0.0479923
0.0377373
0.0275696
0.0174454
0.00736563
-0.00264034
-0.012548
-0.0223414
-0.0320144
-0.0415632
-0.0509737
-0.0601975
-0.0693435
-0.0783317
-0.0871253
0.106342
0.0950383
0.0834669
0.073158
0.0627007
0.0519493
0.0412133
0.0305338
0.0198823
0.00927869
-0.00124484
-0.0116632
-0.0219565
-0.0321104
-0.0421135
-0.0519394
-0.0616509
-0.071256
-0.0806407
-0.0897966
0.112084
0.100557
0.0889842
0.0782393
0.0671939
0.0559335
0.0446972
0.0334917
0.0223083
0.0111765
0.000129512
-0.0108097
-0.0216227
-0.0323048
-0.042868
-0.0532932
-0.063317
-0.0732704
-0.0830103
-0.0925246
0.11679
0.105734
0.0945962
0.0835808
0.0721079
0.0604083
0.0486786
0.0369429
0.0252151
0.0135308
0.00193407
-0.00954298
-0.0208719
-0.0320223
-0.0429671
-0.053757
-0.0647518
-0.0753215
-0.0854892
-0.0953814
-0.0534244
-0.0565594
-0.0596763
-0.0627732
-0.0658492
-0.0689026
-0.0719313
-0.074933
-0.0779053
-0.0808463
-0.0837538
-0.0866263
-0.0894619
-0.0922591
-0.0950165
-0.0977324
-0.100406
-0.103036
-0.105624
-0.108167
-0.0535836
-0.0567645
-0.0599291
-0.0630752
-0.0662002
-0.069301
-0.072375
-0.0754192
-0.0784311
-0.0814084
-0.0843488
-0.0872502
-0.0901108
-0.0929285
-0.0957019
-0.0984291
-0.101109
-0.103741
-0.106325
-0.108862
-0.0539408
-0.0571827
-0.0604065
-0.0636091
-0.0667884
-0.069942
-0.0730671
-0.0761609
-0.0792207
-0.082244
-0.0852285
-0.0881719
-0.0910726
-0.0939282
-0.0967376
-0.0994986
-0.102211
-0.104873
-0.107488
-0.110059
-0.0544204
-0.0577391
-0.0610392
-0.0643182
-0.0675735
-0.0708022
-0.0740012
-0.0771675
-0.0802981
-0.0833904
-0.0864421
-0.0894506
-0.0924142
-0.0953304
-0.0981982
-0.101015
-0.103781
-0.106494
-0.109161
-0.111786
-0.0550455
-0.0584587
-0.0618522
-0.0652231
-0.0685689
-0.0718868
-0.0751736
-0.0784262
-0.0816416
-0.084817
-0.0879501
-0.0910384
-0.0940799
-0.0970723
-0.100015
-0.102904
-0.105742
-0.108525
-0.111265
-0.113966
-0.0557892
-0.0593108
-0.0628116
-0.0662888
-0.0697401
-0.0731623
-0.0765522
-0.0799067
-0.0832227
-0.0864974
-0.0897284
-0.0929131
-0.0960499
-0.0991358
-0.102171
-0.105151
-0.108079
-0.11095
-0.113782
-0.116581
-0.0566528
-0.0602975
-0.0639201
-0.0675178
-0.0710885
-0.074629
-0.078136
-0.0816064
-0.0850371
-0.0884252
-0.0917684
-0.0950641
-0.0983106
-0.101505
-0.104648
-0.107734
-0.110768
-0.113744
-0.116686
-0.1196
-0.0576275
-0.0614088
-0.0651663
-0.0688978
-0.0726011
-0.0762731
-0.0799105
-0.0835101
-0.0870689
-0.090584
-0.0940533
-0.0974739
-0.100845
-0.104162
-0.107427
-0.110635
-0.113791
-0.116887
-0.119955
-0.123003
-0.0587111
-0.0626421
-0.0665476
-0.0704258
-0.0742744
-0.0780906
-0.0818711
-0.0856126
-0.0893123
-0.0929674
-0.0965757
-0.100134
-0.103643
-0.107096
-0.110498
-0.11384
-0.117133
-0.120364
-0.123573
-0.12677
-0.0599003
-0.0639937
-0.0680597
-0.0720968
-0.076103
-0.0800755
-0.0840112
-0.0879067
-0.0917594
-0.0955664
-0.099326
-0.103035
-0.106693
-0.110296
-0.113847
-0.117337
-0.12078
-0.124159
-0.127524
-0.130884
-0.0611933
-0.0654616
-0.0697002
-0.0739081
-0.0780837
-0.0822242
-0.0863265
-0.0903875
-0.0944047
-0.0983752
-0.102298
-0.106168
-0.109988
-0.113752
-0.117464
-0.121114
-0.124718
-0.128259
-0.131791
-0.135329
-0.0625891
-0.0670442
-0.0714672
-0.0758574
-0.0802136
-0.0845332
-0.0888133
-0.0930506
-0.097243
-0.101388
-0.105483
-0.109527
-0.113519
-0.117454
-0.121338
-0.125159
-0.128937
-0.132648
-0.136361
-0.140087
-0.0640867
-0.0687405
-0.073359
-0.0779426
-0.0824904
-0.0869998
-0.0914679
-0.0958918
-0.10027
-0.104598
-0.108877
-0.113103
-0.117277
-0.121393
-0.125459
-0.129461
-0.133421
-0.137314
-0.141217
-0.145143
-0.0656868
-0.0705506
-0.0753756
-0.0801631
-0.0849126
-0.0896218
-0.0942877
-0.0989076
-0.10348
-0.108002
-0.112473
-0.11689
-0.121255
-0.12556
-0.129816
-0.134007
-0.138159
-0.142241
-0.146343
-0.150476
-0.0673873
-0.0724721
-0.0775144
-0.0825164
-0.0874778
-0.0923962
-0.0972691
-0.102094
-0.106869
-0.111592
-0.116264
-0.120879
-0.125442
-0.129945
-0.134398
-0.138785
-0.143135
-0.147413
-0.151721
-0.156067
-0.0691915
-0.0745068
-0.0797765
-0.0850028
-0.0901852
-0.0953216
-0.10041
-0.105447
-0.110433
-0.115365
-0.120242
-0.125063
-0.12983
-0.134536
-0.139192
-0.143779
-0.148333
-0.152812
-0.157331
-0.161894
-0.0710993
-0.0766543
-0.0821611
-0.0876208
-0.0930327
-0.098395
-0.103706
-0.108963
-0.114165
-0.119312
-0.124402
-0.129433
-0.134409
-0.139322
-0.144184
-0.148977
-0.153737
-0.15842
-0.163151
-0.167933
-0.0731064
-0.0789127
-0.0846662
-0.0903683
-0.0960178
-0.101614
-0.107153
-0.112637
-0.118061
-0.123427
-0.128733
-0.133979
-0.139166
-0.14429
-0.14936
-0.154361
-0.159328
-0.164216
-0.16916
-0.17416
-0.0752141
-0.0812823
-0.0872916
-0.0932442
-0.0991388
-0.104975
-0.110749
-0.116464
-0.122114
-0.127704
-0.133228
-0.138691
-0.144089
-0.149426
-0.154703
-0.159914
-0.165085
-0.170181
-0.175333
-0.180555
-0.077424
-0.0837635
-0.090037
-0.0962476
-0.102394
-0.108475
-0.114489
-0.120439
-0.126317
-0.132134
-0.137876
-0.143559
-0.149167
-0.154718
-0.160197
-0.165618
-0.170988
-0.176293
-0.181647
-0.187091
-0.0797352
-0.086355
-0.0929009
-0.0993763
-0.10578
-0.112111
-0.118368
-0.124555
-0.130664
-0.136707
-0.142667
-0.14857
-0.154384
-0.160151
-0.165827
-0.171459
-0.177018
-0.182531
-0.188074
-0.193742
-0.0821485
-0.0890568
-0.0958823
-0.102628
-0.109294
-0.115879
-0.122381
-0.128806
-0.135145
-0.141413
-0.147588
-0.153708
-0.159721
-0.165703
-0.171564
-0.177413
-0.183148
-0.188874
-0.19459
-0.200478
-0.0846636
-0.0918682
-0.09898
-0.106002
-0.112933
-0.119774
-0.126523
-0.133185
-0.139753
-0.146243
-0.15263
-0.15896
-0.165164
-0.171352
-0.177381
-0.183444
-0.18933
-0.195279
-0.201147
-0.207258
-0.08728
-0.0947883
-0.102192
-0.109495
-0.116694
-0.123793
-0.130789
-0.137688
-0.144483
-0.151192
-0.157789
-0.164325
-0.170719
-0.177106
-0.183291
-0.189559
-0.195557
-0.201728
-0.207699
-0.214046
-0.0899967
-0.097815
-0.105517
-0.113103
-0.120574
-0.12793
-0.135172
-0.142305
-0.149325
-0.156246
-0.16305
-0.169784
-0.17637
-0.182951
-0.189299
-0.195774
-0.201867
-0.208268
-0.214267
-0.220865
-0.0928144
-0.100947
-0.108949
-0.11682
-0.124561
-0.132172
-0.139654
-0.147011
-0.154243
-0.16136
-0.168351
-0.175253
-0.182008
-0.188748
-0.195251
-0.201913
-0.208114
-0.214778
-0.220785
-0.2277
-0.0957373
-0.104189
-0.11249
-0.120644
-0.12865
-0.136507
-0.144217
-0.151783
-0.159207
-0.166496
-0.173644
-0.180677
-0.18756
-0.194392
-0.201001
-0.207765
-0.214054
-0.220962
-0.226984
-0.234383
-0.0987585
-0.107543
-0.116157
-0.124604
-0.132882
-0.140994
-0.148942
-0.156728
-0.164358
-0.171834
-0.179159
-0.186345
-0.193376
-0.200309
-0.207033
-0.213843
-0.220197
-0.227242
-0.2332
-0.241159
-0.10185
-0.110994
-0.119958
-0.12874
-0.137336
-0.145749
-0.153983
-0.162044
-0.169937
-0.177668
-0.185243
-0.192667
-0.19994
-0.20708
-0.21403
-0.220948
-0.227456
-0.234487
-0.240386
-0.248633
-0.105036
-0.114494
-0.12377
-0.132847
-0.141715
-0.150374
-0.158832
-0.167095
-0.175173
-0.183073
-0.190807
-0.19838
-0.205803
-0.213077
-0.220195
-0.227189
-0.233893
-0.240727
-0.246727
-0.254644
-0.114498
-0.124144
-0.133199
-0.141423
-0.148597
-0.154549
-0.159123
-0.162188
-0.163607
-0.163305
-0.16123
-0.157422
-0.151929
-0.144895
-0.136466
-0.126903
-0.116442
-0.105425
-0.0941243
-0.082888
-0.0719509
-0.0615717
-0.0518873
-0.0430138
-0.0349208
-0.0275965
-0.0208539
-0.0146317
-0.00863452
-0.00290537
-0.115228
-0.124921
-0.133986
-0.142193
-0.149338
-0.155259
-0.159795
-0.162811
-0.164171
-0.163802
-0.161658
-0.157779
-0.152216
-0.145112
-0.136617
-0.126993
-0.116478
-0.105414
-0.0940776
-0.082815
-0.0718638
-0.0614789
-0.0517989
-0.0429325
-0.0348543
-0.0275415
-0.0208167
-0.0146045
-0.00861999
-0.00290062
-0.116563
-0.126364
-0.135448
-0.143623
-0.150717
-0.156581
-0.161047
-0.163973
-0.165221
-0.164727
-0.162455
-0.158445
-0.15275
-0.145516
-0.136898
-0.127159
-0.116543
-0.105392
-0.0939897
-0.0826782
-0.0717012
-0.0613054
-0.0516339
-0.0427802
-0.0347304
-0.0274388
-0.0207478
-0.0145532
-0.00859349
-0.00289089
-0.118474
-0.128418
-0.137518
-0.145642
-0.152665
-0.158447
-0.162813
-0.165606
-0.166694
-0.166025
-0.163571
-0.159377
-0.153497
-0.146081
-0.137289
-0.127388
-0.116631
-0.105359
-0.0938642
-0.0824846
-0.0714721
-0.0610611
-0.0514021
-0.0425664
-0.034557
-0.0272949
-0.020652
-0.0144813
-0.00855706
-0.00287662
-0.120897
-0.131016
-0.14012
-0.148174
-0.155108
-0.160789
-0.165023
-0.167645
-0.168529
-0.167641
-0.16496
-0.160536
-0.154424
-0.14678
-0.137772
-0.12767
-0.116736
-0.105313
-0.0937038
-0.0822402
-0.0711841
-0.0607548
-0.0511125
-0.0422993
-0.034341
-0.0271157
-0.0205335
-0.0143917
-0.00851268
-0.0028581
-0.123802
-0.134111
-0.1432
-0.151163
-0.157993
-0.163552
-0.167624
-0.170037
-0.170678
-0.169531
-0.166584
-0.161888
-0.155504
-0.147592
-0.13833
-0.127993
-0.116852
-0.105253
-0.0935107
-0.0819499
-0.0708439
-0.0603942
-0.0507725
-0.041986
-0.0340888
-0.0269064
-0.0203965
-0.0142869
-0.0084622
-0.00283551
-0.127158
-0.13766
-0.146706
-0.154559
-0.161268
-0.166683
-0.170562
-0.17273
-0.173093
-0.171653
-0.168406
-0.163403
-0.15671
-0.148497
-0.13895
-0.128347
-0.116975
-0.105178
-0.0932867
-0.0816179
-0.0704574
-0.0599859
-0.0503889
-0.0416331
-0.0338058
-0.0266717
-0.0202443
-0.0141693
-0.00840727
-0.00280899
-0.130938
-0.141625
-0.150594
-0.158315
-0.164889
-0.170139
-0.173792
-0.175681
-0.175734
-0.173973
-0.170393
-0.165052
-0.158021
-0.149478
-0.139617
-0.128725
-0.117098
-0.105087
-0.0930332
-0.0812482
-0.0700298
-0.0595361
-0.0499678
-0.0412465
-0.033497
-0.0264157
-0.0200801
-0.0140409
-0.00834936
-0.00277864
-0.13512
-0.145971
-0.154823
-0.162391
-0.168814
-0.173875
-0.177271
-0.178848
-0.178565
-0.176456
-0.172518
-0.166811
-0.159416
-0.150519
-0.140321
-0.129119
-0.117219
-0.104978
-0.0927518
-0.0808441
-0.0695657
-0.0590502
-0.0495146
-0.0408312
-0.0331668
-0.0261423
-0.0199066
-0.0139036
-0.00828974
-0.00274454
-0.139683
-0.150664
-0.159356
-0.166751
-0.173007
-0.177853
-0.180959
-0.182197
-0.181553
-0.179075
-0.174754
-0.168659
-0.160878
-0.151606
-0.141051
-0.129521
-0.117333
-0.104851
-0.092444
-0.080409
-0.0690695
-0.0585331
-0.0490342
-0.0403921
-0.032819
-0.0258549
-0.0197262
-0.0137591
-0.00822946
-0.00270675
-0.144607
-0.155672
-0.164158
-0.17136
-0.177432
-0.182035
-0.18482
-0.185693
-0.18467
-0.181801
-0.177077
-0.170577
-0.16239
-0.152727
-0.141799
-0.129926
-0.117438
-0.104706
-0.0921111
-0.079946
-0.0685452
-0.0579895
-0.0485308
-0.0399335
-0.0324572
-0.0255564
-0.019541
-0.0136091
-0.00816936
-0.00266533
-0.14987
-0.160962
-0.169195
-0.176184
-0.182055
-0.186387
-0.18882
-0.189308
-0.187887
-0.184612
-0.179468
-0.172546
-0.163939
-0.153871
-0.142556
-0.130331
-0.117531
-0.104542
-0.0917548
-0.0794581
-0.0679964
-0.0574236
-0.0480087
-0.0394592
-0.0320844
-0.0252496
-0.0193528
-0.0134551
-0.00811013
-0.00262038
-0.155452
-0.1665
-0.174434
-0.181194
-0.186846
-0.190876
-0.192929
-0.193014
-0.191182
-0.187486
-0.181907
-0.174551
-0.165513
-0.155029
-0.143316
-0.130729
-0.11761
-0.104359
-0.0913767
-0.078948
-0.0674264
-0.0568392
-0.0474713
-0.0389727
-0.0317034
-0.0249369
-0.0191631
-0.0132986
-0.00805225
-0.00257206
-0.161328
-0.172252
-0.179845
-0.186361
-0.191774
-0.195469
-0.197119
-0.196787
-0.194531
-0.190402
-0.184378
-0.17658
-0.1671
-0.156193
-0.144073
-0.131118
-0.117674
-0.104159
-0.0909784
-0.0784185
-0.0668386
-0.0562399
-0.046922
-0.0384771
-0.0313167
-0.0246206
-0.0189733
-0.0131407
-0.0079961
-0.00252062
-0.167476
-0.178184
-0.185399
-0.191658
-0.196809
-0.200139
-0.201366
-0.200607
-0.197917
-0.193345
-0.186866
-0.17862
-0.168691
-0.157356
-0.144823
-0.131496
-0.117722
-0.103941
-0.0905616
-0.0778723
-0.0662359
-0.0556291
-0.0463639
-0.0379754
-0.0309264
-0.0243027
-0.0187845
-0.0129825
-0.00794196
-0.00246632
-0.173867
-0.184262
-0.191069
-0.19706
-0.201922
-0.204859
-0.205647
-0.204453
-0.20132
-0.196298
-0.18936
-0.18066
-0.170279
-0.158511
-0.14556
-0.13186
-0.117753
-0.103706
-0.0901283
-0.077312
-0.0656213
-0.0550098
-0.0457998
-0.0374702
-0.0305346
-0.0239847
-0.0185975
-0.012825
-0.00788999
-0.00240948
-0.180474
-0.190452
-0.196827
-0.202543
-0.207088
-0.209605
-0.209944
-0.208307
-0.204725
-0.199249
-0.191847
-0.182693
-0.171855
-0.159655
-0.146283
-0.132209
-0.117767
-0.103456
-0.0896802
-0.0767402
-0.0649976
-0.054385
-0.0452324
-0.0369638
-0.0301431
-0.0236684
-0.0184134
-0.0126691
-0.00784029
-0.00235042
-0.187264
-0.196721
-0.202652
-0.208083
-0.212281
-0.214354
-0.214238
-0.212153
-0.208118
-0.202184
-0.194317
-0.184709
-0.173414
-0.160781
-0.146987
-0.132541
-0.117764
-0.103192
-0.0892194
-0.0761593
-0.0643675
-0.0537574
-0.0446641
-0.0364586
-0.0297534
-0.0233551
-0.0182327
-0.0125154
-0.00779288
-0.00228949
-0.194201
-0.203039
-0.20852
-0.213657
-0.217477
-0.219089
-0.218514
-0.215977
-0.211485
-0.205093
-0.196762
-0.186702
-0.174951
-0.161888
-0.147672
-0.132856
-0.117744
-0.102914
-0.088748
-0.075572
-0.0637337
-0.0531298
-0.0440975
-0.0359566
-0.0293673
-0.023046
-0.018056
-0.0123647
-0.0077477
-0.00222703
-0.201244
-0.209373
-0.21441
-0.21924
-0.222654
-0.223791
-0.222755
-0.219763
-0.214815
-0.207966
-0.199173
-0.188664
-0.176459
-0.16297
-0.148334
-0.133152
-0.117709
-0.102626
-0.0882682
-0.0749808
-0.0630991
-0.0525048
-0.0435348
-0.0354598
-0.0289861
-0.0227423
-0.0178839
-0.0122173
-0.00770465
-0.0021634
-0.20835
-0.215696
-0.220299
-0.224809
-0.227791
-0.228443
-0.226947
-0.223498
-0.218095
-0.210791
-0.201542
-0.190589
-0.177934
-0.164024
-0.148973
-0.13343
-0.117658
-0.102328
-0.0877826
-0.0743886
-0.0624664
-0.0518849
-0.0429783
-0.0349701
-0.0286113
-0.0224449
-0.0177166
-0.0120737
-0.00766355
-0.00209895
-0.215473
-0.22198
-0.226168
-0.230338
-0.232868
-0.23303
-0.231075
-0.227168
-0.221314
-0.21356
-0.203861
-0.192469
-0.179372
-0.165048
-0.149586
-0.13369
-0.117593
-0.102022
-0.0872937
-0.0737981
-0.0618384
-0.0512728
-0.0424303
-0.0344894
-0.028244
-0.0221548
-0.0175546
-0.0119342
-0.0076242
-0.00203404
-0.222569
-0.228199
-0.231995
-0.235804
-0.237865
-0.237534
-0.235124
-0.230758
-0.224458
-0.21626
-0.206119
-0.194298
-0.180766
-0.166038
-0.150172
-0.133931
-0.117515
-0.10171
-0.0868042
-0.0732122
-0.0612181
-0.0506711
-0.0418929
-0.0340193
-0.0278856
-0.0218728
-0.0173979
-0.0117991
-0.00758636
-0.00196901
-0.229589
-0.234331
-0.237761
-0.241183
-0.242763
-0.241937
-0.239074
-0.234251
-0.227512
-0.218878
-0.208306
-0.196066
-0.182111
-0.166989
-0.150729
-0.134152
-0.117427
-0.101395
-0.0863172
-0.0726339
-0.0606084
-0.0500823
-0.0413684
-0.0335616
-0.0275371
-0.0215995
-0.0172467
-0.0116684
-0.00754975
-0.00190419
-0.236483
-0.240352
-0.243443
-0.246447
-0.247538
-0.246219
-0.242903
-0.237626
-0.230459
-0.2214
-0.21041
-0.197765
-0.1834
-0.167898
-0.151256
-0.134355
-0.117328
-0.101079
-0.0858354
-0.0720661
-0.0600121
-0.0495086
-0.0408585
-0.0331177
-0.0271996
-0.0213357
-0.0171011
-0.0115424
-0.0075141
-0.0018399
-0.243198
-0.246236
-0.24901
-0.251561
-0.25216
-0.250352
-0.246585
-0.24086
-0.23328
-0.22381
-0.212418
-0.199385
-0.184626
-0.168759
-0.15175
-0.134538
-0.117221
-0.100764
-0.0853613
-0.0715114
-0.0594317
-0.0489524
-0.0403652
-0.032689
-0.026874
-0.0210816
-0.0169611
-0.0114209
-0.00747912
-0.00177641
-0.249661
-0.251951
-0.254428
-0.256484
-0.256589
-0.254294
-0.2501
-0.243931
-0.235951
-0.226087
-0.214315
-0.200914
-0.185783
-0.16957
-0.152209
-0.134702
-0.117106
-0.100453
-0.0848981
-0.0709727
-0.05887
-0.0484159
-0.0398903
-0.0322769
-0.0265612
-0.0208381
-0.0168268
-0.0113042
-0.00744463
-0.00171405
-0.255827
-0.257474
-0.259671
-0.261189
-0.2608
-0.257997
-0.253432
-0.246807
-0.238456
-0.228223
-0.216098
-0.202352
-0.186871
-0.170333
-0.152641
-0.134854
-0.116993
-0.100152
-0.0844522
-0.0704558
-0.0583317
-0.0479027
-0.0394366
-0.0318835
-0.0262627
-0.0206058
-0.0166987
-0.0111926
-0.00741079
-0.00165319
-0.261745
-0.262777
-0.264721
-0.265676
-0.264812
-0.261508
-0.256242
-0.249462
-0.240808
-0.230233
-0.217782
-0.203715
-0.187908
-0.171064
-0.153057
-0.135003
-0.116887
-0.0998667
-0.0840278
-0.0699629
-0.0578181
-0.0474131
-0.039004
-0.0315083
-0.025978
-0.0203843
-0.0165761
-0.0110854
-0.00737705
-0.00159391
-0.267394
-0.26763
-0.269374
-0.269812
-0.268588
-0.264998
-0.259908
-0.25214
-0.24304
-0.232102
-0.21932
-0.204939
-0.188818
-0.171685
-0.153381
-0.135079
-0.116727
-0.0995435
-0.0835799
-0.0694588
-0.057302
-0.0469273
-0.038577
-0.0311405
-0.0256979
-0.0201664
-0.0164517
-0.0109776
-0.00733919
-0.00153505
-0.272562
-0.271356
-0.272884
-0.272695
-0.270978
-0.26677
-0.260805
-0.253431
-0.244183
-0.23303
-0.220043
-0.205452
-0.189119
-0.171787
-0.15328
-0.134814
-0.116308
-0.099028
-0.0829953
-0.0688598
-0.056721
-0.0463973
-0.0381167
-0.0307493
-0.0253962
-0.0199322
-0.0163084
-0.0108562
-0.00728979
-0.00147001
-0.27652
-0.276124
-0.277606
-0.276578
-0.274174
-0.269286
-0.263084
-0.254755
-0.244956
-0.23334
-0.21998
-0.205053
-0.188436
-0.170878
-0.152182
-0.133611
-0.115033
-0.0977779
-0.0818014
-0.0677817
-0.0557767
-0.0456033
-0.0374696
-0.0302281
-0.0250107
-0.0196414
-0.016133
-0.0107078
-0.00722868
-0.00139557
-0.280731
-0.280096
-0.281076
-0.279138
-0.276122
-0.270606
-0.263946
-0.255516
-0.245484
-0.233584
-0.219969
-0.20479
-0.18794
-0.170177
-0.151295
-0.132608
-0.113939
-0.0966813
-0.0807272
-0.0667942
-0.0548942
-0.044852
-0.0368475
-0.0297229
-0.0246319
-0.0193533
-0.0159552
-0.0105553
-0.00716283
-0.00131814
-0.284772
-0.283794
-0.284407
-0.281682
-0.278224
-0.272307
-0.26527
-0.256301
-0.245916
-0.2337
-0.219835
-0.204415
-0.187356
-0.169418
-0.150376
-0.131597
-0.112856
-0.0956091
-0.0796871
-0.0658445
-0.0540502
-0.0441353
-0.0362552
-0.0292415
-0.0242706
-0.019077
-0.0157828
-0.0104058
-0.0070956
-0.00124024
-0.288598
-0.286954
-0.287153
-0.283609
-0.27967
-0.273122
-0.26597
-0.256734
-0.246137
-0.233679
-0.219611
-0.203986
-0.186746
-0.16865
-0.149465
-0.130607
-0.111802
-0.0945706
-0.0786816
-0.0649288
-0.0532378
-0.0434465
-0.0356865
-0.0287793
-0.0239234
-0.0188102
-0.015614
-0.0102582
-0.00702649
-0.00116234
-0.292267
-0.289486
-0.289387
-0.285137
-0.280917
-0.274105
-0.266604
-0.257026
-0.24621
-0.233528
-0.219287
-0.203486
-0.186094
-0.167866
-0.148562
-0.129642
-0.110785
-0.0935767
-0.0777228
-0.0640586
-0.0524667
-0.0427932
-0.0351464
-0.0283402
-0.0235923
-0.018554
-0.0154488
-0.0101123
-0.00695495
-0.00108466
-0.295644
-0.29143
-0.291095
-0.2862
-0.281733
-0.274524
-0.266878
-0.257079
-0.246113
-0.233249
-0.218871
-0.202923
-0.185407
-0.16707
-0.147671
-0.128705
-0.10981
-0.0926316
-0.0768155
-0.0632385
-0.0517414
-0.0421795
-0.0346388
-0.027927
-0.0232793
-0.0183098
-0.0152875
-0.00996877
-0.00688089
-0.00100766
-0.298812
-0.292712
-0.292347
-0.286869
-0.282242
-0.27482
-0.266996
-0.256974
-0.245878
-0.232859
-0.218373
-0.202304
-0.184689
-0.166269
-0.146796
-0.127801
-0.108882
-0.0917403
-0.0759648
-0.0624735
-0.0510664
-0.041609
-0.0341662
-0.0275423
-0.0229862
-0.0180789
-0.0151308
-0.00982815
-0.00680441
-0.000931867
-0.301535
-0.293395
-0.293201
-0.287228
-0.282538
-0.274821
-0.266894
-0.256709
-0.245519
-0.232375
-0.217805
-0.201638
-0.18395
-0.165467
-0.145943
-0.126935
-0.108006
-0.0909072
-0.0751752
-0.0617674
-0.050445
-0.0410846
-0.0337312
-0.0271881
-0.0227143
-0.0178624
-0.0149793
-0.00969117
-0.00672583
-0.000857872
-0.303415
-0.293677
-0.293753
-0.287292
-0.282583
-0.274665
-0.266662
-0.256328
-0.245067
-0.231816
-0.217185
-0.200939
-0.183201
-0.164674
-0.145118
-0.126111
-0.107185
-0.0901356
-0.07445
-0.0611233
-0.04988
-0.0406086
-0.0333356
-0.0268661
-0.022465
-0.0176616
-0.0148336
-0.00955873
-0.00664572
-0.000786287
-0.30443
-0.293704
-0.294036
-0.287152
-0.282488
-0.274351
-0.266313
-0.255853
-0.244545
-0.231206
-0.216529
-0.200224
-0.182452
-0.163898
-0.144329
-0.125334
-0.106423
-0.089428
-0.0737911
-0.0605427
-0.0493727
-0.0401821
-0.0329804
-0.0265773
-0.0222392
-0.0174773
-0.0146948
-0.00943191
-0.00656495
-0.000717769
-0.304765
-0.293585
-0.294093
-0.286868
-0.282253
-0.273943
-0.265891
-0.25532
-0.24398
-0.230566
-0.215858
-0.199508
-0.181717
-0.163149
-0.143581
-0.124609
-0.105724
-0.0887863
-0.0731999
-0.0600262
-0.0489234
-0.0398054
-0.032666
-0.0263222
-0.0220375
-0.0173105
-0.0145641
-0.00931194
-0.00648468
-0.000653008
-0.304711
-0.293318
-0.294009
-0.286467
-0.281946
-0.27347
-0.265417
-0.254758
-0.243393
-0.229923
-0.215192
-0.198809
-0.18101
-0.162438
-0.142884
-0.123941
-0.105091
-0.0882115
-0.0726765
-0.0595734
-0.0485316
-0.039478
-0.0323922
-0.0261006
-0.0218601
-0.0171619
-0.0144428
-0.00920016
-0.00640637
-0.000592725
-0.304288
-0.293004
-0.293767
-0.286029
-0.281579
-0.272966
-0.264941
-0.254186
-0.242818
-0.229291
-0.214548
-0.198143
-0.180345
-0.161778
-0.142244
-0.123336
-0.104526
-0.0877047
-0.0722204
-0.0591831
-0.0481958
-0.0391986
-0.032158
-0.0259119
-0.0217069
-0.0170319
-0.0143322
-0.009098
-0.00633172
-0.000537665
-0.303584
-0.292732
-0.293401
-0.285618
-0.281151
-0.2725
-0.264437
-0.253659
-0.242258
-0.228709
-0.213954
-0.19753
-0.179733
-0.161178
-0.141671
-0.122799
-0.104032
-0.0872665
-0.0718311
-0.0588536
-0.0479142
-0.0389653
-0.031962
-0.0257548
-0.0215776
-0.0169209
-0.0142338
-0.00900696
-0.00626262
-0.000488582
-0.302862
-0.292341
-0.293054
-0.285182
-0.280764
-0.272041
-0.263991
-0.253165
-0.241756
-0.228179
-0.213415
-0.196985
-0.179201
-0.160656
-0.141172
-0.122338
-0.103612
-0.0868979
-0.0715077
-0.0585829
-0.0476844
-0.038776
-0.0318026
-0.0256278
-0.0214715
-0.0168288
-0.0141491
-0.00892845
-0.00620105
-0.000446227
-0.302151
-0.291964
-0.292722
-0.284796
-0.280402
-0.271647
-0.263595
-0.252744
-0.241325
-0.227731
-0.212962
-0.196524
-0.178749
-0.160216
-0.140763
-0.121957
-0.10327
-0.0866002
-0.0712493
-0.0583693
-0.0475043
-0.0386284
-0.031678
-0.025529
-0.0213878
-0.0167555
-0.0140794
-0.00886385
-0.00614897
-0.000411319
-0.301535
-0.291619
-0.29245
-0.28447
-0.280126
-0.271326
-0.263282
-0.252408
-0.240985
-0.227377
-0.212605
-0.196165
-0.178399
-0.159875
-0.140445
-0.121666
-0.103007
-0.0863749
-0.0710556
-0.0582109
-0.0473717
-0.0385203
-0.0315864
-0.0254566
-0.0213258
-0.0167007
-0.0140259
-0.00881431
-0.00610816
-0.000384504
-0.301083
-0.291364
-0.292256
-0.284238
-0.279922
-0.271102
-0.263063
-0.252175
-0.240749
-0.227133
-0.21236
-0.195918
-0.178159
-0.159642
-0.140228
-0.121466
-0.102832
-0.0862232
-0.0709263
-0.0581065
-0.047285
-0.03845
-0.0315264
-0.0254092
-0.0212846
-0.0166642
-0.0139897
-0.00878081
-0.00608012
-0.000366319
-0.300842
-0.291227
-0.292155
-0.284116
-0.27982
-0.270986
-0.26295
-0.252056
-0.240629
-0.227009
-0.212236
-0.195793
-0.178038
-0.159523
-0.140118
-0.121363
-0.102741
-0.0861462
-0.0708614
-0.0580552
-0.047243
-0.0384159
-0.0314969
-0.0253854
-0.0212637
-0.0166458
-0.0139714
-0.00876401
-0.00606593
-0.000357151
)
;

boundaryField
{
    inlet
    {
        type            zeroGradient;
    }
    outlet
    {
        type            fixedValue;
        value           uniform 0;
    }
    cylinder
    {
        type            zeroGradient;
    }
    top
    {
        type            symmetryPlane;
    }
    bottom
    {
        type            symmetryPlane;
    }
    defaultFaces
    {
        type            empty;
    }
}


// ************************************************************************* //
