/*--------------------------------*- C++ -*----------------------------------*\
  =========                 |
  \\      /  F ield         | OpenFOAM: The Open Source CFD Toolbox
   \\    /   O peration     | Website:  https://openfoam.org
    \\  /    A nd           | Version:  9
     \\/     M anipulation  |
\*---------------------------------------------------------------------------*/
FoamFile
{
    format      ascii;
    class       volScalarField;
    location    "4.3";
    object      p;
}
// * * * * * * * * * * * * * * * * * * * * * * * * * * * * * * * * * * * * * //

dimensions      [0 2 -2 0 0 0 0];

internalField   nonuniform List<scalar> 
8500
(
-0.351049
-0.368637
-0.384603
-0.413257
-0.447386
-0.483788
-0.513679
-0.521289
-0.504778
-0.420087
-0.352825
-0.370032
-0.386074
-0.414837
-0.449305
-0.486259
-0.517413
-0.526184
-0.512631
-0.427523
-0.356242
-0.372696
-0.388862
-0.417796
-0.452859
-0.49077
-0.524251
-0.535086
-0.527043
-0.44136
-0.36105
-0.376397
-0.392681
-0.421757
-0.457526
-0.496537
-0.533018
-0.546413
-0.545604
-0.459759
-0.366911
-0.380824
-0.397148
-0.426221
-0.462619
-0.502569
-0.542166
-0.558195
-0.565209
-0.480075
-0.373442
-0.385628
-0.40183
-0.430627
-0.467378
-0.507837
-0.550041
-0.568424
-0.583333
-0.498885
-0.380254
-0.390462
-0.406295
-0.43443
-0.47108
-0.511428
-0.555186
-0.575272
-0.596377
-0.513662
-0.386993
-0.395023
-0.410161
-0.437163
-0.47313
-0.512696
-0.556619
-0.578188
-0.602422
-0.522868
-0.393365
-0.399076
-0.413139
-0.438492
-0.473135
-0.511381
-0.554
-0.576201
-0.601528
-0.525753
-0.399148
-0.402476
-0.415068
-0.438283
-0.470899
-0.507266
-0.547896
-0.569551
-0.594159
-0.522533
-0.404208
-0.405165
-0.415879
-0.436479
-0.466562
-0.500578
-0.53895
-0.559349
-0.581617
-0.514028
-0.408487
-0.407165
-0.41564
-0.433242
-0.460443
-0.491891
-0.527933
-0.5465
-0.565471
-0.501212
-0.411995
-0.408563
-0.414534
-0.428885
-0.45302
-0.481938
-0.515731
-0.531879
-0.547004
-0.485018
-0.414797
-0.409488
-0.412816
-0.42382
-0.444886
-0.471317
-0.502906
-0.516241
-0.52701
-0.466435
-0.417008
-0.410095
-0.410778
-0.418503
-0.436686
-0.460922
-0.489893
-0.500161
-0.505929
-0.446488
-0.418781
-0.410546
-0.408712
-0.413381
-0.428932
-0.450987
-0.476965
-0.483948
-0.484109
-0.426038
-0.420302
-0.411005
-0.4069
-0.408854
-0.422076
-0.441753
-0.464242
-0.467705
-0.461889
-0.405569
-0.421783
-0.41164
-0.405591
-0.405227
-0.416227
-0.433399
-0.451683
-0.451479
-0.439485
-0.385233
-0.423451
-0.412616
-0.405001
-0.402662
-0.411399
-0.425999
-0.439219
-0.435344
-0.417003
-0.365372
-0.425531
-0.414092
-0.405294
-0.40115
-0.407597
-0.4194
-0.426908
-0.419359
-0.394901
-0.34735
-0.428227
-0.41621
-0.406539
-0.400569
-0.404824
-0.413252
-0.41489
-0.403622
-0.374661
-0.33281
-0.431696
-0.419089
-0.408655
-0.400828
-0.402945
-0.40722
-0.40325
-0.38836
-0.35744
-0.320009
-0.436052
-0.422795
-0.411439
-0.401932
-0.401627
-0.401124
-0.392012
-0.3739
-0.342055
-0.307446
-0.441376
-0.427317
-0.414691
-0.403871
-0.400476
-0.394903
-0.38119
-0.360248
-0.32815
-0.295689
-0.447726
-0.43255
-0.418354
-0.406452
-0.399196
-0.388551
-0.370763
-0.347429
-0.315388
-0.284396
-0.455141
-0.438296
-0.422551
-0.409294
-0.397619
-0.382081
-0.360711
-0.335359
-0.303511
-0.273684
-0.463641
-0.444355
-0.427481
-0.411999
-0.395647
-0.375501
-0.350991
-0.323947
-0.292353
-0.263405
-0.473203
-0.450577
-0.433262
-0.414299
-0.393212
-0.368809
-0.341551
-0.313081
-0.28175
-0.25352
-0.483718
-0.456923
-0.439783
-0.41608
-0.390264
-0.361984
-0.332326
-0.30265
-0.271579
-0.243929
-0.49497
-0.463466
-0.446679
-0.417285
-0.386765
-0.354992
-0.323245
-0.292544
-0.261725
-0.234559
-0.506676
-0.470351
-0.453408
-0.417864
-0.382693
-0.347785
-0.314227
-0.282663
-0.25209
-0.225335
-0.518397
-0.477719
-0.459414
-0.417741
-0.378033
-0.340312
-0.305195
-0.272914
-0.242584
-0.216188
-0.529818
-0.485638
-0.46425
-0.416815
-0.372764
-0.332521
-0.296072
-0.263212
-0.233129
-0.207057
-0.540637
-0.494035
-0.467628
-0.414966
-0.366858
-0.324361
-0.286785
-0.253477
-0.223656
-0.197888
-0.550609
-0.502655
-0.469415
-0.412075
-0.360274
-0.315783
-0.277267
-0.243636
-0.214108
-0.188632
-0.559546
-0.511066
-0.469603
-0.408042
-0.352961
-0.306737
-0.267456
-0.233622
-0.204432
-0.179245
-0.567303
-0.5187
-0.468261
-0.402799
-0.344865
-0.29717
-0.257293
-0.223376
-0.19458
-0.169691
-0.57377
-0.524971
-0.465443
-0.396303
-0.335927
-0.287032
-0.246727
-0.21285
-0.18451
-0.159947
-0.578854
-0.529444
-0.461064
-0.388518
-0.326097
-0.276273
-0.235714
-0.202
-0.174185
-0.150009
-0.58247
-0.531777
-0.455014
-0.379404
-0.315326
-0.264848
-0.224212
-0.190788
-0.16357
-0.139883
-0.584514
-0.531712
-0.447221
-0.368918
-0.303573
-0.252719
-0.212189
-0.179179
-0.152639
-0.129559
-0.584854
-0.529079
-0.437638
-0.357024
-0.290805
-0.239853
-0.199614
-0.167141
-0.141384
-0.11896
-0.58332
-0.523766
-0.42622
-0.343704
-0.276996
-0.226223
-0.186458
-0.154646
-0.129835
-0.10799
-0.579709
-0.515702
-0.412914
-0.328961
-0.262127
-0.211802
-0.172695
-0.141684
-0.118024
-0.0966271
-0.573794
-0.504842
-0.397684
-0.312792
-0.246179
-0.196575
-0.158319
-0.128287
-0.10591
-0.0849931
-0.565333
-0.491153
-0.380508
-0.295189
-0.229124
-0.180554
-0.143362
-0.11453
-0.093377
-0.0731471
-0.554094
-0.47462
-0.361376
-0.276139
-0.210953
-0.163805
-0.127884
-0.100375
-0.080429
-0.0610783
-0.53986
-0.45524
-0.340277
-0.255656
-0.191746
-0.146387
-0.111826
-0.085818
-0.0671047
-0.0487843
-0.52245
-0.433028
-0.317183
-0.233825
-0.17168
-0.128163
-0.0952212
-0.0708665
-0.0534425
-0.0362741
-0.501728
-0.408036
-0.292066
-0.210801
-0.150685
-0.109188
-0.0781005
-0.0555392
-0.0394765
-0.0235677
-0.477613
-0.38038
-0.264998
-0.186573
-0.128783
-0.0895172
-0.060501
-0.0398627
-0.02524
-0.0106958
-0.450077
-0.35021
-0.236253
-0.160984
-0.10602
-0.0692107
-0.0424641
-0.0238712
-0.0107686
0.00230199
-0.419152
-0.317567
-0.205929
-0.13416
-0.0824545
-0.0483336
-0.0240382
-0.00760467
0.00390001
0.0153798
-0.38495
-0.282262
-0.174335
-0.106243
-0.0581553
-0.0269556
-0.00527876
0.00889204
0.0187295
0.0284927
-0.347648
-0.244477
-0.141493
-0.0773836
-0.0332032
-0.0051516
0.0137522
0.025573
0.0336888
0.0415965
-0.307372
-0.204586
-0.107435
-0.0477273
-0.00769316
0.0169979
0.0329884
0.0423964
0.0487471
0.0546214
-0.264064
-0.163249
-0.0722702
-0.0174158
0.0182681
0.0394064
0.0523633
0.0593289
0.0638522
0.0673939
-0.218127
-0.120721
-0.0361663
0.0134107
0.0445644
0.0619822
0.071814
0.0763389
0.0788948
0.0795693
-0.169946
-0.0771878
0.000677204
0.0446069
0.0710719
0.0846302
0.091279
0.0933678
0.0936945
0.0908351
-0.119909
-0.0328718
0.0380411
0.0760197
0.0976611
0.107253
0.110689
0.1103
0.108068
0.101491
-0.0684252
0.0119727
0.0756947
0.107488
0.124198
0.129752
0.129957
0.126985
0.121938
0.112876
-0.0159189
0.0570696
0.1134
0.138843
0.150547
0.152024
0.148985
0.143311
0.135545
0.124799
0.0371705
0.102128
0.150917
0.169911
0.17657
0.173962
0.167675
0.159247
0.148938
0.136798
0.0903959
0.146847
0.188002
0.200514
0.202127
0.195457
0.185931
0.174746
0.162065
0.14868
0.143306
0.190923
0.224415
0.230473
0.227078
0.216397
0.203663
0.189765
0.174849
0.160251
0.19545
0.23405
0.259917
0.25961
0.251283
0.23667
0.220786
0.204245
0.187223
0.17141
0.246384
0.275925
0.294274
0.287748
0.274606
0.256166
0.237215
0.218124
0.199117
0.182071
0.295673
0.316253
0.327258
0.314712
0.296911
0.27478
0.252867
0.231339
0.210466
0.192176
0.342893
0.354754
0.358651
0.340336
0.318068
0.292407
0.267663
0.243825
0.221209
0.201673
0.387632
0.391164
0.388245
0.364456
0.337951
0.308948
0.281527
0.255522
0.231286
0.210517
0.429509
0.425234
0.415841
0.386919
0.35644
0.324308
0.294386
0.266369
0.240641
0.21867
0.468218
0.456682
0.441252
0.407578
0.373424
0.3384
0.30617
0.27631
0.249222
0.226098
0.503477
0.485244
0.464303
0.426298
0.388797
0.351143
0.316815
0.285292
0.256982
0.232768
0.535001
0.510701
0.484833
0.442956
0.402466
0.362462
0.326265
0.293267
0.263874
0.238655
0.562526
0.532868
0.502702
0.457443
0.414346
0.372291
0.334465
0.30019
0.269859
0.243736
0.585824
0.551587
0.517785
0.469663
0.424361
0.380572
0.341371
0.30602
0.274902
0.247994
0.6047
0.566725
0.529979
0.479537
0.43245
0.387257
0.346944
0.310726
0.278972
0.251413
0.618997
0.578173
0.539199
0.487
0.438562
0.392306
0.351151
0.314279
0.282046
0.253985
0.628596
0.58585
0.545381
0.492003
0.442658
0.395689
0.35397
0.31666
0.284106
0.255701
0.633415
0.589702
0.548483
0.494512
0.444713
0.397385
0.355383
0.317854
0.285139
0.25656
0.633415
0.589702
0.548483
0.494512
0.444713
0.397385
0.355383
0.317854
0.285139
0.25656
0.628596
0.58585
0.545381
0.492003
0.442658
0.395689
0.35397
0.31666
0.284106
0.255701
0.618997
0.578173
0.539199
0.487
0.438562
0.392306
0.351151
0.314279
0.282046
0.253985
0.6047
0.566725
0.529979
0.479537
0.43245
0.387257
0.346944
0.310726
0.278972
0.251413
0.585824
0.551587
0.517785
0.469663
0.424361
0.380573
0.341371
0.30602
0.274902
0.247994
0.562526
0.532868
0.502702
0.457443
0.414346
0.372291
0.334465
0.30019
0.269859
0.243736
0.535001
0.510701
0.484833
0.442956
0.402466
0.362462
0.326265
0.293267
0.263874
0.238655
0.503477
0.485244
0.464303
0.426298
0.388797
0.351143
0.316815
0.285292
0.256982
0.232768
0.468218
0.456682
0.441252
0.407578
0.373424
0.3384
0.30617
0.27631
0.249223
0.226098
0.429509
0.425234
0.415841
0.386919
0.35644
0.324308
0.294386
0.266369
0.240641
0.21867
0.387632
0.391164
0.388245
0.364456
0.337951
0.308948
0.281528
0.255522
0.231286
0.210517
0.342893
0.354754
0.358652
0.340336
0.318068
0.292407
0.267664
0.243825
0.221209
0.201673
0.295673
0.316253
0.327258
0.314712
0.296911
0.27478
0.252867
0.231339
0.210467
0.192176
0.246384
0.275925
0.294274
0.287748
0.274606
0.256166
0.237215
0.218124
0.199117
0.182071
0.19545
0.23405
0.259917
0.25961
0.251283
0.23667
0.220786
0.204245
0.187223
0.17141
0.143306
0.190923
0.224415
0.230474
0.227078
0.216397
0.203663
0.189765
0.174849
0.160251
0.0903959
0.146847
0.188002
0.200514
0.202127
0.195457
0.185931
0.174747
0.162065
0.14868
0.0371706
0.102128
0.150917
0.169911
0.17657
0.173963
0.167675
0.159247
0.148938
0.136798
-0.0159189
0.0570697
0.1134
0.138843
0.150548
0.152024
0.148985
0.143311
0.135545
0.124799
-0.0684251
0.0119728
0.0756948
0.107488
0.124198
0.129752
0.129957
0.126985
0.121938
0.112876
-0.119909
-0.0328717
0.0380412
0.0760198
0.0976612
0.107253
0.110689
0.1103
0.108068
0.101491
-0.169946
-0.0771878
0.000677291
0.044607
0.071072
0.0846303
0.0912791
0.093368
0.0936946
0.0908352
-0.218127
-0.120721
-0.0361662
0.0134108
0.0445645
0.0619823
0.0718141
0.076339
0.0788949
0.0795694
-0.264064
-0.163249
-0.0722702
-0.0174157
0.0182682
0.0394065
0.0523634
0.059329
0.0638523
0.0673941
-0.307372
-0.204586
-0.107435
-0.0477272
-0.00769306
0.016998
0.0329885
0.0423965
0.0487472
0.0546215
-0.347648
-0.244477
-0.141492
-0.0773835
-0.0332031
-0.00515149
0.0137523
0.0255731
0.0336889
0.0415966
-0.38495
-0.282262
-0.174335
-0.106243
-0.0581552
-0.0269555
-0.00527864
0.00889217
0.0187297
0.0284928
-0.419152
-0.317567
-0.205929
-0.13416
-0.0824544
-0.0483335
-0.0240381
-0.00760455
0.00390015
0.01538
-0.450076
-0.35021
-0.236253
-0.160984
-0.10602
-0.0692106
-0.042464
-0.023871
-0.0107684
0.00230214
-0.477613
-0.38038
-0.264997
-0.186573
-0.128783
-0.0895171
-0.0605009
-0.0398626
-0.0252399
-0.0106956
-0.501728
-0.408036
-0.292065
-0.210801
-0.150685
-0.109188
-0.0781004
-0.0555391
-0.0394763
-0.0235676
-0.52245
-0.433028
-0.317183
-0.233825
-0.17168
-0.128163
-0.095221
-0.0708664
-0.0534424
-0.0362739
-0.53986
-0.455239
-0.340277
-0.255656
-0.191746
-0.146387
-0.111826
-0.0858179
-0.0671045
-0.0487842
-0.554094
-0.474619
-0.361376
-0.276139
-0.210953
-0.163805
-0.127884
-0.100375
-0.0804289
-0.0610781
-0.565333
-0.491153
-0.380508
-0.295189
-0.229123
-0.180554
-0.143362
-0.11453
-0.0933769
-0.0731469
-0.573794
-0.504841
-0.397684
-0.312792
-0.246179
-0.196574
-0.158318
-0.128287
-0.10591
-0.084993
-0.579709
-0.515702
-0.412914
-0.328961
-0.262127
-0.211802
-0.172695
-0.141684
-0.118024
-0.096627
-0.58332
-0.523765
-0.42622
-0.343704
-0.276996
-0.226222
-0.186458
-0.154646
-0.129835
-0.10799
-0.584854
-0.529078
-0.437638
-0.357024
-0.290805
-0.239853
-0.199614
-0.16714
-0.141384
-0.11896
-0.584514
-0.531712
-0.447221
-0.368918
-0.303573
-0.252719
-0.212189
-0.179178
-0.152639
-0.129559
-0.58247
-0.531777
-0.455014
-0.379404
-0.315325
-0.264848
-0.224212
-0.190788
-0.16357
-0.139883
-0.578854
-0.529444
-0.461064
-0.388518
-0.326096
-0.276273
-0.235714
-0.202
-0.174185
-0.150009
-0.57377
-0.524971
-0.465443
-0.396303
-0.335927
-0.287032
-0.246727
-0.21285
-0.18451
-0.159947
-0.567303
-0.5187
-0.468261
-0.402799
-0.344865
-0.29717
-0.257293
-0.223376
-0.19458
-0.169691
-0.559546
-0.511066
-0.469603
-0.408042
-0.352961
-0.306737
-0.267455
-0.233622
-0.204431
-0.179245
-0.550609
-0.502655
-0.469415
-0.412074
-0.360274
-0.315783
-0.277267
-0.243636
-0.214108
-0.188632
-0.540637
-0.494034
-0.467628
-0.414965
-0.366858
-0.324361
-0.286785
-0.253477
-0.223656
-0.197888
-0.529818
-0.485638
-0.46425
-0.416815
-0.372764
-0.332521
-0.296071
-0.263212
-0.233129
-0.207057
-0.518397
-0.477719
-0.459414
-0.417741
-0.378032
-0.340312
-0.305195
-0.272914
-0.242584
-0.216188
-0.506676
-0.470351
-0.453408
-0.417864
-0.382693
-0.347785
-0.314227
-0.282663
-0.25209
-0.225335
-0.49497
-0.463466
-0.446679
-0.417285
-0.386765
-0.354991
-0.323245
-0.292544
-0.261725
-0.234559
-0.483718
-0.456922
-0.439783
-0.41608
-0.390264
-0.361984
-0.332326
-0.302649
-0.271579
-0.243929
-0.473203
-0.450577
-0.433262
-0.414299
-0.393212
-0.368808
-0.341551
-0.313081
-0.28175
-0.25352
-0.463641
-0.444355
-0.427481
-0.411999
-0.395647
-0.375501
-0.350991
-0.323947
-0.292353
-0.263405
-0.45514
-0.438295
-0.422551
-0.409294
-0.397619
-0.382081
-0.360711
-0.335359
-0.303511
-0.273684
-0.447726
-0.43255
-0.418354
-0.406452
-0.399196
-0.388551
-0.370763
-0.347429
-0.315388
-0.284396
-0.441376
-0.427317
-0.414691
-0.403871
-0.400476
-0.394903
-0.38119
-0.360248
-0.32815
-0.295689
-0.436052
-0.422795
-0.411438
-0.401932
-0.401627
-0.401124
-0.392012
-0.373899
-0.342055
-0.307446
-0.431696
-0.419089
-0.408654
-0.400828
-0.402945
-0.40722
-0.40325
-0.38836
-0.35744
-0.320009
-0.428227
-0.41621
-0.406539
-0.400569
-0.404824
-0.413251
-0.41489
-0.403622
-0.374661
-0.33281
-0.425531
-0.414092
-0.405294
-0.40115
-0.407597
-0.4194
-0.426908
-0.419359
-0.394901
-0.34735
-0.423451
-0.412616
-0.405001
-0.402662
-0.411399
-0.425999
-0.439219
-0.435344
-0.417002
-0.365372
-0.421783
-0.41164
-0.405591
-0.405227
-0.416227
-0.433399
-0.451683
-0.451479
-0.439484
-0.385233
-0.420302
-0.411005
-0.4069
-0.408854
-0.422075
-0.441753
-0.464242
-0.467704
-0.461888
-0.405569
-0.418781
-0.410546
-0.408712
-0.413381
-0.428932
-0.450987
-0.476965
-0.483948
-0.484109
-0.426038
-0.417008
-0.410095
-0.410778
-0.418503
-0.436686
-0.460922
-0.489893
-0.500161
-0.505929
-0.446488
-0.414797
-0.409488
-0.412816
-0.42382
-0.444886
-0.471317
-0.502906
-0.516241
-0.52701
-0.466435
-0.411995
-0.408562
-0.414534
-0.428885
-0.45302
-0.481938
-0.515731
-0.531879
-0.547004
-0.485018
-0.408487
-0.407165
-0.41564
-0.433242
-0.460443
-0.49189
-0.527933
-0.5465
-0.565471
-0.501212
-0.404208
-0.405165
-0.415879
-0.436479
-0.466562
-0.500578
-0.53895
-0.559349
-0.581617
-0.514028
-0.399148
-0.402476
-0.415068
-0.438283
-0.470899
-0.507266
-0.547896
-0.569551
-0.594159
-0.522533
-0.393365
-0.399076
-0.413139
-0.438492
-0.473135
-0.511381
-0.554
-0.576201
-0.601528
-0.525753
-0.386993
-0.395023
-0.410161
-0.437162
-0.47313
-0.512696
-0.556619
-0.578188
-0.602422
-0.522868
-0.380254
-0.390462
-0.406295
-0.43443
-0.47108
-0.511428
-0.555186
-0.575272
-0.596377
-0.513662
-0.373441
-0.385628
-0.40183
-0.430627
-0.467378
-0.507837
-0.550041
-0.568424
-0.583333
-0.498885
-0.366911
-0.380824
-0.397148
-0.426221
-0.462619
-0.502569
-0.542166
-0.558195
-0.565209
-0.480075
-0.36105
-0.376397
-0.392681
-0.421757
-0.457526
-0.496537
-0.533018
-0.546413
-0.545604
-0.459759
-0.356242
-0.372696
-0.388862
-0.417796
-0.452859
-0.49077
-0.524251
-0.535086
-0.527043
-0.44136
-0.352825
-0.370032
-0.386074
-0.414837
-0.449305
-0.486259
-0.517413
-0.526184
-0.512631
-0.427523
-0.351049
-0.368637
-0.384603
-0.413257
-0.447386
-0.483788
-0.513679
-0.521289
-0.504778
-0.420087
-0.307008
-0.149257
-0.0386023
0.034019
0.0623053
0.0705693
0.065764
0.0563025
0.0457632
0.0358212
0.0272489
0.0202969
0.0148954
0.0108116
0.00777226
0.00553283
0.003899
0.00271257
0.00186324
0.00126049
0.000839019
0.000548915
0.000352501
0.000222027
0.000136907
8.25093e-05
4.8216e-05
2.69766e-05
1.33159e-05
4.15218e-06
-0.313379
-0.154327
-0.0420753
0.0316599
0.060724
0.0694483
0.0650108
0.0558017
0.0454463
0.0356304
0.0271387
0.0202348
0.0148604
0.0107915
0.00776033
0.00552545
0.00389412
0.00270938
0.00186115
0.00125908
0.000838076
0.000548284
0.000352084
0.000221755
0.000136732
8.23993e-05
4.81491e-05
2.6938e-05
1.32965e-05
4.14608e-06
-0.325512
-0.163877
-0.0488984
0.0269941
0.0575781
0.0672224
0.0635196
0.0548135
0.0448201
0.0352529
0.0269202
0.0201112
0.0147907
0.0107514
0.00773649
0.0055107
0.00388437
0.00270303
0.00185695
0.00125627
0.00083619
0.000547024
0.000351249
0.000221211
0.000136383
8.21797e-05
4.80154e-05
2.68604e-05
1.32573e-05
4.13341e-06
-0.342215
-0.177001
-0.0586774
0.0201089
0.0529215
0.0639282
0.0613149
0.0533595
0.0439004
0.0346965
0.0265969
0.0199277
0.0146868
0.0106914
0.0077008
0.0054886
0.0038698
0.00269353
0.00185066
0.00125205
0.000833361
0.000545133
0.000349998
0.000220395
0.000135859
8.18505e-05
4.78148e-05
2.6744e-05
1.31986e-05
4.11444e-06
-0.361902
-0.192562
-0.0708601
0.0111768
0.0468387
0.0596308
0.0584301
0.0514758
0.0427073
0.0339717
0.0261734
0.0196861
0.0145494
0.0106119
0.00765335
0.00545919
0.00385046
0.00268091
0.00184226
0.00124642
0.000829589
0.000542613
0.000348329
0.000219307
0.000135161
8.14118e-05
4.75476e-05
2.65889e-05
1.31202e-05
4.08921e-06
-0.381812
-0.210068
-0.0848257
0.000546044
0.0393955
0.0544177
0.0549308
0.0491989
0.0412638
0.033091
0.0256558
0.0193889
0.0143794
0.0105132
0.00759424
0.0054225
0.00382639
0.00266521
0.00183176
0.00123939
0.000824876
0.000539464
0.000346245
0.000217948
0.000134289
8.08639e-05
4.72139e-05
2.63953e-05
1.30224e-05
4.05774e-06
-0.400078
-0.228032
-0.0999372
-0.0114716
0.0308315
0.0483875
0.0508811
0.0465696
0.0395952
0.0320682
0.0250505
0.0190389
0.014178
0.0103956
0.00752359
0.00537857
0.00379766
0.00264646
0.00181914
0.00123095
0.00081922
0.000535685
0.000343744
0.000216318
0.000133243
8.02071e-05
4.6814e-05
2.61633e-05
1.29052e-05
4.02008e-06
-0.414281
-0.245548
-0.11554
-0.0244715
0.0213643
0.0416626
0.046355
0.0436308
0.0377271
0.030917
0.0243643
0.018639
0.0139463
0.0102595
0.00744154
0.00532745
0.00376428
0.00262502
0.00180441
0.0012211
0.000812624
0.000531278
0.000340828
0.000214419
0.000132024
7.94419e-05
4.63481e-05
2.5893e-05
1.27686e-05
3.97628e-06
-0.423332
-0.261548
-0.131065
-0.0380544
0.0112231
0.0343825
0.0414267
0.0404243
0.0356843
0.0296511
0.0236038
0.0181921
0.0136854
0.0101054
0.0073482
0.00526917
0.0037264
0.00259938
0.00178749
0.00120983
0.000805086
0.000526243
0.000337498
0.000212249
0.000130633
7.85686e-05
4.58165e-05
2.55848e-05
1.26128e-05
3.92639e-06
-0.426961
-0.275219
-0.14603
-0.0518478
0.000636658
0.0266875
0.0361763
0.0369862
0.0334891
0.0282825
0.0227752
0.0177011
0.0133964
0.00993366
0.00724372
0.00520377
0.00368392
0.00257413
0.00176856
0.00119716
0.000796607
0.00052058
0.000333754
0.000209811
0.00012907
7.75878e-05
4.52197e-05
2.52387e-05
1.24378e-05
3.87048e-06
-0.425582
-0.286018
-0.160059
-0.0655343
-0.0101863
0.0187093
0.0306988
0.0333484
0.0311605
0.0268218
0.0218836
0.0171682
0.0130803
0.00974458
0.0071282
0.0051313
0.003637
0.00254335
0.00174721
0.00118306
0.000787185
0.00051429
0.000329596
0.000207104
0.000127336
7.65e-05
4.45581e-05
2.48552e-05
1.22438e-05
3.80862e-06
-0.420293
-0.293444
-0.172834
-0.07886
-0.0210662
0.0105587
0.0250224
0.0295434
0.0287141
0.0252777
0.0209334
0.0165954
0.0127379
0.00953848
0.00700174
0.00505175
0.00358604
0.00250881
0.00172371
0.00116753
0.000776821
0.000507374
0.000325026
0.000204131
0.000125432
7.53059e-05
4.3832e-05
2.44344e-05
1.20309e-05
3.7409e-06
-0.411807
-0.297878
-0.184077
-0.0916245
-0.0318564
0.00232615
0.019195
0.0256005
0.0261619
0.0236568
0.0199282
0.0159844
0.0123699
0.00931559
0.00686443
0.00496515
0.00353005
0.00246749
0.00169828
0.00115054
0.000765507
0.00049983
0.000320045
0.00020089
0.000123358
7.40062e-05
4.30421e-05
2.39768e-05
1.17992e-05
3.66741e-06
-0.401191
-0.29971
-0.193625
-0.103678
-0.0424445
-0.00591403
0.0132733
0.0215423
0.0235113
0.0219643
0.0188704
0.0153364
0.0119767
0.00907611
0.00671633
0.00487152
0.00346948
0.00242946
0.00167087
0.00113216
0.000753253
0.00049166
0.000314651
0.000197384
0.000121114
7.26014e-05
4.21888e-05
2.34827e-05
1.1549e-05
3.58825e-06
-0.389447
-0.299453
-0.201444
-0.114883
-0.0527434
-0.0141039
0.00729893
0.0174182
0.0207651
0.0202035
0.0177624
0.0146523
0.0115587
0.00882014
0.00655745
0.00477087
0.0034044
0.00238563
0.00164449
0.00111214
0.000740008
0.000482854
0.000308843
0.000193612
0.000118703
7.10922e-05
4.12725e-05
2.29524e-05
1.12804e-05
3.50352e-06
-0.377441
-0.297478
-0.207864
-0.125163
-0.0626892
-0.0221978
0.00129816
0.0132195
0.0179292
0.0183735
0.0166045
0.013933
0.0111165
0.00854803
0.00638798
0.00466329
0.00333472
0.00234001
0.00161361
0.00109052
0.000725715
0.000473409
0.000302621
0.000189573
0.000116123
6.94794e-05
4.02942e-05
2.23864e-05
1.09936e-05
3.41335e-06
-0.365884
-0.294359
-0.212893
-0.134463
-0.0722205
-0.0301737
-0.00472644
0.00894036
0.0150249
0.0164828
0.015396
0.0131766
0.0106489
0.00825918
0.00620769
0.00454876
0.00326055
0.00229112
0.0015795
0.00106904
0.000710965
0.000463369
0.00029601
0.000185273
0.000113378
6.77653e-05
3.92556e-05
2.1786e-05
1.06891e-05
3.31793e-06
-0.355387
-0.290522
-0.216957
-0.142939
-0.0813947
-0.0380179
-0.0107173
0.00464098
0.0120535
0.0145509
0.0141586
0.0123931
0.0101592
0.00795395
0.00601597
0.00442648
0.00318113
0.00223863
0.00154506
0.00104678
0.000692774
0.000452335
0.000288917
0.000180688
0.000110462
6.59494e-05
3.81572e-05
2.11516e-05
1.03674e-05
3.21752e-06
-0.345852
-0.286546
-0.219521
-0.150012
-0.0896393
-0.045407
-0.0166082
0.000252995
0.00892647
0.0124345
0.0128437
0.0115812
0.00965919
0.00764535
0.0058234
0.00430409
0.00310174
0.0021862
0.00150958
0.00102195
0.000680184
0.000441118
0.000280809
0.000175707
0.000107331
6.40027e-05
3.69819e-05
2.04753e-05
1.00257e-05
3.11174e-06
-0.338282
-0.282695
-0.222992
-0.158357
-0.0994496
-0.0542338
-0.0234435
-0.00458983
0.00568265
0.0102415
0.0113354
0.0105994
0.0090328
0.00724926
0.00557296
0.00414465
0.00299918
0.00211945
0.00146572
0.000993184
0.000659016
0.000429808
0.000274274
0.000170658
0.00010398
6.18867e-05
3.57044e-05
1.97444e-05
9.65827e-06
2.99917e-06
-0.329135
-0.275627
-0.21812
-0.157016
-0.10041
-0.0563346
-0.0259127
-0.00691664
0.00373887
0.00882168
0.0103927
0.00998646
0.00863818
0.00699367
0.00540466
0.00403152
0.00292173
0.00206576
0.0014283
0.00096705
0.000641386
0.000417068
0.000265666
0.000165482
0.0001008
5.99326e-05
3.45247e-05
1.90605e-05
9.30782e-06
2.8905e-06
-0.309609
-0.260882
-0.208706
-0.152866
-0.100045
-0.0580493
-0.0284319
-0.00947006
0.001525
0.00704786
0.0090428
0.008998
0.0079372
0.00650784
0.00507327
0.00380791
0.00277211
0.00196639
0.00136279
0.00092426
0.000613826
0.000399392
0.00025453
0.000158643
9.66621e-05
5.74843e-05
3.3119e-05
1.82867e-05
8.93058e-06
2.77557e-06
-0.292693
-0.247981
-0.200099
-0.148902
-0.0995886
-0.0596096
-0.0308474
-0.011989
-0.000719872
0.00520702
0.00761861
0.00794317
0.00718105
0.00597834
0.00470862
0.00355979
0.0026049
0.00185469
0.00128885
0.000875838
0.000582493
0.000379436
0.000242008
0.000150911
9.19857e-05
5.47239e-05
3.15398e-05
1.74222e-05
8.51141e-06
2.64813e-06
-0.276274
-0.235524
-0.19166
-0.144839
-0.0989548
-0.0609952
-0.033133
-0.0144391
-0.00294431
0.00336292
0.00618213
0.00687272
0.00640906
0.00543459
0.00433207
0.00330223
0.00243051
0.00173769
0.00121111
0.000824738
0.000549335
0.000358226
0.000228657
0.000142667
8.6997e-05
5.17748e-05
2.98492e-05
1.64948e-05
8.06068e-06
2.51098e-06
-0.260222
-0.223426
-0.183337
-0.140636
-0.0981091
-0.0621866
-0.035281
-0.0168181
-0.00514753
0.00151063
0.00472251
0.00577398
0.00560964
0.00486725
0.0039367
0.0030304
0.0022457
0.00161331
0.00112826
0.000770176
0.000513886
0.000335509
0.000214344
0.000133828
8.16461e-05
4.86096e-05
2.80334e-05
1.5498e-05
7.57585e-06
2.36333e-06
-0.244699
-0.211743
-0.175178
-0.136324
-0.0970591
-0.06318
-0.0372826
-0.019116
-0.00732301
-0.000348401
0.00323762
0.00464324
0.00477873
0.00427258
0.00351936
0.00274185
0.00204865
0.00148024
0.00103942
0.000711569
0.000475763
0.000311064
0.000198935
0.000124307
7.58808e-05
4.51987e-05
2.60763e-05
1.44236e-05
7.05335e-06
2.20419e-06
-0.229767
-0.200475
-0.167202
-0.131922
-0.0958104
-0.0639719
-0.0391281
-0.0213204
-0.00946007
-0.00220628
0.00173282
0.00348377
0.00391802
0.0036512
0.0030801
0.00243635
0.00183906
0.0013382
0.000944331
0.000648729
0.000434828
0.000284796
0.000182368
0.000114064
6.96764e-05
4.15272e-05
2.39695e-05
1.32671e-05
6.49089e-06
2.03289e-06
-0.215419
-0.18961
-0.159418
-0.127452
-0.0943686
-0.0645599
-0.0408094
-0.0234198
-0.0115478
-0.00405435
0.000214269
0.00229946
0.00302966
0.00300414
0.00261927
0.00211391
0.00161678
0.00118701
0.000842835
0.000581517
0.000390979
0.000256632
0.000164591
0.000103067
6.30131e-05
3.75832e-05
2.17057e-05
1.20243e-05
5.88649e-06
1.84891e-06
-0.20167
-0.179143
-0.151837
-0.122935
-0.0927422
-0.0649433
-0.04232
-0.0254039
-0.0135758
-0.00588409
-0.00131199
0.0010941
0.00211573
0.00233233
0.00213714
0.00177445
0.00138161
0.00102644
0.000734731
0.00050978
0.000344105
0.000226495
0.000145555
9.12843e-05
5.58705e-05
3.33542e-05
1.92779e-05
1.06914e-05
5.23822e-06
1.6517e-06
-0.188538
-0.169069
-0.144466
-0.118394
-0.0909417
-0.0651234
-0.043655
-0.0272631
-0.0155337
-0.00768681
-0.00283955
-0.000128093
0.0011787
0.00163701
0.00163419
0.00141805
0.00113344
0.00085631
0.000619856
0.000433381
0.000294103
0.000194312
0.000125212
7.86839e-05
4.82295e-05
2.88288e-05
1.66793e-05
9.2646e-06
4.54427e-06
1.44081e-06
-0.176033
-0.159384
-0.137314
-0.113851
-0.0889801
-0.0651034
-0.0448112
-0.0289894
-0.0174115
-0.00945359
-0.00436151
-0.00136235
0.000221547
0.000919862
0.00111123
0.00104501
0.0008723
0.000676563
0.000498105
0.000352223
0.000240896
0.000160026
0.000103522
6.52405e-05
4.00738e-05
2.39972e-05
1.39041e-05
7.74078e-06
3.80312e-06
1.21583e-06
-0.164158
-0.150086
-0.130385
-0.109327
-0.0868729
-0.0648884
-0.0457868
-0.0305759
-0.0191998
-0.0111754
-0.00587053
-0.00260334
-0.000752206
0.000182986
0.00056941
0.000655885
0.000598414
0.000487238
0.000369451
0.000266258
0.000184437
0.000123601
8.04585e-05
5.09358e-05
3.13916e-05
1.88519e-05
1.0948e-05
6.11754e-06
3.01358e-06
9.76535e-07
-0.152917
-0.141172
-0.123685
-0.104843
-0.0846381
-0.0644861
-0.0465817
-0.0320174
-0.0208898
-0.0128431
-0.00735894
-0.00384522
-0.00173852
-0.000571035
1.02476e-05
0.000251493
0.000312187
0.000288512
0.000233955
0.000175495
0.000124715
8.50209e-05
5.60084e-05
3.57601e-05
2.21764e-05
1.33889e-05
7.80843e-06
4.39346e-06
2.175e-06
7.22807e-07
-0.142307
-0.132641
-0.117219
-0.100418
-0.082296
-0.0639062
-0.0471975
-0.0333104
-0.0224738
-0.014448
-0.0088188
-0.00508169
-0.00273281
-0.00133913
-0.000564326
-0.00016702
1.42571e-05
8.07252e-05
9.17876e-05
8.00139e-05
6.17689e-05
4.43012e-05
3.01777e-05
1.97153e-05
1.24284e-05
7.60809e-06
4.48527e-06
2.56844e-06
1.28732e-06
4.54748e-07
-0.132324
-0.124498
-0.110995
-0.0960715
-0.0798693
-0.063161
-0.0476382
-0.0344529
-0.0239452
-0.0159816
-0.010242
-0.00630602
-0.00372998
-0.0021177
-0.00115194
-0.000598165
-0.000294476
-0.000135598
-5.67518e-05
-2.00165e-05
-4.30924e-06
1.49413e-06
2.99524e-06
2.81778e-06
2.15677e-06
1.51441e-06
9.81237e-07
6.43977e-07
3.51262e-07
1.72696e-07
-0.122962
-0.116745
-0.105019
-0.0918217
-0.077382
-0.0622656
-0.0479099
-0.0354448
-0.0252989
-0.0174359
-0.0116205
-0.00751111
-0.0047244
-0.00290264
-0.00174974
-0.00104006
-0.000612815
-0.000359715
-0.000211211
-0.000124324
-7.3356e-05
-4.33034e-05
-2.54813e-05
-1.48986e-05
-8.61873e-06
-4.8807e-06
-2.69726e-06
-1.37642e-06
-6.31437e-07
-1.22712e-07
-0.114215
-0.109391
-0.0993012
-0.0876869
-0.0748593
-0.0612378
-0.048021
-0.0362876
-0.0265311
-0.0188038
-0.0129462
-0.00868961
-0.00570998
-0.00368928
-0.00235438
-0.0014904
-0.000939228
-0.000590633
-0.000370958
-0.000232513
-0.000145125
-8.99404e-05
-5.516e-05
-3.33784e-05
-1.98652e-05
-1.1558e-05
-6.53933e-06
-3.48677e-06
-1.65785e-06
-4.30483e-07
-0.106075
-0.102443
-0.0938513
-0.0836854
-0.0723273
-0.0600981
-0.0479824
-0.0369845
-0.02764
-0.0200793
-0.0142114
-0.009834
-0.00668022
-0.00447242
-0.00296198
-0.00194642
-0.00127181
-0.000827076
-0.000535157
-0.000344043
-0.000219275
-0.000138201
-8.59076e-05
-5.25402e-05
-3.15339e-05
-1.8489e-05
-1.05287e-05
-5.67811e-06
-2.72361e-06
-7.49198e-07
-0.0985346
-0.0959103
-0.0886807
-0.0798353
-0.0698119
-0.0588694
-0.0478077
-0.0375407
-0.0286252
-0.0212575
-0.0154089
-0.0109367
-0.00762821
-0.00524635
-0.00356809
-0.00240484
-0.00160824
-0.00106745
-0.000702735
-0.00045821
-0.000295347
-0.000187796
-0.000117542
-7.22722e-05
-4.35575e-05
-2.56339e-05
-1.46425e-05
-7.93793e-06
-3.8226e-06
-1.07693e-06
-0.0915864
-0.0898026
-0.083802
-0.0761556
-0.0673395
-0.0575765
-0.0475128
-0.0379635
-0.0294883
-0.0223349
-0.016532
-0.01199
-0.0085467
-0.00600481
-0.00416771
-0.00286187
-0.00194575
-0.0013098
-0.000872357
-0.000574116
-0.000372754
-0.000238346
-0.000149825
-9.24268e-05
-5.58466e-05
-3.29398e-05
-1.88505e-05
-1.02495e-05
-4.94666e-06
-1.41119e-06
-0.0852237
-0.0841307
-0.0792288
-0.0726658
-0.0649365
-0.0562458
-0.0471163
-0.0382629
-0.0302323
-0.0233092
-0.0175747
-0.0129864
-0.00942815
-0.00674104
-0.00475523
-0.00331314
-0.00228108
-0.00155179
-0.00104239
-0.000690653
-0.000450759
-0.000289373
-0.000182453
-0.000112815
-6.82864e-05
-4.03387e-05
-2.31135e-05
-1.25915e-05
-6.08531e-06
-1.74878e-06
-0.0794408
-0.0789063
-0.0749765
-0.0693863
-0.0626296
-0.0549051
-0.046639
-0.0384508
-0.0308615
-0.0241798
-0.018532
-0.0139187
-0.0102647
-0.00744776
-0.00532444
-0.00375365
-0.00261045
-0.00179064
-0.00121086
-0.00080647
-0.000528459
-0.000340286
-0.000215049
-0.000133202
-8.07333e-05
-4.77451e-05
-2.73823e-05
-1.49366e-05
-7.22533e-06
-2.08577e-06
-0.0742339
-0.0741427
-0.0710625
-0.066339
-0.0604461
-0.0535831
-0.0461043
-0.0385416
-0.0313821
-0.0249471
-0.0193995
-0.0147795
-0.0110483
-0.00811719
-0.00586847
-0.00417781
-0.00292948
-0.00202311
-0.00137546
-0.000919953
-0.000604763
-0.000390368
-0.000247151
-0.000153298
-9.3011e-05
-5.50543e-05
-3.15965e-05
-1.72517e-05
-8.35049e-06
-2.41736e-06
-0.0696026
-0.0698557
-0.0675065
-0.0635475
-0.0584141
-0.0523098
-0.0455372
-0.0385519
-0.0318021
-0.0256124
-0.0201738
-0.0155619
-0.0117706
-0.00874097
-0.00637982
-0.00457931
-0.00323323
-0.00224547
-0.00153347
-0.0010292
-0.000678379
-0.000438764
-0.00027821
-0.000172758
-0.000104907
-6.21395e-05
-3.56829e-05
-1.94966e-05
-9.44125e-06
-2.73782e-06
-0.0655498
-0.0660638
-0.0643318
-0.0610376
-0.0565629
-0.0511158
-0.0449643
-0.0384999
-0.0321309
-0.026178
-0.0208518
-0.0162591
-0.0124228
-0.00931016
-0.00685026
-0.00495116
-0.00351609
-0.00245344
-0.00168176
-0.00113201
-0.000747796
-0.00048447
-0.000307576
-0.000191172
-0.000116172
-6.88512e-05
-3.9555e-05
-2.16237e-05
-1.04744e-05
-3.04041e-06
-0.0620849
-0.0627903
-0.0615662
-0.0588384
-0.0549235
-0.0500329
-0.0444135
-0.0384057
-0.0323793
-0.0266464
-0.0214306
-0.016864
-0.0129957
-0.0098151
-0.00727077
-0.00528558
-0.00377176
-0.00264219
-0.00181678
-0.00122584
-0.000811277
-0.000526327
-0.000334497
-0.000208067
-0.000126512
-7.50148e-05
-4.3112e-05
-2.35776e-05
-1.1423e-05
-3.31735e-06
-0.059227
-0.0600658
-0.0592445
-0.0569835
-0.0535293
-0.049094
-0.0439136
-0.0382903
-0.032559
-0.0270208
-0.0219071
-0.0173694
-0.0134795
-0.0102453
-0.0076315
-0.00557402
-0.00399328
-0.00280631
-0.00193451
-0.00130785
-0.000866849
-0.000563017
-0.000358117
-0.0002229
-0.000135596
-8.04312e-05
-4.62386e-05
-2.52949e-05
-1.22563e-05
-3.55979e-06
-0.056992
-0.0579243
-0.057407
-0.0555112
-0.0524165
-0.0483332
-0.0434941
-0.0381746
-0.0326812
-0.0273035
-0.0222768
-0.0177667
-0.0138633
-0.0105892
-0.00792156
-0.00580702
-0.0041729
-0.00293981
-0.00203051
-0.00137484
-0.000912312
-0.000593066
-0.000377478
-0.000235066
-0.000143049
-8.48766e-05
-4.88051e-05
-2.67043e-05
-1.29397e-05
-3.75789e-06
-0.0554515
-0.0564272
-0.0561113
-0.0544705
-0.0516266
-0.0477873
-0.0431856
-0.0380802
-0.0327568
-0.0274957
-0.0225338
-0.0180457
-0.0141347
-0.0108338
-0.00812889
-0.00597415
-0.00430213
-0.0030361
-0.00209989
-0.00142333
-0.000945257
-0.00061486
-0.000391529
-0.0002439
-0.000148463
-8.81066e-05
-5.06703e-05
-2.77284e-05
-1.34356e-05
-3.90092e-06
-0.0546044
-0.0556224
-0.0554178
-0.0539145
-0.0512045
-0.0474935
-0.0430168
-0.0380252
-0.0327933
-0.0275956
-0.0226694
-0.0181937
-0.0142791
-0.0109646
-0.00824005
-0.00606395
-0.00437169
-0.00308801
-0.00213733
-0.00144951
-0.000963058
-0.00062664
-0.000399126
-0.000248676
-0.00015139
-8.98525e-05
-5.16784e-05
-2.82814e-05
-1.37025e-05
-3.97653e-06
-0.127442
-0.136768
-0.145949
-0.154984
-0.163872
-0.172627
-0.181275
-0.189844
-0.198368
-0.206878
-0.215421
-0.224026
-0.23276
-0.241629
-0.250727
-0.260023
-0.269568
-0.279483
-0.289323
-0.301364
-0.122343
-0.131224
-0.139948
-0.148526
-0.156964
-0.165272
-0.17347
-0.181577
-0.18962
-0.19762
-0.205611
-0.213611
-0.221667
-0.229785
-0.238012
-0.246393
-0.25482
-0.26377
-0.27247
-0.283331
-0.117326
-0.125738
-0.133992
-0.142108
-0.150089
-0.157944
-0.165685
-0.173329
-0.180894
-0.188395
-0.195858
-0.203297
-0.21074
-0.218216
-0.225715
-0.233388
-0.241009
-0.249215
-0.257299
-0.267121
-0.112365
-0.120332
-0.128152
-0.135845
-0.143412
-0.150859
-0.158197
-0.165438
-0.172597
-0.179688
-0.186728
-0.193739
-0.200729
-0.207759
-0.214772
-0.221977
-0.229111
-0.236723
-0.244341
-0.253071
-0.107486
-0.115022
-0.122422
-0.129702
-0.136865
-0.143914
-0.150858
-0.157707
-0.164473
-0.171171
-0.17781
-0.184419
-0.190989
-0.197597
-0.204161
-0.210879
-0.217515
-0.22442
-0.231398
-0.2391
-0.102696
-0.109811
-0.116798
-0.123671
-0.130432
-0.137085
-0.143634
-0.150089
-0.156457
-0.162754
-0.168981
-0.175168
-0.181297
-0.187439
-0.193515
-0.199669
-0.205757
-0.211954
-0.218341
-0.225303
-0.0979978
-0.104702
-0.111285
-0.117761
-0.124129
-0.130392
-0.136553
-0.14262
-0.148597
-0.154496
-0.160315
-0.166082
-0.171775
-0.177451
-0.183058
-0.18868
-0.194278
-0.199899
-0.205781
-0.212114
-0.0933947
-0.0997008
-0.105893
-0.111982
-0.117969
-0.123854
-0.129638
-0.135327
-0.140923
-0.146437
-0.151866
-0.15723
-0.162516
-0.167759
-0.172942
-0.178097
-0.183254
-0.188369
-0.193732
-0.199443
-0.0888931
-0.0948154
-0.10063
-0.106346
-0.111963
-0.117481
-0.122899
-0.128223
-0.133452
-0.138596
-0.143651
-0.148632
-0.153534
-0.158374
-0.163158
-0.167877
-0.172598
-0.177227
-0.182077
-0.187224
-0.0844982
-0.0900527
-0.0955039
-0.10086
-0.106121
-0.111285
-0.11635
-0.121321
-0.126198
-0.130985
-0.135682
-0.140297
-0.144832
-0.149288
-0.153684
-0.157993
-0.162292
-0.166481
-0.170867
-0.175515
-0.0802137
-0.0854185
-0.0905224
-0.0955339
-0.100452
-0.105276
-0.110003
-0.114636
-0.119174
-0.12362
-0.127975
-0.132241
-0.136424
-0.140519
-0.144548
-0.148478
-0.152389
-0.156185
-0.160147
-0.16434
-0.0760491
-0.0809211
-0.0856938
-0.0903756
-0.094967
-0.0994655
-0.103869
-0.108179
-0.112394
-0.116515
-0.120545
-0.124482
-0.128333
-0.13209
-0.135777
-0.139361
-0.142912
-0.146347
-0.149913
-0.153691
-0.0720154
-0.0765687
-0.0810258
-0.0853942
-0.0896745
-0.0938638
-0.0979601
-0.101962
-0.105871
-0.109685
-0.113407
-0.117034
-0.120574
-0.124016
-0.127383
-0.130645
-0.133861
-0.136964
-0.140165
-0.143567
-0.0681174
-0.0723675
-0.0765256
-0.0805975
-0.0845832
-0.0884799
-0.0922851
-0.0959973
-0.0996166
-0.103141
-0.106574
-0.10991
-0.113157
-0.116306
-0.119375
-0.122338
-0.125246
-0.128045
-0.130916
-0.133972
-0.0643597
-0.0683241
-0.0722006
-0.0759932
-0.0797015
-0.0833224
-0.0868536
-0.0902931
-0.0936405
-0.0968941
-0.100055
-0.103121
-0.106095
-0.108972
-0.111764
-0.114454
-0.117079
-0.1196
-0.122169
-0.124909
-0.0607497
-0.0644462
-0.0680584
-0.0715889
-0.0750369
-0.0783995
-0.081674
-0.0848583
-0.0879517
-0.0909524
-0.0938608
-0.0966745
-0.0993968
-0.102022
-0.104561
-0.106999
-0.109366
-0.111633
-0.113929
-0.116378
-0.0572939
-0.0607405
-0.0641059
-0.0673918
-0.070597
-0.0737187
-0.0767541
-0.079701
-0.0825583
-0.0853244
-0.087999
-0.0905801
-0.09307
-0.0954642
-0.0977706
-0.0999782
-0.102111
-0.104148
-0.106198
-0.108381
-0.0539999
-0.0572143
-0.0603504
-0.0634092
-0.0663891
-0.0692873
-0.0721011
-0.0748284
-0.0774676
-0.0800172
-0.0824767
-0.0848441
-0.087121
-0.089304
-0.0913989
-0.0933974
-0.0953185
-0.0971477
-0.0989757
-0.100918
-0.0508752
-0.0538749
-0.0567993
-0.0596482
-0.0624202
-0.0651124
-0.0677222
-0.0702474
-0.0726863
-0.0750374
-0.0773
-0.0794724
-0.0815554
-0.0835465
-0.0854499
-0.0872596
-0.0889905
-0.0906329
-0.0922629
-0.0939879
-0.0479281
-0.0507305
-0.0534602
-0.0561166
-0.0586978
-0.0612012
-0.0636243
-0.0659647
-0.0682209
-0.0703913
-0.0724749
-0.0744703
-0.076378
-0.0781959
-0.0799272
-0.0815675
-0.0831285
-0.0846042
-0.086058
-0.0875874
-0.0451675
-0.0477895
-0.0503415
-0.0528221
-0.0552296
-0.0575612
-0.0598145
-0.0619873
-0.064078
-0.0660848
-0.068007
-0.0698431
-0.0715934
-0.0732562
-0.0748339
-0.0763233
-0.0777336
-0.0790617
-0.0803596
-0.0817141
-0.0426028
-0.0450612
-0.0474521
-0.0497737
-0.0520239
-0.0542004
-0.0563007
-0.0583226
-0.0602645
-0.0621248
-0.0639025
-0.0655965
-0.0672066
-0.0687317
-0.0701735
-0.0715297
-0.0728077
-0.074006
-0.0751671
-0.0763663
-0.0402448
-0.042556
-0.044802
-0.0469808
-0.0490902
-0.0511279
-0.0530915
-0.0549789
-0.0567885
-0.0585187
-0.0601685
-0.0617368
-0.0632235
-0.0646277
-0.0659504
-0.0671904
-0.0683531
-0.0694387
-0.0704809
-0.0715432
-0.0381058
-0.0402859
-0.0424032
-0.0444552
-0.0464398
-0.0483547
-0.0501977
-0.0519666
-0.0536598
-0.0552759
-0.0568139
-0.0582727
-0.0596521
-0.0609514
-0.0621714
-0.0633112
-0.0643751
-0.0653639
-0.0663041
-0.0672473
-0.0361991
-0.038264
-0.0402683
-0.0422094
-0.044085
-0.0458929
-0.0476309
-0.049297
-0.0508896
-0.0524074
-0.0538492
-0.0552141
-0.0565019
-0.0577119
-0.0588447
-0.0598998
-0.0608805
-0.061788
-0.0626421
-0.063483
-0.034543
-0.0365089
-0.0384162
-0.0402621
-0.0420443
-0.0437608
-0.0454094
-0.0469881
-0.0484956
-0.0499302
-0.0512911
-0.0525774
-0.0537886
-0.0549244
-0.0559851
-0.0569705
-0.0578828
-0.0587235
-0.0595067
-0.0602619
-0.0331529
-0.0350355
-0.0368613
-0.0386276
-0.0403323
-0.0419731
-0.0435479
-0.0450551
-0.0464929
-0.04786
-0.0491555
-0.0503785
-0.0515286
-0.0526054
-0.053609
-0.0545394
-0.0553982
-0.0561868
-0.0569144
-0.0576009
-0.0320641
-0.0338802
-0.0356412
-0.0373441
-0.0389866
-0.0405668
-0.0420829
-0.0435331
-0.044916
-0.0462302
-0.0474747
-0.0486488
-0.049752
-0.0507839
-0.0517445
-0.0526338
-0.0534529
-0.0542026
-0.0548883
-0.0555215
-0.0312842
-0.0330509
-0.034764
-0.0364211
-0.0380199
-0.0395583
-0.0410341
-0.0424458
-0.0437917
-0.0450707
-0.0462817
-0.047424
-0.048497
-0.0495002
-0.0504338
-0.0512977
-0.0520925
-0.052819
-0.05348
-0.0540807
-0.0308911
-0.0326238
-0.0343039
-0.0359283
-0.0374951
-0.0390029
-0.0404502
-0.0418355
-0.0431572
-0.0444141
-0.0456051
-0.0467295
-0.0477866
-0.0487759
-0.0496971
-0.0505502
-0.0513353
-0.0520526
-0.0527032
-0.0532885
0.0933855
0.0821894
0.0710428
0.0599741
0.0484349
0.036682
0.0249135
0.0131528
0.00142874
-0.0102162
-0.021749
-0.0331469
-0.0443913
-0.0554646
-0.0663525
-0.077042
-0.0875346
-0.0979368
-0.10808
-0.117908
0.0891538
0.0775173
0.0659829
0.0552371
0.0441834
0.032925
0.0217099
0.0105479
-0.000565708
-0.0115958
-0.0225066
-0.0332832
-0.0439154
-0.0543928
-0.0647094
-0.0748587
-0.0848121
-0.0944317
-0.10395
-0.113263
0.0838542
0.0724716
0.0609854
0.0507265
0.0403222
0.029631
0.0189721
0.00839545
-0.00212562
-0.0125591
-0.0228717
-0.0330525
-0.0430949
-0.0529884
-0.0627212
-0.0722776
-0.0816383
-0.0908147
-0.0998697
-0.108714
0.078311
0.0675298
0.0562357
0.0463678
0.036571
0.0264428
0.0163172
0.00630806
-0.00362203
-0.0134628
-0.0231871
-0.0327848
-0.0422523
-0.0515818
-0.0607644
-0.0697889
-0.0786438
-0.0873002
-0.0958456
-0.104212
0.0727463
0.0626237
0.0516607
0.0421754
0.0329775
0.0234454
0.0138585
0.00439806
-0.00495748
-0.0142238
-0.0233836
-0.0324244
-0.0413424
-0.0501316
-0.0587838
-0.0672874
-0.075632
-0.0838062
-0.0918742
-0.0997777
0.0672737
0.0578118
0.0472987
0.0382025
0.0295625
0.0206248
0.0115739
0.00264053
-0.00616151
-0.0148703
-0.0234842
-0.0319887
-0.0403778
-0.0486469
-0.0567892
-0.0647949
-0.0726559
-0.0803628
-0.0879676
-0.0954211
0.0619567
0.0531299
0.0431447
0.0344551
0.0263341
0.017979
0.00946627
0.0010469
-0.00722432
-0.015396
-0.0234839
-0.0314743
-0.0393574
-0.0471286
-0.0547828
-0.0623114
-0.0697073
-0.0769642
-0.0841242
-0.0911434
0.056848
0.0486246
0.0392119
0.0309474
0.023311
0.0155142
0.00753485
-0.000382371
-0.0081471
-0.0158057
-0.0233888
-0.0308866
-0.0382862
-0.0455816
-0.0527689
-0.059841
-0.0667913
-0.0736152
-0.0803478
-0.0869479
0.0519853
0.0443302
0.0355081
0.0276814
0.0205011
0.0132326
0.00577588
-0.00164973
-0.00893063
-0.0161017
-0.0232023
-0.0302291
-0.0371673
-0.0440091
-0.050751
-0.0573871
-0.0639114
-0.0703203
-0.0766427
-0.0828393
0.0473922
0.0402708
0.0320402
0.0246581
0.0179107
0.0111387
0.004188
-0.00275845
-0.00957722
-0.0162869
-0.022929
-0.0295065
-0.0360053
-0.0424157
-0.0487335
-0.0549536
-0.0610697
-0.0670794
-0.0730102
-0.0788205
0.0430833
0.0364628
0.0288133
0.0218768
0.0155421
0.00923432
0.00276907
-0.00371395
-0.0100916
-0.0163655
-0.0225734
-0.028724
-0.0348052
-0.0408064
-0.0467225
-0.0525489
-0.0582795
-0.0639095
-0.0694529
-0.0748925
0.039067
0.0329161
0.0258298
0.0193345
0.0133958
0.00752221
0.00151642
-0.00452268
-0.0104799
-0.0163422
-0.0221405
-0.0278867
-0.033572
-0.0391855
-0.0447217
-0.0501773
-0.0555473
-0.0608235
-0.0659834
-0.0710663
0.0353477
0.0296363
0.0230899
0.0170274
0.0114695
0.00600161
0.000426246
-0.00519156
-0.010749
-0.0162229
-0.0216357
-0.0270003
-0.0323109
-0.0375572
-0.0427324
-0.0478317
-0.0528493
-0.057777
-0.0626057
-0.0673576
0.0319263
0.0266253
0.0205922
0.0149503
0.00975777
0.0046683
-0.000506401
-0.0057276
-0.0109067
-0.0160144
-0.0210651
-0.0260709
-0.0310283
-0.0359279
-0.0407624
-0.0455265
-0.0502145
-0.0548194
-0.0593324
-0.0637694
0.0288007
0.0238822
0.0183332
0.0130969
0.00825285
0.00351549
-0.00128805
-0.00613834
-0.0109611
-0.0157245
-0.0204359
-0.0251053
-0.0297309
-0.0343046
-0.0388186
-0.0432673
-0.0476449
-0.0519451
-0.056161
-0.0603029
0.0259661
0.0214032
0.0163072
0.0114589
0.00694524
0.0025344
-0.00192673
-0.00643209
-0.010921
-0.0153618
-0.0197559
-0.0241112
-0.0284265
-0.0326948
-0.0369085
-0.0410618
-0.0451487
-0.0491636
-0.0531004
-0.0569655
0.0234154
0.0191822
0.0145069
0.0100261
0.00582363
0.00171472
-0.00243171
-0.00661802
-0.0107959
-0.0149354
-0.0190341
-0.0230969
-0.0271231
-0.0311066
-0.0350402
-0.0389176
-0.0427334
-0.0464818
-0.0501574
-0.0537641
0.0211393
0.0172109
0.012923
0.0087863
0.00487522
0.00104476
-0.00281344
-0.00670619
-0.0105958
-0.0144554
-0.0182799
-0.0220717
-0.0258297
-0.0295487
-0.0332219
-0.0368431
-0.0404067
-0.0439073
-0.0473399
-0.0507064
0.0191262
0.0154786
0.0115444
0.00772638
0.00408605
0.000511611
-0.00308348
-0.00670752
-0.0103316
-0.0139326
-0.0175037
-0.0210453
-0.0245558
-0.0280303
-0.0314627
-0.0348468
-0.0381771
-0.0414485
-0.0446559
-0.0478003
0.0173629
0.0139728
0.0103585
0.00683212
0.00344125
0.000101334
-0.00325442
-0.00663384
-0.0100149
-0.0133783
-0.0167166
-0.0200284
-0.0233115
-0.0265614
-0.0297722
-0.0329382
-0.0360539
-0.0391141
-0.0421143
-0.0450542
0.0158345
0.0126792
0.00935157
0.00608858
0.00292538
-0.000200827
-0.00333981
-0.00649781
-0.0096581
-0.0128048
-0.0159304
-0.0190324
-0.0221079
-0.0251526
-0.028161
-0.0311274
-0.0340467
-0.0369139
-0.0397244
-0.0424773
0.0145248
0.011582
0.00850838
0.0054803
0.0025226
-0.000410243
-0.00335401
-0.00631293
-0.00927417
-0.0122248
-0.0151578
-0.0180695
-0.0209569
-0.0238155
-0.0266401
-0.0294254
-0.0321664
-0.0348582
-0.0374964
-0.0400795
0.0134167
0.0106643
0.00781307
0.00499152
0.00221695
-0.00054268
-0.00331205
-0.00609349
-0.00887697
-0.011652
-0.0144119
-0.0171529
-0.0198712
-0.0225624
-0.0252217
-0.0278441
-0.0304245
-0.0329583
-0.0354414
-0.0378716
0.0124926
0.0099083
0.00724896
0.00460623
0.00199239
-0.000614097
-0.00322949
-0.00585451
-0.00848113
-0.0111007
-0.0137073
-0.0162965
-0.0188646
-0.0214072
-0.0239196
-0.0263968
-0.0288344
-0.0312276
-0.0335725
-0.0358663
0.0117351
0.00929618
0.00679919
0.00430834
0.00183291
-0.000640671
-0.00312239
-0.00561173
-0.00810212
-0.0105864
-0.0130589
-0.0155155
-0.0179521
-0.0203643
-0.0227476
-0.0250975
-0.0274094
-0.029679
-0.0319025
-0.034077
0.0111277
0.00881063
0.00644732
0.00408208
0.00172262
-0.000638691
-0.0030073
-0.00538182
-0.00775673
-0.010126
-0.0124844
-0.0148276
-0.0171517
-0.0194524
-0.0217253
-0.0239659
-0.02617
-0.0283334
-0.0304519
-0.0325225
0.0106552
0.00843559
0.00617774
0.00391222
0.00164608
-0.00062393
-0.0029001
-0.00518046
-0.00746028
-0.00973431
-0.0119978
-0.0142466
-0.0164765
-0.0186836
-0.0208635
-0.0230121
-0.0251254
-0.0271995
-0.0292308
-0.0312165
0.0103054
0.00815713
0.00597602
0.00378343
0.00158622
-0.000615782
-0.0028227
-0.00503217
-0.00723999
-0.00944148
-0.0116322
-0.013808
-0.015965
-0.018099
-0.0202061
-0.0222823
-0.0243235
-0.0263256
-0.0282849
-0.0301977
0.0100705
0.00796627
0.0058339
0.00368918
0.00153885
-0.000615549
-0.00277302
-0.00493116
-0.00708629
-0.00923426
-0.011371
-0.0134925
-0.0155949
-0.0176745
-0.0197274
-0.0217499
-0.0237385
-0.0256895
-0.0275998
-0.0294657
0.0099446
0.00785004
0.00572823
0.00359302
0.00145245
-0.000690092
-0.00283262
-0.00497255
-0.00710641
-0.00923029
-0.0113403
-0.0134326
-0.0155036
-0.0175498
-0.0195676
-0.0215536
-0.0235042
-0.0254162
-0.027286
-0.0291106
0.111145
0.112445
0.114371
0.117088
0.119967
0.123177
0.125956
0.128565
0.130027
0.130841
0.129698
0.127544
0.122558
0.116197
0.104734
0.110292
0.111488
0.113248
0.115715
0.118276
0.121074
0.123374
0.125403
0.126246
0.126313
0.124479
0.121454
0.115903
0.108586
0.0986917
0.109376
0.110464
0.112048
0.11425
0.116477
0.118849
0.120663
0.122109
0.122351
0.121715
0.11928
0.115514
0.109604
0.101852
0.0925666
0.108394
0.109368
0.110766
0.11269
0.114572
0.1165
0.117822
0.118674
0.118329
0.117004
0.114011
0.109578
0.103354
0.0953187
0.086216
0.107343
0.108198
0.109405
0.111038
0.112568
0.114043
0.114873
0.115131
0.11422
0.112235
0.108724
0.103718
0.0972066
0.0890218
0.0800575
0.106221
0.106952
0.107962
0.109295
0.110468
0.111482
0.111825
0.1115
0.110046
0.107446
0.103458
0.0979851
0.0912278
0.0830039
0.0741974
0.105026
0.105629
0.106436
0.107461
0.108272
0.108823
0.108687
0.107795
0.105822
0.10266
0.0982413
0.0923964
0.0854466
0.0772526
0.0686178
0.103756
0.104226
0.104827
0.105537
0.105984
0.106073
0.105466
0.104029
0.101566
0.0979003
0.0930959
0.0869634
0.079876
0.071752
0.0633029
0.10241
0.102744
0.103135
0.103524
0.103608
0.10324
0.102173
0.100221
0.0972963
0.0931875
0.0880463
0.081698
0.0745271
0.0665022
0.0582561
0.100987
0.101182
0.101361
0.101427
0.101148
0.100333
0.0988217
0.096388
0.0930354
0.0885425
0.0831158
0.0766134
0.0694109
0.0615116
0.0534855
0.0994881
0.0995413
0.0995062
0.0992507
0.0986129
0.0973656
0.0954262
0.0925488
0.0888047
0.0839852
0.0783258
0.0717236
0.064537
0.0567892
0.0489975
0.0979138
0.0978244
0.0975749
0.0970013
0.09601
0.0943495
0.0920027
0.0887219
0.0846264
0.079535
0.0736955
0.0670421
0.0599137
0.0523421
0.0447971
0.0962669
0.0960351
0.0955715
0.094687
0.0933501
0.091299
0.0885686
0.0849261
0.080522
0.0752107
0.0692419
0.0625814
0.0555479
0.0481754
0.0408873
0.094551
0.0941786
0.0935024
0.0923172
0.0906453
0.0882291
0.0851428
0.0811808
0.0765125
0.0710304
0.06498
0.0583524
0.0514453
0.0442917
0.0372695
0.0927713
0.0922618
0.0913757
0.0899028
0.0879094
0.0851562
0.0817446
0.0775054
0.0726177
0.0670109
0.0609227
0.054364
0.04761
0.0406918
0.0339425
0.0909349
0.0902935
0.0892015
0.0874563
0.0851582
0.0820974
0.0783941
0.0739192
0.0688561
0.0631679
0.0570814
0.050623
0.0440442
0.0373744
0.0309027
0.0890506
0.0882841
0.0869921
0.0849921
0.082409
0.0790713
0.0751115
0.0704415
0.0652453
0.0595151
0.0534653
0.0471339
0.0407485
0.0343361
0.0281446
0.0871297
0.0862462
0.0847621
0.0825262
0.0796806
0.0760973
0.071917
0.067091
0.0618012
0.0560647
0.0500819
0.0438996
0.0377212
0.0315714
0.0256601
0.0851859
0.0841945
0.0825281
0.0800763
0.0769931
0.0731956
0.0688309
0.0638857
0.0585386
0.0528273
0.0469371
0.0409209
0.0349587
0.0290733
0.0234396
0.0832353
0.0821462
0.0803095
0.0776625
0.0743679
0.0703874
0.0658731
0.060843
0.0554712
0.0498117
0.0440347
0.0381969
0.0324561
0.026833
0.0214716
0.0812972
0.0801208
0.0781277
0.0753066
0.0718278
0.0676947
0.0630636
0.0579797
0.0526114
0.0470255
0.0413772
0.0357252
0.0302068
0.0248405
0.0197432
0.0793939
0.0781406
0.0760068
0.0730327
0.0693968
0.0651399
0.0604224
0.0553119
0.0499706
0.0444749
0.0389659
0.0335025
0.0282032
0.0230848
0.0182406
0.0775507
0.0762311
0.0739733
0.0708672
0.0671005
0.0627466
0.0579696
0.0528555
0.0475598
0.0421658
0.0368014
0.0315247
0.0264371
0.0215541
0.0169492
0.0757966
0.0744206
0.0720561
0.0688387
0.0649659
0.0605393
0.0557258
0.0506263
0.0453897
0.0401035
0.0348839
0.0297873
0.0249003
0.0202369
0.0158542
0.074164
0.0727411
0.0702874
0.0669782
0.0630221
0.0585437
0.0537127
0.0486411
0.0434715
0.0382939
0.0332142
0.0282866
0.0235848
0.0191218
0.0149411
0.0726891
0.0712282
0.0687021
0.0653198
0.0613004
0.0567877
0.0519534
0.0469179
0.0418178
0.0367442
0.0317943
0.0270199
0.0224841
0.0181986
0.0141965
0.0714119
0.0699214
0.0673389
0.0639006
0.0598352
0.055302
0.0504739
0.0454771
0.0404435
0.0354639
0.0306286
0.025987
0.0215936
0.0174593
0.0136088
0.0703768
0.0688642
0.0662401
0.0627615
0.0586647
0.0541208
0.0493036
0.0443431
0.0393672
0.0344663
0.029725
0.0251912
0.0209123
0.0168988
0.0131692
0.0696324
0.0681048
0.0654529
0.061948
0.0578319
0.0532838
0.0484777
0.043546
0.0386135
0.0337704
0.0290974
0.024641
0.020444
0.0165165
0.0128731
0.0692319
0.0676965
0.0650298
0.0615116
0.0573859
0.0528369
0.0480381
0.0431232
0.0382148
0.0334035
0.0287675
0.024353
0.0202
0.0163188
0.0127213
0.122322
0.124335
0.127479
0.132193
0.137829
0.144688
0.152363
0.161001
0.170329
0.180455
0.191128
0.202413
0.214045
0.226098
0.238272
0.12226
0.12427
0.127407
0.132111
0.137731
0.144571
0.152222
0.160831
0.170117
0.180198
0.190811
0.202031
0.21358
0.225547
0.237603
0.122137
0.124139
0.127263
0.131948
0.13754
0.144355
0.151944
0.160492
0.169696
0.179687
0.190179
0.201268
0.212651
0.224444
0.236264
0.121953
0.123943
0.127048
0.131704
0.137249
0.144003
0.151522
0.159986
0.169066
0.178922
0.189233
0.200127
0.211258
0.222788
0.234252
0.121709
0.123683
0.126763
0.131381
0.136875
0.143575
0.150964
0.159314
0.168231
0.177908
0.187977
0.19861
0.209402
0.220578
0.231566
0.121406
0.123361
0.126409
0.13098
0.136401
0.143006
0.150269
0.15848
0.167192
0.176649
0.186414
0.196721
0.207087
0.217818
0.22821
0.121045
0.122977
0.125989
0.130503
0.135841
0.142352
0.149447
0.157489
0.165955
0.175147
0.184547
0.194464
0.204316
0.214512
0.224189
0.120627
0.122534
0.125503
0.129952
0.135195
0.14158
0.148494
0.156341
0.164522
0.173408
0.182381
0.191845
0.201094
0.210668
0.219512
0.120156
0.122034
0.124955
0.129328
0.134456
0.14071
0.147418
0.155042
0.162898
0.171436
0.179921
0.188871
0.197429
0.206295
0.214191
0.119632
0.121478
0.124347
0.12864
0.13365
0.139732
0.14622
0.153594
0.161087
0.169237
0.177171
0.185549
0.193327
0.201405
0.208241
0.119057
0.120869
0.123681
0.127883
0.132764
0.138656
0.144906
0.152002
0.159095
0.166816
0.174138
0.181888
0.188799
0.196013
0.201682
0.118435
0.120209
0.122961
0.127065
0.131788
0.137489
0.143482
0.150268
0.156929
0.164177
0.170828
0.177896
0.183852
0.190134
0.194533
0.117766
0.119501
0.122186
0.126162
0.130744
0.136234
0.14195
0.148397
0.154594
0.161325
0.167251
0.173584
0.178497
0.183789
0.186817
0.117055
0.118748
0.121372
0.125242
0.129623
0.134893
0.140317
0.146393
0.152098
0.158266
0.163416
0.16896
0.172743
0.176996
0.178554
0.116302
0.117953
0.120493
0.124231
0.128436
0.133473
0.138585
0.144261
0.149447
0.155001
0.159333
0.16403
0.166605
0.169781
0.169762
0.115512
0.117122
0.119596
0.12317
0.127192
0.131977
0.136761
0.142007
0.14665
0.151539
0.155018
0.158798
0.160096
0.162161
0.16045
0.114686
0.116248
0.118633
0.122059
0.12589
0.130407
0.134845
0.139633
0.143706
0.147879
0.150481
0.153266
0.153244
0.154154
0.15062
0.113829
0.115344
0.117629
0.120906
0.124537
0.128777
0.132854
0.137163
0.140641
0.144046
0.145737
0.147429
0.14606
0.145732
0.14024
0.112939
0.114408
0.116589
0.119707
0.12312
0.127056
0.130742
0.134536
0.137393
0.140002
0.140789
0.141309
0.138652
0.136887
0.129332
0.112029
0.113435
0.115531
0.118514
0.121733
0.125402
0.128714
0.132008
0.134195
0.135929
0.135668
0.134884
0.130805
0.127444
0.117673
0.112029
0.113435
0.115531
0.118514
0.121733
0.125402
0.128714
0.132008
0.134195
0.135929
0.135668
0.134884
0.130805
0.127444
0.117674
0.112939
0.114408
0.116589
0.119707
0.12312
0.127056
0.130742
0.134536
0.137393
0.140003
0.140789
0.141309
0.138652
0.136887
0.129332
0.113829
0.115344
0.117629
0.120906
0.124537
0.128777
0.132854
0.137163
0.140641
0.144046
0.145737
0.147429
0.14606
0.145732
0.14024
0.114686
0.116248
0.118634
0.122059
0.12589
0.130407
0.134845
0.139633
0.143706
0.147879
0.150481
0.153266
0.153244
0.154154
0.15062
0.115512
0.117122
0.119596
0.12317
0.127192
0.131977
0.136761
0.142007
0.14665
0.151539
0.155018
0.158798
0.160096
0.162161
0.16045
0.116302
0.117954
0.120493
0.124231
0.128436
0.133473
0.138585
0.144261
0.149447
0.155001
0.159333
0.16403
0.166605
0.169781
0.169762
0.117055
0.118748
0.121372
0.125242
0.129623
0.134894
0.140317
0.146393
0.152098
0.158266
0.163416
0.16896
0.172743
0.176997
0.178554
0.117766
0.119501
0.122186
0.126162
0.130744
0.136234
0.14195
0.148397
0.154594
0.161325
0.167251
0.173584
0.178497
0.183789
0.186817
0.118435
0.120209
0.122961
0.127065
0.131788
0.137489
0.143482
0.150268
0.156929
0.164177
0.170829
0.177896
0.183852
0.190134
0.194533
0.119057
0.120869
0.123681
0.127883
0.132764
0.138656
0.144906
0.152002
0.159095
0.166816
0.174138
0.181888
0.188799
0.196013
0.201682
0.119632
0.121478
0.124347
0.12864
0.13365
0.139732
0.14622
0.153594
0.161087
0.169237
0.177171
0.185549
0.193327
0.201406
0.208241
0.120156
0.122034
0.124955
0.129328
0.134456
0.14071
0.147418
0.155042
0.162898
0.171437
0.179921
0.188871
0.197429
0.206295
0.214191
0.120628
0.122534
0.125504
0.129952
0.135195
0.14158
0.148494
0.156341
0.164522
0.173408
0.182381
0.191845
0.201094
0.210668
0.219512
0.121045
0.122977
0.125989
0.130503
0.135841
0.142352
0.149447
0.157489
0.165955
0.175147
0.184547
0.194464
0.204316
0.214512
0.224189
0.121406
0.123361
0.126409
0.13098
0.136401
0.143006
0.150269
0.15848
0.167193
0.176649
0.186414
0.196721
0.207087
0.217818
0.22821
0.121709
0.123683
0.126763
0.131381
0.136875
0.143575
0.150964
0.159314
0.168231
0.177908
0.187977
0.19861
0.209402
0.220578
0.231566
0.121953
0.123943
0.127048
0.131704
0.137249
0.144003
0.151522
0.159986
0.169066
0.178922
0.189233
0.200127
0.211258
0.222788
0.234252
0.122137
0.124139
0.127263
0.131948
0.13754
0.144356
0.151944
0.160492
0.169696
0.179687
0.190179
0.201268
0.212651
0.224444
0.236264
0.12226
0.12427
0.127407
0.132111
0.137731
0.144571
0.152222
0.160831
0.170117
0.180198
0.190811
0.202031
0.21358
0.225547
0.237603
0.122322
0.124335
0.127479
0.132193
0.137829
0.144688
0.152363
0.161001
0.170329
0.180455
0.191128
0.202413
0.214045
0.226098
0.238272
0.069232
0.0676966
0.0650299
0.0615117
0.0573861
0.0528371
0.0480382
0.0431233
0.038215
0.0334037
0.0287677
0.0243532
0.0202002
0.016319
0.0127214
0.0696325
0.0681049
0.065453
0.0619482
0.0578321
0.0532839
0.0484779
0.0435461
0.0386136
0.0337706
0.0290976
0.0246412
0.0204441
0.0165167
0.0128733
0.0703769
0.0688644
0.0662402
0.0627616
0.0586649
0.054121
0.0493038
0.0443433
0.0393673
0.0344664
0.0297252
0.0251914
0.0209125
0.016899
0.0131694
0.071412
0.0699215
0.067339
0.0639007
0.0598353
0.0553021
0.050474
0.0454773
0.0404436
0.0354641
0.0306288
0.0259872
0.0215938
0.0174595
0.013609
0.0726892
0.0712284
0.0687022
0.0653199
0.0613005
0.0567879
0.0519536
0.046918
0.041818
0.0367444
0.0317945
0.0270201
0.0224842
0.0181988
0.0141967
0.0741642
0.0727413
0.0702875
0.0669783
0.0630223
0.0585438
0.0537128
0.0486412
0.0434717
0.0382941
0.0332144
0.0282867
0.023585
0.019122
0.0149413
0.0757968
0.0744207
0.0720563
0.0688388
0.0649661
0.0605394
0.055726
0.0506265
0.0453899
0.0401036
0.0348841
0.0297875
0.0249005
0.0202371
0.0158543
0.0775509
0.0762312
0.0739734
0.0708674
0.0671007
0.0627468
0.0579698
0.0528556
0.04756
0.0421659
0.0368016
0.0315248
0.0264373
0.0215543
0.0169494
0.079394
0.0781408
0.076007
0.0730329
0.069397
0.0651401
0.0604226
0.0553121
0.0499708
0.0444751
0.0389661
0.0335027
0.0282034
0.0230849
0.0182408
0.0812974
0.0801209
0.0781278
0.0753067
0.0718279
0.0676948
0.0630638
0.0579799
0.0526115
0.0470256
0.0413774
0.0357254
0.030207
0.0248407
0.0197434
0.0832354
0.0821463
0.0803096
0.0776626
0.074368
0.0703875
0.0658732
0.0608432
0.0554714
0.0498119
0.0440348
0.038197
0.0324563
0.0268332
0.0214718
0.085186
0.0841946
0.0825282
0.0800765
0.0769932
0.0731957
0.068831
0.0638858
0.0585388
0.0528275
0.0469372
0.040921
0.0349589
0.0290735
0.0234398
0.0871299
0.0862463
0.0847622
0.0825263
0.0796807
0.0760974
0.0719172
0.0670911
0.0618013
0.0560649
0.0500821
0.0438998
0.0377213
0.0315716
0.0256603
0.0890507
0.0882842
0.0869923
0.0849922
0.0824091
0.0790715
0.0751116
0.0704417
0.0652454
0.0595152
0.0534654
0.0471341
0.0407487
0.0343362
0.0281447
0.090935
0.0902936
0.0892016
0.0874564
0.0851583
0.0820976
0.0783943
0.0739194
0.0688563
0.063168
0.0570815
0.0506231
0.0440444
0.0373746
0.0309029
0.0927715
0.0922619
0.0913758
0.0899029
0.0879095
0.0851563
0.0817448
0.0775055
0.0726178
0.0670111
0.0609229
0.0543642
0.0476101
0.040692
0.0339427
0.0945511
0.0941787
0.0935025
0.0923173
0.0906454
0.0882292
0.0851429
0.081181
0.0765126
0.0710305
0.0649802
0.0583526
0.0514454
0.0442918
0.0372697
0.096267
0.0960352
0.0955716
0.0946871
0.0933502
0.0912991
0.0885688
0.0849263
0.0805222
0.0752109
0.0692421
0.0625815
0.0555481
0.0481755
0.0408875
0.0979139
0.0978245
0.097575
0.0970015
0.0960102
0.0943496
0.0920028
0.088722
0.0846265
0.0795352
0.0736957
0.0670422
0.0599139
0.0523423
0.0447972
0.0994882
0.0995414
0.0995063
0.0992508
0.098613
0.0973657
0.0954263
0.092549
0.0888049
0.0839853
0.0783259
0.0717237
0.0645372
0.0567893
0.0489977
0.100987
0.101182
0.101361
0.101427
0.101148
0.100333
0.0988218
0.0963882
0.0930355
0.0885426
0.0831159
0.0766135
0.069411
0.0615117
0.0534856
0.10241
0.102744
0.103135
0.103524
0.103608
0.10324
0.102173
0.100221
0.0972964
0.0931876
0.0880464
0.0816981
0.0745272
0.0665024
0.0582563
0.103756
0.104227
0.104827
0.105537
0.105984
0.106073
0.105466
0.104029
0.101566
0.0979004
0.093096
0.0869635
0.0798761
0.0717522
0.063303
0.105026
0.105629
0.106436
0.107461
0.108272
0.108823
0.108687
0.107795
0.105822
0.10266
0.0982414
0.0923965
0.0854467
0.0772528
0.0686179
0.106221
0.106952
0.107962
0.109295
0.110468
0.111482
0.111826
0.111501
0.110046
0.107446
0.103459
0.0979852
0.0912279
0.0830041
0.0741975
0.107343
0.108198
0.109405
0.111038
0.112568
0.114043
0.114873
0.115131
0.11422
0.112235
0.108724
0.103719
0.0972067
0.089022
0.0800576
0.108394
0.109368
0.110766
0.11269
0.114572
0.1165
0.117822
0.118674
0.11833
0.117004
0.114011
0.109578
0.103354
0.0953188
0.0862162
0.109376
0.110464
0.112048
0.11425
0.116477
0.118849
0.120663
0.122109
0.122351
0.121715
0.11928
0.115514
0.109604
0.101852
0.0925668
0.110292
0.111488
0.113249
0.115716
0.118276
0.121074
0.123375
0.125403
0.126246
0.126313
0.124479
0.121454
0.115903
0.108586
0.0986918
0.111145
0.112445
0.114371
0.117088
0.119967
0.123177
0.125956
0.128566
0.130027
0.130841
0.129698
0.127544
0.122558
0.116198
0.104734
0.00994479
0.00785023
0.00572842
0.00359321
0.00145264
-0.000689897
-0.00283242
-0.00497235
-0.00710621
-0.00923009
-0.0113401
-0.0134324
-0.0155034
-0.0175496
-0.0195674
-0.0215534
-0.023504
-0.025416
-0.0272858
-0.0291104
0.0100707
0.00796646
0.00583409
0.00368938
0.00153904
-0.000615355
-0.00277282
-0.00493096
-0.00708609
-0.00923406
-0.0113708
-0.0134923
-0.0155947
-0.0176743
-0.0197272
-0.0217497
-0.0237383
-0.0256893
-0.0275997
-0.0294655
0.0103055
0.00815732
0.00597621
0.00378363
0.00158642
-0.000615587
-0.00282251
-0.00503198
-0.00723979
-0.00944128
-0.011632
-0.0138078
-0.0159648
-0.0180988
-0.0202059
-0.0222821
-0.0243233
-0.0263255
-0.0282847
-0.0301975
0.0106553
0.00843578
0.00617793
0.00391242
0.00164627
-0.000623736
-0.0028999
-0.00518026
-0.00746008
-0.00973412
-0.0119976
-0.0142464
-0.0164763
-0.0186834
-0.0208633
-0.023012
-0.0251252
-0.0271993
-0.0292306
-0.0312163
0.0111278
0.00881082
0.00644751
0.00408228
0.00172281
-0.000638497
-0.00300711
-0.00538162
-0.00775654
-0.0101258
-0.0124842
-0.0148274
-0.0171515
-0.0194522
-0.0217251
-0.0239657
-0.0261698
-0.0283332
-0.0304517
-0.0325223
0.0117353
0.00929636
0.00679938
0.00430853
0.0018331
-0.000640479
-0.0031222
-0.00561153
-0.00810192
-0.0105862
-0.0130588
-0.0155153
-0.0179519
-0.0203641
-0.0227474
-0.0250973
-0.0274092
-0.0296788
-0.0319023
-0.0340768
0.0124928
0.00990849
0.00724915
0.00460642
0.00199258
-0.000613906
-0.0032293
-0.00585431
-0.00848094
-0.0111005
-0.0137071
-0.0162964
-0.0188644
-0.021407
-0.0239194
-0.0263967
-0.0288342
-0.0312274
-0.0335723
-0.0358662
0.0134169
0.0106645
0.00781326
0.00499171
0.00221713
-0.00054249
-0.00331186
-0.0060933
-0.00887678
-0.0116518
-0.0144117
-0.0171527
-0.019871
-0.0225622
-0.0252215
-0.0278439
-0.0304243
-0.0329581
-0.0354412
-0.0378714
0.014525
0.0115822
0.00850857
0.00548049
0.00252279
-0.000410055
-0.00335382
-0.00631274
-0.00927398
-0.0122246
-0.0151576
-0.0180693
-0.0209567
-0.0238153
-0.0266399
-0.0294252
-0.0321662
-0.034858
-0.0374962
-0.0400793
0.0158346
0.0126794
0.00935175
0.00608876
0.00292556
-0.00020064
-0.00333962
-0.00649762
-0.00965791
-0.0128046
-0.0159303
-0.0190322
-0.0221077
-0.0251524
-0.0281608
-0.0311272
-0.0340465
-0.0369137
-0.0397242
-0.0424771
0.017363
0.0139729
0.0103587
0.00683231
0.00344143
0.00010152
-0.00325424
-0.00663365
-0.0100147
-0.0133781
-0.0167164
-0.0200282
-0.0233113
-0.0265612
-0.029772
-0.032938
-0.0360537
-0.0391139
-0.0421142
-0.045054
0.0191264
0.0154787
0.0115445
0.00772656
0.00408623
0.000511795
-0.00308329
-0.00670733
-0.0103314
-0.0139324
-0.0175035
-0.0210451
-0.0245556
-0.0280301
-0.0314625
-0.0348466
-0.0381769
-0.0414483
-0.0446558
-0.0478001
0.0211394
0.017211
0.0129231
0.00878648
0.00487541
0.00104494
-0.00281326
-0.006706
-0.0105956
-0.0144552
-0.0182797
-0.0220715
-0.0258295
-0.0295485
-0.0332217
-0.0368429
-0.0404065
-0.0439071
-0.0473397
-0.0507062
0.0234156
0.0191824
0.0145071
0.0100262
0.00582381
0.0017149
-0.00243153
-0.00661784
-0.0107957
-0.0149352
-0.0190339
-0.0230967
-0.0271229
-0.0311064
-0.03504
-0.0389174
-0.0427332
-0.0464816
-0.0501572
-0.053764
0.0259663
0.0214034
0.0163074
0.0114591
0.00694541
0.00253458
-0.00192655
-0.00643191
-0.0109209
-0.0153616
-0.0197558
-0.024111
-0.0284263
-0.0326946
-0.0369084
-0.0410616
-0.0451486
-0.0491634
-0.0531002
-0.0569653
0.0288008
0.0238824
0.0183333
0.0130971
0.00825303
0.00351567
-0.00128788
-0.00613816
-0.0109609
-0.0157244
-0.0204357
-0.0251051
-0.0297307
-0.0343044
-0.0388184
-0.0432671
-0.0476447
-0.0519449
-0.0561608
-0.0603027
0.0319264
0.0266254
0.0205923
0.0149505
0.00975794
0.00466847
-0.000506226
-0.00572742
-0.0109065
-0.0160142
-0.0210649
-0.0260707
-0.0310281
-0.0359277
-0.0407622
-0.0455263
-0.0502143
-0.0548193
-0.0593322
-0.0637692
0.0353479
0.0296364
0.0230901
0.0170275
0.0114697
0.00600178
0.000426418
-0.00519139
-0.0107488
-0.0162227
-0.0216355
-0.0270001
-0.0323108
-0.0375571
-0.0427322
-0.0478316
-0.0528491
-0.0577769
-0.0626055
-0.0673575
0.0390672
0.0329163
0.02583
0.0193347
0.013396
0.00752238
0.00151659
-0.00452251
-0.0104797
-0.016342
-0.0221403
-0.0278865
-0.0335718
-0.0391853
-0.0447216
-0.0501771
-0.0555471
-0.0608233
-0.0659832
-0.0710662
0.0430834
0.036463
0.0288135
0.021877
0.0155422
0.00923448
0.00276924
-0.00371378
-0.0100915
-0.0163653
-0.0225732
-0.0287238
-0.034805
-0.0408062
-0.0467223
-0.0525487
-0.0582794
-0.0639093
-0.0694527
-0.0748923
0.0473923
0.040271
0.0320403
0.0246583
0.0179109
0.0111388
0.00418817
-0.00275828
-0.00957705
-0.0162868
-0.0229288
-0.0295064
-0.0360051
-0.0424156
-0.0487334
-0.0549534
-0.0610695
-0.0670792
-0.07301
-0.0788204
0.0519854
0.0443303
0.0355082
0.0276816
0.0205013
0.0132328
0.00577604
-0.00164957
-0.00893047
-0.0161016
-0.0232022
-0.0302289
-0.0371671
-0.044009
-0.0507509
-0.057387
-0.0639112
-0.0703201
-0.0766425
-0.0828391
0.0568482
0.0486247
0.0392121
0.0309476
0.0233111
0.0155144
0.00753501
-0.00038221
-0.00814694
-0.0158056
-0.0233886
-0.0308865
-0.038286
-0.0455815
-0.0527688
-0.0598408
-0.0667911
-0.0736151
-0.0803476
-0.0869477
0.0619568
0.0531301
0.0431448
0.0344553
0.0263343
0.0179792
0.00946642
0.00104706
-0.00722416
-0.0153958
-0.0234837
-0.0314741
-0.0393572
-0.0471284
-0.0547826
-0.0623112
-0.0697071
-0.076964
-0.0841241
-0.0911432
0.0672738
0.0578119
0.0472988
0.0382026
0.0295627
0.0206249
0.0115741
0.00264069
-0.00616135
-0.0148701
-0.023484
-0.0319885
-0.0403776
-0.0486467
-0.056789
-0.0647947
-0.0726557
-0.0803626
-0.0879674
-0.0954209
0.0727465
0.0626238
0.0516609
0.0421755
0.0329777
0.0234456
0.0138587
0.00439821
-0.00495732
-0.0142236
-0.0233835
-0.0324242
-0.0413422
-0.0501314
-0.0587836
-0.0672873
-0.0756318
-0.083806
-0.0918741
-0.0997775
0.0783111
0.06753
0.0562358
0.0463679
0.0365712
0.026443
0.0163174
0.00630822
-0.00362187
-0.0134627
-0.0231869
-0.0327846
-0.0422521
-0.0515816
-0.0607642
-0.0697887
-0.0786436
-0.0873001
-0.0958454
-0.104212
0.0838544
0.0724718
0.0609856
0.0507267
0.0403224
0.0296311
0.0189722
0.0083956
-0.00212547
-0.0125589
-0.0228715
-0.0330524
-0.0430947
-0.0529882
-0.062721
-0.0722774
-0.0816381
-0.0908146
-0.0998695
-0.108714
0.0891539
0.0775174
0.0659831
0.0552372
0.0441836
0.0329251
0.02171
0.010548
-0.000565558
-0.0115956
-0.0225064
-0.033283
-0.0439152
-0.0543926
-0.0647093
-0.0748586
-0.0848119
-0.0944316
-0.10395
-0.113263
0.0933856
0.0821895
0.071043
0.0599742
0.0484351
0.0366821
0.0249137
0.0131529
0.00142889
-0.0102161
-0.0217489
-0.0331468
-0.0443911
-0.0554644
-0.0663523
-0.0770419
-0.0875344
-0.0979366
-0.10808
-0.117908
-0.0308909
-0.0326236
-0.0343037
-0.0359281
-0.0374949
-0.0390027
-0.04045
-0.0418353
-0.043157
-0.0444139
-0.0456049
-0.0467293
-0.0477864
-0.0487757
-0.0496969
-0.05055
-0.0513351
-0.0520524
-0.052703
-0.0532883
-0.031284
-0.0330507
-0.0347638
-0.0364209
-0.0380197
-0.0395581
-0.0410339
-0.0424456
-0.0437915
-0.0450705
-0.0462816
-0.0474238
-0.0484968
-0.0495
-0.0504336
-0.0512975
-0.0520924
-0.0528188
-0.0534798
-0.0540805
-0.0320639
-0.03388
-0.035641
-0.0373439
-0.0389864
-0.0405666
-0.0420827
-0.0435329
-0.0449158
-0.04623
-0.0474746
-0.0486487
-0.0497518
-0.0507837
-0.0517443
-0.0526337
-0.0534527
-0.0542024
-0.0548882
-0.0555214
-0.0331527
-0.0350353
-0.0368611
-0.0386274
-0.0403321
-0.0419729
-0.0435478
-0.0450549
-0.0464927
-0.0478598
-0.0491553
-0.0503784
-0.0515284
-0.0526052
-0.0536088
-0.0545392
-0.0553981
-0.0561866
-0.0569142
-0.0576008
-0.0345429
-0.0365087
-0.038416
-0.0402619
-0.0420441
-0.0437606
-0.0454092
-0.046988
-0.0484954
-0.04993
-0.0512909
-0.0525772
-0.0537885
-0.0549242
-0.0559849
-0.0569703
-0.0578826
-0.0587234
-0.0595065
-0.0602617
-0.0361989
-0.0382639
-0.0402681
-0.0422092
-0.0440848
-0.0458927
-0.0476307
-0.0492968
-0.0508895
-0.0524072
-0.053849
-0.0552139
-0.0565017
-0.0577117
-0.0588445
-0.0598997
-0.0608803
-0.0617878
-0.0626419
-0.0634829
-0.0381056
-0.0402857
-0.042403
-0.044455
-0.0464396
-0.0483545
-0.0501975
-0.0519664
-0.0536596
-0.0552758
-0.0568137
-0.0582726
-0.059652
-0.0609512
-0.0621712
-0.063311
-0.0643749
-0.0653638
-0.0663039
-0.0672471
-0.0402447
-0.0425558
-0.0448018
-0.0469806
-0.04909
-0.0511277
-0.0530913
-0.0549787
-0.0567883
-0.0585185
-0.0601683
-0.0617367
-0.0632234
-0.0646275
-0.0659502
-0.0671902
-0.0683529
-0.0694385
-0.0704807
-0.0715431
-0.0426026
-0.045061
-0.0474519
-0.0497735
-0.0520237
-0.0542002
-0.0563005
-0.0583224
-0.0602643
-0.0621246
-0.0639024
-0.0655963
-0.0672065
-0.0687316
-0.0701733
-0.0715296
-0.0728075
-0.0740058
-0.0751669
-0.0763661
-0.0451673
-0.0477893
-0.0503413
-0.052822
-0.0552294
-0.057561
-0.0598143
-0.0619872
-0.0640778
-0.0660847
-0.0680068
-0.069843
-0.0715932
-0.073256
-0.0748337
-0.0763231
-0.0777335
-0.0790615
-0.0803594
-0.0817139
-0.0479279
-0.0507303
-0.05346
-0.0561164
-0.0586976
-0.0612011
-0.0636241
-0.0659646
-0.0682208
-0.0703911
-0.0724747
-0.0744701
-0.0763778
-0.0781958
-0.0799271
-0.0815673
-0.0831283
-0.084604
-0.0860578
-0.0875872
-0.050875
-0.0538748
-0.0567991
-0.0596481
-0.06242
-0.0651122
-0.0677221
-0.0702472
-0.0726862
-0.0750373
-0.0772998
-0.0794722
-0.0815552
-0.0835464
-0.0854498
-0.0872595
-0.0889903
-0.0906328
-0.0922628
-0.0939877
-0.0539997
-0.0572141
-0.0603502
-0.063409
-0.0663889
-0.0692871
-0.072101
-0.0748282
-0.0774675
-0.080017
-0.0824765
-0.084844
-0.0871209
-0.0893039
-0.0913987
-0.0933972
-0.0953183
-0.0971476
-0.0989756
-0.100918
-0.0572937
-0.0607403
-0.0641057
-0.0673916
-0.0705969
-0.0737185
-0.0767539
-0.0797008
-0.0825582
-0.0853242
-0.0879988
-0.09058
-0.0930698
-0.095464
-0.0977704
-0.0999781
-0.102111
-0.104148
-0.106197
-0.108381
-0.0607495
-0.064446
-0.0680582
-0.0715887
-0.0750368
-0.0783993
-0.0816738
-0.0848582
-0.0879515
-0.0909522
-0.0938607
-0.0966743
-0.0993966
-0.102022
-0.104561
-0.106998
-0.109366
-0.111633
-0.113929
-0.116378
-0.0643595
-0.0683239
-0.0722004
-0.075993
-0.0797013
-0.0833222
-0.0868534
-0.0902929
-0.0936403
-0.096894
-0.100055
-0.10312
-0.106095
-0.108972
-0.111764
-0.114454
-0.117079
-0.1196
-0.122169
-0.124908
-0.0681172
-0.0723673
-0.0765254
-0.0805973
-0.0845831
-0.0884797
-0.0922849
-0.0959972
-0.0996164
-0.103141
-0.106574
-0.10991
-0.113157
-0.116306
-0.119375
-0.122338
-0.125246
-0.128045
-0.130915
-0.133972
-0.0720152
-0.0765685
-0.0810256
-0.0853941
-0.0896743
-0.0938636
-0.0979599
-0.101962
-0.105871
-0.109685
-0.113407
-0.117034
-0.120573
-0.124016
-0.127383
-0.130644
-0.133861
-0.136963
-0.140165
-0.143566
-0.0760489
-0.0809209
-0.0856936
-0.0903755
-0.0949668
-0.0994653
-0.103869
-0.108179
-0.112394
-0.116515
-0.120545
-0.124481
-0.128333
-0.13209
-0.135777
-0.13936
-0.142912
-0.146347
-0.149912
-0.153691
-0.0802136
-0.0854183
-0.0905223
-0.0955337
-0.100452
-0.105276
-0.110003
-0.114635
-0.119173
-0.123619
-0.127975
-0.132241
-0.136424
-0.140518
-0.144548
-0.148478
-0.152389
-0.156185
-0.160147
-0.16434
-0.084498
-0.0900525
-0.0955038
-0.10086
-0.106121
-0.111284
-0.11635
-0.121321
-0.126197
-0.130985
-0.135682
-0.140297
-0.144832
-0.149288
-0.153684
-0.157993
-0.162291
-0.16648
-0.170866
-0.175515
-0.0888929
-0.0948153
-0.10063
-0.106346
-0.111963
-0.117481
-0.122899
-0.128223
-0.133452
-0.138596
-0.143651
-0.148632
-0.153534
-0.158374
-0.163157
-0.167877
-0.172597
-0.177227
-0.182077
-0.187224
-0.0933945
-0.0997006
-0.105893
-0.111982
-0.117969
-0.123854
-0.129638
-0.135327
-0.140923
-0.146437
-0.151866
-0.15723
-0.162516
-0.167759
-0.172942
-0.178097
-0.183254
-0.188369
-0.193732
-0.199443
-0.0979976
-0.104702
-0.111285
-0.11776
-0.124129
-0.130392
-0.136553
-0.14262
-0.148596
-0.154496
-0.160315
-0.166082
-0.171775
-0.177451
-0.183058
-0.188679
-0.194278
-0.199899
-0.205781
-0.212114
-0.102696
-0.109811
-0.116798
-0.123671
-0.130432
-0.137084
-0.143633
-0.150089
-0.156457
-0.162754
-0.16898
-0.175168
-0.181297
-0.187439
-0.193515
-0.199669
-0.205757
-0.211954
-0.21834
-0.225303
-0.107486
-0.115022
-0.122422
-0.129702
-0.136865
-0.143914
-0.150857
-0.157707
-0.164473
-0.171171
-0.17781
-0.184419
-0.190989
-0.197596
-0.204161
-0.210879
-0.217515
-0.22442
-0.231397
-0.2391
-0.112365
-0.120331
-0.128152
-0.135844
-0.143412
-0.150859
-0.158197
-0.165438
-0.172597
-0.179688
-0.186728
-0.193739
-0.200729
-0.207759
-0.214772
-0.221977
-0.229111
-0.236723
-0.244341
-0.25307
-0.117325
-0.125738
-0.133992
-0.142108
-0.150089
-0.157943
-0.165685
-0.173329
-0.180894
-0.188395
-0.195858
-0.203297
-0.210739
-0.218216
-0.225714
-0.233388
-0.241009
-0.249215
-0.257299
-0.267121
-0.122343
-0.131224
-0.139948
-0.148526
-0.156964
-0.165272
-0.17347
-0.181577
-0.18962
-0.19762
-0.205611
-0.213611
-0.221667
-0.229785
-0.238012
-0.246392
-0.25482
-0.263769
-0.27247
-0.28333
-0.127442
-0.136768
-0.145948
-0.154983
-0.163871
-0.172627
-0.181275
-0.189844
-0.198368
-0.206878
-0.215421
-0.224026
-0.23276
-0.241629
-0.250727
-0.260023
-0.269568
-0.279483
-0.289323
-0.301364
-0.0546043
-0.0556222
-0.0554177
-0.0539144
-0.0512044
-0.0474934
-0.0430167
-0.0380251
-0.0327932
-0.0275956
-0.0226693
-0.0181937
-0.0142791
-0.0109645
-0.00824002
-0.00606391
-0.00437167
-0.00308799
-0.00213731
-0.0014495
-0.000963045
-0.000626629
-0.000399117
-0.000248669
-0.000151384
-8.98486e-05
-5.16756e-05
-2.82795e-05
-1.37013e-05
-3.97615e-06
-0.0554513
-0.0564271
-0.0561112
-0.0544703
-0.0516265
-0.0477872
-0.0431855
-0.0380801
-0.0327567
-0.0274956
-0.0225338
-0.0180457
-0.0141346
-0.0108338
-0.00812885
-0.00597412
-0.00430211
-0.00303608
-0.00209987
-0.00142331
-0.000945243
-0.000614849
-0.000391521
-0.000243893
-0.000148458
-8.81027e-05
-5.06675e-05
-2.77265e-05
-1.34344e-05
-3.90055e-06
-0.0569918
-0.0579241
-0.0574069
-0.0555111
-0.0524164
-0.0483331
-0.043494
-0.0381745
-0.0326811
-0.0273034
-0.0222767
-0.0177666
-0.0138632
-0.0105891
-0.00792152
-0.00580698
-0.00417287
-0.00293979
-0.00203049
-0.00137482
-0.000912299
-0.000593055
-0.00037747
-0.000235059
-0.000143044
-8.48727e-05
-4.88023e-05
-2.67025e-05
-1.29385e-05
-3.75752e-06
-0.0592268
-0.0600657
-0.0592443
-0.0569834
-0.0535292
-0.0490939
-0.0439135
-0.0382902
-0.0325589
-0.0270207
-0.021907
-0.0173693
-0.0134794
-0.0102452
-0.00763147
-0.00557399
-0.00399325
-0.00280629
-0.00193449
-0.00130783
-0.000866836
-0.000563007
-0.000358109
-0.000222894
-0.000135591
-8.04274e-05
-4.62358e-05
-2.5293e-05
-1.22551e-05
-3.55942e-06
-0.0620847
-0.0627901
-0.0615661
-0.0588382
-0.0549234
-0.0500327
-0.0444134
-0.0384056
-0.0323793
-0.0266464
-0.0214305
-0.016864
-0.0129957
-0.00981505
-0.00727074
-0.00528555
-0.00377174
-0.00264216
-0.00181676
-0.00122583
-0.000811264
-0.000526317
-0.000334489
-0.000208061
-0.000126507
-7.50111e-05
-4.31093e-05
-2.35758e-05
-1.14219e-05
-3.31699e-06
-0.0655497
-0.0660637
-0.0643317
-0.0610375
-0.0565628
-0.0511157
-0.0449642
-0.0384998
-0.0321308
-0.0261779
-0.0208517
-0.016259
-0.0124228
-0.00931012
-0.00685022
-0.00495112
-0.00351606
-0.00245342
-0.00168174
-0.00113199
-0.000747784
-0.00048446
-0.000307568
-0.000191166
-0.000116167
-6.88474e-05
-3.95524e-05
-2.16219e-05
-1.04733e-05
-3.04006e-06
-0.0696025
-0.0698556
-0.0675064
-0.0635474
-0.058414
-0.0523097
-0.0455371
-0.0385518
-0.031802
-0.0256123
-0.0201737
-0.0155618
-0.0117706
-0.00874093
-0.00637979
-0.00457928
-0.00323321
-0.00224545
-0.00153345
-0.00102919
-0.000678367
-0.000438754
-0.000278202
-0.000172751
-0.000104903
-6.21359e-05
-3.56803e-05
-1.94948e-05
-9.44014e-06
-2.73748e-06
-0.0742337
-0.0741426
-0.0710623
-0.0663389
-0.060446
-0.053583
-0.0461042
-0.0385415
-0.031382
-0.024947
-0.0193995
-0.0147794
-0.0110483
-0.00811715
-0.00586844
-0.00417778
-0.00292946
-0.00202309
-0.00137544
-0.000919938
-0.000604751
-0.000390358
-0.000247143
-0.000153292
-9.30063e-05
-5.50507e-05
-3.15939e-05
-1.725e-05
-8.34941e-06
-2.41702e-06
-0.0794406
-0.0789061
-0.0749764
-0.0693862
-0.0626295
-0.054905
-0.0466389
-0.0384507
-0.0308614
-0.0241798
-0.0185319
-0.0139186
-0.0102647
-0.00744772
-0.0053244
-0.00375362
-0.00261042
-0.00179062
-0.00121084
-0.000806455
-0.000528447
-0.000340276
-0.000215041
-0.000133196
-8.07287e-05
-4.77416e-05
-2.73798e-05
-1.49349e-05
-7.22427e-06
-2.08544e-06
-0.0852235
-0.0841305
-0.0792286
-0.0726657
-0.0649364
-0.0562457
-0.0471162
-0.0382628
-0.0302322
-0.0233092
-0.0175747
-0.0129864
-0.0094281
-0.006741
-0.0047552
-0.00331311
-0.00228106
-0.00155177
-0.00104237
-0.000690639
-0.000450748
-0.000289363
-0.000182446
-0.000112809
-6.82819e-05
-4.03353e-05
-2.3111e-05
-1.25898e-05
-6.08428e-06
-1.74846e-06
-0.0915863
-0.0898025
-0.0838018
-0.0761555
-0.0673394
-0.0575764
-0.0475127
-0.0379635
-0.0294883
-0.0223348
-0.0165319
-0.0119899
-0.00854665
-0.00600478
-0.00416768
-0.00286185
-0.00194573
-0.00130978
-0.00087234
-0.000574103
-0.000372742
-0.000238337
-0.000149818
-9.24211e-05
-5.58422e-05
-3.29365e-05
-1.88481e-05
-1.02479e-05
-4.94566e-06
-1.41087e-06
-0.0985344
-0.0959102
-0.0886806
-0.0798352
-0.0698118
-0.0588693
-0.0478076
-0.0375406
-0.0286252
-0.0212575
-0.0154089
-0.0109366
-0.00762816
-0.00524632
-0.00356806
-0.00240482
-0.00160821
-0.00106743
-0.000702719
-0.000458196
-0.000295336
-0.000187787
-0.000117535
-7.22667e-05
-4.35532e-05
-2.56306e-05
-1.46402e-05
-7.93634e-06
-3.82162e-06
-1.07662e-06
-0.106075
-0.102443
-0.0938512
-0.0836853
-0.0723272
-0.060098
-0.0479824
-0.0369844
-0.0276399
-0.0200793
-0.0142114
-0.00983396
-0.00668018
-0.00447239
-0.00296195
-0.00194639
-0.00127179
-0.000827057
-0.000535141
-0.00034403
-0.000219264
-0.000138193
-8.59006e-05
-5.25348e-05
-3.15297e-05
-1.84859e-05
-1.05264e-05
-5.67655e-06
-2.72266e-06
-7.48889e-07
-0.114215
-0.109391
-0.0993011
-0.0876868
-0.0748592
-0.0612377
-0.0480209
-0.0362876
-0.026531
-0.0188038
-0.0129461
-0.00868957
-0.00570994
-0.00368924
-0.00235435
-0.00149037
-0.000939206
-0.000590615
-0.000370942
-0.0002325
-0.000145115
-8.99321e-05
-5.51533e-05
-3.33731e-05
-1.98611e-05
-1.1555e-05
-6.53715e-06
-3.48525e-06
-1.65692e-06
-4.30177e-07
-0.122962
-0.116745
-0.105019
-0.0918216
-0.0773819
-0.0622655
-0.0479098
-0.0354447
-0.0252988
-0.0174358
-0.0116204
-0.00751106
-0.00472436
-0.0029026
-0.00174971
-0.00104004
-0.000612795
-0.000359698
-0.000211196
-0.000124312
-7.3346e-05
-4.32954e-05
-2.54748e-05
-1.48935e-05
-8.61476e-06
-4.87772e-06
-2.69514e-06
-1.37494e-06
-6.30523e-07
-1.2241e-07
-0.132324
-0.124497
-0.110995
-0.0960714
-0.0798692
-0.0631609
-0.0476382
-0.0344528
-0.0239452
-0.0159815
-0.010242
-0.00630597
-0.00372994
-0.00211767
-0.00115191
-0.000598141
-0.000294456
-0.000135581
-5.67373e-05
-2.00046e-05
-4.29959e-06
1.50193e-06
3.00158e-06
2.82271e-06
2.16063e-06
1.5173e-06
9.83298e-07
6.45416e-07
3.52154e-07
1.72994e-07
-0.142306
-0.132641
-0.117219
-0.100418
-0.0822959
-0.0639061
-0.0471974
-0.0333103
-0.0224738
-0.014448
-0.00881876
-0.00508165
-0.00273278
-0.0013391
-0.000564299
-0.000166997
1.42768e-05
8.07417e-05
9.18016e-05
8.00254e-05
6.17783e-05
4.43088e-05
3.01838e-05
1.97201e-05
1.24321e-05
7.6109e-06
4.48727e-06
2.56984e-06
1.28819e-06
4.5504e-07
-0.152916
-0.141171
-0.123685
-0.104843
-0.084638
-0.064486
-0.0465816
-0.0320173
-0.0208898
-0.0128431
-0.0073589
-0.00384518
-0.00173848
-0.000571005
1.02739e-05
0.000251516
0.000312206
0.000288528
0.000233969
0.000175506
0.000124724
8.50282e-05
5.60144e-05
3.57647e-05
2.218e-05
1.33917e-05
7.81037e-06
4.39482e-06
2.17585e-06
7.23093e-07
-0.164158
-0.150086
-0.130385
-0.109327
-0.0868728
-0.0648884
-0.0457867
-0.0305758
-0.0191997
-0.0111753
-0.00587049
-0.0026033
-0.000752172
0.000183015
0.000569436
0.000655906
0.000598433
0.000487253
0.000369464
0.000266269
0.000184445
0.000123608
8.04643e-05
5.09403e-05
3.13951e-05
1.88546e-05
1.09498e-05
6.11886e-06
3.01441e-06
9.76814e-07
-0.176033
-0.159384
-0.137313
-0.113851
-0.08898
-0.0651033
-0.0448111
-0.0289893
-0.0174115
-0.00945354
-0.00436146
-0.00136231
0.00022158
0.00091989
0.00111126
0.00104503
0.000872318
0.000676578
0.000498117
0.000352234
0.000240904
0.000160033
0.000103528
6.52449e-05
4.00772e-05
2.39997e-05
1.39059e-05
7.74207e-06
3.80392e-06
1.21611e-06
-0.188538
-0.169069
-0.144466
-0.118394
-0.0909416
-0.0651233
-0.0436549
-0.0272631
-0.0155337
-0.00768677
-0.00283951
-0.000128056
0.00117873
0.00163704
0.00163422
0.00141807
0.00113345
0.000856325
0.000619868
0.000433391
0.000294111
0.000194318
0.000125217
7.86881e-05
4.82328e-05
2.88313e-05
1.6681e-05
9.26585e-06
4.54505e-06
1.44107e-06
-0.201669
-0.179143
-0.151837
-0.122935
-0.0927421
-0.0649432
-0.0423199
-0.0254038
-0.0135758
-0.00588405
-0.00131195
0.00109414
0.00211576
0.00233236
0.00213716
0.00177447
0.00138163
0.00102645
0.000734743
0.000509789
0.000344112
0.000226501
0.000145561
9.12884e-05
5.58737e-05
3.33566e-05
1.92796e-05
1.06926e-05
5.23897e-06
1.65196e-06
-0.215418
-0.18961
-0.159418
-0.127452
-0.0943685
-0.0645598
-0.0408093
-0.0234198
-0.0115478
-0.0040543
0.000214308
0.0022995
0.00302969
0.00300416
0.0026193
0.00211393
0.0016168
0.00118702
0.000842846
0.000581527
0.000390987
0.000256639
0.000164596
0.000103071
6.30162e-05
3.75855e-05
2.17074e-05
1.20255e-05
5.88722e-06
1.84916e-06
-0.229766
-0.200475
-0.167202
-0.131922
-0.0958103
-0.0639719
-0.0391281
-0.0213204
-0.00946002
-0.00220623
0.00173286
0.0034838
0.00391805
0.00365122
0.00308012
0.00243637
0.00183907
0.00133822
0.000944342
0.000648738
0.000434836
0.000284802
0.000182372
0.000114068
6.96793e-05
4.15295e-05
2.39711e-05
1.32682e-05
6.49159e-06
2.03313e-06
-0.244699
-0.211743
-0.175178
-0.136324
-0.097059
-0.0631799
-0.0372826
-0.019116
-0.00732296
-0.000348361
0.00323765
0.00464327
0.00477876
0.0042726
0.00351938
0.00274187
0.00204866
0.00148025
0.00103943
0.000711578
0.00047577
0.000311069
0.00019894
0.00012431
7.58837e-05
4.52009e-05
2.60779e-05
1.44247e-05
7.05403e-06
2.20442e-06
-0.260222
-0.223426
-0.183337
-0.140636
-0.098109
-0.0621865
-0.035281
-0.0168181
-0.00514749
0.00151067
0.00472255
0.00577401
0.00560966
0.00486728
0.00393672
0.00303042
0.00224571
0.00161332
0.00112827
0.000770184
0.000513893
0.000335515
0.000214349
0.000133831
8.16489e-05
4.86117e-05
2.80348e-05
1.5499e-05
7.57649e-06
2.36355e-06
-0.276274
-0.235524
-0.191659
-0.144839
-0.0989547
-0.0609951
-0.0331329
-0.014439
-0.00294427
0.00336296
0.00618216
0.00687275
0.00640908
0.00543461
0.00433209
0.00330225
0.00243052
0.0017377
0.00121112
0.000824746
0.000549341
0.000358231
0.000228662
0.00014267
8.69997e-05
5.17768e-05
2.98506e-05
1.64959e-05
8.0613e-06
2.51119e-06
-0.292693
-0.247981
-0.200099
-0.148901
-0.0995886
-0.0596096
-0.0308474
-0.011989
-0.000719831
0.00520706
0.00761865
0.0079432
0.00718107
0.00597836
0.00470864
0.0035598
0.00260491
0.0018547
0.00128886
0.000875845
0.0005825
0.000379441
0.000242012
0.000150914
9.19883e-05
5.47259e-05
3.15412e-05
1.74232e-05
8.512e-06
2.64834e-06
-0.309609
-0.260882
-0.208706
-0.152866
-0.100045
-0.0580492
-0.0284318
-0.00947002
0.00152503
0.00704789
0.00904283
0.00899803
0.00793722
0.00650786
0.00507328
0.00380793
0.00277212
0.0019664
0.0013628
0.000924267
0.000613832
0.000399397
0.000254534
0.000158646
9.66645e-05
5.74862e-05
3.31203e-05
1.82876e-05
8.93115e-06
2.77576e-06
-0.329135
-0.275627
-0.21812
-0.157015
-0.10041
-0.0563345
-0.0259126
-0.00691659
0.0037389
0.00882171
0.0103928
0.00998649
0.0086382
0.00699369
0.00540468
0.00403153
0.00292175
0.00206577
0.00142831
0.000967057
0.000641392
0.000417073
0.00026567
0.000165485
0.000100802
5.99345e-05
3.45259e-05
1.90614e-05
9.30836e-06
2.89068e-06
-0.338282
-0.282695
-0.222992
-0.158357
-0.0994495
-0.0542337
-0.0234434
-0.00458979
0.00568269
0.0102416
0.0113355
0.0105994
0.00903283
0.00724928
0.00557297
0.00414466
0.00299919
0.00211946
0.00146572
0.000993191
0.000659021
0.000429813
0.000274278
0.000170661
0.000103982
6.18885e-05
3.57055e-05
1.97453e-05
9.65878e-06
2.99935e-06
-0.345852
-0.286546
-0.21952
-0.150012
-0.0896393
-0.0454069
-0.0166081
0.000253035
0.00892651
0.0124345
0.0128437
0.0115812
0.00965922
0.00764537
0.00582341
0.0043041
0.00310175
0.00218621
0.00150959
0.00102195
0.00068019
0.000441122
0.000280812
0.00017571
0.000107333
6.40044e-05
3.6983e-05
2.04762e-05
1.00262e-05
3.1119e-06
-0.355386
-0.290522
-0.216957
-0.142938
-0.0813947
-0.0380179
-0.0107173
0.00464102
0.0120535
0.0145509
0.0141586
0.0123931
0.0101592
0.00795396
0.00601599
0.00442649
0.00318114
0.00223864
0.00154507
0.00104679
0.000692779
0.000452339
0.00028892
0.000180691
0.000110464
6.5951e-05
3.81583e-05
2.11524e-05
1.03679e-05
3.21767e-06
-0.365884
-0.294359
-0.212893
-0.134463
-0.0722204
-0.0301736
-0.0047264
0.0089404
0.0150249
0.0164828
0.015396
0.0131766
0.010649
0.0082592
0.0062077
0.00454877
0.00326056
0.00229113
0.0015795
0.00106904
0.00071097
0.000463373
0.000296013
0.000185276
0.00011338
6.77669e-05
3.92567e-05
2.17868e-05
1.06895e-05
3.31806e-06
-0.377441
-0.297478
-0.207864
-0.125163
-0.0626891
-0.0221977
0.0012982
0.0132195
0.0179292
0.0183736
0.0166045
0.013933
0.0111165
0.00854804
0.00638799
0.0046633
0.00333473
0.00234002
0.00161362
0.00109053
0.00072572
0.000473413
0.000302624
0.000189575
0.000116125
6.94808e-05
4.02951e-05
2.23871e-05
1.09939e-05
3.41346e-06
-0.389446
-0.299452
-0.201444
-0.114883
-0.0527434
-0.0141039
0.00729896
0.0174182
0.0207652
0.0202036
0.0177624
0.0146523
0.0115587
0.00882016
0.00655747
0.00477088
0.00340441
0.00238564
0.0016445
0.00111214
0.000740013
0.000482857
0.000308846
0.000193614
0.000118705
7.10936e-05
4.12734e-05
2.2953e-05
1.12807e-05
3.50362e-06
-0.401191
-0.29971
-0.193625
-0.103678
-0.0424445
-0.00591399
0.0132733
0.0215423
0.0235113
0.0219643
0.0188704
0.0153364
0.0119767
0.00907613
0.00671634
0.00487153
0.00346949
0.00242946
0.00167087
0.00113217
0.000753258
0.000491663
0.000314654
0.000197386
0.000121116
7.26028e-05
4.21896e-05
2.34833e-05
1.15493e-05
3.58832e-06
-0.411807
-0.297878
-0.184077
-0.0916244
-0.0318564
0.00232618
0.0191951
0.0256005
0.0261619
0.0236568
0.0199282
0.0159845
0.0123699
0.00931561
0.00686444
0.00496516
0.00353006
0.0024675
0.00169828
0.00115055
0.00076551
0.000499833
0.000320047
0.000200892
0.000123359
7.40074e-05
4.30429e-05
2.39774e-05
1.17995e-05
3.66746e-06
-0.420293
-0.293444
-0.172834
-0.07886
-0.0210662
0.0105587
0.0250225
0.0295434
0.0287141
0.0252777
0.0209334
0.0165954
0.0127379
0.00953849
0.00700175
0.00505176
0.00358605
0.00250882
0.00172372
0.00116754
0.000776825
0.000507377
0.000325029
0.000204132
0.000125433
7.53071e-05
4.38327e-05
2.44349e-05
1.20311e-05
3.74093e-06
-0.425582
-0.286018
-0.160059
-0.0655342
-0.0101862
0.0187093
0.0306989
0.0333484
0.0311605
0.0268219
0.0218836
0.0171682
0.0130803
0.00974459
0.00712821
0.0051313
0.00363701
0.00254335
0.00174722
0.00118306
0.000787188
0.000514293
0.000329598
0.000207106
0.000127337
7.65011e-05
4.45587e-05
2.48556e-05
1.2244e-05
3.80862e-06
-0.426961
-0.275219
-0.14603
-0.0518477
0.000636689
0.0266876
0.0361763
0.0369862
0.0334891
0.0282825
0.0227752
0.0177011
0.0133964
0.00993367
0.00724372
0.00520378
0.00368392
0.00257414
0.00176857
0.00119716
0.00079661
0.000520582
0.000333756
0.000209812
0.000129072
7.75888e-05
4.52203e-05
2.52391e-05
1.24379e-05
3.87045e-06
-0.423332
-0.261548
-0.131065
-0.0380543
0.0112232
0.0343825
0.0414267
0.0404243
0.0356843
0.0296511
0.0236039
0.0181922
0.0136854
0.0101054
0.00734821
0.00526917
0.0037264
0.00259938
0.00178749
0.00120984
0.000805088
0.000526245
0.0003375
0.00021225
0.000130634
7.85695e-05
4.58171e-05
2.55851e-05
1.26129e-05
3.92633e-06
-0.41428
-0.245548
-0.11554
-0.0244715
0.0213643
0.0416626
0.0463551
0.0436308
0.0377272
0.0309171
0.0243643
0.018639
0.0139463
0.0102595
0.00744154
0.00532745
0.00376428
0.00262503
0.00180441
0.0012211
0.000812626
0.00053128
0.00034083
0.00021442
0.000132025
7.94427e-05
4.63485e-05
2.58933e-05
1.27687e-05
3.97619e-06
-0.400078
-0.228032
-0.0999372
-0.0114716
0.0308315
0.0483875
0.0508811
0.0465696
0.0395952
0.0320682
0.0250505
0.0190389
0.014178
0.0103956
0.0075236
0.00537857
0.00379766
0.00264646
0.00181914
0.00123095
0.000819222
0.000535687
0.000343745
0.000216319
0.000133244
8.02079e-05
4.68144e-05
2.61635e-05
1.29052e-05
4.01995e-06
-0.381812
-0.210068
-0.0848257
0.000546067
0.0393955
0.0544177
0.0549308
0.049199
0.0412638
0.033091
0.0256558
0.0193889
0.0143794
0.0105132
0.00759425
0.0054225
0.0038264
0.00266521
0.00183176
0.00123939
0.000824877
0.000539465
0.000346246
0.000217949
0.000134289
8.08645e-05
4.72142e-05
2.63954e-05
1.30224e-05
4.05756e-06
-0.361902
-0.192562
-0.0708601
0.0111768
0.0468387
0.0596309
0.0584301
0.0514758
0.0427073
0.0339717
0.0261734
0.0196861
0.0145494
0.0106119
0.00765336
0.00545919
0.00385046
0.00268091
0.00184227
0.00124643
0.000829591
0.000542615
0.00034833
0.000219308
0.000135161
8.14123e-05
4.75478e-05
2.65889e-05
1.31201e-05
4.08898e-06
-0.342215
-0.177001
-0.0586774
0.0201089
0.0529215
0.0639282
0.0613149
0.0533595
0.0439004
0.0346965
0.0265969
0.0199277
0.0146868
0.0106914
0.00770081
0.00548861
0.0038698
0.00269353
0.00185066
0.00125205
0.000833362
0.000545135
0.000349998
0.000220395
0.00013586
8.18509e-05
4.7815e-05
2.67439e-05
1.31984e-05
4.11415e-06
-0.325512
-0.163877
-0.0488983
0.0269941
0.0575782
0.0672224
0.0635196
0.0548135
0.0448201
0.0352529
0.0269202
0.0201112
0.0147907
0.0107514
0.00773649
0.0055107
0.00388437
0.00270303
0.00185695
0.00125627
0.00083619
0.000547025
0.00035125
0.000221211
0.000136383
8.21801e-05
4.80154e-05
2.68602e-05
1.32571e-05
4.13306e-06
-0.313379
-0.154327
-0.0420753
0.0316599
0.060724
0.0694483
0.0650108
0.0558018
0.0454463
0.0356304
0.0271387
0.0202348
0.0148604
0.0107915
0.00776033
0.00552545
0.00389412
0.00270938
0.00186115
0.00125908
0.000838076
0.000548285
0.000352084
0.000221755
0.000136733
8.23996e-05
4.81491e-05
2.69378e-05
1.32962e-05
4.14567e-06
-0.307008
-0.149257
-0.0386022
0.034019
0.0623053
0.0705693
0.065764
0.0563025
0.0457632
0.0358212
0.0272489
0.0202969
0.0148954
0.0108116
0.00777226
0.00553283
0.003899
0.00271257
0.00186324
0.00126049
0.000839019
0.000548915
0.000352502
0.000222027
0.000136907
8.25094e-05
4.82159e-05
2.69765e-05
1.33157e-05
4.15197e-06
)
;

boundaryField
{
    inlet
    {
        type            zeroGradient;
    }
    outlet
    {
        type            fixedValue;
        value           uniform 0;
    }
    cylinder
    {
        type            zeroGradient;
    }
    top
    {
        type            symmetryPlane;
    }
    bottom
    {
        type            symmetryPlane;
    }
    defaultFaces
    {
        type            empty;
    }
}


// ************************************************************************* //
