/*--------------------------------*- C++ -*----------------------------------*\
  =========                 |
  \\      /  F ield         | OpenFOAM: The Open Source CFD Toolbox
   \\    /   O peration     | Website:  https://openfoam.org
    \\  /    A nd           | Version:  9
     \\/     M anipulation  |
\*---------------------------------------------------------------------------*/
FoamFile
{
    format      ascii;
    class       volScalarField;
    location    "42.7";
    object      p;
}
// * * * * * * * * * * * * * * * * * * * * * * * * * * * * * * * * * * * * * //

dimensions      [0 2 -2 0 0 0 0];

internalField   nonuniform List<scalar> 
8500
(
-0.286733
-0.290947
-0.291783
-0.293531
-0.295617
-0.295864
-0.299619
-0.295995
-0.302169
-0.294855
-0.286998
-0.29115
-0.29198
-0.293697
-0.295815
-0.295958
-0.299916
-0.29593
-0.302582
-0.294742
-0.28752
-0.291552
-0.292368
-0.294021
-0.296204
-0.296136
-0.300502
-0.295785
-0.303403
-0.294514
-0.288288
-0.292141
-0.292934
-0.294488
-0.296766
-0.296376
-0.301355
-0.295528
-0.304621
-0.294168
-0.289282
-0.292903
-0.293658
-0.295075
-0.297476
-0.296654
-0.302443
-0.295125
-0.306212
-0.293699
-0.290479
-0.293817
-0.29452
-0.295757
-0.298299
-0.296943
-0.303711
-0.294539
-0.308136
-0.293089
-0.291853
-0.294864
-0.295492
-0.296503
-0.299192
-0.297219
-0.305083
-0.29374
-0.310336
-0.29228
-0.293379
-0.296022
-0.296547
-0.297286
-0.300101
-0.297469
-0.306464
-0.292717
-0.31272
-0.291262
-0.295029
-0.297269
-0.297656
-0.298079
-0.300971
-0.29769
-0.307739
-0.291543
-0.31485
-0.290243
-0.296781
-0.298586
-0.298791
-0.298863
-0.301745
-0.297896
-0.308689
-0.290448
-0.31665
-0.288848
-0.298616
-0.299958
-0.299928
-0.29962
-0.302364
-0.298174
-0.30918
-0.289326
-0.318077
-0.287232
-0.30052
-0.301374
-0.301048
-0.300342
-0.302725
-0.29857
-0.309228
-0.288248
-0.318725
-0.285872
-0.302487
-0.302826
-0.302139
-0.301048
-0.30285
-0.298953
-0.308828
-0.287536
-0.318047
-0.285325
-0.304522
-0.304317
-0.303193
-0.301714
-0.302795
-0.299272
-0.307918
-0.287351
-0.315649
-0.285618
-0.306634
-0.305852
-0.304223
-0.302322
-0.302606
-0.299506
-0.306558
-0.287616
-0.311512
-0.285948
-0.308851
-0.307438
-0.305265
-0.302876
-0.302334
-0.299462
-0.304874
-0.287963
-0.306135
-0.285221
-0.311205
-0.309098
-0.306349
-0.303409
-0.302056
-0.299103
-0.302955
-0.288004
-0.300162
-0.282913
-0.313738
-0.310861
-0.307509
-0.303959
-0.301831
-0.298448
-0.300768
-0.287546
-0.29385
-0.279041
-0.316498
-0.312764
-0.308789
-0.304563
-0.301665
-0.297607
-0.298223
-0.286514
-0.28713
-0.274025
-0.319541
-0.314847
-0.310239
-0.305248
-0.301518
-0.296702
-0.295298
-0.284769
-0.280045
-0.268643
-0.322923
-0.317159
-0.311911
-0.306013
-0.301364
-0.295771
-0.292066
-0.282084
-0.273214
-0.263386
-0.326687
-0.319769
-0.313843
-0.306843
-0.301236
-0.294753
-0.28861
-0.278405
-0.267082
-0.256862
-0.330908
-0.322731
-0.316041
-0.307749
-0.301189
-0.293529
-0.284962
-0.273998
-0.260928
-0.250118
-0.33565
-0.326106
-0.318468
-0.30881
-0.30122
-0.291989
-0.281121
-0.269
-0.254772
-0.24333
-0.340975
-0.329949
-0.321072
-0.310159
-0.301238
-0.290077
-0.27704
-0.263609
-0.248501
-0.236452
-0.34695
-0.334271
-0.323857
-0.31187
-0.301123
-0.287763
-0.272698
-0.257919
-0.242093
-0.22955
-0.35365
-0.339023
-0.326936
-0.313867
-0.300773
-0.285044
-0.268078
-0.251992
-0.235547
-0.222557
-0.361145
-0.344109
-0.330511
-0.315947
-0.300111
-0.281924
-0.263172
-0.245852
-0.22885
-0.215472
-0.369477
-0.349424
-0.334767
-0.317895
-0.299067
-0.278406
-0.257971
-0.2395
-0.221998
-0.208255
-0.378621
-0.354907
-0.339747
-0.319557
-0.297571
-0.274485
-0.252464
-0.232925
-0.214971
-0.200886
-0.388461
-0.360573
-0.345271
-0.320835
-0.295561
-0.270142
-0.246634
-0.226111
-0.207752
-0.193338
-0.398772
-0.366496
-0.350953
-0.321654
-0.292982
-0.265347
-0.240459
-0.219036
-0.200317
-0.185591
-0.409222
-0.372776
-0.356304
-0.321922
-0.289792
-0.260064
-0.233908
-0.211674
-0.192643
-0.177622
-0.419494
-0.379474
-0.360865
-0.321526
-0.28595
-0.254256
-0.226952
-0.203999
-0.184708
-0.169414
-0.429282
-0.386555
-0.364284
-0.320336
-0.281415
-0.247888
-0.219557
-0.195982
-0.176491
-0.160948
-0.43833
-0.393847
-0.366339
-0.318213
-0.276142
-0.240928
-0.211691
-0.187596
-0.16797
-0.152208
-0.446435
-0.401027
-0.366928
-0.315032
-0.270079
-0.233341
-0.203323
-0.178815
-0.159124
-0.14318
-0.453438
-0.407637
-0.366037
-0.310693
-0.263172
-0.225095
-0.194426
-0.169617
-0.149937
-0.133859
-0.459209
-0.413152
-0.363692
-0.305127
-0.255368
-0.216155
-0.184973
-0.159981
-0.140392
-0.124255
-0.463641
-0.417096
-0.359875
-0.298286
-0.246619
-0.206489
-0.174942
-0.149888
-0.130478
-0.11439
-0.466633
-0.419133
-0.354466
-0.290125
-0.236882
-0.196068
-0.164314
-0.139323
-0.120183
-0.104284
-0.468078
-0.418985
-0.347371
-0.280601
-0.226122
-0.184867
-0.153074
-0.128271
-0.109499
-0.0939141
-0.467846
-0.41645
-0.338529
-0.269673
-0.214311
-0.172867
-0.141209
-0.116719
-0.0984352
-0.0832187
-0.465778
-0.411391
-0.327895
-0.25732
-0.20143
-0.160052
-0.128703
-0.104659
-0.0870346
-0.072118
-0.461689
-0.40372
-0.315419
-0.243539
-0.187466
-0.14641
-0.115548
-0.0920925
-0.0753435
-0.0605892
-0.455372
-0.393377
-0.301063
-0.228335
-0.172405
-0.131936
-0.101748
-0.0790581
-0.0633369
-0.048765
-0.44661
-0.380326
-0.284806
-0.211706
-0.156233
-0.116652
-0.087344
-0.0656373
-0.0509026
-0.0367371
-0.435192
-0.364553
-0.26664
-0.193652
-0.138957
-0.100621
-0.0723994
-0.051808
-0.038049
-0.0245114
-0.420925
-0.346054
-0.246559
-0.174192
-0.120662
-0.0839017
-0.056872
-0.0375801
-0.0248223
-0.0120947
-0.403648
-0.324849
-0.224552
-0.153414
-0.1015
-0.0663955
-0.040803
-0.0229669
-0.0112703
0.000499628
-0.383245
-0.300996
-0.200619
-0.131469
-0.0814114
-0.0481578
-0.0242324
-0.00799288
0.00256391
0.0132449
-0.359648
-0.274622
-0.174843
-0.108331
-0.0604405
-0.0292479
-0.00720401
0.0073093
0.0166391
0.0261045
-0.332845
-0.245895
-0.147413
-0.0839141
-0.0386455
-0.00973216
0.0102345
0.0229
0.0309155
0.0390341
-0.302885
-0.214846
-0.118465
-0.0583361
-0.0160939
0.0103193
0.0280289
0.0387353
0.0453565
0.0519893
-0.269888
-0.181213
-0.0883933
-0.0317405
0.00714014
0.0308315
0.0461186
0.0547698
0.0599308
0.0649262
-0.234027
-0.145303
-0.0571459
-0.00427701
0.03097
0.0517245
0.0644387
0.0709621
0.0746064
0.0777746
-0.195405
-0.107522
-0.0247753
0.0239079
0.0552957
0.0729132
0.082924
0.0872781
0.0893276
0.0903608
-0.153987
-0.068504
0.00858869
0.0526718
0.0800061
0.0943079
0.101512
0.103685
0.103982
0.102348
-0.110258
-0.0284076
0.0427667
0.0818717
0.104982
0.115816
0.120143
0.120122
0.118395
0.113448
-0.0645779
0.0125758
0.0775544
0.111359
0.130097
0.137341
0.138748
0.13648
0.132404
0.123979
-0.0173249
0.0542089
0.112732
0.140976
0.155221
0.158787
0.157243
0.152617
0.145956
0.135257
0.0310983
0.0962282
0.148071
0.170559
0.180221
0.180053
0.17553
0.168424
0.159253
0.147065
0.0802728
0.138352
0.183337
0.19994
0.20496
0.201033
0.193516
0.183868
0.172343
0.158915
0.129768
0.180288
0.218291
0.228943
0.2293
0.221618
0.211103
0.198901
0.185174
0.170631
0.179145
0.221738
0.252696
0.257392
0.253104
0.241699
0.228204
0.213478
0.197671
0.182032
0.227965
0.2624
0.286317
0.285111
0.276233
0.261164
0.244733
0.227541
0.209767
0.193021
0.275791
0.301975
0.318921
0.311924
0.29855
0.279906
0.260607
0.241028
0.221396
0.203518
0.322194
0.340172
0.35028
0.33766
0.319922
0.297818
0.275742
0.253875
0.232493
0.213466
0.366752
0.37671
0.380178
0.36215
0.340218
0.314797
0.29006
0.26602
0.242997
0.222814
0.409058
0.411329
0.408405
0.385234
0.359313
0.330744
0.303485
0.2774
0.252852
0.231519
0.448734
0.443773
0.434763
0.406755
0.377087
0.345565
0.315943
0.287957
0.262002
0.239543
0.485484
0.473752
0.459063
0.426569
0.393427
0.359172
0.327366
0.297635
0.270396
0.246852
0.519009
0.50101
0.481129
0.444539
0.40823
0.371483
0.337691
0.306383
0.277986
0.253416
0.549019
0.525332
0.500801
0.460542
0.4214
0.382425
0.346858
0.31415
0.284729
0.259209
0.575251
0.546531
0.517936
0.474469
0.432853
0.39193
0.354817
0.320894
0.290585
0.264208
0.597475
0.564446
0.53241
0.486224
0.442514
0.399943
0.361521
0.326576
0.295519
0.268396
0.615494
0.578943
0.544118
0.495726
0.450319
0.406413
0.366932
0.331162
0.299503
0.27176
0.629149
0.589911
0.552974
0.502911
0.456219
0.4113
0.371018
0.334625
0.302511
0.27429
0.638319
0.59727
0.558914
0.507728
0.460173
0.414575
0.373756
0.336946
0.304527
0.275978
0.642925
0.600963
0.561895
0.510145
0.462157
0.416218
0.375128
0.33811
0.305538
0.276823
0.642925
0.600963
0.561895
0.510145
0.462157
0.416218
0.375128
0.33811
0.305538
0.276823
0.638319
0.59727
0.558914
0.507728
0.460173
0.414575
0.373756
0.336946
0.304527
0.275978
0.629149
0.589911
0.552974
0.502911
0.456219
0.4113
0.371018
0.334625
0.302511
0.27429
0.615493
0.578943
0.544118
0.495726
0.450319
0.406413
0.366932
0.331162
0.299503
0.27176
0.597475
0.564446
0.53241
0.486224
0.442514
0.399943
0.361521
0.326576
0.295519
0.268396
0.575251
0.546531
0.517936
0.474469
0.432853
0.39193
0.354817
0.320894
0.290585
0.264208
0.549019
0.525332
0.500801
0.460542
0.4214
0.382425
0.346858
0.31415
0.284729
0.259209
0.519009
0.50101
0.481129
0.444539
0.40823
0.371483
0.337691
0.306383
0.277986
0.253416
0.485484
0.473752
0.459063
0.426569
0.393427
0.359172
0.327366
0.297635
0.270396
0.246852
0.448734
0.443773
0.434763
0.406755
0.377087
0.345565
0.315943
0.287957
0.262002
0.239543
0.409058
0.411329
0.408405
0.385234
0.359313
0.330744
0.303485
0.2774
0.252852
0.231519
0.366752
0.37671
0.380178
0.36215
0.340218
0.314797
0.29006
0.26602
0.242997
0.222814
0.322194
0.340172
0.35028
0.33766
0.319922
0.297818
0.275742
0.253875
0.232493
0.213466
0.275791
0.301975
0.318921
0.311924
0.29855
0.279906
0.260607
0.241028
0.221396
0.203518
0.227965
0.2624
0.286317
0.285111
0.276233
0.261164
0.244733
0.227541
0.209767
0.193021
0.179145
0.221738
0.252696
0.257392
0.253104
0.241699
0.228204
0.213478
0.197671
0.182032
0.129768
0.180288
0.218291
0.228943
0.2293
0.221618
0.211103
0.198901
0.185174
0.170631
0.0802728
0.138352
0.183336
0.19994
0.20496
0.201033
0.193516
0.183868
0.172343
0.158915
0.0310983
0.0962281
0.148071
0.170559
0.180221
0.180053
0.17553
0.168424
0.159253
0.147065
-0.0173249
0.0542089
0.112732
0.140976
0.155221
0.158787
0.157243
0.152617
0.145956
0.135257
-0.0645779
0.0125757
0.0775544
0.111359
0.130097
0.137341
0.138748
0.13648
0.132404
0.123979
-0.110258
-0.0284076
0.0427667
0.0818717
0.104982
0.115816
0.120143
0.120122
0.118395
0.113448
-0.153987
-0.068504
0.00858868
0.0526718
0.0800061
0.0943079
0.101512
0.103685
0.103982
0.102348
-0.195405
-0.107522
-0.0247753
0.0239079
0.0552957
0.0729132
0.082924
0.0872781
0.0893276
0.0903608
-0.234027
-0.145303
-0.0571459
-0.00427701
0.03097
0.0517245
0.0644387
0.0709621
0.0746064
0.0777746
-0.269888
-0.181213
-0.0883933
-0.0317405
0.00714015
0.0308315
0.0461186
0.0547698
0.0599308
0.0649262
-0.302885
-0.214846
-0.118465
-0.0583361
-0.0160939
0.0103193
0.0280289
0.0387353
0.0453565
0.0519893
-0.332845
-0.245895
-0.147413
-0.0839141
-0.0386455
-0.00973215
0.0102345
0.0229
0.0309155
0.0390341
-0.359648
-0.274622
-0.174843
-0.108331
-0.0604404
-0.0292479
-0.007204
0.0073093
0.0166391
0.0261045
-0.383244
-0.300996
-0.200619
-0.131469
-0.0814113
-0.0481578
-0.0242324
-0.00799288
0.00256391
0.0132449
-0.403648
-0.324849
-0.224552
-0.153414
-0.1015
-0.0663955
-0.040803
-0.0229669
-0.0112703
0.000499614
-0.420925
-0.346054
-0.246559
-0.174192
-0.120661
-0.0839017
-0.056872
-0.0375801
-0.0248223
-0.0120947
-0.435192
-0.364553
-0.26664
-0.193652
-0.138957
-0.100621
-0.0723994
-0.051808
-0.038049
-0.0245114
-0.44661
-0.380326
-0.284806
-0.211706
-0.156233
-0.116652
-0.087344
-0.0656373
-0.0509026
-0.0367371
-0.455372
-0.393377
-0.301063
-0.228334
-0.172405
-0.131936
-0.101748
-0.0790582
-0.063337
-0.048765
-0.461689
-0.40372
-0.315419
-0.243539
-0.187466
-0.14641
-0.115548
-0.0920925
-0.0753435
-0.0605892
-0.465778
-0.411391
-0.327895
-0.25732
-0.20143
-0.160052
-0.128703
-0.104659
-0.0870346
-0.072118
-0.467846
-0.416449
-0.338529
-0.269673
-0.214311
-0.172867
-0.141209
-0.116719
-0.0984352
-0.0832188
-0.468078
-0.418984
-0.347371
-0.280601
-0.226122
-0.184867
-0.153074
-0.128271
-0.109499
-0.0939142
-0.466633
-0.419133
-0.354466
-0.290125
-0.236882
-0.196068
-0.164314
-0.139323
-0.120183
-0.104284
-0.463641
-0.417096
-0.359875
-0.298286
-0.246619
-0.206489
-0.174942
-0.149888
-0.130478
-0.11439
-0.459209
-0.413152
-0.363692
-0.305127
-0.255368
-0.216155
-0.184973
-0.159981
-0.140392
-0.124255
-0.453437
-0.407636
-0.366037
-0.310693
-0.263172
-0.225095
-0.194426
-0.169617
-0.149937
-0.133859
-0.446435
-0.401026
-0.366928
-0.315032
-0.270079
-0.233341
-0.203323
-0.178815
-0.159124
-0.14318
-0.43833
-0.393847
-0.366339
-0.318213
-0.276142
-0.240928
-0.211691
-0.187596
-0.16797
-0.152208
-0.429282
-0.386555
-0.364284
-0.320335
-0.281415
-0.247888
-0.219557
-0.195982
-0.176491
-0.160948
-0.419493
-0.379473
-0.360865
-0.321526
-0.28595
-0.254256
-0.226952
-0.203999
-0.184708
-0.169414
-0.409222
-0.372776
-0.356304
-0.321922
-0.289791
-0.260064
-0.233908
-0.211674
-0.192643
-0.177622
-0.398772
-0.366496
-0.350952
-0.321653
-0.292982
-0.265347
-0.240458
-0.219036
-0.200317
-0.185591
-0.388461
-0.360573
-0.345271
-0.320835
-0.295561
-0.270141
-0.246634
-0.226111
-0.207752
-0.193339
-0.378621
-0.354907
-0.339747
-0.319556
-0.297571
-0.274485
-0.252464
-0.232925
-0.214971
-0.200886
-0.369476
-0.349423
-0.334767
-0.317895
-0.299067
-0.278406
-0.257971
-0.2395
-0.221998
-0.208255
-0.361145
-0.344108
-0.33051
-0.315947
-0.300111
-0.281923
-0.263172
-0.245852
-0.22885
-0.215472
-0.35365
-0.339023
-0.326935
-0.313867
-0.300773
-0.285044
-0.268078
-0.251993
-0.235547
-0.222557
-0.34695
-0.334271
-0.323857
-0.31187
-0.301123
-0.287763
-0.272698
-0.257919
-0.242093
-0.22955
-0.340975
-0.329949
-0.321072
-0.310159
-0.301238
-0.290077
-0.27704
-0.263609
-0.248501
-0.236452
-0.33565
-0.326106
-0.318468
-0.30881
-0.30122
-0.291989
-0.281121
-0.269
-0.254772
-0.243331
-0.330908
-0.32273
-0.316041
-0.307749
-0.301189
-0.293528
-0.284962
-0.273998
-0.260928
-0.250119
-0.326687
-0.319769
-0.313843
-0.306843
-0.301235
-0.294753
-0.28861
-0.278405
-0.267083
-0.256862
-0.322923
-0.317159
-0.311911
-0.306013
-0.301363
-0.295771
-0.292066
-0.282084
-0.273215
-0.263386
-0.319541
-0.314846
-0.310239
-0.305248
-0.301518
-0.296701
-0.295298
-0.284769
-0.280045
-0.268644
-0.316498
-0.312764
-0.308788
-0.304563
-0.301664
-0.297607
-0.298223
-0.286514
-0.28713
-0.274026
-0.313738
-0.310861
-0.307509
-0.303959
-0.301831
-0.298447
-0.300768
-0.287546
-0.293851
-0.279042
-0.311205
-0.309098
-0.306349
-0.303408
-0.302055
-0.299103
-0.302954
-0.288004
-0.300162
-0.282914
-0.30885
-0.307438
-0.305265
-0.302876
-0.302334
-0.299462
-0.304874
-0.287963
-0.306135
-0.285222
-0.306634
-0.305852
-0.304223
-0.302322
-0.302605
-0.299505
-0.306558
-0.287616
-0.311512
-0.285949
-0.304521
-0.304317
-0.303193
-0.301714
-0.302794
-0.299271
-0.307917
-0.287351
-0.315649
-0.285619
-0.302487
-0.302826
-0.302138
-0.301047
-0.30285
-0.298953
-0.308828
-0.287536
-0.318047
-0.285326
-0.30052
-0.301373
-0.301048
-0.300342
-0.302724
-0.298569
-0.309227
-0.288248
-0.318725
-0.285873
-0.298616
-0.299958
-0.299928
-0.299619
-0.302364
-0.298174
-0.30918
-0.289326
-0.318077
-0.287233
-0.296781
-0.298586
-0.298791
-0.298862
-0.301745
-0.297896
-0.308689
-0.290448
-0.31665
-0.288849
-0.295029
-0.297268
-0.297656
-0.298079
-0.300971
-0.29769
-0.307739
-0.291544
-0.314851
-0.290244
-0.293379
-0.296021
-0.296547
-0.297286
-0.300101
-0.297469
-0.306464
-0.292717
-0.312721
-0.291263
-0.291853
-0.294864
-0.295492
-0.296503
-0.299191
-0.297219
-0.305083
-0.29374
-0.310336
-0.292281
-0.290479
-0.293817
-0.29452
-0.295757
-0.298299
-0.296943
-0.303711
-0.294539
-0.308136
-0.29309
-0.289282
-0.292903
-0.293658
-0.295075
-0.297476
-0.296654
-0.302443
-0.295125
-0.306213
-0.2937
-0.288288
-0.292141
-0.292934
-0.294488
-0.296766
-0.296376
-0.301356
-0.295529
-0.304622
-0.294168
-0.28752
-0.291552
-0.292368
-0.294021
-0.296204
-0.296136
-0.300502
-0.295785
-0.303404
-0.294514
-0.286998
-0.29115
-0.29198
-0.293697
-0.295815
-0.295958
-0.299916
-0.29593
-0.302582
-0.294742
-0.286733
-0.290947
-0.291783
-0.293531
-0.295617
-0.295864
-0.299619
-0.295995
-0.302169
-0.294855
-0.302196
-0.29258
-0.293509
-0.28547
-0.281175
-0.27234
-0.264304
-0.253407
-0.241977
-0.228351
-0.213571
-0.19711
-0.179342
-0.160793
-0.141376
-0.122568
-0.103942
-0.0872993
-0.072011
-0.0591827
-0.0484001
-0.0395562
-0.032593
-0.0265419
-0.0223748
-0.0176281
-0.0144552
-0.00883237
-0.00578654
-8.80234e-05
-0.302436
-0.292717
-0.293609
-0.285591
-0.281276
-0.272455
-0.264416
-0.253527
-0.242099
-0.228478
-0.213698
-0.197238
-0.179466
-0.160911
-0.141484
-0.122666
-0.104028
-0.0873742
-0.0720765
-0.0592371
-0.048446
-0.0395927
-0.0326224
-0.0265645
-0.0223956
-0.0176484
-0.0144759
-0.00885111
-0.00580155
-9.6901e-05
-0.302887
-0.292972
-0.293803
-0.285822
-0.281479
-0.272678
-0.264636
-0.25376
-0.242336
-0.228724
-0.213946
-0.197488
-0.179708
-0.161144
-0.141699
-0.122863
-0.104201
-0.0875242
-0.0722064
-0.0593444
-0.0485367
-0.0396659
-0.0326822
-0.0266113
-0.0224383
-0.0176892
-0.0145167
-0.0088879
-0.00583091
-0.000114512
-0.303504
-0.293316
-0.294074
-0.286147
-0.281755
-0.272999
-0.264948
-0.254097
-0.242678
-0.22908
-0.214306
-0.197851
-0.180061
-0.161486
-0.142015
-0.123151
-0.10446
-0.0877484
-0.072401
-0.0595057
-0.0486732
-0.0397769
-0.0327737
-0.0266835
-0.022503
-0.0177503
-0.0145765
-0.00894194
-0.00587356
-0.00014059
-0.304214
-0.293692
-0.294405
-0.286532
-0.282114
-0.273392
-0.265344
-0.254519
-0.243111
-0.229531
-0.214763
-0.198315
-0.180515
-0.161926
-0.142423
-0.123529
-0.1048
-0.0880455
-0.0726604
-0.0597222
-0.0488573
-0.0399276
-0.0328984
-0.0267825
-0.0225904
-0.0178315
-0.014654
-0.00901211
-0.00592806
-0.000174759
-0.304936
-0.294083
-0.294752
-0.286968
-0.282502
-0.273851
-0.265789
-0.255013
-0.243615
-0.230063
-0.215305
-0.198863
-0.18105
-0.162449
-0.142922
-0.123989
-0.105218
-0.088414
-0.0729852
-0.0599956
-0.0490908
-0.0401201
-0.033058
-0.0269102
-0.022701
-0.0179325
-0.0147477
-0.00909705
-0.00599269
-0.000216564
-0.30564
-0.294355
-0.295118
-0.287379
-0.282928
-0.274316
-0.266293
-0.25554
-0.244176
-0.230647
-0.215902
-0.199478
-0.181663
-0.16305
-0.143494
-0.124524
-0.105711
-0.0888528
-0.0733762
-0.0603279
-0.0493759
-0.0403566
-0.0332546
-0.0270682
-0.022835
-0.0180527
-0.0148556
-0.00919521
-0.00606558
-0.000265496
-0.306063
-0.294668
-0.295359
-0.287816
-0.283295
-0.27482
-0.266769
-0.256113
-0.244751
-0.231281
-0.216548
-0.200146
-0.18233
-0.163711
-0.144134
-0.125129
-0.106275
-0.0893608
-0.0738341
-0.0607208
-0.0497149
-0.0406393
-0.0334897
-0.027258
-0.0229927
-0.0181915
-0.014976
-0.00930499
-0.00614483
-0.000321004
-0.306117
-0.294936
-0.295443
-0.288216
-0.283601
-0.275293
-0.267243
-0.256675
-0.24534
-0.231926
-0.217216
-0.200848
-0.183039
-0.164423
-0.144832
-0.125797
-0.106909
-0.0899371
-0.0743596
-0.0611762
-0.0501094
-0.0409698
-0.0337647
-0.0274804
-0.0231741
-0.0183481
-0.0151071
-0.0094248
-0.00622867
-0.000382512
-0.305782
-0.295055
-0.295386
-0.2885
-0.283836
-0.2757
-0.267665
-0.257209
-0.245906
-0.232567
-0.217889
-0.201565
-0.183775
-0.165172
-0.14558
-0.126522
-0.107608
-0.0905808
-0.0749531
-0.0616951
-0.050561
-0.0413494
-0.0340805
-0.0277362
-0.023379
-0.0185215
-0.015247
-0.00955308
-0.00631547
-0.000449423
-0.304767
-0.295027
-0.295102
-0.28864
-0.283931
-0.276013
-0.268014
-0.257684
-0.246428
-0.233178
-0.218545
-0.202282
-0.184525
-0.165949
-0.146371
-0.1273
-0.10837
-0.0912905
-0.0756141
-0.062278
-0.05107
-0.0417786
-0.0344372
-0.0280253
-0.0236068
-0.0187107
-0.0153944
-0.00968841
-0.00640386
-0.000521119
-0.302886
-0.294745
-0.29455
-0.288576
-0.283885
-0.276169
-0.268246
-0.258065
-0.24688
-0.233737
-0.219167
-0.202981
-0.185276
-0.166744
-0.147196
-0.128125
-0.109192
-0.0920644
-0.0763416
-0.0629241
-0.0516361
-0.0422568
-0.0348344
-0.028347
-0.0238566
-0.0189145
-0.0155478
-0.00982951
-0.00649269
-0.000596967
-0.300163
-0.294061
-0.293696
-0.288216
-0.28359
-0.276168
-0.268347
-0.258329
-0.247238
-0.234221
-0.219734
-0.203647
-0.186016
-0.167546
-0.14805
-0.128994
-0.11007
-0.0928999
-0.0771333
-0.0636319
-0.0522578
-0.0427829
-0.0352707
-0.0287001
-0.0241275
-0.0191319
-0.0157063
-0.00997528
-0.00658112
-0.000676319
-0.296995
-0.29278
-0.292444
-0.287547
-0.283079
-0.275872
-0.268229
-0.258433
-0.247473
-0.23461
-0.220232
-0.204267
-0.186734
-0.168349
-0.148926
-0.1299
-0.110999
-0.0937936
-0.0779858
-0.0643984
-0.0529327
-0.0433546
-0.0357445
-0.0290829
-0.024418
-0.0193616
-0.0158689
-0.0101248
-0.00666854
-0.000758523
-0.293617
-0.290835
-0.290736
-0.286484
-0.282264
-0.275452
-0.267955
-0.25838
-0.24757
-0.234888
-0.220648
-0.204829
-0.187421
-0.169145
-0.149819
-0.130839
-0.111976
-0.094741
-0.0788947
-0.0652196
-0.053657
-0.0439689
-0.036253
-0.0294933
-0.0247268
-0.0196026
-0.0160351
-0.0102773
-0.00675455
-0.000842925
-0.289947
-0.288302
-0.288501
-0.284955
-0.281016
-0.27447
-0.267319
-0.258087
-0.247495
-0.235037
-0.22097
-0.205328
-0.188073
-0.16993
-0.150723
-0.131807
-0.112994
-0.095737
-0.0798548
-0.0660906
-0.0544267
-0.0446221
-0.0367934
-0.0299288
-0.0250524
-0.0198539
-0.0162045
-0.0104321
-0.00683895
-0.000928877
-0.286121
-0.285142
-0.285754
-0.283028
-0.27957
-0.273651
-0.26662
-0.257653
-0.247273
-0.235058
-0.221193
-0.205756
-0.188683
-0.170699
-0.151635
-0.1328
-0.11405
-0.0967774
-0.0808613
-0.0670068
-0.055237
-0.0453102
-0.0373621
-0.0303867
-0.0253927
-0.0201141
-0.0163766
-0.0105887
-0.00692169
-0.0010158
-0.282079
-0.281443
-0.282423
-0.280483
-0.277468
-0.271952
-0.265292
-0.256866
-0.246839
-0.23494
-0.221326
-0.20613
-0.189266
-0.171459
-0.152555
-0.133813
-0.115134
-0.0978513
-0.081902
-0.0679567
-0.0560785
-0.0460257
-0.0379539
-0.0308631
-0.025746
-0.0203825
-0.0165517
-0.0107472
-0.00700319
-0.00110334
-0.277869
-0.277471
-0.278952
-0.277923
-0.275519
-0.27063
-0.264435
-0.256104
-0.246309
-0.234694
-0.221335
-0.206391
-0.189762
-0.17216
-0.153443
-0.134819
-0.116229
-0.0989496
-0.0829767
-0.0689442
-0.0569582
-0.0467754
-0.0385751
-0.0313627
-0.026116
-0.0206617
-0.0167316
-0.0109087
-0.00708383
-0.00119088
-0.27391
-0.272702
-0.27423
-0.27404
-0.272322
-0.268113
-0.262143
-0.254779
-0.245534
-0.234381
-0.221395
-0.206789
-0.190444
-0.17307
-0.154542
-0.136025
-0.117506
-0.100201
-0.0841705
-0.0700218
-0.0578991
-0.047567
-0.0392207
-0.0318776
-0.0264917
-0.0209424
-0.0169082
-0.0110656
-0.00715972
-0.00127565
-0.268741
-0.268976
-0.270719
-0.271157
-0.269932
-0.266342
-0.261261
-0.253486
-0.24439
-0.233451
-0.220671
-0.206274
-0.190142
-0.172967
-0.154642
-0.136291
-0.117925
-0.100717
-0.0847553
-0.0706206
-0.0584777
-0.0480946
-0.0396793
-0.0322634
-0.0267848
-0.0211665
-0.0170502
-0.0111933
-0.00722207
-0.00135019
-0.263092
-0.264122
-0.266065
-0.267019
-0.266155
-0.26285
-0.257581
-0.250806
-0.242156
-0.23158
-0.219129
-0.205047
-0.189228
-0.172345
-0.154317
-0.136215
-0.118085
-0.101041
-0.0852027
-0.0711241
-0.0589906
-0.0485769
-0.0401038
-0.0326249
-0.0270548
-0.0213719
-0.0171717
-0.0113063
-0.00727219
-0.00141835
-0.257173
-0.258819
-0.261015
-0.262532
-0.262143
-0.259338
-0.254777
-0.248151
-0.239802
-0.229567
-0.217442
-0.20368
-0.188188
-0.171612
-0.153899
-0.136066
-0.118191
-0.101326
-0.0856263
-0.0716159
-0.0595006
-0.0490622
-0.0405333
-0.0329929
-0.027328
-0.0215793
-0.0172902
-0.0114183
-0.00731866
-0.00148749
-0.251007
-0.253294
-0.255771
-0.257826
-0.25793
-0.255635
-0.251442
-0.245272
-0.237296
-0.227429
-0.215656
-0.202239
-0.187096
-0.170847
-0.153466
-0.135915
-0.118305
-0.101628
-0.0860712
-0.0721316
-0.0600349
-0.0495708
-0.0409835
-0.0333784
-0.0276143
-0.0217966
-0.0174139
-0.011535
-0.0073657
-0.00155867
-0.244543
-0.247578
-0.250353
-0.252902
-0.253501
-0.251692
-0.247925
-0.2422
-0.234622
-0.225148
-0.213755
-0.200707
-0.185937
-0.170035
-0.153005
-0.135752
-0.118419
-0.10194
-0.0865332
-0.0726688
-0.0605922
-0.0501023
-0.0414543
-0.0337819
-0.0279142
-0.0220247
-0.0175437
-0.0116568
-0.00741377
-0.00163172
-0.237827
-0.241694
-0.244784
-0.247787
-0.248878
-0.247558
-0.244242
-0.238964
-0.231799
-0.222737
-0.211744
-0.199084
-0.184707
-0.169171
-0.152509
-0.135569
-0.118526
-0.102255
-0.0870058
-0.0732217
-0.061168
-0.0506531
-0.0419431
-0.0342014
-0.0282264
-0.0222625
-0.0176789
-0.0117833
-0.00746264
-0.0017062
-0.230932
-0.235672
-0.239102
-0.242523
-0.244101
-0.243275
-0.240412
-0.235587
-0.228849
-0.220212
-0.209636
-0.197382
-0.183415
-0.16826
-0.151981
-0.135366
-0.118624
-0.10257
-0.087486
-0.0737875
-0.0617594
-0.0512209
-0.0424478
-0.0346355
-0.0285499
-0.0225098
-0.0178195
-0.0119145
-0.00751236
-0.00178172
-0.223912
-0.22954
-0.233335
-0.237143
-0.239203
-0.23887
-0.23646
-0.232092
-0.225793
-0.21759
-0.207446
-0.19561
-0.182066
-0.167307
-0.151421
-0.135144
-0.118712
-0.102885
-0.0879712
-0.0743634
-0.062364
-0.0518036
-0.0429668
-0.0350829
-0.0288839
-0.0227661
-0.0179654
-0.0120502
-0.00756311
-0.00185791
-0.216815
-0.22332
-0.227507
-0.231676
-0.234205
-0.234365
-0.23241
-0.2285
-0.222647
-0.214887
-0.205184
-0.193778
-0.180669
-0.166316
-0.150833
-0.134903
-0.118789
-0.103195
-0.0884585
-0.0749467
-0.0629789
-0.0523988
-0.0434982
-0.0355423
-0.0292277
-0.0230309
-0.0181168
-0.0121903
-0.00761506
-0.00193435
-0.209691
-0.217035
-0.221637
-0.226145
-0.229127
-0.229777
-0.228281
-0.224829
-0.219425
-0.212116
-0.202863
-0.191894
-0.179227
-0.16529
-0.150218
-0.134644
-0.118853
-0.103501
-0.0889452
-0.0755345
-0.0636014
-0.0530041
-0.0440399
-0.0360119
-0.02958
-0.0233038
-0.0182735
-0.0123348
-0.00766838
-0.00201061
-0.202584
-0.210711
-0.215747
-0.220576
-0.223989
-0.225123
-0.224087
-0.221092
-0.216143
-0.209287
-0.20049
-0.189966
-0.177749
-0.164233
-0.149578
-0.134365
-0.118902
-0.103798
-0.0894285
-0.0761237
-0.0642285
-0.0536169
-0.0445896
-0.0364901
-0.0299399
-0.023584
-0.0184354
-0.0124832
-0.0077232
-0.00208628
-0.19554
-0.204376
-0.209857
-0.214992
-0.21881
-0.22042
-0.219844
-0.217303
-0.21281
-0.206412
-0.198076
-0.188001
-0.176237
-0.163149
-0.148913
-0.134068
-0.118937
-0.104086
-0.0899058
-0.0767117
-0.0648574
-0.0542347
-0.0451452
-0.0369752
-0.0303061
-0.0238708
-0.0186022
-0.0126352
-0.00777963
-0.0021609
-0.188602
-0.198058
-0.203988
-0.209417
-0.213613
-0.215684
-0.215567
-0.213478
-0.20944
-0.2035
-0.195627
-0.186005
-0.174697
-0.162041
-0.148227
-0.133753
-0.118956
-0.104362
-0.0903746
-0.0772957
-0.0654854
-0.0548549
-0.0457045
-0.0374653
-0.0306773
-0.0241632
-0.0187735
-0.0127905
-0.00783776
-0.00223405
-0.181812
-0.191787
-0.198162
-0.203875
-0.208419
-0.210933
-0.211271
-0.20963
-0.206045
-0.200562
-0.193153
-0.183986
-0.173135
-0.160912
-0.14752
-0.13342
-0.118957
-0.104625
-0.0908327
-0.0778731
-0.0661097
-0.0554749
-0.0462652
-0.0379585
-0.0310523
-0.0244602
-0.0189489
-0.0129485
-0.00789761
-0.00230531
-0.175204
-0.185597
-0.192402
-0.198391
-0.203252
-0.206186
-0.206972
-0.205774
-0.202638
-0.197609
-0.190663
-0.181951
-0.171555
-0.159766
-0.146795
-0.13307
-0.118942
-0.104873
-0.091278
-0.0784413
-0.0667276
-0.0560921
-0.0468248
-0.0384528
-0.0314294
-0.0247606
-0.0191279
-0.0131085
-0.00795918
-0.00237425
-0.168812
-0.179518
-0.186732
-0.192988
-0.198137
-0.201465
-0.202689
-0.201926
-0.199232
-0.194653
-0.188167
-0.179907
-0.169965
-0.158609
-0.146056
-0.132705
-0.11891
-0.105106
-0.0917085
-0.0789979
-0.0673363
-0.0567037
-0.047381
-0.0389461
-0.0318071
-0.0250632
-0.0193098
-0.0132699
-0.00802239
-0.00244049
-0.162664
-0.173585
-0.181177
-0.187691
-0.193102
-0.196794
-0.198441
-0.198104
-0.195844
-0.191707
-0.185675
-0.177864
-0.168371
-0.157444
-0.145304
-0.132326
-0.11886
-0.105323
-0.0921223
-0.0795402
-0.0679332
-0.0573068
-0.0479311
-0.0394359
-0.0321837
-0.0253664
-0.0194938
-0.0134317
-0.00808712
-0.00250366
-0.156786
-0.167832
-0.175765
-0.182523
-0.188173
-0.192199
-0.194249
-0.194329
-0.192492
-0.188788
-0.183201
-0.175833
-0.166781
-0.156278
-0.144545
-0.131935
-0.118795
-0.105521
-0.0925177
-0.0800657
-0.0685153
-0.0578983
-0.0484724
-0.0399198
-0.0325572
-0.0256686
-0.0196789
-0.013593
-0.00815315
-0.00256341
-0.151204
-0.162294
-0.170525
-0.177512
-0.183381
-0.187709
-0.190138
-0.190621
-0.189195
-0.185913
-0.18076
-0.173825
-0.165204
-0.155117
-0.143783
-0.131535
-0.118714
-0.105702
-0.0928929
-0.0805719
-0.0690796
-0.0584751
-0.0490018
-0.0403949
-0.0329255
-0.0259678
-0.0198641
-0.0137527
-0.00822021
-0.00261945
-0.14594
-0.157003
-0.165487
-0.172686
-0.178756
-0.183356
-0.186137
-0.187005
-0.185976
-0.1831
-0.178366
-0.171853
-0.163653
-0.153971
-0.143024
-0.13113
-0.118619
-0.105864
-0.0932462
-0.0810558
-0.0696229
-0.0590335
-0.0495161
-0.0408582
-0.0332862
-0.026262
-0.0200479
-0.0139096
-0.00828789
-0.00267151
-0.141016
-0.151994
-0.160684
-0.168077
-0.17433
-0.179172
-0.182275
-0.183506
-0.182857
-0.180371
-0.17604
-0.169934
-0.162138
-0.152848
-0.142274
-0.130722
-0.118513
-0.106007
-0.0935761
-0.0815149
-0.0701419
-0.0595698
-0.0500118
-0.0413062
-0.0336365
-0.0265486
-0.020229
-0.0140621
-0.00835569
-0.00271943
-0.136452
-0.1473
-0.15615
-0.163716
-0.170136
-0.175193
-0.178585
-0.180157
-0.179867
-0.17775
-0.173802
-0.168083
-0.160674
-0.151759
-0.141542
-0.130319
-0.118397
-0.106132
-0.0938811
-0.0819461
-0.0706329
-0.0600797
-0.0504848
-0.0417351
-0.0339734
-0.0268251
-0.0204055
-0.0142089
-0.00842293
-0.00276311
-0.132269
-0.142953
-0.15192
-0.159638
-0.166209
-0.171455
-0.175105
-0.176987
-0.177035
-0.175265
-0.171676
-0.166322
-0.159277
-0.150717
-0.140837
-0.129924
-0.118275
-0.106239
-0.0941598
-0.0823464
-0.0710921
-0.0605589
-0.0509309
-0.0421408
-0.0342936
-0.0270884
-0.0205754
-0.0143483
-0.00848876
-0.00280247
-0.128488
-0.138988
-0.148032
-0.155881
-0.162588
-0.167999
-0.171873
-0.174035
-0.174392
-0.172944
-0.169686
-0.164671
-0.157964
-0.149734
-0.140168
-0.129544
-0.118149
-0.106328
-0.0944106
-0.0827126
-0.0715152
-0.0610024
-0.0513453
-0.0425187
-0.0345932
-0.0273352
-0.0207364
-0.0144785
-0.00855212
-0.00283746
-0.125132
-0.135438
-0.144525
-0.152485
-0.159312
-0.164866
-0.168934
-0.171341
-0.171975
-0.170819
-0.167863
-0.163155
-0.156756
-0.148827
-0.139547
-0.129188
-0.118026
-0.106402
-0.0946322
-0.0830413
-0.0718975
-0.0614048
-0.0517227
-0.0428636
-0.0348679
-0.0275618
-0.0208856
-0.0145976
-0.00861175
-0.00286801
-0.122226
-0.132342
-0.141445
-0.149495
-0.156426
-0.162103
-0.166332
-0.168948
-0.169825
-0.168928
-0.166238
-0.161801
-0.155675
-0.148014
-0.138987
-0.128864
-0.117908
-0.10646
-0.0948231
-0.0833286
-0.0722339
-0.0617603
-0.0520573
-0.0431698
-0.0351129
-0.027764
-0.0210201
-0.0147036
-0.00866618
-0.002894
-0.119802
-0.129745
-0.138842
-0.146963
-0.153982
-0.15976
-0.164121
-0.166908
-0.167989
-0.167311
-0.164847
-0.160641
-0.154746
-0.147313
-0.138503
-0.128581
-0.117802
-0.106504
-0.0949816
-0.0835704
-0.0725187
-0.0620622
-0.0523423
-0.043431
-0.0353228
-0.0279373
-0.0211364
-0.0147942
-0.00871376
-0.00291531
-0.117891
-0.12769
-0.136771
-0.144943
-0.152034
-0.157893
-0.162355
-0.165274
-0.166515
-0.166012
-0.163729
-0.159708
-0.153999
-0.146748
-0.138112
-0.128351
-0.117712
-0.106536
-0.0951056
-0.0837619
-0.0727452
-0.0623029
-0.0525702
-0.0436401
-0.0354914
-0.0280765
-0.0212305
-0.0148668
-0.00875264
-0.00293173
-0.116556
-0.126247
-0.135309
-0.143513
-0.150655
-0.156571
-0.161102
-0.164112
-0.165464
-0.165086
-0.162932
-0.159041
-0.153463
-0.146343
-0.13783
-0.128184
-0.117647
-0.106557
-0.0951924
-0.0838972
-0.0729059
-0.0624739
-0.0527325
-0.0437889
-0.0356119
-0.0281759
-0.0212982
-0.0149186
-0.00878081
-0.00294295
-0.115827
-0.125469
-0.134522
-0.142743
-0.149913
-0.155861
-0.16043
-0.163488
-0.1649
-0.164589
-0.162504
-0.158683
-0.153176
-0.146125
-0.137679
-0.128094
-0.117611
-0.106568
-0.0952384
-0.0839693
-0.072992
-0.0625653
-0.0528196
-0.0438685
-0.0356766
-0.0282292
-0.0213348
-0.0149461
-0.00879618
-0.00294848
-0.106379
-0.115836
-0.125112
-0.13419
-0.143058
-0.151717
-0.160175
-0.168438
-0.176516
-0.184417
-0.19215
-0.199723
-0.207147
-0.214421
-0.221539
-0.228534
-0.235238
-0.242072
-0.248073
-0.25599
-0.103192
-0.112336
-0.121301
-0.130082
-0.138678
-0.147091
-0.155325
-0.163386
-0.17128
-0.179011
-0.186586
-0.19401
-0.201283
-0.208423
-0.215374
-0.222292
-0.2288
-0.235831
-0.241731
-0.249978
-0.1001
-0.108885
-0.117499
-0.125946
-0.134224
-0.142336
-0.150284
-0.158071
-0.1657
-0.173177
-0.180502
-0.187688
-0.194718
-0.201652
-0.208376
-0.215187
-0.221541
-0.228586
-0.234544
-0.242503
-0.0970791
-0.10553
-0.113832
-0.121986
-0.129992
-0.137849
-0.145559
-0.153125
-0.160549
-0.167838
-0.174986
-0.18202
-0.188902
-0.195734
-0.202343
-0.209107
-0.215397
-0.222306
-0.228328
-0.235727
-0.0941559
-0.102288
-0.11029
-0.118162
-0.125903
-0.133514
-0.140995
-0.148352
-0.155584
-0.162701
-0.169692
-0.176595
-0.18335
-0.19009
-0.196593
-0.203255
-0.209456
-0.216121
-0.222128
-0.229043
-0.091338
-0.0991562
-0.106858
-0.114444
-0.121915
-0.129271
-0.136513
-0.143646
-0.150666
-0.157588
-0.164392
-0.171125
-0.177711
-0.184293
-0.19064
-0.197116
-0.203209
-0.20961
-0.21561
-0.222207
-0.088621
-0.0961293
-0.103533
-0.110836
-0.118035
-0.125134
-0.132129
-0.139028
-0.145824
-0.152533
-0.15913
-0.165666
-0.17206
-0.178447
-0.184632
-0.1909
-0.196899
-0.20307
-0.20904
-0.215388
-0.0860043
-0.0932089
-0.100321
-0.107343
-0.114273
-0.121115
-0.127863
-0.134526
-0.141093
-0.147584
-0.15397
-0.1603
-0.166505
-0.172693
-0.178722
-0.184785
-0.190671
-0.19662
-0.202488
-0.2086
-0.0834889
-0.0903971
-0.0972226
-0.103969
-0.110634
-0.117219
-0.123721
-0.130146
-0.136485
-0.142753
-0.148928
-0.155048
-0.161061
-0.167043
-0.172904
-0.178753
-0.184488
-0.190214
-0.19593
-0.201818
-0.0810754
-0.087695
-0.0942408
-0.100716
-0.107119
-0.113451
-0.119708
-0.125894
-0.132003
-0.138046
-0.144006
-0.14991
-0.155724
-0.161491
-0.167166
-0.172799
-0.178357
-0.18387
-0.189414
-0.195082
-0.0787639
-0.0851032
-0.0913767
-0.0975872
-0.103733
-0.109815
-0.115829
-0.121778
-0.127657
-0.133473
-0.139215
-0.144898
-0.150506
-0.156057
-0.161536
-0.166957
-0.172327
-0.177632
-0.182986
-0.188431
-0.0765537
-0.0826217
-0.0886309
-0.0945835
-0.100478
-0.106314
-0.112088
-0.117803
-0.123453
-0.129043
-0.134566
-0.14003
-0.145428
-0.150765
-0.156042
-0.161252
-0.166424
-0.17152
-0.176672
-0.181893
-0.0744457
-0.0802518
-0.0860052
-0.0917072
-0.0973566
-0.102952
-0.108492
-0.113975
-0.119399
-0.124766
-0.130071
-0.135317
-0.140504
-0.145628
-0.150698
-0.155698
-0.160665
-0.165554
-0.170498
-0.175498
-0.0724383
-0.0779931
-0.0834998
-0.0889594
-0.0943711
-0.0997333
-0.105044
-0.110301
-0.115503
-0.12065
-0.125739
-0.130771
-0.135746
-0.140659
-0.145521
-0.150314
-0.155074
-0.159757
-0.164488
-0.16927
-0.0705302
-0.0758454
-0.0811149
-0.086341
-0.0915232
-0.0966595
-0.101747
-0.106785
-0.11177
-0.116702
-0.12158
-0.1264
-0.131167
-0.135873
-0.140529
-0.145116
-0.14967
-0.154149
-0.158667
-0.163231
-0.0687257
-0.0738103
-0.0788525
-0.0838543
-0.0888155
-0.0937338
-0.0986065
-0.103431
-0.108206
-0.112929
-0.1176
-0.122216
-0.126779
-0.131281
-0.135734
-0.140121
-0.144471
-0.148749
-0.153057
-0.157403
-0.0670249
-0.0718885
-0.0767134
-0.0815007
-0.08625
-0.090959
-0.0956247
-0.100244
-0.104817
-0.109338
-0.113809
-0.118226
-0.122591
-0.126896
-0.131152
-0.135343
-0.139494
-0.143577
-0.147678
-0.151811
-0.0654245
-0.0700781
-0.0746964
-0.0792798
-0.0838274
-0.0883366
-0.0928046
-0.0972283
-0.101606
-0.105934
-0.110213
-0.114439
-0.118613
-0.122729
-0.126794
-0.130796
-0.134756
-0.138649
-0.142552
-0.146477
-0.0639266
-0.0683816
-0.0728043
-0.0771943
-0.0815503
-0.0858697
-0.0901496
-0.0943867
-0.0985789
-0.102723
-0.106819
-0.110862
-0.114854
-0.118789
-0.122672
-0.126494
-0.130271
-0.133982
-0.137695
-0.141421
-0.0625305
-0.0667986
-0.071037
-0.0752447
-0.0794201
-0.0835604
-0.0876625
-0.0917233
-0.0957402
-0.0997105
-0.103633
-0.107503
-0.111323
-0.115086
-0.118798
-0.122448
-0.126052
-0.129592
-0.133125
-0.136662
-0.0612372
-0.0653304
-0.0693962
-0.0734331
-0.0774391
-0.0814114
-0.0853468
-0.0892421
-0.0930945
-0.0969013
-0.100661
-0.104369
-0.108027
-0.11163
-0.11518
-0.118671
-0.122113
-0.125492
-0.128856
-0.132216
-0.0600478
-0.0639785
-0.0678839
-0.0717618
-0.0756102
-0.0794261
-0.0832064
-0.0869476
-0.0906471
-0.0943019
-0.0979099
-0.101468
-0.104976
-0.10843
-0.111831
-0.115173
-0.118466
-0.121697
-0.124905
-0.128102
-0.0589639
-0.0627449
-0.0665022
-0.0702336
-0.0739366
-0.0776083
-0.0812455
-0.0848448
-0.0884033
-0.0919182
-0.0953872
-0.0988075
-0.102178
-0.105495
-0.10876
-0.111967
-0.115123
-0.118219
-0.121286
-0.124334
-0.0579889
-0.0616335
-0.0652557
-0.0688533
-0.0724237
-0.0759639
-0.0794707
-0.0829408
-0.0863712
-0.089759
-0.093102
-0.0963973
-0.0996436
-0.102838
-0.10598
-0.109066
-0.1121
-0.115076
-0.118017
-0.120931
-0.0571251
-0.0606465
-0.064147
-0.067624
-0.071075
-0.074497
-0.0778866
-0.0812408
-0.0845565
-0.0878309
-0.0910617
-0.0942461
-0.0973825
-0.100468
-0.103503
-0.106482
-0.10941
-0.112281
-0.115112
-0.117911
-0.0563812
-0.0597942
-0.0631874
-0.066558
-0.0699036
-0.0732213
-0.0765078
-0.0797601
-0.0829752
-0.0861503
-0.0892831
-0.092371
-0.0954122
-0.0984043
-0.101346
-0.104235
-0.107073
-0.109855
-0.112595
-0.115296
-0.0557559
-0.0590744
-0.0623743
-0.065653
-0.068908
-0.0721364
-0.0753352
-0.0785011
-0.0816315
-0.0847235
-0.0877748
-0.090783
-0.0937463
-0.0966621
-0.0995296
-0.102346
-0.105112
-0.107824
-0.110491
-0.113115
-0.0552762
-0.0585179
-0.0617414
-0.0649437
-0.0681228
-0.0712761
-0.0744009
-0.0774944
-0.0805539
-0.0835769
-0.086561
-0.0895042
-0.0924044
-0.0952597
-0.0980687
-0.100829
-0.103541
-0.106203
-0.108818
-0.111388
-0.0549189
-0.0580996
-0.0612639
-0.0644098
-0.0675344
-0.070635
-0.0737087
-0.0767526
-0.0797642
-0.0827412
-0.0856813
-0.0885823
-0.0914425
-0.0942598
-0.0970329
-0.0997596
-0.10244
-0.105071
-0.107655
-0.110191
-0.0547597
-0.0578944
-0.0610111
-0.0641077
-0.0671834
-0.0702365
-0.0732649
-0.0762663
-0.0792384
-0.082179
-0.0850862
-0.0879583
-0.0907936
-0.0935904
-0.0963474
-0.0990629
-0.101736
-0.104366
-0.106953
-0.109496
0.115447
0.104392
0.0932539
0.0822384
0.0707655
0.0590659
0.0473362
0.0356005
0.0238727
0.0121883
0.000591632
-0.0108854
-0.0222143
-0.0333648
-0.0443097
-0.0550998
-0.0660943
-0.0766639
-0.0868317
-0.0967239
0.110741
0.0992143
0.087642
0.076897
0.0658516
0.0545912
0.0433549
0.0321494
0.020966
0.00983418
-0.00121279
-0.012152
-0.022965
-0.0336471
-0.0442102
-0.0546354
-0.0646592
-0.0746126
-0.0843525
-0.0938668
0.105
0.0936961
0.0821247
0.0718158
0.0613585
0.0506071
0.0398711
0.0291916
0.0185401
0.00793651
-0.00258702
-0.0130053
-0.0232986
-0.0334525
-0.0434556
-0.0532816
-0.062993
-0.072598
-0.0819828
-0.0911386
0.0989375
0.0881849
0.0767595
0.0668029
0.0568973
0.0466502
0.0363952
0.0262275
0.0161033
0.00602358
-0.00398238
-0.0138901
-0.0236834
-0.0333564
-0.0429051
-0.0523156
-0.0615394
-0.0706853
-0.0796735
-0.0884671
0.0928003
0.0826667
0.0715243
0.0619124
0.0525533
0.0428398
0.0330682
0.0233953
0.0137809
0.00420631
-0.0053043
-0.0147239
-0.0240375
-0.0332402
-0.042325
-0.0512789
-0.0600912
-0.0688342
-0.0774428
-0.0858811
0.0867006
0.0771881
0.0664402
0.0571767
0.048329
0.0391488
0.0298565
0.0206582
0.0115346
0.00245032
-0.00658013
-0.0155284
-0.0243797
-0.0331316
-0.0417792
-0.0503142
-0.058723
-0.0670687
-0.0753032
-0.0833926
0.080699
0.0717842
0.0615076
0.0526074
0.0442372
0.0355824
0.0267695
0.0180309
0.00937769
0.000766215
-0.00780111
-0.016297
-0.0247057
-0.0330257
-0.0412536
-0.0493831
-0.0574065
-0.0653749
-0.0732488
-0.0809984
0.0748451
0.0664984
0.0567387
0.0482171
0.0402928
0.032144
0.0238055
0.0155123
0.00730791
-0.00085036
-0.00897192
-0.0170336
-0.0250191
-0.0329263
-0.0407534
-0.0484962
-0.0561492
-0.0637545
-0.0712793
-0.0786975
0.0691759
0.0613645
0.0521422
0.04401
0.0365046
0.0288369
0.0209632
0.0131031
0.00532709
-0.00239873
-0.0100928
-0.0177386
-0.0253198
-0.0328332
-0.0402777
-0.0476504
-0.0549479
-0.062205
-0.0693932
-0.0764898
0.0637157
0.0564068
0.0477258
0.0399887
0.0328793
0.0256655
0.0182424
0.0108025
0.00343558
-0.00387923
-0.0111652
-0.0184134
-0.0256091
-0.0327475
-0.0398271
-0.0468462
-0.0538026
-0.0607257
-0.0675898
-0.0743751
0.0584804
0.0516425
0.0434961
0.0361546
0.0294209
0.0226331
0.0156427
0.00860908
0.00163301
-0.00529204
-0.0121901
-0.0190593
-0.0258877
-0.0326691
-0.0394013
-0.0460831
-0.0527131
-0.0593162
-0.0658686
-0.0723532
0.0534809
0.0470839
0.039458
0.0325083
0.0261318
0.0197423
0.0131639
0.00652131
-8.1496e-05
-0.00663746
-0.0131681
-0.0196772
-0.0261564
-0.0325983
-0.0389997
-0.0453589
-0.0516758
-0.0579737
-0.0642276
-0.0704227
0.0487247
0.0427395
0.0356153
0.0290497
0.0230128
0.016995
0.0108059
0.00453756
-0.00170926
-0.00791606
-0.0140997
-0.0202679
-0.0264155
-0.0325357
-0.0386243
-0.0446793
-0.0507003
-0.0567046
-0.0626695
-0.0685846
0.0442167
0.038615
0.0319699
0.0257781
0.0200638
0.0143919
0.00856865
0.00265628
-0.00325187
-0.00912886
-0.0149858
-0.0208323
-0.0266659
-0.0324794
-0.0382665
-0.0440236
-0.049753
-0.0554874
-0.0611838
-0.0668344
0.0399596
0.0347139
0.0285229
0.0226921
0.0172841
0.0119334
0.00645179
0.000876111
-0.00471077
-0.0102766
-0.0158267
-0.0213711
-0.0269105
-0.0324401
-0.0379556
-0.0434532
-0.0489256
-0.0543463
-0.0597657
-0.0651676
0.0359547
0.0310381
0.0252744
0.0197899
0.014672
0.0096192
0.00445497
-0.00080416
-0.00608744
-0.01136
-0.016622
-0.0218822
-0.0271423
-0.0323979
-0.0376428
-0.0428716
-0.0480789
-0.0532591
-0.0584362
-0.0635979
0.0322016
0.0275884
0.022224
0.017069
0.0122255
0.00744852
0.00257778
-0.00238555
-0.00738317
-0.0123802
-0.0173723
-0.0223662
-0.0273646
-0.0323638
-0.0373581
-0.0423417
-0.0473094
-0.0522543
-0.057195
-0.0621237
0.0286992
0.0243645
0.0193705
0.0145273
0.00994216
0.00542017
0.000819611
-0.00386899
-0.00859926
-0.0133381
-0.0180781
-0.0228234
-0.0275766
-0.0323347
-0.0370922
-0.0418433
-0.046583
-0.0513069
-0.0560274
-0.0607377
0.025446
0.0213657
0.016713
0.0121622
0.00781953
0.00353269
-0.000820227
-0.00525528
-0.00973685
-0.014235
-0.0187401
-0.0232541
-0.0277791
-0.0323123
-0.0368489
-0.041383
-0.0459099
-0.0504252
-0.054938
-0.0594422
0.0224399
0.0185908
0.0142501
0.00997137
0.00585502
0.0017844
-0.00234255
-0.00654515
-0.0107969
-0.0150718
-0.0193591
-0.0236589
-0.0279721
-0.0322964
-0.0366271
-0.0409588
-0.0452866
-0.0496065
-0.0539248
-0.0582363
0.0196793
0.0160387
0.0119809
0.00795299
0.00404628
0.000173631
-0.0037482
-0.00773916
-0.0117802
-0.0158494
-0.019936
-0.0240382
-0.0281561
-0.0322873
-0.0364274
-0.0405713
-0.0447141
-0.0488519
-0.0529889
-0.0571204
0.0171628
0.0137087
0.00990482
0.00610566
0.00239144
-0.00130111
-0.00503792
-0.00883773
-0.0126872
-0.0165685
-0.0204713
-0.0243926
-0.0283314
-0.0322853
-0.03625
-0.0402208
-0.0441928
-0.048162
-0.052131
-0.0560957
0.0148899
0.0116007
0.00802201
0.00442882
0.000889285
-0.00264088
-0.00621221
-0.00984101
-0.0135182
-0.0172295
-0.0209654
-0.0247223
-0.0284983
-0.0322905
-0.0360951
-0.0399074
-0.0437228
-0.0475372
-0.0513521
-0.0551635
0.0128615
0.00971575
0.00633373
0.00292299
-0.000460433
-0.00384608
-0.00727117
-0.0107489
-0.0142732
-0.0178327
-0.0214192
-0.0250285
-0.0286581
-0.032305
-0.0359651
-0.0396342
-0.0433075
-0.0469811
-0.0506552
-0.0543269
0.0110804
0.0080566
0.0048427
0.00159016
-0.00165661
-0.00491595
-0.00821389
-0.0115603
-0.0149509
-0.018377
-0.0218314
-0.0253098
-0.0288092
-0.0323263
-0.0358574
-0.0393981
-0.0429443
-0.046492
-0.0500408
-0.0535874
0.00955206
0.00662819
0.00355356
0.000433898
-0.00269703
-0.00584933
-0.00903994
-0.0122755
-0.0155528
-0.018865
-0.0222063
-0.0255722
-0.0289594
-0.0323644
-0.0357836
-0.0392125
-0.0426468
-0.0460826
-0.0495188
-0.0529536
0.00828556
0.0054391
0.0024746
-0.000538226
-0.00357482
-0.00663948
-0.00974199
-0.0128861
-0.0160692
-0.0192859
-0.0225313
-0.0258013
-0.0290923
-0.032401
-0.0357236
-0.0390565
-0.0423958
-0.045738
-0.0490813
-0.0524226
0.00729355
0.00449989
0.001614
-0.00132148
-0.00428951
-0.00729055
-0.010329
-0.0134062
-0.0165196
-0.019665
-0.0228379
-0.0260345
-0.0292512
-0.0324844
-0.0357304
-0.0389851
-0.0422444
-0.0455043
-0.0487634
-0.0520221
0.00659984
0.00383574
0.000999214
-0.00188509
-0.00480569
-0.00776103
-0.0107523
-0.0137794
-0.0168399
-0.0199304
-0.0230472
-0.0261867
-0.0293456
-0.0325206
-0.0357083
-0.0389054
-0.0421085
-0.0453146
-0.048521
-0.0517243
0.00622123
0.00345241
0.000619568
-0.0022608
-0.00517841
-0.00812955
-0.0111132
-0.014128
-0.0171716
-0.0202407
-0.023332
-0.0264419
-0.0295673
-0.0327049
-0.0358514
-0.0390035
-0.0421576
-0.0453107
-0.0484617
-0.0516127
0.124939
0.126373
0.128558
0.131613
0.134916
0.138592
0.1419
0.145048
0.147104
0.148497
0.147998
0.14646
0.142191
0.136547
0.126079
0.124004
0.12533
0.127339
0.130132
0.133099
0.136347
0.139156
0.141708
0.143124
0.143755
0.142542
0.140116
0.135242
0.1286
0.11951
0.123001
0.124213
0.126033
0.128548
0.131161
0.133964
0.136264
0.138213
0.139004
0.138913
0.137066
0.133882
0.128602
0.121505
0.112949
0.121924
0.123016
0.124637
0.126858
0.129105
0.131443
0.133223
0.134557
0.134729
0.133927
0.131485
0.127612
0.12197
0.114564
0.106137
0.12077
0.121737
0.123152
0.125067
0.126937
0.128799
0.130057
0.130772
0.130342
0.128854
0.125851
0.121377
0.115397
0.107803
0.0994515
0.119538
0.120375
0.121575
0.123173
0.124659
0.126036
0.126775
0.126878
0.125865
0.12373
0.120205
0.115225
0.108946
0.101263
0.0930058
0.118223
0.118925
0.119906
0.121176
0.122271
0.123158
0.123381
0.122885
0.12131
0.118577
0.11457
0.109174
0.102645
0.0949347
0.0867868
0.116825
0.117387
0.118141
0.119075
0.119777
0.120172
0.119884
0.118807
0.116695
0.113414
0.108969
0.103232
0.0965061
0.0888019
0.0807767
0.115341
0.115759
0.116283
0.116874
0.117178
0.117083
0.116293
0.11466
0.112037
0.108263
0.103424
0.0974116
0.0905392
0.082865
0.0749773
0.113771
0.114041
0.11433
0.114574
0.11448
0.113902
0.112622
0.110461
0.107356
0.103143
0.0979581
0.0917256
0.0847548
0.0771328
0.0693969
0.112115
0.112233
0.112285
0.11218
0.11169
0.110639
0.108883
0.106228
0.102675
0.098073
0.0925917
0.0861882
0.079163
0.0716156
0.0640432
0.110373
0.110338
0.11015
0.109698
0.108815
0.107307
0.105094
0.101979
0.0980143
0.0930734
0.0873443
0.0808142
0.0737735
0.0663224
0.0589231
0.108548
0.108359
0.107931
0.107135
0.105867
0.10392
0.10127
0.0977322
0.093396
0.0881636
0.0822338
0.0756177
0.068595
0.0612608
0.0540426
0.106643
0.1063
0.105634
0.104502
0.102856
0.100493
0.097431
0.0935088
0.0888415
0.0833629
0.0772768
0.070612
0.0636362
0.056437
0.0494067
0.104665
0.10417
0.103266
0.10181
0.0997985
0.0970423
0.093597
0.0893289
0.0843722
0.0786904
0.0724888
0.0658092
0.0589049
0.0518563
0.0450189
0.10262
0.101977
0.10084
0.0990708
0.0967092
0.0935874
0.0897891
0.0852137
0.0800087
0.0741644
0.0678844
0.06122
0.0544084
0.0475224
0.0408812
0.100518
0.0997327
0.0983673
0.0963009
0.0936071
0.0901479
0.0860293
0.0811848
0.0757714
0.0698026
0.0634776
0.0568545
0.0501528
0.0434385
0.0369948
0.0983717
0.0974501
0.095864
0.0935175
0.0905125
0.0867455
0.0823403
0.0772643
0.0716803
0.065622
0.0592814
0.0527215
0.0461435
0.0396067
0.0333598
0.0961954
0.0951458
0.0933484
0.0907406
0.0874477
0.0834032
0.0787459
0.0734745
0.0677553
0.0616387
0.055308
0.0488294
0.0423853
0.0360288
0.0299759
0.0940073
0.0928389
0.0908417
0.0879928
0.0844371
0.0801459
0.0752704
0.0698377
0.0640158
0.0578686
0.0515693
0.0451859
0.0388824
0.0327062
0.0268426
0.0918287
0.0905516
0.0883681
0.0852992
0.0815073
0.0769999
0.0719391
0.0663772
0.0604816
0.0543274
0.0480769
0.0417987
0.0356391
0.0296404
0.0239594
0.0896846
0.0883094
0.085955
0.0826879
0.0786868
0.0739934
0.0687786
0.0631163
0.0571725
0.0510309
0.0448425
0.0386756
0.03266
0.0268332
0.0213263
0.087604
0.0861416
0.083633
0.08019
0.0760068
0.0711563
0.0658164
0.0600796
0.0541093
0.0479954
0.0418784
0.0358252
0.0299505
0.0242875
0.0189445
0.0856197
0.0840812
0.0814364
0.0778399
0.0735011
0.0685208
0.0630822
0.0572931
0.0513139
0.0452387
0.0391981
0.0332574
0.0275174
0.0220076
0.0168161
0.083769
0.0821655
0.079403
0.0756755
0.0712067
0.0661216
0.0606076
0.0547847
0.0488099
0.0427803
0.0368172
0.030984
0.0253694
0.0199997
0.0149455
0.0820938
0.080436
0.0775748
0.0737385
0.0691638
0.0639966
0.0584273
0.0525853
0.046624
0.0406425
0.0347539
0.0290196
0.0235181
0.0182728
0.0133398
0.0806408
0.0789393
0.0759982
0.0720747
0.0674171
0.062188
0.0565799
0.0507295
0.0447867
0.0388515
0.0330306
0.0273832
0.0219792
0.01684
0.0120099
0.0794614
0.0777266
0.0747244
0.0707349
0.0660159
0.0607428
0.0551094
0.0492573
0.0433338
0.0374392
0.0316749
0.0260986
0.0207736
0.0157194
0.0109711
0.0786124
0.0768544
0.07381
0.0697757
0.0650156
0.0597142
0.0540659
0.0482157
0.0423084
0.0364447
0.030722
0.0251971
0.0199287
0.0149354
0.0102464
0.0781555
0.0763854
0.0733179
0.0692603
0.0644789
0.0591635
0.0535083
0.0476605
0.0417628
0.0359167
0.0302168
0.0247201
0.019482
0.0145212
0.00986218
0.137103
0.139256
0.142678
0.147749
0.153812
0.161137
0.169289
0.178412
0.188218
0.198804
0.209901
0.221571
0.233538
0.245877
0.258277
0.137036
0.139185
0.142601
0.147662
0.15371
0.161019
0.169143
0.178238
0.188004
0.198545
0.209583
0.22119
0.233076
0.245332
0.257616
0.136903
0.139043
0.142447
0.147489
0.153509
0.160785
0.168852
0.177891
0.187575
0.198029
0.208948
0.220429
0.232152
0.244239
0.256292
0.136704
0.138832
0.142216
0.14723
0.153206
0.160432
0.168417
0.177373
0.186935
0.197258
0.207999
0.21929
0.230765
0.242598
0.254302
0.136439
0.138552
0.141911
0.146886
0.152808
0.159967
0.167842
0.176685
0.186086
0.196235
0.206738
0.217775
0.228918
0.240408
0.251646
0.136111
0.138204
0.141532
0.146459
0.152306
0.159383
0.167126
0.175832
0.185031
0.194963
0.205168
0.215888
0.226613
0.237673
0.248326
0.135719
0.13779
0.141082
0.145953
0.151726
0.158692
0.166275
0.174816
0.183773
0.193447
0.203293
0.213635
0.223854
0.234396
0.244347
0.135267
0.137312
0.140561
0.145364
0.151019
0.157882
0.165291
0.173639
0.182316
0.191691
0.201118
0.211019
0.220646
0.230586
0.239716
0.134756
0.136771
0.139974
0.144711
0.150286
0.156965
0.164177
0.172307
0.180664
0.1897
0.198646
0.208048
0.216995
0.22625
0.234447
0.134187
0.136171
0.139321
0.143971
0.149403
0.15594
0.162939
0.170822
0.178823
0.187479
0.195883
0.204729
0.212908
0.221401
0.228554
0.133564
0.135512
0.138606
0.143166
0.148471
0.154822
0.161582
0.169187
0.176798
0.185032
0.192836
0.20107
0.208395
0.216053
0.222053
0.132888
0.134799
0.137832
0.142276
0.147439
0.153602
0.160109
0.167408
0.174595
0.182363
0.189511
0.197079
0.203464
0.210222
0.214967
0.132161
0.134033
0.137003
0.141342
0.146332
0.15229
0.158525
0.165486
0.172221
0.179479
0.185917
0.192766
0.198125
0.203925
0.207315
0.131387
0.133219
0.136126
0.140337
0.145148
0.150888
0.156834
0.163428
0.169683
0.176382
0.182064
0.188137
0.192389
0.197183
0.199117
0.130568
0.132358
0.135171
0.139257
0.143898
0.149403
0.155041
0.161238
0.166986
0.173077
0.177962
0.183198
0.18627
0.190016
0.190393
0.129707
0.131459
0.134217
0.138124
0.142583
0.147837
0.153152
0.158924
0.16414
0.169572
0.173627
0.177954
0.179784
0.182441
0.181152
0.128808
0.130506
0.133162
0.136938
0.141206
0.146193
0.151165
0.156483
0.16114
0.165863
0.169063
0.172402
0.172957
0.174471
0.1714
0.127873
0.129532
0.132084
0.135707
0.139773
0.144486
0.149101
0.153948
0.158022
0.161988
0.1643
0.166553
0.165808
0.166082
0.16112
0.1269
0.128507
0.13096
0.134424
0.138271
0.142679
0.146903
0.151237
0.154691
0.157868
0.15929
0.160386
0.158408
0.157245
0.150322
0.125907
0.127453
0.129818
0.133149
0.136805
0.140954
0.144818
0.148672
0.151481
0.153807
0.154205
0.154011
0.150648
0.147858
0.13895
0.125907
0.127453
0.129818
0.133149
0.136805
0.140954
0.144818
0.148672
0.151481
0.153807
0.154205
0.154011
0.150648
0.147858
0.13895
0.1269
0.128507
0.13096
0.134424
0.138271
0.142679
0.146903
0.151237
0.154691
0.157868
0.15929
0.160386
0.158408
0.157245
0.150322
0.127873
0.129532
0.132084
0.135707
0.139774
0.144486
0.149101
0.153949
0.158022
0.161988
0.1643
0.166553
0.165808
0.166082
0.16112
0.128808
0.130506
0.133162
0.136938
0.141206
0.146193
0.151165
0.156483
0.16114
0.165863
0.169063
0.172402
0.172957
0.174471
0.1714
0.129707
0.131459
0.134217
0.138124
0.142583
0.147837
0.153152
0.158924
0.16414
0.169572
0.173627
0.177954
0.179784
0.182441
0.181152
0.130568
0.132358
0.135171
0.139257
0.143898
0.149403
0.155041
0.161238
0.166986
0.173077
0.177962
0.183198
0.18627
0.190016
0.190393
0.131387
0.133219
0.136126
0.140337
0.145148
0.150888
0.156834
0.163428
0.169683
0.176382
0.182064
0.188137
0.192389
0.197183
0.199117
0.132161
0.134033
0.137003
0.141342
0.146332
0.15229
0.158525
0.165486
0.172221
0.179479
0.185917
0.192766
0.198125
0.203925
0.207315
0.132888
0.134799
0.137832
0.142276
0.147439
0.153602
0.160109
0.167408
0.174595
0.182363
0.189511
0.197079
0.203464
0.210222
0.214967
0.133564
0.135512
0.138606
0.143166
0.148471
0.154822
0.161582
0.169188
0.176798
0.185032
0.192836
0.20107
0.208395
0.216053
0.222054
0.134187
0.136171
0.139321
0.143971
0.149403
0.15594
0.162939
0.170822
0.178823
0.187479
0.195883
0.204729
0.212908
0.221401
0.228554
0.134756
0.136771
0.139974
0.144711
0.150286
0.156965
0.164177
0.172307
0.180664
0.1897
0.198646
0.208048
0.216995
0.22625
0.234447
0.135267
0.137312
0.140561
0.145364
0.151019
0.157882
0.165291
0.173639
0.182316
0.191691
0.201118
0.211019
0.220646
0.230586
0.239716
0.135719
0.13779
0.141082
0.145953
0.151726
0.158692
0.166275
0.174816
0.183773
0.193447
0.203293
0.213635
0.223854
0.234396
0.244347
0.136111
0.138204
0.141532
0.146459
0.152306
0.159383
0.167126
0.175832
0.185031
0.194963
0.205168
0.215888
0.226613
0.237673
0.248326
0.136439
0.138552
0.141911
0.146886
0.152808
0.159967
0.167842
0.176685
0.186086
0.196235
0.206738
0.217775
0.228918
0.240408
0.251646
0.136704
0.138832
0.142216
0.14723
0.153206
0.160432
0.168417
0.177373
0.186935
0.197258
0.207999
0.21929
0.230765
0.242598
0.254302
0.136903
0.139043
0.142447
0.147489
0.153509
0.160785
0.168852
0.177891
0.187575
0.198029
0.208948
0.220429
0.232152
0.244239
0.256292
0.137036
0.139185
0.142601
0.147662
0.15371
0.161019
0.169143
0.178238
0.188004
0.198545
0.209583
0.22119
0.233076
0.245332
0.257616
0.137103
0.139256
0.142678
0.147749
0.153812
0.161137
0.169289
0.178412
0.188218
0.198804
0.209901
0.221571
0.233538
0.245877
0.258277
0.0781555
0.0763854
0.073318
0.0692604
0.064479
0.0591636
0.0535083
0.0476605
0.0417628
0.0359168
0.0302169
0.0247201
0.0194821
0.0145212
0.00986222
0.0786124
0.0768544
0.07381
0.0697757
0.0650157
0.0597143
0.054066
0.0482158
0.0423085
0.0364448
0.0307221
0.0251972
0.0199287
0.0149354
0.0102464
0.0794615
0.0777266
0.0747244
0.070735
0.0660159
0.0607428
0.0551094
0.0492574
0.0433338
0.0374393
0.0316749
0.0260986
0.0207736
0.0157194
0.0109711
0.0806409
0.0789393
0.0759982
0.0720747
0.0674171
0.062188
0.05658
0.0507295
0.0447867
0.0388516
0.0330306
0.0273832
0.0219793
0.0168401
0.0120099
0.0820939
0.0804361
0.0775748
0.0737385
0.0691638
0.0639966
0.0584273
0.0525853
0.0466241
0.0406425
0.034754
0.0290197
0.0235182
0.0182729
0.0133399
0.083769
0.0821655
0.079403
0.0756756
0.0712067
0.0661216
0.0606076
0.0547848
0.0488099
0.0427803
0.0368173
0.030984
0.0253694
0.0199997
0.0149455
0.0856197
0.0840813
0.0814364
0.07784
0.0735012
0.0685208
0.0630822
0.0572931
0.0513139
0.0452388
0.0391982
0.0332574
0.0275174
0.0220076
0.0168161
0.087604
0.0861417
0.083633
0.08019
0.0760068
0.0711564
0.0658165
0.0600796
0.0541094
0.0479955
0.0418784
0.0358253
0.0299506
0.0242876
0.0189445
0.0896847
0.0883095
0.085955
0.0826879
0.0786868
0.0739935
0.0687786
0.0631163
0.0571726
0.0510309
0.0448425
0.0386756
0.03266
0.0268332
0.0213264
0.0918287
0.0905516
0.0883681
0.0852992
0.0815073
0.077
0.0719392
0.0663772
0.0604816
0.0543274
0.0480769
0.0417987
0.0356391
0.0296404
0.0239594
0.0940073
0.0928389
0.0908417
0.0879928
0.0844372
0.0801459
0.0752704
0.0698378
0.0640158
0.0578687
0.0515694
0.045186
0.0388824
0.0327062
0.0268426
0.0961954
0.0951459
0.0933485
0.0907407
0.0874477
0.0834032
0.0787459
0.0734745
0.0677553
0.0616387
0.055308
0.0488295
0.0423853
0.0360288
0.0299759
0.0983717
0.0974502
0.0958641
0.0935175
0.0905125
0.0867455
0.0823404
0.0772644
0.0716804
0.065622
0.0592814
0.0527216
0.0461436
0.0396067
0.0333598
0.100518
0.0997328
0.0983674
0.0963009
0.0936072
0.090148
0.0860293
0.0811849
0.0757714
0.0698027
0.0634777
0.0568545
0.0501528
0.0434385
0.0369948
0.10262
0.101977
0.10084
0.0990708
0.0967093
0.0935874
0.0897892
0.0852137
0.0800087
0.0741644
0.0678845
0.06122
0.0544084
0.0475224
0.0408812
0.104665
0.10417
0.103266
0.10181
0.0997985
0.0970424
0.0935971
0.089329
0.0843722
0.0786904
0.0724888
0.0658092
0.0589049
0.0518563
0.0450189
0.106643
0.1063
0.105634
0.104502
0.102856
0.100493
0.097431
0.0935089
0.0888415
0.0833629
0.0772768
0.0706121
0.0636362
0.0564371
0.0494067
0.108548
0.108359
0.107931
0.107135
0.105867
0.10392
0.10127
0.0977323
0.093396
0.0881636
0.0822338
0.0756178
0.068595
0.0612608
0.0540426
0.110373
0.110338
0.11015
0.109698
0.108815
0.107307
0.105094
0.101979
0.0980143
0.0930734
0.0873443
0.0808142
0.0737735
0.0663224
0.0589231
0.112115
0.112233
0.112285
0.11218
0.11169
0.110639
0.108884
0.106228
0.102675
0.098073
0.0925917
0.0861882
0.0791631
0.0716156
0.0640432
0.113771
0.114041
0.11433
0.114574
0.11448
0.113902
0.112622
0.110461
0.107356
0.103143
0.0979581
0.0917256
0.0847548
0.0771328
0.0693969
0.115341
0.115759
0.116283
0.116874
0.117178
0.117083
0.116293
0.11466
0.112037
0.108263
0.103424
0.0974116
0.0905392
0.082865
0.0749774
0.116825
0.117387
0.118141
0.119075
0.119777
0.120172
0.119884
0.118807
0.116695
0.113414
0.108969
0.103232
0.0965061
0.0888019
0.0807767
0.118223
0.118925
0.119906
0.121176
0.122271
0.123158
0.123381
0.122885
0.12131
0.118577
0.11457
0.109174
0.102645
0.0949347
0.0867868
0.119538
0.120375
0.121575
0.123173
0.124659
0.126036
0.126775
0.126878
0.125865
0.12373
0.120205
0.115225
0.108946
0.101263
0.0930058
0.12077
0.121737
0.123152
0.125067
0.126937
0.128799
0.130057
0.130772
0.130342
0.128854
0.125851
0.121377
0.115397
0.107803
0.0994515
0.121924
0.123016
0.124637
0.126858
0.129105
0.131443
0.133223
0.134557
0.134729
0.133927
0.131485
0.127612
0.12197
0.114564
0.106137
0.123001
0.124213
0.126033
0.128548
0.131162
0.133964
0.136264
0.138213
0.139004
0.138913
0.137066
0.133882
0.128602
0.121505
0.112949
0.124004
0.125331
0.127339
0.130132
0.133099
0.136347
0.139156
0.141708
0.143124
0.143755
0.142542
0.140116
0.135242
0.1286
0.11951
0.124939
0.126373
0.128558
0.131613
0.134916
0.138592
0.1419
0.145048
0.147104
0.148497
0.147998
0.14646
0.142191
0.136548
0.126079
0.00622128
0.00345246
0.000619614
-0.00226075
-0.00517836
-0.0081295
-0.0111131
-0.014128
-0.0171716
-0.0202407
-0.0233319
-0.0264419
-0.0295672
-0.0327049
-0.0358514
-0.0390034
-0.0421575
-0.0453106
-0.0484617
-0.0516127
0.00659989
0.00383578
0.000999258
-0.00188505
-0.00480564
-0.00776099
-0.0107523
-0.0137794
-0.0168399
-0.0199304
-0.0230472
-0.0261867
-0.0293456
-0.0325206
-0.0357083
-0.0389054
-0.0421085
-0.0453145
-0.0485209
-0.0517243
0.0072936
0.00449994
0.00161404
-0.00132144
-0.00428947
-0.0072905
-0.010329
-0.0134062
-0.0165196
-0.019665
-0.0228379
-0.0260345
-0.0292512
-0.0324844
-0.0357304
-0.0389851
-0.0422443
-0.0455042
-0.0487634
-0.0520221
0.0082856
0.00543914
0.00247464
-0.000538185
-0.00357478
-0.00663944
-0.00974195
-0.0128861
-0.0160691
-0.0192859
-0.0225313
-0.0258012
-0.0290922
-0.0324009
-0.0357236
-0.0390565
-0.0423958
-0.045738
-0.0490813
-0.0524226
0.00955209
0.00662823
0.0035536
0.000433935
-0.00269699
-0.0058493
-0.0090399
-0.0122754
-0.0155527
-0.018865
-0.0222062
-0.0255721
-0.0289593
-0.0323644
-0.0357835
-0.0392124
-0.0426468
-0.0460825
-0.0495187
-0.0529535
0.0110804
0.00805664
0.00484273
0.00159019
-0.00165658
-0.00491592
-0.00821386
-0.0115603
-0.0149509
-0.0183769
-0.0218313
-0.0253098
-0.0288092
-0.0323263
-0.0358574
-0.0393981
-0.0429443
-0.046492
-0.0500408
-0.0535873
0.0128615
0.00971579
0.00633376
0.00292302
-0.000460403
-0.00384605
-0.00727114
-0.0107489
-0.0142732
-0.0178326
-0.0214192
-0.0250285
-0.0286581
-0.0323049
-0.0359651
-0.0396342
-0.0433075
-0.0469811
-0.0506552
-0.0543269
0.0148899
0.0116007
0.00802204
0.00442884
0.00088931
-0.00264085
-0.00621218
-0.00984099
-0.0135182
-0.0172294
-0.0209654
-0.0247223
-0.0284983
-0.0322905
-0.0360951
-0.0399074
-0.0437228
-0.0475372
-0.0513521
-0.0551635
0.0171628
0.0137087
0.00990484
0.00610569
0.00239146
-0.00130109
-0.0050379
-0.00883771
-0.0126872
-0.0165685
-0.0204713
-0.0243926
-0.0283314
-0.0322853
-0.03625
-0.0402208
-0.0441928
-0.048162
-0.052131
-0.0560957
0.0196793
0.0160387
0.0119809
0.00795301
0.0040463
0.000173647
-0.00374818
-0.00773915
-0.0117802
-0.0158494
-0.019936
-0.0240382
-0.0281561
-0.0322873
-0.0364274
-0.0405713
-0.0447141
-0.0488519
-0.0529889
-0.0571204
0.02244
0.0185908
0.0142501
0.00997138
0.00585503
0.00178441
-0.00234254
-0.00654514
-0.0107969
-0.0150718
-0.0193591
-0.0236589
-0.0279721
-0.0322964
-0.0366271
-0.0409588
-0.0452866
-0.0496066
-0.0539249
-0.0582363
0.025446
0.0213657
0.016713
0.0121622
0.00781955
0.0035327
-0.00082022
-0.00525528
-0.00973685
-0.014235
-0.0187401
-0.0232542
-0.0277791
-0.0323123
-0.0368489
-0.0413831
-0.0459099
-0.0504252
-0.054938
-0.0594423
0.0286992
0.0243646
0.0193706
0.0145273
0.00994217
0.00542018
0.000819615
-0.00386899
-0.00859926
-0.0133381
-0.0180781
-0.0228234
-0.0275766
-0.0323347
-0.0370922
-0.0418433
-0.046583
-0.0513069
-0.0560274
-0.0607377
0.0322016
0.0275884
0.022224
0.0170691
0.0122255
0.00744852
0.00257778
-0.00238555
-0.00738318
-0.0123802
-0.0173723
-0.0223663
-0.0273646
-0.0323638
-0.0373581
-0.0423417
-0.0473094
-0.0522543
-0.0571951
-0.0621238
0.0359547
0.0310381
0.0252744
0.0197899
0.014672
0.00961921
0.00445497
-0.000804164
-0.00608744
-0.01136
-0.0166221
-0.0218822
-0.0271423
-0.0323979
-0.0376429
-0.0428717
-0.0480789
-0.0532592
-0.0584363
-0.063598
0.0399596
0.0347139
0.0285229
0.0226921
0.0172841
0.0119334
0.00645178
0.000876105
-0.00471078
-0.0102766
-0.0158267
-0.0213711
-0.0269105
-0.0324401
-0.0379557
-0.0434533
-0.0489257
-0.0543463
-0.0597658
-0.0651677
0.0442167
0.038615
0.0319699
0.0257781
0.0200638
0.0143919
0.00856865
0.00265627
-0.00325188
-0.00912888
-0.0149859
-0.0208323
-0.0266659
-0.0324794
-0.0382665
-0.0440236
-0.0497531
-0.0554874
-0.0611838
-0.0668345
0.0487247
0.0427395
0.0356153
0.0290497
0.0230128
0.016995
0.0108059
0.00453755
-0.00170927
-0.00791608
-0.0140997
-0.0202679
-0.0264155
-0.0325357
-0.0386243
-0.0446793
-0.0507004
-0.0567047
-0.0626696
-0.0685847
0.0534809
0.0470839
0.039458
0.0325083
0.0261318
0.0197423
0.0131639
0.0065213
-8.151e-05
-0.00663748
-0.0131681
-0.0196773
-0.0261564
-0.0325983
-0.0389997
-0.0453589
-0.0516759
-0.0579737
-0.0642277
-0.0704228
0.0584804
0.0516425
0.0434961
0.0361546
0.0294209
0.0226331
0.0156427
0.00860907
0.00163299
-0.00529206
-0.0121901
-0.0190593
-0.0258877
-0.0326691
-0.0394014
-0.0460831
-0.0527132
-0.0593163
-0.0658687
-0.0723533
0.0637158
0.0564068
0.0477258
0.0399887
0.0328793
0.0256655
0.0182424
0.0108025
0.00343557
-0.00387925
-0.0111653
-0.0184134
-0.0256092
-0.0327475
-0.0398271
-0.0468462
-0.0538026
-0.0607258
-0.0675899
-0.0743752
0.069176
0.0613645
0.0521422
0.04401
0.0365046
0.0288369
0.0209632
0.0131031
0.00532708
-0.00239875
-0.0100928
-0.0177386
-0.0253199
-0.0328333
-0.0402778
-0.0476505
-0.0549479
-0.0622051
-0.0693933
-0.0764899
0.0748451
0.0664984
0.0567387
0.0482171
0.0402928
0.032144
0.0238055
0.0155123
0.0073079
-0.000850379
-0.00897195
-0.0170337
-0.0250191
-0.0329263
-0.0407535
-0.0484962
-0.0561492
-0.0637546
-0.0712794
-0.0786976
0.080699
0.0717842
0.0615076
0.0526074
0.0442372
0.0355824
0.0267695
0.0180309
0.00937767
0.000766196
-0.00780113
-0.016297
-0.0247058
-0.0330258
-0.0412536
-0.0493832
-0.0574065
-0.065375
-0.0732489
-0.0809985
0.0867006
0.0771881
0.0664402
0.0571767
0.048329
0.0391488
0.0298565
0.0206582
0.0115346
0.0024503
-0.00658015
-0.0155284
-0.0243798
-0.0331316
-0.0417793
-0.0503143
-0.058723
-0.0670688
-0.0753033
-0.0833927
0.0928003
0.0826667
0.0715243
0.0619124
0.0525533
0.0428397
0.0330682
0.0233953
0.0137809
0.00420629
-0.00530432
-0.0147239
-0.0240375
-0.0332402
-0.042325
-0.0512789
-0.0600913
-0.0688342
-0.0774428
-0.0858812
0.0989375
0.0881849
0.0767595
0.0668029
0.0568973
0.0466502
0.0363952
0.0262275
0.0161033
0.00602356
-0.0039824
-0.0138901
-0.0236834
-0.0333564
-0.0429052
-0.0523156
-0.0615395
-0.0706854
-0.0796736
-0.0884672
0.105
0.0936961
0.0821247
0.0718158
0.0613585
0.0506071
0.0398711
0.0291916
0.0185401
0.00793649
-0.00258704
-0.0130054
-0.0232986
-0.0334526
-0.0434556
-0.0532817
-0.0629931
-0.0725981
-0.0819828
-0.0911387
0.110741
0.0992143
0.087642
0.076897
0.0658516
0.0545912
0.0433549
0.0321494
0.020966
0.00983417
-0.00121281
-0.012152
-0.022965
-0.0336472
-0.0442103
-0.0546354
-0.0646593
-0.0746127
-0.0843526
-0.0938669
0.115447
0.104392
0.0932539
0.0822384
0.0707655
0.0590659
0.0473362
0.0356005
0.0238727
0.0121883
0.000591616
-0.0108854
-0.0222144
-0.0333648
-0.0443098
-0.0550998
-0.0660943
-0.0766639
-0.0868317
-0.096724
-0.0547596
-0.0578943
-0.061011
-0.0641077
-0.0671833
-0.0702364
-0.0732649
-0.0762663
-0.0792383
-0.0821789
-0.0850861
-0.0879582
-0.0907935
-0.0935903
-0.0963473
-0.0990628
-0.101736
-0.104366
-0.106953
-0.109496
-0.0549189
-0.0580995
-0.0612639
-0.0644097
-0.0675344
-0.070635
-0.0737086
-0.0767525
-0.0797642
-0.0827411
-0.0856812
-0.0885822
-0.0914424
-0.0942597
-0.0970328
-0.0997595
-0.10244
-0.10507
-0.107654
-0.110191
-0.0552762
-0.0585178
-0.0617413
-0.0649437
-0.0681227
-0.071276
-0.0744009
-0.0774944
-0.0805538
-0.0835768
-0.0865609
-0.0895041
-0.0924043
-0.0952596
-0.0980686
-0.100829
-0.103541
-0.106203
-0.108818
-0.111388
-0.0557559
-0.0590743
-0.0623742
-0.0656529
-0.068908
-0.0721364
-0.0753351
-0.0785011
-0.0816314
-0.0847234
-0.0877748
-0.090783
-0.0937462
-0.0966621
-0.0995295
-0.102346
-0.105112
-0.107824
-0.110491
-0.113115
-0.0563812
-0.0597942
-0.0631874
-0.066558
-0.0699036
-0.0732212
-0.0765078
-0.07976
-0.0829751
-0.0861503
-0.089283
-0.0923709
-0.0954122
-0.0984042
-0.101346
-0.104235
-0.107073
-0.109855
-0.112595
-0.115296
-0.0571251
-0.0606465
-0.064147
-0.067624
-0.071075
-0.0744969
-0.0778866
-0.0812408
-0.0845565
-0.0878309
-0.0910616
-0.094246
-0.0973824
-0.100468
-0.103503
-0.106482
-0.10941
-0.112281
-0.115112
-0.117911
-0.0579889
-0.0616334
-0.0652557
-0.0688533
-0.0724237
-0.0759639
-0.0794707
-0.0829408
-0.0863712
-0.089759
-0.0931019
-0.0963973
-0.0996436
-0.102838
-0.10598
-0.109066
-0.1121
-0.115076
-0.118017
-0.120931
-0.0589639
-0.0627449
-0.0665022
-0.0702335
-0.0739366
-0.0776083
-0.0812455
-0.0848448
-0.0884033
-0.0919182
-0.0953872
-0.0988075
-0.102178
-0.105495
-0.10876
-0.111967
-0.115123
-0.118219
-0.121286
-0.124334
-0.0600478
-0.0639785
-0.0678839
-0.0717618
-0.0756102
-0.0794262
-0.0832064
-0.0869477
-0.0906471
-0.0943019
-0.0979099
-0.101468
-0.104976
-0.10843
-0.111831
-0.115173
-0.118466
-0.121697
-0.124905
-0.128102
-0.0612372
-0.0653304
-0.0693962
-0.0734331
-0.0774391
-0.0814114
-0.0853468
-0.0892421
-0.0930946
-0.0969014
-0.100661
-0.104369
-0.108027
-0.11163
-0.11518
-0.118671
-0.122113
-0.125492
-0.128856
-0.132216
-0.0625306
-0.0667986
-0.071037
-0.0752447
-0.0794201
-0.0835604
-0.0876625
-0.0917233
-0.0957403
-0.0997105
-0.103633
-0.107503
-0.111323
-0.115086
-0.118798
-0.122448
-0.126052
-0.129592
-0.133125
-0.136662
-0.0639266
-0.0683816
-0.0728043
-0.0771943
-0.0815504
-0.0858698
-0.0901496
-0.0943868
-0.098579
-0.102723
-0.106819
-0.110862
-0.114854
-0.118789
-0.122673
-0.126494
-0.130271
-0.133983
-0.137695
-0.141421
-0.0654245
-0.0700781
-0.0746965
-0.0792799
-0.0838275
-0.0883367
-0.0928047
-0.0972284
-0.101606
-0.105934
-0.110213
-0.114439
-0.118613
-0.122729
-0.126794
-0.130796
-0.134756
-0.138649
-0.142552
-0.146477
-0.067025
-0.0718886
-0.0767134
-0.0815007
-0.0862501
-0.0909591
-0.0956248
-0.100245
-0.104817
-0.109338
-0.113809
-0.118226
-0.122591
-0.126896
-0.131152
-0.135343
-0.139494
-0.143577
-0.147679
-0.151812
-0.0687258
-0.0738104
-0.0788525
-0.0838544
-0.0888156
-0.0937339
-0.0986066
-0.103431
-0.108206
-0.112929
-0.117601
-0.122216
-0.126779
-0.131281
-0.135734
-0.140121
-0.144471
-0.14875
-0.153057
-0.157404
-0.0705302
-0.0758454
-0.081115
-0.0863411
-0.0915233
-0.0966596
-0.101747
-0.106785
-0.11177
-0.116702
-0.12158
-0.126401
-0.131167
-0.135873
-0.140529
-0.145116
-0.14967
-0.154149
-0.158667
-0.163231
-0.0724383
-0.0779932
-0.0834999
-0.0889595
-0.0943712
-0.0997335
-0.105044
-0.110301
-0.115503
-0.12065
-0.12574
-0.130771
-0.135746
-0.140659
-0.145522
-0.150314
-0.155074
-0.159757
-0.164489
-0.16927
-0.0744458
-0.0802519
-0.0860053
-0.0917073
-0.0973567
-0.102952
-0.108492
-0.113975
-0.1194
-0.124766
-0.130071
-0.135318
-0.140504
-0.145628
-0.150698
-0.155699
-0.160666
-0.165554
-0.170498
-0.175499
-0.0765538
-0.0826218
-0.088631
-0.0945836
-0.100478
-0.106314
-0.112088
-0.117803
-0.123453
-0.129043
-0.134566
-0.14003
-0.145428
-0.150765
-0.156042
-0.161252
-0.166424
-0.17152
-0.176672
-0.181894
-0.078764
-0.0851033
-0.0913768
-0.0975873
-0.103733
-0.109815
-0.115829
-0.121778
-0.127657
-0.133473
-0.139215
-0.144899
-0.150506
-0.156057
-0.161537
-0.166957
-0.172327
-0.177632
-0.182986
-0.188431
-0.0810755
-0.0876951
-0.094241
-0.100716
-0.10712
-0.113451
-0.119708
-0.125895
-0.132003
-0.138046
-0.144007
-0.14991
-0.155724
-0.161491
-0.167167
-0.172799
-0.178358
-0.183871
-0.189414
-0.195083
-0.083489
-0.0903972
-0.0972227
-0.103969
-0.110634
-0.117219
-0.123721
-0.130146
-0.136485
-0.142753
-0.148928
-0.155048
-0.161061
-0.167043
-0.172905
-0.178754
-0.184489
-0.190215
-0.195931
-0.201819
-0.0860044
-0.093209
-0.100321
-0.107343
-0.114274
-0.121115
-0.127863
-0.134526
-0.141094
-0.147584
-0.153971
-0.1603
-0.166505
-0.172693
-0.178722
-0.184785
-0.190672
-0.196621
-0.202489
-0.2086
-0.0886211
-0.0961294
-0.103533
-0.110836
-0.118035
-0.125134
-0.13213
-0.139029
-0.145824
-0.152533
-0.15913
-0.165666
-0.172061
-0.178448
-0.184632
-0.1909
-0.196899
-0.20307
-0.209041
-0.215389
-0.0913381
-0.0991563
-0.106858
-0.114445
-0.121915
-0.129271
-0.136513
-0.143646
-0.150666
-0.157588
-0.164392
-0.171125
-0.177712
-0.184293
-0.190641
-0.197116
-0.203209
-0.209611
-0.215611
-0.222208
-0.094156
-0.102288
-0.11029
-0.118162
-0.125903
-0.133514
-0.140996
-0.148353
-0.155584
-0.162701
-0.169692
-0.176595
-0.183351
-0.19009
-0.196593
-0.203256
-0.209457
-0.216122
-0.222128
-0.229044
-0.0970792
-0.10553
-0.113832
-0.121986
-0.129992
-0.137849
-0.145559
-0.153125
-0.160549
-0.167838
-0.174987
-0.18202
-0.188902
-0.195735
-0.202344
-0.209108
-0.215398
-0.222306
-0.228329
-0.235728
-0.100101
-0.108885
-0.117499
-0.125946
-0.134224
-0.142336
-0.150284
-0.158071
-0.1657
-0.173177
-0.180502
-0.187688
-0.194719
-0.201653
-0.208376
-0.215187
-0.221541
-0.228587
-0.234545
-0.242504
-0.103192
-0.112336
-0.121301
-0.130082
-0.138678
-0.147091
-0.155326
-0.163386
-0.17128
-0.179011
-0.186586
-0.194011
-0.201284
-0.208424
-0.215374
-0.222292
-0.228801
-0.235832
-0.241732
-0.249979
-0.106379
-0.115836
-0.125113
-0.13419
-0.143058
-0.151717
-0.160175
-0.168438
-0.176516
-0.184417
-0.192151
-0.199724
-0.207147
-0.214422
-0.22154
-0.228535
-0.235238
-0.242073
-0.248074
-0.255991
-0.115826
-0.125469
-0.134522
-0.142743
-0.149913
-0.155861
-0.160429
-0.163487
-0.1649
-0.164588
-0.162504
-0.158683
-0.153176
-0.146126
-0.13768
-0.128095
-0.117612
-0.106568
-0.0952379
-0.0839683
-0.0729908
-0.0625646
-0.0528196
-0.0438692
-0.0356774
-0.0282297
-0.0213348
-0.0149459
-0.00879598
-0.00294841
-0.116556
-0.126246
-0.135309
-0.143513
-0.150654
-0.15657
-0.161101
-0.164111
-0.165464
-0.165086
-0.162932
-0.159041
-0.153464
-0.146344
-0.137831
-0.128185
-0.117648
-0.106557
-0.0951919
-0.0838961
-0.0729047
-0.0624732
-0.0527326
-0.0437896
-0.0356127
-0.0281764
-0.0212983
-0.0149184
-0.0087806
-0.00294288
-0.117891
-0.12769
-0.136771
-0.144943
-0.152034
-0.157893
-0.162354
-0.165273
-0.166514
-0.166012
-0.163729
-0.159708
-0.153999
-0.146749
-0.138113
-0.128352
-0.117713
-0.106536
-0.095105
-0.0837607
-0.0727439
-0.0623022
-0.0525703
-0.0436409
-0.0354923
-0.028077
-0.0212306
-0.0148666
-0.00875242
-0.00293166
-0.119802
-0.129745
-0.138841
-0.146962
-0.153982
-0.15976
-0.16412
-0.166907
-0.167988
-0.16731
-0.164846
-0.160641
-0.154747
-0.147314
-0.138505
-0.128583
-0.117803
-0.106504
-0.094981
-0.0835691
-0.0725173
-0.0620614
-0.0523424
-0.0434319
-0.0353238
-0.0279378
-0.0211364
-0.0147939
-0.00871352
-0.00291524
-0.122226
-0.132342
-0.141445
-0.149495
-0.156426
-0.162102
-0.166332
-0.168948
-0.169824
-0.168927
-0.166237
-0.161801
-0.155675
-0.148015
-0.138989
-0.128866
-0.117909
-0.10646
-0.0948224
-0.0833271
-0.0722323
-0.0617594
-0.0520574
-0.0431708
-0.035114
-0.0277646
-0.0210201
-0.0147033
-0.00866592
-0.00289392
-0.125132
-0.135438
-0.144525
-0.152485
-0.159311
-0.164866
-0.168933
-0.17134
-0.171974
-0.170818
-0.167862
-0.163155
-0.156756
-0.148828
-0.139548
-0.12919
-0.118027
-0.106402
-0.0946314
-0.0830396
-0.0718957
-0.0614038
-0.0517229
-0.0428647
-0.0348691
-0.0275624
-0.0208856
-0.0145973
-0.00861146
-0.00286793
-0.128488
-0.138988
-0.148032
-0.155881
-0.162587
-0.167998
-0.171873
-0.174034
-0.17439
-0.172943
-0.169685
-0.16467
-0.157964
-0.149735
-0.14017
-0.129547
-0.118151
-0.106329
-0.0944096
-0.0827106
-0.0715131
-0.0610012
-0.0513456
-0.04252
-0.0345945
-0.0273358
-0.0207363
-0.0144781
-0.0085518
-0.00283738
-0.132269
-0.142953
-0.15192
-0.159638
-0.166209
-0.171455
-0.175104
-0.176986
-0.177033
-0.175264
-0.171675
-0.166321
-0.159277
-0.150718
-0.140839
-0.129926
-0.118277
-0.106239
-0.0941587
-0.0823441
-0.0710897
-0.0605576
-0.0509313
-0.0421423
-0.034295
-0.0270891
-0.0205753
-0.0143478
-0.0084884
-0.00280239
-0.136452
-0.1473
-0.15615
-0.163716
-0.170136
-0.175192
-0.178584
-0.180155
-0.179866
-0.177749
-0.173801
-0.168083
-0.160674
-0.151761
-0.141545
-0.130321
-0.118399
-0.106133
-0.0938798
-0.0819435
-0.0706302
-0.0600783
-0.0504852
-0.0417368
-0.033975
-0.0268258
-0.0204054
-0.0142084
-0.00842254
-0.00276302
-0.141016
-0.151994
-0.160684
-0.168077
-0.174329
-0.179171
-0.182274
-0.183505
-0.182856
-0.180369
-0.176039
-0.169933
-0.162138
-0.15285
-0.142277
-0.130726
-0.118515
-0.106008
-0.0935746
-0.0815118
-0.0701388
-0.0595682
-0.0500123
-0.0413081
-0.0336383
-0.0265494
-0.0202288
-0.0140615
-0.00835526
-0.00271934
-0.14594
-0.157003
-0.165487
-0.172686
-0.178755
-0.183355
-0.186136
-0.187003
-0.185974
-0.183098
-0.178365
-0.171853
-0.163653
-0.153973
-0.143027
-0.131133
-0.118622
-0.105865
-0.0932445
-0.0810523
-0.0696194
-0.0590317
-0.0495168
-0.0408604
-0.0332882
-0.0262628
-0.0200477
-0.0139088
-0.00828741
-0.00267142
-0.151204
-0.162294
-0.170525
-0.177511
-0.18338
-0.187709
-0.190137
-0.190619
-0.189193
-0.18591
-0.180758
-0.173824
-0.165205
-0.15512
-0.143787
-0.131539
-0.118717
-0.105703
-0.0928909
-0.0805678
-0.0690756
-0.0584731
-0.0490026
-0.0403974
-0.0329277
-0.0259687
-0.0198637
-0.0137519
-0.00821968
-0.00261936
-0.156787
-0.167833
-0.175765
-0.182523
-0.188173
-0.192198
-0.194248
-0.194327
-0.19249
-0.188786
-0.183199
-0.175832
-0.166781
-0.15628
-0.144549
-0.13194
-0.118799
-0.105522
-0.0925154
-0.0800612
-0.0685108
-0.0578962
-0.0484734
-0.0399226
-0.0325597
-0.0256695
-0.0196785
-0.0135921
-0.00815258
-0.00256332
-0.162664
-0.173586
-0.181177
-0.187691
-0.193101
-0.196793
-0.198439
-0.198103
-0.195842
-0.191704
-0.185672
-0.177863
-0.168371
-0.157446
-0.145309
-0.132332
-0.118865
-0.105324
-0.0921197
-0.079535
-0.0679281
-0.0573044
-0.0479323
-0.0394391
-0.0321864
-0.0253674
-0.0194933
-0.0134307
-0.0080865
-0.00250357
-0.168812
-0.179519
-0.186732
-0.192989
-0.198137
-0.201465
-0.202688
-0.201924
-0.199229
-0.194649
-0.188163
-0.179905
-0.169965
-0.158612
-0.146061
-0.132711
-0.118915
-0.105108
-0.0917056
-0.078992
-0.0673306
-0.056701
-0.0473824
-0.0389497
-0.0318101
-0.0250642
-0.0193092
-0.0132687
-0.00802172
-0.00244041
-0.175204
-0.185597
-0.192403
-0.198392
-0.203252
-0.206186
-0.206971
-0.205771
-0.202634
-0.197605
-0.190659
-0.181948
-0.171556
-0.15977
-0.146802
-0.133077
-0.118948
-0.104875
-0.0912747
-0.0784347
-0.0667212
-0.0560892
-0.0468264
-0.0384568
-0.0314327
-0.0247617
-0.0191272
-0.0131072
-0.00795845
-0.00237417
-0.181812
-0.191788
-0.198163
-0.203876
-0.208419
-0.210933
-0.21127
-0.209627
-0.206041
-0.200557
-0.193149
-0.183983
-0.173135
-0.160916
-0.147527
-0.133428
-0.118964
-0.104627
-0.090829
-0.0778657
-0.0661026
-0.0554718
-0.046267
-0.0379629
-0.0310559
-0.0244612
-0.0189481
-0.0129471
-0.00789683
-0.00230523
-0.188603
-0.198058
-0.203988
-0.209417
-0.213613
-0.215684
-0.215566
-0.213475
-0.209436
-0.203495
-0.195622
-0.186002
-0.174697
-0.162045
-0.148235
-0.133762
-0.118963
-0.104364
-0.0903704
-0.0772875
-0.0654776
-0.0548516
-0.0457066
-0.0374702
-0.0306813
-0.0241643
-0.0187725
-0.0127889
-0.00783692
-0.00223399
-0.195541
-0.204377
-0.209857
-0.214992
-0.218811
-0.22042
-0.219843
-0.2173
-0.212806
-0.206406
-0.19807
-0.187997
-0.176237
-0.163153
-0.148922
-0.134078
-0.118945
-0.104088
-0.0899012
-0.0767026
-0.0648488
-0.0542311
-0.0451476
-0.0369806
-0.0303103
-0.0238719
-0.018601
-0.0126335
-0.00777874
-0.00216085
-0.202585
-0.210712
-0.215748
-0.220577
-0.223989
-0.225123
-0.224086
-0.221088
-0.216138
-0.209281
-0.200484
-0.189962
-0.177748
-0.164238
-0.149587
-0.134377
-0.118911
-0.103801
-0.0894234
-0.0761138
-0.0642191
-0.053613
-0.0445923
-0.036496
-0.0299445
-0.0235852
-0.0184341
-0.0124813
-0.00772226
-0.00208623
-0.209691
-0.217036
-0.221638
-0.226146
-0.229128
-0.229777
-0.228279
-0.224825
-0.21942
-0.212109
-0.202856
-0.191889
-0.179227
-0.165295
-0.150229
-0.134656
-0.118862
-0.103503
-0.0889396
-0.0755235
-0.0635911
-0.0529999
-0.0440429
-0.0360183
-0.0295849
-0.023305
-0.0182721
-0.0123327
-0.00766738
-0.00201058
-0.216816
-0.223321
-0.227508
-0.231677
-0.234206
-0.234365
-0.232409
-0.228497
-0.222641
-0.21488
-0.205176
-0.193772
-0.180668
-0.166321
-0.150845
-0.134917
-0.118799
-0.103199
-0.0884524
-0.0749348
-0.0629678
-0.0523944
-0.0435016
-0.0355493
-0.0292329
-0.0230321
-0.0181152
-0.0121881
-0.00761401
-0.00193433
-0.223913
-0.229541
-0.233337
-0.237145
-0.239204
-0.238871
-0.236459
-0.232089
-0.225786
-0.217582
-0.207437
-0.195604
-0.182065
-0.167313
-0.151434
-0.135159
-0.118724
-0.102888
-0.0879645
-0.0743504
-0.0623519
-0.0517989
-0.0429706
-0.0350905
-0.0288896
-0.0227673
-0.0179637
-0.0120478
-0.007562
-0.0018579
-0.230933
-0.235674
-0.239104
-0.242525
-0.244103
-0.243276
-0.240411
-0.235583
-0.228842
-0.220202
-0.209627
-0.197375
-0.183413
-0.168267
-0.151994
-0.135382
-0.118637
-0.102574
-0.0874787
-0.0737734
-0.0617465
-0.0512159
-0.0424519
-0.0346436
-0.0285559
-0.022511
-0.0178175
-0.0119119
-0.0075112
-0.00178173
-0.237828
-0.241696
-0.244786
-0.24779
-0.24888
-0.247559
-0.244241
-0.23896
-0.231791
-0.222727
-0.211733
-0.199076
-0.184705
-0.169178
-0.152524
-0.135586
-0.11854
-0.102259
-0.086998
-0.0732066
-0.0611541
-0.0506479
-0.0419475
-0.0342101
-0.0282327
-0.0222638
-0.0176768
-0.0117806
-0.00746144
-0.00170622
-0.244544
-0.24758
-0.250355
-0.252905
-0.253503
-0.251693
-0.247924
-0.242196
-0.234614
-0.225138
-0.213744
-0.200698
-0.185935
-0.170042
-0.153021
-0.135771
-0.118434
-0.101944
-0.0865249
-0.0726527
-0.0605774
-0.0500968
-0.0414591
-0.0337911
-0.0279209
-0.0220259
-0.0175415
-0.0116539
-0.00741252
-0.00163175
-0.251008
-0.253296
-0.255773
-0.257829
-0.257933
-0.255637
-0.251441
-0.245268
-0.237287
-0.227417
-0.215644
-0.202229
-0.187094
-0.170854
-0.153483
-0.135936
-0.118321
-0.101633
-0.0860624
-0.0721145
-0.0600191
-0.049565
-0.0409886
-0.0333882
-0.0276213
-0.0217979
-0.0174116
-0.0115319
-0.0073644
-0.00155871
-0.257174
-0.25882
-0.261018
-0.262535
-0.262146
-0.25934
-0.254777
-0.248146
-0.239793
-0.229555
-0.217429
-0.203669
-0.188185
-0.17162
-0.153917
-0.136088
-0.118208
-0.101331
-0.085617
-0.0715978
-0.059484
-0.0490561
-0.0405387
-0.0330032
-0.0273353
-0.0215806
-0.0172877
-0.0114152
-0.00731732
-0.00148755
-0.263093
-0.264124
-0.266068
-0.267023
-0.266159
-0.262853
-0.25758
-0.250802
-0.242147
-0.231567
-0.219115
-0.205035
-0.189224
-0.172353
-0.154335
-0.136238
-0.118104
-0.101047
-0.085193
-0.071105
-0.0589731
-0.0485705
-0.0401095
-0.0326357
-0.0270625
-0.0213732
-0.017169
-0.011303
-0.00727081
-0.00141841
-0.268742
-0.268978
-0.270722
-0.27116
-0.269936
-0.266345
-0.261263
-0.253481
-0.244381
-0.233437
-0.220655
-0.206261
-0.190138
-0.172975
-0.154662
-0.136315
-0.117944
-0.100723
-0.0847452
-0.0706006
-0.0584594
-0.0480879
-0.0396853
-0.0322747
-0.0267927
-0.0211678
-0.0170475
-0.0111899
-0.00722065
-0.00135027
-0.273911
-0.272705
-0.274233
-0.274044
-0.272326
-0.268116
-0.262141
-0.254775
-0.245525
-0.234367
-0.221379
-0.206775
-0.19044
-0.173078
-0.154562
-0.13605
-0.117526
-0.100207
-0.0841602
-0.0700011
-0.0578802
-0.0475601
-0.0392268
-0.0318892
-0.0264999
-0.0209437
-0.0169053
-0.0110621
-0.00715826
-0.00127573
-0.27787
-0.277473
-0.278956
-0.277928
-0.275524
-0.270633
-0.264437
-0.2561
-0.246299
-0.234678
-0.221317
-0.206378
-0.189758
-0.17217
-0.153465
-0.134845
-0.11625
-0.0989553
-0.0829652
-0.0689224
-0.0569387
-0.0467686
-0.0385818
-0.0313749
-0.0261244
-0.020663
-0.0167286
-0.0109051
-0.00708233
-0.00119097
-0.282081
-0.281446
-0.282427
-0.280488
-0.277472
-0.271955
-0.265291
-0.256861
-0.246828
-0.234923
-0.221308
-0.206116
-0.189262
-0.171469
-0.152578
-0.133841
-0.115155
-0.0978568
-0.0818897
-0.0679339
-0.0560584
-0.0460189
-0.037961
-0.0308757
-0.0257546
-0.0203837
-0.0165485
-0.0107435
-0.00700166
-0.00110344
-0.286123
-0.285145
-0.285759
-0.283033
-0.279575
-0.273654
-0.26662
-0.257647
-0.247261
-0.235041
-0.221174
-0.205742
-0.188679
-0.17071
-0.151658
-0.132828
-0.114071
-0.0967826
-0.0808482
-0.0669831
-0.0552164
-0.0453035
-0.0373696
-0.0303997
-0.0254015
-0.0201153
-0.0163734
-0.0105849
-0.00692013
-0.00101591
-0.289949
-0.288306
-0.288505
-0.284961
-0.281021
-0.274473
-0.267319
-0.258081
-0.247483
-0.23502
-0.220951
-0.205314
-0.188069
-0.169941
-0.150748
-0.131836
-0.113016
-0.095742
-0.079841
-0.0660662
-0.0544055
-0.0446154
-0.0368012
-0.0299422
-0.0250613
-0.0198551
-0.0162012
-0.0104282
-0.00683737
-0.000928986
-0.293619
-0.290839
-0.29074
-0.28649
-0.282269
-0.275455
-0.267955
-0.258373
-0.247557
-0.234869
-0.220628
-0.204814
-0.187418
-0.169157
-0.149844
-0.130869
-0.111998
-0.0947459
-0.0788804
-0.0651945
-0.0536355
-0.0439621
-0.036261
-0.0295069
-0.0247359
-0.0196039
-0.0160318
-0.0102733
-0.00675295
-0.000843033
-0.296997
-0.292783
-0.292449
-0.287553
-0.283084
-0.275876
-0.268229
-0.258427
-0.247459
-0.234591
-0.220212
-0.204252
-0.186731
-0.168361
-0.148952
-0.12993
-0.111022
-0.0937983
-0.0779711
-0.0643729
-0.0529109
-0.0433479
-0.0357526
-0.0290967
-0.0244272
-0.0193629
-0.0158656
-0.0101208
-0.00666691
-0.000758627
-0.300165
-0.294065
-0.293701
-0.288222
-0.283596
-0.276171
-0.268347
-0.258322
-0.247225
-0.234202
-0.219714
-0.203632
-0.186013
-0.167559
-0.148076
-0.129024
-0.110092
-0.0929047
-0.0771185
-0.0636063
-0.052236
-0.0427762
-0.0352789
-0.0287139
-0.0241367
-0.0191332
-0.015703
-0.00997126
-0.00657949
-0.000676416
-0.302888
-0.294749
-0.294555
-0.288582
-0.283891
-0.276173
-0.268245
-0.258058
-0.246866
-0.233718
-0.219146
-0.202966
-0.185273
-0.166756
-0.147222
-0.128156
-0.109215
-0.0920692
-0.0763269
-0.0628986
-0.0516143
-0.0422501
-0.0348424
-0.0283607
-0.0238658
-0.0189159
-0.0155446
-0.00982553
-0.00649106
-0.000597053
-0.304769
-0.295031
-0.295107
-0.288646
-0.283937
-0.276017
-0.268013
-0.257677
-0.246414
-0.233159
-0.218525
-0.202267
-0.184523
-0.165962
-0.146396
-0.12733
-0.108392
-0.0912953
-0.0755998
-0.0622529
-0.0510485
-0.0417718
-0.034445
-0.0280388
-0.0236158
-0.0187121
-0.0153913
-0.00968452
-0.00640224
-0.000521193
-0.305784
-0.295059
-0.295391
-0.288506
-0.283842
-0.275703
-0.267664
-0.257202
-0.245893
-0.232549
-0.217869
-0.201551
-0.183773
-0.165184
-0.145605
-0.126551
-0.10763
-0.0905856
-0.0749393
-0.0616708
-0.05054
-0.0413426
-0.0340879
-0.0277493
-0.0233878
-0.018523
-0.0152441
-0.00954932
-0.0063139
-0.000449482
-0.30612
-0.294939
-0.295448
-0.288222
-0.283607
-0.275296
-0.267242
-0.256669
-0.245327
-0.231909
-0.217198
-0.200834
-0.183036
-0.164434
-0.144856
-0.125825
-0.10693
-0.089942
-0.0743466
-0.061153
-0.0500893
-0.0409631
-0.0337717
-0.0274928
-0.0231826
-0.0183496
-0.0151043
-0.00942122
-0.00622715
-0.000382556
-0.306066
-0.294672
-0.295364
-0.287822
-0.2833
-0.274823
-0.266769
-0.256107
-0.24474
-0.231265
-0.216531
-0.200134
-0.182327
-0.163722
-0.144156
-0.125155
-0.106295
-0.0893656
-0.0738221
-0.0606991
-0.0496958
-0.0406328
-0.033496
-0.0272695
-0.0230007
-0.018193
-0.0149735
-0.00930166
-0.00614339
-0.000321033
-0.305643
-0.294359
-0.295122
-0.287384
-0.282933
-0.274318
-0.266293
-0.255535
-0.244165
-0.230633
-0.215886
-0.199466
-0.181661
-0.163059
-0.143514
-0.124548
-0.105729
-0.0888575
-0.0733654
-0.060308
-0.0493584
-0.0403505
-0.0332602
-0.0270788
-0.0228423
-0.0180541
-0.0148534
-0.00919216
-0.00606424
-0.000265512
-0.304938
-0.294086
-0.294756
-0.286973
-0.282505
-0.273853
-0.265789
-0.255008
-0.243605
-0.23005
-0.215291
-0.198852
-0.181047
-0.162458
-0.142939
-0.124011
-0.105234
-0.0884184
-0.0729758
-0.059978
-0.0490751
-0.0401145
-0.0330629
-0.0269196
-0.0227075
-0.0179338
-0.0147457
-0.00909435
-0.0059915
-0.000216569
-0.304216
-0.293695
-0.294408
-0.286536
-0.282118
-0.273394
-0.265343
-0.254515
-0.243103
-0.22952
-0.214751
-0.198306
-0.180513
-0.161933
-0.142438
-0.123548
-0.104814
-0.0880494
-0.0726525
-0.0597072
-0.0488438
-0.0399227
-0.0329024
-0.0267905
-0.0225961
-0.0178327
-0.0146524
-0.00900982
-0.00592704
-0.000174756
-0.303505
-0.293318
-0.294077
-0.28615
-0.281757
-0.273
-0.264948
-0.254094
-0.242672
-0.229071
-0.214297
-0.197844
-0.180059
-0.161492
-0.142027
-0.123166
-0.104472
-0.0877517
-0.0723948
-0.0594936
-0.0486623
-0.0397728
-0.0327769
-0.0266898
-0.0225076
-0.0177513
-0.0145752
-0.0089401
-0.00587273
-0.000140583
-0.302888
-0.292973
-0.293805
-0.285824
-0.281481
-0.27268
-0.264635
-0.253758
-0.242332
-0.228717
-0.213939
-0.197483
-0.179707
-0.161148
-0.141708
-0.122874
-0.104209
-0.0875267
-0.0722019
-0.0593356
-0.0485287
-0.0396628
-0.0326845
-0.026616
-0.0224416
-0.01769
-0.0145158
-0.00888656
-0.0058303
-0.000114504
-0.302437
-0.292718
-0.29361
-0.285593
-0.281277
-0.272456
-0.264416
-0.253526
-0.242096
-0.228474
-0.213694
-0.197235
-0.179465
-0.160914
-0.141489
-0.122673
-0.104033
-0.0873758
-0.0720737
-0.0592317
-0.0484411
-0.0395908
-0.0326238
-0.0265673
-0.0223977
-0.0176489
-0.0144754
-0.00885029
-0.00580118
-9.68945e-05
-0.302196
-0.292581
-0.293509
-0.285471
-0.281175
-0.27234
-0.264304
-0.253407
-0.241977
-0.22835
-0.213569
-0.197109
-0.179342
-0.160794
-0.141377
-0.12257
-0.103944
-0.0872999
-0.0720101
-0.0591809
-0.0483985
-0.0395555
-0.0325935
-0.0265428
-0.0223755
-0.0176282
-0.014455
-0.00883209
-0.00578641
-8.80211e-05
)
;

boundaryField
{
    inlet
    {
        type            zeroGradient;
    }
    outlet
    {
        type            fixedValue;
        value           uniform 0;
    }
    cylinder
    {
        type            zeroGradient;
    }
    top
    {
        type            symmetryPlane;
    }
    bottom
    {
        type            symmetryPlane;
    }
    defaultFaces
    {
        type            empty;
    }
}


// ************************************************************************* //
